time_s,wall_time_s,cycle_period_s,compute_time_s,dt_s,state,fault_bits,fault_reason,message_age_s,input_timestamp_s,master_sequence,master_raw.position[0],master_raw.position[1],master_raw.position[2],master_raw.orientation_xyzw[0],master_raw.orientation_xyzw[1],master_raw.orientation_xyzw[2],master_raw.orientation_xyzw[3],master_filtered.position[0],master_filtered.position[1],master_filtered.position[2],master_filtered.orientation_xyzw[0],master_filtered.orientation_xyzw[1],master_filtered.orientation_xyzw[2],master_filtered.orientation_xyzw[3],mapped_flange.position[0],mapped_flange.position[1],mapped_flange.position[2],mapped_flange.orientation_xyzw[0],mapped_flange.orientation_xyzw[1],mapped_flange.orientation_xyzw[2],mapped_flange.orientation_xyzw[3],limited_flange.position[0],limited_flange.position[1],limited_flange.position[2],limited_flange.orientation_xyzw[0],limited_flange.orientation_xyzw[1],limited_flange.orientation_xyzw[2],limited_flange.orientation_xyzw[3],target_flange.position[0],target_flange.position[1],target_flange.position[2],target_flange.orientation_xyzw[0],target_flange.orientation_xyzw[1],target_flange.orientation_xyzw[2],target_flange.orientation_xyzw[3],actual_flange.position[0],actual_flange.position[1],actual_flange.position[2],actual_flange.orientation_xyzw[0],actual_flange.orientation_xyzw[1],actual_flange.orientation_xyzw[2],actual_flange.orientation_xyzw[3],true_flange.position[0],true_flange.position[1],true_flange.position[2],true_flange.orientation_xyzw[0],true_flange.orientation_xyzw[1],true_flange.orientation_xyzw[2],true_flange.orientation_xyzw[3],target_joints_rad[0],target_joints_rad[1],target_joints_rad[2],target_joints_rad[3],target_joints_rad[4],target_joints_rad[5],actual_joints_rad[0],actual_joints_rad[1],actual_joints_rad[2],actual_joints_rad[3],actual_joints_rad[4],actual_joints_rad[5],true_joints_rad[0],true_joints_rad[1],true_joints_rad[2],true_joints_rad[3],true_joints_rad[4],true_joints_rad[5],actual_joint_velocity_rad_s[0],actual_joint_velocity_rad_s[1],actual_joint_velocity_rad_s[2],actual_joint_velocity_rad_s[3],actual_joint_velocity_rad_s[4],actual_joint_velocity_rad_s[5],actual_joint_acceleration_rad_s2[0],actual_joint_acceleration_rad_s2[1],actual_joint_acceleration_rad_s2[2],actual_joint_acceleration_rad_s2[3],actual_joint_acceleration_rad_s2[4],actual_joint_acceleration_rad_s2[5],grasp,deadman,clutch,validity_flags,ik_attempted,ik_success,ik_time_s,ik_evaluations,ik_position_error_m,ik_orientation_error_rad,ik_message,command_accepted,feedback_available,feedback_age_s,joint_tracking_error_rad,joint_target_scale,position_error_m,orientation_error_rad,mapped_position_error_m,mapped_orientation_error_rad
0.01,1786132506.01191,1.200000406242907e-05,0.003458400009549223,0.01,READY,0,waiting for deadman,0.0,0.01,1,0.0,0.0,0.0,0.0,0.0,0.0,1.0,0.0,0.0,0.0,0.0,0.0,0.0,1.0,-0.016000000000000007,-0.22496149868535165,0.2802328425555495,-0.1305261922200515,0.0,0.0,0.9914448613738105,-0.016000000000000007,-0.22496149868535165,0.2802328425555495,-0.1305261922200515,0.0,0.0,0.9914448613738105,-0.016000000000000007,-0.22496149868535165,0.2802328425555495,-0.1305261922200515,0.0,0.0,0.9914448613738105,-0.016000000000000007,-0.22496149868535165,0.2802328425555495,-0.1305261922200515,0.0,0.0,0.9914448613738105,-0.016000000000000007,-0.22496149868535165,0.2802328425555495,-0.1305261922200515,0.0,0.0,0.9914448613738105,0.0,-0.5235987755982988,0.7853981633974483,0.0,0.5235987755982988,0.0,0.0,-0.5235987755982988,0.7853981633974483,0.0,0.5235987755982988,0.0,0.0,-0.5235987755982988,0.7853981633974483,0.0,0.5235987755982988,0.0,0.0,0.0,0.0,0.0,0.0,0.0,0.0,0.0,0.0,0.0,0.0,0.0,0.0,False,False,1,False,,0.0,0,,,,True,True,0.01,0.0,1.0,0.0,0.0,0.0,0.0
0.02,1786132506.015628,0.0038619999977527186,0.003313999986858107,0.01,READY,0,waiting for deadman,0.0,0.02,2,0.0,0.0,0.0,0.0,0.0,0.0,1.0,0.0,0.0,0.0,0.0,0.0,0.0,1.0,-0.016000000000000007,-0.22496149868535165,0.2802328425555495,-0.1305261922200515,0.0,0.0,0.9914448613738105,-0.016000000000000007,-0.22496149868535165,0.2802328425555495,-0.1305261922200515,0.0,0.0,0.9914448613738105,-0.016000000000000007,-0.22496149868535165,0.2802328425555495,-0.1305261922200515,0.0,0.0,0.9914448613738105,-0.016000000000000007,-0.22496149868535165,0.2802328425555495,-0.1305261922200515,0.0,0.0,0.9914448613738105,-0.016000000000000007,-0.22496149868535165,0.2802328425555495,-0.1305261922200515,0.0,0.0,0.9914448613738105,0.0,-0.5235987755982988,0.7853981633974483,0.0,0.5235987755982988,0.0,0.0,-0.5235987755982988,0.7853981633974483,0.0,0.5235987755982988,0.0,0.0,-0.5235987755982988,0.7853981633974483,0.0,0.5235987755982988,0.0,0.0,0.0,0.0,0.0,0.0,0.0,0.0,0.0,0.0,0.0,0.0,0.0,0.0,False,False,1,False,,0.0,0,,,,True,True,0.01,0.0,1.0,0.0,0.0,0.0,0.0
0.03,1786132506.0184414,0.003522700004396029,0.002604799999971874,0.01,READY,0,waiting for deadman,0.0,0.03,3,0.0,0.0,0.0,0.0,0.0,0.0,1.0,0.0,0.0,0.0,0.0,0.0,0.0,1.0,-0.016000000000000007,-0.22496149868535165,0.2802328425555495,-0.1305261922200515,0.0,0.0,0.9914448613738105,-0.016000000000000007,-0.22496149868535165,0.2802328425555495,-0.1305261922200515,0.0,0.0,0.9914448613738105,-0.016000000000000007,-0.22496149868535165,0.2802328425555495,-0.1305261922200515,0.0,0.0,0.9914448613738105,-0.016000000000000007,-0.22496149868535165,0.2802328425555495,-0.1305261922200515,0.0,0.0,0.9914448613738105,-0.016000000000000007,-0.22496149868535165,0.2802328425555495,-0.1305261922200515,0.0,0.0,0.9914448613738105,0.0,-0.5235987755982988,0.7853981633974483,0.0,0.5235987755982988,0.0,0.0,-0.5235987755982988,0.7853981633974483,0.0,0.5235987755982988,0.0,0.0,-0.5235987755982988,0.7853981633974483,0.0,0.5235987755982988,0.0,0.0,0.0,0.0,0.0,0.0,0.0,0.0,0.0,0.0,0.0,0.0,0.0,0.0,False,False,1,False,,0.0,0,,,,True,True,0.009999999999999998,0.0,1.0,0.0,0.0,0.0,0.0
0.04,1786132506.0211427,0.0027817999944090843,0.0025242999981855974,0.01,READY,0,waiting for deadman,0.0,0.04,4,0.0,0.0,0.0,0.0,0.0,0.0,1.0,0.0,0.0,0.0,0.0,0.0,0.0,1.0,-0.016000000000000007,-0.22496149868535165,0.2802328425555495,-0.1305261922200515,0.0,0.0,0.9914448613738105,-0.016000000000000007,-0.22496149868535165,0.2802328425555495,-0.1305261922200515,0.0,0.0,0.9914448613738105,-0.016000000000000007,-0.22496149868535165,0.2802328425555495,-0.1305261922200515,0.0,0.0,0.9914448613738105,-0.016000000000000007,-0.22496149868535165,0.2802328425555495,-0.1305261922200515,0.0,0.0,0.9914448613738105,-0.016000000000000007,-0.22496149868535165,0.2802328425555495,-0.1305261922200515,0.0,0.0,0.9914448613738105,0.0,-0.5235987755982988,0.7853981633974483,0.0,0.5235987755982988,0.0,0.0,-0.5235987755982988,0.7853981633974483,0.0,0.5235987755982988,0.0,0.0,-0.5235987755982988,0.7853981633974483,0.0,0.5235987755982988,0.0,0.0,0.0,0.0,0.0,0.0,0.0,0.0,0.0,0.0,0.0,0.0,0.0,0.0,False,False,1,False,,0.0,0,,,,True,True,0.010000000000000002,0.0,1.0,0.0,0.0,0.0,0.0
0.05,1786132506.024307,0.002700800003367476,0.002988099993672222,0.01,READY,0,waiting for deadman,0.0,0.05,5,0.0,0.0,0.0,0.0,0.0,0.0,1.0,0.0,0.0,0.0,0.0,0.0,0.0,1.0,-0.016000000000000007,-0.22496149868535165,0.2802328425555495,-0.1305261922200515,0.0,0.0,0.9914448613738105,-0.016000000000000007,-0.22496149868535165,0.2802328425555495,-0.1305261922200515,0.0,0.0,0.9914448613738105,-0.016000000000000007,-0.22496149868535165,0.2802328425555495,-0.1305261922200515,0.0,0.0,0.9914448613738105,-0.016000000000000007,-0.22496149868535165,0.2802328425555495,-0.1305261922200515,0.0,0.0,0.9914448613738105,-0.016000000000000007,-0.22496149868535165,0.2802328425555495,-0.1305261922200515,0.0,0.0,0.9914448613738105,0.0,-0.5235987755982988,0.7853981633974483,0.0,0.5235987755982988,0.0,0.0,-0.5235987755982988,0.7853981633974483,0.0,0.5235987755982988,0.0,0.0,-0.5235987755982988,0.7853981633974483,0.0,0.5235987755982988,0.0,0.0,0.0,0.0,0.0,0.0,0.0,0.0,0.0,0.0,0.0,0.0,0.0,0.0,False,False,1,False,,0.0,0,,,,True,True,0.010000000000000002,0.0,1.0,0.0,0.0,0.0,0.0
0.060000000000000005,1786132506.0273745,0.003190799994627014,0.0028645999991567805,0.01,READY,0,waiting for deadman,0.0,0.060000000000000005,6,0.0,0.0,0.0,0.0,0.0,0.0,1.0,0.0,0.0,0.0,0.0,0.0,0.0,1.0,-0.016000000000000007,-0.22496149868535165,0.2802328425555495,-0.1305261922200515,0.0,0.0,0.9914448613738105,-0.016000000000000007,-0.22496149868535165,0.2802328425555495,-0.1305261922200515,0.0,0.0,0.9914448613738105,-0.016000000000000007,-0.22496149868535165,0.2802328425555495,-0.1305261922200515,0.0,0.0,0.9914448613738105,-0.016000000000000007,-0.22496149868535165,0.2802328425555495,-0.1305261922200515,0.0,0.0,0.9914448613738105,-0.016000000000000007,-0.22496149868535165,0.2802328425555495,-0.1305261922200515,0.0,0.0,0.9914448613738105,0.0,-0.5235987755982988,0.7853981633974483,0.0,0.5235987755982988,0.0,0.0,-0.5235987755982988,0.7853981633974483,0.0,0.5235987755982988,0.0,0.0,-0.5235987755982988,0.7853981633974483,0.0,0.5235987755982988,0.0,0.0,0.0,0.0,0.0,0.0,0.0,0.0,0.0,0.0,0.0,0.0,0.0,0.0,False,False,1,False,,0.0,0,,,,True,True,0.010000000000000002,0.0,1.0,0.0,0.0,0.0,0.0
0.07,1786132506.0304387,0.0032041000085882843,0.0027246000099694356,0.01,READY,0,waiting for deadman,0.0,0.07,7,0.0,0.0,0.0,0.0,0.0,0.0,1.0,0.0,0.0,0.0,0.0,0.0,0.0,1.0,-0.016000000000000007,-0.22496149868535165,0.2802328425555495,-0.1305261922200515,0.0,0.0,0.9914448613738105,-0.016000000000000007,-0.22496149868535165,0.2802328425555495,-0.1305261922200515,0.0,0.0,0.9914448613738105,-0.016000000000000007,-0.22496149868535165,0.2802328425555495,-0.1305261922200515,0.0,0.0,0.9914448613738105,-0.016000000000000007,-0.22496149868535165,0.2802328425555495,-0.1305261922200515,0.0,0.0,0.9914448613738105,-0.016000000000000007,-0.22496149868535165,0.2802328425555495,-0.1305261922200515,0.0,0.0,0.9914448613738105,0.0,-0.5235987755982988,0.7853981633974483,0.0,0.5235987755982988,0.0,0.0,-0.5235987755982988,0.7853981633974483,0.0,0.5235987755982988,0.0,0.0,-0.5235987755982988,0.7853981633974483,0.0,0.5235987755982988,0.0,0.0,0.0,0.0,0.0,0.0,0.0,0.0,0.0,0.0,0.0,0.0,0.0,0.0,False,False,1,False,,0.0,0,,,,True,True,0.010000000000000002,0.0,1.0,0.0,0.0,0.0,0.0
0.08,1786132506.0331812,0.0029103999986546114,0.002556799998274073,0.01,READY,0,waiting for deadman,0.0,0.08,8,0.0,0.0,0.0,0.0,0.0,0.0,1.0,0.0,0.0,0.0,0.0,0.0,0.0,1.0,-0.016000000000000007,-0.22496149868535165,0.2802328425555495,-0.1305261922200515,0.0,0.0,0.9914448613738105,-0.016000000000000007,-0.22496149868535165,0.2802328425555495,-0.1305261922200515,0.0,0.0,0.9914448613738105,-0.016000000000000007,-0.22496149868535165,0.2802328425555495,-0.1305261922200515,0.0,0.0,0.9914448613738105,-0.016000000000000007,-0.22496149868535165,0.2802328425555495,-0.1305261922200515,0.0,0.0,0.9914448613738105,-0.016000000000000007,-0.22496149868535165,0.2802328425555495,-0.1305261922200515,0.0,0.0,0.9914448613738105,0.0,-0.5235987755982988,0.7853981633974483,0.0,0.5235987755982988,0.0,0.0,-0.5235987755982988,0.7853981633974483,0.0,0.5235987755982988,0.0,0.0,-0.5235987755982988,0.7853981633974483,0.0,0.5235987755982988,0.0,0.0,0.0,0.0,0.0,0.0,0.0,0.0,0.0,0.0,0.0,0.0,0.0,0.0,False,False,1,False,,0.0,0,,,,True,True,0.009999999999999995,0.0,1.0,0.0,0.0,0.0,0.0
0.09,1786132506.0358794,0.002735200003371574,0.002519800007576123,0.01,READY,0,waiting for deadman,0.0,0.09,9,0.0,0.0,0.0,0.0,0.0,0.0,1.0,0.0,0.0,0.0,0.0,0.0,0.0,1.0,-0.016000000000000007,-0.22496149868535165,0.2802328425555495,-0.1305261922200515,0.0,0.0,0.9914448613738105,-0.016000000000000007,-0.22496149868535165,0.2802328425555495,-0.1305261922200515,0.0,0.0,0.9914448613738105,-0.016000000000000007,-0.22496149868535165,0.2802328425555495,-0.1305261922200515,0.0,0.0,0.9914448613738105,-0.016000000000000007,-0.22496149868535165,0.2802328425555495,-0.1305261922200515,0.0,0.0,0.9914448613738105,-0.016000000000000007,-0.22496149868535165,0.2802328425555495,-0.1305261922200515,0.0,0.0,0.9914448613738105,0.0,-0.5235987755982988,0.7853981633974483,0.0,0.5235987755982988,0.0,0.0,-0.5235987755982988,0.7853981633974483,0.0,0.5235987755982988,0.0,0.0,-0.5235987755982988,0.7853981633974483,0.0,0.5235987755982988,0.0,0.0,0.0,0.0,0.0,0.0,0.0,0.0,0.0,0.0,0.0,0.0,0.0,0.0,False,False,1,False,,0.0,0,,,,True,True,0.009999999999999995,0.0,1.0,0.0,0.0,0.0,0.0
0.09999999999999999,1786132506.039089,0.0026937999937217683,0.0030358999938471243,0.01,READY,0,waiting for deadman,0.0,0.09999999999999999,10,0.0,0.0,0.0,0.0,0.0,0.0,1.0,0.0,0.0,0.0,0.0,0.0,0.0,1.0,-0.016000000000000007,-0.22496149868535165,0.2802328425555495,-0.1305261922200515,0.0,0.0,0.9914448613738105,-0.016000000000000007,-0.22496149868535165,0.2802328425555495,-0.1305261922200515,0.0,0.0,0.9914448613738105,-0.016000000000000007,-0.22496149868535165,0.2802328425555495,-0.1305261922200515,0.0,0.0,0.9914448613738105,-0.016000000000000007,-0.22496149868535165,0.2802328425555495,-0.1305261922200515,0.0,0.0,0.9914448613738105,-0.016000000000000007,-0.22496149868535165,0.2802328425555495,-0.1305261922200515,0.0,0.0,0.9914448613738105,0.0,-0.5235987755982988,0.7853981633974483,0.0,0.5235987755982988,0.0,0.0,-0.5235987755982988,0.7853981633974483,0.0,0.5235987755982988,0.0,0.0,-0.5235987755982988,0.7853981633974483,0.0,0.5235987755982988,0.0,0.0,0.0,0.0,0.0,0.0,0.0,0.0,0.0,0.0,0.0,0.0,0.0,0.0,False,False,1,False,,0.0,0,,,,True,True,0.009999999999999995,0.0,1.0,0.0,0.0,0.0,0.0
0.10999999999999999,1786132506.0442185,0.003364999996847473,0.004800199996680021,0.01,READY,0,waiting for deadman,0.0,0.10999999999999999,11,0.0,0.0,0.0,0.0,0.0,0.0,1.0,0.0,0.0,0.0,0.0,0.0,0.0,1.0,-0.016000000000000007,-0.22496149868535165,0.2802328425555495,-0.1305261922200515,0.0,0.0,0.9914448613738105,-0.016000000000000007,-0.22496149868535165,0.2802328425555495,-0.1305261922200515,0.0,0.0,0.9914448613738105,-0.016000000000000007,-0.22496149868535165,0.2802328425555495,-0.1305261922200515,0.0,0.0,0.9914448613738105,-0.016000000000000007,-0.22496149868535165,0.2802328425555495,-0.1305261922200515,0.0,0.0,0.9914448613738105,-0.016000000000000007,-0.22496149868535165,0.2802328425555495,-0.1305261922200515,0.0,0.0,0.9914448613738105,0.0,-0.5235987755982988,0.7853981633974483,0.0,0.5235987755982988,0.0,0.0,-0.5235987755982988,0.7853981633974483,0.0,0.5235987755982988,0.0,0.0,-0.5235987755982988,0.7853981633974483,0.0,0.5235987755982988,0.0,0.0,0.0,0.0,0.0,0.0,0.0,0.0,0.0,0.0,0.0,0.0,0.0,0.0,False,False,1,False,,0.0,0,,,,True,True,0.009999999999999995,0.0,1.0,0.0,0.0,0.0,0.0
0.11999999999999998,1786132506.0491776,0.005121100010001101,0.004637599995476194,0.01,READY,0,waiting for deadman,0.0,0.11999999999999998,12,0.0,0.0,0.0,0.0,0.0,0.0,1.0,0.0,0.0,0.0,0.0,0.0,0.0,1.0,-0.016000000000000007,-0.22496149868535165,0.2802328425555495,-0.1305261922200515,0.0,0.0,0.9914448613738105,-0.016000000000000007,-0.22496149868535165,0.2802328425555495,-0.1305261922200515,0.0,0.0,0.9914448613738105,-0.016000000000000007,-0.22496149868535165,0.2802328425555495,-0.1305261922200515,0.0,0.0,0.9914448613738105,-0.016000000000000007,-0.22496149868535165,0.2802328425555495,-0.1305261922200515,0.0,0.0,0.9914448613738105,-0.016000000000000007,-0.22496149868535165,0.2802328425555495,-0.1305261922200515,0.0,0.0,0.9914448613738105,0.0,-0.5235987755982988,0.7853981633974483,0.0,0.5235987755982988,0.0,0.0,-0.5235987755982988,0.7853981633974483,0.0,0.5235987755982988,0.0,0.0,-0.5235987755982988,0.7853981633974483,0.0,0.5235987755982988,0.0,0.0,0.0,0.0,0.0,0.0,0.0,0.0,0.0,0.0,0.0,0.0,0.0,0.0,False,False,1,False,,0.0,0,,,,True,True,0.009999999999999995,0.0,1.0,0.0,0.0,0.0,0.0
0.12999999999999998,1786132506.0539944,0.004941499995766208,0.004513299994869158,0.01,READY,0,waiting for deadman,0.0,0.12999999999999998,13,0.0,0.0,0.0,0.0,0.0,0.0,1.0,0.0,0.0,0.0,0.0,0.0,0.0,1.0,-0.016000000000000007,-0.22496149868535165,0.2802328425555495,-0.1305261922200515,0.0,0.0,0.9914448613738105,-0.016000000000000007,-0.22496149868535165,0.2802328425555495,-0.1305261922200515,0.0,0.0,0.9914448613738105,-0.016000000000000007,-0.22496149868535165,0.2802328425555495,-0.1305261922200515,0.0,0.0,0.9914448613738105,-0.016000000000000007,-0.22496149868535165,0.2802328425555495,-0.1305261922200515,0.0,0.0,0.9914448613738105,-0.016000000000000007,-0.22496149868535165,0.2802328425555495,-0.1305261922200515,0.0,0.0,0.9914448613738105,0.0,-0.5235987755982988,0.7853981633974483,0.0,0.5235987755982988,0.0,0.0,-0.5235987755982988,0.7853981633974483,0.0,0.5235987755982988,0.0,0.0,-0.5235987755982988,0.7853981633974483,0.0,0.5235987755982988,0.0,0.0,0.0,0.0,0.0,0.0,0.0,0.0,0.0,0.0,0.0,0.0,0.0,0.0,False,False,1,False,,0.0,0,,,,True,True,0.009999999999999995,0.0,1.0,0.0,0.0,0.0,0.0
0.13999999999999999,1786132506.0593731,0.004819499998120591,0.005073299995274283,0.01,READY,0,waiting for deadman,0.0,0.13999999999999999,14,0.0,0.0,0.0,0.0,0.0,0.0,1.0,0.0,0.0,0.0,0.0,0.0,0.0,1.0,-0.016000000000000007,-0.22496149868535165,0.2802328425555495,-0.1305261922200515,0.0,0.0,0.9914448613738105,-0.016000000000000007,-0.22496149868535165,0.2802328425555495,-0.1305261922200515,0.0,0.0,0.9914448613738105,-0.016000000000000007,-0.22496149868535165,0.2802328425555495,-0.1305261922200515,0.0,0.0,0.9914448613738105,-0.016000000000000007,-0.22496149868535165,0.2802328425555495,-0.1305261922200515,0.0,0.0,0.9914448613738105,-0.016000000000000007,-0.22496149868535165,0.2802328425555495,-0.1305261922200515,0.0,0.0,0.9914448613738105,0.0,-0.5235987755982988,0.7853981633974483,0.0,0.5235987755982988,0.0,0.0,-0.5235987755982988,0.7853981633974483,0.0,0.5235987755982988,0.0,0.0,-0.5235987755982988,0.7853981633974483,0.0,0.5235987755982988,0.0,0.0,0.0,0.0,0.0,0.0,0.0,0.0,0.0,0.0,0.0,0.0,0.0,0.0,False,False,1,False,,0.0,0,,,,True,True,0.010000000000000009,0.0,1.0,0.0,0.0,0.0,0.0
0.15,1786132506.0632582,0.005482399996253662,0.00347509999119211,0.01,READY,0,waiting for deadman,0.0,0.15,15,0.0,0.0,0.0,0.0,0.0,0.0,1.0,0.0,0.0,0.0,0.0,0.0,0.0,1.0,-0.016000000000000007,-0.22496149868535165,0.2802328425555495,-0.1305261922200515,0.0,0.0,0.9914448613738105,-0.016000000000000007,-0.22496149868535165,0.2802328425555495,-0.1305261922200515,0.0,0.0,0.9914448613738105,-0.016000000000000007,-0.22496149868535165,0.2802328425555495,-0.1305261922200515,0.0,0.0,0.9914448613738105,-0.016000000000000007,-0.22496149868535165,0.2802328425555495,-0.1305261922200515,0.0,0.0,0.9914448613738105,-0.016000000000000007,-0.22496149868535165,0.2802328425555495,-0.1305261922200515,0.0,0.0,0.9914448613738105,0.0,-0.5235987755982988,0.7853981633974483,0.0,0.5235987755982988,0.0,0.0,-0.5235987755982988,0.7853981633974483,0.0,0.5235987755982988,0.0,0.0,-0.5235987755982988,0.7853981633974483,0.0,0.5235987755982988,0.0,0.0,0.0,0.0,0.0,0.0,0.0,0.0,0.0,0.0,0.0,0.0,0.0,0.0,False,False,1,False,,0.0,0,,,,True,True,0.010000000000000009,0.0,1.0,0.0,0.0,0.0,0.0
0.16,1786132506.0661588,0.003683400005684234,0.0026923999976133928,0.01,READY,0,waiting for deadman,0.0,0.16,16,0.0,0.0,0.0,0.0,0.0,0.0,1.0,0.0,0.0,0.0,0.0,0.0,0.0,1.0,-0.016000000000000007,-0.22496149868535165,0.2802328425555495,-0.1305261922200515,0.0,0.0,0.9914448613738105,-0.016000000000000007,-0.22496149868535165,0.2802328425555495,-0.1305261922200515,0.0,0.0,0.9914448613738105,-0.016000000000000007,-0.22496149868535165,0.2802328425555495,-0.1305261922200515,0.0,0.0,0.9914448613738105,-0.016000000000000007,-0.22496149868535165,0.2802328425555495,-0.1305261922200515,0.0,0.0,0.9914448613738105,-0.016000000000000007,-0.22496149868535165,0.2802328425555495,-0.1305261922200515,0.0,0.0,0.9914448613738105,0.0,-0.5235987755982988,0.7853981633974483,0.0,0.5235987755982988,0.0,0.0,-0.5235987755982988,0.7853981633974483,0.0,0.5235987755982988,0.0,0.0,-0.5235987755982988,0.7853981633974483,0.0,0.5235987755982988,0.0,0.0,0.0,0.0,0.0,0.0,0.0,0.0,0.0,0.0,0.0,0.0,0.0,0.0,False,False,1,False,,0.0,0,,,,True,True,0.010000000000000009,0.0,1.0,0.0,0.0,0.0,0.0
0.17,1786132506.0689635,0.0028750999917974696,0.0026218999992124736,0.01,READY,0,waiting for deadman,0.0,0.17,17,0.0,0.0,0.0,0.0,0.0,0.0,1.0,0.0,0.0,0.0,0.0,0.0,0.0,1.0,-0.016000000000000007,-0.22496149868535165,0.2802328425555495,-0.1305261922200515,0.0,0.0,0.9914448613738105,-0.016000000000000007,-0.22496149868535165,0.2802328425555495,-0.1305261922200515,0.0,0.0,0.9914448613738105,-0.016000000000000007,-0.22496149868535165,0.2802328425555495,-0.1305261922200515,0.0,0.0,0.9914448613738105,-0.016000000000000007,-0.22496149868535165,0.2802328425555495,-0.1305261922200515,0.0,0.0,0.9914448613738105,-0.016000000000000007,-0.22496149868535165,0.2802328425555495,-0.1305261922200515,0.0,0.0,0.9914448613738105,0.0,-0.5235987755982988,0.7853981633974483,0.0,0.5235987755982988,0.0,0.0,-0.5235987755982988,0.7853981633974483,0.0,0.5235987755982988,0.0,0.0,-0.5235987755982988,0.7853981633974483,0.0,0.5235987755982988,0.0,0.0,0.0,0.0,0.0,0.0,0.0,0.0,0.0,0.0,0.0,0.0,0.0,0.0,False,False,1,False,,0.0,0,,,,True,True,0.010000000000000009,0.0,1.0,0.0,0.0,0.0,0.0
0.18000000000000002,1786132506.0717158,0.00281360000371933,0.0025606999988667667,0.01,READY,0,waiting for deadman,0.0,0.18000000000000002,18,0.0,0.0,0.0,0.0,0.0,0.0,1.0,0.0,0.0,0.0,0.0,0.0,0.0,1.0,-0.016000000000000007,-0.22496149868535165,0.2802328425555495,-0.1305261922200515,0.0,0.0,0.9914448613738105,-0.016000000000000007,-0.22496149868535165,0.2802328425555495,-0.1305261922200515,0.0,0.0,0.9914448613738105,-0.016000000000000007,-0.22496149868535165,0.2802328425555495,-0.1305261922200515,0.0,0.0,0.9914448613738105,-0.016000000000000007,-0.22496149868535165,0.2802328425555495,-0.1305261922200515,0.0,0.0,0.9914448613738105,-0.016000000000000007,-0.22496149868535165,0.2802328425555495,-0.1305261922200515,0.0,0.0,0.9914448613738105,0.0,-0.5235987755982988,0.7853981633974483,0.0,0.5235987755982988,0.0,0.0,-0.5235987755982988,0.7853981633974483,0.0,0.5235987755982988,0.0,0.0,-0.5235987755982988,0.7853981633974483,0.0,0.5235987755982988,0.0,0.0,0.0,0.0,0.0,0.0,0.0,0.0,0.0,0.0,0.0,0.0,0.0,0.0,False,False,1,False,,0.0,0,,,,True,True,0.010000000000000009,0.0,1.0,0.0,0.0,0.0,0.0
0.19000000000000003,1786132506.0747578,0.002745000005234033,0.002857700004824437,0.01,READY,0,waiting for deadman,0.0,0.19000000000000003,19,0.0,0.0,0.0,0.0,0.0,0.0,1.0,0.0,0.0,0.0,0.0,0.0,0.0,1.0,-0.016000000000000007,-0.22496149868535165,0.2802328425555495,-0.1305261922200515,0.0,0.0,0.9914448613738105,-0.016000000000000007,-0.22496149868535165,0.2802328425555495,-0.1305261922200515,0.0,0.0,0.9914448613738105,-0.016000000000000007,-0.22496149868535165,0.2802328425555495,-0.1305261922200515,0.0,0.0,0.9914448613738105,-0.016000000000000007,-0.22496149868535165,0.2802328425555495,-0.1305261922200515,0.0,0.0,0.9914448613738105,-0.016000000000000007,-0.22496149868535165,0.2802328425555495,-0.1305261922200515,0.0,0.0,0.9914448613738105,0.0,-0.5235987755982988,0.7853981633974483,0.0,0.5235987755982988,0.0,0.0,-0.5235987755982988,0.7853981633974483,0.0,0.5235987755982988,0.0,0.0,-0.5235987755982988,0.7853981633974483,0.0,0.5235987755982988,0.0,0.0,0.0,0.0,0.0,0.0,0.0,0.0,0.0,0.0,0.0,0.0,0.0,0.0,False,False,1,False,,0.0,0,,,,True,True,0.010000000000000009,0.0,1.0,0.0,0.0,0.0,0.0
0.20000000000000004,1786132506.077684,0.0030547999922418967,0.00272910000057891,0.01,READY,0,waiting for deadman,0.0,0.20000000000000004,20,0.0,0.0,0.0,0.0,0.0,0.0,1.0,0.0,0.0,0.0,0.0,0.0,0.0,1.0,-0.016000000000000007,-0.22496149868535165,0.2802328425555495,-0.1305261922200515,0.0,0.0,0.9914448613738105,-0.016000000000000007,-0.22496149868535165,0.2802328425555495,-0.1305261922200515,0.0,0.0,0.9914448613738105,-0.016000000000000007,-0.22496149868535165,0.2802328425555495,-0.1305261922200515,0.0,0.0,0.9914448613738105,-0.016000000000000007,-0.22496149868535165,0.2802328425555495,-0.1305261922200515,0.0,0.0,0.9914448613738105,-0.016000000000000007,-0.22496149868535165,0.2802328425555495,-0.1305261922200515,0.0,0.0,0.9914448613738105,0.0,-0.5235987755982988,0.7853981633974483,0.0,0.5235987755982988,0.0,0.0,-0.5235987755982988,0.7853981633974483,0.0,0.5235987755982988,0.0,0.0,-0.5235987755982988,0.7853981633974483,0.0,0.5235987755982988,0.0,0.0,0.0,0.0,0.0,0.0,0.0,0.0,0.0,0.0,0.0,0.0,0.0,0.0,False,False,1,False,,0.0,0,,,,True,True,0.010000000000000009,0.0,1.0,0.0,0.0,0.0,0.0
0.21000000000000005,1786132506.0804753,0.002913300006184727,0.0026071999891428277,0.01,READY,0,waiting for deadman,0.0,0.21000000000000005,21,0.0,0.0,0.0,0.0,0.0,0.0,1.0,0.0,0.0,0.0,0.0,0.0,0.0,1.0,-0.016000000000000007,-0.22496149868535165,0.2802328425555495,-0.1305261922200515,0.0,0.0,0.9914448613738105,-0.016000000000000007,-0.22496149868535165,0.2802328425555495,-0.1305261922200515,0.0,0.0,0.9914448613738105,-0.016000000000000007,-0.22496149868535165,0.2802328425555495,-0.1305261922200515,0.0,0.0,0.9914448613738105,-0.016000000000000007,-0.22496149868535165,0.2802328425555495,-0.1305261922200515,0.0,0.0,0.9914448613738105,-0.016000000000000007,-0.22496149868535165,0.2802328425555495,-0.1305261922200515,0.0,0.0,0.9914448613738105,0.0,-0.5235987755982988,0.7853981633974483,0.0,0.5235987755982988,0.0,0.0,-0.5235987755982988,0.7853981633974483,0.0,0.5235987755982988,0.0,0.0,-0.5235987755982988,0.7853981633974483,0.0,0.5235987755982988,0.0,0.0,0.0,0.0,0.0,0.0,0.0,0.0,0.0,0.0,0.0,0.0,0.0,0.0,False,False,1,False,,0.0,0,,,,True,True,0.010000000000000009,0.0,1.0,0.0,0.0,0.0,0.0
0.22000000000000006,1786132506.0832653,0.002787499994155951,0.002609699993627146,0.01,READY,0,waiting for deadman,0.0,0.22000000000000006,22,0.0,0.0,0.0,0.0,0.0,0.0,1.0,0.0,0.0,0.0,0.0,0.0,0.0,1.0,-0.016000000000000007,-0.22496149868535165,0.2802328425555495,-0.1305261922200515,0.0,0.0,0.9914448613738105,-0.016000000000000007,-0.22496149868535165,0.2802328425555495,-0.1305261922200515,0.0,0.0,0.9914448613738105,-0.016000000000000007,-0.22496149868535165,0.2802328425555495,-0.1305261922200515,0.0,0.0,0.9914448613738105,-0.016000000000000007,-0.22496149868535165,0.2802328425555495,-0.1305261922200515,0.0,0.0,0.9914448613738105,-0.016000000000000007,-0.22496149868535165,0.2802328425555495,-0.1305261922200515,0.0,0.0,0.9914448613738105,0.0,-0.5235987755982988,0.7853981633974483,0.0,0.5235987755982988,0.0,0.0,-0.5235987755982988,0.7853981633974483,0.0,0.5235987755982988,0.0,0.0,-0.5235987755982988,0.7853981633974483,0.0,0.5235987755982988,0.0,0.0,0.0,0.0,0.0,0.0,0.0,0.0,0.0,0.0,0.0,0.0,0.0,0.0,False,False,1,False,,0.0,0,,,,True,True,0.010000000000000009,0.0,1.0,0.0,0.0,0.0,0.0
0.23000000000000007,1786132506.0861712,0.0028205999988131225,0.0026948000013362616,0.01,READY,0,waiting for deadman,0.0,0.23000000000000007,23,0.0,0.0,0.0,0.0,0.0,0.0,1.0,0.0,0.0,0.0,0.0,0.0,0.0,1.0,-0.016000000000000007,-0.22496149868535165,0.2802328425555495,-0.1305261922200515,0.0,0.0,0.9914448613738105,-0.016000000000000007,-0.22496149868535165,0.2802328425555495,-0.1305261922200515,0.0,0.0,0.9914448613738105,-0.016000000000000007,-0.22496149868535165,0.2802328425555495,-0.1305261922200515,0.0,0.0,0.9914448613738105,-0.016000000000000007,-0.22496149868535165,0.2802328425555495,-0.1305261922200515,0.0,0.0,0.9914448613738105,-0.016000000000000007,-0.22496149868535165,0.2802328425555495,-0.1305261922200515,0.0,0.0,0.9914448613738105,0.0,-0.5235987755982988,0.7853981633974483,0.0,0.5235987755982988,0.0,0.0,-0.5235987755982988,0.7853981633974483,0.0,0.5235987755982988,0.0,0.0,-0.5235987755982988,0.7853981633974483,0.0,0.5235987755982988,0.0,0.0,0.0,0.0,0.0,0.0,0.0,0.0,0.0,0.0,0.0,0.0,0.0,0.0,False,False,1,False,,0.0,0,,,,True,True,0.010000000000000009,0.0,1.0,0.0,0.0,0.0,0.0
0.24000000000000007,1786132506.0889802,0.0028744000010192394,0.0026294999988749623,0.01,READY,0,waiting for deadman,0.0,0.24000000000000007,24,0.0,0.0,0.0,0.0,0.0,0.0,1.0,0.0,0.0,0.0,0.0,0.0,0.0,1.0,-0.016000000000000007,-0.22496149868535165,0.2802328425555495,-0.1305261922200515,0.0,0.0,0.9914448613738105,-0.016000000000000007,-0.22496149868535165,0.2802328425555495,-0.1305261922200515,0.0,0.0,0.9914448613738105,-0.016000000000000007,-0.22496149868535165,0.2802328425555495,-0.1305261922200515,0.0,0.0,0.9914448613738105,-0.016000000000000007,-0.22496149868535165,0.2802328425555495,-0.1305261922200515,0.0,0.0,0.9914448613738105,-0.016000000000000007,-0.22496149868535165,0.2802328425555495,-0.1305261922200515,0.0,0.0,0.9914448613738105,0.0,-0.5235987755982988,0.7853981633974483,0.0,0.5235987755982988,0.0,0.0,-0.5235987755982988,0.7853981633974483,0.0,0.5235987755982988,0.0,0.0,-0.5235987755982988,0.7853981633974483,0.0,0.5235987755982988,0.0,0.0,0.0,0.0,0.0,0.0,0.0,0.0,0.0,0.0,0.0,0.0,0.0,0.0,False,False,1,False,,0.0,0,,,,True,True,0.010000000000000009,0.0,1.0,0.0,0.0,0.0,0.0
0.25000000000000006,1786132506.0922303,0.002821400004904717,0.0030584999913116917,0.01,READY,0,waiting for deadman,0.0,0.25000000000000006,25,0.0,0.0,0.0,0.0,0.0,0.0,1.0,0.0,0.0,0.0,0.0,0.0,0.0,1.0,-0.016000000000000007,-0.22496149868535165,0.2802328425555495,-0.1305261922200515,0.0,0.0,0.9914448613738105,-0.016000000000000007,-0.22496149868535165,0.2802328425555495,-0.1305261922200515,0.0,0.0,0.9914448613738105,-0.016000000000000007,-0.22496149868535165,0.2802328425555495,-0.1305261922200515,0.0,0.0,0.9914448613738105,-0.016000000000000007,-0.22496149868535165,0.2802328425555495,-0.1305261922200515,0.0,0.0,0.9914448613738105,-0.016000000000000007,-0.22496149868535165,0.2802328425555495,-0.1305261922200515,0.0,0.0,0.9914448613738105,0.0,-0.5235987755982988,0.7853981633974483,0.0,0.5235987755982988,0.0,0.0,-0.5235987755982988,0.7853981633974483,0.0,0.5235987755982988,0.0,0.0,-0.5235987755982988,0.7853981633974483,0.0,0.5235987755982988,0.0,0.0,0.0,0.0,0.0,0.0,0.0,0.0,0.0,0.0,0.0,0.0,0.0,0.0,False,False,1,False,,0.0,0,,,,True,True,0.009999999999999981,0.0,1.0,0.0,0.0,0.0,0.0
0.26000000000000006,1786132506.0951777,0.0032521999964956194,0.0027537999994819984,0.01,READY,0,waiting for deadman,0.0,0.26000000000000006,26,0.0,0.0,0.0,0.0,0.0,0.0,1.0,0.0,0.0,0.0,0.0,0.0,0.0,1.0,-0.016000000000000007,-0.22496149868535165,0.2802328425555495,-0.1305261922200515,0.0,0.0,0.9914448613738105,-0.016000000000000007,-0.22496149868535165,0.2802328425555495,-0.1305261922200515,0.0,0.0,0.9914448613738105,-0.016000000000000007,-0.22496149868535165,0.2802328425555495,-0.1305261922200515,0.0,0.0,0.9914448613738105,-0.016000000000000007,-0.22496149868535165,0.2802328425555495,-0.1305261922200515,0.0,0.0,0.9914448613738105,-0.016000000000000007,-0.22496149868535165,0.2802328425555495,-0.1305261922200515,0.0,0.0,0.9914448613738105,0.0,-0.5235987755982988,0.7853981633974483,0.0,0.5235987755982988,0.0,0.0,-0.5235987755982988,0.7853981633974483,0.0,0.5235987755982988,0.0,0.0,-0.5235987755982988,0.7853981633974483,0.0,0.5235987755982988,0.0,0.0,0.0,0.0,0.0,0.0,0.0,0.0,0.0,0.0,0.0,0.0,0.0,0.0,False,False,1,False,,0.0,0,,,,True,True,0.010000000000000009,0.0,1.0,0.0,0.0,0.0,0.0
0.2700000000000001,1786132506.0980294,0.002939800004241988,0.002665399995748885,0.01,READY,0,waiting for deadman,0.0,0.2700000000000001,27,0.0,0.0,0.0,0.0,0.0,0.0,1.0,0.0,0.0,0.0,0.0,0.0,0.0,1.0,-0.016000000000000007,-0.22496149868535165,0.2802328425555495,-0.1305261922200515,0.0,0.0,0.9914448613738105,-0.016000000000000007,-0.22496149868535165,0.2802328425555495,-0.1305261922200515,0.0,0.0,0.9914448613738105,-0.016000000000000007,-0.22496149868535165,0.2802328425555495,-0.1305261922200515,0.0,0.0,0.9914448613738105,-0.016000000000000007,-0.22496149868535165,0.2802328425555495,-0.1305261922200515,0.0,0.0,0.9914448613738105,-0.016000000000000007,-0.22496149868535165,0.2802328425555495,-0.1305261922200515,0.0,0.0,0.9914448613738105,0.0,-0.5235987755982988,0.7853981633974483,0.0,0.5235987755982988,0.0,0.0,-0.5235987755982988,0.7853981633974483,0.0,0.5235987755982988,0.0,0.0,-0.5235987755982988,0.7853981633974483,0.0,0.5235987755982988,0.0,0.0,0.0,0.0,0.0,0.0,0.0,0.0,0.0,0.0,0.0,0.0,0.0,0.0,False,False,1,False,,0.0,0,,,,True,True,0.010000000000000009,0.0,1.0,0.0,0.0,0.0,0.0
0.2800000000000001,1786132506.100902,0.002848799995263107,0.0026890000008279458,0.01,READY,0,waiting for deadman,0.0,0.2800000000000001,28,0.0,0.0,0.0,0.0,0.0,0.0,1.0,0.0,0.0,0.0,0.0,0.0,0.0,1.0,-0.016000000000000007,-0.22496149868535165,0.2802328425555495,-0.1305261922200515,0.0,0.0,0.9914448613738105,-0.016000000000000007,-0.22496149868535165,0.2802328425555495,-0.1305261922200515,0.0,0.0,0.9914448613738105,-0.016000000000000007,-0.22496149868535165,0.2802328425555495,-0.1305261922200515,0.0,0.0,0.9914448613738105,-0.016000000000000007,-0.22496149868535165,0.2802328425555495,-0.1305261922200515,0.0,0.0,0.9914448613738105,-0.016000000000000007,-0.22496149868535165,0.2802328425555495,-0.1305261922200515,0.0,0.0,0.9914448613738105,0.0,-0.5235987755982988,0.7853981633974483,0.0,0.5235987755982988,0.0,0.0,-0.5235987755982988,0.7853981633974483,0.0,0.5235987755982988,0.0,0.0,-0.5235987755982988,0.7853981633974483,0.0,0.5235987755982988,0.0,0.0,0.0,0.0,0.0,0.0,0.0,0.0,0.0,0.0,0.0,0.0,0.0,0.0,False,False,1,False,,0.0,0,,,,True,True,0.010000000000000009,0.0,1.0,0.0,0.0,0.0,0.0
0.2900000000000001,1786132506.103783,0.0028833999967901036,0.002686299994820729,0.01,READY,0,waiting for deadman,0.0,0.2900000000000001,29,0.0,0.0,0.0,0.0,0.0,0.0,1.0,0.0,0.0,0.0,0.0,0.0,0.0,1.0,-0.016000000000000007,-0.22496149868535165,0.2802328425555495,-0.1305261922200515,0.0,0.0,0.9914448613738105,-0.016000000000000007,-0.22496149868535165,0.2802328425555495,-0.1305261922200515,0.0,0.0,0.9914448613738105,-0.016000000000000007,-0.22496149868535165,0.2802328425555495,-0.1305261922200515,0.0,0.0,0.9914448613738105,-0.016000000000000007,-0.22496149868535165,0.2802328425555495,-0.1305261922200515,0.0,0.0,0.9914448613738105,-0.016000000000000007,-0.22496149868535165,0.2802328425555495,-0.1305261922200515,0.0,0.0,0.9914448613738105,0.0,-0.5235987755982988,0.7853981633974483,0.0,0.5235987755982988,0.0,0.0,-0.5235987755982988,0.7853981633974483,0.0,0.5235987755982988,0.0,0.0,-0.5235987755982988,0.7853981633974483,0.0,0.5235987755982988,0.0,0.0,0.0,0.0,0.0,0.0,0.0,0.0,0.0,0.0,0.0,0.0,0.0,0.0,False,False,1,False,,0.0,0,,,,True,True,0.010000000000000009,0.0,1.0,0.0,0.0,0.0,0.0
0.3000000000000001,1786132506.1072717,0.002873300007195212,0.0033024000003933907,0.01,READY,0,waiting for deadman,0.0,0.3000000000000001,30,0.0,0.0,0.0,0.0,0.0,0.0,1.0,0.0,0.0,0.0,0.0,0.0,0.0,1.0,-0.016000000000000007,-0.22496149868535165,0.2802328425555495,-0.1305261922200515,0.0,0.0,0.9914448613738105,-0.016000000000000007,-0.22496149868535165,0.2802328425555495,-0.1305261922200515,0.0,0.0,0.9914448613738105,-0.016000000000000007,-0.22496149868535165,0.2802328425555495,-0.1305261922200515,0.0,0.0,0.9914448613738105,-0.016000000000000007,-0.22496149868535165,0.2802328425555495,-0.1305261922200515,0.0,0.0,0.9914448613738105,-0.016000000000000007,-0.22496149868535165,0.2802328425555495,-0.1305261922200515,0.0,0.0,0.9914448613738105,0.0,-0.5235987755982988,0.7853981633974483,0.0,0.5235987755982988,0.0,0.0,-0.5235987755982988,0.7853981633974483,0.0,0.5235987755982988,0.0,0.0,-0.5235987755982988,0.7853981633974483,0.0,0.5235987755982988,0.0,0.0,0.0,0.0,0.0,0.0,0.0,0.0,0.0,0.0,0.0,0.0,0.0,0.0,False,False,1,False,,0.0,0,,,,True,True,0.010000000000000009,0.0,1.0,0.0,0.0,0.0,0.0
0.3100000000000001,1786132506.110369,0.0036093999951845035,0.0027897999971173704,0.01,READY,0,waiting for deadman,0.0,0.3100000000000001,31,0.0,0.0,0.0,0.0,0.0,0.0,1.0,0.0,0.0,0.0,0.0,0.0,0.0,1.0,-0.016000000000000007,-0.22496149868535165,0.2802328425555495,-0.1305261922200515,0.0,0.0,0.9914448613738105,-0.016000000000000007,-0.22496149868535165,0.2802328425555495,-0.1305261922200515,0.0,0.0,0.9914448613738105,-0.016000000000000007,-0.22496149868535165,0.2802328425555495,-0.1305261922200515,0.0,0.0,0.9914448613738105,-0.016000000000000007,-0.22496149868535165,0.2802328425555495,-0.1305261922200515,0.0,0.0,0.9914448613738105,-0.016000000000000007,-0.22496149868535165,0.2802328425555495,-0.1305261922200515,0.0,0.0,0.9914448613738105,0.0,-0.5235987755982988,0.7853981633974483,0.0,0.5235987755982988,0.0,0.0,-0.5235987755982988,0.7853981633974483,0.0,0.5235987755982988,0.0,0.0,-0.5235987755982988,0.7853981633974483,0.0,0.5235987755982988,0.0,0.0,0.0,0.0,0.0,0.0,0.0,0.0,0.0,0.0,0.0,0.0,0.0,0.0,False,False,1,False,,0.0,0,,,,True,True,0.010000000000000009,0.0,1.0,0.0,0.0,0.0,0.0
0.3200000000000001,1786132506.1132522,0.002995800008648075,0.0026775000005727634,0.01,READY,0,waiting for deadman,0.0,0.3200000000000001,32,0.0,0.0,0.0,0.0,0.0,0.0,1.0,0.0,0.0,0.0,0.0,0.0,0.0,1.0,-0.016000000000000007,-0.22496149868535165,0.2802328425555495,-0.1305261922200515,0.0,0.0,0.9914448613738105,-0.016000000000000007,-0.22496149868535165,0.2802328425555495,-0.1305261922200515,0.0,0.0,0.9914448613738105,-0.016000000000000007,-0.22496149868535165,0.2802328425555495,-0.1305261922200515,0.0,0.0,0.9914448613738105,-0.016000000000000007,-0.22496149868535165,0.2802328425555495,-0.1305261922200515,0.0,0.0,0.9914448613738105,-0.016000000000000007,-0.22496149868535165,0.2802328425555495,-0.1305261922200515,0.0,0.0,0.9914448613738105,0.0,-0.5235987755982988,0.7853981633974483,0.0,0.5235987755982988,0.0,0.0,-0.5235987755982988,0.7853981633974483,0.0,0.5235987755982988,0.0,0.0,-0.5235987755982988,0.7853981633974483,0.0,0.5235987755982988,0.0,0.0,0.0,0.0,0.0,0.0,0.0,0.0,0.0,0.0,0.0,0.0,0.0,0.0,False,False,1,False,,0.0,0,,,,True,True,0.010000000000000009,0.0,1.0,0.0,0.0,0.0,0.0
0.3300000000000001,1786132506.1160765,0.0028626999992411584,0.002638900012243539,0.01,READY,0,waiting for deadman,0.0,0.3300000000000001,33,0.0,0.0,0.0,0.0,0.0,0.0,1.0,0.0,0.0,0.0,0.0,0.0,0.0,1.0,-0.016000000000000007,-0.22496149868535165,0.2802328425555495,-0.1305261922200515,0.0,0.0,0.9914448613738105,-0.016000000000000007,-0.22496149868535165,0.2802328425555495,-0.1305261922200515,0.0,0.0,0.9914448613738105,-0.016000000000000007,-0.22496149868535165,0.2802328425555495,-0.1305261922200515,0.0,0.0,0.9914448613738105,-0.016000000000000007,-0.22496149868535165,0.2802328425555495,-0.1305261922200515,0.0,0.0,0.9914448613738105,-0.016000000000000007,-0.22496149868535165,0.2802328425555495,-0.1305261922200515,0.0,0.0,0.9914448613738105,0.0,-0.5235987755982988,0.7853981633974483,0.0,0.5235987755982988,0.0,0.0,-0.5235987755982988,0.7853981633974483,0.0,0.5235987755982988,0.0,0.0,-0.5235987755982988,0.7853981633974483,0.0,0.5235987755982988,0.0,0.0,0.0,0.0,0.0,0.0,0.0,0.0,0.0,0.0,0.0,0.0,0.0,0.0,False,False,1,False,,0.0,0,,,,True,True,0.010000000000000009,0.0,1.0,0.0,0.0,0.0,0.0
0.34000000000000014,1786132506.1189206,0.0028223999979672953,0.0026603999867802486,0.01,READY,0,waiting for deadman,0.0,0.34000000000000014,34,0.0,0.0,0.0,0.0,0.0,0.0,1.0,0.0,0.0,0.0,0.0,0.0,0.0,1.0,-0.016000000000000007,-0.22496149868535165,0.2802328425555495,-0.1305261922200515,0.0,0.0,0.9914448613738105,-0.016000000000000007,-0.22496149868535165,0.2802328425555495,-0.1305261922200515,0.0,0.0,0.9914448613738105,-0.016000000000000007,-0.22496149868535165,0.2802328425555495,-0.1305261922200515,0.0,0.0,0.9914448613738105,-0.016000000000000007,-0.22496149868535165,0.2802328425555495,-0.1305261922200515,0.0,0.0,0.9914448613738105,-0.016000000000000007,-0.22496149868535165,0.2802328425555495,-0.1305261922200515,0.0,0.0,0.9914448613738105,0.0,-0.5235987755982988,0.7853981633974483,0.0,0.5235987755982988,0.0,0.0,-0.5235987755982988,0.7853981633974483,0.0,0.5235987755982988,0.0,0.0,-0.5235987755982988,0.7853981633974483,0.0,0.5235987755982988,0.0,0.0,0.0,0.0,0.0,0.0,0.0,0.0,0.0,0.0,0.0,0.0,0.0,0.0,False,False,1,False,,0.0,0,,,,True,True,0.010000000000000009,0.0,1.0,0.0,0.0,0.0,0.0
0.35000000000000014,1786132506.1226187,0.0028544999950099736,0.0035051000013481826,0.01,READY,0,waiting for deadman,0.0,0.35000000000000014,35,0.0,0.0,0.0,0.0,0.0,0.0,1.0,0.0,0.0,0.0,0.0,0.0,0.0,1.0,-0.016000000000000007,-0.22496149868535165,0.2802328425555495,-0.1305261922200515,0.0,0.0,0.9914448613738105,-0.016000000000000007,-0.22496149868535165,0.2802328425555495,-0.1305261922200515,0.0,0.0,0.9914448613738105,-0.016000000000000007,-0.22496149868535165,0.2802328425555495,-0.1305261922200515,0.0,0.0,0.9914448613738105,-0.016000000000000007,-0.22496149868535165,0.2802328425555495,-0.1305261922200515,0.0,0.0,0.9914448613738105,-0.016000000000000007,-0.22496149868535165,0.2802328425555495,-0.1305261922200515,0.0,0.0,0.9914448613738105,0.0,-0.5235987755982988,0.7853981633974483,0.0,0.5235987755982988,0.0,0.0,-0.5235987755982988,0.7853981633974483,0.0,0.5235987755982988,0.0,0.0,-0.5235987755982988,0.7853981633974483,0.0,0.5235987755982988,0.0,0.0,0.0,0.0,0.0,0.0,0.0,0.0,0.0,0.0,0.0,0.0,0.0,0.0,False,False,1,False,,0.0,0,,,,True,True,0.010000000000000009,0.0,1.0,0.0,0.0,0.0,0.0
0.36000000000000015,1786132506.1264637,0.0038496000051964074,0.0034993000008398667,0.01,READY,0,waiting for deadman,0.0,0.36000000000000015,36,0.0,0.0,0.0,0.0,0.0,0.0,1.0,0.0,0.0,0.0,0.0,0.0,0.0,1.0,-0.016000000000000007,-0.22496149868535165,0.2802328425555495,-0.1305261922200515,0.0,0.0,0.9914448613738105,-0.016000000000000007,-0.22496149868535165,0.2802328425555495,-0.1305261922200515,0.0,0.0,0.9914448613738105,-0.016000000000000007,-0.22496149868535165,0.2802328425555495,-0.1305261922200515,0.0,0.0,0.9914448613738105,-0.016000000000000007,-0.22496149868535165,0.2802328425555495,-0.1305261922200515,0.0,0.0,0.9914448613738105,-0.016000000000000007,-0.22496149868535165,0.2802328425555495,-0.1305261922200515,0.0,0.0,0.9914448613738105,0.0,-0.5235987755982988,0.7853981633974483,0.0,0.5235987755982988,0.0,0.0,-0.5235987755982988,0.7853981633974483,0.0,0.5235987755982988,0.0,0.0,-0.5235987755982988,0.7853981633974483,0.0,0.5235987755982988,0.0,0.0,0.0,0.0,0.0,0.0,0.0,0.0,0.0,0.0,0.0,0.0,0.0,0.0,False,False,1,False,,0.0,0,,,,True,True,0.010000000000000009,0.0,1.0,0.0,0.0,0.0,0.0
0.37000000000000016,1786132506.1294022,0.003693799997563474,0.002744199999142438,0.01,READY,0,waiting for deadman,0.0,0.37000000000000016,37,0.0,0.0,0.0,0.0,0.0,0.0,1.0,0.0,0.0,0.0,0.0,0.0,0.0,1.0,-0.016000000000000007,-0.22496149868535165,0.2802328425555495,-0.1305261922200515,0.0,0.0,0.9914448613738105,-0.016000000000000007,-0.22496149868535165,0.2802328425555495,-0.1305261922200515,0.0,0.0,0.9914448613738105,-0.016000000000000007,-0.22496149868535165,0.2802328425555495,-0.1305261922200515,0.0,0.0,0.9914448613738105,-0.016000000000000007,-0.22496149868535165,0.2802328425555495,-0.1305261922200515,0.0,0.0,0.9914448613738105,-0.016000000000000007,-0.22496149868535165,0.2802328425555495,-0.1305261922200515,0.0,0.0,0.9914448613738105,0.0,-0.5235987755982988,0.7853981633974483,0.0,0.5235987755982988,0.0,0.0,-0.5235987755982988,0.7853981633974483,0.0,0.5235987755982988,0.0,0.0,-0.5235987755982988,0.7853981633974483,0.0,0.5235987755982988,0.0,0.0,0.0,0.0,0.0,0.0,0.0,0.0,0.0,0.0,0.0,0.0,0.0,0.0,False,False,1,False,,0.0,0,,,,True,True,0.010000000000000009,0.0,1.0,0.0,0.0,0.0,0.0
0.38000000000000017,1786132506.132218,0.0029334999999264255,0.002626599991344847,0.01,READY,0,waiting for deadman,0.0,0.38000000000000017,38,0.0,0.0,0.0,0.0,0.0,0.0,1.0,0.0,0.0,0.0,0.0,0.0,0.0,1.0,-0.016000000000000007,-0.22496149868535165,0.2802328425555495,-0.1305261922200515,0.0,0.0,0.9914448613738105,-0.016000000000000007,-0.22496149868535165,0.2802328425555495,-0.1305261922200515,0.0,0.0,0.9914448613738105,-0.016000000000000007,-0.22496149868535165,0.2802328425555495,-0.1305261922200515,0.0,0.0,0.9914448613738105,-0.016000000000000007,-0.22496149868535165,0.2802328425555495,-0.1305261922200515,0.0,0.0,0.9914448613738105,-0.016000000000000007,-0.22496149868535165,0.2802328425555495,-0.1305261922200515,0.0,0.0,0.9914448613738105,0.0,-0.5235987755982988,0.7853981633974483,0.0,0.5235987755982988,0.0,0.0,-0.5235987755982988,0.7853981633974483,0.0,0.5235987755982988,0.0,0.0,-0.5235987755982988,0.7853981633974483,0.0,0.5235987755982988,0.0,0.0,0.0,0.0,0.0,0.0,0.0,0.0,0.0,0.0,0.0,0.0,0.0,0.0,False,False,1,False,,0.0,0,,,,True,True,0.010000000000000009,0.0,1.0,0.0,0.0,0.0,0.0
0.3900000000000002,1786132506.1353009,0.0028408000071067363,0.0028686000005109236,0.01,READY,0,waiting for deadman,0.0,0.3900000000000002,39,0.0,0.0,0.0,0.0,0.0,0.0,1.0,0.0,0.0,0.0,0.0,0.0,0.0,1.0,-0.016000000000000007,-0.22496149868535165,0.2802328425555495,-0.1305261922200515,0.0,0.0,0.9914448613738105,-0.016000000000000007,-0.22496149868535165,0.2802328425555495,-0.1305261922200515,0.0,0.0,0.9914448613738105,-0.016000000000000007,-0.22496149868535165,0.2802328425555495,-0.1305261922200515,0.0,0.0,0.9914448613738105,-0.016000000000000007,-0.22496149868535165,0.2802328425555495,-0.1305261922200515,0.0,0.0,0.9914448613738105,-0.016000000000000007,-0.22496149868535165,0.2802328425555495,-0.1305261922200515,0.0,0.0,0.9914448613738105,0.0,-0.5235987755982988,0.7853981633974483,0.0,0.5235987755982988,0.0,0.0,-0.5235987755982988,0.7853981633974483,0.0,0.5235987755982988,0.0,0.0,-0.5235987755982988,0.7853981633974483,0.0,0.5235987755982988,0.0,0.0,0.0,0.0,0.0,0.0,0.0,0.0,0.0,0.0,0.0,0.0,0.0,0.0,False,False,1,False,,0.0,0,,,,True,True,0.010000000000000009,0.0,1.0,0.0,0.0,0.0,0.0
0.4000000000000002,1786132506.139049,0.003048799990210682,0.0035688000061782077,0.01,READY,0,waiting for deadman,0.0,0.4000000000000002,40,0.0,0.0,0.0,0.0,0.0,0.0,1.0,0.0,0.0,0.0,0.0,0.0,0.0,1.0,-0.016000000000000007,-0.22496149868535165,0.2802328425555495,-0.1305261922200515,0.0,0.0,0.9914448613738105,-0.016000000000000007,-0.22496149868535165,0.2802328425555495,-0.1305261922200515,0.0,0.0,0.9914448613738105,-0.016000000000000007,-0.22496149868535165,0.2802328425555495,-0.1305261922200515,0.0,0.0,0.9914448613738105,-0.016000000000000007,-0.22496149868535165,0.2802328425555495,-0.1305261922200515,0.0,0.0,0.9914448613738105,-0.016000000000000007,-0.22496149868535165,0.2802328425555495,-0.1305261922200515,0.0,0.0,0.9914448613738105,0.0,-0.5235987755982988,0.7853981633974483,0.0,0.5235987755982988,0.0,0.0,-0.5235987755982988,0.7853981633974483,0.0,0.5235987755982988,0.0,0.0,-0.5235987755982988,0.7853981633974483,0.0,0.5235987755982988,0.0,0.0,0.0,0.0,0.0,0.0,0.0,0.0,0.0,0.0,0.0,0.0,0.0,0.0,False,False,1,False,,0.0,0,,,,True,True,0.010000000000000009,0.0,1.0,0.0,0.0,0.0,0.0
0.4100000000000002,1786132506.1440272,0.003899300005286932,0.004646600005798973,0.01,READY,0,waiting for deadman,0.0,0.4100000000000002,41,0.0,0.0,0.0,0.0,0.0,0.0,1.0,0.0,0.0,0.0,0.0,0.0,0.0,1.0,-0.016000000000000007,-0.22496149868535165,0.2802328425555495,-0.1305261922200515,0.0,0.0,0.9914448613738105,-0.016000000000000007,-0.22496149868535165,0.2802328425555495,-0.1305261922200515,0.0,0.0,0.9914448613738105,-0.016000000000000007,-0.22496149868535165,0.2802328425555495,-0.1305261922200515,0.0,0.0,0.9914448613738105,-0.016000000000000007,-0.22496149868535165,0.2802328425555495,-0.1305261922200515,0.0,0.0,0.9914448613738105,-0.016000000000000007,-0.22496149868535165,0.2802328425555495,-0.1305261922200515,0.0,0.0,0.9914448613738105,0.0,-0.5235987755982988,0.7853981633974483,0.0,0.5235987755982988,0.0,0.0,-0.5235987755982988,0.7853981633974483,0.0,0.5235987755982988,0.0,0.0,-0.5235987755982988,0.7853981633974483,0.0,0.5235987755982988,0.0,0.0,0.0,0.0,0.0,0.0,0.0,0.0,0.0,0.0,0.0,0.0,0.0,0.0,False,False,1,False,,0.0,0,,,,True,True,0.010000000000000009,0.0,1.0,0.0,0.0,0.0,0.0
0.4200000000000002,1786132506.1488883,0.004956000004312955,0.0045516999962273985,0.01,READY,0,waiting for deadman,0.0,0.4200000000000002,42,0.0,0.0,0.0,0.0,0.0,0.0,1.0,0.0,0.0,0.0,0.0,0.0,0.0,1.0,-0.016000000000000007,-0.22496149868535165,0.2802328425555495,-0.1305261922200515,0.0,0.0,0.9914448613738105,-0.016000000000000007,-0.22496149868535165,0.2802328425555495,-0.1305261922200515,0.0,0.0,0.9914448613738105,-0.016000000000000007,-0.22496149868535165,0.2802328425555495,-0.1305261922200515,0.0,0.0,0.9914448613738105,-0.016000000000000007,-0.22496149868535165,0.2802328425555495,-0.1305261922200515,0.0,0.0,0.9914448613738105,-0.016000000000000007,-0.22496149868535165,0.2802328425555495,-0.1305261922200515,0.0,0.0,0.9914448613738105,0.0,-0.5235987755982988,0.7853981633974483,0.0,0.5235987755982988,0.0,0.0,-0.5235987755982988,0.7853981633974483,0.0,0.5235987755982988,0.0,0.0,-0.5235987755982988,0.7853981633974483,0.0,0.5235987755982988,0.0,0.0,0.0,0.0,0.0,0.0,0.0,0.0,0.0,0.0,0.0,0.0,0.0,0.0,False,False,1,False,,0.0,0,,,,True,True,0.010000000000000009,0.0,1.0,0.0,0.0,0.0,0.0
0.4300000000000002,1786132506.1540456,0.004860399989411235,0.004848800002946518,0.01,READY,0,waiting for deadman,0.0,0.4300000000000002,43,0.0,0.0,0.0,0.0,0.0,0.0,1.0,0.0,0.0,0.0,0.0,0.0,0.0,1.0,-0.016000000000000007,-0.22496149868535165,0.2802328425555495,-0.1305261922200515,0.0,0.0,0.9914448613738105,-0.016000000000000007,-0.22496149868535165,0.2802328425555495,-0.1305261922200515,0.0,0.0,0.9914448613738105,-0.016000000000000007,-0.22496149868535165,0.2802328425555495,-0.1305261922200515,0.0,0.0,0.9914448613738105,-0.016000000000000007,-0.22496149868535165,0.2802328425555495,-0.1305261922200515,0.0,0.0,0.9914448613738105,-0.016000000000000007,-0.22496149868535165,0.2802328425555495,-0.1305261922200515,0.0,0.0,0.9914448613738105,0.0,-0.5235987755982988,0.7853981633974483,0.0,0.5235987755982988,0.0,0.0,-0.5235987755982988,0.7853981633974483,0.0,0.5235987755982988,0.0,0.0,-0.5235987755982988,0.7853981633974483,0.0,0.5235987755982988,0.0,0.0,0.0,0.0,0.0,0.0,0.0,0.0,0.0,0.0,0.0,0.0,0.0,0.0,False,False,1,False,,0.0,0,,,,True,True,0.010000000000000009,0.0,1.0,0.0,0.0,0.0,0.0
0.4400000000000002,1786132506.1571538,0.005034100002376363,0.0029232999950181693,0.01,READY,0,waiting for deadman,0.0,0.4400000000000002,44,0.0,0.0,0.0,0.0,0.0,0.0,1.0,0.0,0.0,0.0,0.0,0.0,0.0,1.0,-0.016000000000000007,-0.22496149868535165,0.2802328425555495,-0.1305261922200515,0.0,0.0,0.9914448613738105,-0.016000000000000007,-0.22496149868535165,0.2802328425555495,-0.1305261922200515,0.0,0.0,0.9914448613738105,-0.016000000000000007,-0.22496149868535165,0.2802328425555495,-0.1305261922200515,0.0,0.0,0.9914448613738105,-0.016000000000000007,-0.22496149868535165,0.2802328425555495,-0.1305261922200515,0.0,0.0,0.9914448613738105,-0.016000000000000007,-0.22496149868535165,0.2802328425555495,-0.1305261922200515,0.0,0.0,0.9914448613738105,0.0,-0.5235987755982988,0.7853981633974483,0.0,0.5235987755982988,0.0,0.0,-0.5235987755982988,0.7853981633974483,0.0,0.5235987755982988,0.0,0.0,-0.5235987755982988,0.7853981633974483,0.0,0.5235987755982988,0.0,0.0,0.0,0.0,0.0,0.0,0.0,0.0,0.0,0.0,0.0,0.0,0.0,0.0,False,False,1,False,,0.0,0,,,,True,True,0.010000000000000009,0.0,1.0,0.0,0.0,0.0,0.0
0.45000000000000023,1786132506.1599596,0.0031183999963104725,0.0026101999974343926,0.01,READY,0,waiting for deadman,0.0,0.45000000000000023,45,0.0,0.0,0.0,0.0,0.0,0.0,1.0,0.0,0.0,0.0,0.0,0.0,0.0,1.0,-0.016000000000000007,-0.22496149868535165,0.2802328425555495,-0.1305261922200515,0.0,0.0,0.9914448613738105,-0.016000000000000007,-0.22496149868535165,0.2802328425555495,-0.1305261922200515,0.0,0.0,0.9914448613738105,-0.016000000000000007,-0.22496149868535165,0.2802328425555495,-0.1305261922200515,0.0,0.0,0.9914448613738105,-0.016000000000000007,-0.22496149868535165,0.2802328425555495,-0.1305261922200515,0.0,0.0,0.9914448613738105,-0.016000000000000007,-0.22496149868535165,0.2802328425555495,-0.1305261922200515,0.0,0.0,0.9914448613738105,0.0,-0.5235987755982988,0.7853981633974483,0.0,0.5235987755982988,0.0,0.0,-0.5235987755982988,0.7853981633974483,0.0,0.5235987755982988,0.0,0.0,-0.5235987755982988,0.7853981633974483,0.0,0.5235987755982988,0.0,0.0,0.0,0.0,0.0,0.0,0.0,0.0,0.0,0.0,0.0,0.0,0.0,0.0,False,False,1,False,,0.0,0,,,,True,True,0.010000000000000009,0.0,1.0,0.0,0.0,0.0,0.0
0.46000000000000024,1786132506.1626618,0.0027861000125994906,0.002526600001147017,0.01,READY,0,waiting for deadman,0.0,0.46000000000000024,46,0.0,0.0,0.0,0.0,0.0,0.0,1.0,0.0,0.0,0.0,0.0,0.0,0.0,1.0,-0.016000000000000007,-0.22496149868535165,0.2802328425555495,-0.1305261922200515,0.0,0.0,0.9914448613738105,-0.016000000000000007,-0.22496149868535165,0.2802328425555495,-0.1305261922200515,0.0,0.0,0.9914448613738105,-0.016000000000000007,-0.22496149868535165,0.2802328425555495,-0.1305261922200515,0.0,0.0,0.9914448613738105,-0.016000000000000007,-0.22496149868535165,0.2802328425555495,-0.1305261922200515,0.0,0.0,0.9914448613738105,-0.016000000000000007,-0.22496149868535165,0.2802328425555495,-0.1305261922200515,0.0,0.0,0.9914448613738105,0.0,-0.5235987755982988,0.7853981633974483,0.0,0.5235987755982988,0.0,0.0,-0.5235987755982988,0.7853981633974483,0.0,0.5235987755982988,0.0,0.0,-0.5235987755982988,0.7853981633974483,0.0,0.5235987755982988,0.0,0.0,0.0,0.0,0.0,0.0,0.0,0.0,0.0,0.0,0.0,0.0,0.0,0.0,False,False,1,False,,0.0,0,,,,True,True,0.010000000000000009,0.0,1.0,0.0,0.0,0.0,0.0
0.47000000000000025,1786132506.16547,0.0027768999862018973,0.002557700005127117,0.01,READY,0,waiting for deadman,0.0,0.47000000000000025,47,0.0,0.0,0.0,0.0,0.0,0.0,1.0,0.0,0.0,0.0,0.0,0.0,0.0,1.0,-0.016000000000000007,-0.22496149868535165,0.2802328425555495,-0.1305261922200515,0.0,0.0,0.9914448613738105,-0.016000000000000007,-0.22496149868535165,0.2802328425555495,-0.1305261922200515,0.0,0.0,0.9914448613738105,-0.016000000000000007,-0.22496149868535165,0.2802328425555495,-0.1305261922200515,0.0,0.0,0.9914448613738105,-0.016000000000000007,-0.22496149868535165,0.2802328425555495,-0.1305261922200515,0.0,0.0,0.9914448613738105,-0.016000000000000007,-0.22496149868535165,0.2802328425555495,-0.1305261922200515,0.0,0.0,0.9914448613738105,0.0,-0.5235987755982988,0.7853981633974483,0.0,0.5235987755982988,0.0,0.0,-0.5235987755982988,0.7853981633974483,0.0,0.5235987755982988,0.0,0.0,-0.5235987755982988,0.7853981633974483,0.0,0.5235987755982988,0.0,0.0,0.0,0.0,0.0,0.0,0.0,0.0,0.0,0.0,0.0,0.0,0.0,0.0,False,False,1,False,,0.0,0,,,,True,True,0.010000000000000009,0.0,1.0,0.0,0.0,0.0,0.0
0.48000000000000026,1786132506.1683261,0.0027313000027788803,0.0026827999972738326,0.01,READY,0,waiting for deadman,0.0,0.48000000000000026,48,0.0,0.0,0.0,0.0,0.0,0.0,1.0,0.0,0.0,0.0,0.0,0.0,0.0,1.0,-0.016000000000000007,-0.22496149868535165,0.2802328425555495,-0.1305261922200515,0.0,0.0,0.9914448613738105,-0.016000000000000007,-0.22496149868535165,0.2802328425555495,-0.1305261922200515,0.0,0.0,0.9914448613738105,-0.016000000000000007,-0.22496149868535165,0.2802328425555495,-0.1305261922200515,0.0,0.0,0.9914448613738105,-0.016000000000000007,-0.22496149868535165,0.2802328425555495,-0.1305261922200515,0.0,0.0,0.9914448613738105,-0.016000000000000007,-0.22496149868535165,0.2802328425555495,-0.1305261922200515,0.0,0.0,0.9914448613738105,0.0,-0.5235987755982988,0.7853981633974483,0.0,0.5235987755982988,0.0,0.0,-0.5235987755982988,0.7853981633974483,0.0,0.5235987755982988,0.0,0.0,-0.5235987755982988,0.7853981633974483,0.0,0.5235987755982988,0.0,0.0,0.0,0.0,0.0,0.0,0.0,0.0,0.0,0.0,0.0,0.0,0.0,0.0,False,False,1,False,,0.0,0,,,,True,True,0.010000000000000009,0.0,1.0,0.0,0.0,0.0,0.0
0.49000000000000027,1786132506.1722937,0.002940400008810684,0.003709800002980046,0.01,READY,0,waiting for deadman,0.0,0.49000000000000027,49,0.0,0.0,0.0,0.0,0.0,0.0,1.0,0.0,0.0,0.0,0.0,0.0,0.0,1.0,-0.016000000000000007,-0.22496149868535165,0.2802328425555495,-0.1305261922200515,0.0,0.0,0.9914448613738105,-0.016000000000000007,-0.22496149868535165,0.2802328425555495,-0.1305261922200515,0.0,0.0,0.9914448613738105,-0.016000000000000007,-0.22496149868535165,0.2802328425555495,-0.1305261922200515,0.0,0.0,0.9914448613738105,-0.016000000000000007,-0.22496149868535165,0.2802328425555495,-0.1305261922200515,0.0,0.0,0.9914448613738105,-0.016000000000000007,-0.22496149868535165,0.2802328425555495,-0.1305261922200515,0.0,0.0,0.9914448613738105,0.0,-0.5235987755982988,0.7853981633974483,0.0,0.5235987755982988,0.0,0.0,-0.5235987755982988,0.7853981633974483,0.0,0.5235987755982988,0.0,0.0,-0.5235987755982988,0.7853981633974483,0.0,0.5235987755982988,0.0,0.0,0.0,0.0,0.0,0.0,0.0,0.0,0.0,0.0,0.0,0.0,0.0,0.0,False,False,1,False,,0.0,0,,,,True,True,0.010000000000000009,0.0,1.0,0.0,0.0,0.0,0.0
0.5000000000000002,1786132506.175897,0.004003099995316006,0.0033094000100390986,0.01,READY,0,waiting for deadman,0.0,0.5000000000000002,50,0.0,0.0,0.0,0.0,0.0,0.0,1.0,0.0,0.0,0.0,0.0,0.0,0.0,1.0,-0.016000000000000007,-0.22496149868535165,0.2802328425555495,-0.1305261922200515,0.0,0.0,0.9914448613738105,-0.016000000000000007,-0.22496149868535165,0.2802328425555495,-0.1305261922200515,0.0,0.0,0.9914448613738105,-0.016000000000000007,-0.22496149868535165,0.2802328425555495,-0.1305261922200515,0.0,0.0,0.9914448613738105,-0.016000000000000007,-0.22496149868535165,0.2802328425555495,-0.1305261922200515,0.0,0.0,0.9914448613738105,-0.016000000000000007,-0.22496149868535165,0.2802328425555495,-0.1305261922200515,0.0,0.0,0.9914448613738105,0.0,-0.5235987755982988,0.7853981633974483,0.0,0.5235987755982988,0.0,0.0,-0.5235987755982988,0.7853981633974483,0.0,0.5235987755982988,0.0,0.0,-0.5235987755982988,0.7853981633974483,0.0,0.5235987755982988,0.0,0.0,0.0,0.0,0.0,0.0,0.0,0.0,0.0,0.0,0.0,0.0,0.0,0.0,False,False,1,False,,0.0,0,,,,True,True,0.009999999999999953,0.0,1.0,0.0,0.0,0.0,0.0
0.5100000000000002,1786132506.1788728,0.003533299997798167,0.0027526999911060557,0.01,READY,0,waiting for deadman,0.0,0.5100000000000002,51,0.0,0.0,0.0,0.0,0.0,0.0,1.0,0.0,0.0,0.0,0.0,0.0,0.0,1.0,-0.016000000000000007,-0.22496149868535165,0.2802328425555495,-0.1305261922200515,0.0,0.0,0.9914448613738105,-0.016000000000000007,-0.22496149868535165,0.2802328425555495,-0.1305261922200515,0.0,0.0,0.9914448613738105,-0.016000000000000007,-0.22496149868535165,0.2802328425555495,-0.1305261922200515,0.0,0.0,0.9914448613738105,-0.016000000000000007,-0.22496149868535165,0.2802328425555495,-0.1305261922200515,0.0,0.0,0.9914448613738105,-0.016000000000000007,-0.22496149868535165,0.2802328425555495,-0.1305261922200515,0.0,0.0,0.9914448613738105,0.0,-0.5235987755982988,0.7853981633974483,0.0,0.5235987755982988,0.0,0.0,-0.5235987755982988,0.7853981633974483,0.0,0.5235987755982988,0.0,0.0,-0.5235987755982988,0.7853981633974483,0.0,0.5235987755982988,0.0,0.0,0.0,0.0,0.0,0.0,0.0,0.0,0.0,0.0,0.0,0.0,0.0,0.0,False,False,1,False,,0.0,0,,,,True,True,0.010000000000000009,0.0,1.0,0.0,0.0,0.0,0.0
0.5200000000000002,1786132506.1816676,0.0029412000003503636,0.0026064999983645976,0.01,READY,0,waiting for deadman,0.0,0.5200000000000002,52,0.0,0.0,0.0,0.0,0.0,0.0,1.0,0.0,0.0,0.0,0.0,0.0,0.0,1.0,-0.016000000000000007,-0.22496149868535165,0.2802328425555495,-0.1305261922200515,0.0,0.0,0.9914448613738105,-0.016000000000000007,-0.22496149868535165,0.2802328425555495,-0.1305261922200515,0.0,0.0,0.9914448613738105,-0.016000000000000007,-0.22496149868535165,0.2802328425555495,-0.1305261922200515,0.0,0.0,0.9914448613738105,-0.016000000000000007,-0.22496149868535165,0.2802328425555495,-0.1305261922200515,0.0,0.0,0.9914448613738105,-0.016000000000000007,-0.22496149868535165,0.2802328425555495,-0.1305261922200515,0.0,0.0,0.9914448613738105,0.0,-0.5235987755982988,0.7853981633974483,0.0,0.5235987755982988,0.0,0.0,-0.5235987755982988,0.7853981633974483,0.0,0.5235987755982988,0.0,0.0,-0.5235987755982988,0.7853981633974483,0.0,0.5235987755982988,0.0,0.0,0.0,0.0,0.0,0.0,0.0,0.0,0.0,0.0,0.0,0.0,0.0,0.0,False,False,1,False,,0.0,0,,,,True,True,0.010000000000000009,0.0,1.0,0.0,0.0,0.0,0.0
0.5300000000000002,1786132506.185009,0.0027898999978788197,0.003157900006044656,0.01,READY,0,waiting for deadman,0.0,0.5300000000000002,53,0.0,0.0,0.0,0.0,0.0,0.0,1.0,0.0,0.0,0.0,0.0,0.0,0.0,1.0,-0.016000000000000007,-0.22496149868535165,0.2802328425555495,-0.1305261922200515,0.0,0.0,0.9914448613738105,-0.016000000000000007,-0.22496149868535165,0.2802328425555495,-0.1305261922200515,0.0,0.0,0.9914448613738105,-0.016000000000000007,-0.22496149868535165,0.2802328425555495,-0.1305261922200515,0.0,0.0,0.9914448613738105,-0.016000000000000007,-0.22496149868535165,0.2802328425555495,-0.1305261922200515,0.0,0.0,0.9914448613738105,-0.016000000000000007,-0.22496149868535165,0.2802328425555495,-0.1305261922200515,0.0,0.0,0.9914448613738105,0.0,-0.5235987755982988,0.7853981633974483,0.0,0.5235987755982988,0.0,0.0,-0.5235987755982988,0.7853981633974483,0.0,0.5235987755982988,0.0,0.0,-0.5235987755982988,0.7853981633974483,0.0,0.5235987755982988,0.0,0.0,0.0,0.0,0.0,0.0,0.0,0.0,0.0,0.0,0.0,0.0,0.0,0.0,False,False,1,False,,0.0,0,,,,True,True,0.010000000000000009,0.0,1.0,0.0,0.0,0.0,0.0
0.5400000000000003,1786132506.190226,0.0034739999973680824,0.004901099993730895,0.01,READY,0,waiting for deadman,0.0,0.5400000000000003,54,0.0,0.0,0.0,0.0,0.0,0.0,1.0,0.0,0.0,0.0,0.0,0.0,0.0,1.0,-0.016000000000000007,-0.22496149868535165,0.2802328425555495,-0.1305261922200515,0.0,0.0,0.9914448613738105,-0.016000000000000007,-0.22496149868535165,0.2802328425555495,-0.1305261922200515,0.0,0.0,0.9914448613738105,-0.016000000000000007,-0.22496149868535165,0.2802328425555495,-0.1305261922200515,0.0,0.0,0.9914448613738105,-0.016000000000000007,-0.22496149868535165,0.2802328425555495,-0.1305261922200515,0.0,0.0,0.9914448613738105,-0.016000000000000007,-0.22496149868535165,0.2802328425555495,-0.1305261922200515,0.0,0.0,0.9914448613738105,0.0,-0.5235987755982988,0.7853981633974483,0.0,0.5235987755982988,0.0,0.0,-0.5235987755982988,0.7853981633974483,0.0,0.5235987755982988,0.0,0.0,-0.5235987755982988,0.7853981633974483,0.0,0.5235987755982988,0.0,0.0,0.0,0.0,0.0,0.0,0.0,0.0,0.0,0.0,0.0,0.0,0.0,0.0,False,False,1,False,,0.0,0,,,,True,True,0.010000000000000009,0.0,1.0,0.0,0.0,0.0,0.0
0.5500000000000003,1786132506.1950336,0.005299399999785237,0.004408299995702691,0.01,READY,0,waiting for deadman,0.0,0.5500000000000003,55,0.0,0.0,0.0,0.0,0.0,0.0,1.0,0.0,0.0,0.0,0.0,0.0,0.0,1.0,-0.016000000000000007,-0.22496149868535165,0.2802328425555495,-0.1305261922200515,0.0,0.0,0.9914448613738105,-0.016000000000000007,-0.22496149868535165,0.2802328425555495,-0.1305261922200515,0.0,0.0,0.9914448613738105,-0.016000000000000007,-0.22496149868535165,0.2802328425555495,-0.1305261922200515,0.0,0.0,0.9914448613738105,-0.016000000000000007,-0.22496149868535165,0.2802328425555495,-0.1305261922200515,0.0,0.0,0.9914448613738105,-0.016000000000000007,-0.22496149868535165,0.2802328425555495,-0.1305261922200515,0.0,0.0,0.9914448613738105,0.0,-0.5235987755982988,0.7853981633974483,0.0,0.5235987755982988,0.0,0.0,-0.5235987755982988,0.7853981633974483,0.0,0.5235987755982988,0.0,0.0,-0.5235987755982988,0.7853981633974483,0.0,0.5235987755982988,0.0,0.0,0.0,0.0,0.0,0.0,0.0,0.0,0.0,0.0,0.0,0.0,0.0,0.0,False,False,1,False,,0.0,0,,,,True,True,0.010000000000000009,0.0,1.0,0.0,0.0,0.0,0.0
0.5600000000000003,1786132506.1994832,0.004682000013417564,0.004176500005996786,0.01,READY,0,waiting for deadman,0.0,0.5600000000000003,56,0.0,0.0,0.0,0.0,0.0,0.0,1.0,0.0,0.0,0.0,0.0,0.0,0.0,1.0,-0.016000000000000007,-0.22496149868535165,0.2802328425555495,-0.1305261922200515,0.0,0.0,0.9914448613738105,-0.016000000000000007,-0.22496149868535165,0.2802328425555495,-0.1305261922200515,0.0,0.0,0.9914448613738105,-0.016000000000000007,-0.22496149868535165,0.2802328425555495,-0.1305261922200515,0.0,0.0,0.9914448613738105,-0.016000000000000007,-0.22496149868535165,0.2802328425555495,-0.1305261922200515,0.0,0.0,0.9914448613738105,-0.016000000000000007,-0.22496149868535165,0.2802328425555495,-0.1305261922200515,0.0,0.0,0.9914448613738105,0.0,-0.5235987755982988,0.7853981633974483,0.0,0.5235987755982988,0.0,0.0,-0.5235987755982988,0.7853981633974483,0.0,0.5235987755982988,0.0,0.0,-0.5235987755982988,0.7853981633974483,0.0,0.5235987755982988,0.0,0.0,0.0,0.0,0.0,0.0,0.0,0.0,0.0,0.0,0.0,0.0,0.0,0.0,False,False,1,False,,0.0,0,,,,True,True,0.010000000000000009,0.0,1.0,0.0,0.0,0.0,0.0
0.5700000000000003,1786132506.2039707,0.004491699990467168,0.004172400003881194,0.01,READY,0,waiting for deadman,0.0,0.5700000000000003,57,0.0,0.0,0.0,0.0,0.0,0.0,1.0,0.0,0.0,0.0,0.0,0.0,0.0,1.0,-0.016000000000000007,-0.22496149868535165,0.2802328425555495,-0.1305261922200515,0.0,0.0,0.9914448613738105,-0.016000000000000007,-0.22496149868535165,0.2802328425555495,-0.1305261922200515,0.0,0.0,0.9914448613738105,-0.016000000000000007,-0.22496149868535165,0.2802328425555495,-0.1305261922200515,0.0,0.0,0.9914448613738105,-0.016000000000000007,-0.22496149868535165,0.2802328425555495,-0.1305261922200515,0.0,0.0,0.9914448613738105,-0.016000000000000007,-0.22496149868535165,0.2802328425555495,-0.1305261922200515,0.0,0.0,0.9914448613738105,0.0,-0.5235987755982988,0.7853981633974483,0.0,0.5235987755982988,0.0,0.0,-0.5235987755982988,0.7853981633974483,0.0,0.5235987755982988,0.0,0.0,-0.5235987755982988,0.7853981633974483,0.0,0.5235987755982988,0.0,0.0,0.0,0.0,0.0,0.0,0.0,0.0,0.0,0.0,0.0,0.0,0.0,0.0,False,False,1,False,,0.0,0,,,,True,True,0.010000000000000009,0.0,1.0,0.0,0.0,0.0,0.0
0.5800000000000003,1786132506.2077188,0.004437199997482821,0.0034838999999919906,0.01,READY,0,waiting for deadman,0.0,0.5800000000000003,58,0.0,0.0,0.0,0.0,0.0,0.0,1.0,0.0,0.0,0.0,0.0,0.0,0.0,1.0,-0.016000000000000007,-0.22496149868535165,0.2802328425555495,-0.1305261922200515,0.0,0.0,0.9914448613738105,-0.016000000000000007,-0.22496149868535165,0.2802328425555495,-0.1305261922200515,0.0,0.0,0.9914448613738105,-0.016000000000000007,-0.22496149868535165,0.2802328425555495,-0.1305261922200515,0.0,0.0,0.9914448613738105,-0.016000000000000007,-0.22496149868535165,0.2802328425555495,-0.1305261922200515,0.0,0.0,0.9914448613738105,-0.016000000000000007,-0.22496149868535165,0.2802328425555495,-0.1305261922200515,0.0,0.0,0.9914448613738105,0.0,-0.5235987755982988,0.7853981633974483,0.0,0.5235987755982988,0.0,0.0,-0.5235987755982988,0.7853981633974483,0.0,0.5235987755982988,0.0,0.0,-0.5235987755982988,0.7853981633974483,0.0,0.5235987755982988,0.0,0.0,0.0,0.0,0.0,0.0,0.0,0.0,0.0,0.0,0.0,0.0,0.0,0.0,False,False,1,False,,0.0,0,,,,True,True,0.010000000000000009,0.0,1.0,0.0,0.0,0.0,0.0
0.5900000000000003,1786132506.2106366,0.0036874000070383772,0.0027138000004924834,0.01,READY,0,waiting for deadman,0.0,0.5900000000000003,59,0.0,0.0,0.0,0.0,0.0,0.0,1.0,0.0,0.0,0.0,0.0,0.0,0.0,1.0,-0.016000000000000007,-0.22496149868535165,0.2802328425555495,-0.1305261922200515,0.0,0.0,0.9914448613738105,-0.016000000000000007,-0.22496149868535165,0.2802328425555495,-0.1305261922200515,0.0,0.0,0.9914448613738105,-0.016000000000000007,-0.22496149868535165,0.2802328425555495,-0.1305261922200515,0.0,0.0,0.9914448613738105,-0.016000000000000007,-0.22496149868535165,0.2802328425555495,-0.1305261922200515,0.0,0.0,0.9914448613738105,-0.016000000000000007,-0.22496149868535165,0.2802328425555495,-0.1305261922200515,0.0,0.0,0.9914448613738105,0.0,-0.5235987755982988,0.7853981633974483,0.0,0.5235987755982988,0.0,0.0,-0.5235987755982988,0.7853981633974483,0.0,0.5235987755982988,0.0,0.0,-0.5235987755982988,0.7853981633974483,0.0,0.5235987755982988,0.0,0.0,0.0,0.0,0.0,0.0,0.0,0.0,0.0,0.0,0.0,0.0,0.0,0.0,False,False,1,False,,0.0,0,,,,True,True,0.010000000000000009,0.0,1.0,0.0,0.0,0.0,0.0
0.6000000000000003,1786132506.2134726,0.0029076999926473945,0.0026419000059831887,0.01,READY,0,waiting for deadman,0.0,0.6000000000000003,60,0.0,0.0,0.0,0.0,0.0,0.0,1.0,0.0,0.0,0.0,0.0,0.0,0.0,1.0,-0.016000000000000007,-0.22496149868535165,0.2802328425555495,-0.1305261922200515,0.0,0.0,0.9914448613738105,-0.016000000000000007,-0.22496149868535165,0.2802328425555495,-0.1305261922200515,0.0,0.0,0.9914448613738105,-0.016000000000000007,-0.22496149868535165,0.2802328425555495,-0.1305261922200515,0.0,0.0,0.9914448613738105,-0.016000000000000007,-0.22496149868535165,0.2802328425555495,-0.1305261922200515,0.0,0.0,0.9914448613738105,-0.016000000000000007,-0.22496149868535165,0.2802328425555495,-0.1305261922200515,0.0,0.0,0.9914448613738105,0.0,-0.5235987755982988,0.7853981633974483,0.0,0.5235987755982988,0.0,0.0,-0.5235987755982988,0.7853981633974483,0.0,0.5235987755982988,0.0,0.0,-0.5235987755982988,0.7853981633974483,0.0,0.5235987755982988,0.0,0.0,0.0,0.0,0.0,0.0,0.0,0.0,0.0,0.0,0.0,0.0,0.0,0.0,False,False,1,False,,0.0,0,,,,True,True,0.010000000000000009,0.0,1.0,0.0,0.0,0.0,0.0
0.6100000000000003,1786132506.2165031,0.0028288000030443072,0.002843499998562038,0.01,READY,0,waiting for deadman,0.0,0.6100000000000003,61,0.0,0.0,0.0,0.0,0.0,0.0,1.0,0.0,0.0,0.0,0.0,0.0,0.0,1.0,-0.016000000000000007,-0.22496149868535165,0.2802328425555495,-0.1305261922200515,0.0,0.0,0.9914448613738105,-0.016000000000000007,-0.22496149868535165,0.2802328425555495,-0.1305261922200515,0.0,0.0,0.9914448613738105,-0.016000000000000007,-0.22496149868535165,0.2802328425555495,-0.1305261922200515,0.0,0.0,0.9914448613738105,-0.016000000000000007,-0.22496149868535165,0.2802328425555495,-0.1305261922200515,0.0,0.0,0.9914448613738105,-0.016000000000000007,-0.22496149868535165,0.2802328425555495,-0.1305261922200515,0.0,0.0,0.9914448613738105,0.0,-0.5235987755982988,0.7853981633974483,0.0,0.5235987755982988,0.0,0.0,-0.5235987755982988,0.7853981633974483,0.0,0.5235987755982988,0.0,0.0,-0.5235987755982988,0.7853981633974483,0.0,0.5235987755982988,0.0,0.0,0.0,0.0,0.0,0.0,0.0,0.0,0.0,0.0,0.0,0.0,0.0,0.0,False,False,1,False,,0.0,0,,,,True,True,0.010000000000000009,0.0,1.0,0.0,0.0,0.0,0.0
0.6200000000000003,1786132506.2193518,0.0030369000014616176,0.002655299991602078,0.01,READY,0,waiting for deadman,0.0,0.6200000000000003,62,0.0,0.0,0.0,0.0,0.0,0.0,1.0,0.0,0.0,0.0,0.0,0.0,0.0,1.0,-0.016000000000000007,-0.22496149868535165,0.2802328425555495,-0.1305261922200515,0.0,0.0,0.9914448613738105,-0.016000000000000007,-0.22496149868535165,0.2802328425555495,-0.1305261922200515,0.0,0.0,0.9914448613738105,-0.016000000000000007,-0.22496149868535165,0.2802328425555495,-0.1305261922200515,0.0,0.0,0.9914448613738105,-0.016000000000000007,-0.22496149868535165,0.2802328425555495,-0.1305261922200515,0.0,0.0,0.9914448613738105,-0.016000000000000007,-0.22496149868535165,0.2802328425555495,-0.1305261922200515,0.0,0.0,0.9914448613738105,0.0,-0.5235987755982988,0.7853981633974483,0.0,0.5235987755982988,0.0,0.0,-0.5235987755982988,0.7853981633974483,0.0,0.5235987755982988,0.0,0.0,-0.5235987755982988,0.7853981633974483,0.0,0.5235987755982988,0.0,0.0,0.0,0.0,0.0,0.0,0.0,0.0,0.0,0.0,0.0,0.0,0.0,0.0,False,False,1,False,,0.0,0,,,,True,True,0.010000000000000009,0.0,1.0,0.0,0.0,0.0,0.0
0.6300000000000003,1786132506.2224662,0.002873699995689094,0.00289649999467656,0.01,READY,0,waiting for deadman,0.0,0.6300000000000003,63,0.0,0.0,0.0,0.0,0.0,0.0,1.0,0.0,0.0,0.0,0.0,0.0,0.0,1.0,-0.016000000000000007,-0.22496149868535165,0.2802328425555495,-0.1305261922200515,0.0,0.0,0.9914448613738105,-0.016000000000000007,-0.22496149868535165,0.2802328425555495,-0.1305261922200515,0.0,0.0,0.9914448613738105,-0.016000000000000007,-0.22496149868535165,0.2802328425555495,-0.1305261922200515,0.0,0.0,0.9914448613738105,-0.016000000000000007,-0.22496149868535165,0.2802328425555495,-0.1305261922200515,0.0,0.0,0.9914448613738105,-0.016000000000000007,-0.22496149868535165,0.2802328425555495,-0.1305261922200515,0.0,0.0,0.9914448613738105,0.0,-0.5235987755982988,0.7853981633974483,0.0,0.5235987755982988,0.0,0.0,-0.5235987755982988,0.7853981633974483,0.0,0.5235987755982988,0.0,0.0,-0.5235987755982988,0.7853981633974483,0.0,0.5235987755982988,0.0,0.0,0.0,0.0,0.0,0.0,0.0,0.0,0.0,0.0,0.0,0.0,0.0,0.0,False,False,1,False,,0.0,0,,,,True,True,0.010000000000000009,0.0,1.0,0.0,0.0,0.0,0.0
0.6400000000000003,1786132506.2255588,0.0031291000050259754,0.0028596999909495935,0.01,READY,0,waiting for deadman,0.0,0.6400000000000003,64,0.0,0.0,0.0,0.0,0.0,0.0,1.0,0.0,0.0,0.0,0.0,0.0,0.0,1.0,-0.016000000000000007,-0.22496149868535165,0.2802328425555495,-0.1305261922200515,0.0,0.0,0.9914448613738105,-0.016000000000000007,-0.22496149868535165,0.2802328425555495,-0.1305261922200515,0.0,0.0,0.9914448613738105,-0.016000000000000007,-0.22496149868535165,0.2802328425555495,-0.1305261922200515,0.0,0.0,0.9914448613738105,-0.016000000000000007,-0.22496149868535165,0.2802328425555495,-0.1305261922200515,0.0,0.0,0.9914448613738105,-0.016000000000000007,-0.22496149868535165,0.2802328425555495,-0.1305261922200515,0.0,0.0,0.9914448613738105,0.0,-0.5235987755982988,0.7853981633974483,0.0,0.5235987755982988,0.0,0.0,-0.5235987755982988,0.7853981633974483,0.0,0.5235987755982988,0.0,0.0,-0.5235987755982988,0.7853981633974483,0.0,0.5235987755982988,0.0,0.0,0.0,0.0,0.0,0.0,0.0,0.0,0.0,0.0,0.0,0.0,0.0,0.0,False,False,1,False,,0.0,0,,,,True,True,0.010000000000000009,0.0,1.0,0.0,0.0,0.0,0.0
0.6500000000000004,1786132506.2283769,0.0030483000009553507,0.0026292999973520637,0.01,READY,0,waiting for deadman,0.0,0.6500000000000004,65,0.0,0.0,0.0,0.0,0.0,0.0,1.0,0.0,0.0,0.0,0.0,0.0,0.0,1.0,-0.016000000000000007,-0.22496149868535165,0.2802328425555495,-0.1305261922200515,0.0,0.0,0.9914448613738105,-0.016000000000000007,-0.22496149868535165,0.2802328425555495,-0.1305261922200515,0.0,0.0,0.9914448613738105,-0.016000000000000007,-0.22496149868535165,0.2802328425555495,-0.1305261922200515,0.0,0.0,0.9914448613738105,-0.016000000000000007,-0.22496149868535165,0.2802328425555495,-0.1305261922200515,0.0,0.0,0.9914448613738105,-0.016000000000000007,-0.22496149868535165,0.2802328425555495,-0.1305261922200515,0.0,0.0,0.9914448613738105,0.0,-0.5235987755982988,0.7853981633974483,0.0,0.5235987755982988,0.0,0.0,-0.5235987755982988,0.7853981633974483,0.0,0.5235987755982988,0.0,0.0,-0.5235987755982988,0.7853981633974483,0.0,0.5235987755982988,0.0,0.0,0.0,0.0,0.0,0.0,0.0,0.0,0.0,0.0,0.0,0.0,0.0,0.0,False,False,1,False,,0.0,0,,,,True,True,0.010000000000000009,0.0,1.0,0.0,0.0,0.0,0.0
0.6600000000000004,1786132506.2315307,0.0028083999932277948,0.0029753999988315627,0.01,READY,0,waiting for deadman,0.0,0.6600000000000004,66,0.0,0.0,0.0,0.0,0.0,0.0,1.0,0.0,0.0,0.0,0.0,0.0,0.0,1.0,-0.016000000000000007,-0.22496149868535165,0.2802328425555495,-0.1305261922200515,0.0,0.0,0.9914448613738105,-0.016000000000000007,-0.22496149868535165,0.2802328425555495,-0.1305261922200515,0.0,0.0,0.9914448613738105,-0.016000000000000007,-0.22496149868535165,0.2802328425555495,-0.1305261922200515,0.0,0.0,0.9914448613738105,-0.016000000000000007,-0.22496149868535165,0.2802328425555495,-0.1305261922200515,0.0,0.0,0.9914448613738105,-0.016000000000000007,-0.22496149868535165,0.2802328425555495,-0.1305261922200515,0.0,0.0,0.9914448613738105,0.0,-0.5235987755982988,0.7853981633974483,0.0,0.5235987755982988,0.0,0.0,-0.5235987755982988,0.7853981633974483,0.0,0.5235987755982988,0.0,0.0,-0.5235987755982988,0.7853981633974483,0.0,0.5235987755982988,0.0,0.0,0.0,0.0,0.0,0.0,0.0,0.0,0.0,0.0,0.0,0.0,0.0,0.0,False,False,1,False,,0.0,0,,,,True,True,0.010000000000000009,0.0,1.0,0.0,0.0,0.0,0.0
0.6700000000000004,1786132506.234689,0.003323400000226684,0.0028095000016037375,0.01,READY,0,waiting for deadman,0.0,0.6700000000000004,67,0.0,0.0,0.0,0.0,0.0,0.0,1.0,0.0,0.0,0.0,0.0,0.0,0.0,1.0,-0.016000000000000007,-0.22496149868535165,0.2802328425555495,-0.1305261922200515,0.0,0.0,0.9914448613738105,-0.016000000000000007,-0.22496149868535165,0.2802328425555495,-0.1305261922200515,0.0,0.0,0.9914448613738105,-0.016000000000000007,-0.22496149868535165,0.2802328425555495,-0.1305261922200515,0.0,0.0,0.9914448613738105,-0.016000000000000007,-0.22496149868535165,0.2802328425555495,-0.1305261922200515,0.0,0.0,0.9914448613738105,-0.016000000000000007,-0.22496149868535165,0.2802328425555495,-0.1305261922200515,0.0,0.0,0.9914448613738105,0.0,-0.5235987755982988,0.7853981633974483,0.0,0.5235987755982988,0.0,0.0,-0.5235987755982988,0.7853981633974483,0.0,0.5235987755982988,0.0,0.0,-0.5235987755982988,0.7853981633974483,0.0,0.5235987755982988,0.0,0.0,0.0,0.0,0.0,0.0,0.0,0.0,0.0,0.0,0.0,0.0,0.0,0.0,False,False,1,False,,0.0,0,,,,True,True,0.010000000000000009,0.0,1.0,0.0,0.0,0.0,0.0
0.6800000000000004,1786132506.237584,0.002992400011862628,0.0027125000051455572,0.01,READY,0,waiting for deadman,0.0,0.6800000000000004,68,0.0,0.0,0.0,0.0,0.0,0.0,1.0,0.0,0.0,0.0,0.0,0.0,0.0,1.0,-0.016000000000000007,-0.22496149868535165,0.2802328425555495,-0.1305261922200515,0.0,0.0,0.9914448613738105,-0.016000000000000007,-0.22496149868535165,0.2802328425555495,-0.1305261922200515,0.0,0.0,0.9914448613738105,-0.016000000000000007,-0.22496149868535165,0.2802328425555495,-0.1305261922200515,0.0,0.0,0.9914448613738105,-0.016000000000000007,-0.22496149868535165,0.2802328425555495,-0.1305261922200515,0.0,0.0,0.9914448613738105,-0.016000000000000007,-0.22496149868535165,0.2802328425555495,-0.1305261922200515,0.0,0.0,0.9914448613738105,0.0,-0.5235987755982988,0.7853981633974483,0.0,0.5235987755982988,0.0,0.0,-0.5235987755982988,0.7853981633974483,0.0,0.5235987755982988,0.0,0.0,-0.5235987755982988,0.7853981633974483,0.0,0.5235987755982988,0.0,0.0,0.0,0.0,0.0,0.0,0.0,0.0,0.0,0.0,0.0,0.0,0.0,0.0,False,False,1,False,,0.0,0,,,,True,True,0.010000000000000009,0.0,1.0,0.0,0.0,0.0,0.0
0.6900000000000004,1786132506.2413647,0.0029020999936619774,0.0035914999898523092,0.01,READY,0,waiting for deadman,0.0,0.6900000000000004,69,0.0,0.0,0.0,0.0,0.0,0.0,1.0,0.0,0.0,0.0,0.0,0.0,0.0,1.0,-0.016000000000000007,-0.22496149868535165,0.2802328425555495,-0.1305261922200515,0.0,0.0,0.9914448613738105,-0.016000000000000007,-0.22496149868535165,0.2802328425555495,-0.1305261922200515,0.0,0.0,0.9914448613738105,-0.016000000000000007,-0.22496149868535165,0.2802328425555495,-0.1305261922200515,0.0,0.0,0.9914448613738105,-0.016000000000000007,-0.22496149868535165,0.2802328425555495,-0.1305261922200515,0.0,0.0,0.9914448613738105,-0.016000000000000007,-0.22496149868535165,0.2802328425555495,-0.1305261922200515,0.0,0.0,0.9914448613738105,0.0,-0.5235987755982988,0.7853981633974483,0.0,0.5235987755982988,0.0,0.0,-0.5235987755982988,0.7853981633974483,0.0,0.5235987755982988,0.0,0.0,-0.5235987755982988,0.7853981633974483,0.0,0.5235987755982988,0.0,0.0,0.0,0.0,0.0,0.0,0.0,0.0,0.0,0.0,0.0,0.0,0.0,0.0,False,False,1,False,,0.0,0,,,,True,True,0.010000000000000009,0.0,1.0,0.0,0.0,0.0,0.0
0.7000000000000004,1786132506.2443023,0.0037976000021444634,0.002731299988226965,0.01,READY,0,waiting for deadman,0.0,0.7000000000000004,70,0.0,0.0,0.0,0.0,0.0,0.0,1.0,0.0,0.0,0.0,0.0,0.0,0.0,1.0,-0.016000000000000007,-0.22496149868535165,0.2802328425555495,-0.1305261922200515,0.0,0.0,0.9914448613738105,-0.016000000000000007,-0.22496149868535165,0.2802328425555495,-0.1305261922200515,0.0,0.0,0.9914448613738105,-0.016000000000000007,-0.22496149868535165,0.2802328425555495,-0.1305261922200515,0.0,0.0,0.9914448613738105,-0.016000000000000007,-0.22496149868535165,0.2802328425555495,-0.1305261922200515,0.0,0.0,0.9914448613738105,-0.016000000000000007,-0.22496149868535165,0.2802328425555495,-0.1305261922200515,0.0,0.0,0.9914448613738105,0.0,-0.5235987755982988,0.7853981633974483,0.0,0.5235987755982988,0.0,0.0,-0.5235987755982988,0.7853981633974483,0.0,0.5235987755982988,0.0,0.0,-0.5235987755982988,0.7853981633974483,0.0,0.5235987755982988,0.0,0.0,0.0,0.0,0.0,0.0,0.0,0.0,0.0,0.0,0.0,0.0,0.0,0.0,False,False,1,False,,0.0,0,,,,True,True,0.010000000000000009,0.0,1.0,0.0,0.0,0.0,0.0
0.7100000000000004,1786132506.2479548,0.0029707999929087237,0.003412999998545274,0.01,READY,0,waiting for deadman,0.0,0.7100000000000004,71,0.0,0.0,0.0,0.0,0.0,0.0,1.0,0.0,0.0,0.0,0.0,0.0,0.0,1.0,-0.016000000000000007,-0.22496149868535165,0.2802328425555495,-0.1305261922200515,0.0,0.0,0.9914448613738105,-0.016000000000000007,-0.22496149868535165,0.2802328425555495,-0.1305261922200515,0.0,0.0,0.9914448613738105,-0.016000000000000007,-0.22496149868535165,0.2802328425555495,-0.1305261922200515,0.0,0.0,0.9914448613738105,-0.016000000000000007,-0.22496149868535165,0.2802328425555495,-0.1305261922200515,0.0,0.0,0.9914448613738105,-0.016000000000000007,-0.22496149868535165,0.2802328425555495,-0.1305261922200515,0.0,0.0,0.9914448613738105,0.0,-0.5235987755982988,0.7853981633974483,0.0,0.5235987755982988,0.0,0.0,-0.5235987755982988,0.7853981633974483,0.0,0.5235987755982988,0.0,0.0,-0.5235987755982988,0.7853981633974483,0.0,0.5235987755982988,0.0,0.0,0.0,0.0,0.0,0.0,0.0,0.0,0.0,0.0,0.0,0.0,0.0,0.0,False,False,1,False,,0.0,0,,,,True,True,0.010000000000000009,0.0,1.0,0.0,0.0,0.0,0.0
0.7200000000000004,1786132506.2507954,0.0036158000002615154,0.0026371999992989004,0.01,READY,0,waiting for deadman,0.0,0.7200000000000004,72,0.0,0.0,0.0,0.0,0.0,0.0,1.0,0.0,0.0,0.0,0.0,0.0,0.0,1.0,-0.016000000000000007,-0.22496149868535165,0.2802328425555495,-0.1305261922200515,0.0,0.0,0.9914448613738105,-0.016000000000000007,-0.22496149868535165,0.2802328425555495,-0.1305261922200515,0.0,0.0,0.9914448613738105,-0.016000000000000007,-0.22496149868535165,0.2802328425555495,-0.1305261922200515,0.0,0.0,0.9914448613738105,-0.016000000000000007,-0.22496149868535165,0.2802328425555495,-0.1305261922200515,0.0,0.0,0.9914448613738105,-0.016000000000000007,-0.22496149868535165,0.2802328425555495,-0.1305261922200515,0.0,0.0,0.9914448613738105,0.0,-0.5235987755982988,0.7853981633974483,0.0,0.5235987755982988,0.0,0.0,-0.5235987755982988,0.7853981633974483,0.0,0.5235987755982988,0.0,0.0,-0.5235987755982988,0.7853981633974483,0.0,0.5235987755982988,0.0,0.0,0.0,0.0,0.0,0.0,0.0,0.0,0.0,0.0,0.0,0.0,0.0,0.0,False,False,1,False,,0.0,0,,,,True,True,0.010000000000000009,0.0,1.0,0.0,0.0,0.0,0.0
0.7300000000000004,1786132506.2535076,0.002817900007357821,0.0025316999963251874,0.01,READY,0,waiting for deadman,0.0,0.7300000000000004,73,0.0,0.0,0.0,0.0,0.0,0.0,1.0,0.0,0.0,0.0,0.0,0.0,0.0,1.0,-0.016000000000000007,-0.22496149868535165,0.2802328425555495,-0.1305261922200515,0.0,0.0,0.9914448613738105,-0.016000000000000007,-0.22496149868535165,0.2802328425555495,-0.1305261922200515,0.0,0.0,0.9914448613738105,-0.016000000000000007,-0.22496149868535165,0.2802328425555495,-0.1305261922200515,0.0,0.0,0.9914448613738105,-0.016000000000000007,-0.22496149868535165,0.2802328425555495,-0.1305261922200515,0.0,0.0,0.9914448613738105,-0.016000000000000007,-0.22496149868535165,0.2802328425555495,-0.1305261922200515,0.0,0.0,0.9914448613738105,0.0,-0.5235987755982988,0.7853981633974483,0.0,0.5235987755982988,0.0,0.0,-0.5235987755982988,0.7853981633974483,0.0,0.5235987755982988,0.0,0.0,-0.5235987755982988,0.7853981633974483,0.0,0.5235987755982988,0.0,0.0,0.0,0.0,0.0,0.0,0.0,0.0,0.0,0.0,0.0,0.0,0.0,0.0,False,False,1,False,,0.0,0,,,,True,True,0.010000000000000009,0.0,1.0,0.0,0.0,0.0,0.0
0.7400000000000004,1786132506.2562706,0.0027061000000685453,0.0025891999976010993,0.01,READY,0,waiting for deadman,0.0,0.7400000000000004,74,0.0,0.0,0.0,0.0,0.0,0.0,1.0,0.0,0.0,0.0,0.0,0.0,0.0,1.0,-0.016000000000000007,-0.22496149868535165,0.2802328425555495,-0.1305261922200515,0.0,0.0,0.9914448613738105,-0.016000000000000007,-0.22496149868535165,0.2802328425555495,-0.1305261922200515,0.0,0.0,0.9914448613738105,-0.016000000000000007,-0.22496149868535165,0.2802328425555495,-0.1305261922200515,0.0,0.0,0.9914448613738105,-0.016000000000000007,-0.22496149868535165,0.2802328425555495,-0.1305261922200515,0.0,0.0,0.9914448613738105,-0.016000000000000007,-0.22496149868535165,0.2802328425555495,-0.1305261922200515,0.0,0.0,0.9914448613738105,0.0,-0.5235987755982988,0.7853981633974483,0.0,0.5235987755982988,0.0,0.0,-0.5235987755982988,0.7853981633974483,0.0,0.5235987755982988,0.0,0.0,-0.5235987755982988,0.7853981633974483,0.0,0.5235987755982988,0.0,0.0,0.0,0.0,0.0,0.0,0.0,0.0,0.0,0.0,0.0,0.0,0.0,0.0,False,False,1,False,,0.0,0,,,,True,True,0.010000000000000009,0.0,1.0,0.0,0.0,0.0,0.0
0.7500000000000004,1786132506.2591324,0.002789699996355921,0.002660800004377961,0.01,READY,0,waiting for deadman,0.0,0.7500000000000004,75,0.0,0.0,0.0,0.0,0.0,0.0,1.0,0.0,0.0,0.0,0.0,0.0,0.0,1.0,-0.016000000000000007,-0.22496149868535165,0.2802328425555495,-0.1305261922200515,0.0,0.0,0.9914448613738105,-0.016000000000000007,-0.22496149868535165,0.2802328425555495,-0.1305261922200515,0.0,0.0,0.9914448613738105,-0.016000000000000007,-0.22496149868535165,0.2802328425555495,-0.1305261922200515,0.0,0.0,0.9914448613738105,-0.016000000000000007,-0.22496149868535165,0.2802328425555495,-0.1305261922200515,0.0,0.0,0.9914448613738105,-0.016000000000000007,-0.22496149868535165,0.2802328425555495,-0.1305261922200515,0.0,0.0,0.9914448613738105,0.0,-0.5235987755982988,0.7853981633974483,0.0,0.5235987755982988,0.0,0.0,-0.5235987755982988,0.7853981633974483,0.0,0.5235987755982988,0.0,0.0,-0.5235987755982988,0.7853981633974483,0.0,0.5235987755982988,0.0,0.0,0.0,0.0,0.0,0.0,0.0,0.0,0.0,0.0,0.0,0.0,0.0,0.0,False,False,1,False,,0.0,0,,,,True,True,0.010000000000000009,0.0,1.0,0.0,0.0,0.0,0.0
0.7600000000000005,1786132506.2623968,0.0028473999991547316,0.003078199995798059,0.01,READY,0,waiting for deadman,0.0,0.7600000000000005,76,0.0,0.0,0.0,0.0,0.0,0.0,1.0,0.0,0.0,0.0,0.0,0.0,0.0,1.0,-0.016000000000000007,-0.22496149868535165,0.2802328425555495,-0.1305261922200515,0.0,0.0,0.9914448613738105,-0.016000000000000007,-0.22496149868535165,0.2802328425555495,-0.1305261922200515,0.0,0.0,0.9914448613738105,-0.016000000000000007,-0.22496149868535165,0.2802328425555495,-0.1305261922200515,0.0,0.0,0.9914448613738105,-0.016000000000000007,-0.22496149868535165,0.2802328425555495,-0.1305261922200515,0.0,0.0,0.9914448613738105,-0.016000000000000007,-0.22496149868535165,0.2802328425555495,-0.1305261922200515,0.0,0.0,0.9914448613738105,0.0,-0.5235987755982988,0.7853981633974483,0.0,0.5235987755982988,0.0,0.0,-0.5235987755982988,0.7853981633974483,0.0,0.5235987755982988,0.0,0.0,-0.5235987755982988,0.7853981633974483,0.0,0.5235987755982988,0.0,0.0,0.0,0.0,0.0,0.0,0.0,0.0,0.0,0.0,0.0,0.0,0.0,0.0,False,False,1,False,,0.0,0,,,,True,True,0.010000000000000009,0.0,1.0,0.0,0.0,0.0,0.0
0.7700000000000005,1786132506.2654717,0.0032796000014059246,0.002873099991120398,0.01,READY,0,waiting for deadman,0.0,0.7700000000000005,77,0.0,0.0,0.0,0.0,0.0,0.0,1.0,0.0,0.0,0.0,0.0,0.0,0.0,1.0,-0.016000000000000007,-0.22496149868535165,0.2802328425555495,-0.1305261922200515,0.0,0.0,0.9914448613738105,-0.016000000000000007,-0.22496149868535165,0.2802328425555495,-0.1305261922200515,0.0,0.0,0.9914448613738105,-0.016000000000000007,-0.22496149868535165,0.2802328425555495,-0.1305261922200515,0.0,0.0,0.9914448613738105,-0.016000000000000007,-0.22496149868535165,0.2802328425555495,-0.1305261922200515,0.0,0.0,0.9914448613738105,-0.016000000000000007,-0.22496149868535165,0.2802328425555495,-0.1305261922200515,0.0,0.0,0.9914448613738105,0.0,-0.5235987755982988,0.7853981633974483,0.0,0.5235987755982988,0.0,0.0,-0.5235987755982988,0.7853981633974483,0.0,0.5235987755982988,0.0,0.0,-0.5235987755982988,0.7853981633974483,0.0,0.5235987755982988,0.0,0.0,0.0,0.0,0.0,0.0,0.0,0.0,0.0,0.0,0.0,0.0,0.0,0.0,False,False,1,False,,0.0,0,,,,True,True,0.010000000000000009,0.0,1.0,0.0,0.0,0.0,0.0
0.7800000000000005,1786132506.2684786,0.0030875000084051862,0.0027926000038860366,0.01,READY,0,waiting for deadman,0.0,0.7800000000000005,78,0.0,0.0,0.0,0.0,0.0,0.0,1.0,0.0,0.0,0.0,0.0,0.0,0.0,1.0,-0.016000000000000007,-0.22496149868535165,0.2802328425555495,-0.1305261922200515,0.0,0.0,0.9914448613738105,-0.016000000000000007,-0.22496149868535165,0.2802328425555495,-0.1305261922200515,0.0,0.0,0.9914448613738105,-0.016000000000000007,-0.22496149868535165,0.2802328425555495,-0.1305261922200515,0.0,0.0,0.9914448613738105,-0.016000000000000007,-0.22496149868535165,0.2802328425555495,-0.1305261922200515,0.0,0.0,0.9914448613738105,-0.016000000000000007,-0.22496149868535165,0.2802328425555495,-0.1305261922200515,0.0,0.0,0.9914448613738105,0.0,-0.5235987755982988,0.7853981633974483,0.0,0.5235987755982988,0.0,0.0,-0.5235987755982988,0.7853981633974483,0.0,0.5235987755982988,0.0,0.0,-0.5235987755982988,0.7853981633974483,0.0,0.5235987755982988,0.0,0.0,0.0,0.0,0.0,0.0,0.0,0.0,0.0,0.0,0.0,0.0,0.0,0.0,False,False,1,False,,0.0,0,,,,True,True,0.010000000000000009,0.0,1.0,0.0,0.0,0.0,0.0
0.7900000000000005,1786132506.2714944,0.003034899986232631,0.002773300002445467,0.01,READY,0,waiting for deadman,0.0,0.7900000000000005,79,0.0,0.0,0.0,0.0,0.0,0.0,1.0,0.0,0.0,0.0,0.0,0.0,0.0,1.0,-0.016000000000000007,-0.22496149868535165,0.2802328425555495,-0.1305261922200515,0.0,0.0,0.9914448613738105,-0.016000000000000007,-0.22496149868535165,0.2802328425555495,-0.1305261922200515,0.0,0.0,0.9914448613738105,-0.016000000000000007,-0.22496149868535165,0.2802328425555495,-0.1305261922200515,0.0,0.0,0.9914448613738105,-0.016000000000000007,-0.22496149868535165,0.2802328425555495,-0.1305261922200515,0.0,0.0,0.9914448613738105,-0.016000000000000007,-0.22496149868535165,0.2802328425555495,-0.1305261922200515,0.0,0.0,0.9914448613738105,0.0,-0.5235987755982988,0.7853981633974483,0.0,0.5235987755982988,0.0,0.0,-0.5235987755982988,0.7853981633974483,0.0,0.5235987755982988,0.0,0.0,-0.5235987755982988,0.7853981633974483,0.0,0.5235987755982988,0.0,0.0,0.0,0.0,0.0,0.0,0.0,0.0,0.0,0.0,0.0,0.0,0.0,0.0,False,False,1,False,,0.0,0,,,,True,True,0.010000000000000009,0.0,1.0,0.0,0.0,0.0,0.0
0.8000000000000005,1786132506.2750678,0.003038599999854341,0.0033082000009017065,0.01,READY,0,waiting for deadman,0.0,0.8000000000000005,80,0.0,0.0,0.0,0.0,0.0,0.0,1.0,0.0,0.0,0.0,0.0,0.0,0.0,1.0,-0.016000000000000007,-0.22496149868535165,0.2802328425555495,-0.1305261922200515,0.0,0.0,0.9914448613738105,-0.016000000000000007,-0.22496149868535165,0.2802328425555495,-0.1305261922200515,0.0,0.0,0.9914448613738105,-0.016000000000000007,-0.22496149868535165,0.2802328425555495,-0.1305261922200515,0.0,0.0,0.9914448613738105,-0.016000000000000007,-0.22496149868535165,0.2802328425555495,-0.1305261922200515,0.0,0.0,0.9914448613738105,-0.016000000000000007,-0.22496149868535165,0.2802328425555495,-0.1305261922200515,0.0,0.0,0.9914448613738105,0.0,-0.5235987755982988,0.7853981633974483,0.0,0.5235987755982988,0.0,0.0,-0.5235987755982988,0.7853981633974483,0.0,0.5235987755982988,0.0,0.0,-0.5235987755982988,0.7853981633974483,0.0,0.5235987755982988,0.0,0.0,0.0,0.0,0.0,0.0,0.0,0.0,0.0,0.0,0.0,0.0,0.0,0.0,False,False,1,False,,0.0,0,,,,True,True,0.010000000000000009,0.0,1.0,0.0,0.0,0.0,0.0
0.8100000000000005,1786132506.2783017,0.0035044000105699524,0.003037600006791763,0.01,READY,0,waiting for deadman,0.0,0.8100000000000005,81,0.0,0.0,0.0,0.0,0.0,0.0,1.0,0.0,0.0,0.0,0.0,0.0,0.0,1.0,-0.016000000000000007,-0.22496149868535165,0.2802328425555495,-0.1305261922200515,0.0,0.0,0.9914448613738105,-0.016000000000000007,-0.22496149868535165,0.2802328425555495,-0.1305261922200515,0.0,0.0,0.9914448613738105,-0.016000000000000007,-0.22496149868535165,0.2802328425555495,-0.1305261922200515,0.0,0.0,0.9914448613738105,-0.016000000000000007,-0.22496149868535165,0.2802328425555495,-0.1305261922200515,0.0,0.0,0.9914448613738105,-0.016000000000000007,-0.22496149868535165,0.2802328425555495,-0.1305261922200515,0.0,0.0,0.9914448613738105,0.0,-0.5235987755982988,0.7853981633974483,0.0,0.5235987755982988,0.0,0.0,-0.5235987755982988,0.7853981633974483,0.0,0.5235987755982988,0.0,0.0,-0.5235987755982988,0.7853981633974483,0.0,0.5235987755982988,0.0,0.0,0.0,0.0,0.0,0.0,0.0,0.0,0.0,0.0,0.0,0.0,0.0,0.0,False,False,1,False,,0.0,0,,,,True,True,0.010000000000000009,0.0,1.0,0.0,0.0,0.0,0.0
0.8200000000000005,1786132506.2813644,0.003235399999539368,0.0028649000014411286,0.01,READY,0,waiting for deadman,0.0,0.8200000000000005,82,0.0,0.0,0.0,0.0,0.0,0.0,1.0,0.0,0.0,0.0,0.0,0.0,0.0,1.0,-0.016000000000000007,-0.22496149868535165,0.2802328425555495,-0.1305261922200515,0.0,0.0,0.9914448613738105,-0.016000000000000007,-0.22496149868535165,0.2802328425555495,-0.1305261922200515,0.0,0.0,0.9914448613738105,-0.016000000000000007,-0.22496149868535165,0.2802328425555495,-0.1305261922200515,0.0,0.0,0.9914448613738105,-0.016000000000000007,-0.22496149868535165,0.2802328425555495,-0.1305261922200515,0.0,0.0,0.9914448613738105,-0.016000000000000007,-0.22496149868535165,0.2802328425555495,-0.1305261922200515,0.0,0.0,0.9914448613738105,0.0,-0.5235987755982988,0.7853981633974483,0.0,0.5235987755982988,0.0,0.0,-0.5235987755982988,0.7853981633974483,0.0,0.5235987755982988,0.0,0.0,-0.5235987755982988,0.7853981633974483,0.0,0.5235987755982988,0.0,0.0,0.0,0.0,0.0,0.0,0.0,0.0,0.0,0.0,0.0,0.0,0.0,0.0,False,False,1,False,,0.0,0,,,,True,True,0.010000000000000009,0.0,1.0,0.0,0.0,0.0,0.0
0.8300000000000005,1786132506.284175,0.003049399994779378,0.0026257999998051673,0.01,READY,0,waiting for deadman,0.0,0.8300000000000005,83,0.0,0.0,0.0,0.0,0.0,0.0,1.0,0.0,0.0,0.0,0.0,0.0,0.0,1.0,-0.016000000000000007,-0.22496149868535165,0.2802328425555495,-0.1305261922200515,0.0,0.0,0.9914448613738105,-0.016000000000000007,-0.22496149868535165,0.2802328425555495,-0.1305261922200515,0.0,0.0,0.9914448613738105,-0.016000000000000007,-0.22496149868535165,0.2802328425555495,-0.1305261922200515,0.0,0.0,0.9914448613738105,-0.016000000000000007,-0.22496149868535165,0.2802328425555495,-0.1305261922200515,0.0,0.0,0.9914448613738105,-0.016000000000000007,-0.22496149868535165,0.2802328425555495,-0.1305261922200515,0.0,0.0,0.9914448613738105,0.0,-0.5235987755982988,0.7853981633974483,0.0,0.5235987755982988,0.0,0.0,-0.5235987755982988,0.7853981633974483,0.0,0.5235987755982988,0.0,0.0,-0.5235987755982988,0.7853981633974483,0.0,0.5235987755982988,0.0,0.0,0.0,0.0,0.0,0.0,0.0,0.0,0.0,0.0,0.0,0.0,0.0,0.0,False,False,1,False,,0.0,0,,,,True,True,0.010000000000000009,0.0,1.0,0.0,0.0,0.0,0.0
0.8400000000000005,1786132506.286934,0.0028000000020256266,0.002585099995485507,0.01,READY,0,waiting for deadman,0.0,0.8400000000000005,84,0.0,0.0,0.0,0.0,0.0,0.0,1.0,0.0,0.0,0.0,0.0,0.0,0.0,1.0,-0.016000000000000007,-0.22496149868535165,0.2802328425555495,-0.1305261922200515,0.0,0.0,0.9914448613738105,-0.016000000000000007,-0.22496149868535165,0.2802328425555495,-0.1305261922200515,0.0,0.0,0.9914448613738105,-0.016000000000000007,-0.22496149868535165,0.2802328425555495,-0.1305261922200515,0.0,0.0,0.9914448613738105,-0.016000000000000007,-0.22496149868535165,0.2802328425555495,-0.1305261922200515,0.0,0.0,0.9914448613738105,-0.016000000000000007,-0.22496149868535165,0.2802328425555495,-0.1305261922200515,0.0,0.0,0.9914448613738105,0.0,-0.5235987755982988,0.7853981633974483,0.0,0.5235987755982988,0.0,0.0,-0.5235987755982988,0.7853981633974483,0.0,0.5235987755982988,0.0,0.0,-0.5235987755982988,0.7853981633974483,0.0,0.5235987755982988,0.0,0.0,0.0,0.0,0.0,0.0,0.0,0.0,0.0,0.0,0.0,0.0,0.0,0.0,False,False,1,False,,0.0,0,,,,True,True,0.010000000000000009,0.0,1.0,0.0,0.0,0.0,0.0
0.8500000000000005,1786132506.2903333,0.002761099996860139,0.003223399995476939,0.01,READY,0,waiting for deadman,0.0,0.8500000000000005,85,0.0,0.0,0.0,0.0,0.0,0.0,1.0,0.0,0.0,0.0,0.0,0.0,0.0,1.0,-0.016000000000000007,-0.22496149868535165,0.2802328425555495,-0.1305261922200515,0.0,0.0,0.9914448613738105,-0.016000000000000007,-0.22496149868535165,0.2802328425555495,-0.1305261922200515,0.0,0.0,0.9914448613738105,-0.016000000000000007,-0.22496149868535165,0.2802328425555495,-0.1305261922200515,0.0,0.0,0.9914448613738105,-0.016000000000000007,-0.22496149868535165,0.2802328425555495,-0.1305261922200515,0.0,0.0,0.9914448613738105,-0.016000000000000007,-0.22496149868535165,0.2802328425555495,-0.1305261922200515,0.0,0.0,0.9914448613738105,0.0,-0.5235987755982988,0.7853981633974483,0.0,0.5235987755982988,0.0,0.0,-0.5235987755982988,0.7853981633974483,0.0,0.5235987755982988,0.0,0.0,-0.5235987755982988,0.7853981633974483,0.0,0.5235987755982988,0.0,0.0,0.0,0.0,0.0,0.0,0.0,0.0,0.0,0.0,0.0,0.0,0.0,0.0,False,False,1,False,,0.0,0,,,,True,True,0.010000000000000009,0.0,1.0,0.0,0.0,0.0,0.0
0.8600000000000005,1786132506.2936869,0.0034236000064993277,0.0031535000016447157,0.01,READY,0,waiting for deadman,0.0,0.8600000000000005,86,0.0,0.0,0.0,0.0,0.0,0.0,1.0,0.0,0.0,0.0,0.0,0.0,0.0,1.0,-0.016000000000000007,-0.22496149868535165,0.2802328425555495,-0.1305261922200515,0.0,0.0,0.9914448613738105,-0.016000000000000007,-0.22496149868535165,0.2802328425555495,-0.1305261922200515,0.0,0.0,0.9914448613738105,-0.016000000000000007,-0.22496149868535165,0.2802328425555495,-0.1305261922200515,0.0,0.0,0.9914448613738105,-0.016000000000000007,-0.22496149868535165,0.2802328425555495,-0.1305261922200515,0.0,0.0,0.9914448613738105,-0.016000000000000007,-0.22496149868535165,0.2802328425555495,-0.1305261922200515,0.0,0.0,0.9914448613738105,0.0,-0.5235987755982988,0.7853981633974483,0.0,0.5235987755982988,0.0,0.0,-0.5235987755982988,0.7853981633974483,0.0,0.5235987755982988,0.0,0.0,-0.5235987755982988,0.7853981633974483,0.0,0.5235987755982988,0.0,0.0,0.0,0.0,0.0,0.0,0.0,0.0,0.0,0.0,0.0,0.0,0.0,0.0,False,False,1,False,,0.0,0,,,,True,True,0.010000000000000009,0.0,1.0,0.0,0.0,0.0,0.0
0.8700000000000006,1786132506.2965157,0.0033702999935485423,0.002611899995827116,0.01,READY,0,waiting for deadman,0.0,0.8700000000000006,87,0.0,0.0,0.0,0.0,0.0,0.0,1.0,0.0,0.0,0.0,0.0,0.0,0.0,1.0,-0.016000000000000007,-0.22496149868535165,0.2802328425555495,-0.1305261922200515,0.0,0.0,0.9914448613738105,-0.016000000000000007,-0.22496149868535165,0.2802328425555495,-0.1305261922200515,0.0,0.0,0.9914448613738105,-0.016000000000000007,-0.22496149868535165,0.2802328425555495,-0.1305261922200515,0.0,0.0,0.9914448613738105,-0.016000000000000007,-0.22496149868535165,0.2802328425555495,-0.1305261922200515,0.0,0.0,0.9914448613738105,-0.016000000000000007,-0.22496149868535165,0.2802328425555495,-0.1305261922200515,0.0,0.0,0.9914448613738105,0.0,-0.5235987755982988,0.7853981633974483,0.0,0.5235987755982988,0.0,0.0,-0.5235987755982988,0.7853981633974483,0.0,0.5235987755982988,0.0,0.0,-0.5235987755982988,0.7853981633974483,0.0,0.5235987755982988,0.0,0.0,0.0,0.0,0.0,0.0,0.0,0.0,0.0,0.0,0.0,0.0,0.0,0.0,False,False,1,False,,0.0,0,,,,True,True,0.010000000000000009,0.0,1.0,0.0,0.0,0.0,0.0
0.8800000000000006,1786132506.2992508,0.002789000005577691,0.002558299995143898,0.01,READY,0,waiting for deadman,0.0,0.8800000000000006,88,0.0,0.0,0.0,0.0,0.0,0.0,1.0,0.0,0.0,0.0,0.0,0.0,0.0,1.0,-0.016000000000000007,-0.22496149868535165,0.2802328425555495,-0.1305261922200515,0.0,0.0,0.9914448613738105,-0.016000000000000007,-0.22496149868535165,0.2802328425555495,-0.1305261922200515,0.0,0.0,0.9914448613738105,-0.016000000000000007,-0.22496149868535165,0.2802328425555495,-0.1305261922200515,0.0,0.0,0.9914448613738105,-0.016000000000000007,-0.22496149868535165,0.2802328425555495,-0.1305261922200515,0.0,0.0,0.9914448613738105,-0.016000000000000007,-0.22496149868535165,0.2802328425555495,-0.1305261922200515,0.0,0.0,0.9914448613738105,0.0,-0.5235987755982988,0.7853981633974483,0.0,0.5235987755982988,0.0,0.0,-0.5235987755982988,0.7853981633974483,0.0,0.5235987755982988,0.0,0.0,-0.5235987755982988,0.7853981633974483,0.0,0.5235987755982988,0.0,0.0,0.0,0.0,0.0,0.0,0.0,0.0,0.0,0.0,0.0,0.0,0.0,0.0,False,False,1,False,,0.0,0,,,,True,True,0.010000000000000009,0.0,1.0,0.0,0.0,0.0,0.0
0.8900000000000006,1786132506.3020222,0.002733000001171604,0.0025963000080082566,0.01,READY,0,waiting for deadman,0.0,0.8900000000000006,89,0.0,0.0,0.0,0.0,0.0,0.0,1.0,0.0,0.0,0.0,0.0,0.0,0.0,1.0,-0.016000000000000007,-0.22496149868535165,0.2802328425555495,-0.1305261922200515,0.0,0.0,0.9914448613738105,-0.016000000000000007,-0.22496149868535165,0.2802328425555495,-0.1305261922200515,0.0,0.0,0.9914448613738105,-0.016000000000000007,-0.22496149868535165,0.2802328425555495,-0.1305261922200515,0.0,0.0,0.9914448613738105,-0.016000000000000007,-0.22496149868535165,0.2802328425555495,-0.1305261922200515,0.0,0.0,0.9914448613738105,-0.016000000000000007,-0.22496149868535165,0.2802328425555495,-0.1305261922200515,0.0,0.0,0.9914448613738105,0.0,-0.5235987755982988,0.7853981633974483,0.0,0.5235987755982988,0.0,0.0,-0.5235987755982988,0.7853981633974483,0.0,0.5235987755982988,0.0,0.0,-0.5235987755982988,0.7853981633974483,0.0,0.5235987755982988,0.0,0.0,0.0,0.0,0.0,0.0,0.0,0.0,0.0,0.0,0.0,0.0,0.0,0.0,False,False,1,False,,0.0,0,,,,True,True,0.010000000000000009,0.0,1.0,0.0,0.0,0.0,0.0
0.9000000000000006,1786132506.304765,0.0027713000017683953,0.002567800009273924,0.01,READY,0,waiting for deadman,0.0,0.9000000000000006,90,0.0,0.0,0.0,0.0,0.0,0.0,1.0,0.0,0.0,0.0,0.0,0.0,0.0,1.0,-0.016000000000000007,-0.22496149868535165,0.2802328425555495,-0.1305261922200515,0.0,0.0,0.9914448613738105,-0.016000000000000007,-0.22496149868535165,0.2802328425555495,-0.1305261922200515,0.0,0.0,0.9914448613738105,-0.016000000000000007,-0.22496149868535165,0.2802328425555495,-0.1305261922200515,0.0,0.0,0.9914448613738105,-0.016000000000000007,-0.22496149868535165,0.2802328425555495,-0.1305261922200515,0.0,0.0,0.9914448613738105,-0.016000000000000007,-0.22496149868535165,0.2802328425555495,-0.1305261922200515,0.0,0.0,0.9914448613738105,0.0,-0.5235987755982988,0.7853981633974483,0.0,0.5235987755982988,0.0,0.0,-0.5235987755982988,0.7853981633974483,0.0,0.5235987755982988,0.0,0.0,-0.5235987755982988,0.7853981633974483,0.0,0.5235987755982988,0.0,0.0,0.0,0.0,0.0,0.0,0.0,0.0,0.0,0.0,0.0,0.0,0.0,0.0,False,False,1,False,,0.0,0,,,,True,True,0.010000000000000009,0.0,1.0,0.0,0.0,0.0,0.0
0.9100000000000006,1786132506.3082995,0.0027452999929664657,0.003357299996423535,0.01,READY,0,waiting for deadman,0.0,0.9100000000000006,91,0.0,0.0,0.0,0.0,0.0,0.0,1.0,0.0,0.0,0.0,0.0,0.0,0.0,1.0,-0.016000000000000007,-0.22496149868535165,0.2802328425555495,-0.1305261922200515,0.0,0.0,0.9914448613738105,-0.016000000000000007,-0.22496149868535165,0.2802328425555495,-0.1305261922200515,0.0,0.0,0.9914448613738105,-0.016000000000000007,-0.22496149868535165,0.2802328425555495,-0.1305261922200515,0.0,0.0,0.9914448613738105,-0.016000000000000007,-0.22496149868535165,0.2802328425555495,-0.1305261922200515,0.0,0.0,0.9914448613738105,-0.016000000000000007,-0.22496149868535165,0.2802328425555495,-0.1305261922200515,0.0,0.0,0.9914448613738105,0.0,-0.5235987755982988,0.7853981633974483,0.0,0.5235987755982988,0.0,0.0,-0.5235987755982988,0.7853981633974483,0.0,0.5235987755982988,0.0,0.0,-0.5235987755982988,0.7853981633974483,0.0,0.5235987755982988,0.0,0.0,0.0,0.0,0.0,0.0,0.0,0.0,0.0,0.0,0.0,0.0,0.0,0.0,False,False,1,False,,0.0,0,,,,True,True,0.010000000000000009,0.0,1.0,0.0,0.0,0.0,0.0
0.9200000000000006,1786132506.311276,0.0035611000057542697,0.0027725000109057873,0.01,READY,0,waiting for deadman,0.0,0.9200000000000006,92,0.0,0.0,0.0,0.0,0.0,0.0,1.0,0.0,0.0,0.0,0.0,0.0,0.0,1.0,-0.016000000000000007,-0.22496149868535165,0.2802328425555495,-0.1305261922200515,0.0,0.0,0.9914448613738105,-0.016000000000000007,-0.22496149868535165,0.2802328425555495,-0.1305261922200515,0.0,0.0,0.9914448613738105,-0.016000000000000007,-0.22496149868535165,0.2802328425555495,-0.1305261922200515,0.0,0.0,0.9914448613738105,-0.016000000000000007,-0.22496149868535165,0.2802328425555495,-0.1305261922200515,0.0,0.0,0.9914448613738105,-0.016000000000000007,-0.22496149868535165,0.2802328425555495,-0.1305261922200515,0.0,0.0,0.9914448613738105,0.0,-0.5235987755982988,0.7853981633974483,0.0,0.5235987755982988,0.0,0.0,-0.5235987755982988,0.7853981633974483,0.0,0.5235987755982988,0.0,0.0,-0.5235987755982988,0.7853981633974483,0.0,0.5235987755982988,0.0,0.0,0.0,0.0,0.0,0.0,0.0,0.0,0.0,0.0,0.0,0.0,0.0,0.0,False,False,1,False,,0.0,0,,,,True,True,0.010000000000000009,0.0,1.0,0.0,0.0,0.0,0.0
0.9300000000000006,1786132506.3140771,0.0029624000017065555,0.0026113000058103353,0.01,READY,0,waiting for deadman,0.0,0.9300000000000006,93,0.0,0.0,0.0,0.0,0.0,0.0,1.0,0.0,0.0,0.0,0.0,0.0,0.0,1.0,-0.016000000000000007,-0.22496149868535165,0.2802328425555495,-0.1305261922200515,0.0,0.0,0.9914448613738105,-0.016000000000000007,-0.22496149868535165,0.2802328425555495,-0.1305261922200515,0.0,0.0,0.9914448613738105,-0.016000000000000007,-0.22496149868535165,0.2802328425555495,-0.1305261922200515,0.0,0.0,0.9914448613738105,-0.016000000000000007,-0.22496149868535165,0.2802328425555495,-0.1305261922200515,0.0,0.0,0.9914448613738105,-0.016000000000000007,-0.22496149868535165,0.2802328425555495,-0.1305261922200515,0.0,0.0,0.9914448613738105,0.0,-0.5235987755982988,0.7853981633974483,0.0,0.5235987755982988,0.0,0.0,-0.5235987755982988,0.7853981633974483,0.0,0.5235987755982988,0.0,0.0,-0.5235987755982988,0.7853981633974483,0.0,0.5235987755982988,0.0,0.0,0.0,0.0,0.0,0.0,0.0,0.0,0.0,0.0,0.0,0.0,0.0,0.0,False,False,1,False,,0.0,0,,,,True,True,0.010000000000000009,0.0,1.0,0.0,0.0,0.0,0.0
0.9400000000000006,1786132506.3168573,0.002793399995425716,0.002597999991849065,0.01,READY,0,waiting for deadman,0.0,0.9400000000000006,94,0.0,0.0,0.0,0.0,0.0,0.0,1.0,0.0,0.0,0.0,0.0,0.0,0.0,1.0,-0.016000000000000007,-0.22496149868535165,0.2802328425555495,-0.1305261922200515,0.0,0.0,0.9914448613738105,-0.016000000000000007,-0.22496149868535165,0.2802328425555495,-0.1305261922200515,0.0,0.0,0.9914448613738105,-0.016000000000000007,-0.22496149868535165,0.2802328425555495,-0.1305261922200515,0.0,0.0,0.9914448613738105,-0.016000000000000007,-0.22496149868535165,0.2802328425555495,-0.1305261922200515,0.0,0.0,0.9914448613738105,-0.016000000000000007,-0.22496149868535165,0.2802328425555495,-0.1305261922200515,0.0,0.0,0.9914448613738105,0.0,-0.5235987755982988,0.7853981633974483,0.0,0.5235987755982988,0.0,0.0,-0.5235987755982988,0.7853981633974483,0.0,0.5235987755982988,0.0,0.0,-0.5235987755982988,0.7853981633974483,0.0,0.5235987755982988,0.0,0.0,0.0,0.0,0.0,0.0,0.0,0.0,0.0,0.0,0.0,0.0,0.0,0.0,False,False,1,False,,0.0,0,,,,True,True,0.010000000000000009,0.0,1.0,0.0,0.0,0.0,0.0
0.9500000000000006,1786132506.3197038,0.0028578999917954206,0.0025865000061457977,0.01,READY,0,waiting for deadman,0.0,0.9500000000000006,95,0.0,0.0,0.0,0.0,0.0,0.0,1.0,0.0,0.0,0.0,0.0,0.0,0.0,1.0,-0.016000000000000007,-0.22496149868535165,0.2802328425555495,-0.1305261922200515,0.0,0.0,0.9914448613738105,-0.016000000000000007,-0.22496149868535165,0.2802328425555495,-0.1305261922200515,0.0,0.0,0.9914448613738105,-0.016000000000000007,-0.22496149868535165,0.2802328425555495,-0.1305261922200515,0.0,0.0,0.9914448613738105,-0.016000000000000007,-0.22496149868535165,0.2802328425555495,-0.1305261922200515,0.0,0.0,0.9914448613738105,-0.016000000000000007,-0.22496149868535165,0.2802328425555495,-0.1305261922200515,0.0,0.0,0.9914448613738105,0.0,-0.5235987755982988,0.7853981633974483,0.0,0.5235987755982988,0.0,0.0,-0.5235987755982988,0.7853981633974483,0.0,0.5235987755982988,0.0,0.0,-0.5235987755982988,0.7853981633974483,0.0,0.5235987755982988,0.0,0.0,0.0,0.0,0.0,0.0,0.0,0.0,0.0,0.0,0.0,0.0,0.0,0.0,False,False,1,False,,0.0,0,,,,True,True,0.010000000000000009,0.0,1.0,0.0,0.0,0.0,0.0
0.9600000000000006,1786132506.3226435,0.002763100012089126,0.0027632999990601093,0.01,READY,0,waiting for deadman,0.0,0.9600000000000006,96,0.0,0.0,0.0,0.0,0.0,0.0,1.0,0.0,0.0,0.0,0.0,0.0,0.0,1.0,-0.016000000000000007,-0.22496149868535165,0.2802328425555495,-0.1305261922200515,0.0,0.0,0.9914448613738105,-0.016000000000000007,-0.22496149868535165,0.2802328425555495,-0.1305261922200515,0.0,0.0,0.9914448613738105,-0.016000000000000007,-0.22496149868535165,0.2802328425555495,-0.1305261922200515,0.0,0.0,0.9914448613738105,-0.016000000000000007,-0.22496149868535165,0.2802328425555495,-0.1305261922200515,0.0,0.0,0.9914448613738105,-0.016000000000000007,-0.22496149868535165,0.2802328425555495,-0.1305261922200515,0.0,0.0,0.9914448613738105,0.0,-0.5235987755982988,0.7853981633974483,0.0,0.5235987755982988,0.0,0.0,-0.5235987755982988,0.7853981633974483,0.0,0.5235987755982988,0.0,0.0,-0.5235987755982988,0.7853981633974483,0.0,0.5235987755982988,0.0,0.0,0.0,0.0,0.0,0.0,0.0,0.0,0.0,0.0,0.0,0.0,0.0,0.0,False,False,1,False,,0.0,0,,,,True,True,0.010000000000000009,0.0,1.0,0.0,0.0,0.0,0.0
0.9700000000000006,1786132506.3257728,0.002972999995108694,0.002919499995186925,0.01,READY,0,waiting for deadman,0.0,0.9700000000000006,97,0.0,0.0,0.0,0.0,0.0,0.0,1.0,0.0,0.0,0.0,0.0,0.0,0.0,1.0,-0.016000000000000007,-0.22496149868535165,0.2802328425555495,-0.1305261922200515,0.0,0.0,0.9914448613738105,-0.016000000000000007,-0.22496149868535165,0.2802328425555495,-0.1305261922200515,0.0,0.0,0.9914448613738105,-0.016000000000000007,-0.22496149868535165,0.2802328425555495,-0.1305261922200515,0.0,0.0,0.9914448613738105,-0.016000000000000007,-0.22496149868535165,0.2802328425555495,-0.1305261922200515,0.0,0.0,0.9914448613738105,-0.016000000000000007,-0.22496149868535165,0.2802328425555495,-0.1305261922200515,0.0,0.0,0.9914448613738105,0.0,-0.5235987755982988,0.7853981633974483,0.0,0.5235987755982988,0.0,0.0,-0.5235987755982988,0.7853981633974483,0.0,0.5235987755982988,0.0,0.0,-0.5235987755982988,0.7853981633974483,0.0,0.5235987755982988,0.0,0.0,0.0,0.0,0.0,0.0,0.0,0.0,0.0,0.0,0.0,0.0,0.0,0.0,False,False,1,False,,0.0,0,,,,True,True,0.010000000000000009,0.0,1.0,0.0,0.0,0.0,0.0
0.9800000000000006,1786132506.3286035,0.0031072999991010875,0.0026424999959999695,0.01,READY,0,waiting for deadman,0.0,0.9800000000000006,98,0.0,0.0,0.0,0.0,0.0,0.0,1.0,0.0,0.0,0.0,0.0,0.0,0.0,1.0,-0.016000000000000007,-0.22496149868535165,0.2802328425555495,-0.1305261922200515,0.0,0.0,0.9914448613738105,-0.016000000000000007,-0.22496149868535165,0.2802328425555495,-0.1305261922200515,0.0,0.0,0.9914448613738105,-0.016000000000000007,-0.22496149868535165,0.2802328425555495,-0.1305261922200515,0.0,0.0,0.9914448613738105,-0.016000000000000007,-0.22496149868535165,0.2802328425555495,-0.1305261922200515,0.0,0.0,0.9914448613738105,-0.016000000000000007,-0.22496149868535165,0.2802328425555495,-0.1305261922200515,0.0,0.0,0.9914448613738105,0.0,-0.5235987755982988,0.7853981633974483,0.0,0.5235987755982988,0.0,0.0,-0.5235987755982988,0.7853981633974483,0.0,0.5235987755982988,0.0,0.0,-0.5235987755982988,0.7853981633974483,0.0,0.5235987755982988,0.0,0.0,0.0,0.0,0.0,0.0,0.0,0.0,0.0,0.0,0.0,0.0,0.0,0.0,False,False,1,False,,0.0,0,,,,True,True,0.010000000000000009,0.0,1.0,0.0,0.0,0.0,0.0
0.9900000000000007,1786132506.33139,0.002831799996783957,0.0025975000025937334,0.01,READY,0,waiting for deadman,0.0,0.9900000000000007,99,0.0,0.0,0.0,0.0,0.0,0.0,1.0,0.0,0.0,0.0,0.0,0.0,0.0,1.0,-0.016000000000000007,-0.22496149868535165,0.2802328425555495,-0.1305261922200515,0.0,0.0,0.9914448613738105,-0.016000000000000007,-0.22496149868535165,0.2802328425555495,-0.1305261922200515,0.0,0.0,0.9914448613738105,-0.016000000000000007,-0.22496149868535165,0.2802328425555495,-0.1305261922200515,0.0,0.0,0.9914448613738105,-0.016000000000000007,-0.22496149868535165,0.2802328425555495,-0.1305261922200515,0.0,0.0,0.9914448613738105,-0.016000000000000007,-0.22496149868535165,0.2802328425555495,-0.1305261922200515,0.0,0.0,0.9914448613738105,0.0,-0.5235987755982988,0.7853981633974483,0.0,0.5235987755982988,0.0,0.0,-0.5235987755982988,0.7853981633974483,0.0,0.5235987755982988,0.0,0.0,-0.5235987755982988,0.7853981633974483,0.0,0.5235987755982988,0.0,0.0,0.0,0.0,0.0,0.0,0.0,0.0,0.0,0.0,0.0,0.0,0.0,0.0,False,False,1,False,,0.0,0,,,,True,True,0.010000000000000009,0.0,1.0,0.0,0.0,0.0,0.0
1.0000000000000007,1786132506.3367226,0.00277430001005996,0.00515599999926053,0.01,TELEOP,0,,0.0,1.0000000000000007,100,1.665334536937735e-17,0.0,0.0,0.0,0.0,0.0,1.0,1.5212446831731292e-18,0.0,0.0,0.0,0.0,0.0,1.0,-0.016000000000000007,-0.22496149868535165,0.2802328425555495,-0.1305261922200515,0.0,0.0,0.9914448613738105,-0.016000000000000007,-0.22496149868535165,0.2802328425555495,-0.1305261922200515,0.0,0.0,0.9914448613738105,-0.016000000003234992,-0.2249614987478198,0.28023284266373977,-0.1305261922149475,2.7679866963934608e-14,2.1024262930809239e-13,0.9914448613744824,-0.016000000000022475,-0.22496149868578547,0.2802328425563008,-0.1305261922200161,1.9222125095716893e-16,1.4600183767394668e-15,0.9914448613738152,-0.016000000000022475,-0.22496149868578547,0.2802328425563008,-0.1305261922200161,1.9222125095716893e-16,1.4600183767394668e-15,0.9914448613738152,-3.5667778686604274e-11,-0.5235987750264068,0.7853981623071083,-6.975308495199925e-11,0.5235987750695548,-6.963944221540624e-11,-2.476929075458635e-13,-0.5235987755943273,0.7853981633898764,-4.843964232777735e-13,0.523598775594627,-4.836072376069886e-13,-2.476929075458635e-13,-0.5235987755943273,0.7853981633898764,-4.843964232777735e-13,0.523598775594627,-4.836072376069886e-13,-2.4769290754586327e-11,3.9714720709602483e-10,-7.571805065658634e-10,-4.8439642327777306e-11,-3.6718336704488794e-10,-4.836072376069882e-11,-2.4769290754586305e-09,3.9714720709602446e-08,-7.571805065658627e-08,-4.843964232777726e-09,-3.671833670448876e-08,-4.836072376069878e-09,0.0,True,False,1,True,True,0.002319299994269386,2,1.2497148766328844e-10,1.0304791736750348e-11,`gtol` termination condition is satisfied.,True,True,0.010000000000000009,0.0,1.0,1.2410360445920237e-10,1.0233380522509007e-11,8.678832040892415e-13,7.14480705965632e-14
1.0100000000000007,1786132506.3465917,0.005410199999460019,0.00961490000190679,0.01,TELEOP,0,,0.0,1.0100000000000007,101,0.00025000000000001686,0.0,0.0,0.0,0.0,0.0,1.0,2.283711497139014e-05,0.0,0.0,0.0,0.0,0.0,1.0,-0.01599314886550859,-0.22496149868535165,0.2802328425555495,-0.1305261922200515,0.0,0.0,0.9914448613738105,-0.01599314886550859,-0.22496149868535165,0.2802328425555495,-0.1305261922200515,0.0,0.0,0.9914448613738105,-0.015993149047454518,-0.2249614987492345,0.2802328426661716,-0.1305261922148658,-2.3917178006347565e-13,1.2254110145606261e-11,0.9914448613744932,-0.015999952423865652,-0.2249614986878654,0.2802328425597273,-0.13052619223788006,-1.0366953670209288e-13,3.361613070693364e-13,0.9914448613714633,-0.015999952423865652,-0.2249614986878654,0.2802328425597273,-0.13052619223788006,-1.0366953670209288e-13,3.361613070693364e-13,0.9914448613714633,7.498071294799195e-05,-0.5235997436132872,0.7853996658449497,0.00014485143072187336,0.5235993152658391,0.0001448514127994424,5.206989224475175e-07,-0.5235987823130407,0.7853981738166514,1.0059117882837308e-06,0.5235987793389779,1.00591166532953e-06,5.206989224475175e-07,-0.5235987823130407,0.7853981738166514,1.0059117882837308e-06,0.5235987793389779,1.00591166532953e-06,5.206991701404246e-05,-6.718713371985668e-07,1.0426774965102496e-06,0.00010059122726801532,3.744350903600903e-07,0.00010059121489367668,0.005206994178333316,-6.722684844056623e-05,0.00010434346770168146,0.010059127570765755,3.7480227372713485e-05,0.010059126325440036,0.0,True,False,1,True,True,0.004789400001754984,3,2.2231192516407895e-10,2.6651681137707927e-11,`gtol` termination condition is satisfied.,True,True,0.010000000000000009,1.0827680974045961e-09,1.0,6.803376412244061e-06,5.218782202959006e-11,6.803558357063393e-06,3.597172337784258e-11
1.0200000000000007,1786132506.3537312,0.009987699988414533,0.006766199992853217,0.01,TELEOP,0,,0.0,1.0200000000000007,102,0.0005000000000000171,0.0,0.0,0.0,0.0,0.0,1.0,6.642555384978662e-05,0.0,0.0,0.0,0.0,0.0,1.0,-0.01598007233384507,-0.22496149868535165,0.2802328425555495,-0.1305261922200515,0.0,0.0,0.9914448613738105,-0.01598007233384507,-0.22496149868535165,0.2802328425555495,-0.1305261922200515,0.0,0.0,0.9914448613738105,-0.01598007267820796,-0.22496149875056964,0.28023284266834864,-0.1305261922147943,-4.816270730828497e-13,2.3199760402865498e-11,0.9914448613745026,-0.015999770757609538,-0.22496149870060086,0.28023284258015274,-0.13052619240420107,-1.0659369782438173e-12,2.9157932998019596e-12,0.9914448613495667,-0.015999770757609538,-0.22496149870060086,0.28023284258015274,-0.13052619240420107,-1.0659369782438173e-12,2.9157932998019596e-12,0.9914448613495667,0.00021809673997123615,-0.5236015819832952,0.7854025311424516,0.0004213292931059976,0.5236003813273985,0.0004213291221160773,2.50895122458172e-06,-0.5235988079140158,0.7853982136337354,4.846910408502446e-06,0.5235987938962192,4.846908985540654e-06,2.50895122458172e-06,-0.5235988079140158,0.7853982136337354,4.846910408502446e-06,0.5235987938962192,4.846908985540654e-06,0.00019882523021342007,-2.560097513623917e-06,3.9817083997003734e-06,0.0003840998620218712,1.4557241249032384e-06,0.00038409973202111207,0.014675531319937747,-0.00018882261764253483,0.0002939030903190122,0.028350863475385565,0.00010812890345431473,0.028350851712743513,0.0,True,False,1,True,True,0.0028036999865435064,3,3.6818858852463665e-10,4.760578478949529e-11,`gtol` termination condition is satisfied.,True,True,0.010000000000000009,0.00014384551893358962,1.0,1.9698079401838433e-05,3.842317201281845e-10,1.9698423764487778e-05,3.715290692451852e-10
1.0300000000000007,1786132506.3599198,0.006976700009545311,0.0059788000071421266,0.01,TELEOP,0,,0.0,1.0300000000000007,103,0.0007500000000000174,0.0,0.0,0.0,0.0,0.0,1.0,0.00012886998380610406,0.0,0.0,0.0,0.0,0.0,1.0,-0.015961339004858178,-0.22496149868535165,0.2802328425555495,-0.1305261922200515,0.0,0.0,0.9914448613738105,-0.015961339004858178,-0.22496149868535165,0.2802328425555495,-0.1305261922200515,0.0,0.0,0.9914448613738105,-0.01596133949682873,-0.22496149875185242,0.2802328426702844,-0.1305261922147326,-7.01928342870689e-13,3.314663085653212e-11,0.9914448613745107,-0.015999337342772858,-0.22496149875113955,0.28023284266074855,-0.13052619311150768,-5.1868201528055026e-12,1.3507694988996909e-11,0.991444861256448,-0.015999337342772858,-0.22496149875113955,0.28023284266074855,-0.13052619311150768,-5.1868201528055026e-12,1.3507694988996909e-11,0.991444861256448,0.00042312632278876405,-0.5236041919022972,0.7854066256376657,0.000817412672566715,0.5236019885654452,0.0008174120129413512,7.252469804067122e-06,-0.5235988687703839,0.785398308549423,1.4010643603134979e-05,0.52359882942556,1.4010636417649547e-05,7.252469804067122e-06,-0.5235988687703839,0.785398308549423,1.4010643603134979e-05,0.52359882942556,1.4010636417649547e-05,0.00047435185794853977,-6.085636805145963e-06,9.491568762443207e-06,0.0009163733194632524,3.5529340769506e-06,0.0009163727432108884,0.027552662773511944,-0.00035255392915220426,0.0005509860362742828,0.05322734574413806,0.00020972099520473597,0.05322730111897758,0.0,True,False,1,True,True,0.0028962999931536615,3,5.095306505304312e-10,6.717061797876337e-11,`gtol` termination condition is satisfied.,True,True,0.010000000000000009,0.00041648238269749514,1.0,3.799784594412987e-05,1.809475180910239e-09,3.799833791488234e-05,1.7985298397762622e-09
1.0400000000000007,1786132506.365894,0.006198000002768822,0.005755000005592592,0.01,TELEOP,0,,0.0,1.0400000000000007,104,0.0010000000000000176,0.0,0.0,0.0,0.0,0.0,1.0,0.00020844814513928082,0.0,0.0,0.0,0.0,0.0,1.0,-0.015937465556458225,-0.22496149868535165,0.2802328425555495,-0.1305261922200515,0.0,0.0,0.9914448613738105,-0.015944529523253596,-0.22496149868535165,0.2802328425555495,-0.1305261922200515,0.0,0.0,0.9914448613738105,-0.015944529965106043,-0.22496149875151294,0.28023284266956616,-0.13052619221475875,-6.268600832262273e-13,2.9770302704327506e-11,0.9914448613745073,-0.01599855943166563,-0.22496149887450784,0.28023284285721783,-0.1305261948662846,-1.5491835127346493e-11,3.9697811192476824e-11,0.9914448610254273,-0.01599855943166563,-0.22496149887450784,0.28023284285721783,-0.1305261948662846,-1.5491835127346493e-11,3.9697811192476824e-11,0.9914448610254273,0.0006071039210425817,-0.5236065100357642,0.7854102893429442,0.0011728251728481977,0.5236035109777663,0.0011728237995272297,1.5766330246640653e-05,-0.5235989776197308,0.785398478755425,3.045805548463886e-05,0.5235988945049016,3.0458033529788126e-05,1.5766330246640653e-05,-0.5235989776197308,0.785398478755425,3.045805548463886e-05,0.5235988945049016,3.0458033529788126e-05,0.0008513860442573525,-1.088493469661401e-05,1.7020600199711986e-05,0.0016447411881503867,6.507934158198862e-06,0.0016447397112138566,0.03770341863088124,-0.00047992978914680436,0.0007529031437268773,0.07283678686871337,0.00029550000812482587,0.07283669680029677,0.0,True,False,1,True,True,0.0026907000137725845,3,4.610972856215956e-10,6.05032937531746e-11,`gtol` termination condition is satisfied.,True,True,0.010000000000000009,0.0008034020289635801,1.0,5.402946656005255e-05,5.348931033356609e-09,5.402990841320695e-05,5.33881502363307e-09
1.0500000000000007,1786132506.3725078,0.005967999997665174,0.006400900005246513,0.01,TELEOP,0,,0.0,1.0500000000000007,105,0.0012500000000000178,0.0,0.0,0.0,0.0,0.0,1.0,0.0003035950522299382,0.0,0.0,0.0,0.0,0.0,1.0,-0.015908921484331026,-0.22496149868535165,0.2802328425555495,-0.1305261922200515,0.0,0.0,0.9914448613738105,-0.015921817445840963,-0.22496149868535165,0.2802328425555495,-0.1305261922200515,0.0,0.0,0.9914448613738105,-0.015921818041723386,-0.22496149875294,0.280232842671532,-0.13052619221469844,-8.567429385713694e-13,4.0148811710067325e-11,0.9914448613745153,-0.015997313405843108,-0.22496149913555313,0.28023284327269543,-0.13052619860552764,-3.770618525389654e-11,9.618867513985451e-11,0.9914448605331466,-0.015997313405843108,-0.22496149913555313,0.28023284327269543,-0.13052619860552764,-3.770618525389654e-11,9.618867513985451e-11,0.9914448605331466,0.0008556849371347334,-0.5236096063757186,0.7854152238921257,0.001653036959797156,0.5236056884445014,0.0016530342095215419,2.9403470422389268e-05,-0.5235991512091044,0.7853987510632651,5.6802758767076584e-05,0.5235990013411008,5.6802704326969024e-05,2.9403470422389268e-05,-0.5235991512091044,0.7853987510632651,5.6802758767076584e-05,0.5235990013411008,5.6802704326969024e-05,0.0013637140175748602,-1.7358937352302364e-05,2.7230784002993638e-05,0.0026344703282437697,1.0683619922648821e-05,0.0026344670797180877,0.05123279733175073,-0.0006474002655688346,0.0010210183803281642,0.09897291400933825,0.00041756857644499547,0.098972736850423,0.0,True,False,1,True,True,0.0028565999964484945,3,6.108158382465753e-10,8.103857943618913e-11,`gtol` termination condition is satisfied.,True,True,0.010000000000000009,0.0011423671173635588,1.0,7.549536412308536e-05,1.2892648674996238e-08,7.549596000689403e-05,1.2882809512741876e-08
1.0600000000000007,1786132506.3788567,0.006788799990317784,0.00595979999343399,0.01,TELEOP,0,,0.0,1.0600000000000007,106,0.001500000000000018,0.0,0.0,0.0,0.0,0.0,1.0,0.00041288863598048337,0.0,0.0,0.0,0.0,0.0,1.0,-0.015876133409205864,-0.22496149868535165,0.2802328425555495,-0.1305261922200515,0.0,0.0,0.9914448613738105,-0.015894622515335622,-0.22496149868535165,0.2802328425555495,-0.1305261922200515,0.0,0.0,0.9914448613738105,-0.015894623228240912,-0.22496149875413102,0.2802328426729608,-0.13052619221465694,-1.0313504940166637e-12,4.8032163798986054e-11,0.9914448613745207,-0.015995458063906023,-0.2249614996344507,0.2802328440665105,-0.13052620577652327,-8.094000095742383e-11,2.0671694653561298e-10,0.991444859589067,-0.015995458063906023,-0.2249614996344507,0.2802328440665105,-0.13052620577652327,-8.094000095742383e-11,2.0671694653561298e-10,0.991444859589067,0.001153335064722294,-0.5236132598194627,0.785421108879738,0.002228035968495758,0.5236084779023461,0.002228030927888585,4.970926276613041e-05,-0.5235994083091576,0.7853991559413995,9.603007851020481e-05,0.5235991650837365,9.602995966578499e-05,4.970926276613041e-05,-0.5235994083091576,0.7853991559413995,9.603007851020481e-05,0.5235991650837365,9.602995966578499e-05,0.002030579234374112,-2.5710005321785584e-05,4.0487813442308893e-05,0.003922731974312819,1.6374263571650822e-05,0.003922725533881593,0.06668652167992511,-0.0008351067969483211,0.0013257029439315247,0.12882616460690485,0.0005690643649001998,0.1288258454163504,0.0,True,False,1,True,True,0.002752700005657971,3,7.257754259787868e-10,9.670072564422224e-11,`gtol` termination condition is satisfied.,True,True,0.010000000000000009,0.0015962342010300793,1.0,0.0001008348356785833,2.736008982616333e-08,0.00010083554858618849,2.7350504193137225e-08
1.0700000000000007,1786132506.3847384,0.006172599998535588,0.005669699996360578,0.01,TELEOP,0,,0.0,1.0700000000000007,107,0.0017500000000000183,0.0,0.0,0.0,0.0,0.0,1.0,0.0005350366963277455,0.0,0.0,0.0,0.0,0.0,1.0,-0.015839488991101686,-0.22496149868535165,0.2802328425555495,-0.1305261922200515,0.0,0.0,0.9914448613738105,-0.015863579974554842,-0.22496149868535165,0.2802328425555495,-0.1305261922200515,0.0,0.0,0.9914448613738105,-0.015863580787928263,-0.22496149875525456,0.2802328426741266,-0.13052619221462558,-1.181238862812287e-12,5.4798582554308524e-11,0.9914448613745248,-0.01599284147804741,-0.2249615005106016,0.28023284546039134,-0.13052621839314543,-1.583544864800012e-10,4.0611659012207257e-10,0.9914448579280569,-0.01599284147804741,-0.2249615005106016,0.28023284546039134,-0.13052621839314543,-1.583544864800012e-10,4.0611659012207257e-10,0.9914448579280569,0.0014931032353287489,-0.5236173581587433,0.7854277951196841,0.0028843910721658866,0.5236119047173861,0.002884382544774191,7.834647500180021e-05,-0.5235997686359396,0.785399725962872,0.0001513520729529035,0.5235994036508307,0.00015135183667850803,7.834647500180021e-05,-0.5235997686359396,0.785399725962872,0.0001513520729529035,0.5235994036508307,0.00015135183667850803,0.0028637212235669775,-3.603267820170393e-05,5.700214724194342e-05,0.0055321994442698655,2.38567094195418e-05,0.005532187701272299,0.08331419891928647,-0.0010322672879918338,0.0016514333799634508,0.16094674699570444,0.0007482445847890974,0.16094621673907047,0.0,True,False,1,True,True,0.0026471000019228086,3,8.249383488039847e-10,1.1016770713913102e-10,`gtol` termination condition is satisfied.,True,True,0.010000000000000009,0.0021320058899855533,1.0,0.00012926069016109667,5.2814436309626295e-08,0.00012926150353809561,5.280507820482593e-08
1.0800000000000007,1786132506.391708,0.00592200001119636,0.006717099997331388,0.01,TELEOP,0,,0.0,1.0800000000000007,108,0.0020000000000000187,0.0,0.0,0.0,0.0,0.0,1.0,0.0006688650453793876,0.0,0.0,0.0,0.0,0.0,1.0,-0.01579934048638619,-0.22496149868535165,0.2802328425555495,-0.1305261922200515,0.0,0.0,0.9914448613738105,-0.015829086126032774,-0.22496149868535165,0.2802328425555495,-0.1305261922200515,0.0,0.0,0.9914448613738105,-0.015829087029550278,-0.22496149875636223,0.2802328426751129,-0.130526192214601,-1.3157243157017363e-12,6.086789332315922e-11,0.991444861374528,-0.015989305694471673,-0.2249615019438737,0.28023284774044804,-0.13052623905383473,-2.877275926605973e-10,7.421148769979592e-10,0.9914448552080248,-0.015989305694471673,-0.2249615019438737,0.28023284774044804,-0.13052623905383473,-2.877275926605973e-10,7.421148769979592e-10,0.9914448552080248,0.0018706536517528463,-0.5236218221058906,0.7854351854892894,0.0036137229559003578,0.5236160160030913,0.0036137094367507208,0.00011704383050082425,-0.5236002520845867,0.7854004947292663,0.00022610814343473467,0.5235997377008911,0.00022610770727400566,0.00011704383050082425,-0.5236002520845867,0.7854004947292663,0.00022610814343473467,0.5235997377008911,0.00022610770727400566,0.0038697355499024014,-4.834486470641535e-05,7.687663942828815e-05,0.007475607048183111,3.340500603776124e-05,0.007475587059549756,0.10060143263354228,-0.0012312186504711403,0.001987449218634472,0.19434076039132434,0.0009548296618219434,0.1943399358277456,0.0,True,False,1,True,True,0.0033528000058140606,3,9.141563287020673e-10,1.2225962727265643e-10,`gtol` termination condition is satisfied.,True,True,0.010000000000000009,0.002733038999212983,1.0,0.0001602186650331739,9.44983747343052e-08,0.00016021956855593022,9.448923084568757e-08
1.0900000000000007,1786132506.3977518,0.006935700002941303,0.0058253000024706125,0.01,TELEOP,0,,0.0,1.0900000000000007,109,0.002250000000000019,0.0,0.0,0.0,0.0,0.0,1.0,0.000813306732603286,0.0,0.0,0.0,0.0,0.0,1.0,-0.015756007980219023,-0.22496149868535165,0.2802328425555495,-0.1305261922200515,0.0,0.0,0.9914448613738105,-0.01579143956644289,-0.22496149868535165,0.2802328425555495,-0.1305261922200515,0.0,0.0,0.9914448613738105,-0.015791440552327278,-0.2249614987574749,0.28023284267595394,-0.13052619221458267,-1.4386154383096335e-12,6.64117312514336e-11,0.9914448613745305,-0.01598469040564688,-0.22496150415285399,0.28023285125440184,-0.13052627091640162,-4.918871965755189e-10,1.276689450421793e-09,0.9914448510132362,-0.01598469040564688,-0.22496150415285399,0.28023285125440184,-0.13052627091640162,-4.918871965755189e-10,1.276689450421793e-09,0.9914448510132362,0.002282719873292758,-0.5236265858674508,0.7854432041653613,0.00440971762449813,0.52362086764727,0.004409697279476314,0.00016755582333876252,-0.5236008781193386,0.7854014960251007,0.0003236873849949091,0.5236001906491852,0.00032368662734906127,0.00016755582333876252,-0.5236008781193386,0.7854014960251007,0.0003236873849949091,0.5236001906491852,0.00032368662734906127,0.005051199283793823,-6.26034751920588e-05,0.00010012958343076942,0.009757924156017433,4.529482940887024e-05,0.009757892007505549,0.11814637338914205,-0.001425861048564343,0.0023252944002481258,0.2282317107834321,0.0011889823371108985,0.22823049479557908,0.0,True,False,1,True,True,0.002733999994234182,3,9.95824796327197e-10,1.3331187461429272e-10,`gtol` termination condition is satisfied.,True,True,0.010000000000000009,0.003387614812465623,1.0,0.00019324985358531985,1.5878334972650473e-07,0.00019325083947711587,1.5877441750942975e-07
1.1000000000000008,1786132506.4052322,0.006039299987605773,0.007266600005095825,0.01,TELEOP,0,,0.0,1.1000000000000008,110,0.002500000000000019,0.0,0.0,0.0,0.0,0.0,1.0,0.0009673922533882779,0.0,0.0,0.0,0.0,0.0,1.0,-0.015709782323983526,-0.22496149868535165,0.2802328425555495,-0.1305261922200515,0.0,0.0,0.9914448613738105,-0.015750889672154177,-0.22496149868535165,0.2802328425555495,-0.1305261922200515,0.0,0.0,0.9914448613738105,-0.015750890733910332,-0.22496149875860236,0.2802328426766671,-0.13052619221456987,-1.5518307872821067e-12,7.151655615799977e-11,0.9914448613745321,-0.01597883599132679,-0.22496150739008136,0.2802328564040153,-0.13052631762925032,-7.989919489811201e-10,2.08683959557988e-09,0.9914448448633681,-0.01597883599132679,-0.22496150739008136,0.2802328564040153,-0.13052631762925032,-7.989919489811201e-10,2.08683959557988e-09,0.9914448448633681,0.002726574099373842,-0.5236315906921255,0.7854517861575134,0.005267101126274516,0.5236265191270607,0.0052670717748078775,0.00023162944369044958,-0.5236016652662834,0.7854027631166461,0.0004474642851839552,0.52360078868844,0.00044746303427521515,0.00023162944369044958,-0.5236016652662834,0.7854027631166461,0.0004474642851839552,0.52360078868844,0.00044746303427521515,0.006407362035168699,-7.871469447248571e-05,0.0001267091545426191,0.012377690018904597,5.980392548280942e-05,0.012377640692615377,0.13561627513748756,-0.0016111219280426903,0.0026579571111849643,0.2619765862887163,0.0014509096073939166,0.2619748685109827,0.0,True,False,1,True,True,0.0031651000026613474,3,1.071149511834849e-09,1.4349348906459684e-10,`gtol` termination condition is satisfied.,True,True,0.010000000000000009,0.004086030239503221,1.0,0.00022794525799322323,2.530308917498497e-07,0.0002279463197594874,2.5302217409184825e-07
1.1100000000000008,1786132506.4143453,0.007660200004465878,0.008719099991139956,0.01,TELEOP,0,,0.0,1.1100000000000008,111,0.0027500000000000194,0.0,0.0,0.0,0.0,0.0,1.0,0.0011302406512847451,0.0,0.0,0.0,0.0,0.0,1.0,-0.015660927804614585,-0.22496149868535165,0.2802328425555495,-0.1305261922200515,0.0,0.0,0.9914448613738105,-0.01570765617864335,-0.22496149868535165,0.2802328425555495,-0.1305261922200515,0.0,0.0,0.9914448613738105,-0.01570765731054746,-0.2249614987597496,0.2802328426772635,-0.13052619221456194,-1.656524027490173e-12,7.623445608464407e-11,0.9914448613745331,-0.01597158609581817,-0.2249615119344604,0.28023286363303984,-0.1305263832218881,-1.2426447029905514e-09,3.264652958111261e-09,0.9914448362279229,-0.01597158609581817,-0.2249615119344604,0.28023286363303984,-0.1305263832218881,-1.2426447029905514e-09,3.264652958111261e-09,0.9914448362279229,0.0031998128449723775,-0.5236367824213022,0.785460873149374,0.006181225506018989,0.5236330308886411,0.006181184606461905,0.0003109759804106206,-0.5236026306867815,0.7854043281591234,0.0006007442299463797,0.5236015607952583,0.0006007422515421527,0.0003109759804106206,-0.5236026306867815,0.7854043281591234,0.0006007442299463797,0.5236015607952583,0.0006007422515421527,0.007934653672017093,-9.654204980728172e-05,0.00015650424772505403,0.015327994476242435,7.721068183226219e-05,0.015327921726693745,0.1527291636848392,-0.0017827355334796003,0.002979509318243491,0.2950304457337835,0.0017406756349452757,0.2950281034078365,0.0,True,False,1,True,True,0.003982000009273179,3,1.1408576914553523e-09,1.5290642290961452e-10,`gtol` termination condition is satisfied.,True,True,0.010000000000000009,0.0048196368410905605,1.0,0.0002639287864314727,3.853718034118964e-07,0.00026392991834899265,3.8536330586657366e-07
1.1200000000000008,1786132506.4215937,0.009048000007169321,0.006919499996001832,0.01,TELEOP,0,,0.0,1.1200000000000008,112,0.0030000000000000196,0.0,0.0,0.0,0.0,0.0,1.0,0.001301051432405936,0.0,0.0,0.0,0.0,0.0,1.0,-0.015609684570278226,-0.22496149868535165,0.2802328425555495,-0.1305261922200515,0.0,0.0,0.9914448613738105,-0.01566193811160996,-0.22496149868535165,0.2802328425555495,-0.1305261922200515,0.0,0.0,0.9914448613738105,-0.015661939308476557,-0.22496149876091945,0.2802328426777513,-0.130526192214559,-1.7535002355336585e-12,8.060185568412142e-11,0.9914448613745336,-0.0159627898242686,-0.224961518081231,0.28023287341127545,-0.13052647196013686,-1.8618246121626819e-09,4.916584848468984e-09,0.9914448245452894,-0.0159627898242686,-0.224961518081231,0.28023287341127545,-0.13052647196013686,-1.8618246121626819e-09,4.916584848468984e-09,0.9914448245452894,0.0037002591690873266,-0.5236421104771546,0.7854704116474371,0.007147879928898302,0.5236404627959848,0.007147824566256651,0.00040724699454769897,-0.5236037898207823,0.7854062216945076,0.0007867170661102127,0.5236025387126246,0.0007867140501112517,0.00040724699454769897,-0.5236037898207823,0.7854062216945076,0.0007867170661102127,0.5236025387126246,0.0007867140501112517,0.009627101413707827,-0.00011591340008244523,0.00018935353841026994,0.01859728361638329,9.77917366284808e-05,0.018597179856909892,0.1692447741690733,-0.0019371350275163488,0.003284929068521589,0.3269289140140854,0.00205810547962186,0.32692581302161455,0.0,True,False,1,True,True,0.003259700009948574,3,1.2054598379374365e-09,1.616220766676396e-10,`gtol` termination condition is satisfied.,True,True,0.010000000000000009,0.005580481276072609,1.0,0.00030085051798220684,5.6441413222918e-07,0.00030085171486616424,5.644058629222727e-07
1.1300000000000008,1786132506.428033,0.007144099989091046,0.006214699998963624,0.01,TELEOP,0,,0.0,1.1300000000000008,113,0.00325000000000002,0.0,0.0,0.0,0.0,0.0,1.0,0.0014790972178999051,0.0,0.0,0.0,0.0,0.0,1.0,-0.015556270834630036,-0.22496149868535165,0.2802328425555495,-0.1305261922200515,0.0,0.0,0.9914448613738105,-0.015613918327141051,-0.22496149868535165,0.2802328425555495,-0.1305261922200515,0.0,0.0,0.9914448613738105,-0.015613919584204619,-0.22496149876211344,0.2802328426781371,-0.13052619221456094,-1.8433836360097625e-12,8.464722542612138e-11,0.9914448613745334,-0.01595230360598853,-0.22496152612999942,0.28023288621554776,-0.13052658817334695,-2.7006232027551747e-09,7.161909832331404e-09,0.9914448092454897,-0.01595230360598853,-0.22496152612999942,0.28023288621554776,-0.13052658817334695,-2.7006232027551747e-09,7.161909832331404e-09,0.9914448092454897,0.004225912967912466,-0.5236475274138563,0.7854803520686443,0.008163194665625036,0.5236488731205805,0.008163121541355017,0.0005220139378772762,-0.5236051560935683,0.7854084722295411,0.0010084177048125793,0.523603756903599,0.0010084132508221188,0.0005220139378772762,-0.5236051560935683,0.7854084722295411,0.0010084177048125793,0.523603756903599,0.0010084132508221188,0.011476694332957709,-0.0001366272785992401,0.00022505350335991914,0.022170063870236647,0.00012181909743435223,0.022169920071086684,0.18495929192498808,-0.0020713878516794835,0.0035699964949649165,0.3572780253853353,0.0024027360805871406,0.357274021417679,0.0,True,False,1,True,True,0.0029611000063596293,3,1.2653572252467585e-09,1.6969642698983452e-10,`gtol` termination condition is satisfied.,True,True,0.010000000000000009,0.006361162862788089,1.0,0.0003383840256914655,7.988946575534859e-07,0.0003383852827770305,7.988866260714299e-07
1.1400000000000008,1786132506.4343686,0.006430699999327771,0.006119800003943965,0.01,TELEOP,0,,0.0,1.1400000000000008,114,0.00350000000000002,0.0,0.0,0.0,0.0,0.0,1.0,0.0016637170671549117,0.0,0.0,0.0,0.0,0.0,1.0,-0.015500884879853533,-0.22496149868535165,0.2802328425555495,-0.1305261922200515,0.0,0.0,0.9914448613738105,-0.015563766079197733,-0.22496149868535165,0.2802328425555495,-0.1305261922200515,0.0,0.0,0.9914448613738105,-0.015563767392045683,-0.22496149876333205,0.28023284267842674,-0.13052619221456752,-1.92670325304416e-12,8.839453822964953e-11,0.9914448613745325,-0.01593999275742256,-0.22496153637142302,0.2802329025085416,-0.13052673606215293,-3.807768314562663e-09,1.013035173489596e-08,0.9914447897754877,-0.01593999275742256,-0.22496153637142302,0.2802329025085416,-0.13052673606215293,-3.807768314562663e-09,1.013035173489596e-08,0.9914447897754877,0.004774922863824091,-0.5236529886985225,0.7854906482396039,0.009223586804154013,0.5236583178526252,0.009223492227826082,0.0006567510590262415,-0.5236067406811565,0.7854111058867251,0.0012686930757018421,0.5236052524741381,0.0012686866777029413,0.0006567510590262415,-0.5236067406811565,0.7854111058867251,0.0012686930757018421,0.5236052524741381,0.0012686866777029413,0.013473712114896523,-0.00015845875882306959,0.0002633657184012963,0.02602753708892626,0.00014955705391636996,0.026027342688082218,0.1997017781938813,-0.0021831480223829477,0.00383122150413771,0.3857473218689608,0.0027737956482017712,0.38574226169955295,0.0,True,False,1,True,True,0.0027679000049829483,3,1.3208896641871644e-09,1.7717676986924894e-10,`gtol` termination condition is satisfied.,True,True,0.010000000000000009,0.007154776960812457,1.0,0.0003762253720138696,1.0972911094536455e-06,0.00037622668488916053,1.0972833257309846e-06
1.1500000000000008,1786132506.4421575,0.006336500009638257,0.007572600006824359,0.01,TELEOP,0,,0.0,1.1500000000000008,115,0.0037500000000000202,0.0,0.0,0.0,0.0,0.0,1.0,0.0018543104105394545,0.0,0.0,0.0,0.0,0.0,1.0,-0.015443706876838171,-0.22496149868535165,0.2802328425555495,-0.1305261922200515,0.0,0.0,0.9914448613738105,-0.015511638635777198,-0.22496149868535165,0.2802328425555495,-0.1305261922200515,0.0,0.0,0.9914448613738105,-0.015511640000307823,-0.2249614987645755,0.28023284267862586,-0.13052619221457842,-2.003913405163931e-12,9.186493022963331e-11,0.991444861374531,-0.01592573277013473,-0.22496154907318647,0.2802329227165036,-0.13052691949596693,-5.235919019996356e-09,1.3958945066176821e-08,0.9914447656258483,-0.01592573277013473,-0.22496154907318647,0.2802329227165036,-0.13052691949596693,-5.235919019996356e-09,1.3958945066176821e-08,0.9914447656258483,0.00534556851074597,-0.5236584525849783,0.7855012570865673,0.010325726089894975,0.5236688502278636,0.010325605972548177,0.0008128213190497357,-0.5236085523302223,0.7854141461224761,0.0015701748949488966,0.5236070650648665,0.001570165925224565,0.0008128213190497357,-0.5236085523302223,0.7854141461224761,0.0015701748949488966,0.5236070650648665,0.001570165925224565,0.015607026002349405,-0.00018116490657517841,0.0003040235750915533,0.03014818192470542,0.00018125907284378482,0.03014792475216234,0.21333138874528798,-0.0022706147752108797,0.004065785669025698,0.41206448357791553,0.003170201892741483,0.41205820640801183,0.0,True,False,1,True,True,0.0029543999989982694,3,1.3723585692494492e-09,1.8410491236744444e-10,`gtol` termination condition is satisfied.,True,True,0.010000000000000009,0.007954893728452171,1.0,0.000414092780617987,1.467413667751219e-06,0.00041409414518201663,1.467406142066254e-06
1.1600000000000008,1786132506.4482164,0.007843100000172853,0.005787800007965416,0.01,TELEOP,0,,0.0,1.1600000000000008,116,0.00400000000000002,0.0,0.0,0.0,0.0,0.0,1.0,0.00205033153605763,0.0,0.0,0.0,0.0,0.0,1.0,-0.01538490053918272,-0.22496149868535165,0.2802328425555495,-0.1305261922200515,0.0,0.0,0.9914448613738105,-0.015457682406399416,-0.22496149868535165,0.2802328425555495,-0.1305261922200515,0.0,0.0,0.9914448613738105,-0.015457683818792485,-0.2249614987658432,0.2802328426787396,-0.13052619221459363,-2.075440287265495e-12,9.507755410841744e-11,0.991444861374529,-0.015909410345568472,-0.22496156446591173,0.28023294720683695,-0.13052714180950292,-7.040715500471407e-09,1.8788224776549054e-08,0.9914447363575246,-0.015909410345568472,-0.22496156446591173,0.28023294720683695,-0.13052714180950292,-7.040715500471407e-09,1.8788224776549054e-08,0.9914447363575246,0.005936248251535495,-0.5236638800215858,0.7855121384174679,0.011466511109768941,0.5236805204112063,0.01146636095880283,0.0009914650777690897,-0.5236105972286115,0.7854176135072963,0.001915257786306058,0.5236092367129395,0.001915245478741458,0.0009914650777690897,-0.5236105972286115,0.7854176135072963,0.001915257786306058,0.5236092367129395,0.001915245478741458,0.0178643758719354,-0.00020448983891857737,0.00034673848202271246,0.034508289135716116,0.00021716480728717412,0.034507955351689275,0.22573498695859945,-0.0023324932343398953,0.004271490693115909,0.43601072110106903,0.0035905734443389264,0.4360030599526934,0.0,True,False,1,True,True,0.0027052000077674165,3,1.4200383370098778e-09,1.905187989347628e-10,`gtol` termination condition is satisfied.,True,True,0.010000000000000009,0.008755551194946079,1.0,0.000451726543647502,1.915994487849402e-06,0.0004517279560807546,1.9159872307300357e-06
1.1700000000000008,1786132506.4547756,0.005997200001729652,0.006349999996018596,0.01,TELEOP,0,,0.0,1.1700000000000008,117,0.00425000000000002,0.0,0.0,0.0,0.0,0.0,1.0,0.002251284579371957,0.0,0.0,0.0,0.0,0.0,1.0,-0.01532461462618842,-0.22496149868535165,0.2802328425555495,-0.1305261922200515,0.0,0.0,0.9914448613738105,-0.015402033802919645,-0.22496149868535165,0.2802328425555495,-0.1305261922200515,0.0,0.0,0.9914448613738105,-0.015402035259613964,-0.22496149876713462,0.2802328426787729,-0.13052619221461295,-2.1416645066633592e-12,9.805005138176284e-11,0.9914448613745265,-0.015890924196429373,-0.22496158272962324,0.2802329762665721,-0.1305274056072736,-9.279571096099989e-09,2.4757879088929122e-08,0.9914447016275963,-0.015890924196429373,-0.22496158272962324,0.2802329762665721,-0.1305274056072736,-9.279571096099989e-09,2.4757879088929122e-08,0.9914447016275963,0.006545469696986101,-0.5236692345675579,0.7855232547498356,0.012643051123826346,0.5236933752999772,0.012642866039291633,0.0011937913331175048,-0.5236128789225443,0.7854215255631214,0.0023060823348940137,0.523611811686083,0.0023060657678024305,0.0011937913331175048,-0.5236128789225443,0.7854215255631214,0.0023060823348940137,0.523611811686083,0.0023060657678024305,0.020232625534841488,-0.00022816939327702858,0.00039120558250645284,0.03908245485879554,0.0002574973143449844,0.03908202890609724,0.23682496629060854,-0.0023679554358451193,0.004446710048374036,0.4574165723079413,0.0040332507057810225,0.457407355440796,0.0,True,False,1,True,True,0.002737400005571544,3,1.464182641304622e-09,1.9645345526042767e-10,`gtol` termination condition is satisfied.,True,True,0.010000000000000009,0.009551253323462882,1.0,0.0004888889622766108,2.448293290014157e-06,0.0004888904190185921,2.448286312282682e-06
1.1800000000000008,1786132506.460744,0.006563099988852628,0.005755299993325025,0.01,TELEOP,0,,0.0,1.1800000000000008,118,0.0045000000000000205,0.0,0.0,0.0,0.0,0.0,1.0,0.002456718971255392,0.0,0.0,0.0,0.0,0.0,1.0,-0.01526298430862339,-0.22496149868535165,0.2802328425555495,-0.1305261922200515,0.0,0.0,0.9914448613738105,-0.01534481994553737,-0.22496149868535165,0.2802328425555495,-0.1305261922200515,0.0,0.0,0.9914448613738105,-0.015344821443212562,-0.22496149876844876,0.2802328426787306,-0.13052619221463627,-2.2029437916491154e-12,1.0079880376980167e-10,0.9914448613745234,-0.015870185633427496,-0.22496160398133552,0.280233010082616,-0.13052771258425266,-1.2010199804677594e-08,3.200202950188156e-08,0.9914446612128796,-0.015870185633427496,-0.22496160398133552,0.280233010082616,-0.13052771258425266,-1.2010199804677594e-08,3.200202950188156e-08,0.9914446612128796,0.00717184200147338,-0.5236744823070639,0.7855345711622392,0.01385265117690752,0.523707458420742,0.01385242584906532,0.0014207713079393567,-0.5236153982765973,0.7854258966531771,0.002744522676946956,0.5236148362915662,0.002744500755561537,0.0014207713079393567,-0.5236153982765973,0.7854258966531771,0.002744522676946956,0.5236148362915662,0.002744500755561537,0.022697997482185168,-0.000251935405309262,0.00043710900557386286,0.04384403420529418,0.00030246054832943367,0.04384349877591059,0.24653719473436786,-0.0023766012032233404,0.004590342306741,0.4761579346498642,0.004496323398444928,0.4761469869813348,0.0,True,False,1,True,True,0.002678600008948706,3,1.505028140169867e-09,2.019414201985307e-10,`gtol` termination condition is satisfied.,True,True,0.010000000000000009,0.010336968788932331,1.0,0.0005253642274213255,3.067735539224464e-06,0.0005253657251523249,3.0677288519320518e-06
1.1900000000000008,1786132506.467241,0.005964800002402626,0.006287600001087412,0.01,TELEOP,0,,0.0,1.1900000000000008,119,0.0047500000000000216,0.0,0.0,0.0,0.0,0.0,1.0,0.002666225300723928,0.0,0.0,0.0,0.0,0.0,1.0,-0.015200132409782829,-0.22496149868535165,0.2802328425555495,-0.1305261922200515,0.0,0.0,0.9914448613738105,-0.015286159272833777,-0.22496149868535165,0.2802328425555495,-0.1305261922200515,0.0,0.0,0.9914448613738105,-0.015286160808394376,-0.22496149876978463,0.2802328426786174,-0.13052619221466355,-2.2596104039689993e-12,1.0333911743548582e-10,0.9914448613745198,-0.015847118955378447,-0.2249616282642585,0.2802330487245665,-0.1305280633698553,-1.5288881294765994e-08,4.064432129911303e-08,0.9914446150304682,-0.015847118955378447,-0.2249616282642585,0.2802330487245665,-0.1305280633698553,-1.5288881294765994e-08,4.064432129911303e-08,0.9914446150304682,0.007814069190847693,-0.5236795917572445,0.7855460551582656,0.015092799244493534,0.5237228099000838,0.01509252795251898,0.001673234186824029,-0.5236181534725394,0.7854307379197913,0.003232178244436782,0.5236183586633184,0.0032321496832084778,0.001673234186824029,-0.5236181534725394,0.7854307379197913,0.003232178244436782,0.5236183586633184,0.0032321496832084778,0.025246287888467195,-0.0002755195942051808,0.00048412666142083816,0.04876555674898257,0.00035223717521694835,0.04876489276469405,0.25482904062820255,-0.002358418889591873,0.004701765584697525,0.4921522543688387,0.004977662688751464,0.49213939887834535,0.0,True,False,1,True,True,0.00261060000048019,3,1.5427964872840914e-09,2.0701316125867566e-10,`gtol` termination condition is satisfied.,True,True,0.010000000000000009,0.011108128499960564,1.0,0.0005609581997720993,3.7755976456444533e-06,0.0005609597353972685,3.7755912603807853e-06
1.2000000000000008,1786132506.4762444,0.006598799998755567,0.008692399991559796,0.01,TELEOP,0,,0.0,1.2000000000000008,120,0.005000000000000022,0.0,0.0,0.0,0.0,0.0,1.0,0.002879431555909148,0.0,0.0,0.0,0.0,0.0,1.0,-0.015136170533227264,-0.22496149868535165,0.2802328425555495,-0.1305261922200515,0.0,0.0,0.9914448613738105,-0.01522616208798168,-0.22496149868535165,0.2802328425555495,-0.1305261922200515,0.0,0.0,0.9914448613738105,-0.015226163658411545,-0.22496149877250549,0.28023284267729115,-0.13052619221489994,-2.3032870470659987e-12,1.058539095258014e-10,0.9914448613744887,-0.01582166166008487,-0.22496165553903794,0.28023309213073366,-0.13052845740112448,-1.9168476967315172e-08,5.0793018037787334e-08,0.9914445631544307,-0.01582166166008487,-0.22496165553903794,0.28023309213073366,-0.13052845740112448,-1.9168476967315172e-08,5.0793018037787334e-08,0.9914445631544307,0.008470944191429736,-0.5236845337607424,0.7855576765428981,0.016361154732441204,0.5237394665081588,0.01636083134415537,0.0019518648119447404,-0.5236211400430432,0.7854360572657371,0.0037703692958024866,0.5236224285307916,0.003770332600641416,0.0019518648119447404,-0.5236211400430432,0.7854360572657371,0.0037703692958024866,0.5236224285307916,0.003770332600641416,0.027863062512071116,-0.00029865705038464456,0.000531934594571014,0.053819105136570435,0.0004069867473102784,0.05381829174329378,0.2616774623603919,-0.002313745617946378,0.0047807933150175825,0.5053548387587857,0.005474957209333002,0.5053398978599728,0.0,True,False,1,True,True,0.0037948999961372465,4,1.5775508819549795e-09,2.120127697410202e-10,`gtol` termination condition is satisfied.,True,True,0.010000000000000009,0.011860621000056751,1.0,0.0005954980745558196,4.570750645449694e-06,0.0005954996450594513,4.570744995348767e-06
1.2100000000000009,1786132506.4851024,0.009153699997114018,0.00839560000167694,0.01,TELEOP,0,,0.0,1.2100000000000009,121,0.005250000000000022,0.0,0.0,0.0,0.0,0.0,1.0,0.003095999708191071,0.0,0.0,0.0,0.0,0.0,1.0,-0.015071200087542687,-0.22496149868535165,0.2802328425555495,-0.1305261922200515,0.0,0.0,0.9914448613738105,-0.015164931059319231,-0.22496149868535165,0.2802328425555495,-0.1305261922200515,0.0,0.0,0.9914448613738105,-0.015164932662043842,-0.2249614987739967,0.28023284267695175,-0.13052619221495163,-2.3508684107579035e-12,1.0803252280012654e-10,0.991444861374482,-0.015793764492903643,-0.22496168567730462,0.28023314009789174,-0.13052889282961364,-2.3696222751777906e-08,6.253628228078027e-08,0.9914445058280725,-0.015793764492903643,-0.22496168567730462,0.28023314009789174,-0.13052889282961364,-2.3696222751777906e-08,6.253628228078027e-08,0.9914445058280725,0.009141343354186622,-0.523689281415073,0.7855694072777117,0.01765553793841611,0.5237574616772462,0.017655155910905034,0.0022572031526265166,-0.5236243509366442,0.7854418593746038,0.004360135875128088,0.5236270969728256,0.004360089325720662,0.0022572031526265166,-0.5236243509366442,0.7854418593746038,0.004360135875128088,0.5236270969728256,0.004360089325720662,0.030533834068177612,-0.00032108936009551963,0.0005802108866725098,0.05897665793256014,0.0004668442034057333,0.05897567250792459,0.26707715561064926,-0.0022432309710875044,0.004827629210149575,0.5157552795989704,0.005985745609545483,0.5157380764630809,0.0,True,False,1,True,True,0.00465450000774581,4,1.60975856541378e-09,2.1636091839574827e-10,`gtol` termination condition is satisfied.,True,True,0.010000000000000009,0.012590785436638718,1.0,0.0006288319289719244,5.44947391513613e-06,0.0006288335317800706,5.449468626042355e-06
1.2200000000000009,1786132506.492055,0.008605700000771321,0.006743399993865751,0.01,TELEOP,0,,0.0,1.2200000000000009,122,0.005500000000000022,0.0,0.0,0.0,0.0,0.0,1.0,0.0033156226082571706,0.0,0.0,0.0,0.0,0.0,1.0,-0.015005313217522857,-0.22496149868535165,0.2802328425555495,-0.1305261922200515,0.0,0.0,0.9914448613738105,-0.015102561685934126,-0.22496149868535165,0.2802328425555495,-0.1305261922200515,0.0,0.0,0.9914448613738105,-0.015102563318451254,-0.22496149877550312,0.2802328426765563,-0.13052619221500628,-2.394727641693785e-12,1.1004254990342501e-10,0.9914448613744746,-0.015763391349375135,-0.22496171845779855,0.280233192275052,-0.13052936646500599,-2.8911340128802278e-08,7.593783018738774e-08,0.9914444434713614,-0.015763391349375135,-0.22496171845779855,0.280233192275052,-0.13052936646500599,-2.8911340128802278e-08,7.593783018738774e-08,0.9914444434713614,0.009824221372952954,-0.5236938099131383,0.7855812213902333,0.01897392026338328,0.5237768256944703,0.018973472644450113,0.0025896453692259673,-0.5236277766097818,0.7854481457661735,0.005002239853317218,0.5236324161608127,0.005002181485645593,0.0025896453692259673,-0.5236277766097818,0.7854481457661735,0.005002239853317218,0.5236324161608127,0.005002181485645593,0.03324422165994506,-0.00034256731376403884,0.0006286391569703457,0.06421039781891291,0.0005319187987084837,0.064209215992493,0.2710387591767448,-0.0021477953668519213,0.004842827029783596,0.5233739886352758,0.00650745953027504,0.5233543484568403,0.0,True,False,1,True,True,0.003681799993501045,4,1.6394761698531305e-09,2.2037234661371002e-10,`gtol` termination condition is satisfied.,True,True,0.010000000000000009,0.013295402063288022,1.0,0.0006608281599131138,6.405338914724392e-06,0.0006608297925239264,6.405333998373309e-06
1.2300000000000009,1786132506.500794,0.006957000005058944,0.008525299999746494,0.01,TELEOP,0,,0.0,1.2300000000000009,123,0.0057500000000000225,0.0,0.0,0.0,0.0,0.0,1.0,0.0035380211656122896,0.0,0.0,0.0,0.0,0.0,1.0,-0.014938593650316322,-0.22496149868535165,0.2802328425555495,-0.1305261922200515,0.0,0.0,0.9914448613738105,-0.015039142734701734,-0.22496149868535165,0.2802328425555495,-0.1305261922200515,0.0,0.0,0.9914448613738105,-0.015039144394683658,-0.2249614987770226,0.2802328426761096,-0.13052619221506365,-2.4351277571708504e-12,1.1189575034411551e-10,0.9914448613744671,-0.01573051904775591,-0.22496175356513942,0.28023324816145884,-0.1305298737570417,-3.4842519034368665e-08,9.103310908822205e-08,0.9914443766833121,-0.01573051904775591,-0.22496175356513942,0.28023324816145884,-0.1305298737570417,-3.4842519034368665e-08,9.103310908822205e-08,0.9914443766833121,0.010518606505498854,-0.5236980964633248,0.7855930948366915,0.020314415016912335,0.5237975857844878,0.020313894447187217,0.00294944629788847,-0.5236314051424742,0.7854549148825466,0.005697169716404441,0.5236384390944097,0.005697097305587485,0.00294944629788847,-0.5236314051424742,0.7854549148825466,0.005697169716404441,0.5236384390944097,0.005697097305587485,0.03598009286625026,-0.00036285326924411854,0.0006769116373047515,0.06949298630872233,0.00060229335970158,0.06949158199418916,0.2735871206305195,-0.002028595548007969,0.004827248033440568,0.5282588489809422,0.007037456099309623,0.5282366001696155,0.0,True,False,1,True,True,0.003863099991576746,4,1.6668768083939771e-09,2.2407051113267028e-10,`gtol` termination condition is satisfied.,True,True,0.010000000000000009,0.013971680410066061,1.0,0.0006913748189268451,7.429174207227064e-06,0.0006913764790128781,7.429169675656937e-06
1.2400000000000009,1786132506.5097392,0.008879100001649931,0.008591300007537939,0.01,TELEOP,0,,0.0,1.2400000000000009,124,0.006000000000000023,0.0,0.0,0.0,0.0,0.0,1.0,0.003762941785662378,0.0,0.0,0.0,0.0,0.0,1.0,-0.014871117464301295,-0.22496149868535165,0.2802328425555495,-0.1305261922200515,0.0,0.0,0.9914448613738105,-0.014974756652816048,-0.22496149868535165,0.2802328425555495,-0.1305261922200515,0.0,0.0,0.9914448613738105,-0.014974758338098998,-0.22496149877855315,0.2802328426756161,-0.13052619221512338,-2.472317982131256e-12,1.1360317580904667e-10,0.9914448613744593,-0.015695136986711534,-0.22496179059126414,0.28023330710882316,-0.1305304088159351,-4.1505340105603796e-08,1.0782612855323568e-07,0.9914443062393024,-0.015695136986711534,-0.22496179059126414,0.28023330710882316,-0.1305304088159351,-4.1505340105603796e-08,1.0782612855323568e-07,0.9914443062393024,0.011223596067924719,-0.5237021201674088,0.7856050053923548,0.02167526874383136,0.5238197662782654,0.02167466745947209,0.003336723189232127,-0.5236352223740043,0.7854621622010955,0.006445147778591528,0.5236452193334281,0.006445058822158418,0.003336723189232127,-0.5236352223740043,0.7854621622010955,0.006445147778591528,0.5236452193334281,0.006445058822158418,0.03872768913436569,-0.0003817231530116982,0.0007247318548961523,0.07479780621870862,0.0006780239018485129,0.07479615165709326,0.27475962681154287,-0.0018869883767579643,0.004782021759140078,0.5304819909986276,0.0075730542146932815,0.5304569662904103,0.0,True,False,1,True,True,0.004891499993391335,4,1.6921232621786814e-09,2.274774811466204e-10,`gtol` termination condition is satisfied.,True,True,0.010000000000000009,0.014617245300507894,1.0,0.0007203788574282878,8.509106163227021e-06,0.0007203805428259269,8.509102029074265e-06
1.2500000000000009,1786132506.5167508,0.008816500005195849,0.006786900004954077,0.01,TELEOP,0,,0.0,1.2500000000000009,125,0.006250000000000023,0.0,0.0,0.0,0.0,0.0,1.0,0.003990154040856299,0.0,0.0,0.0,0.0,0.0,1.0,-0.014802953787743118,-0.22496149868535165,0.2802328425555495,-0.1305261922200515,0.0,0.0,0.9914448613738105,-0.014909479958444624,-0.22496149868535165,0.2802328425555495,-0.1305261922200515,0.0,0.0,0.9914448613738105,-0.014909481667018588,-0.22496149878009283,0.28023284267507953,-0.13052619221518547,-2.5065378061258273e-12,1.1517517761322736e-10,0.9914448613744511,-0.015657246702807874,-0.22496182903945414,0.28023336832766976,-0.1305309644701689,-4.889971439796957e-08,1.2628704176596847e-07,0.9914442330834696,-0.015657246702807874,-0.22496182903945414,0.28023336832766976,-0.1305309644701689,-4.889971439796957e-08,1.2628704176596847e-07,0.9914442330834696,0.011938352167592611,-0.5237058619061975,0.7856169325404071,0.023054853010627763,0.5238433887816888,0.023054162846504803,0.003751460540869094,-0.5236392120552138,0.7854698803704551,0.007246139510818832,0.5236528107292524,0.007246031212517512,0.003751460540869094,-0.5236392120552138,0.7854698803704551,0.007246139510818832,0.5236528107292524,0.007246031212517512,0.041473735163696665,-0.00039896812095045764,0.0007718169359544935,0.08009917322273029,0.0007591395824310512,0.08009723903590937,0.2746046029330973,-0.0017244967938759453,0.00470850810583412,0.5301367004021668,0.008111568058253825,0.5301087378816107,0.0,True,False,1,True,True,0.0036893999931635335,4,1.7153682748918012e-09,2.3061390215734654e-10,`gtol` termination condition is satisfied.,True,True,0.010000000000000009,0.01523012096523983,1.0,0.0007477652934784035,9.63067546152399e-06,0.0007477670021776637,9.630671738687624e-06
1.260000000000001,1786132506.5238798,0.007084099997882731,0.006831500009866431,0.01,TELEOP,0,,0.0,1.260000000000001,126,0.006500000000000023,0.0,0.0,0.0,0.0,0.0,1.0,0.004219448554515951,0.0,0.0,0.0,0.0,0.0,1.0,-0.014734165433645223,-0.22496149868535165,0.2802328425555495,-0.1305261922200515,0.0,0.0,0.9914448613738105,-0.014843383611298092,-0.22496149868535165,0.2802328425555495,-0.1305261922200515,0.0,0.0,0.9914448613738105,-0.014843385341297297,-0.22496149878164004,0.2802328426745038,-0.1305261922152495,-2.5379966635916086e-12,1.166214764510378e-10,0.9914448613744427,-0.015616861341783837,-0.22496186833079435,0.2802334308975521,-0.13053153235940007,-5.700742670053506e-08,1.4635053966792413e-07,0.9914441583164845,-0.015616861341783837,-0.22496186833079435,0.2802334308975521,-0.13053153235940007,-5.700742670053506e-08,1.4635053966792413e-07,0.9914441583164845,0.012662097655786535,-0.5237093042261542,0.785628857364405,0.024451656614097313,0.5238684723520622,0.024450869007370715,0.0041935158709454625,-0.5236433560141762,0.7854780593659371,0.00809986468968885,0.5236612671589165,0.008099733943922051,0.0041935158709454625,-0.5236433560141762,0.7854780593659371,0.00809986468968885,0.5236612671589165,0.008099733943922051,0.044205533007636834,-0.00041439589624656537,0.0008178995482013103,0.08537251788700172,0.0008456429664019619,0.08537027314045388,0.2731797843940168,-0.0015427775296107745,0.004608261224681668,0.5273344664271421,0.008650338397091058,0.5273034104544501,0.0,True,False,1,True,True,0.0035560999967856333,4,1.7367552618127104e-09,2.3349919630619284e-10,`gtol` termination condition is satisfied.,True,True,0.010000000000000009,0.015808713499808932,1.0,0.0007734763124372885,1.0777024442296173e-05,0.0007734780425722786,1.0777021145594782e-05
1.270000000000001,1786132506.5326111,0.007060399992042221,0.008502399999997579,0.01,TELEOP,0,,0.0,1.270000000000001,127,0.006750000000000023,0.0,0.0,0.0,0.0,0.0,1.0,0.004450635077935251,0.0,0.0,0.0,0.0,0.0,1.0,-0.014664809476619432,-0.22496149868535165,0.2802328425555495,-0.1305261922200515,0.0,0.0,0.9914448613738105,-0.014776533364394894,-0.22496149868535165,0.2802328425555495,-0.1305261922200515,0.0,0.0,0.9914448613738105,-0.014776535114088735,-0.22496149878319333,0.28023284267389237,-0.1305261922153153,-2.5669002823343694e-12,1.1795118322513683e-10,0.991444861374434,-0.01557400505689695,-0.2249619078128379,0.2802334937807738,-0.13053210305922877,-6.578987305115894e-08,1.6791508577515468e-07,0.9914440831791284,-0.01557400505689695,-0.2249619078128379,0.2802334937807738,-0.13053210305922877,-6.578987305115894e-08,1.6791508577515468e-07,0.9914440831791284,0.013394112285970013,-0.5237124312280378,0.7856407624445569,0.025864278184821878,0.5238950336783191,0.025863384178824153,0.0046626262875086935,-0.5236476343322103,0.7854866866609527,0.009005810086258123,0.5236706422647155,0.0090056534632297,0.0046626262875086935,-0.5236476343322103,0.7854866866609527,0.009005810086258123,0.5236706422647155,0.0090056534632297,0.04691104165632304,-0.0004278318034076635,0.0008627295015594474,0.09059453965692729,0.0009375105798980875,0.09059195193076475,0.2705508648686203,-0.0013435907161098114,0.004482995335813711,0.5222021769925572,0.00918676134961255,0.522167879031086,0.0,True,False,1,True,True,0.003860199998598546,4,1.7564186778754928e-09,2.361515678631763e-10,`gtol` termination condition is satisfied.,True,True,0.010000000000000009,0.016351791924408464,1.0,0.0007974703135088852,1.1929148762779216e-05,0.0007974720633487343,1.192914590849725e-05
1.280000000000001,1786132506.5424774,0.008861800000886433,0.009506499991402961,0.01,TELEOP,0,,0.0,1.280000000000001,128,0.0070000000000000236,0.0,0.0,0.0,0.0,0.0,1.0,0.004683540743100923,0.0,0.0,0.0,0.0,0.0,1.0,-0.01459493777706973,-0.22496149868535165,0.2802328425555495,-0.1305261922200515,0.0,0.0,0.9914448613738105,-0.014708990097989039,-0.22496149868535165,0.2802328425555495,-0.1305261922200515,0.0,0.0,0.9914448613738105,-0.014708991865773412,-0.22496149878475116,0.2802328426732484,-0.1305261922153827,-2.593441701223723e-12,1.1917281244555115e-10,0.9914448613744251,-0.015528712346916287,-0.22496194677019388,0.28023355583917375,-0.13053266623377777,-7.518608356659947e-08,1.9084298659136374e-07,0.9914440090322091,-0.015528712346916287,-0.22496194677019388,0.28023355583917375,-0.13053266623377777,-7.518608356659947e-08,1.9084298659136374e-07,0.9914440090322091,0.01413372906695603,-0.5237152284584053,0.7856526317580463,0.027291419164783857,0.5239230872615187,0.027290409413129883,0.0051584157164378175,-0.5236520255273956,0.7854957474112245,0.009963243429491942,0.5236809892019535,0.009963057161136019,0.0051584157164378175,-0.5236520255273956,0.7854957474112245,0.009963243429491942,0.5236809892019535,0.009963057161136019,0.04957894289291233,-0.0004391195185369267,0.0009060750271889846,0.09574333432338178,0.001034693723797701,0.0957403697906317,0.2667901236589287,-0.0011287715129263156,0.00433455256295371,0.5148794666454487,0.009718314389961347,0.5148417859866954,0.0,True,False,1,True,True,0.0057333000004291534,4,1.7744844007306261e-09,2.38588019121137e-10,`gtol` termination condition is satisfied.,True,True,0.010000000000000009,0.016858468098563756,1.0,0.0008197209137881627,1.30662051971244e-05,0.0008197226817283397,1.3066202803630196e-05
1.290000000000001,1786132506.549456,0.009723199997097254,0.006762200006050989,0.01,TELEOP,0,,0.0,1.290000000000001,129,0.007250000000000024,0.0,0.0,0.0,0.0,0.0,1.0,0.004918008474998805,0.0,0.0,0.0,0.0,0.0,1.0,-0.014524597457500366,-0.22496149868535165,0.2802328425555495,-0.1305261922200515,0.0,0.0,0.9914448613738105,-0.014640810136435707,-0.22496149868535165,0.2802328425555495,-0.1305261922200515,0.0,0.0,0.9914448613738105,-0.014640811920824854,-0.22496149878631203,0.28023284267257526,-0.1305261922154515,-2.617791576202415e-12,1.2029434860332003e-10,0.991444861374416,-0.015481027345594835,-0.2249619844367165,0.28023361585346235,-0.13053321081141867,-8.511111816647773e-08,2.1496126269771847e-07,0.9914439373334271,-0.015481027345594835,-0.2249619844367165,0.28023361585346235,-0.13053321081141867,-8.511111816647773e-08,2.1496126269771847e-07,0.9914439373334271,0.014880330802442604,-0.5237176828046628,0.7856644505835605,0.028731877142613924,0.5239526455928784,0.028730741913466352,0.005680402658831215,-0.5236565067429633,0.7855052246487817,0.010971228394908512,0.5236923603971364,0.010971008361663549,0.005680402658831215,-0.5236565067429633,0.7855052246487817,0.010971228394908512,0.5236923603971364,0.010971008361663549,0.05219869423933963,-0.0004481215567610373,0.0009477237557121047,0.1007984965416569,0.0011371195182901545,0.10079512005275292,0.2619751346427298,-0.0009002038224110579,0.004164872852312011,0.5055162218275118,0.010242579449245342,0.50547502621212,0.0,True,False,1,True,True,0.003667900004074909,4,1.7910702549729989e-09,2.4082449708435733e-10,`gtol` termination condition is satisfied.,True,True,0.010000000000000009,0.017328175735291915,1.0,0.000840215920871772,1.4165866185734835e-05,0.0008402177054259239,1.4165864273918172e-05
1.300000000000001,1786132506.5565727,0.006980700010899454,0.00689839999540709,0.01,TELEOP,0,,0.0,1.300000000000001,130,0.007500000000000024,0.0,0.0,0.0,0.0,0.0,1.0,0.005153895548933163,0.0,0.0,0.0,0.0,0.0,1.0,-0.014453831335320058,-0.22496149868535165,0.2802328425555495,-0.1305261922200515,0.0,0.0,0.9914448613738105,-0.014572045548650792,-0.22496149868535165,0.2802328425555495,-0.1305261922200515,0.0,0.0,0.9914448613738105,-0.014572047348269494,-0.22496149878787491,0.2802328426718753,-0.13052619221552153,-2.6401290617249983e-12,1.2132322921583983e-10,0.9914448613744068,-0.015431003073696065,-0.22496202000893975,0.28023367254454623,-0.13053372517856052,-9.545491513153114e-08,2.4006326017261283e-07,0.9914438696118613,-0.015431003073696065,-0.22496202000893975,0.28023367254454623,-0.13053372517856052,-9.545491513153114e-08,2.4006326017261283e-07,0.9914438696118613,0.015633346809683733,-0.5237197823942001,0.785676205410175,0.030184539532558556,0.5239837193271797,0.030183268712984154,0.006228008357072748,-0.523661053938145,0.785515099482941,0.012028640384996271,0.5237048073186238,0.012028382103475734,0.006228008357072748,-0.523661053938145,0.785515099482941,0.012028640384996271,0.5237048073186238,0.012028382103475734,0.05476056982415335,-0.00045471951816766716,0.0009874834159259048,0.10574119900877581,0.0012446921487404778,0.10573737418121838,0.2561875584813724,-0.000659796140662989,0.003975966021379998,0.4942702467118902,0.010757263045032321,0.49422541284654575,0.0,True,False,1,True,True,0.003422499998123385,4,1.8062862992089939e-09,2.428758704764179e-10,`gtol` termination condition is satisfied.,True,True,0.010000000000000009,0.017760648747705412,1.0,0.0008589562844540666,1.5204710896760294e-05,0.0008589580842462103,1.5204709490538841e-05
1.310000000000001,1786132506.5640357,0.0071878999879118055,0.007173499994678423,0.01,TELEOP,0,,0.0,1.310000000000001,131,0.007750000000000024,0.0,0.0,0.0,0.0,0.0,1.0,0.005391072279616776,0.0,0.0,0.0,0.0,0.0,1.0,-0.014382678316114974,-0.22496149868535165,0.2802328425555495,-0.1305261922200515,0.0,0.0,0.9914448613738105,-0.014502744432748287,-0.22496149868535165,0.2802328425555495,-0.1305261922200515,0.0,0.0,0.9914448613738105,-0.014502746246324524,-0.22496149878943864,0.2802328426711515,-0.13052619221559292,-2.6606006583498973e-12,1.2226641188927216e-10,0.9914448613743975,-0.015378700663881736,-0.22496205266039024,0.2802337245962614,-0.13053419738618577,-1.0608166112189455e-07,2.659109216488704e-07,0.991443807440776,-0.015378700663881736,-0.22496205266039024,0.2802337245962614,-0.13053419738618577,-1.0608166112189455e-07,2.659109216488704e-07,0.991443807440776,0.01639224981087445,-0.5237215164980088,0.785687883850649,0.03164837758485461,0.5240163174498494,0.031646960685214935,0.006800565257223333,-0.5236656420792828,0.785525351305696,0.0131341828842424,0.5237183802614541,0.013133881495843425,0.006800565257223333,-0.5236656420792828,0.785525351305696,0.0131341828842424,0.5237183802614541,0.013133881495843425,0.057255690015058425,-0.0004588141137813375,0.0010251822755071264,0.11055424992461278,0.0013572942830299215,0.11054993923676908,0.24951201909050685,-0.0004094595613670328,0.003769885958122156,0.48130509158369716,0.011260213428944375,0.48125650555506927,0.0,True,False,1,True,True,0.003961800000979565,4,1.820235341359937e-09,2.447560218380782e-10,`gtol` termination condition is satisfied.,True,True,0.010000000000000009,0.018155899147562285,1.0,0.0008759550366331175,1.6158642104239818e-05,0.000875956850390291,1.615864123195843e-05
1.320000000000001,1786132506.5708644,0.0073890000057872385,0.006612999990466051,0.01,TELEOP,0,,0.0,1.320000000000001,132,0.008000000000000024,0.0,0.0,0.0,0.0,0.0,1.0,0.005629420829998439,0.0,0.0,0.0,0.0,0.0,1.0,-0.014311173751000475,-0.22496149868535165,0.2802328425555495,-0.1305261922200515,0.0,0.0,0.9914448613738105,-0.014432951185396871,-0.22496149868535165,0.2802328425555495,-0.1305261922200515,0.0,0.0,0.9914448613738105,-0.014432953011754849,-0.22496149879100247,0.28023284267040616,-0.13052619221566503,-2.6793501205994666e-12,1.23130381628727e-10,0.9914448613743879,-0.015324188567993679,-0.2249620815564044,0.28023377067891825,-0.1305346153637514,-1.1682973677934945e-07,2.922376215908622e-07,0.9914437524094539,-0.015324188567993679,-0.2249620815564044,0.28023377067891825,-0.1305346153637514,-1.1682973677934945e-07,2.922376215908622e-07,0.9914437524094539,0.017156552991309408,-0.5237228754390627,0.7856994745591963,0.03312244071615331,0.5240504474364787,0.03312086687447975,0.007397325663848078,-0.5236702453292131,0.7855359579991485,0.014286404187939621,0.523733128147764,0.014286054448421006,0.007397325663848078,-0.5236702453292131,0.7855359579991485,0.014286404187939621,0.523733128147764,0.014286054448421006,0.05967604066247444,-0.0004603249930356135,0.0010606693452567424,0.11522213036972208,0.0014747886309889155,0.11521729525775799,0.24203506474160172,-0.00015108792542760087,0.00354870697496161,0.46678804451092926,0.011749434795899396,0.46673560209889153,0.0,True,False,1,True,True,0.003541300000506453,4,1.833013261522802e-09,2.4647794174652635e-10,`gtol` termination condition is satisfied.,True,True,0.010000000000000009,0.01851419470061221,1.0,0.0008912362299186725,1.7003318070017098e-05,0.0008912380564639623,1.7003317764360387e-05
1.330000000000001,1786132506.5787954,0.006822900002589449,0.007721499991021119,0.01,TELEOP,0,,0.0,1.330000000000001,133,0.008250000000000025,0.0,0.0,0.0,0.0,0.0,1.0,0.00586883412889311,0.0,0.0,0.0,0.0,0.0,1.0,-0.014239349761332074,-0.22496149868535165,0.2802328425555495,-0.1305261922200515,0.0,0.0,0.9914448613738105,-0.014362706756413183,-0.22496149868535165,0.2802328425555495,-0.1305261922200515,0.0,0.0,0.9914448613738105,-0.014362708594466731,-0.22496149879256527,0.2802328426696414,-0.1305261922157381,-2.6965290854988743e-12,1.239211770481006e-10,0.9914448613743784,-0.01526754175549137,-0.22496210586908408,0.28023380947308146,-0.1305349671351767,-1.2751227489675934e-07,3.1875146122808604e-07,0.9914437060947537,-0.01526754175549137,-0.22496210586908408,0.28023380947308146,-0.1305349671351767,-1.2751227489675934e-07,3.1875146122808604e-07,0.9914437060947537,0.017925807218642113,-0.5237238505056514,0.7857109671537129,0.034605851149175,0.524086115403868,0.034604109135485554,0.008017470491829052,-0.5236748372331523,0.7855468961428312,0.01548371432022621,0.5237490983439377,0.015483310590277292,0.008017470491829052,-0.5236748372331523,0.7855468961428312,0.01548371432022621,0.5237490983439377,0.015483310590277292,0.06201448279809743,-0.00045919039392032973,0.0010938143682661563,0.1197310132286587,0.0015970196173676159,0.11972561418562855,0.23384421356229887,0.0001134599115283753,0.003314502300941387,0.45088828589366164,0.012223098637870022,0.45083189278705477,0.0,True,False,1,True,True,0.004097700002603233,4,1.8447093453965572e-09,2.4805367763128673e-10,`gtol` termination condition is satisfied.,True,True,0.010000000000000009,0.018836036528213692,1.0,0.0009048338811851772,1.7714588831491734e-05,0.0009048357194311135,1.7714589131942036e-05
1.340000000000001,1786132506.585432,0.007946600002469495,0.0064110000093933195,0.01,TELEOP,0,,0.0,1.340000000000001,134,0.008500000000000025,0.0,0.0,0.0,0.0,0.0,1.0,0.006109214887478243,0.0,0.0,0.0,0.0,0.0,1.0,-0.014167235533756534,-0.22496149868535165,0.2802328425555495,-0.1305261922200515,0.0,0.0,0.9914448613738105,-0.01429204888909729,-0.22496149868535165,0.2802328425555495,-0.1305261922200515,0.0,0.0,0.9914448613738105,-0.014292050737843669,-0.22496149879412655,0.28023284266885906,-0.1305261922158118,-2.712231756184088e-12,1.2464440748063793e-10,0.9914448613743686,-0.015208840911040477,-0.22496212479204003,0.2802338396930255,-0.1305352410318732,-1.3791834937786452e-07,3.4513891482616196e-07,0.9914436700330548,-0.015208840911040477,-0.22496212479204003,0.2802338396930255,-0.1305352410318732,-1.3791834937786452e-07,3.4513891482616196e-07,0.9914436700330548,0.018699598417718396,-0.5237244338697333,0.7857223521424228,0.036097798851070645,0.5241233262520129,0.03609587707159242,0.008660118028074733,-0.5236793908995173,0.7855581412189819,0.016724401972953114,0.5237663364953474,0.0167239382097658,0.008660118028074733,-0.5236793908995173,0.7855581412189819,0.016724401972953114,0.5237663364953474,0.0167239382097658,0.06426475362456803,-0.0004553666364971045,0.001124507615071454,0.12406876527269023,0.0017238151409725198,0.12406276194885056,0.2250270826470592,0.00038237574232252394,0.003069324680529754,0.4337752044031522,0.012679552360490383,0.4337147763222015,0.0,True,False,1,True,True,0.003382799986866303,4,1.8554067513270666e-09,2.494944528059451e-10,`gtol` termination condition is satisfied.,True,True,0.010000000000000009,0.01912213682894879,1.0,0.0009167909290567888,1.8268926822259553e-05,0.0009167927779991547,1.8268927776185635e-05
1.350000000000001,1786132506.5951693,0.00661529999342747,0.00953339999250602,0.01,TELEOP,0,,0.0,1.350000000000001,135,0.008750000000000025,0.0,0.0,0.0,0.0,0.0,1.0,0.006350474705627097,0.0,0.0,0.0,0.0,0.0,1.0,-0.014094857588311879,-0.22496149868535165,0.2802328425555495,-0.1305261922200515,0.0,0.0,0.9914448613738105,-0.014221012346811149,-0.22496149868535165,0.2802328425555495,-0.1305261922200515,0.0,0.0,0.9914448613738105,-0.014221014205325178,-0.22496149879568536,0.28023284266806114,-0.1305261922158865,-2.7266041187050857e-12,1.2530532053992484e-10,0.9914448613743588,-0.015148171638492344,-0.22496213755460087,0.2802338601093544,-0.13053542589812886,-1.4781479334347278e-07,3.710687199717373e-07,0.9914436456932056,-0.015148171638492344,-0.22496213755460087,0.2802338601093544,-0.13053542589812886,-1.4781479334347278e-07,3.710687199717373e-07,0.9914436456932056,0.019477545095513336,-0.523724618510365,0.7857336208548851,0.0375975367600825,0.5241620837966751,0.037595423261349924,0.009324332624268265,-0.5236838791743161,0.785569667814036,0.018006651312863397,0.5237848863792878,0.018006121062710708,0.009324332624268265,-0.5236838791743161,0.785569667814036,0.018006651312863397,0.5237848863792878,0.018006121062710708,0.06642145961935306,-0.0004488274798776838,0.0011526595054149036,0.1282249339910281,0.001854988394035665,0.1282182852944909,0.2156705994785027,0.0006539156619420662,0.002815189034344958,0.41561687183378865,0.013117325306314515,0.41555233456403173,0.0,True,False,1,True,True,0.004921700005070306,4,1.8651827785942913e-09,2.5081072779045705e-10,`gtol` termination condition is satisfied.,True,True,0.010000000000000009,0.01937339687811753,1.0,0.0009271582114595473,1.864384250566826e-05,0.0009271600701715099,1.8643844172092053e-05
1.360000000000001,1786132506.606634,0.00991480000084266,0.011083099991083145,0.01,TELEOP,0,,0.0,1.360000000000001,136,0.009000000000000025,0.0,0.0,0.0,0.0,0.0,1.0,0.006592533259874197,0.0,0.0,0.0,0.0,0.0,1.0,-0.014022240022037748,-0.22496149868535165,0.2802328425555495,-0.1305261922200515,0.0,0.0,0.9914448613738105,-0.014149629126300292,-0.22496149868535165,0.2802328425555495,-0.1305261922200515,0.0,0.0,0.9914448613738105,-0.01414963099372878,-0.22496149879724164,0.28023284266724957,-0.13052619221596148,-2.73974923254528e-12,1.259087491654685e-10,0.991444861374349,-0.015085623677754893,-0.2249621434351909,0.2802338695703146,-0.13053551128461124,-1.569486250711457e-07,3.961959097402627e-07,0.9914436344510381,-0.015085623677754893,-0.2249621434351909,0.2802338695703146,-0.13053551128461124,-1.569486250711457e-07,3.961959097402627e-07,0.9914436344510381,0.020259296010711893,-0.5237243981421206,0.7857447653772501,0.03910437629011847,0.5242023908924189,0.0391020587629233,0.010009133249851527,-0.5236882748079359,0.7855814498148024,0.019328558520123204,0.5238047897764632,0.019327954911939463,0.010009133249851527,-0.5236882748079359,0.7855814498148024,0.019328558520123204,0.5238047897764632,0.019327954911939463,0.06848006255832616,-0.0004395633619742915,0.0011782000766401195,0.13219072072598068,0.001990339717540444,0.1321833849228754,0.2058602938973098,0.0009264117903392339,0.002554057122521597,0.3965786734952568,0.013535132350477909,0.39650996283845064,0.0,True,False,1,True,True,0.0057997999974759296,4,1.874109239018296e-09,2.520122023591118e-10,`gtol` termination condition is satisfied.,True,True,0.010000000000000009,0.0195908854472191,1.0,0.0009359934693353361,1.8818276729457205e-05,0.0009359953369618802,1.8818279180490366e-05
1.370000000000001,1786132506.6134086,0.011313299997709692,0.006544100004248321,0.01,TELEOP,0,,0.0,1.370000000000001,137,0.009250000000000026,0.0,0.0,0.0,0.0,0.0,1.0,0.006835317565557328,0.0,0.0,0.0,0.0,0.0,1.0,-0.013949404730332808,-0.22496149868535165,0.2802328425555495,-0.1305261922200515,0.0,0.0,0.9914448613738105,-0.014077928658260595,-0.22496149868535165,0.2802328425555495,-0.1305261922200515,0.0,0.0,0.9914448613738105,-0.01407793053381716,-0.22496149879879468,0.28023284266642556,-0.130526192216037,-2.751751813258962e-12,1.2645920050879267e-10,0.991444861374339,-0.0150212901403349,-0.22496214177362403,0.28023386702139685,-0.1305354876262841,-1.650500411225621e-07,4.2016589308802807e-07,0.9914436375659307,-0.0150212901403349,-0.22496214177362403,0.28023386702139685,-0.1305354876262841,-1.650500411225621e-07,4.2016589308802807e-07,0.9914436375659307,0.02104452798246204,-0.5237237671484478,0.7857557784916621,0.04061768310283275,0.5242442495461345,0.04061514888600711,0.010713501842279313,-0.5236925506133409,0.7855934605979831,0.02068814793638018,0.5238260863611633,0.02068746367633018,0.010713501842279313,-0.5236925506133409,0.7855934605979831,0.02068814793638018,0.5238260863611633,0.02068746367633018,0.0704368592427785,-0.0004275805404986021,0.0012010783180727042,0.13595894162569724,0.0021296584700171445,0.13595087643907167,0.19567966844523435,0.0011982821475689366,0.0022878241432584693,0.3768220899716575,0.013931875247670056,0.376749151619625,0.0,True,False,1,True,True,0.0034023000043816864,4,1.882252707196258e-09,2.5310785796530986e-10,`gtol` termination condition is satisfied.,True,True,0.010000000000000009,0.019775817769995263,1.0,0.0009433603817889767,1.8772962730145932e-05,0.0009433622575417285,1.8772966057691605e-05
1.380000000000001,1786132506.6199105,0.006751200009603053,0.006294899998465553,0.01,TELEOP,0,,0.0,1.380000000000001,138,0.009500000000000026,0.0,0.0,0.0,0.0,0.0,1.0,0.007078761306361225,0.0,0.0,0.0,0.0,0.0,1.0,-0.01387637160809164,-0.22496149868535165,0.2802328425555495,-0.1305261922200515,0.0,0.0,0.9914448613738105,-0.014005937995654229,-0.22496149868535165,0.2802328425555495,-0.1305261922200515,0.0,0.0,0.9914448613738105,-0.014005939878614437,-0.22496149880034375,0.2802328426655907,-0.13052619221611272,-2.762711515921409e-12,1.2696084775482094e-10,0.991444861374329,-0.01495526676863368,-0.22496213198209591,0.28023385152288005,-0.13053534640160608,-1.7183591878929894e-07,4.4261850058011914e-07,0.9914436561598381,-0.01495526676863368,-0.22496213198209591,0.28023385152288005,-0.13053534640160608,-1.7183591878929894e-07,4.4261850058011914e-07,0.9914436561598381,0.021832943832806387,-0.5237227205197977,0.785766653619657,0.04213687313675616,0.5242876610212219,0.04213410922077448,0.01143639139916122,-0.5236966796148681,0.7856056732118826,0.022083387715173906,0.5238488136100555,0.022082615082191424,0.01143639139916122,-0.5236966796148681,0.7856056732118826,0.022083387715173906,0.5238488136100555,0.022082615082191424,0.07228895568819076,-0.00041290015271877297,0.0012212613899513375,0.13952397787937246,0.0022727248892230657,0.13951514058612424,0.18520964454122602,0.0014680387779829106,0.0020183071878633226,0.35650362536752184,0.014306641920592096,0.35642641470525693,0.0,True,False,1,True,True,0.0033153000113088638,4,1.889674943667609e-09,2.5410605637720843e-10,`gtol` termination condition is satisfied.,True,True,0.010000000000000009,0.019929535166452572,1.0,0.0009493276372389929,1.8490752219721242e-05,0.0009493295203913706,1.849075654207088e-05
1.390000000000001,1786132506.6275852,0.006494199988082983,0.007475899998098612,0.01,TELEOP,0,,0.0,1.390000000000001,139,0.009750000000000026,0.0,0.0,0.0,0.0,0.0,1.0,0.007322804225106761,0.0,0.0,0.0,0.0,0.0,1.0,-0.01380315873246798,-0.22496149868535165,0.2802328425555495,-0.1305261922200515,0.0,0.0,0.9914448613738105,-0.013933681990280866,-0.22496149868535165,0.2802328425555495,-0.1305261922200515,0.0,0.0,0.9914448613738105,-0.013933683879977638,-0.22496149880188893,0.280232842664746,-0.130526192216189,-2.772715543417242e-12,1.2741755853683172e-10,0.991444861374319,-0.01488765122340686,-0.22496211355470042,0.28023382226504007,-0.13053508027049812,-1.7701375415137205e-07,4.631919250708176e-07,0.9914436911991164,-0.01488765122340686,-0.22496211355470042,0.28023382226504007,-0.13053508027049812,-1.7701375415137205e-07,4.631919250708176e-07,0.9914436911991164,0.022624270457279716,-0.5237212537963691,0.7857773847694133,0.043661408882975886,0.5243326259327246,0.04365840191336617,0.01217673376420657,-0.5237006351869729,0.7856180605493288,0.023512204881622336,0.5238730067293363,0.023511335723891833,0.01217673376420657,-0.5237006351869729,0.7856180605493288,0.023512204881622336,0.5238730067293363,0.023511335723891833,0.07403423650453493,-0.000395557210479039,0.0012387337446294949,0.1428817166448428,0.0024193119280857484,0.1428720641700408,0.17452808163441702,0.0017342942239733962,0.001747235467815738,0.33577387654703367,0.01465870388626824,0.3356923583916552,0.0,True,False,1,True,True,0.003844899998512119,4,1.8964331555387104e-09,2.5501450530744674e-10,`gtol` termination condition is satisfied.,True,True,0.010000000000000009,0.020053485421582255,1.0,0.0009539680444685574,1.7956901852280855e-05,0.0009539699343511832,1.79569073267962e-05
1.400000000000001,1786132506.6342313,0.007691800012253225,0.006429900007788092,0.01,TELEOP,0,,0.0,1.400000000000001,140,0.010000000000000026,0.0,0.0,0.0,0.0,0.0,1.0,0.007567391570191628,0.0,0.0,0.0,0.0,0.0,1.0,-0.01372978252894252,-0.22496149868535165,0.2802328425555495,-0.1305261922200515,0.0,0.0,0.9914448613738105,-0.013861183458111248,-0.22496149868535165,0.2802328425555495,-0.1305261922200515,0.0,0.0,0.9914448613738105,-0.013861185353930536,-0.2249614988034298,0.280232842663893,-0.1305261922162656,-2.7818526370632997e-12,1.2783289771138375e-10,0.9914448613743089,-0.014818542403155388,-0.22496208607534215,0.2802337785808152,-0.13053468318918587,-1.8028594961598272e-07,4.815264998860324e-07,0.9914437434793941,-0.014818542403155388,-0.22496208607534215,0.2802337785808152,-0.13053468318918587,-1.8028594961598272e-07,4.815264998860324e-07,0.9914437434793941,0.02341825701814709,-0.5237193630152925,0.7857879664866951,0.045190795896833516,0.5243791443337484,0.04518753217739201,0.012933447065872728,-0.5237043911824323,0.7856305955109975,0.024972499721805697,0.5238986985998189,0.024971525454155406,0.012933447065872728,-0.5237043911824323,0.7856305955109975,0.024972499721805697,0.5238986985998189,0.024971525454155406,0.07567133016661572,-0.0003755995459389015,0.0012534961668592046,0.1460294840183359,0.0025691870482536677,0.14601897302635697,0.1637093662080783,0.0019957664540137428,0.001476242222970976,0.31477673734930867,0.014987512016791929,0.314690885631617,0.0,True,False,1,True,True,0.003379400004632771,4,1.9025802318069374e-09,2.558403359146946e-10,`gtol` termination condition is satisfied.,True,True,0.010000000000000009,0.02014920400135355,1.0,0.0009573576868283351,1.7159318969063747e-05,0.0009573595828247233,1.7159325809769574e-05
1.410000000000001,1786132506.6436093,0.006671399998595007,0.009136600012425333,0.01,TELEOP,0,,0.0,1.410000000000001,141,0.010250000000000026,0.0,0.0,0.0,0.0,0.0,1.0,0.007812473592599334,0.0,0.0,0.0,0.0,0.0,1.0,-0.013656257922220208,-0.22496149868535165,0.2802328425555495,-0.1305261922200515,0.0,0.0,0.9914448613738105,-0.013788463333889795,-0.22496149868535165,0.2802328425555495,-0.1305261922200515,0.0,0.0,0.9914448613738105,-0.013788465235266646,-0.22496149880496616,0.2802328426630324,-0.13052619221634224,-2.7901963514294043e-12,1.282101814738475e-10,0.9914448613742988,-0.014748039798602463,-0.22496204922395652,0.2802337199557877,-0.13053415050064418,-1.813543548869785e-07,4.972682702037437e-07,0.9914438136136586,-0.014748039798602463,-0.22496204922395652,0.2802337199557877,-0.13053415050064418,-1.813543548869785e-07,4.972682702037437e-07,0.9914438136136586,0.024214673254766082,-0.5237170446620248,0.7857983938093197,0.04672457953511388,0.5244272157936152,0.046721045030920325,0.013705442774267355,-0.5237079220496561,0.7856432511584875,0.02646215943512175,0.5239259197393847,0.026461071037291214,0.013705442774267355,-0.5237079220496561,0.7856432511584875,0.02646215943512175,0.5239259197393847,0.026461071037291214,0.07719957083946258,-0.0003530867223832718,0.0012655647490113907,0.14896597133160527,0.0027221139565910832,0.14895455831358065,0.15282406728468537,0.002251282355562966,0.001206858215218613,0.29364873132693564,0.015292690833741551,0.2935585287223668,0.0,True,False,1,True,True,0.005475700003444217,4,1.9081651233134165e-09,2.5659020205873333e-10,`gtol` termination condition is satisfied.,True,True,0.010000000000000009,0.02021829617502782,1.0,0.0009595751222310668,1.6088769750274974e-05,0.0009595770237737017,1.6088778258500602e-05
1.420000000000001,1786132506.6503367,0.009360600000945851,0.006503299999167211,0.01,TELEOP,0,,0.0,1.420000000000001,142,0.010500000000000027,0.0,0.0,0.0,0.0,0.0,1.0,0.008058005088857576,0.0,0.0,0.0,0.0,0.0,1.0,-0.013582598473342734,-0.22496149868535165,0.2802328425555495,-0.1305261922200515,0.0,0.0,0.9914448613738105,-0.013715540815510865,-0.22496149868535165,0.2802328425555495,-0.1305261922200515,0.0,0.0,0.9914448613738105,-0.013715542721925534,-0.2249614988064977,0.2802328426621654,-0.13052619221641915,-2.7977912903688565e-12,1.2855245072068407e-10,0.9914448613742887,-0.014676242884831464,-0.22496200278099168,0.2802336460354062,-0.1305334789999692,-1.7992495885793643e-07,5.100723255730156e-07,0.9914439020236456,-0.014676242884831464,-0.22496200278099168,0.2802336460354062,-0.1305334789999692,-1.7992495885793643e-07,5.100723255730156e-07,0.9914439020236456,0.025013307905576862,-0.523714295625745,0.7858086622249599,0.048262341908229874,0.5244768394681819,0.048258522248463685,0.01449163234815208,-0.5237112029388897,0.7856560008566484,0.02797907099505805,0.5239546982821035,0.02797785901079885,0.01449163234815208,-0.5237112029388897,0.7856560008566484,0.02797907099505805,0.5239546982821035,0.02797785901079885,0.0786189573884723,-0.00032808892335751494,0.0012749698160884884,0.15169115599362992,0.0028778542718731963,0.15167879735076314,0.14193865490097213,0.002499779902575684,0.0009405067077097548,0.27251846620246467,0.015574031528211277,0.27242390371824965,0.0,True,False,1,True,True,0.0034236000064993277,4,1.913232922488935e-09,2.5727015112333643e-10,`gtol` termination condition is satisfied.,True,True,0.010000000000000009,0.02026242009999213,1.0,0.0009607006310013205,1.4739061408074725e-05,0.0009607025375677815,1.4739072030011213e-05
1.430000000000001,1786132506.6579013,0.006714799994369969,0.007352999993599951,0.01,TELEOP,0,,0.0,1.430000000000001,143,0.010750000000000027,0.0,0.0,0.0,0.0,0.0,1.0,0.008303944985748855,0.0,0.0,0.0,0.0,0.0,1.0,-0.01350881650427535,-0.22496149868535165,0.2802328425555495,-0.1305261922200515,0.0,0.0,0.9914448613738105,-0.01364243349866938,-0.22496149868535165,0.2802328425555495,-0.1305261922200515,0.0,0.0,0.9914448613738105,-0.01364243540964398,-0.22496149880802457,0.2802328426612927,-0.13052619221649603,-2.8047193316610615e-12,1.2886251715434087e-10,0.9914448613742786,-0.014603250553113227,-0.2249619466301474,0.2802335566294358,-0.13053266697456833,-1.757126269250663e-07,5.196058727907462e-07,0.9914440089345468,-0.014603250553113227,-0.2249619466301474,0.2802335566294358,-0.13053266697456833,-1.757126269250663e-07,5.196058727907462e-07,0.9914440089345468,0.025813967236261958,-0.5237111131585228,0.7858187676321318,0.04980369903696698,0.524528014162841,0.04979957951752662,0.01529093344982495,-0.5237142097972124,0.7856688184047923,0.029521133175290693,0.5239850599732119,0.029519787712255344,0.01529093344982495,-0.5237142097972124,0.7856688184047923,0.029521133175290693,0.5239850599732119,0.029519787712255344,0.07993011016728703,-0.0003006858322673618,0.001281754814388979,0.15420621802326417,0.0030361691108403616,0.1541928701456494,0.1311152778814725,0.0027403091090153083,0.0006784998300490618,0.25150620296342613,0.015831483896716535,0.25140727948862485,0.0,True,False,1,True,True,0.0041369999962626025,4,1.9178253830072923e-09,2.5788582894036944e-10,`gtol` termination condition is satisfied.,True,True,0.010000000000000009,0.020283270913171822,1.0,0.0009608155131007165,1.3107230965722422e-05,0.0009608174242103461,1.3107244400297748e-05
1.440000000000001,1786132506.6646502,0.00758510000014212,0.006516800000099465,0.01,TELEOP,0,,0.0,1.440000000000001,144,0.011000000000000027,0.0,0.0,0.0,0.0,0.0,1.0,0.008550255962959542,0.0,0.0,0.0,0.0,0.0,1.0,-0.013434923211112145,-0.22496149868535165,0.2802328425555495,-0.1305261922200515,0.0,0.0,0.9914448613738105,-0.013569157502280762,-0.22496149868535165,0.2802328425555495,-0.1305261922200515,0.0,0.0,0.9914448613738105,-0.013569159417375912,-0.22496149880954638,0.2802328426604153,-0.13052619221657302,-2.8110343176784488e-12,1.291430009044698e-10,0.9914448613742685,-0.014529160583940472,-0.2249618807593983,0.28023345171368286,-0.13053171421958018,-1.6844577824068967e-07,5.255510379815956e-07,0.9914441343729828,-0.014529160583940472,-0.2249618807593983,0.28023345171368286,-0.13053171421958018,-1.6844577824068967e-07,5.255510379815956e-07,0.9914441343729828,0.026616473668693193,-0.5237074948380365,0.7858287063041657,0.05134829820349016,0.5245807383886765,0.051343863789420435,0.016102275711211665,-0.5237169194523472,0.7856816781565588,0.031086267708755333,0.5240170281790575,0.031084778439126333,0.016102275711211665,-0.5237169194523472,0.7856816781565588,0.031086267708755333,0.5240170281790575,0.031084778439126333,0.08113422613867162,-0.0002709655134840232,0.0012859751766436326,0.15651345334646402,0.0031968205845651896,0.1564990726870988,0.12041159713845838,0.0029720318783338574,0.00042203622546536847,0.23072353231998396,0.016065147372482793,0.23062025414494203,0.0,True,False,1,True,True,0.003436000013607554,4,1.921980908110124e-09,2.584424564891368e-10,`gtol` termination condition is satisfied.,True,True,0.010000000000000009,0.020282565861676285,1.0,0.0009600014357473049,1.1193835675311629e-05,0.0009600033509578742,1.1193853111781198e-05
1.450000000000001,1786132506.6726418,0.00672649999614805,0.007782000000588596,0.01,TELEOP,0,,0.0,1.450000000000001,145,0.011250000000000027,0.0,0.0,0.0,0.0,0.0,1.0,0.008796904110201894,0.0,0.0,0.0,0.0,0.0,1.0,-0.01336092876693944,-0.22496149868535165,0.2802328425555495,-0.1305261922200515,0.0,0.0,0.9914448613738105,-0.013495727585157536,-0.22496149868535165,0.2802328425555495,-0.1305261922200515,0.0,0.0,0.9914448613738105,-0.013495729503969343,-0.2249614988110632,0.2802328426595337,-0.13052619221665013,-2.816781019361082e-12,1.2939627274887753e-10,0.9914448613742582,-0.014454069162311085,-0.22496180526036555,0.2802333314290877,-0.13053062202940696,-1.5787090080218775e-07,5.2760739473509e-07,0.9914442781681242,-0.014454069162311085,-0.22496180526036555,0.2802333314290877,-0.13053062202940696,-1.5787090080218775e-07,5.2760739473509e-07,0.9914442781681242,0.027420664505345024,-0.5237034385335921,0.7858384748560006,0.0528958154864208,0.5246350104123084,0.05289105081415384,0.016924606039664305,-0.5237193096853962,0.785694555128313,0.03267242955733171,0.5240506239110359,0.032670785719140207,0.016924606039664305,-0.5237193096853962,0.785694555128313,0.03267242955733171,0.5240506239110359,0.032670785719140207,0.08223303284526381,-0.00023902330489154752,0.0012876971754245778,0.15861618485763748,0.0033595731978312404,0.15860072800138747,0.10988067065921976,0.003194220859247567,0.00017219987809451132,0.21027315111734612,0.016275261326605055,0.21016553142886446,0.0,True,False,1,True,True,0.0041692999948281795,4,1.925734888919277e-09,2.58944774937948e-10,`gtol` termination condition is satisfied.,True,True,0.010000000000000009,0.02026203049473483,1.0,0.000958339831978937,9.003671656904294e-06,0.0009583417508836431,9.003695370863982e-06
1.460000000000001,1786132506.6798022,0.008198100011213683,0.006743799996911548,0.01,TELEOP,0,,0.0,1.460000000000001,146,0.011500000000000028,0.0,0.0,0.0,0.0,0.0,1.0,0.009043858615660044,0.0,0.0,0.0,0.0,0.0,1.0,-0.013286842415301994,-0.22496149868535165,0.2802328425555495,-0.1305261922200515,0.0,0.0,0.9914448613738105,-0.01342215725442059,-0.22496149868535165,0.2802328425555495,-0.1305261922200515,0.0,0.0,0.9914448613738105,-0.013422159176577856,-0.2249614988125749,0.28023284265864834,-0.13052619221672718,-2.8220276817997127e-12,1.296245375978433e-10,0.9914448613742481,-0.014378070435862624,-0.22496172032612688,0.2802331960783301,-0.13052939316664772,-1.437568085133473e-07,5.254942212743391e-07,0.9914444399557899,-0.014378070435862624,-0.22496172032612688,0.2802331960783301,-0.13052939316664772,-1.437568085133473e-07,5.254942212743391e-07,0.9914444399557899,0.02822639074397435,-0.5236989423752405,0.7858480702136177,0.05444595347001796,0.5246908282998969,0.05444084284943547,0.017756893456748045,-0.5237213592927038,0.785707425096069,0.03427761627903149,0.5240858658624942,0.03427580667811331,0.017756893456748045,-0.5237213592927038,0.785707425096069,0.03427761627903149,0.5240858658624942,0.03427580667811331,0.08322874170837381,-0.00020496073076472094,0.001286996775600794,0.1605186721699776,0.0035241951458321315,0.16050209589731024,0.09957088631099924,0.0034062574126826548,-7.003998237837625e-05,0.19024873123401065,0.016462194800089112,0.19013678959227562,0.0,True,False,1,True,True,0.0034776999964378774,4,1.929119926597357e-09,2.593972020848562e-10,`gtol` termination condition is satisfied.,True,True,0.010000000000000009,0.020223385929089087,1.0,0.0009559113502836522,6.548388222744109e-06,0.000955913272508349,6.548423461116884e-06
1.470000000000001,1786132506.6878593,0.0069663999893236905,0.007834899995941669,0.01,TELEOP,0,,0.0,1.470000000000001,147,0.011750000000000028,0.0,0.0,0.0,0.0,0.0,1.0,0.0092910914828986,0.0,0.0,0.0,0.0,0.0,1.0,-0.013212672555130428,-0.22496149868535165,0.2802328425555495,-0.1305261922200515,0.0,0.0,0.9914448613738105,-0.013348458866112111,-0.22496149868535165,0.2802328425555495,-0.1305261922200515,0.0,0.0,0.9914448613738105,-0.013348460791273702,-0.22496149881408156,0.2802328426577603,-0.13052619221680437,-2.8267966463993802e-12,1.2982982980118597e-10,0.9914448613742379,-0.014301256116056305,-0.2249616262475776,0.2802330461201243,-0.13052803181007624,-1.258985526874521e-07,5.189524940918388e-07,0.9914446191853091,-0.014301256116056305,-0.2249616262475776,0.2802330461201243,-0.13052803181007624,-1.258985526874521e-07,5.189524940918388e-07,0.9914446191853091,0.029033515977471315,-0.523694004725752,0.7858574895859517,0.0559984391176868,0.5247481899558153,0.05599296653401177,0.01859813346769094,-0.523723048137132,0.7857202646810251,0.03589987648808028,0.5241227704575346,0.035897889500615725,0.01859813346769094,-0.523723048137132,0.7857202646810251,0.03589987648808028,0.5241227704575346,0.035897889500615725,0.08412400109428937,-0.00016888444281780093,0.0012839584956081936,0.16222602090487898,0.003690459504041343,0.16220828225024164,0.08952593859155647,0.003607628794691999,-0.00030382799926003426,0.1707348734901392,0.016626435820921163,0.17061863529314142,0.0,True,False,1,True,True,0.003538700009812601,4,1.9321660355599746e-09,2.598037885142409e-10,`gtol` termination condition is satisfied.,True,True,0.010000000000000009,0.02016833719098647,1.0,0.0009527953550284632,3.8614948265613515e-06,0.0009527972802290507,3.861558683252309e-06
1.480000000000001,1786132506.694916,0.008065400004852563,0.006826199998613447,0.01,TELEOP,0,,0.0,1.480000000000001,148,0.012000000000000028,0.0,0.0,0.0,0.0,0.0,1.0,0.00953857727363383,0.0,0.0,0.0,0.0,0.0,1.0,-0.013138426817909858,-0.22496149868535165,0.2802328425555495,-0.1305261922200515,0.0,0.0,0.9914448613738105,-0.013274643718464782,-0.22496149868535165,0.2802328425555495,-0.1305261922200515,0.0,0.0,0.9914448613738105,-0.013274645646317154,-0.22496149881558308,0.2802328426568697,-0.13052619221688144,-2.831149130598445e-12,1.300139924232652e-10,0.9914448613742278,-0.014223715122240688,-0.22496152340848014,0.28023288216141895,-0.1305265434835891,-1.0412091148972757e-07,5.077466281876805e-07,0.9914448151288896,-0.014223715122240688,-0.22496152340848014,0.28023288216141895,-0.1305265434835891,-1.0412091148972757e-07,5.077466281876805e-07,0.9914448151288896,0.029841915373929367,-0.5236886241552445,0.7858667304391163,0.057553021800308114,0.5248070931564569,0.05754717091583471,0.019447351963181918,-0.5237243571890947,0.7857330514238883,0.037537317411043256,0.5241613519106197,0.03753514098662641,0.019447351963181918,-0.5237243571890947,0.7857330514238883,0.037537317411043256,0.5241613519106197,0.03753514098662641,0.0849218495490975,-0.00013090519627224396,0.0012786742863152784,0.16374409229629727,0.0038581453085116952,0.16372514860106802,0.07978484548081267,0.0037979246545556933,-0.0005284209292915124,0.15180713914183033,0.016768580447035223,0.15168663508263805,0.0,True,False,1,True,True,0.003603700009989552,4,1.934900717452925e-09,2.601682316896542e-10,`gtol` termination condition is satisfied.,True,True,0.010000000000000009,0.02009856262960652,1.0,0.0009490694770643457,1.255455507573688e-06,0.0009490714049243222,1.25566312076898e-06
1.490000000000001,1786132506.70205,0.007045399994240142,0.006915100006153807,0.01,TELEOP,0,,0.0,1.490000000000001,149,0.012250000000000028,0.0,0.0,0.0,0.0,0.0,1.0,0.009786292874004898,0.0,0.0,0.0,0.0,0.0,1.0,-0.013064112137798537,-0.22496149868535165,0.2802328425555495,-0.1305261922200515,0.0,0.0,0.9914448613738105,-0.013200722138268057,-0.22496149868535165,0.2802328425555495,-0.1305261922200515,0.0,0.0,0.9914448613738105,-0.013200724068523077,-0.22496149881707958,0.2802328426559772,-0.1305261922169583,-2.835115378421276e-12,1.3017875257738245e-10,0.9914448613742177,-0.014145533268092269,-0.2249614122793477,0.28023270494773417,-0.13052493496826598,-7.828139265798064e-08,4.916659753942136e-07,0.9914450268932121,-0.014145533268092269,-0.2249614122793477,0.28023270494773417,-0.13052493496826598,-7.828139265798064e-08,4.916659753942136e-07,0.9914450268932121,0.03065147473212446,-0.5236827994182595,0.785875790472774,0.05910947147014723,0.5248675355796132,0.05910322562581872,0.020303608658832968,-0.523725268557763,0.7857457638482412,0.03918811154916976,0.5242016222958713,0.039185733214352814,0.020303608658832968,-0.523725268557763,0.7857457638482412,0.03918811154916976,0.5242016222958713,0.039185733214352814,0.08562566956510503,-9.113686683618584e-05,0.0012712424352929856,0.16507941381265026,0.004027038525158945,0.16505922277264035,0.07038200160075295,0.0039768329436058085,-0.0007431851022292892,0.13353215163529886,0.01688932166472498,0.1334074171572326,0.0,True,False,1,True,True,0.0034630000009201467,4,1.9373493279142255e-09,2.6049398450980803e-10,`gtol` termination condition is satisfied.,True,True,0.010000000000000009,0.02001570438926486,1.0,0.0009448092135679653,2.724559255253757e-06,0.0009448111437962684,2.724659341854534e-06
1.500000000000001,1786132506.7098389,0.007139300010749139,0.007564500003354624,0.01,TELEOP,0,,0.0,1.500000000000001,150,0.012500000000000028,0.0,0.0,0.0,0.0,0.0,1.0,0.010034217282198374,0.0,0.0,0.0,0.0,0.0,1.0,-0.012989734815340496,-0.22496149868535165,0.2802328425555495,-0.1305261922200515,0.0,0.0,0.9914448613738105,-0.013126703560757532,-0.22496149868535165,0.2802328425555495,-0.1305261922200515,0.0,0.0,0.9914448613738105,-0.01312670549315037,-0.22496149881857092,0.2802328426550831,-0.1305261922170353,-2.838717059771092e-12,1.3032567224636852e-10,0.9914448613742075,-0.014066792989631711,-0.22496129341032461,0.28023251535189114,-0.13052321419985222,-4.827269862125581e-08,4.7052609231167406e-07,0.9914452534329447,-0.014066792989631711,-0.22496129341032461,0.28023251535189114,-0.13052321419985222,-4.827269862125581e-08,4.7052609231167406e-07,0.9914452534329447,0.031462089607761194,-0.5236765294330833,0.7858846675985137,0.0606675769714165,0.5249295148298682,0.06066091918826054,0.021166000080880657,-0.5237257655128987,0.785758381513275,0.040850502463440214,0.5242435916249492,0.0408479093256986,0.021166000080880657,-0.5237257655128987,0.785758381513275,0.040850502463440214,0.5242435916249492,0.0408479093256986,0.08623914220476867,-4.969551357224611e-05,0.001261766503374458,0.16623909142704518,0.004196932907782404,0.16621761113457847,0.06134726396636268,0.004144135326393969,-0.0009475931918527391,0.11596776143949333,0.01698943826234591,0.11583883619381147,0.0,True,False,1,True,True,0.004386899992823601,4,1.9395350966872527e-09,2.6078415873982355e-10,`gtol` termination condition is satisfied.,True,True,0.010000000000000009,0.019921359920977467,1.0,0.0009400875758994387,6.081413833210291e-06,0.000940089508228366,6.081460261765682e-06
1.5100000000000011,1786132506.717516,0.007835199998226017,0.007406400007312186,0.01,TELEOP,0,,0.0,1.5100000000000011,151,0.012750000000000029,0.0,0.0,0.0,0.0,0.0,1.0,0.010282331415475401,0.0,0.0,0.0,0.0,0.0,1.0,-0.012915300575357386,-0.22496149868535165,0.2802328425555495,-0.1305261922200515,0.0,0.0,0.9914448613738105,-0.013052596603437652,-0.22496149868535165,0.2802328425555495,-0.1305261922200515,0.0,0.0,0.9914448613738105,-0.013052598537724835,-0.22496149882005725,0.2802328426541879,-0.13052619221711192,-2.8419943253952584e-12,1.3045619420723712e-10,0.9914448613741975,-0.01398757311374934,-0.22496116742322897,0.28023231436139834,-0.130521390154062,-1.4024616683832014e-08,4.4416978860877085e-07,0.991445493565861,-0.01398757311374934,-0.22496116742322897,0.28023231436139834,-0.130521390154062,-1.4024616683832014e-08,4.4416978860877085e-07,0.991445493565861,0.03227366450600909,-0.5236698132631322,0.7858933599200782,0.06222714447887877,0.524993028460398,0.062220057459309946,0.022033662109598874,-0.5237258324978165,0.7857708850562699,0.04252280970440645,0.5242872679324055,0.04251998845647121,0.022033662109598874,-0.5237258324978165,0.7857708850562699,0.04252280970440645,0.5242872679324055,0.04251998845647121,0.08676620287182157,-6.69849177003734e-06,0.0012503542994843713,0.16723072409662376,0.0043676307456399915,0.16720791307726038,0.05270606670529111,0.004299702180220873,-0.001141220389008674,0.09916326695785654,0.017069783785758682,0.09903019426818946,0.0,True,False,1,True,True,0.0038830999983474612,4,1.941479345559578e-09,2.610416537359555e-10,`gtol` termination condition is satisfied.,True,True,0.010000000000000009,0.019817074507976283,1.0,0.0009349747840072107,9.72766022716202e-06,0.0009349767181904993,9.727689971864794e-06
1.5200000000000011,1786132506.7255058,0.007634399997186847,0.007761899993056431,0.01,TELEOP,0,,0.0,1.5200000000000011,152,0.013000000000000029,0.0,0.0,0.0,0.0,0.0,1.0,0.010530617934828995,0.0,0.0,0.0,0.0,0.0,1.0,-0.012840814619551309,-0.22496149868535165,0.2802328425555495,-0.1305261922200515,0.0,0.0,0.9914448613738105,-0.012978409134231532,-0.22496149868535165,0.2802328425555495,-0.1305261922200515,0.0,0.0,0.9914448613738105,-0.012978411070189221,-0.22496149882153857,0.2802328426532918,-0.1305261922171886,-2.8449782326006715e-12,1.3057164642061728e-10,0.9914448613741873,-0.013907948665940993,-0.22496103500292672,0.28023210306476304,-0.13051947272215325,2.4494688484473317e-08,4.1246796487772933e-07,0.99144574598924,-0.013907948665940993,-0.22496103500292672,0.28023210306476304,-0.13051947272215325,2.4494688484473317e-08,4.1246796487772933e-07,0.99144574598924,0.033086112136032776,-0.5236626501002275,0.785901865715314,0.06378799605622186,0.525058073991554,0.06378046218522125,0.022905772094440807,-0.5237254551340078,0.7857832562252586,0.044203432913846444,0.5243326573674291,0.04420036983835131,0.022905772094440807,-0.5237254551340078,0.7857832562252586,0.044203432913846444,0.5243326573674291,0.04420036983835131,0.08721099848419332,3.773638086979687e-05,0.0012371168988634823,0.16806232094399914,0.004538943502356434,0.16803813818800956,0.04447956123717461,0.004443487263983417,-0.0013237400620889038,0.08315968473753868,0.017131275671644283,0.08302251107491637,0.0,True,False,1,True,True,0.004515200009336695,4,1.9432016397426905e-09,2.612691070007287e-10,`gtol` termination condition is satisfied.,True,True,0.010000000000000009,0.019704334774472317,1.0,0.0009295380056968522,1.3580100084560953e-05,0.00092953994150798,1.3580121689363281e-05
1.5300000000000011,1786132506.7326238,0.007983100003912114,0.006896699997014366,0.01,TELEOP,0,,0.0,1.5300000000000011,153,0.013250000000000029,0.0,0.0,0.0,0.0,0.0,1.0,0.010779061085660915,0.0,0.0,0.0,0.0,0.0,1.0,-0.012766281674301733,-0.22496149868535165,0.2802328425555495,-0.1305261922200515,0.0,0.0,0.9914448613738105,-0.012904148334334693,-0.22496149868535165,0.2802328425555495,-0.1305261922200515,0.0,0.0,0.9914448613738105,-0.012904150271756946,-0.2249614988230149,0.2802328426523953,-0.1305261922172652,-2.8477212593562943e-12,1.3067322268126095e-10,0.9914448613741773,-0.013827990715754013,-0.22496089688820736,0.28023188263699667,-0.13051747257920726,6.727798937875461e-08,3.753202474916981e-07,0.9914460092972237,-0.013827990715754013,-0.22496089688820736,0.28023188263699667,-0.13051747257920726,6.727798937875461e-08,3.753202474916981e-07,0.9914460092972237,0.0338993527234072,-0.5236550392495898,0.7859101834196945,0.06534996832629134,0.5251246489265677,0.06534196967247265,0.023781550557135957,-0.5237246202179858,0.7857954779023484,0.04589085512953064,0.5243797642909169,0.045887536103922794,0.023781550557135957,-0.5237246202179858,0.7857954779023484,0.04589085512953064,0.5243797642909169,0.045887536103922794,0.087577846269515,8.349160219872297e-05,0.0012221677089831685,0.16874222156841928,0.004710692348784143,0.16871662655714859,0.036684778532166534,0.004575522132892606,-0.0014949189880313636,0.06799006244201355,0.01717488464277081,0.06784883691390228,0.0,True,False,1,True,True,0.0035608999896794558,4,1.94471984325438e-09,2.6146891644129046e-10,`gtol` termination condition is satisfied.,True,True,0.010000000000000009,0.019584563142375416,1.0,0.0009238411388976872,1.7606261285160934e-05,0.0009238430761281663,1.7606277997498692e-05
1.5400000000000011,1786132506.7406669,0.007208800001535565,0.007731300007435493,0.01,TELEOP,0,,0.0,1.5400000000000011,154,0.01350000000000003,0.0,0.0,0.0,0.0,0.0,1.0,0.011027646553014647,0.0,0.0,0.0,0.0,0.0,1.0,-0.012691706034095612,-0.22496149868535165,0.2802328425555495,-0.1305261922200515,0.0,0.0,0.9914448613738105,-0.012829820756132116,-0.22496149868535165,0.2802328425555495,-0.1305261922200515,0.0,0.0,0.9914448613738105,-0.012829822694829525,-0.2249614988244863,0.2802328426514984,-0.13052619221734155,-2.850205402118342e-12,1.307620403737923e-10,0.9914448613741672,-0.013747766258271676,-0.22496075386232417,0.28023165432457625,-0.13051540104750237,1.1427891266972926e-07,3.3265542577290194e-07,0.9914462819988212,-0.013747766258271676,-0.22496075386232417,0.28023165432457625,-0.13051540104750237,1.1427891266972926e-07,3.3265542577290194e-07,0.9914462819988212,0.034713313376490605,-0.5236469801164032,0.7859183116113267,0.06691291124561044,0.5251927507647223,0.06690442956218207,0.024660262500852032,-0.5237233157109269,0.7858075341182152,0.04758364532804726,0.5244285913768488,0.047580055829712344,0.024660262500852032,-0.5237233157109269,0.7858075341182152,0.04758364532804726,0.5244285913768488,0.047580055829712344,0.08787119437160724,0.00013045070589231633,0.001205621586691769,0.169279019851662,0.004882708593194731,0.16925197257895513,0.029334810209225595,0.004695910369359332,-0.0016546122291399542,0.053679828324270054,0.0172016244410588,0.053534602180655796,0.0,True,False,1,True,True,0.0035155999939888716,4,1.946050433362239e-09,2.6164331204971685e-10,`gtol` termination condition is satisfied.,True,True,0.010000000000000009,0.019459113196760698,1.0,0.0009179446349069056,2.177991312012742e-05,0.0009179465733649417,2.1779926511284275e-05
1.5500000000000012,1786132506.7476926,0.007958099988172762,0.0067986999929416925,0.01,TELEOP,0,,0.0,1.5500000000000012,155,0.01375000000000003,0.0,0.0,0.0,0.0,0.0,1.0,0.011276361330034705,0.0,0.0,0.0,0.0,0.0,1.0,-0.012617091600989595,-0.22496149868535165,0.2802328425555495,-0.1305261922200515,0.0,0.0,0.9914448613738105,-0.01275543237652053,-0.22496149868535165,0.2802328425555495,-0.1305261922200515,0.0,0.0,0.9914448613738105,-0.012755434316318728,-0.2249614988259529,0.28023284265060167,-0.13052619221741787,-2.8524757899420363e-12,1.308390990831387e-10,0.9914448613741572,-0.013667338129821377,-0.22496060674336005,0.2802314194301149,-0.13051326995727103,1.6541244246547143e-07,2.8443169499230187e-07,0.9914465625362531,-0.013667338129821377,-0.22496060674336005,0.2802314194301149,-0.13051326995727103,1.6541244246547143e-07,2.8443169499230187e-07,0.9914465625362531,0.03552792750302929,-0.5236384721938049,0.7859262489972775,0.06847668697600907,0.525262377012248,0.06846770370164107,0.025541218345106885,-0.5237215307216985,0.7858194100583089,0.04928046024368723,0.5244791397169767,0.04927658535524116,0.025541218345106885,-0.5237215307216985,0.7858194100583089,0.04928046024368723,0.5244791397169767,0.04927658535524116,0.08809558442548529,0.00017849892284713237,0.0011875940093717824,0.16968149156399698,0.005054834012789027,0.1696529525528816,0.022439005387804925,0.0048048216954816,-0.0018027577319986536,0.04024717123349841,0.01721254195942958,0.04009799739264654,0.0,True,False,1,True,True,0.0035881000076187775,4,1.9472084316201567e-09,2.617942886819054e-10,`gtol` termination condition is satisfied.,True,True,0.010000000000000009,0.019329265917563183,1.0,0.0009119053604670722,2.6075808633873586e-05,0.0009119072999761011,2.6075819579945377e-05
1.5600000000000012,1786132506.7593603,0.007052200002362952,0.011414299995522015,0.01,TELEOP,0,,0.0,1.5600000000000012,156,0.01400000000000003,0.0,0.0,0.0,0.0,0.0,1.0,0.011525193598443962,0.0,0.0,0.0,0.0,0.0,1.0,-0.012542441920466819,-0.22496149868535165,0.2802328425555495,-0.1305261922200515,0.0,0.0,0.9914448613738105,-0.01268098864596022,-0.22496149868535165,0.2802328425555495,-0.1305261922200515,0.0,0.0,0.9914448613738105,-0.012680990586698585,-0.22496149882741479,0.280232842649705,-0.13052619221749384,-2.854528333567809e-12,1.3090538233374308e-10,0.9914448613741472,-0.013586764955975605,-0.22496045637456563,0.28023117929697955,-0.13051109150700294,2.205559819287453e-07,2.3063670723698666e-07,0.9914468493033547,-0.013586764955975605,-0.22496045637456563,0.28023117929697955,-0.13051109150700294,2.205559819287453e-07,2.3063670723698666e-07,0.9914468493033547,0.03634313427344943,-0.5236295150521667,0.7859339944011636,0.0700411688465196,0.5253335251912513,0.07003166510612406,0.026423774507398436,-0.5237192554838673,0.7858310920613313,0.05098004550387687,0.5245314089278875,0.05097586991857926,0.026423774507398436,-0.5237192554838673,0.7858310920613313,0.05098004550387687,0.5245314089278875,0.05097586991857926,0.08825561622915495,0.000227523783118041,0.00116820030223991,0.16995852601896416,0.0052269210910806585,0.16992845633381015,0.01600318036696589,0.004902486027090857,-0.0019393707131872319,0.027703445496717976,0.01720870782916315,0.027550378092854738,0.0,True,False,1,True,True,0.005946599994786084,4,1.9482075348316002e-09,2.6192382537178934e-10,`gtol` termination condition is satisfied.,True,True,0.010000000000000009,0.019196226732321846,1.0,0.0009057764964324344,3.0468678933878952e-05,0.0009057784368298533,3.046868797201913e-05
1.5700000000000012,1786132506.7714942,0.011778300002333708,0.011769999997341074,0.01,TELEOP,0,,0.0,1.5700000000000012,157,0.01425000000000003,0.0,0.0,0.0,0.0,0.0,1.0,0.011774132619941072,0.0,0.0,0.0,0.0,0.0,1.0,-0.012467760214017685,-0.22496149868535165,0.2802328425555495,-0.1305261922200515,0.0,0.0,0.9914448613738105,-0.012606494533563196,-0.22496149868535165,0.2802328425555495,-0.1305261922200515,0.0,0.0,0.9914448613738105,-0.012606496475093744,-0.2249614988288717,0.28023284264880877,-0.13052619221756967,-2.8564085619884465e-12,1.309616645804934e-10,0.9914448613741372,-0.013506101129824297,-0.2249603036148108,0.2802309352940757,-0.1305088781253088,2.795509358425958e-07,1.7128743063258794e-07,0.9914471406637703,-0.013506101129824297,-0.2249603036148108,0.2802309352940757,-0.1305088781253088,2.795509358425958e-07,1.7128743063258794e-07,0.9914471406637703,0.037158878127485105,-0.5236201083295452,0.7859415467518538,0.07160624039907924,0.5254061928468851,0.07159619700451243,0.027307333653527405,-0.5237164813272838,0.7858425676105638,0.052681236123600726,0.5245853972595488,0.05267674415084706,0.027307333653527405,-0.5237164813272838,0.7858425676105638,0.052681236123600726,0.5245853972595488,0.05267674415084706,0.08835591461289667,0.00027741565835968506,0.0011475549232494386,0.17011906197238547,0.00539883316612778,0.17008742322677955,0.010029838374171878,0.0049891875241644,-0.002064537899047159,0.016053595342130127,0.017191207504712213,0.01589668929694125,0.0,True,False,1,True,True,0.006197399998200126,4,1.9490603296013865e-09,2.6203345733504847e-10,`gtol` termination condition is satisfied.,True,True,0.010000000000000009,0.019061123342642733,1.0,0.0008996074707068668,3.4933101603834015e-05,0.0008996094118429448,3.4933109085608086e-05
1.5800000000000012,1786132506.783515,0.012158199999248609,0.0116322000103537,0.01,TELEOP,0,,0.0,1.5800000000000012,158,0.01450000000000003,0.0,0.0,0.0,0.0,0.0,1.0,0.012023168637520334,0.0,0.0,0.0,0.0,0.0,1.0,-0.012393049408743907,-0.22496149868535165,0.2802328425555495,-0.1305261922200515,0.0,0.0,0.9914448613738105,-0.012531954568507293,-0.22496149868535165,0.2802328425555495,-0.1305261922200515,0.0,0.0,0.9914448613738105,-0.012531956510693599,-0.22496149883032399,0.28023284264791315,-0.1305261922176454,-2.858130661649779e-12,1.310087669872186e-10,0.9914448613741272,-0.013425396818429632,-0.22496014932927463,0.2802306888010048,-0.13050664233617118,3.4220476861076816e-07,1.0642981720771465e-07,0.9914474349686978,-0.013425396818429632,-0.22496014932927463,0.2802306888010048,-0.13050664233617118,3.4220476861076816e-07,1.0642981720771465e-07,0.9914474349686978,0.03797510832098412,-0.523610251723186,0.7859489050732263,0.07317179451193785,0.5254803775530116,0.07316119196263188,0.028191344639336296,-0.5237132006448315,0.7858538253186288,0.05438295640271105,0.5246411017044984,0.05437813197356327,0.028191344639336296,-0.5237132006448315,0.7858538253186288,0.05438295640271105,0.5246411017044984,0.05437813197356327,0.08840109858088911,0.000328068245230951,0.0011257708064942988,0.1701720279110319,0.005570444494966299,0.17013878227162071,0.004518396799244155,0.005065258687126586,-0.0021784116755139806,0.00529659386464381,0.017161132883851783,0.0051359044841159385,0.0,True,False,1,True,True,0.005932200001552701,4,1.949778365345748e-09,2.621248218175885e-10,`gtol` termination condition is satisfied.,True,True,0.010000000000000009,0.018925004275478517,1.0,0.0008934439230847366,3.944361343374729e-05,0.0008934458648215643,3.944361960066503e-05
1.5900000000000012,1786132506.7954717,0.011992200001259334,0.01159660000121221,0.01,TELEOP,0,,0.0,1.5900000000000012,159,0.01475000000000003,0.0,0.0,0.0,0.0,0.0,1.0,0.012272292785807527,0.0,0.0,0.0,0.0,0.0,1.0,-0.01231831216425775,-0.22496149868535165,0.2802328425555495,-0.1305261922200515,0.0,0.0,0.9914448613738105,-0.012457372878048824,-0.22496149868535165,0.2802328425555495,-0.1305261922200515,0.0,0.0,0.9914448613738105,-0.012457374820764956,-0.22496149883177158,0.2802328426470185,-0.13052619221772085,-2.859703032514615e-12,1.3104740326718974e-10,0.9914448613741172,-0.013344697995329679,-0.22495999438048644,0.2802304411937704,-0.13050439662922783,4.0829348537068475e-07,3.6138279206548027e-08,0.991447730573969,-0.013344697995329679,-0.22495999438048644,0.2802304411937704,-0.13050439662922783,4.0829348537068475e-07,3.6138279206548027e-08,0.991447730573969,0.038791778509911015,-0.5235999449819851,0.7859560684748738,0.0747377325950202,0.525556076916537,0.07472655107855129,0.02907530216709566,-0.523709406854925,0.7858648549062733,0.05608421927100877,0.5246985181068969,0.05607904594372665,0.02907530216709566,-0.523709406854925,0.7858648549062733,0.05608421927100877,0.5246985181068969,0.05607904594372665,0.08839575277593635,0.0003793789906605716,0.0011029587644565539,0.1701262868297717,0.005741640239857058,0.17009139701633844,-0.0005345804952759893,0.005131074542962053,-0.0022812042037744845,-0.004574108126019032,0.01711957448907591,-0.004738525528226456,0.0,True,False,1,True,True,0.006167300001834519,4,1.950372103975478e-09,2.6219935692293483e-10,`gtol` termination condition is satisfied.,True,True,0.010000000000000009,0.018788838109226803,1.0,0.0008873276995963721,4.3974901386708095e-05,0.0008873296418068113,4.3974906411085236e-05
1.6000000000000012,1786132506.8026161,0.011967500002356246,0.006773700006306171,0.01,TELEOP,0,,0.0,1.6000000000000012,160,0.01500000000000003,0.0,0.0,0.0,0.0,0.0,1.0,0.012521497009588003,0.0,0.0,0.0,0.0,0.0,1.0,-0.012243550897123607,-0.22496149868535165,0.2802328425555495,-0.1305261922200515,0.0,0.0,0.9914448613738105,-0.012382753222389924,-0.22496149868535165,0.2802328425555495,-0.1305261922200515,0.0,0.0,0.9914448613738105,-0.012382755165519593,-0.22496149883321453,0.28023284264612447,-0.13052619221779618,-2.8611521999803547e-12,1.3107819694671425e-10,0.9914448613741074,-0.01326404649693239,-0.22495983961981936,0.2802301938311967,-0.13050215333652254,4.775644790138327e-07,-3.948502573677069e-08,0.9914480258562731,-0.01326404649693239,-0.22495983961981936,0.2802301938311967,-0.13050215333652254,4.775644790138327e-07,-3.948502573677069e-08,0.9914480258562731,0.039608846368748674,-0.5235891878998007,0.7859630361436793,0.0763039638518346,0.5256332885806134,0.07629218324443494,0.029958746180053224,-0.5237050943603222,0.7858756471757629,0.05778412512653741,0.5247576412707187,0.057778586092075784,0.029958746180053224,-0.5237050943603222,0.7858756471757629,0.05778412512653741,0.5247576412707187,0.057778586092075784,0.08834440129575624,0.00043124946027515087,0.001079226948950462,0.16999058555286423,0.005912316382172084,0.1699540148349132,-0.005135148018010327,0.005187046961457927,-0.002373181550609181,-0.013570127690747807,0.017067614231502583,-0.013738218142522279,0.0,True,False,1,True,True,0.0034567999973660335,4,1.9508511411146476e-09,2.6225830343513e-10,`gtol` termination condition is satisfied.,True,True,0.010000000000000009,0.018653513324011432,1.0,0.0008812968739493808,4.8502016465061164e-05,0.0008812988165162361,4.850202047346666e-05
1.6100000000000012,1786132506.8102646,0.007031999994069338,0.007389999998849817,0.01,TELEOP,0,,0.0,1.6100000000000012,161,0.015250000000000031,0.0,0.0,0.0,0.0,0.0,1.0,0.012770773989778599,0.0,0.0,0.0,0.0,0.0,1.0,-0.012168767803066428,-0.22496149868535165,0.2802328425555495,-0.1305261922200515,0.0,0.0,0.9914448613738105,-0.012308099026640661,-0.22496149868535165,0.2802328425555495,-0.1305261922200515,0.0,0.0,0.9914448613738105,-0.012308100970076386,-0.22496149883465286,0.2802328426452316,-0.13052619221787118,-2.862473473068306e-12,1.3110175545769232e-10,0.9914448613740975,-0.01318348010063566,-0.22495968587951704,0.2802299480421897,-0.13049992451695153,5.497396827125943e-07,-1.203110990766204e-07,0.9914483192283667,-0.01318348010063566,-0.22495968587951704,0.2802299480421897,-0.13049992451695153,5.497396827125943e-07,-1.203110990766204e-07,0.9914483192283667,0.040426273240677935,-0.5235779803095381,0.7859698073361824,0.07787040460286683,0.5257120102268489,0.07785800446988633,0.030841261018740886,-0.5237002585038059,0.7858861939794645,0.05948186021269095,0.5248184650664173,0.05947593830013062,0.030841261018740886,-0.5237002585038059,0.7858861939794645,0.05948186021269095,0.5248184650664173,0.05947593830013062,0.08825148386876594,0.00048358565163009556,0.0010546803701625908,0.1697735086153543,0.006082379569859281,0.1697352208054833,-0.009291742699030447,0.0052336191354944665,-0.0024546578787871275,-0.02170769375099228,0.017006318768719712,-0.02187940294298858,0.0,True,False,1,True,True,0.004255499996361323,4,1.9512242685533244e-09,2.623028792219719e-10,`gtol` termination condition is satisfied.,True,True,0.010000000000000009,0.018519838725297194,1.0,0.0008753857936657446,5.300058833572342e-05,0.000875387736480939,5.3000591423123034e-05
1.6200000000000012,1786132506.8215983,0.007607300009112805,0.011117000001831912,0.01,TELEOP,0,,0.0,1.6200000000000012,162,0.015500000000000031,0.0,0.0,0.0,0.0,0.0,1.0,0.013020117076163296,0.0,0.0,0.0,0.0,0.0,1.0,-0.012093964877151019,-0.22496149868535165,0.2802328425555495,-0.1305261922200515,0.0,0.0,0.9914448613738105,-0.012233413410100525,-0.22496149868535165,0.2802328425555495,-0.1305261922200515,0.0,0.0,0.9914448613738105,-0.012233415353742859,-0.22496149883608674,0.28023284264434006,-0.13052619221794637,-2.8636643998132564e-12,1.3111861796747616e-10,0.9914448613740876,-0.01310303262252039,-0.22495953396532775,0.28022970511395917,-0.13049772184942598,6.24518965445166e-07,-2.0618519279871459e-07,0.9914486091531307,-0.01310303262252039,-0.22495953396532775,0.28022970511395917,-0.13049772184942598,6.24518965445166e-07,-2.0618519279871459e-07,0.9914486091531307,0.041244023817078354,-0.5235663220779208,0.7859763813716752,0.07943697766570972,0.5257922395766951,0.0794239372620334,0.031722474362526364,-0.5236948955212639,0.7858964881841924,0.061176694579533224,0.5248809825354623,0.06117037226141632,0.031722474362526364,-0.5236948955212639,0.7858964881841924,0.061176694579533224,0.5248809825354623,0.06117037226141632,0.08812133437854758,0.0005362982541922447,0.0010294204727954188,0.16948343668422672,0.006251746904508371,0.16944339612856996,-0.01301494902183643,0.005271260256214908,-0.0025259897367172005,-0.029007193112760614,0.016936733464908975,-0.029182467691334785,0.0,True,False,1,True,True,0.0058609999978216365,4,1.9514995152220613e-09,2.623341448523172e-10,`gtol` termination condition is satisfied.,True,True,0.010000000000000009,0.018388544390175877,1.0,0.0008696251485381982,5.744703039968957e-05,0.0008696270915020134,5.744703263758885e-05
1.6300000000000012,1786132506.8335123,0.011478499989607371,0.011551899995538406,0.01,TELEOP,0,,0.0,1.6300000000000012,163,0.01575000000000003,0.0,0.0,0.0,0.0,0.0,1.0,0.013269520226274693,0.0,0.0,0.0,0.0,0.0,1.0,-0.012019143932117598,-0.22496149868535165,0.2802328425555495,-0.1305261922200515,0.0,0.0,0.9914448613738105,-0.01215869921306905,-0.22496149868535165,0.2802328425555495,-0.1305261922200515,0.0,0.0,0.9914448613738105,-0.012158701156825834,-0.2249614988375161,0.2802328426434495,-0.13052619221802086,-2.8647805359333055e-12,1.311292780304567e-10,0.9914448613740778,-0.013022734032490081,-0.22495938464979728,0.2802294662812851,-0.13049555653555936,7.015837079713175e-07,-2.969280827974702e-07,0.9914488941563727,-0.013022734032490081,-0.22495938464979728,0.2802294662812851,-0.13049555653555936,7.015837079713175e-07,-2.969280827974702e-07,0.9914488941563727,0.042062065844061365,-0.5235542131008868,0.7859827576259601,0.08100361178750598,0.5258739743921146,0.08098991005793249,0.032602055979618155,-0.5236890024926812,0.785906523631872,0.062867979674194,0.5249451859922026,0.06286123907173735,0.032602055979618155,-0.5236890024926812,0.785906523631872,0.062867979674194,0.5249451859922026,0.06286123907173735,0.08795816170917903,0.0005893028582714501,0.0010035447679567072,0.1691285094660778,0.006420345674030068,0.16908668103210314,-0.016317266936854632,0.005300460407920537,-0.0025875704838711506,-0.035492721814892284,0.016859876952169672,-0.035671509646682115,0.0,True,False,1,True,True,0.006103200008510612,4,1.951684110740372e-09,2.623531178040907e-10,`gtol` termination condition is satisfied.,True,True,0.010000000000000009,0.01826028308617649,1.0,0.0008640420590687719,6.18187298766637e-05,0.0008640440020891104,6.18187313217278e-05
1.6400000000000012,1786132506.841939,0.011922000005142763,0.008057200000621378,0.01,TELEOP,0,,0.0,1.6400000000000012,164,0.01600000000000003,0.0,0.0,0.0,0.0,0.0,1.0,0.013518977949859788,0.0,0.0,0.0,0.0,0.0,1.0,-0.011944306615042071,-0.22496149868535165,0.2802328425555495,-0.1305261922200515,0.0,0.0,0.9914448613738105,-0.01208395902138105,-0.22496149868535165,0.2802328425555495,-0.1305261922200515,0.0,0.0,0.9914448613738105,-0.012083960965166899,-0.22496149883894095,0.2802328426425605,-0.13052619221809525,-2.8658028187047716e-12,1.3113419286155755e-10,0.9914448613740681,-0.012942610584770906,-0.22495923866626608,0.280229232716902,-0.13049343921249223,7.806004972666338e-07,-3.9233751751233447e-07,0.9914491728382915,-0.012942610584770906,-0.22495923866626608,0.280229232716902,-0.13049343921249223,7.806004972666338e-07,-3.9233751751233447e-07,0.9914491728382915,0.042880369853893055,-0.5235416532995266,0.7859889355256935,0.08257024112556069,0.5259572124756539,0.08255585670514716,0.033479716308301426,-0.523682577291528,0.7859162950970631,0.06455514560437865,0.5250110671225718,0.06454796849254142,0.033479716308301426,-0.523682577291528,0.7859162950970631,0.06455514560437865,0.5250110671225718,0.06454796849254142,0.08776603286832724,0.0006425201153284281,0.0009771465191141492,0.16871659301846484,0.0065881130369242445,0.16867294208040692,-0.01921288408517942,0.005321725705697795,-0.0026398248842558064,-0.0411916447612945,0.01677673628941768,-0.041373895169622796,0.0,True,False,1,True,True,0.0042612000106601045,4,1.951784829124141e-09,2.6236068933173953e-10,`gtol` termination condition is satisfied.,True,True,0.010000000000000009,0.018135632113311984,1.0,0.0008586601826042042,6.609421981181685e-05,0.0008586621255960761,6.609422050709587e-05
1.6500000000000012,1786132506.8495102,0.008461200006422587,0.0071662999980617315,0.01,TELEOP,0,,0.0,1.6500000000000012,165,0.016250000000000032,0.0,0.0,0.0,0.0,0.0,1.0,0.013768485258419871,0.0,0.0,0.0,0.0,0.0,1.0,-0.011869454422474047,-0.22496149868535165,0.2802328425555495,-0.1305261922200515,0.0,0.0,0.9914448613738105,-0.012009195188848378,-0.22496149868535165,0.2802328425555495,-0.1305261922200515,0.0,0.0,0.9914448613738105,-0.012009197132583953,-0.2249614988403612,0.280232842641673,-0.13052619221816952,-2.866747263470457e-12,1.3113376469579558e-10,0.9914448613740582,-0.012862684961739559,-0.2249590967035965,0.2802290055230425,-0.13049137987627302,8.612248798594137e-07,-4.92189832300281e-07,0.9914494438835508,-0.012862684961739559,-0.2249590967035965,0.2802290055230425,-0.13049137987627302,8.612248798594137e-07,-4.92189832300281e-07,0.9914494438835508,0.04369890891932725,-0.5235286426165242,0.7859949145432995,0.08413680477229471,0.5260419516700263,0.0841217159866719,0.03435520489161544,-0.5236756185330055,0.7859257982418649,0.06623769811793623,0.5250786170792121,0.06623006593032106,0.03435520489161544,-0.5236756185330055,0.7859257982418649,0.06623769811793623,0.5250786170792121,0.06623006593032106,0.08754885833140123,0.0006958758522481405,0.0009503144801854969,0.1682552513557567,0.006754995664023947,0.16820974377796363,-0.02171745369260042,0.0053355736919712465,-0.002683203892865223,-0.04613416627081401,0.016688262709970217,-0.04631983024433022,0.0,True,False,1,True,True,0.0039588999934494495,4,1.951807676814494e-09,2.623576613853225e-10,`gtol` termination condition is satisfied.,True,True,0.010000000000000009,0.018015095521182037,1.0,0.0008534998349485303,7.025333116260963e-05,0.0008535017778333276,7.025333114158601e-05
1.6600000000000013,1786132506.856309,0.007412999999360181,0.006552899998496287,0.01,TELEOP,0,,0.0,1.6600000000000013,166,0.016500000000000032,0.0,0.0,0.0,0.0,0.0,1.0,0.014018037619360957,0.0,0.0,0.0,0.0,0.0,1.0,-0.01179458871419172,-0.22496149868535165,0.2802328425555495,-0.1305261922200515,0.0,0.0,0.9914448613738105,-0.011934409857777235,-0.22496149868535165,0.2802328425555495,-0.1305261922200515,0.0,0.0,0.9914448613738105,-0.011934411801388798,-0.22496149884177724,0.28023284264078707,-0.13052619221824352,-2.8676257868893294e-12,1.3112836891179489e-10,0.9914448613740485,-0.012782976429109392,-0.2249589594016477,0.280228785724171,-0.130489387816035,9.431051172824633e-07,-5.962417178386888e-07,0.9914497060699304,-0.012782976429109392,-0.2249589594016477,0.280228785724171,-0.130489387816035,9.431051172824633e-07,-5.962417178386888e-07,0.9914497060699304,0.044517658428990525,-0.5235151810130275,0.7860006941923556,0.0857032463209472,0.5261281898572734,0.08568743118660976,0.03522830868699617,-0.5236681255215823,0.7859350295687005,0.06791521534010712,0.5251478265726467,0.06790710917367662,0.03522830868699617,-0.5236681255215823,0.7859350295687005,0.06791521534010712,0.5251478265726467,0.06790710917367662,0.08731037953807272,0.0007493011423232698,0.000923132683566362,0.16775172221709014,0.006920949343453396,0.16770432433555604,-0.023847879332851662,0.005342529007512916,-0.002718179661913487,-0.05035291386665507,0.01659536794294494,-0.05054194424075921,0.0,True,False,1,True,True,0.003401200010557659,4,1.9517582646074212e-09,2.6234479397709295e-10,`gtol` termination condition is satisfied.,True,True,0.010000000000000009,0.017899106654358482,1.0,0.0008485781253056146,7.427732395595944e-05,0.0008485800680106596,7.427732324495178e-05
1.6700000000000013,1786132506.8634188,0.006777099988539703,0.006885299997520633,0.01,TELEOP,0,,0.0,1.6700000000000013,167,0.016750000000000032,0.0,0.0,0.0,0.0,0.0,1.0,0.014267630914333512,0.0,0.0,0.0,0.0,0.0,1.0,-0.011719710725699953,-0.22496149868535165,0.2802328425555495,-0.1305261922200515,0.0,0.0,0.9914448613738105,-0.01185960497771776,-0.22496149868535165,0.2802328425555495,-0.1305261922200515,0.0,0.0,0.9914448613738105,-0.011859606921136634,-0.2249614988431889,0.2802328426399028,-0.13052619221831718,-2.8684291922797833e-12,1.3111835958497608e-10,0.9914448613740388,-0.012703501000578987,-0.22495882734750228,0.2802285742609131,-0.13048747155904136,1.0258858909443308e-06,-7.042321282218562e-07,0.991449958275545,-0.012703501000578987,-0.22495882734750228,0.2802285742609131,-0.13048747155904136,1.0258858909443308e-06,-7.042321282218562e-07,0.991449958275545,0.0453365958821151,-0.5235012684659206,0.7860062740234449,0.08726951346872847,0.526215924957599,0.08725294969330363,0.03609885027161683,-0.5236600981982245,0.7859439863714578,0.06958734430854588,0.5252186859581905,0.06957874492813886,0.03609885027161683,-0.5236600981982245,0.7859439863714578,0.06958734430854588,0.5252186859581905,0.06957874492813886,0.08705415846206592,0.0008027323357835961,0.0008956802757305396,0.16721289684387522,0.007085938554382457,0.1671635754462229,-0.025622107600680365,0.005343119346032627,-0.0027452407835822446,-0.053882537321491245,0.016498921092906012,-0.054074888933313324,0.0,True,False,1,True,True,0.003730400014319457,4,1.9516416150957883e-09,2.6232279484006444e-10,`gtol` termination condition is satisfied.,True,True,0.010000000000000009,0.017788030980840072,1.0,0.0008439091024904638,7.814899705673539e-05,0.0008439110449484621,7.814899567613926e-05
1.6800000000000013,1786132506.8701923,0.007100000002537854,0.006558799999766052,0.01,TELEOP,0,,0.0,1.6800000000000013,168,0.017000000000000032,0.0,0.0,0.0,0.0,0.0,1.0,0.014517261401378719,0.0,0.0,0.0,0.0,0.0,1.0,-0.011644821579586392,-0.22496149868535165,0.2802328425555495,-0.1305261922200515,0.0,0.0,0.9914448613738105,-0.011784782322591178,-0.22496149868535165,0.2802328425555495,-0.1305261922200515,0.0,0.0,0.9914448613738105,-0.011784784265753346,-0.2249614988445961,0.28023284263902026,-0.13052619221839068,-2.869150383321031e-12,1.3110403825321245e-10,0.9914448613740291,-0.012624271610128246,-0.2249587010724391,0.28022837198517314,-0.13048563882652106,1.1092119080954116e-06,-8.15884312218142e-07,0.9914501994846432,-0.012624271610128246,-0.2249587010724391,0.28022837198517314,-0.13048563882652106,1.1092119080954116e-06,-8.15884312218142e-07,0.9914501994846432,0.04615570070102425,-0.5234869049654328,0.7860116536204073,0.08883555765433744,0.5263051549279344,0.0888182226368357,0.03696668596327887,-0.5236515370876965,0.7859526666854364,0.07125379734451606,0.5252911853183401,0.07124468518715074,0.03696668596327887,-0.5236515370876965,0.7859526666854364,0.07125379734451606,0.5252911853183401,0.07124468518715074,0.08678356916620447,0.000856111052795821,0.0008680313978567902,0.16664530359701865,0.0072499360149504795,0.16659402590118824,-0.02705892958614481,0.005337871701222479,-0.002764887787374939,-0.056759324685657274,0.016399746056802302,-0.05695495450346565,0.0,True,False,1,True,True,0.003519700010656379,4,1.951462368830466e-09,2.622922547558433e-10,`gtol` termination condition is satisfied.,True,True,0.010000000000000009,0.017682169160182587,1.0,0.0008395039104378759,8.185277651671e-05,0.0008395058525865033,8.185277448196456e-05
1.6900000000000013,1786132506.8779056,0.006768799998098984,0.007503300003008917,0.01,TELEOP,0,,0.0,1.6900000000000013,169,0.017250000000000033,0.0,0.0,0.0,0.0,0.0,1.0,0.014766925680533512,0.0,0.0,0.0,0.0,0.0,1.0,-0.011569922295839953,-0.22496149868535165,0.2802328425555495,-0.1305261922200515,0.0,0.0,0.9914448613738105,-0.0117099435063288,-0.22496149868535165,0.2802328425555495,-0.1305261922200515,0.0,0.0,0.9914448613738105,-0.011709945449174478,-0.2249614988459988,0.2802328426381393,-0.13052619221846387,-2.8698849025858735e-12,1.310856799277168e-10,0.9914448613740194,-0.012545298290235374,-0.22495858104963684,0.280228179656418,-0.13048389650008144,1.1927313656904492e-06,-9.309079489286186e-07,0.9914504287920133,-0.012545298290235374,-0.22495858104963684,0.280228179656418,-0.13048389650008144,1.1927313656904492e-06,-9.309079489286186e-07,0.9914504287920133,0.046974954059905843,-0.5234720905130628,0.7860168325969652,0.09040133372700987,0.5263958777602931,0.09038320455806068,0.037831703875751216,-0.5236424432462776,0.7859610692365245,0.0729143482968116,0.5253653145404351,0.07290470347576518,0.037831703875751216,-0.5236424432462776,0.7859610692365245,0.0729143482968116,0.5253653145404351,0.07290470347576518,0.08650179124723394,0.0009093841418918338,0.0008402551088192811,0.16605509522955447,0.007412922209505296,0.16600182886144335,-0.02817779189705309,0.005327308909601285,-0.0027776289037509043,-0.05902083674641882,0.0162986194554816,-0.05921970397448975,0.0,True,False,1,True,True,0.004372399998828769,4,1.9512247223882124e-09,2.622537382587129e-10,`gtol` termination condition is satisfied.,True,True,0.010000000000000009,0.01758176030982138,1.0,0.0008353709511364714,8.537478282306729e-05,0.0008353728929179307,8.537478014556332e-05
1.7000000000000013,1786132506.8844454,0.007717900007264689,0.006325300011667423,0.01,TELEOP,0,,0.0,1.7000000000000013,170,0.017500000000000033,0.0,0.0,0.0,0.0,0.0,1.0,0.015016620662578351,0.0,0.0,0.0,0.0,0.0,1.0,-0.011495013801226502,-0.22496149868535165,0.2802328425555495,-0.1305261922200515,0.0,0.0,0.9914448613738105,-0.011635089997147052,-0.22496149868535165,0.2802328425555495,-0.1305261922200515,0.0,0.0,0.9914448613738105,-0.011635091939620298,-0.22496149884739727,0.28023284263726045,-0.13052619221853692,-2.8705165581743618e-12,1.310635719236837e-10,0.9914448613740099,-0.012466588354381327,-0.2249584676925851,0.2802279979390875,-0.1304822505983636,1.276099234148709e-06,-1.049001367344291e-06,0.9914506454060419,-0.012466588354381327,-0.2249584676925851,0.2802279979390875,-0.1304822505983636,1.276099234148709e-06,-1.049001367344291e-06,0.9914506454060419,0.04779433872851278,-0.5234568251197689,0.7860218105936781,0.09196679964446287,0.526488091479964,0.09194785310653847,0.038693821926439484,-0.5236328182102096,0.7859691933900023,0.07456882869299677,0.5254410633894356,0.07455863100165322,0.038693821926439484,-0.5236328182102096,0.7859691933900023,0.07456882869299677,0.5254410633894356,0.07455863100165322,0.08621180506882664,0.0009625036068096995,0.0008124153477743516,0.1654480396185161,0.007574884900052696,0.1653927525888045,-0.028998617840729955,0.005311946491786555,-0.002783976104492948,-0.06070556110383818,0.016196269054739983,-0.060907627263882824,0.0,True,False,1,True,True,0.003318200004287064,4,1.9509325414684898e-09,2.622078056120932e-10,`gtol` termination condition is satisfied.,True,True,0.010000000000000009,0.017486985430198262,1.0,0.0008315160532186538,8.870287764811559e-05,0.0008315179945792592,8.870287433592014e-05
1.7100000000000013,1786132506.8921714,0.006555100000696257,0.007495700003346428,0.01,TELEOP,0,,0.0,1.7100000000000013,171,0.017750000000000033,0.0,0.0,0.0,0.0,0.0,1.0,0.015266343540640614,0.0,0.0,0.0,0.0,0.0,1.0,-0.011420096937807822,-0.22496149868535165,0.2802328425555495,-0.1305261922200515,0.0,0.0,0.9914448613738105,-0.011560223130573052,-0.22496149868535165,0.2802328425555495,-0.1305261922200515,0.0,0.0,0.9914448613738105,-0.011560225072621461,-0.22496149884879132,0.28023284263638343,-0.1305261922186097,-2.8711463173838717e-12,1.3103793296264722e-10,0.9914448613740002,-0.01238814658230622,-0.22495836135417288,0.28022782740108765,-0.13048070626350566,1.358980328875865e-06,-1.1698538277030993e-06,0.9914508486504823,-0.01238814658230622,-0.22495836135417288,0.28022782740108765,-0.13048070626350566,1.358980328875865e-06,-1.1698538277030993e-06,0.9914508486504823,0.048613838929541374,-0.5234411088044104,0.7860265872752106,0.09353191619731838,0.5265817941435904,0.09351212876494745,0.039552985813203045,-0.5236226639451624,0.7859770390993375,0.07621712383050207,0.5255184215757011,0.07620635274596237,0.039552985813203045,-0.5236226639451624,0.7859770390993375,0.07621712383050207,0.5255184215757011,0.07620635274596237,0.08591638867635629,0.001015426504713861,0.0007845709335211502,0.16482951375052976,0.007735818626544675,0.16477217443091402,-0.029541639247035227,0.005292289790416144,-0.0027844414253201354,-0.061852586798633966,0.01609337264919788,-0.062057815789049134,0.0,True,False,1,True,True,0.004411199988680892,4,1.950589316053403e-09,2.621549020708972e-10,`gtol` termination condition is satisfied.,True,True,0.010000000000000009,0.0173979709514661,1.0,0.0008279426445450449,9.18266909279223e-05,0.0008279445854348974,9.182668698622603e-05
1.7200000000000013,1786132506.8988063,0.007710799996857531,0.006420099991373718,0.01,TELEOP,0,,0.0,1.7200000000000013,172,0.018000000000000033,0.0,0.0,0.0,0.0,0.0,1.0,0.015516091764392684,0.0,0.0,0.0,0.0,0.0,1.0,-0.011345172470682202,-0.22496149868535165,0.2802328425555495,-0.1305261922200515,0.0,0.0,0.9914448613738105,-0.01148534412132636,-0.22496149868535165,0.2802328425555495,-0.1305261922200515,0.0,0.0,0.9914448613738105,-0.011485346062900716,-0.22496149885018119,0.2802328426355084,-0.1305261922186823,-2.8716860965477424e-12,1.3100897124259442e-10,0.9914448613739907,-0.012309975406583292,-0.2249582623264172,0.28022766851330616,-0.13047926775688934,1.4410521421914427e-06,-1.2931478417653529e-06,0.9914510379650007,-0.012309975406583292,-0.2249582623264172,0.28022766851330616,-0.13047926775688934,1.4410521421914427e-06,-1.2931478417653529e-06,0.9914510379650007,0.04943344020852793,-0.5234249415923902,0.7860311623278633,0.09509664675775993,0.5266769838371672,0.09507599459773422,0.04040916697603718,-0.523611982796975,0.785984606855315,0.07785916883798788,0.5255973788177045,0.07784780352443861,0.04040916697603718,-0.523611982796975,0.785984606855315,0.07785916883798788,0.5255973788177045,0.07784780352443861,0.08561811628341333,0.001068114818746225,0.0007567755977595449,0.16420450074858134,0.007895724200350783,0.16414507784762386,-0.02982723929429628,0.0052688314032363764,-0.002779533576160529,-0.06250130019484074,0.015990557380610785,-0.06270965832901576,0.0,True,False,1,True,True,0.003377599990926683,4,1.950198243150193e-09,2.6209543554082525e-10,`gtol` termination condition is satisfied.,True,True,0.010000000000000009,0.01731479236681631,1.0,0.0008246519272329353,9.473762929737373e-05,0.0008246538676055474,9.473762472901603e-05
1.7300000000000013,1786132506.9058945,0.006635099998675287,0.006873799997265451,0.01,TELEOP,0,,0.0,1.7300000000000013,173,0.018250000000000034,0.0,0.0,0.0,0.0,0.0,1.0,0.01576586301660768,0.0,0.0,0.0,0.0,0.0,1.0,-0.011270241095017702,-0.22496149868535165,0.2802328425555495,-0.1305261922200515,0.0,0.0,0.9914448613738105,-0.01141045407415414,-0.22496149868535165,0.2802328425555495,-0.1305261922200515,0.0,0.0,0.9914448613738105,-0.011410456015208178,-0.22496149885156658,0.28023284263463544,-0.13052619221875458,-2.8722305880190483e-12,1.3097691571983269e-10,0.9914448613739812,-0.012232075099179316,-0.22495817084079184,0.2802275216500855,-0.1304779384635776,1.522007414901824e-06,-1.4185615080251768e-06,0.9914512129045816,-0.012232075099179316,-0.22495817084079184,0.2802275216500855,-0.1304779384635776,1.522007414901824e-06,-1.4185615080251768e-06,0.9914512129045816,0.050253129315204065,-0.5234083235144967,0.7860355354573566,0.09666095705037382,0.5267736586739806,0.09663941602194896,0.04126236055821268,-0.523600777443897,0.7859918976358087,0.07949494473521367,0.5256779248996541,0.07948296404705232,0.04126236055821268,-0.523600777443897,0.7859918976358087,0.07949494473521367,0.5256779248996541,0.07948296404705232,0.08531935821755034,0.0011205353077939216,0.0007290780493640195,0.1635775897225787,0.008054608194957737,0.16351605226137073,-0.029875806586299413,0.005242048904769667,-0.002769754839552535,-0.06269110260026522,0.015888399460695424,-0.06290255862531324,0.0,True,False,1,True,True,0.003330400009872392,4,1.9497622343886736e-09,2.620298713626808e-10,`gtol` termination condition is satisfied.,True,True,0.010000000000000009,0.01723747791977205,1.0,0.0008216430536905119,9.742886705274781e-05,0.0008216449935025417,9.742886185869111e-05
1.7400000000000013,1786132506.9129531,0.007188400006270967,0.006743000005371869,0.01,TELEOP,0,,0.0,1.7400000000000013,174,0.018500000000000034,0.0,0.0,0.0,0.0,0.0,1.0,0.016015655191857395,0.0,0.0,0.0,0.0,0.0,1.0,-0.011195303442442787,-0.22496149868535165,0.2802328425555495,-0.1305261922200515,0.0,0.0,0.9914448613738105,-0.01133555399370921,-0.22496149868535165,0.2802328425555495,-0.1305261922200515,0.0,0.0,0.9914448613738105,-0.011335555934199323,-0.22496149885294756,0.28023284263376447,-0.1305261922188265,-2.8727339849895455e-12,1.3094191290475693e-10,0.9914448613739717,-0.012154443956774355,-0.2249580870691097,0.2802273870905843,-0.1304767209047934,1.6015564309475277e-06,-1.5457708381517595e-06,0.9914513731378752,-0.012154443956774355,-0.2249580870691097,0.2802273870905843,-0.1304767209047934,1.6015564309475277e-06,-1.5457708381517595e-06,0.9914513731378752,0.051072894095328426,-0.5233912546058997,0.786039706386837,0.09822481494326905,0.5268718167925391,0.09820236059836186,0.04211258338032575,-0.5235890508505339,0.7859989128564766,0.0811244745174488,0.5257600497240308,0.08111185700216565,0.04211258338032575,-0.5235890508505339,0.7859989128564766,0.0811244745174488,0.5257600497240308,0.08111185700216565,0.08502228221130707,0.0011726593363091814,0.0007015220667977662,0.16295297822351337,0.00821248243765917,0.16288929551133258,-0.029707600624326085,0.00521240285152598,-0.0027555982566253258,-0.0624611499065314,0.015787424270143215,-0.06267567500381581,0.0,True,False,1,True,True,0.003491099996608682,4,1.9492839325290324e-09,2.6195849825989337e-10,`gtol` termination condition is satisfied.,True,True,0.010000000000000009,0.017166012315160156,1.0,0.0008189133023325446,9.989532093813187e-05,0.0008189152415434717,9.98953151175093e-05
1.7500000000000013,1786132506.9195147,0.006952999989152886,0.0063519999966956675,0.01,TELEOP,0,,0.0,1.7500000000000013,175,0.018750000000000034,0.0,0.0,0.0,0.0,0.0,1.0,0.016265466377156736,0.0,0.0,0.0,0.0,0.0,1.0,-0.011120360086852986,-0.22496149868535165,0.2802328425555495,-0.1305261922200515,0.0,0.0,0.9914448613738105,-0.011260644793553225,-0.22496149868535165,0.2802328425555495,-0.1305261922200515,0.0,0.0,0.9914448613738105,-0.01126064673343824,-0.2249614988543242,0.28023284263289566,-0.13052619221889825,-2.873221797182885e-12,1.3090415076100724e-10,0.9914448613739623,-0.012077078483719434,-0.22495801112491243,0.280227265020948,-0.13047561675774827,1.6794290245710997e-06,-1.6744520509089667e-06,0.9914515184445788,-0.012077078483719434,-0.22495801112491243,0.280227265020948,-0.13047561675774827,1.6794290245710997e-06,-1.6744520509089667e-06,0.9914515184445788,0.051892723392097405,-0.5233737349053008,0.7860436748550876,0.09978819025774187,0.5269714563544896,0.09976479784112521,0.042959871939566706,-0.5235768062236646,0.7860056543226348,0.0827478192882497,0.5258437433590876,0.08273454318906787,0.042959871939566706,-0.5235768062236646,0.7860056543226348,0.0827478192882497,0.5258437433590876,0.08273454318906787,0.08472885592409513,0.0012244626869174803,0.0006741466158222797,0.16233447708009077,0.008369363505672866,0.16226861869022122,-0.029342628721194114,0.005180335060829891,-0.002737545097548644,-0.06185011434225891,0.01568810680136959,-0.06206768211113531,0.0,True,False,1,True,True,0.003318500006571412,4,1.9487657705077814e-09,2.6188169012922485e-10,`gtol` termination condition is satisfied.,True,True,0.010000000000000009,0.01710034042582026,1.0,0.0008164582517671693,0.00010213361013624213,0.0008164601903390396,0.0001021336036862265
1.7600000000000013,1786132506.927716,0.006598000007215887,0.007955299995956011,0.01,TELEOP,0,,0.0,1.7600000000000013,176,0.019000000000000034,0.0,0.0,0.0,0.0,0.0,1.0,0.0165152948343768,0.0,0.0,0.0,0.0,0.0,1.0,-0.011045411549686968,-0.22496149868535165,0.2802328425555495,-0.1305261922200515,0.0,0.0,0.9914448613738105,-0.011185727304360503,-0.22496149868535165,0.2802328425555495,-0.1305261922200515,0.0,0.0,0.9914448613738105,-0.011185729243601488,-0.22496149885569658,0.280232842632029,-0.13052619221896972,-2.8736806584429258e-12,1.308637575249681e-10,0.9914448613739528,-0.011999973571614368,-0.22495794306531572,0.2802271555372121,-0.13047462688210398,1.7553762933906917e-06,-1.8042838105581854e-06,0.9914516487119476,-0.011999973571614368,-0.22495794306531572,0.2802271555372121,-0.13047462688210398,1.7553762933906917e-06,-1.8042838105581854e-06,0.9914516487119476,0.052712606956306814,-0.5233557644542053,0.7860474406149145,0.1013510545948802,0.5270725755425549,0.10132669904437708,0.04380428044537605,-0.52356404697008,0.7860121241825317,0.08436507446222435,0.5259289960813859,0.0843511177205012,0.04380428044537605,-0.52356404697008,0.7860121241825317,0.08436507446222435,0.5259289960813859,0.0843511177205012,0.08444085058093449,0.001275925358465581,0.0006469859896979846,0.1617255173974655,0.008525272229830242,0.16165745314333418,-0.02880053431606293,0.005146267154810061,-0.0027160626124295146,-0.060895968262527495,0.015590872415737617,-0.061116554688703716,0.0,True,False,1,True,True,0.004888099996605888,4,1.948209976879723e-09,2.617997087399205e-10,`gtol` termination condition is satisfied.,True,True,0.010000000000000009,0.017040370969492166,1.0,0.0008142719523561122,0.00010414200290144968,0.0008142738902533108,0.00010414199581804004
1.7700000000000014,1786132506.934305,0.008171599998604506,0.006372699994244613,0.01,TELEOP,0,,0.0,1.7700000000000014,177,0.019250000000000034,0.0,0.0,0.0,0.0,0.0,1.0,0.016765138984264998,0.0,0.0,0.0,0.0,0.0,1.0,-0.010970458304720508,-0.22496149868535165,0.2802328425555495,-0.1305261922200515,0.0,0.0,0.9914448613738105,-0.011110802281391847,-0.22496149868535165,0.2802328425555495,-0.1305261922200515,0.0,0.0,0.9914448613738105,-0.011110804219951895,-0.22496149885706448,0.28023284263116466,-0.130526192219041,-2.8741020677083407e-12,1.3082087482620839e-10,0.9914448613739435,-0.011923122674591578,-0.22495788289326138,0.28022705864885555,-0.1304737513523284,1.8291720158014423e-06,-1.9349493878295388e-06,0.9914517639305308,-0.011923122674591578,-0.22495788289326138,0.28022705864885555,-0.1304737513523284,1.8291720158014423e-06,-1.9349493878295388e-06,0.9914517639305308,0.05353253536450733,-0.5233373432963108,0.7860510034317048,0.10291338117764118,0.5271751725585028,0.10288803712431928,0.04464587890152858,-0.5235507766565595,0.7860183248822232,0.08597636605722485,0.5260157984134727,0.0859617063146194,0.04464587890152858,-0.5235507766565595,0.7860183248822232,0.08597636605722485,0.5260157984134727,0.0859617063146194,0.08415984561525335,0.001327031352044284,0.000620069969148852,0.1611291595000495,0.008680233208675562,0.16105885941181888,-0.028100496568114985,0.005110599357870288,-0.0026916020549132584,-0.05963578974159968,0.015496097884531962,-0.05985937315152966,0.0,True,False,1,True,True,0.003332699998281896,4,1.947618550038216e-09,2.6171282356765316e-10,`gtol` termination condition is satisfied.,True,True,0.010000000000000009,0.016985980132655842,1.0,0.000812347094162206,0.00010592035131848349,0.0008123490313512109,0.0001059203435961464
1.7800000000000014,1786132506.944582,0.006580400004168041,0.0100696000008611,0.01,TELEOP,0,,0.0,1.7800000000000014,178,0.019500000000000035,0.0,0.0,0.0,0.0,0.0,1.0,0.017014997391925378,0.0,0.0,0.0,0.0,0.0,1.0,-0.010895500782422393,-0.22496149868535165,0.2802328425555495,-0.1305261922200515,0.0,0.0,0.9914448613738105,-0.011035870411301881,-0.22496149868535165,0.2802328425555495,-0.1305261922200515,0.0,0.0,0.9914448613738105,-0.01103587234914593,-0.22496149885842798,0.2802328426303024,-0.13052619221911205,-2.8745406052569387e-12,1.3077563417280102e-10,0.9914448613739342,-0.011846517979493355,-0.2249578305601232,0.28022697428292437,-0.1304729894952105,1.9006137746176554e-06,-2.0661387229673236e-06,0.991451864189231,-0.011846517979493355,-0.2249578305601232,0.28022697428292437,-0.1304729894952105,1.9006137746176554e-06,-2.0661387229673236e-06,0.991451864189231,0.05435249994445672,-0.5233184714769844,0.7860543630821275,0.10447514470705194,0.5272792456211617,0.1044487864754191,0.04548475124357763,-0.5235369989720854,0.7860242591222175,0.08758184709326577,0.5261041411568278,0.08756646169367774,0.04548475124357763,-0.5235369989720854,0.7860242591222175,0.08758184709326577,0.5261041411568278,0.08756646169367774,0.08388723420490456,0.0013777684474121667,0.0005934239994310836,0.16054810360409197,0.008834274335514408,0.16047553790583377,-0.02726114103487933,0.005073709536788276,-0.002664596971776835,-0.05810558959575343,0.015404112683884617,-0.05833215059851173,0.0,True,False,1,True,True,0.005311700006132014,4,1.946993315943417e-09,2.6162131071012615e-10,`gtol` termination condition is satisfied.,True,True,0.010000000000000009,0.01693701512041633,1.0,0.0008106751704072213,0.00010747001566226325,0.0008106771068563889,0.00010747000729426933
1.7900000000000014,1786132506.95653,0.010446899992530234,0.01157059999241028,0.01,TELEOP,0,,0.0,1.7900000000000014,179,0.019750000000000035,0.0,0.0,0.0,0.0,0.0,1.0,0.017264868753625744,0.0,0.0,0.0,0.0,0.0,1.0,-0.010820539373912284,-0.22496149868535165,0.2802328425555495,-0.1305261922200515,0.0,0.0,0.9914448613738105,-0.010960932318338182,-0.22496149868535165,0.2802328425555495,-0.1305261922200515,0.0,0.0,0.9914448613738105,-0.010960934255432875,-0.22496149885978695,0.2802328426294426,-0.13052619221918257,-2.874951976025254e-12,1.3072815921929758e-10,0.9914448613739248,-0.011770150570228483,-0.22495778596861707,0.28022690228864233,-0.13047233993179533,1.9695237928019867e-06,-2.1975503720946143e-06,0.991451949669783,-0.011770150570228483,-0.22495778596861707,0.28022690228864233,-0.13047233993179533,1.9695237928019867e-06,-2.1975503720946143e-06,0.991451949669783,0.05517249270723184,-0.5232991490428359,0.7860575193529679,0.10603632123130234,0.5273847929644803,0.10600892283950471,0.046320993539509074,-0.5235227176923644,0.7860299298160369,0.08918169411337298,0.5261940154202343,0.08916556010466058,0.046320993539509074,-0.5235227176923644,0.7860299298160369,0.08918169411337298,0.5261940154202343,0.08916556010466058,0.0836242295931446,0.0014281279721066163,0.000567069381944009,0.15998470201072082,0.008987426340646865,0.15990984109828302,-0.026300461175995476,0.005035952469444955,-0.0026354617487074554,-0.05634015933711582,0.015315200513245667,-0.05656968075507529,0.0,True,False,1,True,True,0.005950699996901676,4,1.946335971918166e-09,2.615254102783883e-10,`gtol` termination condition is satisfied.,True,True,0.010000000000000009,0.016893297613786162,1.0,0.0008092466356686612,0.00010879377984526517,0.0008092485713480583,0.00010879377082457348
1.8000000000000014,1786132506.9672194,0.011959900002693757,0.010299799992935732,0.01,TELEOP,0,,0.0,1.8000000000000014,180,0.020000000000000035,0.0,0.0,0.0,0.0,0.0,1.0,0.01751475188481033,0.0,0.0,0.0,0.0,0.0,1.0,-0.010745574434556907,-0.22496149868535165,0.2802328425555495,-0.1305261922200515,0.0,0.0,0.9914448613738105,-0.010885988569985534,-0.22496149868535165,0.2802328425555495,-0.1305261922200515,0.0,0.0,0.9914448613738105,-0.010885990506299018,-0.2249614988611416,0.28023284262858505,-0.13052619221925285,-2.8753337584426966e-12,1.3067854805998385e-10,0.9914448613739156,-0.011694010585691115,-0.22495774897596463,0.2802268424424317,-0.13047180062301986,2.0357494898088797e-06,-2.3288933202014424e-06,0.9914520206407463,-0.011694010585691115,-0.22495774897596463,0.2802268424424317,-0.13047180062301986,2.0357494898088797e-06,-2.3288933202014424e-06,0.9914520206407463,0.055992506285418464,-0.523279376041355,0.7860604720400861,0.10759688802659809,0.527491812835662,0.10756842318662102,0.047154712260403936,-0.5235079366467102,0.7860353400508162,0.09077610383953533,0.5262854126437417,0.09075919797501956,0.047154712260403936,-0.5235079366467102,0.7860353400508162,0.09077610383953533,0.5262854126437417,0.09075919797501956,0.08337187208948629,0.001478104565409791,0.0005410234779272793,0.15944097261623374,0.009139722350751148,0.15936378703589862,-0.025235750365830655,0.004997659330317474,-0.0026045904016729652,-0.054372939448707934,0.0152296010104284,-0.05460540623843865,0.0,True,False,1,True,True,0.005848799992236309,4,1.9456480201124805e-09,2.6142532011562877e-10,`gtol` termination condition is satisfied.,True,True,0.010000000000000009,0.016854627117929358,1.0,0.0008080510581476432,0.00010989575940072781,0.0008080529930288137,0.00010989574971857585
1.8100000000000014,1786132506.9745972,0.010558199996012263,0.007119399990187958,0.01,TELEOP,0,,0.0,1.8100000000000014,181,0.020250000000000035,0.0,0.0,0.0,0.0,0.0,1.0,0.017764645709207886,0.0,0.0,0.0,0.0,0.0,1.0,-0.01067060628723764,-0.22496149868535165,0.2802328425555495,-0.1305261922200515,0.0,0.0,0.9914448613738105,-0.010811039682104128,-0.22496149868535165,0.2802328425555495,-0.1305261922200515,0.0,0.0,0.9914448613738105,-0.010811041617606019,-0.22496149886249173,0.2802328426277299,-0.13052619221932293,-2.875723812806613e-12,1.306268855351411e-10,0.9914448613739064,-0.011618087370716401,-0.2249577193972624,0.280226794453265,-0.13047136891834896,2.09916377023167e-06,-2.4598886461469103e-06,0.9914520774511064,-0.011618087370716401,-0.2249577193972624,0.280226794453265,-0.13047136891834896,2.09916377023167e-06,-2.4598886461469103e-06,0.9914520774511064,0.056812533876840446,-0.5232591525206207,0.7860632209474795,0.10915682348873629,0.5276003034933526,0.10912726560660882,0.04798602262689393,-0.5234926596873184,0.7860404930500352,0.09236528997497026,0.5263783246184126,0.09234758871473467,0.04798602262689393,-0.5234926596873184,0.7860404930500352,0.09236528997497026,0.5263783246184126,0.09234758871473467,0.0831310366489989,0.0015276959391878153,0.00051529992189395,0.1589186135434927,0.009291197467085007,0.15883907397151073,-0.024083544048739254,0.004959137377802411,-0.002572355603332931,-0.052235907274103315,0.015147511633385895,-0.05247130643879032,0.0,True,False,1,True,True,0.0037741999985883012,4,1.944930896259982e-09,2.6132120401985216e-10,`gtol` termination condition is satisfied.,True,True,0.010000000000000009,0.01682078418706276,1.0,0.0008070772654370102,0.00011078130340545725,0.0008070791994929108,0.00011078129305215776
1.8200000000000014,1786132506.9817433,0.0073567000072216615,0.006908900002599694,0.01,TELEOP,0,,0.0,1.8200000000000014,182,0.020500000000000036,0.0,0.0,0.0,0.0,0.0,1.0,0.018014549248935058,0.0,0.0,0.0,0.0,0.0,1.0,-0.01059563522531949,-0.22496149868535165,0.2802328425555495,-0.1305261922200515,0.0,0.0,0.9914448613738105,-0.01073608612360638,-0.22496149868535165,0.2802328425555495,-0.1305261922200515,0.0,0.0,0.9914448613738105,-0.010736088058267573,-0.2249614988638374,0.2802328426268771,-0.13052619221939285,-2.8760986390194806e-12,1.3057325869004402e-10,0.9914448613738972,-0.011542369619637453,-0.22495769700901028,0.2802267579682748,-0.13047104160673537,2.159665058283898e-06,-2.590271027561133e-06,0.9914521205235681,-0.011542369619637453,-0.22495769700901028,0.2802267579682748,-0.13047104160673537,2.159665058283898e-06,-2.590271027561133e-06,0.9914521205235681,0.05763256919334352,-0.5232384785290585,0.7860657658864432,0.11071610703446064,0.5277102632059079,0.11068542921046431,0.04881504703622121,-0.5234768906609435,0.7860453921384609,0.09394948016203207,0.5264727435020519,0.0939309596740272,0.04881504703622121,-0.5234768906609435,0.7860453921384609,0.09394948016203207,0.5264727435020519,0.0939309596740272,0.08290244093272787,0.0015769026374915565,0.0004899088425749843,0.15841901870618108,0.009441888363921848,0.15833709592925266,-0.022859571627102324,0.004920669830374119,-0.002539107931896561,-0.049959483731163115,0.015069089683684082,-0.05019780422580838,0.0,True,False,1,True,True,0.003675400002975948,4,1.944185877335987e-09,2.6121324112035806e-10,`gtol` termination condition is satisfied.,True,True,0.010000000000000009,0.016791533513766027,1.0,0.000806313483314948,0.00011145689170767238,0.0008063154165197377,0.00011145688067252241
1.8300000000000014,1786132506.990881,0.007140699992305599,0.008906100003514439,0.01,TELEOP,0,,0.0,1.8300000000000014,183,0.020750000000000036,0.0,0.0,0.0,0.0,0.0,1.0,0.018264461615504164,0.0,0.0,0.0,0.0,0.0,1.0,-0.010520661515348757,-0.22496149868535165,0.2802328425555495,-0.1305261922200515,0.0,0.0,0.9914448613738105,-0.010661128320713174,-0.22496149868535165,0.2802328425555495,-0.1305261922200515,0.0,0.0,0.9914448613738105,-0.010661130254505699,-0.22496149886517855,0.2802328426260269,-0.1305261922194623,-2.876461635744246e-12,1.3051776161225363e-10,0.991444861373888,-0.01146684551209232,-0.22495768155275386,0.28022673257854935,-0.13047081496926646,2.2171770937530016e-06,-2.7197900760738276e-06,0.9914521503476315,-0.01146684551209232,-0.22495768155275386,0.28022673257854935,-0.13047081496926646,2.2171770937530016e-06,-2.7197900760738276e-06,0.9914521503476315,0.05845260641418501,-0.5232173541152509,0.7860681066748164,0.11227471901172986,0.5278216902497285,0.11224289404061215,0.04964191357378485,-0.523460633382977,0.7860500407093537,0.09552891310329496,0.5265686618311356,0.09550954926425775,0.04964191357378485,-0.523460633382977,0.7860500407093537,0.09552891310329496,0.5265686618311356,0.09550954926425775,0.0826866537563643,0.0016257277966537542,0.00046485708927394034,0.15794329412628946,0.009591832908370448,0.15785895902305447,-0.021578717636357044,0.004882515916219765,-0.0025051753301043966,-0.04757245798916223,0.014994454444859943,-0.047813690619817606,0.0,True,False,1,True,True,0.004221199997118674,4,1.943414086261285e-09,2.611016147922878e-10,`gtol` termination condition is satisfied.,True,True,0.010000000000000009,0.016766626872428567,1.0,0.0008057474671770305,0.00011193002873869294,0.0008057493995058952,0.0001119300170108131
1.8400000000000014,1786132506.997908,0.009134799998719245,0.00679840000520926,0.01,TELEOP,0,,0.0,1.8400000000000014,184,0.021000000000000036,0.0,0.0,0.0,0.0,0.0,1.0,0.018514382001652688,0.0,0.0,0.0,0.0,0.0,1.0,-0.0104456853995042,-0.22496149868535165,0.2802328425555495,-0.1305261922200515,0.0,0.0,0.9914448613738105,-0.010586166660826886,-0.22496149868535165,0.2802328425555495,-0.1305261922200515,0.0,0.0,0.9914448613738105,-0.01058616859372391,-0.22496149886651523,0.280232842625179,-0.13052619221953143,-2.876821903383418e-12,1.3046044562381402e-10,0.991444861373879,-0.011391502840810312,-0.2249576727388008,0.2802267178250495,-0.13047068483288893,2.2716485063343133e-06,-2.8482114954463868e-06,0.9914521674725233,-0.011391502840810312,-0.2249576727388008,0.2802267178250495,-0.13047068483288893,2.2716485063343133e-06,-2.8482114954463868e-06,0.9914521674725233,0.059272640143619056,-0.5231957793277874,0.7860702431363151,0.1138326406181019,0.5279345829076804,0.1137996409892944,0.05046675461217537,-0.5234438916139021,0.7860544421939704,0.09710383585163877,0.5266660725291605,0.0970836042478374,0.05046675461217537,-0.5234438916139021,0.7860544421939704,0.09710383585163877,0.5266660725291605,0.0970836042478374,0.08248410383905215,0.0016741769074809496,0.00044014846166877544,0.15749227483438127,0.009741069802495663,0.15740549835796427,-0.02025499173121589,0.0048449110827195295,-0.002470862760516491,-0.04510192919081914,0.014923689412521464,-0.045346066509019865,0.0,True,False,1,True,True,0.003565599996363744,4,1.942616643366406e-09,2.6098642959760007e-10,`gtol` termination condition is satisfied.,True,True,0.010000000000000009,0.0167458059084349,1.0,0.0008053666258047539,0.00011220913513631132,0.0008053685572338943,0.00011220912270399305
1.8500000000000014,1786132507.0059712,0.007016800009296276,0.007844700012356043,0.01,TELEOP,0,,0.0,1.8500000000000014,185,0.021250000000000036,0.0,0.0,0.0,0.0,0.0,1.0,0.018764309673919427,0.0,0.0,0.0,0.0,0.0,1.0,-0.01037070709782418,-0.22496149868535165,0.2802328425555495,-0.1305261922200515,0.0,0.0,0.9914448613738105,-0.010511201496055228,-0.22496149868535165,0.2802328425555495,-0.1305261922200515,0.0,0.0,0.9914448613738105,-0.010511203428030861,-0.22496149886784722,0.2802328426243338,-0.13052619221960057,-2.877155948265249e-12,1.3040140217613767e-10,0.9914448613738698,-0.011316329131183089,-0.22495767024997013,0.28022671320458203,-0.1304706466246497,2.3230521865318e-06,-2.975318058293908e-06,0.991452172500064,-0.011316329131183089,-0.22495767024997013,0.28022671320458203,-0.1304706466246497,2.3230521865318e-06,-2.975318058293908e-06,0.991452172500064,0.06009266537230873,-0.5231737542151503,0.7860721750999249,0.1153898538265232,0.5280489394675779,0.11535565172436565,0.051289705499867604,-0.5234266690380922,0.7860586000333826,0.0986745012735573,0.5267649689116446,0.0986533772013724,0.051289705499867604,-0.5234266690380922,0.7860586000333826,0.0986745012735573,0.5267649689116446,0.0986533772013724,0.08229508876922374,0.0017222575809907406,0.00041578394122035396,0.15706654219185257,0.009889638248410874,0.15697729535350077,-0.01890150698284007,0.004808067350979098,-0.0024364520448421465,-0.04257326425286997,0.014856844591520996,-0.042820300446350795,0.0,True,False,1,True,True,0.004646600005798973,4,1.9417944700104457e-09,2.6086786446571603e-10,`gtol` termination condition is satisfied.,True,True,0.010000000000000009,0.01672880476646313,1.0,0.000805158137248647,0.00011230343830655263,0.0008051600677550611,0.00011230342515654492
1.8600000000000014,1786132507.013101,0.00817020000249613,0.006804300006479025,0.01,TELEOP,0,,0.0,1.8600000000000014,186,0.021500000000000036,0.0,0.0,0.0,0.0,0.0,1.0,0.019014243965899073,0.0,0.0,0.0,0.0,0.0,1.0,-0.010295726810230284,-0.22496149868535165,0.2802328425555495,-0.1305261922200515,0.0,0.0,0.9914448613738105,-0.010436233146417057,-0.22496149868535165,0.2802328425555495,-0.1305261922200515,0.0,0.0,0.9914448613738105,-0.010436235077446347,-0.22496149886917466,0.28023284262349113,-0.1305261922196689,-2.877506647288247e-12,1.3034068567431956e-10,0.9914448613738608,-0.011241311752496787,-0.22495767374534015,0.2802267181757745,-0.1304706954259258,2.3713844720080403e-06,-3.1009103986788334e-06,0.9914521660775352,-0.011241311752496787,-0.22495767374534015,0.2802267181757745,-0.1304706954259258,2.3713844720080403e-06,-3.1009103986788334e-06,0.9914521660775352,0.06091267744221907,-0.523151278825627,0.7860739023993609,0.11694634131785009,0.5281647582207538,0.11691090862181938,0.05211090334096293,-0.5234089692449021,0.7860625176526075,0.10024116568840132,0.5268653446880127,0.10021912415475483,0.05211090334096293,-0.5234089692449021,0.7860625176526075,0.10024116568840132,0.5268653446880127,0.10021912415475483,0.08211978410953251,0.0017699793190090497,0.0003917619224925144,0.1566664414844015,0.010037577636813596,0.15657469533824167,-0.017530465969123565,0.00477217380183092,-0.0024022018727839533,-0.040010070745105424,0.014793938840272088,-0.040260001525910714,0.0,True,False,1,True,True,0.0035234999959357083,4,1.9409485014467103e-09,2.60746031608276e-10,`gtol` termination condition is satisfied.,True,True,0.010000000000000009,0.016715352552965898,1.0,0.0008051090566764583,0.00011222286298240781,0.0008051109862379234,0.00011222284910263896
1.8700000000000014,1786132507.020318,0.00702869999804534,0.006991900008870289,0.01,TELEOP,0,,0.0,1.8700000000000014,187,0.021750000000000037,0.0,0.0,0.0,0.0,0.0,1.0,0.019264184272113207,0.0,0.0,0.0,0.0,0.0,1.0,-0.010220744718366044,-0.22496149868535165,0.2802328425555495,-0.1305261922200515,0.0,0.0,0.9914448613738105,-0.010361261902758566,-0.22496149868535165,0.2802328425555495,-0.1305261922200515,0.0,0.0,0.9914448613738105,-0.010361263832817404,-0.22496149887049738,0.280232842622651,-0.1305261922197374,-2.877854208696396e-12,1.3027832803566304e-10,0.9914448613738518,-0.011166438020767926,-0.2249576828639607,0.28022673216499616,-0.1304708260261676,2.416664168453087e-06,-3.2248076212398023e-06,0.9914521488906108,-0.011166438020767926,-0.2249576828639607,0.28022673216499616,-0.1304708260261676,2.416664168453087e-06,-3.2248076212398023e-06,0.9914521488906108,0.06173267201468463,-0.523128353207254,0.7860754248725926,0.11850208641950905,0.5282820374607056,0.11846539470445439,0.0529304858666456,-0.5233907957119942,0.7860661984370357,0.10180408668486325,0.526967193960605,0.10178110240750607,0.0529304858666456,-0.5233907957119942,0.7860661984370357,0.10180408668486325,0.526967193960605,0.10178110240750607,0.0819582525682671,0.0018173532907916725,0.00036807844283004627,0.15629209964619287,0.010184927259226944,0.156197825275124,-0.01615315412654174,0.0047373971782622695,-0.0023683479662468107,-0.03743418382086463,0.014734962241334717,-0.03768700631176676,0.0,True,False,1,True,True,0.0038311000098474324,4,1.940079554945053e-09,2.6062099123488304e-10,`gtol` termination condition is satisfied.,True,True,0.010000000000000009,0.016705175629448774,1.0,0.0008052064161073372,0.00011197792274925121,0.0008052083447023045,0.00011197790812513808
1.8800000000000014,1786132507.0274072,0.007214099998236634,0.006867500007501803,0.01,TELEOP,0,,0.0,1.8800000000000014,188,0.022000000000000037,0.0,0.0,0.0,0.0,0.0,1.0,0.019514130042441433,0.0,0.0,0.0,0.0,0.0,1.0,-0.010145760987267577,-0.22496149868535165,0.2802328425555495,-0.1305261922200515,0.0,0.0,0.9914448613738105,-0.010286288029405736,-0.22496149868535165,0.2802328425555495,-0.1305261922200515,0.0,0.0,0.9914448613738105,-0.010286289958470755,-0.2249614988718155,0.2802328426218135,-0.1305261922198055,-2.8781659506055315e-12,1.3021439504217827e-10,0.9914448613738428,-0.011091695293187029,-0.2249576972285007,0.2802267545721777,-0.13047103297571558,2.458931424929054e-06,-3.346847728722018e-06,0.9914521216564126,-0.011091695293187029,-0.2249576972285007,0.2802267545721777,-0.13047103297571558,2.458931424929054e-06,-3.346847728722018e-06,0.9914521216564126,0.0625526450413644,-0.5231049774077778,0.7860767423614043,0.1200570730497429,0.5284007754818051,0.12001909358612674,0.05374859039834582,-0.5233721517908271,0.7860696457111254,0.10336352111470946,0.5270705112210451,0.10333956852237958,0.05374859039834582,-0.5233721517908271,0.7860696457111254,0.10336352111470946,0.5270705112210451,0.10333956852237958,0.08181045317002178,0.0018643921167092884,0.0003447274089613002,0.155943442984621,0.010331726044013657,0.15584661148735024,-0.014779939824531343,0.00470388259176159,-0.0023351033868746094,-0.03486566615718672,0.014679878478671327,-0.035121378777375666,0.0,True,False,1,True,True,0.003671099999337457,4,1.939188370542057e-09,2.6049287125807265e-10,`gtol` termination condition is satisfied.,True,True,0.010000000000000009,0.016697999734645794,1.0,0.0008054373160151537,0.00011157961340013931,0.0008054392436226296,0.00011157959801775811
1.8900000000000015,1786132507.0346055,0.007080600000335835,0.006985999993048608,0.01,TELEOP,0,,0.0,1.8900000000000015,189,0.022250000000000037,0.0,0.0,0.0,0.0,0.0,1.0,0.0197640807770614,0.0,0.0,0.0,0.0,0.0,1.0,-0.010070775766881587,-0.22496149868535165,0.2802328425555495,-0.1305261922200515,0.0,0.0,0.9914448613738105,-0.010211311766576721,-0.22496149868535165,0.2802328425555495,-0.1305261922200515,0.0,0.0,0.9914448613738105,-0.010211313694625253,-0.22496149887312888,0.28023284262097864,-0.1305261922198731,-2.878524489132444e-12,1.3014895829028636e-10,0.9914448613738339,-0.011017071054230127,-0.22495771644880344,0.2802267847764883,-0.13047131063730386,2.4982464827594615e-06,-3.4668878725998453e-06,0.9914520851167361,-0.011017071054230127,-0.22495771644880344,0.2802267847764883,-0.13047131063730386,2.4982464827594615e-06,-3.4668878725998453e-06,0.9914520851167361,0.06337259273782701,-0.5230811514746354,0.7860778547110164,0.12161128566694007,0.5285209705780957,0.12157198942108488,0.05456535290198408,-0.5233530406942282,0.7860728627193179,0.1049197232625701,0.5271752913442058,0.10489477649503241,0.05456535290198408,-0.5233530406942282,0.7860728627193179,0.1049197232625701,0.5271752913442058,0.10489477649503241,0.08167625036382635,0.001911109659894396,0.0003217008192499893,0.15562021478606275,0.010478012316075416,0.15552079726528306,-0.013420280619543095,0.004671754318510769,-0.0023026589711310865,-0.03232281985582735,0.014628627206175835,-0.03258142220671686,0.0,True,False,1,True,True,0.003465000001597218,4,1.938275627102417e-09,2.603618214481884e-10,`gtol` termination condition is satisfied.,True,True,0.010000000000000009,0.01669355193503344,1.0,0.0008057890088423057,0.00011103930892164104,0.0008057909354418083,0.00011103929276690738
1.9000000000000015,1786132507.0427752,0.007297899996046908,0.007856599986553192,0.01,TELEOP,0,,0.0,1.9000000000000015,190,0.022500000000000037,0.0,0.0,0.0,0.0,0.0,1.0,0.020014036021851277,0.0,0.0,0.0,0.0,0.0,1.0,-0.009995789193444623,-0.22496149868535165,0.2802328425555495,-0.1305261922200515,0.0,0.0,0.9914448613738105,-0.010136333332575713,-0.22496149868535165,0.2802328425555495,-0.1305261922200515,0.0,0.0,0.9914448613738105,-0.01013633525958572,-0.2249614988744376,0.28023284262014664,-0.1305261922199406,-2.8788320362561766e-12,1.3008202710795133e-10,0.991444861373825,-0.010942552993550136,-0.224957740125326,0.28022682214182837,-0.13047165323589804,2.534688317356419e-06,-3.584804432855613e-06,0.9914520400314966,-0.010942552993550136,-0.224957740125326,0.28022682214182837,-0.13047165323589804,2.534688317356419e-06,-3.584804432855613e-06,0.9914520400314966,0.06419251155953003,-0.5230568754549519,0.7860787617697385,0.12316470922359427,0.5286426210421492,0.12312406685793578,0.05538090713210767,-0.5233334654859619,0.7860758526091223,0.10647294318950501,0.5272815295800055,0.10644697609748434,0.05538090713210767,-0.5233334654859619,0.7860758526091223,0.10647294318950501,0.5272815295800055,0.10644697609748434,0.08155542301235884,0.001957520826622797,0.00029898898043789854,0.15532199269349098,0.01062382357997426,0.15521996024519236,-0.012082735146751178,0.0046411166728400925,-0.0022711838812090757,-0.02982220925717774,0.014581126389884524,-0.030083702009069357,0.0,True,False,1,True,True,0.004393099996377714,4,1.937341956900471e-09,2.6022785271399006e-10,`gtol` termination condition is satisfied.,True,True,0.010000000000000009,0.016691562404369975,1.0,0.0008062489745189019,0.00011036866080676946,0.0008062509000903834,0.00011036864386454985
1.9100000000000015,1786132507.050877,0.008102299994789064,0.007857000004150905,0.01,TELEOP,0,,0.0,1.9100000000000015,191,0.022750000000000038,0.0,0.0,0.0,0.0,0.0,1.0,0.020263995364212375,0.0,0.0,0.0,0.0,0.0,1.0,-0.009920801390736294,-0.22496149868535165,0.2802328425555495,-0.1305261922200515,0.0,0.0,0.9914448613738105,-0.010061352925787909,-0.22496149868535165,0.2802328425555495,-0.1305261922200515,0.0,0.0,0.9914448613738105,-0.010061354851738005,-0.22496149887574135,0.28023284261931725,-0.1305261922200077,-2.879192342728574e-12,1.3001365798041286e-10,0.9914448613738163,-0.0108681290758059,-0.22495776785244148,0.2802268660221076,-0.13047205490656952,2.5683531918107354e-06,-3.700492934829882e-06,0.9914519871724334,-0.0108681290758059,-0.22495776785244148,0.2802268660221076,-0.13047205490656952,2.5683531918107354e-06,-3.700492934829882e-06,0.9914519871724334,0.0650123981799771,-0.5230321493955478,0.7860794633886652,0.12471732912447146,0.5287657251640014,0.12467531099781741,0.05619538386422006,-0.5233134290722011,0.7860786184163009,0.10802342524707706,0.5273892215432664,0.10799641139209536,0.05619538386422006,-0.5233134290722011,0.7860786184163009,0.10802342524707706,0.5273892215432664,0.10799641139209536,0.08144767321123826,0.002003641376080739,0.0002765807178617663,0.15504820575720454,0.010769196326084689,0.15494352946110207,-0.010774980112057686,0.004612054945794197,-0.002240826257613221,-0.027378693628643307,0.014537274611042875,-0.02764307840902846,0.0,True,False,1,True,True,0.0034999000054085627,4,1.936387961752153e-09,2.600910827968956e-10,`gtol` termination condition is satisfied.,True,True,0.010000000000000009,0.016691766034089256,1.0,0.0008068049881287459,0.00010957950129659214,0.000806806912652611,0.00010957948355215569
1.9200000000000015,1786132507.059933,0.008223900003940798,0.008688399990205653,0.01,TELEOP,0,,0.0,1.9200000000000015,192,0.023000000000000038,0.0,0.0,0.0,0.0,0.0,1.0,0.02051395842927355,0.0,0.0,0.0,0.0,0.0,1.0,-0.009845812471217942,-0.22496149868535165,0.2802328425555495,-0.1305261922200515,0.0,0.0,0.9914448613738105,-0.009986370726493521,-0.22496149868535165,0.2802328425555495,-0.1305261922200515,0.0,0.0,0.9914448613738105,-0.009986372651362811,-0.22496149887704034,0.2802328426184906,-0.13052619222007444,-2.87950603846788e-12,1.299438614566054e-10,0.9914448613738074,-0.010793787602628769,-0.22495779922158723,0.28022691576627745,-0.13047250974013888,2.599353140346184e-06,-3.813867812621734e-06,0.9914519273171076,-0.010793787602628769,-0.22495779922158723,0.28022691576627745,-0.13047250974013888,2.599353140346184e-06,-3.813867812621734e-06,0.9914519273171076,0.06583224947085882,-0.5230069733429561,0.7860799594213994,0.12626913118861208,0.5288902812301468,0.12622570735640753,0.057008910213146954,-0.5232929341948006,0.7860811630520833,0.10957140675777877,0.5274983632018588,0.10954331941190763,0.057008910213146954,-0.5232929341948006,0.7860811630520833,0.10957140675777877,0.5274983632018588,0.10954331941190763,0.08135263489268976,0.0020494877400497307,0.00025446357824725847,0.15479815107017014,0.010914165859244585,0.15469080198122703,-0.009503831854849298,0.0045846363968991555,-0.002211713961450778,-0.02500546870343942,0.014496953315989587,-0.025272747987504833,0.0,True,False,1,True,True,0.004808799989405088,4,1.9354141469365785e-09,2.5995152677969143e-10,`gtol` termination condition is satisfied.,True,True,0.010000000000000009,0.016693903877394403,1.0,0.0008074451799072411,0.00010868375109622698,0.0008074471033641901,0.00010868373253459584
1.9300000000000015,1786132507.0672553,0.008904300004360266,0.007106699995347299,0.01,TELEOP,0,,0.0,1.9300000000000015,193,0.023250000000000038,0.0,0.0,0.0,0.0,0.0,1.0,0.020763924876442495,0.0,0.0,0.0,0.0,0.0,1.0,-0.009770822537067257,-0.22496149868535165,0.2802328425555495,-0.1305261922200515,0.0,0.0,0.9914448613738105,-0.00991138689851712,-0.22496149868535165,0.2802328425555495,-0.1305261922200515,0.0,0.0,0.9914448613738105,-0.009911388822285233,-0.22496149887833458,0.2802328426176668,-0.13052619222014092,-2.879860834895304e-12,1.298727260126465e-10,0.9914448613737987,-0.010719517266963286,-0.22495783382424267,0.280226970723095,-0.13047301182637183,2.6278143993354376e-06,-3.924862029265216e-06,0.9914518612432202,-0.010719517266963286,-0.22495783382424267,0.280226970723095,-0.13047301182637183,2.6278143993354376e-06,-3.924862029265216e-06,0.9914518612432202,0.06665206248399613,-0.5229813473434528,0.7860802497238094,0.12782010161481522,0.5290162875225989,0.12777524182941366,0.05782160903487751,-0.5232719834262713,0.7860834892923264,0.11111711685687363,0.5276089508633515,0.11108792900241267,0.05782160903487751,-0.5232719834262713,0.7860834892923264,0.11111711685687363,0.5276089508633515,0.11108792900241267,0.08126988217305532,0.0020950768529260037,0.00023262402431422347,0.15457100990948683,0.011058766149265905,0.15446095905050397,-0.00827527196344396,0.004558911287627274,-0.002183955393303497,-0.02271411606833094,0.014460029002131896,-0.02298429307230667,0.0,True,False,1,True,True,0.00381290000223089,4,1.934421031829788e-09,2.598093624227323e-10,`gtol` termination condition is satisfied.,True,True,0.010000000000000009,0.01669772443083331,1.0,0.0008081580877929317,0.00010769333199662691,0.0008081600101639888,0.00010769331260282398
1.9400000000000015,1786132507.0748892,0.007328299994696863,0.007412199993268587,0.01,TELEOP,0,,0.0,1.9400000000000015,194,0.023500000000000038,0.0,0.0,0.0,0.0,0.0,1.0,0.021013894396272208,0.0,0.0,0.0,0.0,0.0,1.0,-0.009695831681118344,-0.22496149868535165,0.2802328425555495,-0.1305261922200515,0.0,0.0,0.9914448613738105,-0.009836401590727172,-0.22496149868535165,0.2802328425555495,-0.1305261922200515,0.0,0.0,0.9914448613738105,-0.009836403513374215,-0.22496149887962377,0.2802328426168457,-0.13052619222020687,-2.8801747470566064e-12,1.298002262286445e-10,0.9914448613737901,-0.010645307200050795,-0.22495787125472466,0.2802270302455963,-0.13047355529454324,2.6538758021451927e-06,-4.0334265655733e-06,0.9914517897232776,-0.010645307200050795,-0.22495787125472466,0.2802270302455963,-0.13047355529454324,2.6538758021451927e-06,-4.0334265655733e-06,0.9914517897232776,0.06747183443492585,-0.5229552714430894,0.7860803341538132,0.12937022695029474,0.5291437423180171,0.1293239006612354,0.058633598408964184,-0.5232505791663474,0.7860855997685319,0.11266077549002602,0.5277209811603771,0.11263045981911744,0.058633598408964184,-0.5232505791663474,0.7860855997685319,0.11266077549002602,0.5277209811603771,0.11263045981911744,0.08119893740866761,0.0021404259923918575,0.00021104762054273722,0.1543658633152387,0.011203029702567093,0.15425308167047774,-0.007094476438770231,0.004534913946585374,-0.0021576403771486224,-0.020514659424813314,0.014426355330118736,-0.020787738002621868,0.0,True,False,1,True,True,0.004044799992698245,4,1.9334090467115707e-09,2.5966454200357276e-10,`gtol` termination condition is satisfied.,True,True,0.010000000000000009,0.01670298475794159,1.0,0.0008089327027886264,0.00010662008478012048,0.0008089346240551009,0.00010662006453959783
1.9500000000000015,1786132507.0828025,0.007630499996594153,0.007695000007515773,0.01,TELEOP,0,,0.0,1.9500000000000015,195,0.02375000000000004,0.0,0.0,0.0,0.0,0.0,1.0,0.02126386670761386,0.0,0.0,0.0,0.0,0.0,1.0,-0.00962083998771585,-0.22496149868535165,0.2802328425555495,-0.1305261922200515,0.0,0.0,0.9914448613738105,-0.009761414938399316,-0.22496149868535165,0.2802328425555495,-0.1305261922200515,0.0,0.0,0.9914448613738105,-0.009761416859905819,-0.22496149888090816,0.2802328426160276,-0.13052619222027276,-2.880475229306556e-12,1.2972643627136734e-10,0.9914448613737813,-0.010571147011352536,-0.22495791111279112,0.2802270936952646,-0.1304741343512235,2.6776871542794963e-06,-4.13952978960402e-06,0.9914517135196212,-0.010571147011352536,-0.22495791111279112,0.2802270936952646,-0.1304741343512235,2.6776871542794963e-06,-4.13952978960402e-06,0.9914517135196212,0.06829156268797922,-0.5229287456877296,0.7860802125711817,0.13091949406221845,0.529272643886888,0.1308716704165092,0.05944499119825902,-0.5232287236400379,0.7860874969606275,0.11420259256050039,0.5278344510349181,0.11417112147468982,0.05944499119825902,-0.5232287236400379,0.7860874969606275,0.11420259256050039,0.5278344510349181,0.11417112147468982,0.08113927892948353,0.002185552630954901,0.00018971920955985973,0.15418170704743575,0.011346987454096822,0.15406616555723776,-0.005965847918408425,0.00451266385630436,-0.002132841098287747,-0.018415626780292814,0.01439577515297289,-0.01869161132399729,0.0,True,False,1,True,True,0.003417200001422316,4,1.9323786361020615e-09,2.5951720559874255e-10,`gtol` termination condition is satisfied.,True,True,0.010000000000000009,0.016709451460268712,1.0,0.0008097585074155908,0.00010547569270760628,0.0008097604275590228,0.00010547567160524447
1.9600000000000015,1786132507.0947042,0.008082700005616061,0.011513999997987412,0.01,TELEOP,0,,0.0,1.9600000000000015,196,0.02400000000000004,0.0,0.0,0.0,0.0,0.0,1.0,0.021513841555029865,0.0,0.0,0.0,0.0,0.0,1.0,-0.009545847533491046,-0.22496149868535165,0.2802328425555495,-0.1305261922200515,0.0,0.0,0.9914448613738105,-0.009686427064455687,-0.22496149868535165,0.2802328425555495,-0.1305261922200515,0.0,0.0,0.9914448613738105,-0.009686428984802563,-0.22496149888218744,0.28023284261521225,-0.13052619222033818,-2.880816506114543e-12,1.2965137118479438e-10,0.9914448613737727,-0.010497026821732352,-0.22495795300604396,0.2802271604458816,-0.1304747433151784,2.699407602931516e-06,-4.243156719681036e-06,0.9914516333798373,-0.010497026821732352,-0.22495795300604396,0.2802271604458816,-0.1304747433151784,2.699407602931516e-06,-4.243156719681036e-06,0.9914516333798373,0.06911124474271765,-0.5229017701230991,0.7860798848373698,0.1324678901118692,0.5294029904927603,0.1324185379542758,0.060255894682504696,-0.5232064188970532,0.7860891831914147,0.1157427672192086,0.5279493577217046,0.11571011282896163,0.060255894682504696,-0.5232064188970532,0.7860891831914147,0.1157427672192086,0.5279493577217046,0.11571011282896163,0.08109034842456728,0.0022304742984717066,0.00016862307872311618,0.15401746587082224,0.01149066867864583,0.15389913542718042,-0.004893050491624451,0.004492166751680568,-0.002109613083674354,-0.016424117661351566,0.014368122454900696,-0.01670301300573246,0.0,True,False,1,True,True,0.006039600004442036,4,1.9313301383434976e-09,2.593673902142092e-10,`gtol` termination condition is satisfied.,True,True,0.010000000000000009,0.016716901501718062,1.0,0.0008106255075688034,0.00010427161080717916,0.0008106274265709368,0.00010427158882914657
1.9700000000000015,1786132507.103106,0.011872600007336587,0.008043399997404777,0.01,TELEOP,0,,0.0,1.9700000000000015,197,0.02425000000000004,0.0,0.0,0.0,0.0,0.0,1.0,0.021763818706443394,0.0,0.0,0.0,0.0,0.0,1.0,-0.009470854388066987,-0.22496149868535165,0.2802328425555495,-0.1305261922200515,0.0,0.0,0.9914448613738105,-0.009611438080591514,-0.22496149868535165,0.2802328425555495,-0.1305261922200515,0.0,0.0,0.9914448613738105,-0.009611439999760097,-0.22496149888346179,0.28023284261439996,-0.1305261922204033,-2.8811282987569916e-12,1.2957501890176316e-10,0.9914448613737641,-0.010422937290238368,-0.22495799655212823,0.2802272298870507,-0.130475376649304,2.7192040153762156e-06,-4.344308194235922e-06,0.9914515500325547,-0.010422937290238368,-0.22495799655212823,0.2802272298870507,-0.130475376649304,2.7192040153762156e-06,-4.344308194235922e-06,0.9914515500325547,0.06993087822160327,-0.5228743447948233,0.7860793508153588,0.13401540253118704,0.5295347803915407,0.13396449040452799,0.061066410262084744,-0.5231836668124962,0.7860906606225804,0.11728148729046878,0.5280656987309105,0.11724762141465221,0.061066410262084744,-0.5231836668124962,0.7860906606225804,0.11728148729046878,0.5280656987309105,0.11724762141465221,0.08105155795800512,0.0022752084557031665,0.00014774311656848423,0.15387200712601654,0.011634100920589287,0.15375085856905868,-0.0038790466562155005,0.004473415723145971,-0.0020879962154631932,-0.014545874480571588,0.014343224194345765,-0.01482768581217292,0.0,True,False,1,True,True,0.003953099992941134,4,1.930263985907104e-09,2.592150649480485e-10,`gtol` termination condition is satisfied.,True,True,0.010000000000000009,0.016725122892660607,1.0,0.000811524258101163,0.00010301900113722006,0.0008115261759439807,0.00010301897826981313
1.9800000000000015,1786132507.1103406,0.008258999994723126,0.007018799995421432,0.01,TELEOP,0,,0.0,1.9800000000000015,198,0.02450000000000004,0.0,0.0,0.0,0.0,0.0,1.0,0.022013797951002723,0.0,0.0,0.0,0.0,0.0,1.0,-0.00939586061469919,-0.22496149868535165,0.2802328425555495,-0.1305261922200515,0.0,0.0,0.9914448613738105,-0.009536448088299204,-0.22496149868535165,0.2802328425555495,-0.1305261922200515,0.0,0.0,0.9914448613738105,-0.009536450006271135,-0.224961498884731,0.28023284261359055,-0.1305261922204682,-2.881477369894052e-12,1.294974390474862e-10,0.9914448613737556,-0.010348869634838716,-0.22495804138072117,0.2802273014273894,-0.13047602898954808,2.7372493786720046e-06,-4.442999961441319e-06,0.9914514641836412,-0.010348869634838716,-0.22495804138072117,0.2802273014273894,-0.13047602898954808,2.7372493786720046e-06,-4.442999961441319e-06,0.9914514641836412,0.07075046085879476,-0.5228464697484824,0.786078610369526,0.1355620190014844,0.5296680118308358,0.13550951514693121,0.06187663322806583,-0.5231604690887077,0.7860919312521694,0.11881892882600599,0.5281834718303209,0.11878382299134274,0.06187663322806583,-0.5231604690887077,0.7860919312521694,0.11881892882600599,0.5281834718303209,0.11878382299134274,0.08102229659810886,0.002319772378848601,0.00012706295890000188,0.15374415355372045,0.01177730994104387,0.1536201576690531,-0.0029261359896249712,0.004456392314543444,-0.002068015766848233,-0.012785357229608274,0.01432090204545818,-0.013070090000558143,0.0,True,False,1,True,True,0.0039021999982651323,4,1.929180451976899e-09,2.59060353503699e-10,`gtol` termination condition is satisfied.,True,True,0.010000000000000009,0.016733915240718267,1.0,0.000812445882481031,0.00010172867412115239,0.0008124477991466574,0.00010172865035131548
1.9900000000000015,1786132507.1177557,0.007239600003231317,0.007194500009063631,0.01,TELEOP,0,,0.0,1.9900000000000015,199,0.02475000000000004,0.0,0.0,0.0,0.0,0.0,1.0,0.02226377909714076,0.0,0.0,0.0,0.0,0.0,1.0,-0.009320866270857778,-0.22496149868535165,0.2802328425555495,-0.1305261922200515,0.0,0.0,0.9914448613738105,-0.009461457179799196,-0.22496149868535165,0.2802328425555495,-0.1305261922200515,0.0,0.0,0.9914448613738105,-0.009461459096556452,-0.22496149888599504,0.2802328426127841,-0.13052619222053263,-2.8817980903594057e-12,1.2941865317703903e-10,0.9914448613737471,-0.010274815647477887,-0.22495808713531376,0.28022737449738816,-0.13047669517080007,2.753721232649484e-06,-4.539261702211369e-06,0.9914513765127962,-0.010274815647477887,-0.22495808713531376,0.28022737449738816,-0.13047669517080007,2.753721232649484e-06,-4.539261702211369e-06,0.9914513765127962,0.07156999048996182,-0.5228181450296573,0.786077663365519,0.13710772743412597,0.5298026830493416,0.13705359979150966,0.06268665259453389,-0.5231368272581582,0.7860929969134131,0.12035525577947148,0.5283026750271348,0.12031888121997689,0.06268665259453389,-0.5231368272581582,0.7860929969134131,0.12035525577947148,0.5283026750271348,0.12031888121997689,0.08100193664680534,0.002364183054951798,0.00010656612437335136,0.1536326953465493,0.01192031968138796,0.15350582286341458,-0.0020359951303521957,0.004441067610319727,-0.0020496834526650496,-0.011145820717116164,0.014300974034409095,-0.011433480563850795,0.0,True,False,1,True,True,0.004071699993801303,4,1.928079860975284e-09,2.589032894028076e-10,`gtol` termination condition is satisfied.,True,True,0.010000000000000009,0.01674309017547841,1.0,0.0008133820868789198,0.00010041103600367202,0.0008133840023496557,0.00010041101131962499
2.0000000000000013,1786132507.1245592,0.007409799989545718,0.00658800000383053,0.01,TELEOP,0,,0.0,2.0000000000000013,200,0.025000000000000036,0.0,0.0,0.0,0.0,0.0,1.0,0.022513761970811955,0.0,0.0,0.0,0.0,0.0,1.0,-0.00924587140875642,-0.22496149868535165,0.2802328425555495,-0.1305261922200515,0.0,0.0,0.9914448613738105,-0.009386465438886046,-0.22496149868535165,0.2802328425555495,-0.1305261922200515,0.0,0.0,0.9914448613738105,-0.009386467354410878,-0.22496149888725414,0.28023284261198067,-0.13052619222059658,-2.8821403525700945e-12,1.2933867326381095e-10,0.9914448613737387,-0.010200767703828741,-0.2249581334747815,0.2802274485519348,-0.1304773702497541,2.768800146642614e-06,-4.633135999280238e-06,0.9914512876705424,-0.010200767703828741,-0.2249581334747815,0.2802274485519348,-0.1304773702497541,2.768800146642614e-06,-4.633135999280238e-06,0.9914512876705424,0.07238946504303051,-0.5227893706839806,0.7860765096701502,0.1386525159530035,0.529938792276281,0.1385967321611259,0.06349655098913304,-0.5231127426872783,0.7860938592748082,0.12189061979357546,0.5284233065495555,0.1218529474499828,0.06349655098913304,-0.5231127426872783,0.7860938592748082,0.12189061979357546,0.5284233065495555,0.1218529474499828,0.08098983945991645,0.002408457087995865,8.6236139520806e-05,0.15353640141040079,0.012063152242068302,0.15340662300059463,-0.0012097186888902767,0.004427403304406796,-0.002032998485254579,-0.009629393614853099,0.014283256068034475,-0.00991998628199602,0.0,True,False,1,True,True,0.0034223999973619357,4,1.926962501154735e-09,2.5874389818740975e-10,`gtol` termination condition is satisfied.,True,True,0.009999999999999787,0.01675247165465449,1.0,0.0008143251690491602,9.907604243128914e-05,0.0008143270833074266,9.907601682235723e-05
2.010000000000001,1786132507.1318045,0.006855800005723722,0.006977500001084991,0.01,TELEOP,0,,0.0,2.010000000000001,201,0.02525000000000003,0.0,0.0,0.0,0.0,0.0,1.0,0.022763746413890344,0.0,0.0,0.0,0.0,0.0,1.0,-0.009170876075832904,-0.22496149868535165,0.2802328425555495,-0.1305261922200515,0.0,0.0,0.9914448613738105,-0.009311472941697449,-0.22496149868535165,0.2802328425555495,-0.1305261922200515,0.0,0.0,0.9914448613738105,-0.009311474855972418,-0.22496149888850808,0.2802328426111803,-0.13052619222066045,-2.8824722556156634e-12,1.2925750914228476e-10,0.9914448613737303,-0.010126718768120335,-0.22495818007474946,0.2802275230725094,-0.13047804952477668,2.7826682499042403e-06,-4.724677265349288e-06,0.9914511982756106,-0.010126718768120335,-0.22495818007474946,0.2802275230725094,-0.13047804952477668,2.7826682499042403e-06,-4.724677265349288e-06,0.9914511982756106,0.07320888252977163,-0.5227601467571882,0.7860751491513019,0.14019637287863582,0.5300763377308833,0.14013890027558676,0.0643064045976589,-0.5230882165811238,0.7860945198413406,0.12342516009181702,0.5285453648283115,0.12338616061099936,0.0643064045976589,-0.5230882165811238,0.7860945198413406,0.12342516009181702,0.5285453648283115,0.12338616061099936,0.0809853608525891,0.0024526106154476473,6.605665323692423e-05,0.15345402982415932,0.012205827875595772,0.15332131610165894,-0.00044786073273468674,0.004415352745178322,-0.00201794862838822,-0.008237158624148366,0.01426756335274732,-0.008530689893569468,0.0,True,False,1,True,True,0.003827099993941374,4,1.925828649121757e-09,2.5858220590772965e-10,`gtol` termination condition is satisfied.,True,True,0.009999999999999787,0.016761896159428052,1.0,0.0008152680223771046,9.773315810263573e-05,0.0008152699354054928,9.773313155882844e-05
2.020000000000001,1786132507.1385508,0.007192000004579313,0.0065319000132149085,0.01,TELEOP,0,,0.0,2.020000000000001,202,0.025500000000000023,0.0,0.0,0.0,0.0,0.0,1.0,0.023013732282714028,0.0,0.0,0.0,0.0,0.0,1.0,-0.009095880315185798,-0.22496149868535165,0.2802328425555495,-0.1305261922200515,0.0,0.0,0.9914448613738105,-0.009236479757413174,-0.22496149868535165,0.2802328425555495,-0.1305261922200515,0.0,0.0,0.9914448613738105,-0.00923648167042114,-0.2249614988897566,0.28023284261038306,-0.130526192220724,-2.8827575160848646e-12,1.2917519192660977e-10,0.9914448613737219,-0.010052662393423534,-0.2249582266287535,0.28022759756905524,-0.13047872855282883,2.795507824004168e-06,-4.813950642172992e-06,0.991451108912713,-0.010052662393423534,-0.2249582266287535,0.28022759756905524,-0.13047872855282883,2.795507824004168e-06,-4.813950642172992e-06,0.991451108912713,0.07402824103815818,-0.5227304732951681,0.7860735816778427,0.14173928671375058,0.5302153176219034,0.14168009233723022,0.06511628315853331,-0.5230632499887742,0.7860949799567487,0.12495900346674632,0.5286688484782377,0.12491864720114114,0.06511628315853331,-0.5230632499887742,0.7860949799567487,0.12495900346674632,0.5286688484782377,0.12491864720114114,0.08098785608744229,0.0024966592349629294,4.6011540815856125e-05,0.15338433749293323,0.01234836499262386,0.15324865901418103,0.00024952348531813906,0.004404861951528288,-0.0020045112421068537,-0.006969233122608212,0.014253711702809167,-0.007265708747791986,0.0,True,False,1,True,True,0.0033915999956661835,4,1.9246785674196776e-09,2.584182710855735e-10,`gtol` termination condition is satisfied.,True,True,0.009999999999999787,0.016771212786818798,1.0,0.0008162041354657014,9.639132240109023e-05,0.0008162060472469712,9.63912949138273e-05
2.0300000000000007,1786132507.1457083,0.006771799991838634,0.006917699996847659,0.01,TELEOP,0,,0.0,2.0300000000000007,203,0.02575000000000002,0.0,0.0,0.0,0.0,0.0,1.0,0.023263719446762685,0.0,0.0,0.0,0.0,0.0,1.0,-0.0090208841659712,-0.22496149868535165,0.2802328425555495,-0.1305261922200515,0.0,0.0,0.9914448613738105,-0.009161485948890309,-0.22496149868535165,0.2802328425555495,-0.1305261922200515,0.0,0.0,0.9914448613738105,-0.009161487860614322,-0.22496149889099984,0.2802328426095888,-0.13052619222078696,-2.8830972164662496e-12,1.290917428785589e-10,0.9914448613737137,-0.009978592717775809,-0.2249582728492031,0.2802276715815309,-0.13047940316351153,2.807499965106939e-06,-4.901030882420868e-06,0.991451020130693,-0.009978592717775809,-0.2249582728492031,0.2802276715815309,-0.13047940316351153,2.807499965106939e-06,-4.901030882420868e-06,0.991451020130693,0.07484753872541992,-0.5227003503440096,0.7860718071195522,0.14328124613020937,0.5303557301471832,0.14322029671785536,0.06592625000299378,-0.523037843809365,0.7860952408067257,0.12649226435670555,0.5287937562800378,0.1264505213637483,0.06592625000299378,-0.523037843809365,0.7860952408067257,0.12649226435670555,0.5287937562800378,0.1264505213637483,0.0809966844460489,0.00254061794091362,2.608499769470878e-05,0.15332608899592703,0.012490780180006232,0.15318741626071747,0.0008828358606625952,0.004395870595069144,-0.001992654312114777,-0.00582484970062062,0.01424151873823753,-0.006124275346354689,0.0,True,False,1,True,True,0.0036792000028071925,4,1.9235124465288102e-09,2.5825213052606235e-10,`gtol` termination condition is satisfied.,True,True,0.009999999999999787,0.016780283247004257,1.0,0.0008171275876347239,9.505892088623121e-05,0.0008171294981517068,9.505889244938591e-05
2.0400000000000005,1786132507.152443,0.0071349000063491985,0.006517099987831898,0.01,TELEOP,0,,0.0,2.0400000000000005,204,0.026000000000000013,0.0,0.0,0.0,0.0,0.0,1.0,0.023513707787455974,0.0,0.0,0.0,0.0,0.0,1.0,-0.008945887663763214,-0.22496149868535165,0.2802328425555495,-0.1305261922200515,0.0,0.0,0.9914448613738105,-0.00908649157324057,-0.22496149868535165,0.2802328425555495,-0.1305261922200515,0.0,0.0,0.9914448613738105,-0.009086493483663926,-0.22496149889223782,0.2802328426087977,-0.13052619222084966,-2.88339630980264e-12,1.290071682995879e-10,0.9914448613737054,-0.0099045044565234,-0.2249583184681519,0.2802277446811577,-0.13048006947032467,2.81882332225682e-06,-4.986001225267446e-06,0.9914509324410429,-0.0099045044565234,-0.2249583184681519,0.2802277446811577,-0.13048006947032467,2.81882332225682e-06,-4.986001225267446e-06,0.9914509324410429,0.075666773811733,-0.5226697779500514,0.7860698253470535,0.14482223995715493,0.5304975734932426,0.1447595019468752,0.06673636213686546,-0.5230119987986614,0.7860953034229569,0.1280250450030602,0.5289200871623351,0.1279818850446321,0.06673636213686546,-0.5230119987986614,0.7860953034229569,0.1280250450030602,0.5289200871623351,0.1279818850446321,0.0810112133871693,0.0025845010703608126,6.261623114481874e-06,0.15327806463546742,0.012633088229731254,0.1531363680883847,0.0014528941120389716,0.00438831294471937,-0.001982337458022733,-0.004802436045962579,0.014230804972502488,-0.005104817233276641,0.0,True,False,1,True,True,0.003417600004468113,4,1.9223305291631306e-09,2.5808379837994927e-10,`gtol` termination condition is satisfied.,True,True,0.009999999999999787,0.016788981773503825,1.0,0.0008180330407031816,9.374376247796998e-05,0.0008180349499388407,9.374373308646581e-05
2.0500000000000003,1786132507.159355,0.00672869999834802,0.006700999991153367,0.01,TELEOP,0,,0.0,2.0500000000000003,205,0.02625000000000001,0.0,0.0,0.0,0.0,0.0,1.0,0.023763697197061767,0.0,0.0,0.0,0.0,0.0,1.0,-0.008870890840881475,-0.22496149868535165,0.2802328425555495,-0.1305261922200515,0.0,0.0,0.9914448613738105,-0.009011496682354988,-0.22496149868535165,0.2802328425555495,-0.1305261922200515,0.0,0.0,0.9914448613738105,-0.009011498591461244,-0.22496149889347042,0.2802328426080097,-0.13052619222091208,-2.8837862980577566e-12,1.2892148145142736e-10,0.9914448613736971,-0.009830392891253117,-0.22495836323788315,0.2802278164713689,-0.13048072387923737,2.8296529176316206e-06,-5.068952275643157e-06,0.9914508463167748,-0.009830392891253117,-0.22495836323788315,0.2802278164713689,-0.13048072387923737,2.8296529176316206e-06,-5.068952275643157e-06,0.9914508463167748,0.07648594457448551,-0.5226387561599299,0.78606763623176,0.14636225717026669,0.5306408458349123,0.1462976967005764,0.06754667035984241,-0.5229857155760809,0.7860951686878965,0.12955743568004643,0.5290478401841117,0.12951282822194188,0.06754667035984241,-0.5229857155760809,0.7860951686878965,0.12955743568004643,0.5290478401841117,0.12951282822194188,0.0810308222976969,0.002628322258060958,-1.347350603175587e-05,0.1532390676986274,0.012775302177654522,0.15309431773098064,0.001960891052759974,0.004382118770014618,-0.0019735129146238165,-0.0038996936839998573,0.014221394792327096,-0.004205035740406186,0.0,True,False,1,True,True,0.0035617999965325,4,1.921133050009302e-09,2.579133048711667e-10,`gtol` termination condition is satisfied.,True,True,0.009999999999999787,0.016797194954094735,1.0,0.0008189157274207857,9.24530621409182e-05,0.0008189176353582491,9.245303179157884e-05
2.06,1786132507.1663575,0.0070069000066723675,0.006695999996736646,0.01,TELEOP,0,,0.0,2.06,206,0.026500000000000003,0.0,0.0,0.0,0.0,0.0,1.0,0.02401368757770419,0.0,0.0,0.0,0.0,0.0,1.0,-0.00879589372668875,-0.22496149868535165,0.2802328425555495,-0.1305261922200515,0.0,0.0,0.9914448613738105,-0.008936501323380723,-0.22496149868535165,0.2802328425555495,-0.1305261922200515,0.0,0.0,0.9914448613738105,-0.008936503231153622,-0.22496149889469763,0.2802328426072249,-0.130526192220974,-2.8840856053400377e-12,1.288346834433471e-10,0.991444861373689,-0.009756253855678715,-0.2249584069313173,0.2802278865884757,-0.1304813630946859,2.8401590530250094e-06,-5.1499808969387674e-06,0.99145076219163,-0.009756253855678715,-0.2249584069313173,0.2802278865884757,-0.1304813630946859,2.8401590530250094e-06,-5.1499808969387674e-06,0.99145076219163,0.07730504934306927,-0.5226072850206257,0.7860652396458195,0.14790128688202936,0.5307855453349893,0.14783486979239382,0.06835721941828814,-0.5229589946320802,0.7860948373401879,0.13108951498951982,0.5291770145176212,0.1310434292009373,0.06835721941828814,-0.5229589946320802,0.7860948373401879,0.13108951498951982,0.5291770145176212,0.1310434292009373,0.08105490584457414,0.0026720944000664095,-3.313477086035402e-05,0.15320793094734106,0.012917433350959474,0.1530600978995461,0.0024083546877244856,0.0043772142005452834,-0.0019661264828598575,-0.003113675128636288,0.014213117330495479,-0.003421983143453433,0.0,True,False,1,True,True,0.0035047000128543004,4,1.9199201883504037e-09,2.577406398458817e-10,`gtol` termination condition is satisfied.,True,True,0.009999999999999787,0.01680482149022025,1.0,0.0008197714369070607,9.11934288545685e-05,0.000819773343529549,9.11933975467464e-05
2.07,1786132507.1741006,0.006910500000230968,0.007529199996497482,0.01,TELEOP,0,,0.0,2.07,207,0.026749999999999996,0.0,0.0,0.0,0.0,0.0,1.0,0.024263678840462332,0.0,0.0,0.0,0.0,0.0,1.0,-0.008720896347861306,-0.22496149868535165,0.2802328425555495,-0.1305261922200515,0.0,0.0,0.9914448613738105,-0.008861505539154386,-0.22496149868535165,0.2802328425555495,-0.1305261922200515,0.0,0.0,0.9914448613738105,-0.008861507445577843,-0.22496149889591951,0.28023284260644343,-0.13052619222103568,-2.884400867538434e-12,1.287468207077159e-10,0.9914448613736809,-0.009682083718836918,-0.2249584493422518,0.2802279547020636,-0.13048198412312648,2.850506306507929e-06,-5.229189125322384e-06,0.9914506804596094,-0.009682083718836918,-0.2249584493422518,0.2802279547020636,-0.13048198412312648,2.850506306507929e-06,-5.229189125322384e-06,0.9914506804596094,0.07812408649414646,-0.5225753645795052,0.7860626354620731,0.14943931833291282,0.5309316701439334,0.14937101016409357,0.06916804818766796,-0.5229318363358256,0.7860943099806348,0.1326213502130884,0.5293076094318544,0.13257375496614948,0.06916804818766796,-0.5229318363358256,0.7860943099806348,0.1326213502130884,0.5293076094318544,0.13257375496614948,0.08108287693798347,0.0027158296254601966,-5.273595531283283e-05,0.15318352235686333,0.013059491423318517,0.15303257652122024,0.002797109340932011,0.004373522539378781,-0.0019601184452479226,-0.002440859047772119,0.014205807235904573,-0.002752137832588477,0.0,True,False,1,True,True,0.003649299993412569,4,1.918692111290203e-09,2.5756590829668566e-10,`gtol` termination condition is satisfied.,True,True,0.009999999999999787,0.01681177189250954,1.0,0.0008205964974471626,8.997085861967671e-05,0.0008205984027379882,8.997082635434687e-05
2.0799999999999996,1786132507.1809995,0.0077551999856950715,0.006672000003163703,0.01,TELEOP,0,,0.0,2.0799999999999996,208,0.026999999999999993,0.0,0.0,0.0,0.0,0.0,1.0,0.024513670904551355,0.0,0.0,0.0,0.0,0.0,1.0,-0.0086458987286346,-0.22496149868535165,0.2802328425555495,-0.1305261922200515,0.0,0.0,0.9914448613738105,-0.008786509368595824,-0.22496149868535165,0.2802328425555495,-0.1305261922200515,0.0,0.0,0.9914448613738105,-0.008786511273653992,-0.22496149889713576,0.28023284260566517,-0.13052619222109685,-2.8847049612294983e-12,1.286578954878739e-10,0.9914448613736728,-0.009607879365937159,-0.22495849028544043,0.2802280205151347,-0.130482584274274,2.860852621739306e-06,-5.306683113727246e-06,0.9914506014748096,-0.009607879365937159,-0.22495849028544043,0.2802280205151347,-0.130482584274274,2.860852621739306e-06,-5.306683113727246e-06,0.9914506014748096,0.07894305444735006,-0.5225429948843665,0.7860598235540132,0.15097634088338727,0.5310792183995792,0.15090610687779393,0.06997918988084725,-0.5229042409430682,0.7860935870786373,0.1341529977143478,0.5294396242766218,0.13410386158364707,0.06997918988084725,-0.5229042409430682,0.7860935870786373,0.1341529977143478,0.5294396242766218,0.13410386158364707,0.08111416931793075,0.00275953927574068,-7.229019974622631e-05,0.15316475012594338,0.013201484476739727,0.15301066174976052,0.0031292379947279554,0.004370965028048429,-0.0019554244433393903,-0.0018772230919957,0.014199305342121347,-0.0021914771459706495,0.0,True,False,1,True,True,0.0034863999899243936,4,1.9174490137594405e-09,2.5738910541937046e-10,`gtol` termination condition is satisfied.,True,True,0.009999999999999787,0.016817968119824417,1.0,0.0008213877569834518,8.879073223922663e-05,0.0008213896609260994,8.879069902027647e-05
2.0899999999999994,1786132507.1875482,0.006882700006826781,0.006338599996524863,0.01,TELEOP,0,,0.0,2.0899999999999994,209,0.027249999999999986,0.0,0.0,0.0,0.0,0.0,1.0,0.02476366369657845,0.0,0.0,0.0,0.0,0.0,1.0,-0.00857090089102647,-0.22496149868535165,0.2802328425555495,-0.1305261922200515,0.0,0.0,0.9914448613738105,-0.008711512847065958,-0.22496149868535165,0.2802328425555495,-0.1305261922200515,0.0,0.0,0.9914448613738105,-0.008711514750743148,-0.22496149889834646,0.28023284260489,-0.13052619222115788,-2.8850650874421058e-12,1.2856791060216228e-10,0.9914448613736648,-0.009533638177196248,-0.22495852959652451,0.2802280837640086,-0.13048316116017336,2.8713484920077987e-06,-5.382572112080309e-06,0.9914505255515433,-0.009533638177196248,-0.22495852959652451,0.2802280837640086,-0.13048316116017336,2.8713484920077987e-06,-5.382572112080309e-06,0.9914505255515433,0.07976195166137857,-0.5225101759834782,0.7860568037957518,0.15251234400669314,0.5312281882268886,0.15244014910873918,0.0707906722786264,-0.5228762086041545,0.7860926689790084,0.1356845033841991,0.5295730584673133,0.13563379464638853,0.0707906722786264,-0.5228762086041545,0.7860926689790084,0.1356845033841991,0.5295730584673133,0.13563379464638853,0.0811482397779166,0.0028032338913664876,-9.180996288228865e-05,0.15315056698513238,0.01334341906914108,0.15299330627415,0.003407045998585559,0.0043694615625808515,-0.001951976313606274,-0.001418314081101657,0.01419345924013558,-0.0017355475610517554,0.0,True,False,1,True,True,0.0033051000064006075,4,1.916191045521033e-09,2.572102369918195e-10,`gtol` termination condition is satisfied.,True,True,0.009999999999999787,0.016823343169039467,1.0,0.0008221425616295688,8.765781758959026e-05,0.0008221444642076174,8.765778342245944e-05
2.099999999999999,1786132507.1969604,0.006543499999679625,0.009207199997035787,0.01,TELEOP,0,,0.0,2.099999999999999,210,0.027499999999999983,0.0,0.0,0.0,0.0,0.0,1.0,0.025013657149866815,0.0,0.0,0.0,0.0,0.0,1.0,-0.008495902855039962,-0.22496149868535165,0.2802328425555495,-0.1305261922200515,0.0,0.0,0.9914448613738105,-0.008636516006691975,-0.22496149868535165,0.2802328425555495,-0.1305261922200515,0.0,0.0,0.9914448613738105,-0.008636517908972696,-0.22496149889955172,0.28023284260411824,-0.1305261922212181,-2.885369287739683e-12,1.28476852862168e-10,0.9914448613736568,-0.009459358004975722,-0.22495856713182363,0.2802281442180023,-0.13048371269224654,2.8821362403635792e-06,-5.456967489780476e-06,0.9914504529647269,-0.009459358004975722,-0.22495856713182363,0.2802281442180023,-0.13048371269224654,2.8821362403635792e-06,-5.456967489780476e-06,0.9914504529647269,0.0805807766304477,-0.522476907925617,0.7860535760619841,0.1540473172822988,0.5313785777377112,0.15397312613876193,0.07160251797903382,-0.5228477393721049,0.7860915559090915,0.1372159031225218,0.5297079114703804,0.1371635897559319,0.07160251797903382,-0.5228477393721049,0.7860915559090915,0.1372159031225218,0.5297079114703804,0.1371635897559319,0.0811845700407439,0.0028469232049592452,-0.00011130699168675597,0.15313997383227393,0.013485300306711237,0.15297951095434126,0.0036330262827299203,0.004368931359275853,-0.0019497028804467734,-0.0010593152858453618,0.014188123757015968,-0.0013795319808745932,0.0,True,False,1,True,True,0.005846100000781007,4,1.9149184145455953e-09,2.570292743179486e-10,`gtol` termination condition is satisfied.,True,True,0.009999999999999787,0.01682784062249404,1.0,0.0008228587325199728,8.657627607985251e-05,0.0008228606337171468,8.65762409738669e-05
2.109999999999999,1786132507.2035363,0.009444099996471778,0.006338899998809211,0.01,TELEOP,0,,0.0,2.109999999999999,211,0.027749999999999976,0.0,0.0,0.0,0.0,0.0,1.0,0.025263651203841452,0.0,0.0,0.0,0.0,0.0,1.0,-0.00842090463884757,-0.22496149868535165,0.2802328425555495,-0.1305261922200515,0.0,0.0,0.9914448613738105,-0.008561518876662821,-0.22496149868535165,0.2802328425555495,-0.1305261922200515,0.0,0.0,0.9914448613738105,-0.008561520777531698,-0.22496149890075118,0.2802328426033499,-0.13052619222127848,-2.885720643938012e-12,1.283847669890107e-10,0.991444861373649,-0.009385037149524201,-0.22495860276799884,0.2802282016789028,-0.13048423707647477,2.8933493954596276e-06,-5.529981805890018e-06,0.9914503839505123,-0.009385037149524201,-0.22495860276799884,0.2802282016789028,-0.13048423707647477,2.8933493954596276e-06,-5.529981805890018e-06,0.9914503839505123,0.08139952788106894,-0.5224431907601121,0.7860501402279706,0.1555812503899824,0.5315303850305829,0.15550502735036906,0.07241474466206031,-0.5228188332106984,0.7860902479861044,0.1387472233497861,0.5298441827895822,0.13869327303408582,0.07241474466206031,-0.5228188332106984,0.7860902479861044,0.1387472233497861,0.5298441827895822,0.13869327303408582,0.08122266830265075,0.002890616140652081,-0.00013079229871350265,0.1531320227264321,0.013627131920181468,0.15296832781539418,0.0038098261906843733,0.004369293569283678,-0.0019485307026747092,-0.0007951105841845959,0.014183161347023493,-0.001118313894708095,0.0,True,False,1,True,True,0.00330769999709446,4,1.9136311890639623e-09,2.56846314321734e-10,`gtol` termination condition is satisfied.,True,True,0.009999999999999787,0.016831414159777014,1.0,0.0008235345412940109,8.554967298906605e-05,0.000823536441094111,8.554963695417153e-05
2.1199999999999988,1786132507.2106369,0.006544000003486872,0.00689540000166744,0.01,TELEOP,0,,0.0,2.1199999999999988,212,0.02799999999999997,0.0,0.0,0.0,0.0,0.0,1.0,0.02551364580347109,0.0,0.0,0.0,0.0,0.0,1.0,-0.00834590625895868,-0.22496149868535165,0.2802328425555495,-0.1305261922200515,0.0,0.0,0.9914448613738105,-0.008486521483497716,-0.22496149868535165,0.2802328425555495,-0.1305261922200515,0.0,0.0,0.9914448613738105,-0.008486523382939582,-0.2249614989019452,0.2802328426025848,-0.13052619222133832,-2.88601785034635e-12,1.2829167028024977e-10,0.9914448613736411,-0.009310674333611626,-0.22495863640159713,0.28022825598025075,-0.13048473280686443,2.9051121633826227e-06,-5.6017279306485015e-06,0.9914503187071464,-0.009310674333611626,-0.22495863640159713,0.28022825598025075,-0.13048473280686443,2.9051121633826227e-06,-5.6017279306485015e-06,0.9914503187071464,0.08221820396912093,-0.5224090245368713,0.7860464961695096,0.15711413310447483,0.5316836081905405,0.15703584222138867,0.07322736536668918,-0.5227894900025075,0.7860887452246398,0.14027848154251923,0.5299818719530239,0.14022286165841652,0.07322736536668918,-0.5227894900025075,0.7860887452246398,0.14027848154251923,0.5299818719530239,0.14022286165841652,0.08126207046288861,0.002934320819088793,-0.00015027614645596907,0.1531258192733188,0.013768916344165143,0.15295886243307164,0.003940216023786437,0.004370467843671319,-0.001948384774246684,-0.0006203453113267736,0.014178442398367786,-0.0009465382322539536,0.0,True,False,1,True,True,0.0038520999951288104,4,1.912329597313813e-09,2.5666138347745066e-10,`gtol` termination condition is satisfied.,True,True,0.009999999999999787,0.01683402704019632,1.0,0.0008241686844974828,8.458099134815987e-05,0.0008241705828844796,8.458095439779748e-05
2.1299999999999986,1786132507.2171836,0.007107299999915995,0.006334799996693619,0.01,TELEOP,0,,0.0,2.1299999999999986,213,0.028249999999999966,0.0,0.0,0.0,0.0,0.0,1.0,0.025763640898761143,0.0,0.0,0.0,0.0,0.0,1.0,-0.008270907730371663,-0.22496149868535165,0.2802328425555495,-0.1305261922200515,0.0,0.0,0.9914448613738105,-0.00841152385129016,-0.22496149868535165,0.2802328425555495,-0.1305261922200515,0.0,0.0,0.9914448613738105,-0.008411525749290001,-0.2249614989031334,0.2802328426018231,-0.13052619222139764,-2.886331603547069e-12,1.281975697691875e-10,0.9914448613736332,-0.009236268676326133,-0.2249586679484896,0.280228306986453,-0.13048519865735933,2.91753899404001e-06,-5.672318222553339e-06,0.9914502573960341,-0.009236268676326133,-0.2249586679484896,0.280228306986453,-0.13048519865735933,2.91753899404001e-06,-5.672318222553339e-06,0.9914502573960341,0.0830368034771929,-0.5223744093064236,0.7860426437629178,0.1586459552906261,0.5318382452889494,0.15856556032014088,0.07404038877725526,-0.5227597095568319,0.7860870475442575,0.1418096867868865,0.5301209785010116,0.1417523644158705,0.07404038877725526,-0.5227597095568319,0.7860870475442575,0.1418096867868865,0.5301209785010116,0.1417523644158705,0.0813023410566088,0.002978044567556302,-0.0001697680382249258,0.15312052443672758,0.013910654798766292,0.15295027574540204,0.004027059372019998,0.004372374846750983,-0.0019491891768957143,-0.0005294836591234383,0.014173845460115221,-0.0008586687669606685,0.0,True,False,1,True,True,0.0033109999931184575,4,1.9110137461081028e-09,2.5647449467437835e-10,`gtol` termination condition is satisfied.,True,True,0.009999999999999787,0.0168356515619556,1.0,0.0008247602571699891,8.367264904573042e-05,0.0008247621541279811,8.367261119599222e-05
2.1399999999999983,1786132507.2257006,0.0065331999940099195,0.008319300002767704,0.01,TELEOP,0,,0.0,2.1399999999999983,214,0.02849999999999996,0.0,0.0,0.0,0.0,0.0,1.0,0.02601363644429303,0.0,0.0,0.0,0.0,0.0,1.0,-0.008195909066712097,-0.22496149868535165,0.2802328425555495,-0.1305261922200515,0.0,0.0,0.9914448613738105,-0.008336526001929648,-0.22496149868535165,0.2802328425555495,-0.1305261922200515,0.0,0.0,0.9914448613738105,-0.008336527898472557,-0.22496149890431597,0.28023284260106474,-0.13052619222145664,-2.8867023796216232e-12,1.2810244199352147e-10,0.9914448613736254,-0.009161819666286618,-0.224958697343213,0.2802283545917398,-0.13048563367235452,2.9307342405701204e-06,-5.741863763172565e-06,0.9914502001429855,-0.009161819666286618,-0.224958697343213,0.2802283545917398,-0.13048563367235452,2.9307342405701204e-06,-5.741863763172565e-06,0.9914502001429855,0.08385532501217012,-0.5223393451199457,0.7860385828850128,0.16017670689903107,0.5319942943833625,0.160094171301067,0.07485381951634995,-0.5227294916174843,0.7860851547771068,0.1433408403450019,0.5302615019747389,0.1432817822691283,0.07485381951634995,-0.5227294916174843,0.7860851547771068,0.1433408403450019,0.5302615019747389,0.1432817822691283,0.08134307390947117,0.0030217939347642483,-0.00018927671507054593,0.15311535581154515,0.01405234737272393,0.1529417853257828,0.004073285286236572,0.004374936720794729,-0.001950867684562055,-0.0005168625182447317,0.014169257395763994,-0.0008490419619255896,0.0,True,False,1,True,True,0.003311699998448603,4,1.909683747827559e-09,2.5628560439820637e-10,`gtol` termination condition is satisfied.,True,True,0.009999999999999787,0.01683626850373962,1.0,0.0008253087258680673,8.28265188086381e-05,0.0008253106213812408,8.282648007731057e-05
2.149999999999998,1786132507.2371328,0.00867330000619404,0.011077699993620627,0.01,TELEOP,0,,0.0,2.149999999999998,215,0.028749999999999956,0.0,0.0,0.0,0.0,0.0,1.0,0.026263632398805605,0.0,0.0,0.0,0.0,0.0,1.0,-0.008120910280358324,-0.22496149868535165,0.2802328425555495,-0.1305261922200515,0.0,0.0,0.9914448613738105,-0.008261527955303136,-0.22496149868535165,0.2802328425555495,-0.1305261922200515,0.0,0.0,0.9914448613738105,-0.0082615298503744,-0.22496149890549272,0.2802328426003099,-0.13052619222151535,-2.887029928110798e-12,1.280063265662164e-10,0.9914448613736178,-0.009087327134507824,-0.22495872453822588,0.28022839871898636,-0.1304860371559708,2.944791909073267e-06,-5.810473651951007e-06,0.9914501470396266,-0.009087327134507824,-0.22495872453822588,0.28022839871898636,-0.1304860371559708,2.944791909073267e-06,-5.810473651951007e-06,0.9914501470396266,0.08467376720304072,-0.5223038320292943,0.7860343134130987,0.16170637796208007,0.5321517535173863,0.16162166490078494,0.07566765844167767,-0.5226988358703865,0.7860830666755242,0.14487193622894853,0.5304034419058128,0.1448111089306678,0.07566765844167767,-0.5226988358703865,0.7860830666755242,0.14487193622894853,0.5304034419058128,0.1448111089306678,0.08138389253277271,0.0030655747097769236,-0.00020881015826475357,0.1531095883946651,0.014193993107390985,0.15293266615395135,0.004081862330154845,0.004378077501267646,-0.0019533443194208054,-0.000576741688004349,0.014164573466705896,-0.0009119171831449095,0.0,True,False,1,True,True,0.005765100009739399,4,1.9083397702820583e-09,2.560947838121706e-10,`gtol` termination condition is satisfied.,True,True,0.009999999999999787,0.01683586655402916,1.0,0.0008258139013585865,8.204395071674226e-05,0.0008258157954113079,8.204391112394914e-05
2.159999999999998,1786132507.2450469,0.011442200004239567,0.0075493000040296465,0.01,TELEOP,0,,0.0,2.159999999999998,216,0.02899999999999995,0.0,0.0,0.0,0.0,0.0,1.0,0.026513628724814855,0.0,0.0,0.0,0.0,0.0,1.0,-0.008045911382555549,-0.22496149868535165,0.2802328425555495,-0.1305261922200515,0.0,0.0,0.9914448613738105,-0.008186529729478106,-0.22496149868535165,0.2802328425555495,-0.1305261922200515,0.0,0.0,0.9914448613738105,-0.008186531623063143,-0.22496149890666367,0.2802328425995584,-0.1305261922215734,-2.8872649948022503e-12,1.279092133827887e-10,0.9914448613736101,-0.009012791227136416,-0.22495874950309083,0.28022843931841246,-0.13048640866024158,2.959795496228012e-06,-5.878254362382829e-06,0.9914500981449537,-0.009012791227136416,-0.22495874950309083,0.28022843931841246,-0.13048640866024158,2.959795496228012e-06,-5.878254362382829e-06,0.9914500981449537,0.08549212869890678,-0.5222678700870372,0.7860298352249573,0.1632349585903984,0.5323106207205707,0.1631480309345313,0.07648190294445882,-0.5226677419509402,0.7860807829195556,0.1464029617778541,0.530546797806622,0.1463403314398836,0.07648190294445882,-0.5226677419509402,0.7860807829195556,0.1464029617778541,0.530546797806622,0.1463403314398836,0.08142445027811743,0.0031093919446213624,-0.00022837559685859595,0.153102554890561,0.014335590080912486,0.15292225092158285,0.004055774534471544,0.004381723484443986,-0.0019565438593842784,-0.0007033504104120755,0.014159697352150247,-0.001041523236849686,0.0,True,False,1,True,True,0.0036591999960364774,4,1.9069819318804686e-09,2.559020062527954e-10,`gtol` termination condition is satisfied.,True,True,0.009999999999999787,0.016834441733131533,1.0,0.0008262759111992669,8.132579692021752e-05,0.0008262778037760316,8.13257564885918e-05
2.1699999999999977,1786132507.2518203,0.007764699999825098,0.00655830001051072,0.01,TELEOP,0,,0.0,2.1699999999999977,217,0.029249999999999943,0.0,0.0,0.0,0.0,0.0,1.0,0.026763625388268385,0.0,0.0,0.0,0.0,0.0,1.0,-0.00797091238351949,-0.22496149868535165,0.2802328425555495,-0.1305261922200515,0.0,0.0,0.9914448613738105,-0.008111531340868906,-0.22496149868535165,0.2802328425555495,-0.1305261922200515,0.0,0.0,0.9914448613738105,-0.008111533232953251,-0.22496149890782874,0.2802328425988104,-0.13052619222163117,-2.887621295889556e-12,1.278111436515323e-10,0.9914448613736024,-0.008938212378259758,-0.22495877222359234,0.28022847636618153,-0.13048674797237006,2.9758179112662502e-06,-5.945309159998269e-06,0.991450053487009,-0.008938212378259758,-0.22495877222359234,0.28022847636618153,-0.13048674797237006,2.9758179112662502e-06,-5.945309159998269e-06,0.991450053487009,0.08631040816717613,-0.5222314593464759,0.7860251481988298,0.16476243896963103,0.5324708940083074,0.16467325929295026,0.07729654724716598,-0.5226362094511391,0.7860783031243571,0.14793389823373823,0.530691569161542,0.1478694307389777,0.07729654724716598,-0.5226362094511391,0.7860783031243571,0.14793389823373823,0.530691569161542,0.1478694307389777,0.08146443027071688,0.003153249980114288,-0.00024797951984661774,0.15309364558841487,0.014477135492006882,0.1529099299094139,0.00399799925994542,0.004385803549292641,-0.0019603922988022187,-0.0008909302146115072,0.01415454110943987,-0.0012321012168937477,0.0,True,False,1,True,True,0.003464900000835769,4,1.9056103314723526e-09,2.557073781073183e-10,`gtol` termination condition is satisfied.,True,True,0.009999999999999787,0.016831996812544298,1.0,0.0008266951724057611,8.067243821345613e-05,0.0008266970634911779,8.067239696674004e-05
2.1799999999999975,1786132507.259558,0.006766799997421913,0.007529399998020381,0.01,TELEOP,0,,0.0,2.1799999999999975,218,0.02949999999999994,0.0,0.0,0.0,0.0,0.0,1.0,0.027013622358231484,0.0,0.0,0.0,0.0,0.0,1.0,-0.007895913292530561,-0.22496149868535165,0.2802328425555495,-0.1305261922200515,0.0,0.0,0.9914448613738105,-0.008036532804387896,-0.22496149868535165,0.2802328425555495,-0.1305261922200515,0.0,0.0,0.9914448613738105,-0.008036534694957239,-0.22496149890898792,0.28023284259806586,-0.1305261922216887,-2.887940569710713e-12,1.277121173329009e-10,0.9914448613735949,-0.008863591282971216,-0.2249587927008006,0.2802285098629106,-0.13048705510120132,2.992921478308264e-06,-6.011737582706182e-06,0.9914500130646616,-0.008863591282971216,-0.2249587927008006,0.2802285098629106,-0.13048705510120132,2.992921478308264e-06,-6.011737582706182e-06,0.9914500130646616,0.08712860429192147,-0.5221945998616764,0.7860202522134171,0.16628880935754448,0.5326325713817494,0.1661973399391995,0.07811158269856944,-0.5226042379263945,0.7860756268474326,0.149464721312214,0.5308377554189702,0.1493983822437044,0.07811158269856944,-0.5226042379263945,0.7860756268474326,0.149464721312214,0.5308377554189702,0.1493983822437044,0.08150354514034847,0.0031971524744538672,-0.0002676276924566365,0.1530823078475791,0.014618625742816945,0.15289515047267233,0.003911486963157722,0.0043902494339580446,-0.0019648172610019212,-0.0011337740835791015,0.014149025081006678,-0.0014779436741584515,0.0,True,False,1,True,True,0.004103800005395897,4,1.904225109821087e-09,2.555108785244718e-10,`gtol` termination condition is satisfied.,True,True,0.009999999999999787,0.016828540735892794,1.0,0.0008270723643877848,8.008381213929485e-05,0.000827074253966626,8.008377010283858e-05
2.1899999999999973,1786132507.266255,0.007750599994324148,0.006475700007285923,0.01,TELEOP,0,,0.0,2.1899999999999973,219,0.029749999999999933,0.0,0.0,0.0,0.0,0.0,1.0,0.02726361960660189,0.0,0.0,0.0,0.0,0.0,1.0,-0.00782091411801944,-0.22496149868535165,0.2802328425555495,-0.1305261922200515,0.0,0.0,0.9914448613738105,-0.007961534133582783,-0.22496149868535165,0.2802328425555495,-0.1305261922200515,0.0,0.0,0.9914448613738105,-0.007961536022622909,-0.22496149891014122,0.28023284259732495,-0.1305261922217458,-2.8882486133024152e-12,1.2761210669200857e-10,0.9914448613735873,-0.008788928870858723,-0.22495881095009204,0.28022853983211155,-0.13048733026305756,3.011158015309514e-06,-6.077634982596464e-06,0.9914499768494702,-0.008788928870858723,-0.22495881095009204,0.28022853983211155,-0.13048733026305756,3.011158015309514e-06,-6.077634982596464e-06,0.9914499768494702,0.08794671577239159,-0.5221572916874884,0.786015147147862,0.16781406008142,0.5327956508277345,0.1677202629063463,0.07892699806425749,-0.522571826902053,0.7860727535956714,0.1509954017644918,0.5309853559841735,0.15092715640541665,0.07892699806425749,-0.522571826902053,0.7860727535956714,0.1509954017644918,0.5309853559841735,0.15092715640541665,0.08154153656880703,0.0032411024341564443,-0.00028732517612036797,0.153068045227785,0.014760056520335213,0.15287741617122874,0.003799142845856719,0.004394995970257791,-0.0019697483663731904,-0.0014262619794092046,0.014143077751827066,-0.001773430144357685,0.0,True,False,1,True,True,0.003403700000490062,4,1.902826355719395e-09,2.553124550725841e-10,`gtol` termination condition is satisfied.,True,True,0.009999999999999787,0.016824088045330476,1.0,0.0008274084023198468,7.955944230450037e-05,0.000827410290376988,7.95593995052143e-05
2.199999999999997,1786132507.274865,0.006685500004095957,0.008400399994570762,0.01,TELEOP,0,,0.0,2.199999999999997,220,0.02999999999999993,0.0,0.0,0.0,0.0,0.0,1.0,0.02751361710785066,0.0,0.0,0.0,0.0,0.0,1.0,-0.007745914867644808,-0.22496149868535165,0.2802328425555495,-0.1305261922200515,0.0,0.0,0.9914448613738105,-0.007886535340761405,-0.22496149868535165,0.2802328425555495,-0.1305261922200515,0.0,0.0,0.9914448613738105,-0.007886537228258272,-0.2249614989112886,0.28023284259658754,-0.13052619222180253,-2.8885469864190903e-12,1.2751116031584414e-10,0.9914448613735799,-0.008714226280066663,-0.22495882700013534,0.2802285663185755,-0.13048757386707227,3.0305689843857998e-06,-6.143092128829281e-06,0.9914499447876143,-0.008714226280066663,-0.22495882700013534,0.2802285663185755,-0.13048757386707227,3.0305689843857998e-06,-6.143092128829281e-06,0.9914499447876143,0.08876474132165824,-0.5221195348795719,0.786009832881753,0.1693381815357008,0.5329601303187337,0.1692420182950183,0.07974277981098125,-0.5225389758795838,0.7860696828321547,0.15252590592749096,0.5311343702129333,0.15245571926121956,0.07974277981098125,-0.5225389758795838,0.7860696828321547,0.15252590592749096,0.5311343702129333,0.15245571926121956,0.08157817467237918,0.0032851022469219436,-0.0003070763516648134,0.15305041629992028,0.01490142287597406,0.15285628558029415,0.0036638103572157513,0.004399981276550002,-0.001975117554444588,-0.0017628927864728194,0.014136635563885037,-0.0021130590934575573,0.0,True,False,1,True,True,0.005040700008976273,4,1.9014142256445177e-09,2.551122041570935e-10,`gtol` termination condition is satisfied.,True,True,0.009999999999999787,0.016818658316928192,1.0,0.00082770441109512,7.909846860571896e-05,0.000827706297615629,7.909842507162271e-05
2.209999999999997,1786132507.2816982,0.008653700002469122,0.006579400011105463,0.01,TELEOP,0,,0.0,2.209999999999997,221,0.030249999999999923,0.0,0.0,0.0,0.0,0.0,1.0,0.027763614838786716,0.0,0.0,0.0,0.0,0.0,1.0,-0.007670915548363992,-0.22496149868535165,0.2802328425555495,-0.1305261922200515,0.0,0.0,0.9914448613738105,-0.007811536437105118,-0.22496149868535165,0.2802328425555495,-0.1305261922200515,0.0,0.0,0.9914448613738105,-0.007811538323044789,-0.22496149891242995,0.2802328425958538,-0.13052619222185866,-2.8888272535391233e-12,1.2740925663165653e-10,0.9914448613735726,-0.008639484832063973,-0.2249588408918533,0.2802285893867182,-0.13048778650016182,3.051185709505165e-06,-6.208194869915437e-06,0.991449916801871,-0.008639484832063973,-0.2249588408918533,0.2802285893867182,-0.13048778650016182,3.051185709505165e-06,-6.208194869915437e-06,0.991449916801871,0.08958267966539077,-0.5220813294944173,0.7860043092951111,0.1708611641798854,0.533126007812796,0.17076259627130067,0.08055891238335589,-0.5225056843424233,0.7860664139827017,0.15405619625921516,0.5312847974059621,0.15398403296938667,0.08055891238335589,-0.5225056843424233,0.7860664139827017,0.15405619625921516,0.5312847974059621,0.15398403296938667,0.0816132572374653,0.0033291537160440258,-0.00032688494530636427,0.15302903317242306,0.015042719302880836,0.15283137081671486,0.0035082565086120196,0.004405146912208287,-0.0019808593641551307,-0.002138312749722325,0.014129642690678,-0.002491476357930252,0.0,True,False,1,True,True,0.00346319998789113,4,1.8999887986029554e-09,2.5491007222286406e-10,`gtol` termination condition is satisfied.,True,True,0.009999999999999787,0.01681227560820983,1.0,0.0008279616999948674,7.869967806594463e-05,0.0008279635849639351,7.869963382623837e-05
2.2199999999999966,1786132507.2901518,0.0067922000016551465,0.008241500006988645,0.01,TELEOP,0,,0.0,2.2199999999999966,222,0.030499999999999916,0.0,0.0,0.0,0.0,0.0,1.0,0.028013612778342932,0.0,0.0,0.0,0.0,0.0,1.0,-0.007595916166497126,-0.22496149868535165,0.2802328425555495,-0.1305261922200515,0.0,0.0,0.9914448613738105,-0.0077365374327718105,-0.22496149868535165,0.2802328425555495,-0.1305261922200515,0.0,0.0,0.9914448613738105,-0.007736539317140488,-0.2249614989135651,0.28023284259512343,-0.1305261922219145,-2.8891499080038376e-12,1.2730643975300303e-10,0.9914448613735651,-0.008564706007236005,-0.2249588526773672,0.2802286091188974,-0.13048796891175843,3.0730296557559512e-06,-6.2730238539270495e-06,0.9914498927936246,-0.008564706007236005,-0.2249588526773672,0.2802286091188974,-0.13048796891175843,3.0730296557559512e-06,-6.2730238539270495e-06,0.9914498927936246,0.09040052954074079,-0.5220426755893657,0.7859985762683939,0.1723829985366243,0.5332932812535204,0.17228198706483525,0.08137537847162558,-0.5224719517614633,0.7860629464421315,0.15558623185688877,0.5314366368040688,0.15551205632753604,0.08137537847162558,-0.5224719517614633,0.7860629464421315,0.15558623185688877,0.5314366368040688,0.15551205632753604,0.08164660882697161,0.003373258095997025,-0.0003467540570223961,0.15300355976736638,0.015183939810667327,0.15280233581493902,0.003335158950630001,0.004410437995300012,-0.001986911171603224,-0.002547340505667378,0.014122050778649363,-0.0029035001775840064,0.0,True,False,1,True,True,0.004458399998839013,4,1.8985501807754113e-09,2.5470616870644275e-10,`gtol` termination condition is satisfied.,True,True,0.009999999999999787,0.01680496792067024,1.0,0.0008281817381895931,7.836153601869047e-05,0.0008281836215925773,7.83614911023451e-05
2.2299999999999964,1786132507.2969742,0.00846799999999348,0.006595200000447221,0.01,TELEOP,0,,0.0,2.2299999999999964,223,0.030749999999999913,0.0,0.0,0.0,0.0,0.0,1.0,0.028263610907381775,0.0,0.0,0.0,0.0,0.0,1.0,-0.007520916727785473,-0.22496149868535165,0.2802328425555495,-0.1305261922200515,0.0,0.0,0.9914448613738105,-0.007661538336989516,-0.22496149868535165,0.2802328425555495,-0.1305261922200515,0.0,0.0,0.9914448613738105,-0.007661540219773499,-0.2249614989146944,0.2802328425943968,-0.13052619222196984,-2.8894514559627314e-12,1.272026805456633e-10,0.9914448613735579,-0.008489891421401333,-0.22495886241893448,0.2802286256137182,-0.13048812199842771,3.0961127653809496e-06,-6.3376543045716165e-06,0.9914498726448916,-0.008489891421401333,-0.22495886241893448,0.2802286256137182,-0.13048812199842771,3.0961127653809496e-06,-6.3376543045716165e-06,0.9914498726448916,0.09121828969533356,-0.5220035732226251,0.7859926336824828,0.17390367519002303,0.5334619485700216,0.17380018096712777,0.08219215926937078,-0.5224377776001747,0.7860592795802224,0.1571159689556808,0.5315898875840412,0.15703974527139233,0.08219215926937078,-0.5224377776001747,0.7860592795802224,0.1571159689556808,0.5315898875840412,0.15703974527139233,0.08167807977452118,0.0034174161288571246,-0.00036668619091541723,0.15297370987920686,0.015325077997245586,0.1527688943856328,0.0031470947549573406,0.004415803286010058,-0.001993213389302157,-0.0029849888159516613,0.014113818657826124,-0.0033441429306215373,0.0,True,False,1,True,True,0.003452699995250441,4,1.8970985073991715e-09,2.545004141776186e-10,`gtol` termination condition is satisfied.,True,True,0.009999999999999787,0.016796766679735536,1.0,0.000828366131172812,7.808221737893533e-05,0.0008283680129951917,7.808217181570659e-05
2.239999999999996,1786132507.3039973,0.006808599995565601,0.006809899990912527,0.01,TELEOP,0,,0.0,2.239999999999996,224,0.030999999999999906,0.0,0.0,0.0,0.0,0.0,1.0,0.02851360920851874,0.0,0.0,0.0,0.0,0.0,1.0,-0.007445917237444383,-0.22496149868535165,0.2802328425555495,-0.1305261922200515,0.0,0.0,0.9914448613738105,-0.007586539158141458,-0.22496149868535165,0.2802328425555495,-0.1305261922200515,0.0,0.0,0.9914448613738105,-0.0075865410393271895,-0.2249614989158174,0.28023284259367376,-0.1305261922220249,-2.88975001457802e-12,1.2709802926664992e-10,0.9914448613735507,-0.008415042803340565,-0.22495887018788654,0.28022863898433803,-0.13048824678848409,3.1204378447545046e-06,-6.402155850930712e-06,0.9914498562203451,-0.008415042803340565,-0.22495887018788654,0.28022863898433803,-0.13048824678848409,3.1204378447545046e-06,-6.402155850930712e-06,0.9914498562203451,0.09203595888635005,-0.5219640224532929,0.7859864814186895,0.17542318478411165,0.5336320076769169,0.1753171683300199,0.08300923472019955,-0.5224031613193624,0.7860554127473506,0.15864536140615984,0.5317445488552165,0.15856705335227886,0.08300923472019955,-0.5224031613193624,0.7860554127473506,0.15864536140615984,0.5317445488552165,0.15856705335227886,0.08170754508288003,0.0034616280812314326,-0.0003866832871813735,0.1529392450479055,0.01546612711752764,0.15273080808865475,0.0029465308358841286,0.004421195237430917,-0.001999709626595669,-0.0034464831301377528,0.01410491202820569,-0.0038086296978036747,0.0,True,False,1,True,True,0.003675900006783195,4,1.8956338471977226e-09,2.5429291570331907e-10,`gtol` termination condition is satisfied.,True,True,0.009999999999999787,0.016787706234342226,1.0,0.0008285165982134922,7.785963777540852e-05,0.0008285184784409228,7.785959159448185e-05
2.249999999999996,1786132507.3110588,0.007022999998298474,0.006848299992270768,0.01,TELEOP,0,,0.0,2.249999999999996,225,0.031249999999999903,0.0,0.0,0.0,0.0,0.0,1.0,0.028763607665961904,0.0,0.0,0.0,0.0,0.0,1.0,-0.007370917700211435,-0.22496149868535165,0.2802328425555495,-0.1305261922200515,0.0,0.0,0.9914448613738105,-0.007511539903843328,-0.22496149868535165,0.2802328425555495,-0.1305261922200515,0.0,0.0,0.9914448613738105,-0.007511541783417366,-0.22496149891693426,0.2802328425929544,-0.13052619222207956,-2.8900325004111025e-12,1.2699244354165566e-10,0.9914448613735435,-0.008340161973409164,-0.22495887606357312,0.2802286493567817,-0.13048834442670937,3.1459989974154727e-06,-6.466592408246231e-06,0.9914498433693267,-0.008340161973409164,-0.22495887606357312,0.2802286493567817,-0.13048834442670937,3.1459989974154727e-06,-6.466592408246231e-06,0.9914498433693267,0.09285353587969618,-0.5219240233413676,0.7859801193587476,0.1769415180214814,0.5338034564743142,0.17683293956432924,0.08382658375262245,-0.5223681023815483,0.7860513452797973,0.16017436112892755,0.5319006196567042,0.16009393219178628,0.08382658375262245,-0.5223681023815483,0.7860513452797973,0.16017436112892755,0.5319006196567042,0.16009393219178628,0.08173490324229046,0.003505893781402989,-0.00040674675533501896,0.15289997227677554,0.01560708014877371,0.15268788395074628,0.0027358159410430932,0.004426570017155746,-0.002006346815364592,-0.003927277112993529,0.014095303124607238,-0.004292413790845986,0.0,True,False,1,True,True,0.003664000003482215,4,1.8941563291585083e-09,2.540835874075807e-10,`gtol` termination condition is satisfied.,True,True,0.009999999999999787,0.016777823377951806,1.0,0.0008286349508990062,7.7691484327204e-05,0.000828636829517292,7.769143755778136e-05
2.259999999999996,1786132507.3187845,0.007147500000428408,0.007426700001815334,0.01,TELEOP,0,,0.0,2.259999999999996,226,0.031499999999999896,0.0,0.0,0.0,0.0,0.0,1.0,0.02901360626536618,0.0,0.0,0.0,0.0,0.0,1.0,-0.007295918120390151,-0.22496149868535165,0.2802328425555495,-0.1305261922200515,0.0,0.0,0.9914448613738105,-0.0074365405810134936,-0.22496149868535165,0.2802328425555495,-0.1305261922200515,0.0,0.0,0.9914448613738105,-0.007436542458962494,-0.2249614989180451,0.2802328425922387,-0.13052619222213355,-2.8902818924212327e-12,1.268859602107471e-10,0.9914448613735364,-0.008265250823292922,-0.2249588801323216,0.2802286568682798,-0.13048841615927495,3.172782096694465e-06,-6.531022106934848e-06,0.9914498339278307,-0.008265250823292922,-0.2249588801323216,0.2802286568682798,-0.13048841615927495,3.172782096694465e-06,-6.531022106934848e-06,0.9914498339278307,0.09367101944924848,-0.5218835759477657,0.7859735473848156,0.1784586656620614,0.5339762928478141,0.178347485138629,0.08464418450245888,-0.5223326002549842,0.7860470765047137,0.16170291854516694,0.5320580989552285,0.1616203319123545,0.08464418450245888,-0.5223326002549842,0.7860470765047137,0.16170291854516694,0.5320580989552285,0.1616203319123545,0.08176007498364544,0.003550212656412882,-0.0004268775083499023,0.15285574162394275,0.015747929852424444,0.15263997205682486,0.002517174135498526,0.004431887500989401,-0.0020130753014883786,-0.004423065283279173,0.014084970365073668,-0.0047911893921411455,0.0,True,False,1,True,True,0.004273499987903051,4,1.8926660525094003e-09,2.538724947881968e-10,`gtol` termination condition is satisfied.,True,True,0.009999999999999787,0.01676715689255384,1.0,0.0008287230728264651,7.757524587742107e-05,0.0008287249498215432,7.7575198548499e-05
2.2699999999999956,1786132507.3257217,0.007636800000909716,0.006727100000716746,0.01,TELEOP,0,,0.0,2.2699999999999956,227,0.03174999999999989,0.0,0.0,0.0,0.0,0.0,1.0,0.029263604993700898,0.0,0.0,0.0,0.0,0.0,1.0,-0.007220918501889736,-0.22496149868535165,0.2802328425555495,-0.1305261922200515,0.0,0.0,0.9914448613738105,-0.007361541195936798,-0.22496149868535165,0.2802328425555495,-0.1305261922200515,0.0,0.0,0.9914448613738105,-0.007361543072247546,-0.22496149891914963,0.2802328425915268,-0.1305261922221875,-2.8905784543342058e-12,1.2677858527124742e-10,0.9914448613735293,-0.008190311296952406,-0.22495888248641632,0.2802286616656382,-0.13048846331895733,3.2007652932663594e-06,-6.59549726731654e-06,0.9914498277204509,-0.008190311296952406,-0.22495888248641632,0.2802286616656382,-0.13048846331895733,3.2007652932663594e-06,-6.59549726731654e-06,0.9914498277204509,0.09448840837617095,-0.5218426803343393,0.7859667653794761,0.17997461852203067,0.5341505146685145,0.17986079557816298,0.08546201452226528,-0.5222966544172959,0.7860426057447397,0.1632309829821146,0.5322169856435514,0.16314620154277681,0.08546201452226528,-0.5222966544172959,0.7860426057447397,0.1632309829821146,0.5322169856435514,0.16314620154277681,0.08178300198064171,0.0035945837688262823,-0.00044707599740244694,0.15280644369476956,0.015888668832282127,0.15258696304223424,0.0022926996996265143,0.004437111241340115,-0.002019848905254506,-0.004929792917319348,0.014073897985768536,-0.005300901459062933,0.0,True,False,1,True,True,0.003650400001788512,4,1.891163104652235e-09,2.536596686214136e-10,`gtol` termination condition is satisfied.,True,True,0.009999999999999787,0.016755747116894454,1.0,0.0008287829004884079,7.750824251410864e-05,0.0008287847758463834,7.750819465266095e-05
2.2799999999999954,1786132507.3327377,0.006943100001080893,0.0067999000020790845,0.01,TELEOP,0,,0.0,2.2799999999999954,228,0.03199999999999988,0.0,0.0,0.0,0.0,0.0,1.0,0.029513603839129477,0.0,0.0,0.0,0.0,0.0,1.0,-0.007145918848261162,-0.22496149868535165,0.2802328425555495,-0.1305261922200515,0.0,0.0,0.9914448613738105,-0.007286541754322516,-0.22496149868535165,0.2802328425555495,-0.1305261922200515,0.0,0.0,0.9914448613738105,-0.007286543628981925,-0.22496149892024786,0.28023284259081843,-0.13052619222224077,-2.8908434132835583e-12,1.2667033063732354e-10,0.9914448613735223,-0.008115345372789327,-0.2249588832231041,0.28022866390364976,-0.13048848731073054,3.229919551385484e-06,-6.660064416669723e-06,0.9914498245622764,-0.008115345372789327,-0.2249588832231041,0.28022866390364976,-0.13048848731073054,3.229919551385484e-06,-6.660064416669723e-06,0.9914498245622764,0.09530570144829419,-0.5218013365638847,0.785959773225735,0.18148936747284508,0.5343261197930239,0.18137286146387566,0.08628005097740746,-0.5222602643587663,0.7860379323222705,0.1647585030527245,0.5323772785394408,0.16467148939789378,0.08628005097740746,-0.5222602643587663,0.7860379323222705,0.1647585030527245,0.5323772785394408,0.16467148939789378,0.08180364551421943,0.003639005852959626,-0.0004673422469277709,0.15275200706099049,0.01602928958894789,0.15252878551170002,0.0020643533577711696,0.004442208413334466,-0.002026624952532438,-0.005443663377907813,0.014062075666576579,-0.005817753053421101,0.0,True,False,1,True,True,0.003385500007425435,4,1.889647594618517e-09,2.534451096042937e-10,`gtol` termination condition is satisfied.,True,True,0.009999999999999787,0.016743635539916063,1.0,0.0008288164053855302,7.748765421895571e-05,0.0008288182790926772,7.748760585225984e-05
2.289999999999995,1786132507.3396077,0.007008900007349439,0.006661100007477216,0.01,TELEOP,0,,0.0,2.289999999999995,229,0.03224999999999988,0.0,0.0,0.0,0.0,0.0,1.0,0.029763602790900134,0.0,0.0,0.0,0.0,0.0,1.0,-0.007070919162729965,-0.22496149868535165,0.2802328425555495,-0.1305261922200515,0.0,0.0,0.9914448613738105,-0.0072115422613570155,-0.22496149868535165,0.2802328425555495,-0.1305261922200515,0.0,0.0,0.9914448613738105,-0.007211544134352106,-0.22496149892133993,0.280232842590114,-0.13052619222229372,-2.891115393347563e-12,1.2656120715978354e-10,0.9914448613735153,-0.00804035504705787,-0.22495888244363108,0.2802286637435547,-0.13048848959780873,3.260209208899722e-06,-6.724764345703677e-06,0.9914498242607294,-0.00804035504705787,-0.22495888244363108,0.2802286637435547,-0.13048848959780873,3.260209208899722e-06,-6.724764345703677e-06,0.9914498242607294,0.09612289745955462,-0.5217595447001556,0.7859525708070173,0.1830029034403767,0.5345031060634795,0.18288367343155418,0.08709827082852492,-0.5222234295852627,0.7860330555633733,0.16628542700903112,0.5325389763851454,0.16619614343198474,0.08709827082852492,-0.5222234295852627,0.7860330555633733,0.16628542700903112,0.5325389763851454,0.16619614343198474,0.08182198511174778,0.0036834773503592734,-0.00048767588972071976,0.15269239563066642,0.016169784570451304,0.15246540340910028,0.0018339597528352347,0.004447149739964841,-0.0020333642792949285,-0.005961143032405988,0.014049498150341932,-0.006338210259972342,0.0,True,False,1,True,True,0.0033587000070838258,4,1.8881196428711335e-09,2.5322884805632575e-10,`gtol` termination condition is satisfied.,True,True,0.009999999999999787,0.01673086442012059,1.0,0.0008288255773890724,7.751054853091669e-05,0.00082882744943181,7.751049968433764e-05
2.299999999999995,1786132507.3465192,0.006884499991429038,0.006688099994789809,0.01,TELEOP,0,,0.0,2.299999999999995,230,0.032499999999999876,0.0,0.0,0.0,0.0,0.0,1.0,0.030013601839246562,0.0,0.0,0.0,0.0,0.0,1.0,-0.006995919448226038,-0.22496149868535165,0.2802328425555495,-0.1305261922200515,0.0,0.0,0.9914448613738105,-0.007136542721751609,-0.22496149868535165,0.2802328425555495,-0.1305261922200515,0.0,0.0,0.9914448613738105,-0.007136544593069491,-0.22496149892242556,0.2802328425894132,-0.13052619222234615,-2.891377535057761e-12,1.2645119256240416e-10,0.9914448613735084,-0.007965342318532246,-0.2249588802523153,0.28022866135155844,-0.13048847168820754,3.291592555120058e-06,-6.789632201368133e-06,0.9914498266173343,-0.007965342318532246,-0.2249588802523153,0.28022866135155844,-0.13048847168820754,3.291592555120058e-06,-6.789632201368133e-06,0.9914498266173343,0.09693999520948507,-0.5217173048078794,0.7859451580071777,0.1845152174041462,0.5346814713075765,0.1843932221710638,0.08791665100025037,-0.5221861496208192,0.7860279748013551,0.16781170306894494,0.5327020778473358,0.16772011156558952,0.08791665100025037,-0.5221861496208192,0.7860279748013551,0.16781170306894494,0.5327020778473358,0.16772011156558952,0.08183801717254667,0.003727996444345528,-0.0005080762018243041,0.15262760599138525,0.016310146219046417,0.15239681336048017,0.0016032060798899794,0.0044519093986255765,-0.002040031210358485,-0.006478963928117689,0.014036164859511802,-0.006859004862012445,0.0,True,False,1,True,True,0.003391999998711981,4,1.8865792880326728e-09,2.5301084283024816e-10,`gtol` termination condition is satisfied.,True,True,0.009999999999999787,0.01671747643134558,1.0,0.000828812409363772,7.757390708958155e-05,0.0008288142797286536,7.757385778747642e-05
2.3099999999999947,1786132507.3531253,0.006928999995579943,0.006364999993820675,0.01,TELEOP,0,,0.0,2.3099999999999947,231,0.03274999999999987,0.0,0.0,0.0,0.0,0.0,1.0,0.030263600975297723,0.0,0.0,0.0,0.0,0.0,1.0,-0.006920919707410688,-0.22496149868535165,0.2802328425555495,-0.1305261922200515,0.0,0.0,0.9914448613738105,-0.0070615431397860196,-0.22496149868535165,0.2802328425555495,-0.1305261922200515,0.0,0.0,0.9914448613738105,-0.007061545009413941,-0.2249614989235051,0.2802328425887163,-0.13052619222239825,-2.891627564342708e-12,1.2634029303663736e-10,0.9914448613735015,-0.00789030917443289,-0.22495887675565962,0.28022865689741266,-0.1304884351218814,3.3240224219246023e-06,-6.854697612542642e-06,0.9914498314294106,-0.00789030917443289,-0.22495887675565962,0.28022865689741266,-0.1304884351218814,3.3240224219246023e-06,-6.854697612542642e-06,0.9914498314294106,0.0977569935027531,-0.52167461695276,0.7859375347104907,0.18602630039664492,0.5348612133385959,0.18590149842567266,0.08873516853615496,-0.5221484240098845,0.7860226893799852,0.1693372797164194,0.5328665815174775,0.1692433419857,0.08873516853615496,-0.5221484240098845,0.7860226893799852,0.1693372797164194,0.5328665815174775,0.1692433419857,0.08185175359046135,0.003772561093468994,-0.0005285421369948145,0.15255766474745036,0.016450367014167633,0.15232304201105346,0.0013736417914677705,0.004456464912346698,-0.00204659351705108,-0.0069941243934897035,0.014022079512121706,-0.007377134942672392,0.0,True,False,1,True,True,0.0033309999998891726,4,1.8850267006857297e-09,2.527910905438035e-10,`gtol` termination condition is satisfied.,True,True,0.009999999999999787,0.01670351433520126,1.0,0.0008287788830535289,7.767465097642633e-05,0.0008287807517272862,7.767460124140953e-05
2.3199999999999945,1786132507.3602161,0.006564800001797266,0.0068909999972674996,0.01,TELEOP,0,,0.0,2.3199999999999945,232,0.03299999999999986,0.0,0.0,0.0,0.0,0.0,1.0,0.03051360019099586,0.0,0.0,0.0,0.0,0.0,1.0,-0.006845919942701248,-0.22496149868535165,0.2802328425555495,-0.1305261922200515,0.0,0.0,0.9914448613738105,-0.0069865435193478785,-0.22496149868535165,0.2802328425555495,-0.1305261922200515,0.0,0.0,0.9914448613738105,-0.006986545387273186,-0.22496149892457806,0.2802328425880233,-0.13052619222245013,-2.891892704884118e-12,1.2622857322616181e-10,0.9914448613734947,-0.007815257577604245,-0.22495887206150728,0.28022865055306556,-0.1304883814584881,3.35744678250953e-06,-6.9199848458695604e-06,0.9914498384916837,-0.007815257577604245,-0.22495887206150728,0.28022865055306556,-0.1304883814584881,3.35744678250953e-06,-6.9199848458695604e-06,0.9914498384916837,0.09857389114874439,-0.5216314812014965,0.7859297008016587,0.1875361435027397,0.5350423299554403,0.18740849299145942,0.08955380073998827,-0.5221102523192472,0.78601719865638,0.17086210597512044,0.5330324859125932,0.17076578341945242,0.08955380073998827,-0.5221102523192472,0.78601719865638,0.17086210597512044,0.5330324859125932,0.17076578341945242,0.08186322038333223,0.0038171690637271243,-0.0005490723605275474,0.1524826258701075,0.016590439511572318,0.15224414337524303,0.0011466792870882861,0.004460797025813101,-0.0020530223532733427,-0.00750388773428784,0.014007249740468724,-0.007889863581041906,0.0,True,False,1,True,True,0.0038490000006277114,4,1.883461913725705e-09,2.525697448257255e-10,`gtol` termination condition is satisfied.,True,True,0.009999999999999787,0.016689020680225514,1.0,0.0008287269562226031,7.780966476340905e-05,0.0008287288231921109,7.780961461628571e-05
2.3299999999999943,1786132507.36767,0.00710350000008475,0.00724140000238549,0.01,TELEOP,0,,0.0,2.3299999999999943,233,0.033249999999999856,0.0,0.0,0.0,0.0,0.0,1.0,0.030763599479022047,0.0,0.0,0.0,0.0,0.0,1.0,-0.006770920156293391,-0.22496149868535165,0.2802328425555495,-0.1305261922200515,0.0,0.0,0.9914448613738105,-0.006911543863968611,-0.22496149868535165,0.2802328425555495,-0.1305261922200515,0.0,0.0,0.9914448613738105,-0.006911545730178787,-0.2249614989256445,0.2802328425873338,-0.13052619222250134,-2.892093629052353e-12,1.2611597411143885e-10,0.991444861373488,-0.007740189454929089,-0.22495886627824396,0.2802286424913851,-0.130488312265824,3.391809353627557e-06,-6.98551298807758e-06,0.9914498475978072,-0.007740189454929089,-0.22495886627824396,0.2802286424913851,-0.130488312265824,3.391809353627557e-06,-6.98551298807758e-06,0.9914498475978072,0.09939068696118408,-0.5215878976217859,0.7859216561658121,0.18904473785914455,0.535224818942678,0.18891419671678777,0.09037252530337155,-0.522071634139653,0.7860115020035573,0.1723861316559021,0.5331997894763805,0.1722873853816236,0.09037252530337155,-0.522071634139653,0.7860115020035573,0.1723861316559021,0.5331997894763805,0.1722873853816236,0.08187245633832942,0.003861817959431331,-0.0005696652822668265,0.15240256807817085,0.01673035637872241,0.15216019621712232,0.0009235954997186454,0.004464889570420745,-0.002059292173927947,-0.00800577919366589,0.013991686715009456,-0.00839471581207003,0.0,True,False,1,True,True,0.003836200005025603,4,1.8818850421863916e-09,2.5234665393851195e-10,`gtol` termination condition is satisfied.,True,True,0.009999999999999787,0.016674037527619257,1.0,0.0008286585510367749,7.797581920142378e-05,0.0008286604162890881,7.79757686621089e-05
2.339999999999994,1786132507.3747358,0.007452300007571466,0.006855200001155026,0.01,TELEOP,0,,0.0,2.339999999999994,234,0.033499999999999856,0.0,0.0,0.0,0.0,0.0,1.0,0.031013598832728514,0.0,0.0,0.0,0.0,0.0,1.0,-0.006695920350181451,-0.22496149868535165,0.2802328425555495,-0.1305261922200515,0.0,0.0,0.9914448613738105,-0.00683654417685604,-0.22496149868535165,0.2802328425555495,-0.1305261922200515,0.0,0.0,0.9914448613738105,-0.006836546041338647,-0.22496149892670456,0.28023284258664827,-0.13052619222255213,-2.8923577736937287e-12,1.2600259203993352e-10,0.9914448613734812,-0.0076651066869570725,-0.22495885951404945,0.28022863288496086,-0.13048822910896454,3.427050195964559e-06,-7.051296152111181e-06,0.9914498585417928,-0.0076651066869570725,-0.22495885951404945,0.28022863288496086,-0.13048822910896454,3.427050195964559e-06,-7.051296152111181e-06,0.9914498585417928,0.10020737975779487,-0.521543866282335,0.7859134006885082,0.19055207465396176,0.5354086780705852,0.19041860050184967,0.09119132042018416,-0.5220325690871268,0.7860055988126708,0.1739093075785496,0.5333684905806452,0.17380809839639322,0.09119132042018416,-0.5220325690871268,0.7860055988126708,0.1739093075785496,0.5333684905806452,0.17380809839639322,0.0818795116812626,0.003906505252616223,-0.0005903190886397707,0.15231759226475358,0.016870110426471067,0.15207130147696354,0.0007055342933189972,0.004468729318489378,-0.002065380637294467,-0.008497581341725588,0.013975404774866097,-0.008889474015876439,0.0,True,False,1,True,True,0.0037336000095820054,4,1.8802961872543878e-09,2.521220426302465e-10,`gtol` termination condition is satisfied.,True,True,0.009999999999999787,0.016658606203242443,1.0,0.0008285755436621839,7.816999250008204e-05,0.0008285774071844768,7.81699415864873e-05
2.349999999999994,1786132507.3822904,0.007069599989335984,0.007340099997236393,0.01,TELEOP,0,,0.0,2.349999999999994,235,0.03374999999999985,0.0,0.0,0.0,0.0,0.0,1.0,0.0312635982460772,0.0,0.0,0.0,0.0,0.0,1.0,-0.0066209205261768475,-0.22496149868535165,0.2802328425555495,-0.1305261922200515,0.0,0.0,0.9914448613738105,-0.006761544460924003,-0.22496149868535165,0.2802328425555495,-0.1305261922200515,0.0,0.0,0.9914448613738105,-0.00676154632366675,-0.22496149892775824,0.2802328425859667,-0.1305261922226026,-2.8925412574241888e-12,1.2588828881109478e-10,0.9914448613734747,-0.007590011098718364,-0.22495885187619885,0.2802286219049862,-0.1304881335401391,3.4631063089707713e-06,-7.117343703569038e-06,0.9914498711193427,-0.007590011098718364,-0.22495885187619885,0.2802286219049862,-0.1304881335401391,3.4631063089707713e-06,-7.117343703569038e-06,0.9914498711193427,0.10102396835998723,-0.5214993872528664,0.7859049342557352,0.19205814512627933,0.535593905095197,0.1919216952982663,0.09201016488795545,-0.5219930568040176,0.7859994884949352,0.17543158576839127,0.5335385875270167,0.1753278741939728,0.09201016488795545,-0.5219930568040176,0.7859994884949352,0.17543158576839127,0.5335385875270167,0.1753278741939728,0.08188444677713173,0.003951228310912392,-0.0006110317735695757,0.15222781898416976,0.017009694637148354,0.15197757975796178,0.0004935095869136596,0.004472305829617047,-0.002071268492980544,-0.008977328058382372,0.01395842106772909,-0.009372171900176354,0.0,True,False,1,True,True,0.004242399998474866,4,1.8786954794230736e-09,2.518956020293087e-10,`gtol` termination condition is satisfied.,True,True,0.009999999999999787,0.01664276707541215,1.0,0.0008284797550521188,7.838909014522035e-05,0.0008284816168317563,7.838903887331346e-05
2.3599999999999937,1786132507.389477,0.007579800003441051,0.006947200003196485,0.01,TELEOP,0,,0.0,2.3599999999999937,236,0.03399999999999984,0.0,0.0,0.0,0.0,0.0,1.0,0.031513597713583884,0.0,0.0,0.0,0.0,0.0,1.0,-0.0065459206859248414,-0.22496149868535165,0.2802328425555495,-0.1305261922200515,0.0,0.0,0.9914448613738105,-0.006686544718819266,-0.22496149868535165,0.2802328425555495,-0.1305261922200515,0.0,0.0,0.9914448613738105,-0.006686546579809927,-0.2249614989288054,0.2802328425852889,-0.13052619222265238,-2.892789925250882e-12,1.257732235269732e-10,0.991444861373468,-0.007514904451687711,-0.2249588434704164,0.28022860972022384,-0.13048802708936055,3.499912215872842e-06,-7.183660504870951e-06,0.991449885129083,-0.007514904451687711,-0.2249588434704164,0.28022860972022384,-0.13048802708936055,3.499912215872842e-06,-7.183660504870951e-06,0.991449885129083,0.10184045159258054,-0.5214544606041284,0.785896256753913,0.19356294056582402,0.5357804977583588,0.19342347210874294,0.09282903819663904,-0.5219530969597795,0.7859931704832537,0.17695291962850607,0.5337100785489082,0.17684666588282888,0.09282903819663904,-0.5219530969597795,0.7859931704832537,0.17695291962850607,0.5337100785489082,0.17684666588282888,0.0818873308683604,0.0039959844238150214,-0.0006318011681486558,0.1521333860114839,0.017149102189151354,0.1518791688856109,0.0002884091228667433,0.004475611290262992,-0.002076939457908049,-0.009443297268584932,0.01394075520030023,-0.009841087235088383,0.0,True,False,1,True,True,0.003323700002511032,4,1.877082951358445e-09,2.5166767009069103e-10,`gtol` termination condition is satisfied.,True,True,0.009999999999999787,0.016626559357888065,1.0,0.0008283729428873237,7.863006323080557e-05,0.0008283748029117782,7.863001161543421e-05
2.3699999999999934,1786132507.3966658,0.007201000000350177,0.00693469999532681,0.01,TELEOP,0,,0.0,2.3699999999999934,237,0.034249999999999836,0.0,0.0,0.0,0.0,0.0,1.0,0.03176359723026749,0.0,0.0,0.0,0.0,0.0,1.0,-0.006470920830919758,-0.22496149868535165,0.2802328425555495,-0.1305261922200515,0.0,0.0,0.9914448613738105,-0.006611544952945974,-0.22496149868535165,0.2802328425555495,-0.1305261922200515,0.0,0.0,0.9914448613738105,-0.0066115468121724745,-0.22496149892984604,0.280232842584615,-0.13052619222270184,-2.8929633325864245e-12,1.256573132361839e-10,0.9914448613734616,-0.007439788436858885,-0.22495883440028294,0.2802285964960558,-0.130487911255825,3.537400534916522e-06,-7.2502471740503306e-06,0.9914499003736965,-0.007439788436858885,-0.22495883440028294,0.2802285964960558,-0.130487911255825,3.537400534916522e-06,-7.2502471740503306e-06,0.9914499003736965,0.10265682828354908,-0.5214090864078991,0.7858873680698958,0.19506645231265832,0.5359684537877865,0.194923921986769,0.09364792060520254,-0.5219126892515065,0.785986644233564,0.17847326408836237,0.5338829618136898,0.17836442809833541,0.09364792060520254,-0.5219126892515065,0.785986644233564,0.17847326408836237,0.5338829618136898,0.17836442809833541,0.08188824085635123,0.004040770827302984,-0.0006526249689681366,0.15203444598563265,0.017288326478165326,0.1517762215506573,9.099879908260519e-05,0.004478640348796309,-0.0020823800819481223,-0.009894002585126202,0.013922428901397423,-0.010294733495360097,0.0,True,False,1,True,True,0.003799099999014288,4,1.8754587422921826e-09,2.51438072078785e-10,`gtol` termination condition is satisfied.,True,True,0.009999999999999787,0.01661002093731795,1.0,0.0008282567946289546,7.888992528323658e-05,0.0008282586528858889,7.888987333725651e-05
2.3799999999999932,1786132507.403331,0.007158200009143911,0.006441600009566173,0.01,TELEOP,0,,0.0,2.3799999999999932,238,0.03449999999999983,0.0,0.0,0.0,0.0,0.0,1.0,0.03201359679160397,0.0,0.0,0.0,0.0,0.0,1.0,-0.006395920962518816,-0.22496149868535165,0.2802328425555495,-0.1305261922200515,0.0,0.0,0.9914448613738105,-0.0065365451654878625,-0.22496149868535165,0.2802328425555495,-0.1305261922200515,0.0,0.0,0.9914448613738105,-0.006536547022938214,-0.22496149893087994,0.28023284258394504,-0.13052619222275091,-2.893189248121147e-12,1.255406000742782e-10,0.9914448613734551,-0.007364664668885176,-0.22495882476669607,0.2802285823936197,-0.1304877875000891,3.5755025337010706e-06,-7.3171003552394566e-06,0.9914499166609514,-0.007364664668885176,-0.22495882476669607,0.2802285823936197,-0.1304877875000891,3.5755025337010706e-06,-7.3171003552394566e-06,0.9914499166609514,0.10347309726379472,-0.5213632647369973,0.7858782680909752,0.19656867175692552,0.536157770897122,0.1964230360363653,0.09446679320651485,-0.5218718334042388,0.7859799092259139,0.1799925757298179,0.5340572354250412,0.17988111712878607,0.09446679320651485,-0.5218718334042388,0.7859799092259139,0.1799925757298179,0.5340572354250412,0.17988111712878607,0.0818872601312332,0.00408558472677018,-0.0006735007650186045,0.15193116414555435,0.017427361135146164,0.15166890304506772,-9.807251180280843e-05,0.004481389946719759,-0.0020875796050468308,-0.01032818400783046,0.013903465698084094,-0.010731850558957923,0.0,True,False,1,True,True,0.0034100000048056245,4,1.8738228994806767e-09,2.512068971318816e-10,`gtol` termination condition is satisfied.,True,True,0.009999999999999787,0.01659318822429595,1.0,0.0008281329216402575,7.916576756336274e-05,0.0008281347781174621,7.916571529769317e-05
2.389999999999993,1786132507.4139452,0.006655699995462783,0.010400299986940809,0.01,TELEOP,0,,0.0,2.389999999999993,239,0.03474999999999983,0.0,0.0,0.0,0.0,0.0,1.0,0.03226359639348444,0.0,0.0,0.0,0.0,0.0,1.0,-0.006320921081954674,-0.22496149868535165,0.2802328425555495,-0.1305261922200515,0.0,0.0,0.9914448613738105,-0.00646154535842844,-0.22496149868535165,0.2802328425555495,-0.1305261922200515,0.0,0.0,0.9914448613738105,-0.006461547214090754,-0.22496149893190742,0.2802328425832789,-0.1305261922227995,-2.893409396752558e-12,1.2542308631253688e-10,0.9914448613734487,-0.0072895346812379,-0.2249588146673853,0.2802285675690305,-0.1304876572370264,3.614148663588431e-06,-7.384212998495046e-06,0.9914499338046292,-0.0072895346812379,-0.2249588146673853,0.2802285675690305,-0.1304876572370264,3.614148663588431e-06,-7.384212998495046e-06,0.9914499338046292,0.10428925736694013,-0.5213169956652792,0.7858689567048767,0.19806959033862878,0.5363484467860007,0.19792080541186594,0.09528563798105409,-0.5218305291710562,0.7859729649652829,0.18151081289149107,0.5342328974254534,0.1813966910197761,0.09528563798105409,-0.5218305291710562,0.7859729649652829,0.18151081289149107,0.5342328974254534,0.1813966910197761,0.08188447745392576,0.004130423318261269,-0.0006944260630984501,0.1518237161673213,0.01756620004121693,0.15155738909900643,-0.0002782677307436773,0.00448385914910895,-0.002092529807984607,-0.01074479782330745,0.013883890607076725,-0.011151394606129239,0.0,True,False,1,True,True,0.005759000006946735,4,1.8721755513678816e-09,2.509741398926158e-10,`gtol` termination condition is satisfied.,True,True,0.009999999999999787,0.016576096027107634,1.0,0.0008280028543281692,7.94547728515437e-05,0.0008280047090135717,7.94547202759211e-05
2.399999999999993,1786132507.424487,0.010756200004834682,0.010186200001044199,0.01,TELEOP,0,,0.0,2.399999999999993,240,0.03499999999999982,0.0,0.0,0.0,0.0,0.0,1.0,0.032513596032177135,0.0,0.0,0.0,0.0,0.0,1.0,-0.006245921190346865,-0.22496149868535165,0.2802328425555495,-0.1305261922200515,0.0,0.0,0.9914448613738105,-0.006386545533569322,-0.22496149868535165,0.2802328425555495,-0.1305261922200515,0.0,0.0,0.9914448613738105,-0.006386547389383004,-0.22496149893000908,0.28023284258506753,-0.13052619222249343,-2.930632369486278e-12,1.2525642015747442e-10,0.991444861373489,-0.007214399922345297,-0.224958804196459,0.2802285521727043,-0.13048752182955817,3.6532690711927656e-06,-7.451574648241268e-06,0.9914499516253498,-0.007214399922345297,-0.224958804196459,0.2802285521727043,-0.13048752182955817,3.6532690711927656e-06,-7.451574648241268e-06,0.9914499516253498,0.10510530741136463,-0.5212702792875077,0.7858594337890819,0.19956919952517896,0.5365404791060984,0.1994172212970304,0.09610443783987,-0.5217887763331142,0.785965810982092,0.18302793575242543,0.5344099457986136,0.1829111096578868,0.09610443783987,-0.5217887763331142,0.785965810982092,0.18302793575242543,0.5344099457986136,0.1829111096578868,0.08187998588159204,0.004175283794203749,-0.0007153983190909773,0.1517122860934389,0.01770483731600783,0.1514418638110714,-0.0004491572333715129,0.00448604759424809,-0.002097225599252763,-0.011143007388240516,0.013863727479090348,-0.011552528793504213,0.0,True,False,1,True,True,0.004558399989036843,3,1.8721038964254202e-09,2.5062981505656597e-10,`gtol` termination condition is satisfied.,True,True,0.009999999999999787,0.016558777447137712,1.0,0.0008278680363193378,7.975422701708e-05,0.000827869891148962,7.975417484986356e-05
2.4099999999999926,1786132507.4308245,0.010502299992367625,0.006020599990733899,0.01,TELEOP,0,,0.0,2.4099999999999926,241,0.035249999999999816,0.0,0.0,0.0,0.0,0.0,1.0,0.03276359570429288,0.0,0.0,0.0,0.0,0.0,1.0,-0.006170921288712142,-0.22496149868535165,0.2802328425555495,-0.1305261922200515,0.0,0.0,0.9914448613738105,-0.0063115456925468905,-0.22496149868535165,0.2802328425555495,-0.1305261922200515,0.0,0.0,0.9914448613738105,-0.006311547546554178,-0.22496149893102985,0.28023284258440295,-0.13052619222254258,-2.9308638279135802e-12,1.2513968973776827e-10,0.9914448613734825,-0.007139261752602929,-0.2249587934440689,0.2802285363487162,-0.13048738258316137,3.692794083075808e-06,-7.519171729025169e-06,0.9914499699512936,-0.007139261752602929,-0.2249587934440689,0.2802285363487162,-0.13048738258316137,3.692794083075808e-06,-7.519171729025169e-06,0.9914499699512936,0.10592124627111453,-0.5212231156399136,0.7858496992536156,0.20106749090031573,0.5367338655973073,0.20091227498772934,0.09692317665789044,-0.5217465746990756,0.7859584468327192,0.18454390639680893,0.5345883784726123,0.18442433483538992,0.09692317665789044,-0.5217465746990756,0.7859584468327192,0.18454390639680893,0.5345883784726123,0.18442433483538992,0.08187388180204586,0.004220163403853797,-0.0007364149372753153,0.1515970644383539,0.017843267399877818,0.15132251775031721,-0.0006104079546185442,0.004487960965004896,-0.002101661818433845,-0.011522165508498033,0.013843008386999357,-0.01193460607541742,0.0,True,False,1,True,True,0.0027585000061662868,3,1.870436666028012e-09,2.5039844265182246e-10,`gtol` termination condition is satisfied.,True,True,0.009999999999999787,0.01654126377275353,1.0,0.0008277298292440597,8.006153262466077e-05,0.0008277316822632682,8.006148015839613e-05
2.4199999999999924,1786132507.4368267,0.006235499997274019,0.005787500005681068,0.01,TELEOP,0,,0.0,2.4199999999999924,242,0.03549999999999981,0.0,0.0,0.0,0.0,0.0,1.0,0.03301359540675365,0.0,0.0,0.0,0.0,0.0,1.0,-0.00609592137797391,-0.22496149868535165,0.2802328425555495,-0.1305261922200515,0.0,0.0,0.9914448613738105,-0.006236545836847425,-0.22496149868535165,0.2802328425555495,-0.1305261922200515,0.0,0.0,0.9914448613738105,-0.006236547689036604,-0.22496149893204384,0.2802328425837422,-0.13052619222259135,-2.9311349999129525e-12,1.2502214055945703e-10,0.9914448613734761,-0.007064121442284743,-0.22495878249606074,0.2802285202342927,-0.13048724074111967,3.732654664941857e-06,-7.586987840635643e-06,0.9914499886188279,-0.007064121442284743,-0.22495878249606074,0.2802285202342927,-0.13048724074111967,3.732654664941857e-06,-7.586987840635643e-06,0.9914499886188279,0.1067370727691917,-0.5211755048193953,0.7858397529768046,0.20256445603038412,0.5369286038835835,0.20240595776756506,0.09774183929740432,-0.5217039241048202,0.7859508720995726,0.1860586888599492,0.5347681933224652,0.18593633029624124,0.09774183929740432,-0.5217039241048202,0.7859508720995726,0.1860586888599492,0.5347681933224652,0.18593633029624124,0.08186626395139013,0.0042650594255328215,-0.0007574733146652639,0.15147824631402942,0.017981484985284686,0.15119954608513464,-0.000761785065572206,0.004489602167902576,-0.0021058377389949067,-0.011881812432449948,0.013821758540686978,-0.012297166518258212,0.0,True,False,1,True,True,0.0027062000008299947,3,1.8687580429740857e-09,2.5016546527549016e-10,`gtol` termination condition is satisfied.,True,True,0.009999999999999787,0.0165235845035068,1.0,0.0008275894989633603,8.037421398126385e-05,0.0008275913501603642,8.037416122122828e-05
2.429999999999992,1786132507.444659,0.005993500002659857,0.007626699996762909,0.01,TELEOP,0,,0.0,2.429999999999992,243,0.0357499999999998,0.0,0.0,0.0,0.0,0.0,1.0,0.0332635951367641,0.0,0.0,0.0,0.0,0.0,1.0,-0.006020921458970777,-0.22496149868535165,0.2802328425555495,-0.1305261922200515,0.0,0.0,0.9914448613738105,-0.006161545967820852,-0.22496149868535165,0.2802328425555495,-0.1305261922200515,0.0,0.0,0.9914448613738105,-0.006161547818180329,-0.2249614989330513,0.2802328425830854,-0.1305261922226395,-2.9313930670900566e-12,1.249038071675669e-10,0.9914448613734698,-0.006988980170240456,-0.2249587714336979,0.2802285039593692,-0.13048709748051585,3.7727828501171535e-06,-7.655004050224454e-06,0.9914500074730331,-0.006988980170240456,-0.2249587714336979,0.2802285039593692,-0.13048709748051585,3.7727828501171535e-06,-7.655004050224454e-06,0.9914500074730331,0.10755278574841917,-0.5211274469040355,0.7858295948481478,0.204060086553292,0.5371246916092103,0.20389826099061398,0.09856041162286854,-0.5216608244128585,0.7859430863910533,0.18757224915736487,0.5349493881729327,0.18744706176517698,0.09856041162286854,-0.5216608244128585,0.7859430863910533,0.18757224915736487,0.5349493881729327,0.18744706176517698,0.08185723254642349,0.004309969196172306,-0.0007785708519325644,0.15135602974157059,0.018119485046750622,0.1510731468935767,-0.0009031404966640862,0.004490977063948526,-0.0021097537267300995,-0.012221657245883866,0.013800006146593748,-0.01263991915579262,0.0,True,False,1,True,True,0.0038840999914100394,3,1.8670681681946805e-09,2.499309376086452e-10,`gtol` termination condition is satisfied.,True,True,0.009999999999999787,0.01650576717043492,1.0,0.0008274482220321871,8.068992785985863e-05,0.0008274500713953465,8.068987481044508e-05
2.439999999999992,1786132507.450647,0.007844499996281229,0.005770000003394671,0.01,TELEOP,0,,0.0,2.439999999999992,244,0.0359999999999998,0.0,0.0,0.0,0.0,0.0,1.0,0.03351359489178561,0.0,0.0,0.0,0.0,0.0,1.0,-0.0059459215324643225,-0.22496149868535165,0.2802328425555495,-0.1305261922200515,0.0,0.0,0.9914448613738105,-0.006086546086693236,-0.22496149868535165,0.2802328425555495,-0.1305261922200515,0.0,0.0,0.9914448613738105,-0.006086547935211566,-0.224961498934052,0.2802328425824326,-0.13052619222268746,-2.931608190201806e-12,1.247846783047157e-10,0.9914448613734634,-0.006913839023336109,-0.2249587603334349,0.2802284876462244,-0.13048695390893597,3.8131121379626884e-06,-7.723199182169766e-06,0.9914500263681371,-0.006913839023336109,-0.2249587603334349,0.2802284876462244,-0.13048695390893597,3.8131121379626884e-06,-7.723199182169766e-06,0.9914500263681371,0.1083683840535793,-0.5210789419729829,0.7858192247575946,0.20555437415617203,0.5373221264048179,0.20538917606064291,0.09937888050753511,-0.5216172755116167,0.7859350893413448,0.18908455529804316,0.5351319608013605,0.18895649696097547,0.09937888050753511,-0.5216172755116167,0.7859350893413448,0.18908455529804316,0.5351319608013605,0.18895649696097547,0.08184688846665956,0.004354890124182717,-0.0007997049708400428,0.15123061406783359,0.018257262842775023,0.15094351957985222,-0.0010344079763922414,0.004492092801041166,-0.0021134118907478873,-0.012541567373701667,0.013777779602440563,-0.012962731372448874,0.0,True,False,1,True,True,0.002693999995244667,3,1.8653671458297512e-09,2.496948510106569e-10,`gtol` termination condition is satisfied.,True,True,0.009999999999999787,0.01648783739592713,1.0,0.0008273070831879831,8.100646926995589e-05,0.0008273089307058388,8.100641593358395e-05
2.4499999999999917,1786132507.4577522,0.00597830000333488,0.006897200000821613,0.01,TELEOP,0,,0.0,2.4499999999999917,245,0.036249999999999796,0.0,0.0,0.0,0.0,0.0,1.0,0.033763594669512786,0.0,0.0,0.0,0.0,0.0,1.0,-0.00587092159914617,-0.22496149868535165,0.2802328425555495,-0.1305261922200515,0.0,0.0,0.9914448613738105,-0.006011546194578125,-0.22496149868535165,0.2802328425555495,-0.1305261922200515,0.0,0.0,0.9914448613738105,-0.006011548041243962,-0.22496149893504602,0.2802328425817837,-0.13052619222273487,-2.931865679412216e-12,1.246647537895984e-10,0.9914448613734572,-0.006838698996579802,-0.22495874926673828,0.2802284714091918,-0.130486811061865,3.853577859741573e-06,-7.7915501039214e-06,0.9914500451678576,-0.006838698996579802,-0.22495874926673828,0.2802284714091918,-0.130486811061865,3.853577859741573e-06,-7.7915501039214e-06,0.9914500451678576,0.10918386653130427,-0.5210299901064561,0.7858086425955423,0.20704731057532713,0.5375209058874579,0.20687869443105636,0.10019723383253343,-0.5215732773146092,0.785926880610044,0.1905955772830905,0.5353159089405172,0.19046460559511075,0.10019723383253343,-0.5215732773146092,0.785926880610044,0.1905955772830905,0.5353159089405172,0.19046460559511075,0.08183533249983319,0.004399819700751254,-0.0008208731300773535,0.1511021985047391,0.01839481391566699,0.15081086341353184,-0.0011555966826383899,0.004492957656853761,-0.0021168159237311113,-0.012841556309448518,0.013755107289196902,-0.013265616632039911,0.0,True,False,1,True,True,0.002994900001795031,3,1.863655072517938e-09,2.4945718866408126e-10,`gtol` termination condition is satisfied.,True,True,0.009999999999999787,0.01646981885812887,1.0,0.0008271670754682056,8.132177658389108e-05,0.0008271689211294251,8.132172296264814e-05
2.4599999999999915,1786132507.4641535,0.007154399994760752,0.006143899998278357,0.01,TELEOP,0,,0.0,2.4599999999999915,246,0.03649999999999979,0.0,0.0,0.0,0.0,0.0,1.0,0.03401359446785205,0.0,0.0,0.0,0.0,0.0,1.0,-0.00579592165964439,-0.22496149868535165,0.2802328425555495,-0.1305261922200515,0.0,0.0,0.9914448613738105,-0.005936546292486863,-0.22496149868535165,0.2802328425555495,-0.1305261922200515,0.0,0.0,0.9914448613738105,-0.005936548137288944,-0.22496149893603326,0.28023284258113895,-0.13052619222278167,-2.9320825801157304e-12,1.245440741146465e-10,0.991444861373451,-0.006763560993874842,-0.22495873829995278,0.28022845535444446,-0.13048666990074193,3.8941175114884325e-06,-7.860032005886163e-06,0.9914500637456587,-0.006763560993874842,-0.22495873829995278,0.28022845535444446,-0.13048666990074193,3.8941175114884325e-06,-7.860032005886163e-06,0.9914500637456587,0.10999923202997802,-0.5209805913857464,0.7857978482528425,0.2085388875961908,0.5377210276606854,0.20836680760485968,0.10101546047904192,-0.521528829759513,0.7859184598816489,0.19210528709100266,0.5355012302814119,0.19197135935702467,0.10101546047904192,-0.521528829759513,0.7859184598816489,0.19210528709100266,0.5355012302814119,0.19197135935702467,0.08182266465085028,0.004444755509621188,-0.0008420728395164066,0.15097098079121937,0.01853213408947824,0.1506753761913965,-0.0012667848982908052,0.0044935808869935225,-0.002119970943905355,-0.013121771351972539,0.013732017381125252,-0.013548722213533917,0.0,True,False,1,True,True,0.0029980999970575795,3,1.8619320103851771e-09,2.492180306758819e-10,`gtol` termination condition is satisfied.,True,True,0.009999999999999787,0.01645173329223662,1.0,0.0008270291009559486,8.163393537614814e-05,0.0008270309447493087,8.163388147119398e-05
2.4699999999999913,1786132507.4708035,0.006358900005579926,0.006434800001443364,0.01,TELEOP,0,,0.0,2.4699999999999913,247,0.03674999999999978,0.0,0.0,0.0,0.0,0.0,1.0,0.03426359428490223,0.0,0.0,0.0,0.0,0.0,1.0,-0.005720921714529337,-0.22496149868535165,0.2802328425555495,-0.1305261922200515,0.0,0.0,0.9914448613738105,-0.005861546381337951,-0.22496149868535165,0.2802328425555495,-0.1305261922200515,0.0,0.0,0.9914448613738105,-0.00586154822426517,-0.2249614989370137,0.28023284258049813,-0.1305261922228284,-2.9322758255056983e-12,1.2442263857611354e-10,0.9914448613734449,-0.006688425829342502,-0.224958727494211,0.28022843957984683,-0.13048653131164328,3.934671053803073e-06,-7.928618674162432e-06,0.9914500819849232,-0.006688425829342502,-0.224958727494211,0.28022843957984683,-0.13048653131164328,3.934671053803073e-06,-7.928618674162432e-06,0.9914500819849232,0.11081447939964777,-0.5209307458932209,0.7857868416208015,0.21002909705330397,0.5379224893146384,0.20985350713463824,0.1018335503141789,-0.5214839328071589,0.7859098268649196,0.19361365865077146,0.535687922476074,0.19347673188723474,0.1018335503141789,-0.5214839328071589,0.7859098268649196,0.19361365865077146,0.535687922476074,0.19347673188723474,0.08180898351370015,0.004489695235411172,-0.0008633016729229551,0.15083715597688255,0.018669219466206737,0.15053725302101179,-0.0013681137150128402,0.004493972578998482,-0.002122883340654894,-0.013382481433681787,0.013708537672850145,-0.013812317038472873,0.0,True,False,1,True,True,0.0026243000029353425,3,1.8601980963810456e-09,2.4897739930407134e-10,`gtol` termination condition is satisfied.,True,True,0.009999999999999787,0.016433600505188134,1.0,0.0008268939720957992,8.194118102510476e-05,0.0008268958140102579,8.194112683562387e-05
2.479999999999991,1786132507.4780943,0.006783100005122833,0.0069426000118255615,0.01,TELEOP,0,,0.0,2.479999999999991,248,0.036999999999999776,0.0,0.0,0.0,0.0,0.0,1.0,0.03451359411893691,0.0,0.0,0.0,0.0,0.0,1.0,-0.005645921764318933,-0.22496149868535165,0.2802328425555495,-0.1305261922200515,0.0,0.0,0.9914448613738105,-0.0057865464619655605,-0.22496149868535165,0.2802328425555495,-0.1305261922200515,0.0,0.0,0.9914448613738105,-0.005786548303006886,-0.22496149893798745,0.2802328425798613,-0.1305261922228743,-2.932478523879405e-12,1.2430043505007648e-10,0.9914448613734388,-0.006613294229158014,-0.2249587169053842,0.2802284241748756,-0.130486396104563,3.9751811776487615e-06,-7.997282754440994e-06,0.9914500997790482,-0.006613294229158014,-0.2249587169053842,0.2802284241748756,-0.130486396104563,3.9751811776487615e-06,-7.997282754440994e-06,0.9914500997790482,0.11162960749194642,-0.5208804537123246,0.785775622591181,0.21151793083030934,0.5381252884261194,0.21133878462255348,0.10265149417123341,-0.5214385864404535,0.7859009812921279,0.19512066780402854,0.5358759831402784,0.19498069873947815,0.10265149417123341,-0.5214385864404535,0.7859009812921279,0.19512066780402854,0.5358759831402784,0.19498069873947815,0.08179438570545258,0.004534636670539593,-0.0008845572791644852,0.1507009153257103,0.018806066420443256,0.15039668522434327,-0.0014597808247567706,0.0044941435128422825,-0.0021255606241530473,-0.013624065117223694,0.013684695423652235,-0.014056779666852398,0.0,True,False,1,True,True,0.003117999993264675,3,1.8584534094779721e-09,2.4873523386030443e-10,`gtol` termination condition is satisfied.,True,True,0.009999999999999787,0.016415438402532512,1.0,0.000826762413523686,8.224190013667688e-05,0.0008267642535482979,8.22418456625198e-05
2.489999999999991,1786132507.4839523,0.007157999993069097,0.005642499992973171,0.01,TELEOP,0,,0.0,2.489999999999991,249,0.037249999999999776,0.0,0.0,0.0,0.0,0.0,1.0,0.03476359396838842,0.0,0.0,0.0,0.0,0.0,1.0,-0.00557092180948348,-0.22496149868535165,0.2802328425555495,-0.1305261922200515,0.0,0.0,0.9914448613738105,-0.0057115465351272555,-0.22496149868535165,0.2802328425555495,-0.1305261922200515,0.0,0.0,0.9914448613738105,-0.005711548374271777,-0.22496149893895429,0.2802328425792286,-0.13052619222291992,-2.9326594406394673e-12,1.2417747815704738e-10,0.9914448613734328,-0.006538166833844002,-0.22495870658407244,0.28022840922059994,-0.13048626501325236,4.015593536234922e-06,-8.065996005913895e-06,0.9914501170314652,-0.006538166833844002,-0.22495870658407244,0.28022840922059994,-0.13048626501325236,4.015593536234922e-06,-8.065996005913895e-06,0.9914501170314652,0.11244461516002252,-0.5208297149275842,0.7857641910562024,0.21300538085995405,0.538329422558681,0.21282263172034882,0.10346928382484441,-0.5213927906632453,0.7858919229182083,0.19662629225740255,0.5360654098562047,0.19648323733306844,0.10346928382484441,-0.5213927906632453,0.7858919229182083,0.19662629225740255,0.5360654098562047,0.19648323733306844,0.08177896536110175,0.0045795777208205,-0.000905837391960152,0.15056244533740495,0.01894267159263034,0.1502538593590304,-0.0015420344350833514,0.004494105028090742,-0.0021280112795667287,-0.013846998830536566,0.013660517218708434,-0.014282586531286456,0.0,True,False,1,True,True,0.0026203000015811995,3,1.856698028794514e-09,2.48491587903433e-10,`gtol` termination condition is satisfied.,True,True,0.009999999999999787,0.016397263026280806,1.0,0.0008266350643543226,8.253463087083561e-05,0.0008266369024782839,8.253457611017177e-05
2.4999999999999907,1786132507.4912686,0.005855700001120567,0.007103299998561852,0.01,TELEOP,0,,0.0,2.4999999999999907,250,0.03749999999999977,0.0,0.0,0.0,0.0,0.0,1.0,0.03501359383183324,0.0,0.0,0.0,0.0,0.0,1.0,-0.005495921850450034,-0.22496149868535165,0.2802328425555495,-0.1305261922200515,0.0,0.0,0.9914448613738105,-0.005636546601511022,-0.22496149868535165,0.2802328425555495,-0.1305261922200515,0.0,0.0,0.9914448613738105,-0.005636548438747932,-0.22496149893991432,0.28023284257859987,-0.130526192222965,-2.932827677489858e-12,1.240537749139965e-10,0.9914448613734269,-0.006463044200967594,-0.22495869657562917,0.2802283947897204,-0.13048613869558232,4.055856943599634e-06,-8.134729544212691e-06,0.9914501336555932,-0.006463044200967594,-0.22495869657562917,0.2802283947897204,-0.13048613869558232,4.055856943599634e-06,-8.134729544212691e-06,0.9914501336555932,0.11325950125847754,-0.520778529624608,0.7857525469085458,0.21449143912410568,0.5385348892627099,0.21430504012936694,0.10428691196172139,-0.5213465454991473,0.7858826515198261,0.1981305115262364,0.5362562001750156,0.19798432689661158,0.10428691196172139,-0.5213465454991473,0.7858826515198261,0.1981305115262364,0.5362562001750156,0.19798432689661158,0.08176281368769962,0.00462451640980578,-0.0009271398382291093,0.15042192688338726,0.019079031881095318,0.1501089563543185,-0.0016151673402136266,0.004493868898528116,-0.0021302446268957748,-0.014051845401768608,0.013636028846498224,-0.014490300471191089,0.0,True,False,1,True,True,0.003917500012903474,3,1.8549320585192596e-09,2.4824646293132444e-10,`gtol` termination condition is satisfied.,True,True,0.009999999999999787,0.016379088602551495,1.0,0.0008265124808728322,8.28180622250594e-05,0.0008265143170854601,8.281800717592266e-05
2.5099999999999905,1786132507.49727,0.007364899996900931,0.005739500003983267,0.01,TELEOP,0,,0.0,2.5099999999999905,251,0.03774999999999976,0.0,0.0,0.0,0.0,0.0,1.0,0.03526359370797879,0.0,0.0,0.0,0.0,0.0,1.0,-0.005420921887606369,-0.22496149868535165,0.2802328425555495,-0.1305261922200515,0.0,0.0,0.9914448613738105,-0.00556154666174164,-0.22496149868535165,0.2802328425555495,-0.1305261922200515,0.0,0.0,0.9914448613738105,-0.00556154849706024,-0.2249614989408675,0.2802328425779752,-0.1305261922230098,-2.9329359029053575e-12,1.2392935205122501e-10,0.991444861373421,-0.006387926808188643,-0.22495868692022103,0.28022838094666147,-0.1304860177343925,4.0959235400104866e-06,-8.203454072515271e-06,0.991450149574726,-0.006387926808188643,-0.22495868692022103,0.28022838094666147,-0.1304860177343925,4.0959235400104866e-06,-8.203454072515271e-06,0.991450149574726,0.11407426464331136,-0.5207268978900911,0.7857406900413572,0.21597609765377696,0.538741686075515,0.2157860016005774,0.10510437214748078,-0.5212998509903278,0.7858731668943751,0.19963330687077532,0.5364483516193458,0.19948394840419256,0.10510437214748078,-0.5212998509903278,0.7858731668943751,0.19963330687077532,0.5364483516193458,0.19948394840419256,0.08174601857593991,0.004669450881944322,-0.0009484625450911965,0.15027953445389705,0.019215144433017476,0.14996215075810157,-0.0016795111759714914,0.004493447213854291,-0.0021322706862087694,-0.014239242949021699,0.013611255192216207,-0.014680559621694372,0.0,True,False,1,True,True,0.002682599995750934,3,1.8531555866517117e-09,2.479999179304906e-10,`gtol` termination condition is satisfied.,True,True,0.009999999999999787,0.01636092759786928,1.0,0.0008263951395776286,8.309103235985544e-05,0.0008263969738683637,8.309097701920221e-05
2.5199999999999902,1786132507.5033007,0.005946300007053651,0.0058240999933332205,0.01,TELEOP,0,,0.0,2.5199999999999902,252,0.037999999999999756,0.0,0.0,0.0,0.0,0.0,1.0,0.035513593595651434,0.0,0.0,0.0,0.0,0.0,1.0,-0.005345921921304576,-0.22496149868535165,0.2802328425555495,-0.1305261922200515,0.0,0.0,0.9914448613738105,-0.005486546716386485,-0.22496149868535165,0.2802328425555495,-0.1305261922200515,0.0,0.0,0.9914448613738105,-0.005486548549776194,-0.22496149894181391,0.28023284257735476,-0.13052619222305387,-2.9330670173781466e-12,1.238042021900018e-10,0.9914448613734151,-0.006312815056608658,-0.22495867765291727,0.2802283677477133,-0.13048590263878437,4.135748924900192e-06,-8.272140099522324e-06,0.9914501647218629,-0.006312815056608658,-0.22495867765291727,0.2802283677477133,-0.13048590263878437,4.135748924900192e-06,-8.272140099522324e-06,0.9914501647218629,0.11488890417187272,-0.5206748198118117,0.7857286203482412,0.21745934852916032,0.5389498105214124,0.217265507934613,0.10592165879015182,-0.5212527071962815,0.7858634688589192,0.20113466122589702,0.5366418616856906,0.20098208450510305,0.10592165879015182,-0.5212527071962815,0.7858634688589192,0.20113466122589702,0.5366418616856906,0.20098208450510305,0.081728664267106,0.004714379404640689,-0.0009698035455932763,0.15013543551217298,0.019351006634478973,0.14981361009105174,-0.0017354308833918606,0.004492852269636832,-0.0021341000502080173,-0.014409894172405976,0.0135862201461499,-0.014854066704982998,0.0,True,False,1,True,True,0.002606000009109266,3,1.851368734419292e-09,2.477519252871419e-10,`gtol` termination condition is satisfied.,True,True,0.009999999999999787,0.01634279078300163,1.0,0.0008262834405241827,8.335252603587157e-05,0.0008262852728825992,8.335247040111073e-05
2.52999999999999,1786132507.509909,0.006037600003764965,0.006394700001692399,0.01,TELEOP,0,,0.0,2.52999999999999,253,0.038249999999999756,0.0,0.0,0.0,0.0,0.0,1.0,0.03576359349378553,0.0,0.0,0.0,0.0,0.0,1.0,-0.005270921951864347,-0.22496149868535165,0.2802328425555495,-0.1305261922200515,0.0,0.0,0.9914448613738105,-0.005411546765960785,-0.22496149868535165,0.2802328425555495,-0.1305261922200515,0.0,0.0,0.9914448613738105,-0.0054115485974111505,-0.22496149894275325,0.2802328425767383,-0.13052619222309764,-2.9331990290609005e-12,1.2367832128172005e-10,0.9914448613734094,-0.006237709274372217,-0.22495866880380783,0.28022835524121786,-0.13048579384582293,4.175292258315486e-06,-8.340758144484458e-06,0.9914501790394836,-0.006237709274372217,-0.22495866880380783,0.28022835524121786,-0.13048579384582293,4.175292258315486e-06,-8.340758144484458e-06,0.9914501790394836,0.11570341870281717,-0.5206222954786415,0.7857163377232763,0.2189411838796677,0.5391592601118187,0.21874355098181208,0.10673876710088268,-0.5212051141925886,0.7858535572490871,0.20263455912540976,0.5368367278466881,0.20247871944813703,0.10673876710088268,-0.5212051141925886,0.7858535572490871,0.20263455912540976,0.5368367278466881,0.20247871944813703,0.08171083107308699,0.0047593003692817425,-0.0009911609832125225,0.1499897899512771,0.019486616099750224,0.14966349430340092,-0.00178331940190087,0.0044920964641053975,-0.0021357437619246673,-0.014564556089587585,0.013560946527125332,-0.01501157876508119,0.0,True,False,1,True,True,0.0033128000068245456,3,1.849571569695635e-09,2.4750249106349945e-10,`gtol` termination condition is satisfied.,True,True,0.009999999999999787,0.016324687303263308,1.0,0.0008261777109213798,8.360167124358536e-05,0.0008261795413371915,8.360161531077922e-05
2.53999999999999,1786132507.5157807,0.006608999989111908,0.005657100002281368,0.01,TELEOP,0,,0.0,2.53999999999999,254,0.03849999999999975,0.0,0.0,0.0,0.0,0.0,1.0,0.03601359340141354,0.0,0.0,0.0,0.0,0.0,1.0,-0.005195921979575944,-0.22496149868535165,0.2802328425555495,-0.1305261922200515,0.0,0.0,0.9914448613738105,-0.005336546810932408,-0.22496149868535165,0.2802328425555495,-0.1305261922200515,0.0,0.0,0.9914448613738105,-0.0053365486404330365,-0.22496149894368583,0.280232842576126,-0.13052619222314113,-2.933323588475368e-12,1.2355170412514385e-10,0.9914448613734037,-0.006162609720474586,-0.2249586603981465,0.2802283434677967,-0.1304856917226043,4.214516332176152e-06,-8.409278927935138e-06,0.991450192479277,-0.006162609720474586,-0.2249586603981465,0.2802283434677967,-0.1304856917226043,4.214516332176152e-06,-8.409278927935138e-06,0.991450192479277,0.11651780709606836,-0.5205693249805358,0.7857038420610024,0.22042159588397847,0.5393700323453375,0.22022012264226837,0.10755569305235252,-0.5211570720696754,0.7858434319179348,0.2041329866218976,0.5370329475532876,0.20397383900143298,0.10755569305235252,-0.5211570720696754,0.7858434319179348,0.2041329866218976,0.5370329475532876,0.20397383900143298,0.08169259514698647,0.004804212291322758,-0.0010125331152258598,0.14984274964878783,0.01962197065994424,0.1495119553295976,-0.0018235926100522207,0.004491192204101658,-0.002137213201333784,-0.014704030248926156,0.013535456019401863,-0.015153897380331313,0.0,True,False,1,True,True,0.0026252999959979206,3,1.8477641881874528e-09,2.4725160577653055e-10,`gtol` termination condition is satisfied.,True,True,0.009999999999999787,0.016306624754257953,1.0,0.0008260782089342079,8.38377350965398e-05,0.0008260800373971968,8.383767886155736e-05
2.5499999999999896,1786132507.5230033,0.00585980000323616,0.007020599994575605,0.01,TELEOP,0,,0.0,2.5499999999999896,255,0.03874999999999974,0.0,0.0,0.0,0.0,0.0,1.0,0.036263593317657015,0.0,0.0,0.0,0.0,0.0,1.0,-0.005120922004702901,-0.22496149868535165,0.2802328425555495,-0.1305261922200515,0.0,0.0,0.9914448613738105,-0.005261546851726205,-0.22496149868535165,0.2802328425555495,-0.1305261922200515,0.0,0.0,0.9914448613738105,-0.005261548679266866,-0.22496149894461137,0.2802328425755177,-0.1305261922231839,-2.9334392347331685e-12,1.2342439968028268e-10,0.991444861373398,-0.006087516588732203,-0.22495865245651694,0.28022833246061407,-0.1304855965686524,4.253387612137683e-06,-8.477673548350344e-06,0.9914502050018249,-0.006087516588732203,-0.22495865245651694,0.28022833246061407,-0.1304855965686524,4.253387612137683e-06,-8.477673548350344e-06,0.9914502050018249,0.11733206821278568,-0.5205159084085441,0.7856911332564323,0.22190057677009226,0.5395821247078504,0.22169521486588634,0.10837243333536956,-0.5211085809315804,0.7858330927347849,0.2056299312030406,0.5372305182367992,0.20546743036879075,0.10837243333536956,-0.5211085809315804,0.7858330927347849,0.2056299312030406,0.5372305182367992,0.20546743036879075,0.08167402830170507,0.004849113809498163,-0.0010339183150004892,0.1496944581143018,0.019757068351173065,0.1493591367357793,-0.0018566845281402697,0.004490151817540663,-0.0021385199774629814,-0.01482915344860336,0.013509769122882776,-0.015281859381830373,0.0,True,False,1,True,True,0.003188300004694611,3,1.8459466960684703e-09,2.46999350651753e-10,`gtol` termination condition is satisfied.,True,True,0.009999999999999787,0.016288609262080866,1.0,0.0008259851276490725,8.406011906981639e-05,0.0008259869541491945,8.406006252918964e-05
2.5599999999999894,1786132507.5297692,0.007310600005439483,0.006475600006524473,0.01,TELEOP,0,,0.0,2.5599999999999894,256,0.038999999999999736,0.0,0.0,0.0,0.0,0.0,1.0,0.03651359324171843,0.0,0.0,0.0,0.0,0.0,1.0,-0.005045922027484478,-0.22496149868535165,0.2802328425555495,-0.1305261922200515,0.0,0.0,0.9914448613738105,-0.005186546888727953,-0.22496149868535165,0.2802328425555495,-0.1305261922200515,0.0,0.0,0.9914448613738105,-0.005186548714298491,-0.22496149894552997,0.2802328425749137,-0.13052619222322615,-2.933472971895526e-12,1.2329638673948468e-10,0.9914448613733925,-0.006012430011874608,-0.22495864499501805,0.2802283222456725,-0.13048550861860406,4.291876251540759e-06,-8.545913644203992e-06,0.9914502165762492,-0.006012430011874608,-0.22495864499501805,0.2802283222456725,-0.13048550861860406,4.291876251540759e-06,-8.545913644203992e-06,0.9914502165762492,0.11814620091533538,-0.5204620458548067,0.7856782112050499,0.2233781188153862,0.5397955346726104,0.22316881965244031,0.10918898531410716,-0.521059640894738,0.785822539584052,0.2071253817052852,0.5374294373108226,0.20695948210333848,0.10918898531410716,-0.521059640894738,0.785822539584052,0.2071253817052852,0.5374294373108226,0.20695948210333848,0.08165519787376148,0.004894003684243942,-0.0010553150732886241,0.14954505022446107,0.019891907402333084,0.14920517345477655,-0.0018830427943597,0.0044889874745779575,-0.002139675828813543,-0.014940788984071224,0.013483905116001954,-0.015396328100274656,0.0,True,False,1,True,True,0.0028199999942444265,3,1.8441191721954842e-09,2.467456825219369e-10,`gtol` termination condition is satisfied.,True,True,0.009999999999999787,0.016270645567051656,1.0,0.0008258985991609286,8.426835366316146e-05,0.0008259004236882169,8.42682968126774e-05
2.569999999999989,1786132507.5364182,0.006702999991830438,0.0064215000020340085,0.01,TELEOP,0,,0.0,2.569999999999989,257,0.03924999999999973,0.0,0.0,0.0,0.0,0.0,1.0,0.036763593172873706,0.0,0.0,0.0,0.0,0.0,1.0,-0.004970922048137894,-0.22496149868535165,0.2802328425555495,-0.1305261922200515,0.0,0.0,0.9914448613738105,-0.005111546922287947,-0.22496149868535165,0.2802328425555495,-0.1305261922200515,0.0,0.0,0.9914448613738105,-0.005111548745878342,-0.2249614989464416,0.28023284257431375,-0.13052619222326808,-2.9335696381026707e-12,1.2316770962244505e-10,0.9914448613733869,-0.005937350065719438,-0.22495863802546767,0.280228312842136,-0.13048542804514499,4.329956079497538e-06,-8.613971541299264e-06,0.9914502271798249,-0.005937350065719438,-0.22495863802546767,0.280228312842136,-0.13048542804514499,4.329956079497538e-06,-8.613971541299264e-06,0.9914502271798249,0.11896020406726564,-0.5204077374125561,0.7856650758028112,0.22485421434667535,0.5400102597003339,0.22464092905163704,0.11000534698040244,-0.521010252086784,0.7858117723640661,0.2086193282256857,0.537629702173049,0.20844998401937043,0.11000534698040244,-0.521010252086784,0.7858117723640661,0.2086193282256857,0.537629702173049,0.20844998401937043,0.0816361666295303,0.004938880795405498,-0.0010767219985984735,0.14939465204005473,0.020026486222632613,0.14905019160319696,-0.0019031244231179634,0.004487711116155676,-0.0021406925309849813,-0.015039818440636354,0.01345788202995312,-0.015498185157959468,0.0,True,False,1,True,True,0.0031728000030852854,3,1.8422817350314911e-09,2.464907035858008e-10,`gtol` termination condition is satisfied.,True,True,0.009999999999999787,0.016252737110101,1.0,0.0008258186987430816,8.446209255648359e-05,0.0008258205212877135,8.446203539155254e-05
2.579999999999989,1786132507.545978,0.006637099999352358,0.00934449999476783,0.01,TELEOP,0,,0.0,2.579999999999989,258,0.03949999999999973,0.0,0.0,0.0,0.0,0.0,1.0,0.03701359311046553,0.0,0.0,0.0,0.0,0.0,1.0,-0.004895922066860348,-0.22496149868535165,0.2802328425555495,-0.1305261922200515,0.0,0.0,0.9914448613738105,-0.005036546952724247,-0.22496149868535165,0.2802328425555495,-0.1305261922200515,0.0,0.0,0.9914448613738105,-0.005036548774324565,-0.2249614989473463,0.28023284257371794,-0.13052619222330952,-2.933593944745375e-12,1.2303829858309058e-10,0.9914448613733815,-0.00586227677339448,-0.22495863155561996,0.2802283042626766,-0.13048535496215816,4.3676045638529165e-06,-8.681820385351883e-06,0.9914502367975659,-0.00586227677339448,-0.22495863155561996,0.2802283042626766,-0.13048535496215816,4.3676045638529165e-06,-8.681820385351883e-06,0.9914502367975659,0.1197740765332857,-0.5203529831761177,0.785651726946148,0.22632885574027797,0.540226297239294,0.2261115351631833,0.11082151690751259,-0.5209604146453909,0.785800790985899,0.21011176203268198,0.5378313102069386,0.20993892710312062,0.11082151690751259,-0.5209604146453909,0.785800790985899,0.21011176203268198,0.5378313102069386,0.20993892710312062,0.08161699271101615,0.004983744139306643,-0.0010981378167138997,0.14924338069962814,0.020160803388972325,0.14889430837502282,-0.0019173918514152114,0.004486334390114514,-0.002141581811542657,-0.015127134042660039,0.013431716633971268,-0.015588322817413718,0.0,True,False,1,True,True,0.004594099998939782,3,1.8404344612280533e-09,2.462342601319259e-10,`gtol` termination condition is satisfied.,True,True,0.009999999999999787,0.01623488612098964,1.0,0.0008257454490643146,8.464110634056254e-05,0.0008257472696165537,8.464104885675635e-05
2.5899999999999888,1786132507.5536554,0.009695800006738864,0.007325500002480112,0.01,TELEOP,0,,0.0,2.5899999999999888,259,0.03974999999999972,0.0,0.0,0.0,0.0,0.0,1.0,0.037263593053897176,0.0,0.0,0.0,0.0,0.0,1.0,-0.004820922083830854,-0.22496149868535165,0.2802328425555495,-0.1305261922200515,0.0,0.0,0.9914448613738105,-0.004961546980325642,-0.22496149868535165,0.2802328425555495,-0.1305261922200515,0.0,0.0,0.9914448613738105,-0.0049615487999260625,-0.22496149894824388,0.28023284257312614,-0.13052619222335046,-2.9336511048395005e-12,1.2290824556918924e-10,0.9914448613733762,-0.0057872101095735665,-0.2249586255893954,0.2802282965138407,-0.13048528942805196,4.404802751351586e-06,-8.749434260041752e-06,0.9914502454217875,-0.0057872101095735665,-0.2249586255893954,0.2802282965138407,-0.13048528942805196,4.404802751351586e-06,-8.749434260041752e-06,0.9914502454217875,0.120587817179248,-0.5202977832409121,0.7856381645319697,0.22780203542208166,0.5404436447254156,0.22758063013685392,0.11163749420369505,-0.5209101287171384,0.7857895953722046,0.2116026754765216,0.5380342587832714,0.21142630342318144,0.11163749420369505,-0.5209101287171384,0.7857895953722046,0.2116026754765216,0.5380342587832714,0.21142630342318144,0.08159772961824774,0.005028592825252445,-0.0011195613694386314,0.14909134438396446,0.020294857633278086,0.14873763200608572,-0.0019263092768416479,0.004484868594580266,-0.002142355272473205,-0.015203631566367467,0.013405424430576289,-0.015667636893710684,0.0,True,False,1,True,True,0.003502799998386763,3,1.8385774278695858e-09,2.459765441675217e-10,`gtol` termination condition is satisfied.,True,True,0.009999999999999787,0.016217093707595998,1.0,0.0008256788244195986,8.480527588680651e-05,0.0008256806429698272,8.48052180799029e-05
2.5999999999999885,1786132507.5599227,0.007545999993453734,0.0060474000056274235,0.01,TELEOP,0,,0.0,2.5999999999999885,260,0.039999999999999716,0.0,0.0,0.0,0.0,0.0,1.0,0.03751359300262694,0.0,0.0,0.0,0.0,0.0,1.0,-0.004745922099211925,-0.22496149868535165,0.2802328425555495,-0.1305261922200515,0.0,0.0,0.9914448613738105,-0.0048865470053543365,-0.22496149868535165,0.2802328425555495,-0.1305261922200515,0.0,0.0,0.9914448613738105,-0.004886548822945182,-0.2249614989491346,0.2802328425725387,-0.1305261922233909,-2.9336315366305015e-12,1.227774939720299e-10,0.9914448613733708,-0.005712150004695715,-0.22495862012712098,0.2802282895964321,-0.1304852314492268,4.441535186722532e-06,-8.816788290517265e-06,0.991450253051649,-0.005712150004695715,-0.22495862012712098,0.2802282895964321,-0.1304852314492268,4.441535186722532e-06,-8.816788290517265e-06,0.991450253051649,0.12140142487213237,-0.5202421377034516,0.7856243884576569,0.22927374586761273,0.5406622995823656,0.2290482061725637,0.11245327846594867,-0.5208593944564229,0.7857781854560781,0.21309206189997937,0.5382385452615701,0.21291210604121902,0.11245327846594867,-0.5208593944564229,0.7857781854560781,0.21309206189997937,0.5382385452615701,0.21291210604121902,0.08157842622536413,0.005073426071541652,-0.0011409916126435288,0.14893864234578072,0.020428647829875867,0.1485802618037607,-0.0019303392883613982,0.004483324628920798,-0.0021430243204897843,-0.015270203818374314,0.013379019659778314,-0.01573702023250287,0.0,True,False,1,True,True,0.002837099993485026,3,1.8367107976819006e-09,2.457174365691208e-10,`gtol` termination condition is satisfied.,True,True,0.009999999999999787,0.01619935994556007,1.0,0.0008256187549441274,8.495458543729002e-05,0.0008256205714828649,8.495452730283203e-05
2.6099999999999883,1786132507.567008,0.006323100009467453,0.006809700003941543,0.01,TELEOP,0,,0.0,2.6099999999999883,261,0.04024999999999971,0.0,0.0,0.0,0.0,0.0,1.0,0.03776359295616309,0.0,0.0,0.0,0.0,0.0,1.0,-0.004670922113151078,-0.22496149868535165,0.2802328425555495,-0.1305261922200515,0.0,0.0,0.9914448613738105,-0.00481154702804839,-0.22496149868535165,0.2802328425555495,-0.1305261922200515,0.0,0.0,0.9914448613738105,-0.004811548843620055,-0.22496149895001807,0.28023284257195535,-0.13052619222343095,-2.9336398204600425e-12,1.226460946978563e-10,0.9914448613733655,-0.0056370963491395795,-0.2249586151657772,0.2802282835059048,-0.13048518098365322,4.47778981215738e-06,-8.88385873267996e-06,0.9914502596926836,-0.0056370963491395795,-0.2249586151657772,0.2802282835059048,-0.13048518098365322,4.47778981215738e-06,-8.88385873267996e-06,0.9914502596926836,0.12221489848003515,-0.5201860466613475,0.7856103986210793,0.23074397960210585,0.5408822592216569,0.23051425552043828,0.11326886973422343,-0.5208082120244124,0.7857665611799414,0.2145799155499693,0.5384441669914001,0.21439632892358138,0.11326886973422343,-0.5208082120244124,0.7857665611799414,0.2145799155499693,0.5384441669914001,0.21439632892358138,0.08155912682747717,0.005118243201048903,-0.0011624276136724364,0.14878536499899794,0.020562172983002027,0.14842228823623846,-0.001929939788695411,0.0044817129507251805,-0.0021436001028907973,-0.01532773467827787,0.013352515312616374,-0.01579735675222386,0.0,True,False,1,True,True,0.0028451000107452273,3,1.834834580871493e-09,2.454570423513642e-10,`gtol` termination condition is satisfied.,True,True,0.009999999999999787,0.016181683967633365,1.0,0.0008255651307827333,8.508911546966706e-05,0.0008255669453005749,8.508905700329684e-05
2.619999999999988,1786132507.5736814,0.00702949998958502,0.006453399997553788,0.01,TELEOP,0,,0.0,2.619999999999988,262,0.0404999999999997,0.0,0.0,0.0,0.0,0.0,1.0,0.03801359291405929,0.0,0.0,0.0,0.0,0.0,1.0,-0.0045959221257822185,-0.22496149868535165,0.2802328425555495,-0.1305261922200515,0.0,0.0,0.9914448613738105,-0.004736547048623935,-0.22496149868535165,0.2802328425555495,-0.1305261922200515,0.0,0.0,0.9914448613738105,-0.004736548862166932,-0.22496149895089465,0.2802328425713763,-0.1305261922234705,-2.933601753201284e-12,1.2251405317795768e-10,0.9914448613733603,-0.005562048997328102,-0.2249586106992509,0.2802282782327669,-0.1304851379445249,4.513557849349927e-06,-8.950623048654253e-06,0.9914502653563175,-0.005562048997328102,-0.2249586106992509,0.2802282782327669,-0.1304851379445249,4.513557849349927e-06,-8.950623048654253e-06,0.9914502653563175,0.12302823687215751,-0.5201295102133006,0.7855961949205779,0.23221272920057495,0.5411035210427361,0.23197877048088825,0.1140842684463776,-0.5207565815880478,0.7857547224944593,0.2160662314905893,0.5386511213135452,0.21587896685433927,0.1140842684463776,-0.5207565815880478,0.7857547224944593,0.2160662314905893,0.5386511213135452,0.21587896685433927,0.0815398712154194,0.0051630436364558325,-0.001183868548202169,0.14863159406200205,0.020695432214512963,0.14826379307579282,-0.0019255612057759073,0.004480043540693043,-0.002144093452973311,-0.015377093699590432,0.01332592315109379,-0.01584951604456537,0.0,True,False,1,True,True,0.002663499995833263,3,1.8329489287785263e-09,2.451953658581194e-10,`gtol` termination condition is satisfied.,True,True,0.009999999999999787,0.01616406405213655,1.0,0.0008255178061893089,8.520903541030761e-05,0.0008255196186769628,8.520897660797112e-05
2.629999999999988,1786132507.5799258,0.00667460000840947,0.006022999994456768,0.01,TELEOP,0,,0.0,2.629999999999988,263,0.0407499999999997,0.0,0.0,0.0,0.0,0.0,1.0,0.038263592875910406,0.0,0.0,0.0,0.0,0.0,1.0,-0.0045209221372268845,-0.22496149868535165,0.2802328425555495,-0.1305261922200515,0.0,0.0,0.9914448613738105,-0.004661547067277189,-0.22496149868535165,0.2802328425555495,-0.1305261922200515,0.0,0.0,0.9914448613738105,-0.0046615488787821215,-0.22496149895176415,0.2802328425708014,-0.13052619222350964,-2.933612844048711e-12,1.2238134162588413e-10,0.9914448613733552,-0.005487007771740354,-0.22495860671859091,0.2802282737629881,-0.13048510220395915,4.54883366586399e-06,-9.017059968864366e-06,0.9914502700593828,-0.005487007771740354,-0.22495860671859091,0.2802282737629881,-0.13048510220395915,4.54883366586399e-06,-9.017059968864366e-06,0.9914502700593828,0.12384143891879958,-0.5200725284591114,0.7855817772549822,0.233679987287887,0.5413260824330851,0.23344174340468393,0.11489947539413298,-0.520704503319096,0.7857426693574934,0.2175510055180833,0.5388594055610639,0.21736001535024474,0.11489947539413298,-0.520704503319096,0.7857426693574934,0.2175510055180833,0.5388594055610639,0.21736001535024474,0.0815206947755386,0.00520782689517922,-0.0012053136965999632,0.14847740274940308,0.020828424751872927,0.14810484959054943,-0.0019176439880802302,0.004478325872338856,-0.0021445148397794757,-0.015419131259898402,0.013299253735996806,-0.01589434852433865,0.0,True,False,1,True,True,0.002875799997127615,3,1.8310538937740438e-09,2.4493236050027994e-10,`gtol` termination condition is satisfied.,True,True,0.009999999999999787,0.016146497709985663,1.0,0.0008254766035336159,8.531459625236349e-05,0.0008254784139818792,8.531453710989445e-05
2.6399999999999877,1786132507.5861607,0.006236100001842715,0.006021799999871291,0.01,TELEOP,0,,0.0,2.6399999999999877,264,0.040999999999999696,0.0,0.0,0.0,0.0,0.0,1.0,0.038513592841348705,0.0,0.0,0.0,0.0,0.0,1.0,-0.004445922147595394,-0.22496149868535165,0.2802328425555495,-0.1305261922200515,0.0,0.0,0.9914448613738105,-0.004586547084186286,-0.22496149868535165,0.2802328425555495,-0.1305261922200515,0.0,0.0,0.9914448613738105,-0.0045865488936439325,-0.22496149895262646,0.2802328425702305,-0.13052619222354822,-2.933522145205135e-12,1.2224797301262397e-10,0.9914448613733501,-0.005411972466810772,-0.2249586032122653,0.28022827007840956,-0.13048507359671396,4.583614627528258e-06,-9.083149541024457e-06,0.991450273823628,-0.005411972466810772,-0.2249586032122653,0.28022827007840956,-0.13048507359671396,4.583614627528258e-06,-9.083149541024457e-06,0.991450273823628,0.12465450349135294,-0.520015101499674,0.7855671455236024,0.2351457465388307,0.5415499407683164,0.23490316669302713,0.11571449168025054,-0.5206519773932553,0.7857304017330947,0.21903423407815242,0.5390690170602287,0.21883947057803851,0.11571449168025054,-0.5206519773932553,0.7857304017330947,0.21903423407815242,0.5390690170602287,0.21883947057803851,0.08150162861175758,0.005252592584068457,-0.0012267624398631374,0.1483228560069163,0.02096114991647552,0.1479455227793803,-0.001906616378101698,0.004476568888923768,-0.0021448743263174632,-0.015454674248678349,0.01327251646025942,-0.015932681116912394,0.0,True,False,1,True,True,0.0027707999979611486,3,1.8291496199313237e-09,2.446680390759267e-10,`gtol` termination condition is satisfied.,True,True,0.009999999999999787,0.016128981769803707,1.0,0.0008254413171953558,8.540612313791417e-05,0.0008254431255951963,8.540606365164282e-05
2.6499999999999875,1786132507.5924919,0.006237699999473989,0.0061153999995440245,0.01,TELEOP,0,,0.0,2.6499999999999875,265,0.04124999999999969,0.0,0.0,0.0,0.0,0.0,1.0,0.03876359281004044,0.0,0.0,0.0,0.0,0.0,1.0,-0.004370922156987875,-0.22496149868535165,0.2802328425555495,-0.1305261922200515,0.0,0.0,0.9914448613738105,-0.004511547099512938,-0.22496149868535165,0.2802328425555495,-0.1305261922200515,0.0,0.0,0.9914448613738105,-0.00451154890691411,-0.22496149895348191,0.2802328425696642,-0.13052619222358627,-2.933389928609427e-12,1.2211400973986683e-10,0.9914448613733451,-0.005336942852697941,-0.22495860016641717,0.2802282671571529,-0.13048505192389737,4.617900939185016e-06,-9.148873166854965e-06,0.9914502766752304,-0.005336942852697941,-0.22495860016641717,0.2802282671571529,-0.13048505192389737,4.617900939185016e-06,-9.148873166854965e-06,0.9914502766752304,0.12546742946229789,-0.5199572294369758,0.7855522996262313,0.23660999967819146,0.5417750934122704,0.23636303279762733,0.11652931867712252,-0.520599003989316,0.7857179195905427,0.22051591418599384,0.5392799531313522,0.2203173292744855,0.11652931867712252,-0.520599003989316,0.7857179195905427,0.22051591418599384,0.5392799531313522,0.2203173292744855,0.08148269968719955,0.005297340393923551,-0.0012482142551963617,0.14816801078414485,0.02109360711235372,0.14778586964470197,-0.0018928924558029906,0.004474780985509467,-0.0021451815333224894,-0.015484522277146862,0.01324571958782036,-0.015965313467834984,0.0,True,False,1,True,True,0.0029322999907890335,3,1.827236181580292e-09,2.4440251858559137e-10,`gtol` termination condition is satisfied.,True,True,0.009999999999999787,0.016111512460678268,1.0,0.0008254117173282048,8.548400795721468e-05,0.0008254135236706138,8.548394812366264e-05
2.6599999999999873,1786132507.5992315,0.006387100002029911,0.006467900006100535,0.01,TELEOP,0,,0.0,2.6599999999999873,266,0.04149999999999968,0.0,0.0,0.0,0.0,0.0,1.0,0.0390135927816827,0.0,0.0,0.0,0.0,0.0,1.0,-0.004295922165495196,-0.22496149868535165,0.2802328425555495,-0.1305261922200515,0.0,0.0,0.9914448613738105,-0.004436547113403941,-0.22496149868535165,0.2802328425555495,-0.1305261922200515,0.0,0.0,0.9914448613738105,-0.004436548918739614,-0.22496149895432999,0.28023284256910164,-0.130526192223624,-2.933365146675053e-12,1.2197937702154774e-10,0.9914448613733402,-0.005261918678907469,-0.22495859756511977,0.28022826497402614,-0.13048503695664307,4.651695475173439e-06,-9.214213626972884e-06,0.9914502786443118,-0.005261918678907469,-0.22495859756511977,0.28022826497402614,-0.13048503695664307,4.651695475173439e-06,-9.214213626972884e-06,0.9914502786443118,0.1262802157052007,-0.5198989123741031,0.7855372394631507,0.2380727394808214,0.5420015377171139,0.2378213342207739,0.11734395798695015,-0.5205455832883772,0.7857052229034298,0.22199604334939588,0.5394922110895055,0.2217935886694667,0.11734395798695015,-0.5205455832883772,0.7857052229034298,0.22199604334939588,0.5394922110895055,0.2217935886694667,0.081463930982765,0.0053420700938833195,-0.0012696687112855741,0.14801291634020747,0.021225795815325393,0.14762593949812153,-0.0018768704434554695,0.0044729699959769696,-0.0021454456089212907,-0.015509444393738369,0.013218870297167663,-0.01599301465804425,0.0,True,False,1,True,True,0.0031244999991031364,3,1.8253136448766934e-09,2.441356781745004e-10,`gtol` termination condition is satisfied.,True,True,0.009999999999999787,0.016094085492197624,1.0,0.0008253875534774965,8.55487020142322e-05,0.0008253893577536291,8.554864182996332e-05
2.669999999999987,1786132507.6066053,0.006691399990813807,0.007150599994929507,0.01,TELEOP,0,,0.0,2.669999999999987,267,0.041749999999999676,0.0,0.0,0.0,0.0,0.0,1.0,0.039263592756000595,0.0,0.0,0.0,0.0,0.0,1.0,-0.004220922173199826,-0.22496149868535165,0.2802328425555495,-0.1305261922200515,0.0,0.0,0.9914448613738105,-0.004361547125992549,-0.22496149868535165,0.2802328425555495,-0.1305261922200515,0.0,0.0,0.9914448613738105,-0.004361548929253785,-0.22496149895517106,0.2802328425685436,-0.1305261922236612,-2.933240342451936e-12,1.2184414553215388e-10,0.9914448613733352,-0.005186899677756353,-0.22495859539062582,0.2802282635009224,-0.13048502843972926,4.685003601271464e-06,-9.279155094485412e-06,0.9914502797644625,-0.005186899677756353,-0.22495859539062582,0.2802282635009224,-0.13048502843972926,4.685003601271464e-06,-9.279155094485412e-06,0.9914502797644625,0.1270928610947128,-0.5198401504152325,0.7855219649351254,0.2395339587717097,0.5422292710234387,0.23927806351540926,0.1181584114036516,-0.5204917154731198,0.7856923116487965,0.22347461949516936,0.5397057882451316,0.22326824641240736,0.1181584114036516,-0.5204917154731198,0.7856923116487965,0.22347461949516936,0.5397057882451316,0.22326824641240736,0.08144534167014754,0.005386781525743548,-0.0012911254633342958,0.14785761457735255,0.021357715562612956,0.1474657742940715,-0.0018589312617464891,0.0044711431860229665,-0.002145675204872221,-0.015530176285491934,0.013191974728756403,-0.016016520405001216,0.0,True,False,1,True,True,0.0028703999996650964,3,1.8233821454801007e-09,2.4386763764133904e-10,`gtol` termination condition is satisfied.,True,True,0.009999999999999787,0.01607669613142551,1.0,0.0008253685580400413,8.560070880588288e-05,0.0008253703602411253,8.560064826775838e-05
2.679999999999987,1786132507.6137943,0.007404300005873665,0.006935299999895506,0.01,TELEOP,0,,0.0,2.679999999999987,268,0.041999999999999676,0.0,0.0,0.0,0.0,0.0,1.0,0.039513592732744664,0.0,0.0,0.0,0.0,0.0,1.0,-0.004145922180176604,-0.22496149868535165,0.2802328425555495,-0.1305261922200515,0.0,0.0,0.9914448613738105,-0.004286547137399719,-0.22496149868535165,0.2802328425555495,-0.1305261922200515,0.0,0.0,0.9914448613738105,-0.004286548938577696,-0.22496149895600512,0.28023284256798975,-0.13052619222369782,-2.9331334348774182e-12,1.217082829357688e-10,0.9914448613733304,-0.005111885567667545,-0.22495859362361295,0.2802282627072112,-0.130485026095122,4.717832990530128e-06,-9.343683138353733e-06,0.9914502800722753,-0.005111885567667545,-0.22495859362361295,0.2802282627072112,-0.130485026095122,4.717832990530128e-06,-9.343683138353733e-06,0.9914502800722753,0.1279053645065714,-0.519780943665639,0.7855064759434116,0.2409936504260534,0.5424582906603596,0.24073321328520036,0.11897268087662044,-0.5204374007271374,0.7856791858063175,0.22495164089914843,0.5399206819045613,0.22474130050227517,0.11897268087662044,-0.5204374007271374,0.7856791858063175,0.22495164089914843,0.5399206819045613,0.22474130050227517,0.0814269472968851,0.0054314745982376985,-0.0013125842479070518,0.1477021403979093,0.021489365942970174,0.14730540898678293,-0.0018394373262443225,0.004469307249415118,-0.0021458784572756396,-0.015547417944324765,0.013165038035722136,-0.016036530728859532,0.0,True,False,1,True,True,0.002869900010409765,3,1.8214417822264637e-09,2.435983207353826e-10,`gtol` termination condition is satisfied.,True,True,0.009999999999999787,0.016059339276540324,1.0,0.0008253544495539206,8.564057695445138e-05,0.0008253562496712956,8.564051606010952e-05
2.6899999999999866,1786132507.6213715,0.00728950000484474,0.007222200001706369,0.01,TELEOP,0,,0.0,2.6899999999999866,269,0.04224999999999967,0.0,0.0,0.0,0.0,0.0,1.0,0.03976359271168853,0.0,0.0,0.0,0.0,0.0,1.0,-0.004070922186493445,-0.22496149868535165,0.2802328425555495,-0.1305261922200515,0.0,0.0,0.9914448613738105,-0.004211547147735241,-0.22496149868535165,0.2802328425555495,-0.1305261922200515,0.0,0.0,0.9914448613738105,-0.004211548946821242,-0.22496149895683187,0.28023284256744,-0.13052619222373416,-2.932974714462735e-12,1.2157184132473973e-10,0.9914448613733257,-0.0050368760562863185,-0.2249585922434218,0.2802282625601186,-0.13048502962542124,4.750193433772881e-06,-9.40778471668968e-06,0.9914502796068909,-0.0050368760562863185,-0.2249585922434218,0.2802282625601186,-0.13048502962542124,4.750193433772881e-06,-9.40778471668968e-06,0.9914502796068909,0.12871772481760077,-0.5197212922316896,0.7854907723897511,0.2424518073693241,0.5426885939456148,0.24218677618460865,0.119786768476432,-0.520382639234324,0.785665845357541,0.2264271061199499,0.5401368893704348,0.22621274922133686,0.119786768476432,-0.520382639234324,0.785665845357541,0.2264271061199499,0.5401368893704348,0.22621274922133686,0.08140875998115879,0.005476149281334408,-0.0013340448776414573,0.14754652208014996,0.021620746587343087,0.1471448719061715,-0.0018187315726306739,0.004467468309671054,-0.0021460629734406027,-0.015561831775934287,0.013138064437291739,-0.016053708061143646,0.0,True,False,1,True,True,0.0034275999933015555,3,1.819492604325163e-09,2.433278589284706e-10,`gtol` termination condition is satisfied.,True,True,0.009999999999999787,0.01604200952690496,1.0,0.0008253449358104107,8.566889333651095e-05,0.0008253467338355142,8.566883208315164e-05
2.6999999999999864,1786132507.6276045,0.00744059999124147,0.006014999991748482,0.01,TELEOP,0,,0.0,2.6999999999999864,270,0.04249999999999966,0.0,0.0,0.0,0.0,0.0,1.0,0.040013592692626776,0.0,0.0,0.0,0.0,0.0,1.0,-0.003995922192211971,-0.22496149868535165,0.2802328425555495,-0.1305261922200515,0.0,0.0,0.9914448613738105,-0.004136547157098764,-0.22496149868535165,0.2802328425555495,-0.1305261922200515,0.0,0.0,0.9914448613738105,-0.0041365489540841766,-0.2249614989576515,0.28023284256689457,-0.13052619222376977,-2.9327939561870165e-12,1.2143480169969126e-10,0.991444861373321,-0.004961870843411428,-0.22495859122828663,0.2802282630250954,-0.13048503871719577,4.782096647218197e-06,-9.471448161065465e-06,0.9914502784095606,-0.004961870843411428,-0.22495859122828663,0.2802282630250954,-0.13048503871719577,4.782096647218197e-06,-9.471448161065465e-06,0.9914502784095606,0.12952994090571598,-0.5196611962208465,0.7854748541763777,0.24390842257733744,0.5429201781856637,0.2436387449189608,0.12060067636257375,-0.5203274311783183,0.7856522902851824,0.22790101393663867,0.5403544079420356,0.22768259107282135,0.12060067636257375,-0.5203274311783183,0.7856522902851824,0.22790101393663867,0.5403544079420356,0.22768259107282135,0.0813907886141761,0.005520805600582609,-0.0013555072358680579,0.1473907816688788,0.021751857160084587,0.14698418514845163,-0.0017971366982691649,0.004465631924820265,-0.0021462358226600996,-0.01557404112711482,0.013111057274150321,-0.016068675771989626,0.0,True,False,1,True,True,0.0027746999985538423,3,1.8175347295812572e-09,2.430561907932607e-10,`gtol` termination condition is satisfied.,True,True,0.009999999999999787,0.01602470124937419,1.0,0.0008253397167808254,8.568627643303607e-05,0.0008253415127051888,8.568621481911429e-05
2.709999999999986,1786132507.634829,0.006271300007938407,0.006968400004552677,0.01,TELEOP,0,,0.0,2.709999999999986,271,0.042749999999999656,0.0,0.0,0.0,0.0,0.0,1.0,0.040263592675373015,0.0,0.0,0.0,0.0,0.0,1.0,-0.003920922197388099,-0.22496149868535165,0.2802328425555495,-0.1305261922200515,0.0,0.0,0.9914448613738105,-0.004061547165580729,-0.22496149868535165,0.2802328425555495,-0.1305261922200515,0.0,0.0,0.9914448613738105,-0.004061548960457059,-0.2249614989584641,0.2802328425663535,-0.13052619222380513,-2.932603552306335e-12,1.2129714115948676e-10,0.9914448613733163,-0.004886869623736356,-0.22495859055555734,0.2802282640661712,-0.1304850530441903,4.8135560780084865e-06,-9.534663152696707e-06,0.9914502765232227,-0.004886869623736356,-0.22495859055555734,0.2802282640661712,-0.1304850530441903,4.8135560780084865e-06,-9.534663152696707e-06,0.9914502765232227,0.1303420116499259,-0.5196006557416641,0.7854587212060143,0.2453634890763167,0.543153040675788,0.24508911224451443,0.12141440675325474,-0.5202717767420029,0.7856385205724704,0.22937336329040667,0.540573234915543,0.22915082472259665,0.12141440675325474,-0.5202717767420029,0.7856385205724704,0.22937336329040667,0.540573234915543,0.22915082472259665,0.08137303906810042,0.005565443631543859,-0.0013769712711901706,0.1472349353768042,0.021882697350738896,0.1468233649775342,-0.0017749546075684446,0.004463803096125106,-0.0021464035322113265,-0.01558462920746064,0.01308401906543122,-0.016082017091743665,0.0,True,False,1,True,True,0.0031454999989364296,3,1.815568279359006e-09,2.427832823209368e-10,`gtol` termination condition is satisfied.,True,True,0.009999999999999787,0.016007408640698773,1.0,0.0008253384873536228,8.569336994245766e-05,0.0008253402811688852,8.569330796571178e-05
2.719999999999986,1786132507.6413348,0.007178799991379492,0.0062954000022728,0.01,TELEOP,0,,0.0,2.719999999999986,272,0.04299999999999965,0.0,0.0,0.0,0.0,0.0,1.0,0.04051359265975814,0.0,0.0,0.0,0.0,0.0,1.0,-0.0038459222020725634,-0.22496149868535165,0.2802328425555495,-0.1305261922200515,0.0,0.0,0.9914448613738105,-0.003986547173263221,-0.22496149868535165,0.2802328425555495,-0.1305261922200515,0.0,0.0,0.9914448613738105,-0.003986548966022102,-0.2249614989592693,0.2802328425658165,-0.13052619222384007,-2.9323991931874058e-12,1.2115886436492548e-10,0.9914448613733117,-0.004811872089397193,-0.22495859020191095,0.2802282656462928,-0.1304850722703934,4.844586709886426e-06,-9.597420690732533e-06,0.9914502739920998,-0.004811872089397193,-0.22495859020191095,0.2802282656462928,-0.1304850722703934,4.844586709886426e-06,-9.597420690732533e-06,0.9914502739920998,0.13115393593033783,-0.51953967090379,0.7854423733818758,0.2468169999429561,0.5433871787001917,0.2465378709685236,0.12222796189733094,-0.5202156761070594,0.7856245362025498,0.23084415323033672,0.540793367584207,0.23061744894493183,0.12222796189733094,-0.5202156761070594,0.7856245362025498,0.23084415323033672,0.540793367584207,0.23061744894493183,0.08135551440762198,0.005610063494340769,-0.0013984369920594444,0.14707899399300764,0.022013266866405597,0.14666242223352227,-0.0017524660478440701,0.00446198627969114,-0.0021465720869274347,-0.015594138379657063,0.013056951566670343,-0.016094274401192342,0.0,True,False,1,True,True,0.002875400008633733,3,1.8135933134061405e-09,2.4250914632662466e-10,`gtol` termination condition is satisfied.,True,True,0.009999999999999787,0.015990125785910025,1.0,0.0008253409398783703,8.569083666857131e-05,0.0008253427315762931,8.569077432758557e-05
2.7299999999999858,1786132507.6476486,0.006512399995699525,0.006096500001149252,0.01,TELEOP,0,,0.0,2.7299999999999858,273,0.04324999999999965,0.0,0.0,0.0,0.0,0.0,1.0,0.04076359264562872,0.0,0.0,0.0,0.0,0.0,1.0,-0.0037709222063113893,-0.22496149868535165,0.2802328425555495,-0.1305261922200515,0.0,0.0,0.9914448613738105,-0.00391154718022073,-0.22496149868535165,0.2802328425555495,-0.1305261922200515,0.0,0.0,0.9914448613738105,-0.00391154897085386,-0.22496149896006762,0.28023284256528386,-0.1305261922238743,-2.932133495262848e-12,1.210200676864842e-10,0.9914448613733072,-0.004736877932325828,-0.224958590143554,0.2802282677276464,-0.13048509605295316,4.875204869550845e-06,-9.659713054077233e-06,0.9914502708613145,-0.004736877932325828,-0.224958590143554,0.2802282677276464,-0.13048509605295316,4.875204869550845e-06,-9.659713054077233e-06,0.9914502708613145,0.13196571262816356,-0.5194782418179638,0.7854258106076691,0.24826894830448412,0.5436225895321,0.24798501394930375,0.1230413440483649,-0.5201591294535759,0.7856103371579359,0.2323133828632875,0.5410148032384539,0.23208246257238055,0.1230413440483649,-0.5201591294535759,0.7856103371579359,0.2323133828632875,0.5410148032384539,0.23208246257238055,0.08133821510339836,0.005654665348351033,-0.0014199044613882788,0.1469229632950816,0.022143565424686325,0.1465013627448759,-0.0017299304223622701,0.004460185401026451,-0.0021467469328834807,-0.015603069792604942,0.013029855828073072,-0.01610594886463553,0.0,True,False,1,True,True,0.0029285000055097044,3,1.8116099548254833e-09,2.422339508816708e-10,`gtol` termination condition is satisfied.,True,True,0.009999999999999787,0.015972846712619393,1.0,0.0008253467665153335,8.567935271958275e-05,0.0008253485560877281,8.567929001381661e-05
2.7399999999999856,1786132507.6535113,0.006307900010142475,0.005651200001011603,0.01,TELEOP,0,,0.0,2.7399999999999856,274,0.04349999999999964,0.0,0.0,0.0,0.0,0.0,1.0,0.04101359263284556,0.0,0.0,0.0,0.0,0.0,1.0,-0.003695922210146335,-0.22496149868535165,0.2802328425555495,-0.1305261922200515,0.0,0.0,0.9914448613738105,-0.003836547186520858,-0.22496149868535165,0.2802328425555495,-0.1305261922200515,0.0,0.0,0.9914448613738105,-0.0038365489750200772,-0.22496149896085854,0.2802328425647554,-0.13052619222390813,-2.9318918130355726e-12,1.2088070678507808e-10,0.9914448613733027,-0.0046618868464081385,-0.2249585903564127,0.28022827027196234,-0.13048512404493356,4.905428035969871e-06,-9.721533756654288e-06,0.9914502671765271,-0.0046618868464081385,-0.2249585903564127,0.28022827027196234,-0.13048512404493356,4.905428035969871e-06,-9.721533756654288e-06,0.9914502671765271,0.13277734062572594,-0.5194163685960188,0.7854090327875958,0.24971932733872335,0.5438592704338608,0.24943053409629415,0.12385455544082216,-0.5201021369597052,0.7855959234200236,0.23378105130790514,0.541237539165926,0.23354586444979128,0.12385455544082216,-0.5201021369597052,0.7855959234200236,0.23378105130790514,0.541237539165926,0.23354586444979128,0.081321139245727,0.005699249387069758,-0.0014413737912310333,0.14676684446176635,0.022273592747217314,0.14634018774107624,-0.0017075857671369765,0.004458403871872636,-0.0021469329842755034,-0.015611883331524459,0.01300273225309908,-0.01611750037996592,0.0,True,False,1,True,True,0.0026313999987905845,3,1.8096182624573672e-09,2.419576185809977e-10,`gtol` termination condition is satisfied.,True,True,0.009999999999999787,0.015955565441196612,1.0,0.000825355661390036,8.565960202887688e-05,0.0008253574488288517,8.565953895757513e-05
2.7499999999999853,1786132507.6609867,0.005864799997652881,0.0072623000014573336,0.01,TELEOP,0,,0.0,2.7499999999999853,275,0.043749999999999636,0.0,0.0,0.0,0.0,0.0,1.0,0.041263592621282395,0.0,0.0,0.0,0.0,0.0,1.0,-0.0036209222136152856,-0.22496149868535165,0.2802328425555495,-0.1305261922200515,0.0,0.0,0.9914448613738105,-0.0037615471922249483,-0.22496149868535165,0.2802328425555495,-0.1305261922200515,0.0,0.0,0.9914448613738105,-0.0037615489785822118,-0.2249614989616423,0.28023284256423125,-0.13052619222394152,-2.9316325619819955e-12,1.207407438573624e-10,0.9914448613732983,-0.004586898529448633,-0.22495859081631203,0.28022827324080013,-0.13048515589790305,4.935274652699959e-06,-9.782877497959922e-06,0.9914502629835944,-0.004586898529448633,-0.22495859081631203,0.28022827324080013,-0.13048515589790305,4.935274652699959e-06,-9.782877497959922e-06,0.9914502629835944,0.13358881880646423,-0.5193540513508758,0.7853920398263481,0.2511681302741449,0.5440972186570466,0.2508744243701135,0.1246675982683916,-0.5200446988013735,0.7855812949686479,0.23524715765273685,0.5414615726514638,0.23500765339242002,0.1246675982683916,-0.5200446988013735,0.7855812949686479,0.23524715765273685,0.5414615726514638,0.23500765339242002,0.08130428275694562,0.0057438158331677225,-0.0014628451375697756,0.14661063448317457,0.022403348553782985,0.14617889426287697,-0.001685648878137098,0.0044566446097965146,-0.0021471346338742692,-0.01562099785917907,0.012975580656567384,-0.01612934781992694,0.0,True,False,1,True,True,0.0030166000069584697,3,1.8076183704745713e-09,2.416800862572513e-10,`gtol` termination condition is satisfied.,True,True,0.009999999999999787,0.01593827603081821,1.0,0.0008253673225548028,8.563227121074666e-05,0.0008253691078520901,8.563220777361398e-05
2.759999999999985,1786132507.6714046,0.007692500003031455,0.009987099998397753,0.01,TELEOP,0,,0.0,2.759999999999985,276,0.04399999999999963,0.0,0.0,0.0,0.0,0.0,1.0,0.041513592610824684,0.0,0.0,0.0,0.0,0.0,1.0,-0.0035459222167525985,-0.22496149868535165,0.2802328425555495,-0.1305261922200515,0.0,0.0,0.9914448613738105,-0.003686547197388664,-0.22496149868535165,0.2802328425555495,-0.1305261922200515,0.0,0.0,0.9914448613738105,-0.0036865489815960245,-0.2249614989624189,0.28023284256371117,-0.13052619222397446,-2.9313054555661575e-12,1.2060020959094968e-10,0.991444861373294,-0.004511912684943786,-0.2249585914991431,0.28022827659581606,-0.13048519126434968,4.964763945416494e-06,-9.84374010842361e-06,0.9914502583282522,-0.004511912684943786,-0.2249585914991431,0.28022827659581606,-0.13048519126434968,4.964763945416494e-06,-9.84374010842361e-06,0.9914502583282522,0.13440014605494333,-0.5192912901965476,0.7853748316291148,0.25261535038992744,0.5443364314425536,0.2523166777826212,0.12548047466440354,-0.5199868151520359,0.7855664517816957,0.2367117009183964,0.5416869009770338,0.23646782814809497,0.12548047466440354,-0.5199868151520359,0.7855664517816957,0.2367117009183964,0.5416869009770338,0.23646782814809497,0.08128763960119441,0.005788364933755041,-0.001484318695225845,0.14645432656595905,0.022532832557002346,0.14601747556749914,-0.0016643155751217692,0.004454910058731972,-0.0021473557656070037,-0.015630791721552482,0.012948400321936289,-0.016141869537783286,0.0,True,False,1,True,True,0.004609300012816675,3,1.8056103631928608e-09,2.414014057232152e-10,`gtol` termination condition is satisfied.,True,True,0.009999999999999787,0.01592097262140807,1.0,0.0008253814537590787,8.559804476838494e-05,0.0008253832369069787,8.559798096550467e-05
2.769999999999985,1786132507.6803946,0.010393999997177161,0.008583599992562085,0.01,TELEOP,0,,0.0,2.769999999999985,277,0.04424999999999962,0.0,0.0,0.0,0.0,0.0,1.0,0.041763592601368534,0.0,0.0,0.0,0.0,0.0,1.0,-0.0034709222195894434,-0.22496149868535165,0.2802328425555495,-0.1305261922200515,0.0,0.0,0.9914448613738105,-0.0036115472020625127,-0.22496149868535165,0.2802328425555495,-0.1305261922200515,0.0,0.0,0.9914448613738105,-0.0036115489841121104,-0.22496149896318823,0.2802328425631956,-0.13052619222400685,-2.9310054129531494e-12,1.2045917873879602e-10,0.9914448613732897,-0.004436929023668042,-0.22495859238101745,0.2802282802990102,-0.13048522979991956,4.993915744683218e-06,-9.904118491170445e-06,0.9914502532558209,-0.004436929023668042,-0.22495859238101745,0.2802282802990102,-0.13048522979991956,4.993915744683218e-06,-9.904118491170445e-06,0.9914502532558209,0.13521132125686108,-0.5192280852481356,0.7853574081015772,0.2540609810160084,0.5445769060207019,0.25375728739697084,0.12629318668430653,-0.5199284861824772,0.7855513938347665,0.23817468002370665,0.5419135214216095,0.23792638736335867,0.12629318668430653,-0.5199284861824772,0.7855513938347665,0.23817468002370665,0.5419135214216095,0.23792638736335867,0.08127120199030151,0.005832896955872923,-0.0015057946929282304,0.14629791053102634,0.022662044457577215,0.14585592152637133,-0.0016437610892906795,0.0044532022117883385,-0.0021475997702385774,-0.01564160349327206,0.012921190057487252,-0.016155404112779458,0.0,True,False,1,True,True,0.004703500002506189,3,1.8035943005078735e-09,2.41121721603181e-10,`gtol` termination condition is satisfied.,True,True,0.009999999999999787,0.01590364947153103,1.0,0.0008253977660326957,8.555760065692984e-05,0.0008253995470234254,8.555753648886937e-05
2.7799999999999847,1786132507.686326,0.008801999996649101,0.005712899990612641,0.01,TELEOP,0,,0.0,2.7799999999999847,278,0.04449999999999962,0.0,0.0,0.0,0.0,0.0,1.0,0.042013592592819705,0.0,0.0,0.0,0.0,0.0,1.0,-0.003395922222154093,-0.22496149868535165,0.2802328425555495,-0.1305261922200515,0.0,0.0,0.9914448613738105,-0.0035365472062923193,-0.22496149868535165,0.2802328425555495,-0.1305261922200515,0.0,0.0,0.9914448613738105,-0.003536548986176443,-0.22496149896395043,0.2802328425626842,-0.13052619222403888,-2.930705843899628e-12,1.2031757646444323e-10,0.9914448613732855,-0.004361947265076795,-0.2249585934384098,0.2802282843129539,-0.13048527116547398,5.022750315619293e-06,-9.964010560667722e-06,0.9914502478109344,-0.004361947265076795,-0.2249585934384098,0.2802282843129539,-0.13048527116547398,5.022750315619293e-06,-9.964010560667722e-06,0.9914502478109344,0.13602234329905644,-0.5191644366218306,0.7853397691499153,0.255505015533133,0.5448186396113406,0.2551962463276608,0.12710573629015337,-0.519869712060655,0.7855361211008809,0.23963609375572315,0.5421414312610104,0.23938332955349137,0.12710573629015337,-0.519869712060655,0.7855361211008809,0.23963609375572315,0.5421414312610104,0.23938332955349137,0.08125496058468604,0.00587741218222141,-0.001527273388553059,0.14614137320165355,0.022790983940092338,0.14569421901327242,-0.0016241405615468468,0.004451522634848809,-0.0021478695624829146,-0.01565373293727935,0.01289394825151269,-0.016170251309890332,0.0,True,False,1,True,True,0.0026319999888073653,3,1.801570337335449e-09,2.408408875154839e-10,`gtol` termination condition is satisfied.,True,True,0.009999999999999787,0.015886300992301733,1.0,0.0008254159790862636,8.551160621172404e-05,0.0008254177579121798,8.551154167925324e-05
2.7899999999999845,1786132507.693496,0.00591980000899639,0.006963000007090159,0.01,TELEOP,0,,0.0,2.7899999999999845,279,0.044749999999999616,0.0,0.0,0.0,0.0,0.0,1.0,0.04226359258509275,0.0,0.0,0.0,0.0,0.0,1.0,-0.003320922224472179,-0.22496149868535165,0.2802328425555495,-0.1305261922200515,0.0,0.0,0.9914448613738105,-0.0034615472101196584,-0.22496149868535165,0.2802328425555495,-0.1305261922200515,0.0,0.0,0.9914448613738105,-0.0034615489878306836,-0.22496149896470544,0.28023284256217706,-0.1305261922240704,-2.9303056434345812e-12,1.2017542297750327e-10,0.9914448613732814,-0.004286967138532025,-0.22495859464828794,0.28022828860099674,-0.130485315028966,5.051288194623946e-06,-1.0023415178504757e-05,0.9914502420372932,-0.004286967138532025,-0.22495859464828794,0.28022828860099674,-0.130485315028966,5.051288194623946e-06,-1.0023415178504757e-05,0.9914502420372932,0.13683321106951915,-0.5191003444349103,0.7853219146808019,0.2569474473729047,0.5450616294239453,0.25663354774058666,0.12791812533703634,-0.5198104929515837,0.7855206335502353,0.24109594074352425,0.5423706277677038,0.24083865307630117,0.12791812533703634,-0.5198104929515837,0.7855206335502353,0.24109594074352425,0.5423706277677038,0.24083865307630117,0.08123890468829954,0.005921910907136816,-0.001548755064561808,0.14598469878011405,0.022919650669344968,0.14553235228098257,-0.0016055896386489115,0.004449872491540652,-0.0021481676008749365,-0.0156674421539491,0.012866672925263348,-0.016186673228985732,0.0,True,False,1,True,True,0.0038512000028276816,3,1.7995385392627522e-09,2.4055893605562e-10,`gtol` termination condition is satisfied.,True,True,0.009999999999999787,0.01586892177740984,1.0,0.0008254358225346823,8.546071443905123e-05,0.0008254375991882201,8.546064954343324e-05
2.7999999999999843,1786132507.6996331,0.007194699996034615,0.005905500001972541,0.01,TELEOP,0,,0.0,2.7999999999999843,280,0.04499999999999961,0.0,0.0,0.0,0.0,0.0,1.0,0.04251359257811016,0.0,0.0,0.0,0.0,0.0,1.0,-0.003245922226566956,-0.22496149868535165,0.2802328425555495,-0.1305261922200515,0.0,0.0,0.9914448613738105,-0.0033865472135822475,-0.22496149868535165,0.2802328425555495,-0.1305261922200515,0.0,0.0,0.9914448613738105,-0.003386548989112635,-0.22496149896545312,0.28023284256167413,-0.13052619222410122,-2.929902109499982e-12,1.2003276944090954e-10,0.9914448613732774,-0.0042119883843568,-0.22495859598822962,0.2802282931274547,-0.13048536106713665,5.079550034481754e-06,-1.0082332087445655e-05,0.9914502359774412,-0.0042119883843568,-0.22495859598822962,0.2802282931274547,-0.13048536106713665,5.079550034481754e-06,-1.0082332087445655e-05,0.9914502359774412,0.13764392345739887,-0.5190358088057393,0.7853038446014093,0.25838827001782816,0.5453058726577231,0.258069184853086,0.1287303555614038,-0.5197508290172554,0.7855049311499989,0.2425542194356357,0.5426011082105757,0.24229235610954894,0.1287303555614038,-0.5197508290172554,0.7855049311499989,0.2425542194356357,0.5426011082105757,0.24229235610954894,0.08122302243674856,0.005966393432822887,-0.0015702400236441082,0.14582786921114893,0.02304804428719072,0.14537030332477904,-0.0015882251550979748,0.004448252568607235,-0.0021484959082300756,-0.015682956896512223,0.012839361784575554,-0.0162048956203531,0.0,True,False,1,True,True,0.0027584999916143715,3,1.797498957510567e-09,2.402759654929979e-10,`gtol` termination condition is satisfied.,True,True,0.009999999999999787,0.015851506629380452,1.0,0.0008254570369495491,8.540556066988434e-05,0.0008254588114232202,8.540549541318187e-05
2.809999999999984,1786132507.7060943,0.00615749999997206,0.0062098999915178865,0.01,TELEOP,0,,0.0,2.809999999999984,281,0.0452499999999996,0.0,0.0,0.0,0.0,0.0,1.0,0.04276359257180166,0.0,0.0,0.0,0.0,0.0,1.0,-0.003170922228459506,-0.22496149868535165,0.2802328425555495,-0.1305261922200515,0.0,0.0,0.9914448613738105,-0.003311547216714302,-0.22496149868535165,0.2802328425555495,-0.1305261922200515,0.0,0.0,0.9914448613738105,-0.003311548990056666,-0.22496149896619375,0.2802328425611757,-0.13052619222413184,-2.929487230032172e-12,1.1988958208375443e-10,0.9914448613732733,-0.004137010754725671,-0.22495859743652796,0.2802282978577774,-0.13048540896703,5.107556457859283e-06,-1.0140761844258213e-05,0.9914502296725665,-0.004137010754725671,-0.22495859743652796,0.2802282978577774,-0.13048540896703,5.107556457859283e-06,-1.0140761844258213e-05,0.9914502296725665,0.13845447935301416,-0.5189708298537676,0.785285558819403,0.2598274770013529,0.54555136650171,0.2595031509339841,0.1295424285711824,-0.519690720416597,0.785489013864153,0.24401092808094424,0.5428328698546745,0.2437444366318624,0.1295424285711824,-0.519690720416597,0.785489013864153,0.24401092808094424,0.5428328698546745,0.2437444366318624,0.08120730097786004,0.0060108600658430695,-0.0015917285845875706,0.1456708645308568,0.023176164409879175,0.14520805223134964,-0.0015721458888517253,0.00444666330201831,-0.002148856094346284,-0.01570046802921443,0.012812012268845874,-0.01622510934294099,0.0,True,False,1,True,True,0.0026440999936312437,3,1.7954517758116739e-09,2.399919281433507e-10,`gtol` termination condition is satisfied.,True,True,0.009999999999999787,0.01583405058219245,1.0,0.000825479374747696,8.534675957871116e-05,0.0008254811470341541,8.534669396234312e-05
2.819999999999984,1786132507.7159414,0.006599599990295246,0.009456300002057105,0.01,TELEOP,0,,0.0,2.819999999999984,282,0.045499999999999596,0.0,0.0,0.0,0.0,0.0,1.0,0.04301359256610352,0.0,0.0,0.0,0.0,0.0,1.0,-0.0030959222301689474,-0.22496149868535165,0.2802328425555495,-0.1305261922200515,0.0,0.0,0.9914448613738105,-0.003236547219546859,-0.22496149868535165,0.2802328425555495,-0.1305261922200515,0.0,0.0,0.9914448613738105,-0.003236548990693911,-0.22496149896692702,0.2802328425606814,-0.13052619222416198,-2.9291342969250786e-12,1.1974583942712105e-10,0.9914448613732694,-0.004062034014398343,-0.22495859897228396,0.28022830275869637,-0.13048545842733258,5.135327919730302e-06,-1.0198705751613452e-05,0.9914502231623248,-0.004062034014398343,-0.22495859897228396,0.28022830275869637,-0.13048545842733258,5.135327919730302e-06,-1.0198705751613452e-05,0.9914502231623248,0.13926487764786377,-0.5189054076995304,0.7852670572429485,0.26126506190791277,0.5457981081348773,0.2609354393036354,0.13035434583762304,-0.5196301673054583,0.7854728816533693,0.24546606471294213,0.5430659099609331,0.2451948924069815,0.13035434583762304,-0.5196301673054583,0.7854728816533693,0.24546606471294213,0.5430659099609331,0.2451948924069815,0.08119172664406711,0.006055311113874626,-0.0016132210783750642,0.1455136631997913,0.0233040106258634,0.14504557751191285,-0.0015574333792935102,0.004445104803155729,-0.002149249378749404,-0.01572013310654763,0.01278462159842262,-0.016247471943678836,0.0,True,False,1,True,True,0.004768099999637343,3,1.7933970301687563e-09,2.397067742677303e-10,`gtol` termination condition is satisfied.,True,True,0.009999999999999787,0.015816548920408652,1.0,0.0008255026009234007,8.52849025500934e-05,0.0008255043710153918,8.528483657640611e-05
2.8299999999999836,1786132507.7224467,0.009677300011389889,0.006285200011916459,0.01,TELEOP,0,,0.0,2.8299999999999836,283,0.0457499999999996,0.0,0.0,0.0,0.0,0.0,1.0,0.04326359256095798,0.0,0.0,0.0,0.0,0.0,1.0,-0.0030209222317126114,-0.22496149868535165,0.2802328425555495,-0.1305261922200515,0.0,0.0,0.9914448613738105,-0.0031615472221080704,-0.22496149868535165,0.2802328425555495,-0.1305261922200515,0.0,0.0,0.9914448613738105,-0.0031615489910526116,-0.2249614989676531,0.2802328425601913,-0.13052619222419146,-2.928615238091168e-12,1.1960166841277557e-10,0.9914448613732654,-0.0039870579413048,-0.22495860057548672,0.2802283077983537,-0.13048550915953838,5.162884579685829e-06,-1.025616578992317e-05,0.9914502164846866,-0.0039870579413048,-0.22495860057548672,0.2802283077983537,-0.13048550915953838,5.162884579685829e-06,-1.025616578992317e-05,0.9914502164846866,0.14007511723463567,-0.5188395424646456,0.7852483397807072,0.26270101837296234,0.5460460947262301,0.2623660433339617,0.131166108688784,-0.519569169836631,0.785456534474924,0.24691962713713478,0.5433002257858736,0.24664372097116694,0.131166108688784,-0.519569169836631,0.785456534474924,0.24691962713713478,0.5433002257858736,0.24664372097116694,0.08117628511609808,0.0060997468827272356,-0.0016347178445258058,0.14535624241926717,0.023431582494053284,0.14488285641854526,-0.0015441527969040313,0.004443576885261092,-0.002149676615074205,-0.015742078052413448,0.012757186818988683,-0.016272109336760987,0.0,True,False,1,True,True,0.002650000009452924,3,1.7913348237651001e-09,2.394207352452927e-10,`gtol` termination condition is satisfied.,True,True,0.009999999999999787,0.015798997194970632,1.0,0.0008255264936321209,8.522055539906279e-05,0.0008255282615224724,8.522048907099781e-05
2.8399999999999834,1786132507.7290983,0.006571399993845262,0.006364799992297776,0.01,TELEOP,0,,0.0,2.8399999999999834,284,0.04599999999999959,0.0,0.0,0.0,0.0,0.0,1.0,0.04351359255631265,0.0,0.0,0.0,0.0,0.0,1.0,-0.002945922233106208,-0.22496149868535165,0.2802328425555495,-0.1305261922200515,0.0,0.0,0.9914448613738105,-0.003086547224423468,-0.22496149868535165,0.2802328425555495,-0.1305261922200515,0.0,0.0,0.9914448613738105,-0.0030865489911584137,-0.22496149896837198,0.2802328425597055,-0.13052619222422038,-2.9281311082257972e-12,1.1945698503447638e-10,0.9914448613732616,-0.003912082326989839,-0.22495860222708328,0.2802283129464125,-0.13048556088894417,5.190246183837544e-06,-1.0313144549284385e-05,0.9914502096758052,-0.003912082326989839,-0.22495860222708328,0.2802283129464125,-0.13048556088894417,5.190246183837544e-06,-1.0313144549284385e-05,0.9914502096758052,0.14088519700721877,-0.5187732342718144,0.785229406341838,0.26413534008301326,0.5462953234349108,0.26379495644849016,0.13197771830455957,-0.5195077281598948,0.7854399722826472,0.24837161292143553,0.5435358145812985,0.24809091962359608,0.13197771830455957,-0.5195077281598948,0.7854399722826472,0.24837161292143553,0.5435358145812985,0.24809091962359608,0.08116096157755849,0.006144167673622609,-0.0016562192276806046,0.1451985784300772,0.02355887954249139,0.14471986524291872,-0.0015323538539585568,0.0044420790895374675,-0.002150138315479921,-0.015766398918998458,0.012729704843810873,-0.016299117562653308,0.0,True,False,1,True,True,0.0028718999965349212,3,1.7892652537046168e-09,2.391336624930827e-10,`gtol` termination condition is satisfied.,True,True,0.009999999999999787,0.015781391235827558,1.0,0.0008255508446338349,8.51542564293095e-05,0.0008255526103154799,8.515418975001337e-05
2.849999999999983,1786132507.7350676,0.006582900008652359,0.005751100004999898,0.01,TELEOP,0,,0.0,2.849999999999983,285,0.04624999999999958,0.0,0.0,0.0,0.0,0.0,1.0,0.04376359255212006,0.0,0.0,0.0,0.0,0.0,1.0,-0.0028709222343639863,-0.22496149868535165,0.2802328425555495,-0.1305261922200515,0.0,0.0,0.9914448613738105,-0.003011547226516209,-0.22496149868535165,0.2802328425555495,-0.1305261922200515,0.0,0.0,0.9914448613738105,-0.0030115489910345974,-0.2249614989690835,0.28023284255922415,-0.13052619222424908,-2.927672762061352e-12,1.19311745200697e-10,0.9914448613732578,-0.0038371069769261613,-0.2249586039090356,0.28022831817414934,-0.13048561335548273,5.217431956789224e-06,-1.0369645162453902e-05,0.9914502027699084,-0.0038371069769261613,-0.2249586039090356,0.28022831817414934,-0.13048561335548273,5.217431956789224e-06,-1.0369645162453902e-05,0.9914502027699084,0.14169511586071248,-0.5187064832448199,0.7852102568359983,0.26556802077566305,0.5465457914103002,0.26522217212238425,0.13278917571316046,-0.5194458424220875,0.7854231950269028,0.24982201938936557,0.5437726735939727,0.24953648541956439,0.13278917571316046,-0.5194458424220875,0.7854231950269028,0.24982201938936557,0.5437726735939727,0.24953648541956439,0.08114574086009037,0.006188573780733799,-0.0016777255744355873,0.14504064679300654,0.02368590126742386,0.14455657959683393,-0.0015220717468125238,0.004440610711119096,-0.002150634675498313,-0.015793163707065554,0.012702172493247172,-0.016328564608477973,0.0,True,False,1,True,True,0.002665699998033233,3,1.7871884080883356e-09,2.3884546901404335e-10,`gtol` termination condition is satisfied.,True,True,0.009999999999999787,0.01576372716157773,1.0,0.0008255754596051905,8.508651481483533e-05,0.0008255772230711776,8.508644778708994e-05
2.859999999999983,1786132507.7423344,0.006017799998517148,0.007000700003118254,0.01,TELEOP,0,,0.0,2.859999999999983,286,0.046499999999999576,0.0,0.0,0.0,0.0,0.0,1.0,0.044013592548337165,0.0,0.0,0.0,0.0,0.0,1.0,-0.002795922235498854,-0.22496149868535165,0.2802328425555495,-0.1305261922200515,0.0,0.0,0.9914448613738105,-0.002936547228407292,-0.22496149868535165,0.2802328425555495,-0.1305261922200515,0.0,0.0,0.9914448613738105,-0.002936548990702236,-0.22496149896978798,0.2802328425587469,-0.13052619222427714,-2.9271246674595734e-12,1.191660902016519e-10,0.9914448613732542,-0.0037621317107044278,-0.22495860560436726,0.2802283234545283,-0.13048566631439665,5.244460503696833e-06,-1.042567123878717e-05,0.9914501957992086,-0.0037621317107044278,-0.22495860560436726,0.2802283234545283,-0.13048566631439665,5.244460503696833e-06,-1.042567123878717e-05,0.9914501957992086,0.14250487269143847,-0.5186392895085228,0.7851908911733426,0.26699905423962367,0.5467974957921217,0.26664768388247445,0.13360048178894932,-0.5193835127671976,0.7854062026545986,0.25127084361587265,0.5440108000653001,0.25098041516630554,0.13360048178894932,-0.5193835127671976,0.7854062026545986,0.25127084361587265,0.5440108000653001,0.25098041516630554,0.08113060757888702,0.006232965488981457,-0.0016992372304272128,0.14488242265071302,0.023812647132741956,0.14439297467411866,-0.0015133281203356247,0.004439170824765862,-0.0021511655991625902,-0.015822414229353425,0.012674586531809801,-0.01636049227152816,0.0,True,False,1,True,True,0.0036263000074541196,3,1.7851044010381496e-09,2.3855641671840424e-10,`gtol` termination condition is satisfied.,True,True,0.009999999999999787,0.015746001386297476,1.0,0.0008256001583288448,8.501780929707823e-05,0.0008256019195722908,8.501774192482395e-05
2.869999999999983,1786132507.7490842,0.0072284999914700165,0.006520899987663142,0.01,TELEOP,0,,0.0,2.869999999999983,287,0.04674999999999957,0.0,0.0,0.0,0.0,0.0,1.0,0.04426359254492496,0.0,0.0,0.0,0.0,0.0,1.0,-0.0027209222365225175,-0.22496149868535165,0.2802328425555495,-0.1305261922200515,0.0,0.0,0.9914448613738105,-0.0028615472301157605,-0.22496149868535165,0.2802328425555495,-0.1305261922200515,0.0,0.0,0.9914448613738105,-0.002861548990180523,-0.22496149897048517,0.28023284255827396,-0.13052619222430484,-2.9265585723989116e-12,1.190199211170061e-10,0.9914448613732505,-0.003687156362109298,-0.22495860729720057,0.28022832876226034,-0.13048571953676324,5.271349722356996e-06,-1.0481226799874203e-05,0.9914501887938344,-0.003687156362109298,-0.22495860729720057,0.28022832876226034,-0.13048571953676324,5.271349722356996e-06,-1.0481226799874203e-05,0.9914501887938344,0.1433144663969515,-0.5185716531888662,0.7851713092645246,0.2684284343147496,0.54705043371054,0.26807148530728725,0.13441163725153354,-0.5193207393364769,0.785388995109222,0.2527180824255797,0.5442501912309977,0.25242270542124173,0.13441163725153354,-0.5193207393364769,0.785388995109222,0.2527180824255797,0.5442501912309977,0.25242270542124173,0.08111554625842572,0.0062773430720742575,-0.0017207545376652133,0.14472388097070704,0.02393911656976335,0.14422902549362385,-0.0015061320461288534,0.004437758309280129,-0.002151730723800095,-0.015854168000597562,0.012646943702139795,-0.01639491804948101,0.0,True,False,1,True,True,0.0032801000052131712,3,1.783013325577476e-09,2.382663325294778e-10,`gtol` termination condition is satisfied.,True,True,0.009999999999999787,0.015728210623751016,1.0,0.0008256247747687663,8.494858718383878e-05,0.0008256265337829322,8.494851947052012e-05
2.8799999999999826,1786132507.7561333,0.006737200004863553,0.006833799998275936,0.01,TELEOP,0,,0.0,2.8799999999999826,288,0.04699999999999957,0.0,0.0,0.0,0.0,0.0,1.0,0.04451359254184809,0.0,0.0,0.0,0.0,0.0,1.0,-0.0026459222374455773,-0.22496149868535165,0.2802328425555495,-0.1305261922200515,0.0,0.0,0.9914448613738105,-0.00278654723165888,-0.22496149868535165,0.2802328425555495,-0.1305261922200515,0.0,0.0,0.9914448613738105,-0.0027865489894868117,-0.22496149897117504,0.2802328425578053,-0.1305261922243321,-2.9260772128471586e-12,1.1887324511673145e-10,0.9914448613732469,-0.003612180779090545,-0.22495860897278175,0.2802283340738439,-0.13048577280987292,5.298116726015328e-06,-1.0536316216874866e-05,0.9914501817817808,-0.003612180779090545,-0.22495860897278175,0.2802283340738439,-0.13048577280987292,5.298116726015328e-06,-1.0536316216874866e-05,0.9914501817817808,0.14412389587605073,-0.5185035744128689,0.7851515110206948,0.2698561548920579,0.5473046022862659,0.2694935700270681,0.13522264266601713,-0.519257522268569,0.7853715723309008,0.2541637323932728,0.544490844320771,0.2538633524924737,0.13522264266601713,-0.519257522268569,0.7853715723309008,0.2541637323932728,0.544490844320771,0.2538633524924737,0.08110054144836051,0.006321706790795888,-0.0017422778321147753,0.14456499676931353,0.0240653089773304,0.14406470712320127,-0.0015004810065206062,0.0044363718721631504,-0.0021523294449562534,-0.01588842013935064,0.012619240756705282,-0.016431837042257584,0.0,True,False,1,True,True,0.0027123000036226586,3,1.7809152530094163e-09,2.3797522538429567e-10,`gtol` termination condition is satisfied.,True,True,0.009999999999999787,0.015710351889169916,1.0,0.0008256491570410562,8.487926363289051e-05,0.0008256509138192859,8.487919558266055e-05
2.8899999999999824,1786132507.7630136,0.007107400000677444,0.006606300012208521,0.01,TELEOP,0,,0.0,2.8899999999999824,289,0.04724999999999956,0.0,0.0,0.0,0.0,0.0,1.0,0.04476359253907454,0.0,0.0,0.0,0.0,0.0,1.0,-0.002570922238277642,-0.22496149868535165,0.2802328425555495,-0.1305261922200515,0.0,0.0,0.9914448613738105,-0.0027115472330523035,-0.22496149868535165,0.2802328425555495,-0.1305261922200515,0.0,0.0,0.9914448613738105,-0.0027115489886368645,-0.22496149897185763,0.2802328425573409,-0.1305261922243587,-2.9254007943226916e-12,1.187261584503316e-10,0.9914448613732434,-0.003537204823638094,-0.22495861061749903,0.28022833936759384,-0.13048582593747432,5.3247777756811625e-06,-1.0590944150338937e-05,0.9914501747888765,-0.003537204823638094,-0.22495861061749903,0.28022833936759384,-0.13048582593747432,5.3247777756811625e-06,-1.0590944150338937e-05,0.9914501747888765,0.14493316002879114,-0.5184350533086273,0.7851314963535028,0.2712822099137492,0.547559998630657,0.27091393172380385,0.136033498444313,-0.5191938616996538,0.7853539342564856,0.2556077898464392,0.5447327565579929,0.2553023524413206,0.136033498444313,-0.5191938616996538,0.7853539342564856,0.2556077898464392,0.5447327565579929,0.2553023524413206,0.0810855778295902,0.006366056891522451,-0.001763807441520528,0.14440574531664602,0.024191223722195898,0.14389999488469155,-0.0014963618770314862,0.004435010072656345,-0.0021529609405753223,-0.015925145266751144,0.012591474486550042,-0.016471223850973486,0.0,True,False,1,True,True,0.0028897999873152003,3,1.7788102876989238e-09,2.376832607428844e-10,`gtol` termination condition is satisfied.,True,True,0.009999999999999787,0.015692422498785108,1.0,0.0008256731672885926,8.481022120381551e-05,0.0008256749218243327,8.481015282119471e-05
2.899999999999982,1786132507.7700176,0.006826099997851998,0.006784400000469759,0.01,TELEOP,0,,0.0,2.899999999999982,290,0.047499999999999556,0.0,0.0,0.0,0.0,0.0,1.0,0.045013592536575275,0.0,0.0,0.0,0.0,0.0,1.0,-0.0024959222390274222,-0.22496149868535165,0.2802328425555495,-0.1305261922200515,0.0,0.0,0.9914448613738105,-0.002636547234310223,-0.22496149868535165,0.2802328425555495,-0.1305261922200515,0.0,0.0,0.9914448613738105,-0.0026365489876449613,-0.22496149897253312,0.28023284255688075,-0.13052619222438502,-2.924788454537344e-12,1.1857859726443713e-10,0.99144486137324,-0.003462228371569967,-0.22495861221888988,0.2802283446236532,-0.13048587873989045,5.351348222395724e-06,-1.0645115492321667e-05,0.991450167838769,-0.003462228371569967,-0.22495861221888988,0.2802283446236532,-0.13048587873989045,5.351348222395724e-06,-1.0645115492321667e-05,0.991450167838769,0.14574225775649483,-0.5183660900053116,0.7851112651750952,0.2727065933732235,0.5478166198458213,0.2723325641312399,0.13684420484741883,-0.5191297577636041,0.7853360808196509,0.25705025086966665,0.5449759251593896,0.25673970108672134,0.13684420484741883,-0.5191297577636041,0.7853360808196509,0.25705025086966665,0.5449759251593896,0.25673970108672134,0.08107064031058395,0.006410393604966493,-0.0017853436834704612,0.14424610232274793,0.02431686013967151,0.1437348645400779,-0.0014937519006251918,0.004433671344404336,-0.0021536241949933494,-0.015964299389808572,0.012563641747561442,-0.016513034461366576,0.0,True,False,1,True,True,0.0026615999959176406,3,1.7766985324142519e-09,2.373903359777091e-10,`gtol` termination condition is satisfied.,True,True,0.009999999999999787,0.015674420067309958,1.0,0.000825696681468863,8.474180966441041e-05,0.0008256984337556433,8.474174095357362e-05
2.909999999999982,1786132507.7762759,0.007037799994577654,0.006004700000630692,0.01,TELEOP,0,,0.0,2.909999999999982,291,0.04774999999999955,0.0,0.0,0.0,0.0,0.0,1.0,0.045263592534324,0.0,0.0,0.0,0.0,0.0,1.0,-0.0024209222397028034,-0.22496149868535165,0.2802328425555495,-0.1305261922200515,0.0,0.0,0.9914448613738105,-0.0025615472354455033,-0.22496149868535165,0.2802328425555495,-0.1305261922200515,0.0,0.0,0.9914448613738105,-0.002561548986524078,-0.2249614989732014,0.28023284255642494,-0.1305261922244107,-2.924187006869914e-12,1.184306080740218e-10,0.9914448613732366,-0.003387251312241827,-0.22495861376564133,0.280228349823994,-0.13048593105401515,5.377842459736113e-06,-1.0698835311413095e-05,0.9914501609529249,-0.003387251312241827,-0.22495861376564133,0.280228349823994,-0.13048593105401515,5.377842459736113e-06,-1.0698835311413095e-05,0.9914501609529249,0.14655118796176328,-0.5182966846331669,0.7850908173981167,0.27412929931509555,0.5480744630247177,0.2737494610348985,0.1376547619885599,-0.5190652105921528,0.785318011951014,0.2584911113107184,0.5452203473347348,0.2581753940113121,0.1376547619885599,-0.5190652105921528,0.785318011951014,0.2584911113107184,0.5452203473347348,0.2581753940113121,0.08105571411410782,0.00645471714513403,-0.0018068868636911112,0.1440860441051779,0.02444221753451006,0.14356929245908331,-0.0014926196476125475,0.004432354016753814,-0.002154318022065046,-0.016005821757003373,0.012535739483855435,-0.01655720809945726,0.0,True,False,1,True,True,0.0028191000019432977,3,1.7745800675861672e-09,2.3709654054884585e-10,`gtol` termination condition is satisfied.,True,True,0.009999999999999787,0.015656342503556853,1.0,0.0008257195890634181,8.467434603010559e-05,0.000825721339094875,8.467427699616474e-05
2.9199999999999817,1786132507.7823083,0.0062252000061562285,0.005811999988509342,0.01,TELEOP,0,,0.0,2.9199999999999817,292,0.04799999999999954,0.0,0.0,0.0,0.0,0.0,1.0,0.0455135925322969,0.0,0.0,0.0,0.0,0.0,1.0,-0.0023459222403109346,-0.22496149868535165,0.2802328425555495,-0.1305261922200515,0.0,0.0,0.9914448613738105,-0.0024865472364698047,-0.22496149868535165,0.2802328425555495,-0.1305261922200515,0.0,0.0,0.9914448613738105,-0.0024865489852859933,-0.22496149897386236,0.2802328425559732,-0.13052619222443582,-2.9234623772392396e-12,1.1828213546013168e-10,0.9914448613732333,-0.0033122735481864833,-0.22495861524758232,0.2802283549524046,-0.1304859827331992,5.404273885078057e-06,-1.0752108800320593e-05,0.9914501541506447,-0.0033122735481864833,-0.22495861524758232,0.2802283549524046,-0.1304859827331992,5.404273885078057e-06,-1.0752108800320593e-05,0.9914501541506447,0.14735994954848788,-0.5182268373235116,0.7850701529357118,0.2755503218352031,0.5483335252512599,0.2751646162720877,0.13846516983710536,-0.519000220315068,0.7852997275782684,0.25993036678810255,0.5454660202865548,0.25960942656899794,0.13846516983710536,-0.519000220315068,0.7852997275782684,0.25993036678810255,0.5454660202865548,0.25960942656899794,0.08104078485454884,0.006499027708484821,-0.001828437274565616,0.14392554773841634,0.024567295181998874,0.1434032557685872,-0.0014929259558986905,0.004431056335079175,-0.0021550410874505255,-0.016049636676154316,0.012507764748881494,-0.016603669049611303,0.0,True,False,1,True,True,0.002686600011656992,3,1.7724549850633993e-09,2.3680173330812626e-10,`gtol` termination condition is satisfied.,True,True,0.009999999999999787,0.015638188004377163,1.0,0.0008257417927174645,8.460811482492844e-05,0.0008257435404873507,8.460804547297306e-05
2.9299999999999815,1786132507.7895205,0.0060219000006327406,0.007002199999988079,0.01,TELEOP,0,,0.0,2.9299999999999815,293,0.04824999999999954,0.0,0.0,0.0,0.0,0.0,1.0,0.045763592530472394,0.0,0.0,0.0,0.0,0.0,1.0,-0.0022709222408582863,-0.22496149868535165,0.2802328425555495,-0.1305261922200515,0.0,0.0,0.9914448613738105,-0.0024115472373936954,-0.22496149868535165,0.2802328425555495,-0.1305261922200515,0.0,0.0,0.9914448613738105,-0.0024115489839414243,-0.22496149897451603,0.280232842555526,-0.13052619222446063,-2.9227884865344123e-12,1.1813322906137815e-10,0.99144486137323,-0.003237294994692188,-0.22495861665566813,0.2802283599944657,-0.13048603364703423,5.430654870371018e-06,-1.0804941226884015e-05,0.9914501474490921,-0.003237294994692188,-0.22495861665566813,0.2802283599944657,-0.13048603364703423,5.430654870371018e-06,-1.0804941226884015e-05,0.9914501474490921,0.14816854142186284,-0.5181565482087339,0.7850492717015186,0.27696965508061755,0.5485938036004154,0.27657802373191476,0.1392754282231662,-0.5189347870603351,0.7852812276263297,0.26136801269995824,0.5457129412098471,0.2610417938938413,0.1392754282231662,-0.5189347870603351,0.7852812276263297,0.26136801269995824,0.5457129412098471,0.2610417938938413,0.08102583860608469,0.006543325473287523,-0.0018499951938724855,0.1437645911855726,0.02469209232923553,0.14323673248434163,-0.0014946248464152666,0.004429776480270258,-0.002155791930686999,-0.016095655284372366,0.012479714723665977,-0.016652328424558487,0.0,True,False,1,True,True,0.0037049999955343083,3,1.7703234203399901e-09,2.365060729571416e-10,`gtol` termination condition is satisfied.,True,True,0.009999999999999787,0.015619955047100564,1.0,0.000825763207818319,8.454336854043151e-05,0.0008257649533205296,8.454329887505932e-05
2.9399999999999813,1786132507.7957163,0.0072290999960387126,0.0059689999907277524,0.01,TELEOP,0,,0.0,2.9399999999999813,294,0.04849999999999954,0.0,0.0,0.0,0.0,0.0,1.0,0.04601359252883095,0.0,0.0,0.0,0.0,0.0,1.0,-0.0021959222413507184,-0.22496149868535165,0.2802328425555495,-0.1305261922200515,0.0,0.0,0.9914448613738105,-0.002336547238226753,-0.22496149868535165,0.2802328425555495,-0.1305261922200515,0.0,0.0,0.9914448613738105,-0.0023365489824999607,-0.22496149897516265,0.2802328425550829,-0.13052619222448503,-2.9220500926608038e-12,1.1798392665435293e-10,0.9914448613732267,-0.00316231557932729,-0.22495861798195968,0.2802283649375174,-0.13048608368104408,5.456996741407518e-06,-1.0857337888243533e-05,0.991450140863333,-0.00316231557932729,-0.22495861798195968,0.2802283649375174,-0.13048608368104408,5.456996741407518e-06,-1.0857337888243533e-05,0.991450140863333,0.1489769624883969,-0.5180858174222924,0.7850281736096775,0.2783872932496468,0.5488552951383138,0.2779896773552899,0.14008553684278605,-0.5188689109543436,0.7852625120174924,0.2628040442340877,0.5459611072918128,0.26247249091009667,0.14008553684278605,-0.5188689109543436,0.7852625120174924,0.2628040442340877,0.5459611072918128,0.26247249091009667,0.08101086196198784,0.00658761059915433,-0.0018715608837249237,0.1436031534129475,0.02481660819656772,0.14306970162554136,-0.0014976644096841712,0.004428512586680854,-0.0021565689852438676,-0.016143777262511705,0.01245158673321946,-0.016703085880027484,0.0,True,False,1,True,True,0.002769400001852773,3,1.7681854148387505e-09,2.362095934465136e-10,`gtol` termination condition is satisfied.,True,True,0.009999999999999787,0.015601642380659309,1.0,0.0008257837620204742,8.448032827458725e-05,0.0008257855052489153,8.448025830092227e-05
2.949999999999981,1786132507.8025448,0.00618650000251364,0.006610999989788979,0.01,TELEOP,0,,0.0,2.949999999999981,295,0.04874999999999953,0.0,0.0,0.0,0.0,0.0,1.0,0.046263592527354874,0.0,0.0,0.0,0.0,0.0,1.0,-0.0021209222417935426,-0.22496149868535165,0.2802328425555495,-0.1305261922200515,0.0,0.0,0.9914448613738105,-0.0022615472389776563,-0.22496149868535165,0.2802328425555495,-0.1305261922200515,0.0,0.0,0.9914448613738105,-0.002261548980970453,-0.2249614989758019,0.28023284255464403,-0.1305261922245088,-2.921268676595454e-12,1.178341665681553e-10,0.9914448613732236,-0.003087335241419211,-0.2249586192195959,0.2802283697706148,-0.13048613273628992,5.483309765676441e-06,-1.0909304068149618e-05,0.9914501344063895,-0.003087335241419211,-0.2249586192195959,0.2802283697706148,-0.13048613273628992,5.483309765676441e-06,-1.0909304068149618e-05,0.9914501344063895,0.14978521165592398,-0.5180146450987146,0.7850068585748223,0.27980323059183776,0.5491179969223401,0.27939957113493147,0.14089549526363992,-0.5188025921220761,0.7852435806715953,0.26423845637896853,0.5462105157116044,0.26390151234322545,0.14089549526363992,-0.5188025921220761,0.7852435806715953,0.26423845637896853,0.5462105157116044,0.26390151234322545,0.0809958420853902,0.006631883226744925,-0.0018931345897131864,0.14344121448808386,0.024940841979164362,0.14290214331288154,-0.0015019876597640917,0.00442726275905956,-0.002157370598826305,-0.016193892486364436,0.012423378259664367,-0.016755831265983373,0.0,True,False,1,True,True,0.0026024999970104545,3,1.7660410723169602e-09,2.359121609690844e-10,`gtol` termination condition is satisfied.,True,True,0.009999999999999787,0.015583249015559075,1.0,0.0008258033947246297,8.441918454135195e-05,0.0008258051356733764,8.441911426504071e-05
2.959999999999981,1786132507.810012,0.006907100003445521,0.0071715000085532665,0.01,TELEOP,0,,0.0,2.959999999999981,296,0.04899999999999952,0.0,0.0,0.0,0.0,0.0,1.0,0.04651359252602815,0.0,0.0,0.0,0.0,0.0,1.0,-0.002045922242191559,-0.22496149868535165,0.2802328425555495,-0.1305261922200515,0.0,0.0,0.9914448613738105,-0.0021865472396542674,-0.22496149868535165,0.2802328425555495,-0.1305261922200515,0.0,0.0,0.9914448613738105,-0.002186548979360853,-0.22496149897643405,0.2802328425542095,-0.1305261922245322,-2.920473515915993e-12,1.1768401309904987e-10,0.9914448613732205,-0.0030123539314952444,-0.2249586203627617,0.28022837448447746,-0.13048618072890183,5.509603147851698e-06,-1.096084499755709e-05,0.9914501280892996,-0.0030123539314952444,-0.2249586203627617,0.28022837448447746,-0.13048618072890183,5.509603147851698e-06,-1.096084499755709e-05,0.9914501280892996,0.15059328783361672,-0.5179430313735932,0.7849853265120846,0.28121746140797527,0.5493819060012447,0.2808076991153661,0.1417053029311586,-0.5187358306872999,0.785224433506193,0.2656712439355885,0.5464611636400915,0.26532885273173334,0.1417053029311586,-0.5187358306872999,0.785224433506193,0.2656712439355885,0.5464611636400915,0.26532885273173334,0.08098076675186934,0.006676143477629321,-0.0019147165402305872,0.14327875566199821,0.025064792848706434,0.14273403885079466,-0.0015075333520849638,0.004426025088439778,-0.0021581950517401325,-0.016245882608564625,0.01239508695420726,-0.01681044620868803,0.0,True,False,1,True,True,0.0037600999930873513,3,1.7638905201709185e-09,2.3561392418341607e-10,`gtol` termination condition is satisfied.,True,True,0.009999999999999787,0.015564774212869226,1.0,0.0008258220565191327,8.436009822273707e-05,0.0008258237951823468,8.436002764895914e-05
2.9699999999999807,1786132507.817005,0.007450699995388277,0.006712999995215796,0.01,TELEOP,0,,0.0,2.9699999999999807,297,0.049249999999999516,0.0,0.0,0.0,0.0,0.0,1.0,0.04676359252483627,0.0,0.0,0.0,0.0,0.0,1.0,-0.001970922242549123,-0.22496149868535165,0.2802328425555495,-0.1305261922200515,0.0,0.0,0.9914448613738105,-0.002111547240263711,-0.22496149868535165,0.2802328425555495,-0.1305261922200515,0.0,0.0,0.9914448613738105,-0.002111548977678391,-0.22496149897705892,0.2802328425537792,-0.13052619222455505,-2.9196805685862082e-12,1.175334378822201e-10,0.9914448613732175,-0.0029373716106921126,-0.22495862140665043,0.2802283790714295,-0.13048622758954237,5.535885032916939e-06,-1.101196581916869e-05,0.9914501219211891,-0.0029373716106921126,-0.22495862140665043,0.2802283790714295,-0.13048622758954237,5.535885032916939e-06,-1.101196581916869e-05,0.9914501219211891,0.1514011899319972,-0.5178709763835883,0.7849635773370933,0.2826299800500779,0.5496470194152404,0.28221405539292665,0.14251495917500098,-0.5186686267727569,0.7852050704367333,0.26710240152995185,0.5467130482396432,0.26675450643967946,0.14251495917500098,-0.5186686267727569,0.7852050704367333,0.26710240152995185,0.5467130482396432,0.26675450643967946,0.08096562438424036,0.006720391454293291,-0.0019363069459750202,0.14311575943633822,0.025188459955167674,0.14256537079461268,-0.0015142367628977426,0.004424797666397143,-0.00215904057444335,-0.016299622565999393,0.012366710646124178,-0.01686680561819772,0.0,True,False,1,True,True,0.0029609000048367307,3,1.761733815064704e-09,2.3531482537546976e-10,`gtol` termination condition is satisfied.,True,True,0.009999999999999787,0.01554621747238677,1.0,0.0008258397085899044,8.430320164997456e-05,0.000825841444961852,8.430313078448466e-05
2.9799999999999804,1786132507.8272977,0.007088199999998324,0.009918399999151006,0.01,TELEOP,0,,0.0,2.9799999999999804,298,0.04949999999999952,0.0,0.0,0.0,0.0,0.0,1.0,0.047013592523766114,0.0,0.0,0.0,0.0,0.0,1.0,-0.0018959222428701697,-0.22496149868535165,0.2802328425555495,-0.1305261922200515,0.0,0.0,0.9914448613738105,-0.002036547240812439,-0.22496149868535165,0.2802328425555495,-0.1305261922200515,0.0,0.0,0.9914448613738105,-0.002036548975929607,-0.2249614989776766,0.280232842553353,-0.1305261922245775,-2.9188363086988696e-12,1.173824822613564e-10,0.9914448613732146,-0.002862388250141075,-0.22495862234742295,0.28022838352533463,-0.13048627326281118,5.562162515913587e-06,-1.1062671554468474e-05,0.9914501159093495,-0.002862388250141075,-0.22495862234742295,0.28022838352533463,-0.13048627326281118,5.562162515913587e-06,-1.1062671554468474e-05,0.9914501159093495,0.1522089168629496,-0.5177984802664226,0.7849416109659738,0.28404078092139023,0.5499133341961082,0.2836186341157458,0.14332446321580058,-0.5186009805003542,0.7851854913767371,0.26853192362611433,0.5469661666639298,0.2681784676697138,0.14332446321580058,-0.5186009805003542,0.7851854913767371,0.26853192362611433,0.5469661666639298,0.2681784676697138,0.08095040407996243,0.0067646272402787965,-0.00195790599961561,0.14295220961625338,0.02531184242867109,0.142396123003441,-0.0015220304277933686,0.004423578598550625,-0.00215990536405906,-0.01635498200848624,0.01233824735034185,-0.01692477911716672,0.0,True,False,1,True,True,0.004451700006029569,3,1.7595710508194443e-09,2.350149454793287e-10,`gtol` termination condition is satisfied.,True,True,0.009999999999999787,0.01552757852012604,1.0,0.0008258563221060967,8.424859980185832e-05,0.0008258580561811314,8.424852864999429e-05
2.9899999999999802,1786132507.8376558,0.01025870000012219,0.010017599997809157,0.01,TELEOP,0,,0.0,2.9899999999999802,299,0.04974999999999951,0.0,0.0,0.0,0.0,0.0,1.0,0.0472635925228058,0.0,0.0,0.0,0.0,0.0,1.0,-0.0018209222431582652,-0.22496149868535165,0.2802328425555495,-0.1305261922200515,0.0,0.0,0.9914448613738105,-0.001961547241306297,-0.22496149868535165,0.2802328425555495,-0.1305261922200515,0.0,0.0,0.9914448613738105,-0.0019615489741204722,-0.224961498978287,0.2802328425529312,-0.13052619222459927,-2.917947609107429e-12,1.1723110903328294e-10,0.9914448613732117,-0.0027874038303349197,-0.22495862318216342,0.2802283878415248,-0.13048631770659996,5.588441658730749e-06,-1.1112967075086077e-05,0.9914501100593229,-0.0027874038303349197,-0.22495862318216342,0.2802283878415248,-0.13048631770659996,5.588441658730749e-06,-1.1112967075086077e-05,0.9914501100593229,0.15301646753973208,-0.5177255431608824,0.7849194273153446,0.28544985847637555,0.550180847367293,0.2850214294837514,0.1441338141721164,-0.5185328919913498,0.7851656962379809,0.2699598045396123,0.5472205160577438,0.26960073047650945,0.1441338141721164,-0.5185328919913498,0.7851656962379809,0.2699598045396123,0.5472205160577438,0.26960073047650945,0.08093509563158466,0.006808850900444325,-0.0019795138756146646,0.14278809134980255,0.02543493938139514,0.14222628067956927,-0.0015308448377773325,0.00442236601655298,-0.002160787599905507,-0.01641182664508245,0.012309695272405581,-0.016984232387174763,0.0,True,False,1,True,True,0.004558699991321191,3,1.7574023261580591e-09,2.347141976994077e-10,`gtol` termination condition is satisfied.,True,True,0.009999999999999787,0.015508857295275902,1.0,0.0008258718775875857,8.419637159437534e-05,0.0008258736093601842,8.419630016218045e-05
2.99999999999998,1786132507.8479645,0.010376200007158332,0.009949700004654005,0.01,TELEOP,0,,0.0,2.99999999999998,300,0.0499999999999995,0.0,0.0,0.0,0.0,0.0,1.0,0.04751359252194458,0.0,0.0,0.0,0.0,0.0,1.0,-0.001745922243416631,-0.22496149868535165,0.2802328425555495,-0.1305261922200515,0.0,0.0,0.9914448613738105,-0.001886547241750578,-0.22496149868535165,0.2802328425555495,-0.1305261922200515,0.0,0.0,0.9914448613738105,-0.001886548972256371,-0.22496149897889028,0.2802328425525136,-0.1305261922246208,-2.9170565963657603e-12,1.170793763891474e-10,0.9914448613732089,-0.002712418340482664,-0.2249586239088306,0.28022839201672467,-0.13048636089140572,5.614727512137263e-06,-1.1162857076881816e-05,0.9914501043749924,-0.002712418340482664,-0.2249586239088306,0.28022839201672467,-0.13048636089140572,5.614727512137263e-06,-1.1162857076881816e-05,0.9914501043749924,0.15382384087698817,-0.5176521652068126,0.7848970263023215,0.2868572072206982,0.5504495559440131,0.2864224357486494,0.14494301106752308,-0.5184643613665364,0.785145684930679,0.2713860384511597,0.547476093556839,0.271021288780462,0.14494301106752308,-0.5184643613665364,0.785145684930679,0.2713860384511597,0.547476093556839,0.271021288780462,0.08091968954066911,0.006853062481335916,-0.002001130730188052,0.14262339115473974,0.025557749909521463,0.1420558303952579,-0.0015406090915553081,0.004421158089159194,-0.002161685457338766,-0.016470019506280992,0.01228105281263249,-0.017045028431136866,0.0,True,False,1,True,True,0.004673500006902032,3,1.7552277481686034e-09,2.34412714663664e-10,`gtol` termination condition is satisfied.,True,True,0.009999999999999787,0.015490053936763226,1.0,0.0008258863642603339,8.414657125422894e-05,0.000825888093725064,8.414649954678408e-05
3.00999999999998,1786132507.854042,0.010265299992170185,0.005761499996879138,0.01,TELEOP,0,,0.0,3.00999999999998,301,0.04975000000000051,0.0002499999999994951,0.0,0.0,0.0,0.0,1.0,0.04771790876081966,2.283711497134063e-05,0.0,0.0,0.0,0.0,1.0,-0.001684627371754106,-0.22495488099760702,0.2802310693514625,-0.1305261922200515,0.0,0.0,0.9914448613738105,-0.0018144939570718163,-0.2249591372231588,0.2802322098036619,-0.1305261922200515,0.0,0.0,0.9914448613738105,-0.0018144956251156703,-0.22495913753489033,0.2802322098185684,-0.13052619222440162,-2.8446242255278156e-12,1.13015132197158e-10,0.9914448613732377,-0.002637452156786735,-0.22495860799444384,0.2802283914724929,-0.1304864012937536,5.6413710237123474e-06,-1.1213112184900463e-05,0.9914500990568546,-0.002637452156786735,-0.22495860799444384,0.2802283914724929,-0.1304864012937536,5.6413710237123474e-06,-1.1213112184900463e-05,0.9914500990568546,0.15460329342280804,-0.5175989689796834,0.78488808738638,0.28821693339567256,0.5507051943203688,0.287776395928377,0.14575186018244646,-0.518395531957771,0.7851255523604835,0.27281030075163726,0.5477327972418675,0.27243982213650125,0.14575186018244646,-0.518395531957771,0.7851255523604835,0.27281030075163726,0.5477327972418675,0.27243982213650125,0.08088491149233902,0.006882940876539182,-0.002013257019546681,0.14242623004775645,0.025670368502845906,0.1418533356039274,-0.0034778048330091444,0.002987839520326707,-0.0012126289358629758,-0.01971611069832823,0.011261859332444755,-0.020249479133051484,0.0,True,False,1,True,True,0.002656199998455122,3,1.6969882286904e-09,2.2627208567236297e-10,`gtol` termination condition is satisfied.,True,True,0.009999999999999787,0.015471168769538468,1.0,0.0008229655601541928,8.410262802729594e-05,0.0008229672279100602,8.410255861681894e-05
3.0199999999999796,1786132507.8610163,0.005968199999188073,0.006768199993530288,0.01,TELEOP,0,,0.0,3.0199999999999796,302,0.049500000000000516,0.0004999999999994898,0.0,0.0,0.0,0.0,1.0,0.04788071649282912,6.642555384969258e-05,0.0,0.0,0.0,0.0,1.0,-0.0016357850521512684,-0.22494225003795495,0.2802276848960241,-0.1305261922200515,0.0,0.0,0.9914448613738105,-0.0017477352087352715,-0.22495282882264772,0.28023051947283945,-0.1305261922200515,0.0,0.0,0.9914448613738105,-0.001747736766085306,-0.22495282916321072,0.28023051951859773,-0.13052619222397266,-2.7106952894889888e-12,1.0580118665565994e-10,0.9914448613732942,-0.0025625604733933473,-0.22495853277615485,0.2802283744078469,-0.13048643509787522,5.669240228913019e-06,-1.1265645017001345e-05,0.9914500946070826,-0.0025625604733933473,-0.22495853277615485,0.2802283744078469,-0.13048643509787522,5.669240228913019e-06,-1.1265645017001345e-05,0.9914500946070826,0.15533231441851725,-0.5175802206549108,0.7849019383708965,0.289491674493864,0.5509367328140713,0.28904642098398947,0.1465598361366545,-0.5183267764490217,0.7851055446295433,0.2742317174002849,0.5479903585057283,0.27385546798264476,0.1465598361366545,-0.5183267764490217,0.7851055446295433,0.2742317174002849,0.5479903585057283,0.27385546798264476,0.08079759542080438,0.006875550874924922,-0.002000773094019899,0.14214166486476754,0.02575612638608359,0.14156458461435584,-0.008731607153464674,-0.0007390001614260579,0.0012483925526782585,-0.028456518298892314,0.008575788323768522,-0.02887509895715748,0.0,True,False,1,True,True,0.0031860000017331913,3,1.594809112078879e-09,2.1181955912335402e-10,`gtol` termination condition is satisfied.,True,True,0.009999999999999787,0.0154066326440353,1.0,0.0008148464927162479,8.407314122062778e-05,0.0008148480522861528,8.407307623491642e-05
3.0299999999999794,1786132507.8674438,0.006999999997788109,0.006195499998284504,0.01,TELEOP,0,,0.0,3.0299999999999794,303,0.049250000000000516,0.0007499999999994845,0.0,0.0,0.0,0.0,1.0,0.048005809206918985,0.00012886998380596865,0.0,0.0,0.0,0.0,1.0,-0.0015982572379243092,-0.22492415503167415,0.28022283635370415,-0.1305261922200515,0.0,0.0,0.9914448613738105,-0.0016882988853216313,-0.22494142737864528,0.2802274644651265,-0.1305261922200515,0.0,0.0,0.9914448613738105,-0.0016883002900987126,-0.22494142775461945,0.2802274645516252,-0.13052619222334583,-2.52157484449626e-12,9.584392592699166e-11,0.9914448613733767,-0.0024878441031171254,-0.2249583239318731,0.28022832029571604,-0.13048645590060012,5.699768111122888e-06,-1.1323615120269733e-05,0.9914500918683649,-0.0024878441031171254,-0.2249583239318731,0.28022832029571604,-0.13048645590060012,5.699768111122888e-06,-1.1323615120269733e-05,0.9914500918683649,0.15599114214153945,-0.5176066139473929,0.7849454486871432,0.29064854641569626,0.5511348789190298,0.2902000097146482,0.14736597594193465,-0.518258749437518,0.785086092432137,0.2756486884185967,0.5482482932782486,0.27526664710363746,0.14736597594193465,-0.518258749437518,0.785086092432137,0.2756486884185967,0.5482482932782486,0.27526664710363746,0.08061398052801858,0.006802701150367821,-0.0019452197406294041,0.1416971018311837,0.02579347725203599,0.14111791209927305,-0.018361489278581264,-0.007284972455710267,0.005555335339049601,-0.04445630335838484,0.003735086595240116,-0.04466725150828142,0.0,True,False,1,True,True,0.003008700005011633,3,1.4567900527527499e-09,1.9186931183442648e-10,`gtol` termination condition is satisfied.,True,True,0.009999999999999787,0.01525995709357908,1.0,0.0007997227782424095,8.4072521996115e-05,0.000799724190741172,8.40724633396e-05
3.039999999999979,1786132507.8740394,0.0064115999994101,0.00637980000465177,0.01,TELEOP,0,,0.0,3.039999999999979,304,0.04900000000000052,0.0009999999999994792,0.0,0.0,0.0,0.0,1.0,0.04809663355796953,0.00020844814513910697,0.0,0.0,0.0,0.0,1.0,-0.0015710099326091444,-0.22490109505130207,0.280216657450586,-0.1305261922200515,0.0,0.0,0.9914448613738105,-0.0016380403119453006,-0.22492414488795592,0.28022283363570305,-0.1305261922200515,0.0,0.0,0.9914448613738105,-0.0016380415253695324,-0.22492414530237415,0.28022283377049895,-0.1305261922225191,-2.279072487034676e-12,8.333317423001095e-11,0.9914448613734855,-0.002413457898450839,-0.22495787315017898,0.28022819928208625,-0.13048645482040375,5.7348964001376916e-06,-1.1391308892618257e-05,0.9914500920095534,-0.002413457898450839,-0.22495787315017898,0.28022819928208625,-0.13048645482040375,5.7348964001376916e-06,-1.1391308892618257e-05,0.9914500920095534,0.15656127702350958,-0.5176860132738876,0.7850235033761417,0.29165658402191597,0.5512914381560317,0.2912065106070282,0.14816879368761907,-0.51819241400917,0.785067826604959,0.27705874446040557,0.5485058664369324,0.2766709214610988,0.14816879368761907,-0.51819241400917,0.785067826604959,0.27705874446040557,0.5485058664369324,0.2766709214610988,0.08028177456844407,0.006633542834802732,-0.0018265827177959295,0.14100560418089012,0.025757315868382306,0.14042743574613276,-0.03322059595745122,-0.016915831556509265,0.011863702283347724,-0.06914976502935868,-0.0036161383653686204,-0.0690476353140311,0.0,True,False,1,True,True,0.0026842000079341233,3,1.289306310641118e-09,1.6680296030954775e-10,`gtol` termination condition is satisfied.,True,True,0.009999999999999787,0.014999857997099575,1.0,0.0007761680926672441,8.41207123249302e-05,0.0007761693238564449,8.412066182115252e-05
3.049999999999979,1786132507.88208,0.006604900001548231,0.00781549999373965,0.01,TELEOP,0,,0.0,3.049999999999979,305,0.04875000000000053,0.0012499999999994738,0.0,0.0,0.0,0.0,1.0,0.048156321097747076,0.0003035950522297286,0.0,0.0,0.0,0.0,1.0,-0.0015531036706758813,-0.22487352359484697,0.28020926970109467,-0.1305261922200515,0.0,0.0,0.9914448613738105,-0.0015986600019200507,-0.22490067466136449,0.2802165448074417,-0.1305261922200515,0.0,0.0,0.9914448613738105,-0.0015986609874436286,-0.22490067511229353,0.28021654499500676,-0.13052619222148507,-1.9806138737364915e-12,6.838859162511841e-11,0.9914448613736218,-0.002339617062771991,-0.22495703960770622,0.2802279726493106,-0.13048642099588387,5.77691274199477e-06,-1.1473792408944375e-05,0.9914500964600611,-0.002339617062771991,-0.22495703960770622,0.2802279726493106,-0.13048642099588387,5.77691274199477e-06,-1.1473792408944375e-05,0.9914500964600611,0.15702504509200776,-0.5178225353277413,0.7851383319585264,0.29248580277184205,0.5513994559807032,0.29203616020996315,0.14896621170036026,-0.51812903793123,0.7850515725505568,0.27845842818144867,0.5487620695375577,0.2780648760023054,0.14896621170036026,-0.51812903793123,0.7850515725505568,0.27845842818144867,0.5487620695375577,0.2780648760023054,0.07974180127412145,0.006337607794005839,-0.0016254054402244315,0.1399683721043135,0.025620310062524566,0.13939545412066642,-0.05399732943226314,-0.02959350407968996,0.02011772775715022,-0.10372320765766191,-0.013700580585774419,-0.10319816254663652,0.0,True,False,1,True,True,0.004384499989100732,3,1.0998974418570086e-09,1.368650864023668e-10,`gtol` termination condition is satisfied.,True,True,0.009999999999999787,0.014597839561510395,1.0,0.0007431846696427646,8.424200238417167e-05,0.000743185689294562,8.424196182847804e-05
3.0599999999999787,1786132507.8883936,0.00808290000713896,0.006046300011803396,0.01,TELEOP,0,,0.0,3.0599999999999787,306,0.048500000000000536,0.0014999999999994686,0.0,0.0,0.0,0.0,1.0,0.04818771709996266,0.0004128886359802405,0.0,0.0,0.0,0.0,1.0,-0.0015436848700112055,-0.22484185274628926,0.28020078352280003,-0.1305261922200515,0.0,0.0,0.9914448613738105,-0.0015714029183195105,-0.22487151031375713,0.2802087302440525,-0.1305261922200515,0.0,0.0,0.9914448613738105,-0.0015714036473572952,-0.22487151079170065,0.28020873048337047,-0.13052619222026074,-1.6271394289375055e-12,5.1491175293408965e-11,0.991444861373783,-0.002266599399068911,-0.22495565715815474,0.28022759486228827,-0.13048634261114783,5.828153917574469e-06,-1.1576278740015731e-05,0.9914501067749141,-0.002266599399068911,-0.22495565715815474,0.28022759486228827,-0.13048634261114783,5.828153917574469e-06,-1.1576278740015731e-05,0.9914501067749141,0.15736825459518292,-0.5180138402448954,0.785287680677725,0.29311142097749693,0.5514548292117126,0.29266422145317483,0.14975552573214262,-0.5180701432091854,0.7850383126404601,0.27984322848682186,0.5490156220997569,0.27944405200848693,0.14975552573214262,-0.5180701432091854,0.7850383126404601,0.27984322848682186,0.5490156220997569,0.27944405200848693,0.07893140317823819,0.005889472204459953,-0.0013259910096722401,0.13848003053732094,0.02535525621992179,0.13791760061815914,-0.08103980958832739,-0.04481355895458952,0.02994144305521978,-0.14883415669926123,-0.0265053842602781,-0.14778535025073136,0.0,True,False,1,True,True,0.002685999992536381,3,9.039906976319845e-10,1.0303462641645319e-10,`gtol` termination condition is satisfied.,True,True,0.009999999999999787,0.014027374590393382,1.0,0.0007005238104284961,8.446264022437377e-05,0.0007005245977762725,8.446261114435488e-05
3.0699999999999785,1786132507.8958104,0.006376299992552958,0.007086400000844151,0.01,TELEOP,0,,0.0,3.0699999999999785,307,0.04825000000000054,0.0017499999999994631,0.0,0.0,0.0,0.0,1.0,0.04819340674597634,0.0005350366963274716,0.0,0.0,0.0,0.0,1.0,-0.001541977976207103,-0.22480645695645313,0.280191299249498,-0.1305261922200515,0.0,0.0,0.9914448613738105,-0.001556272705326782,-0.22483806008136104,0.28019976728129536,-0.1305261922200515,0.0,0.0,0.9914448613738105,-0.001556273174399058,-0.2248380605704562,0.28019976756397996,-0.13052619221895975,-1.2460000883663794e-12,3.426622487292401e-11,0.9914448613739542,-0.002194738331684938,-0.22495354752679314,0.28022701729187594,-0.13048620873203107,5.890552436342406e-06,-1.1703155494806594e-05,0.9914501243930924,-0.002194738331684938,-0.22495354752679314,0.28022701729187594,-0.13048620873203107,5.890552436342406e-06,-1.1703155494806594e-05,0.9914501243930924,0.15758843497409256,-0.5182494631482315,0.7854639449617202,0.29352796606644677,0.55145940715493,0.2930849975222177,0.15053345879767888,-0.518017401657999,0.7850291135028802,0.28120766166660577,0.5492650160113226,0.28080302546910985,0.15053345879767888,-0.518017401657999,0.7850291135028802,0.28120766166660577,0.5492650160113226,0.28080302546910985,0.07779330655362804,0.005274155118639641,-0.0009199137579911324,0.13644331797839487,0.024939391156576354,0.1358973460622923,-0.11380966246101742,-0.061531708582032545,0.04060772516811163,-0.20367125589261156,-0.041586506334544374,-0.2020254555866875,0.0,True,False,1,True,True,0.003005999999004416,3,7.342706932788464e-10,6.861308519524246e-11,`gtol` termination condition is satisfied.,True,True,0.009999999999999787,0.013268192490675068,1.0,0.0006493978301645773,8.480664763952832e-05,0.000649398390181241,8.480663047309796e-05
3.0799999999999783,1786132507.9020784,0.007319299998925999,0.006034899997757748,0.01,TELEOP,0,,0.0,3.0799999999999783,308,0.04800000000000054,0.001999999999999458,0.0,0.0,0.0,0.0,1.0,0.04817573891317733,0.0006688650453790849,0.0,0.0,0.0,0.0,1.0,-0.0015472783260468068,-0.22476767647886153,0.28018090805184526,-0.1305261922200515,0.0,0.0,0.9914448613738105,-0.001551646256363367,-0.22480185678876138,0.28019006663827994,-0.1305261922200515,0.0,0.0,0.9914448613738105,-0.0015516464976844738,-0.22480185727675486,0.28019006695277127,-0.13052619221778267,-8.955607332384308e-13,1.9108235805909897e-11,0.9914448613741091,-0.0021244047674722454,-0.22495053341546203,0.28022619195816695,-0.13048601178875238,5.965123696288474e-06,-1.1856877814475642e-05,0.9914501503107946,-0.0021244047674722454,-0.22495053341546203,0.28022619195816695,-0.13048601178875238,5.965123696288474e-06,-1.1856877814475642e-05,0.9914501503107946,0.15770035597474397,-0.5185163314532302,0.7856583251294879,0.29375961602514955,0.5514212671003661,0.2933222697916026,0.15129633422703895,-0.5179725200263229,0.7850250504852834,0.2825455584311198,0.5495086010628207,0.2821356903380315,0.15129633422703895,-0.5179725200263229,0.7850250504852834,0.2825455584311198,0.5495086010628207,0.2821356903380315,0.07628754293600983,0.004488163167620285,-0.0004063017596809982,0.13378967645140633,0.02435850514980854,0.13326648689216575,-0.15057636176182462,-0.07859919510193729,0.05136119983101451,-0.2653641526988613,-0.05808860067678263,-0.26308591701266226,0.0,True,False,1,True,True,0.002709000007598661,3,6.287116219767222e-10,3.853120249226641e-11,`gtol` termination condition is satisfied.,True,True,0.009999999999999787,0.012320304399840998,1.0,0.0005928420074910294,8.529029123243219e-05,0.0005928423821823824,8.529028470579829e-05
3.089999999999978,1786132507.9086967,0.006245299999136478,0.006408200002624653,0.01,TELEOP,0,,0.0,3.089999999999978,309,0.04775000000000055,0.0022499999999994525,0.0,0.0,0.0,0.0,1.0,0.048136847785824124,0.0008133067326029561,0.0,0.0,0.0,0.0,1.0,-0.0015589456642527665,-0.22472582049203685,0.28016969277397713,-0.1305261922200515,0.0,0.0,0.9914448613738105,-0.001555310406450935,-0.22476368815816516,0.2801798393845355,-0.1305261922200515,0.0,0.0,0.9914448613738105,-0.0015553104672518109,-0.2247636886429239,0.28017983972286964,-0.13052619221684228,-6.143407114383613e-13,7.078961513386638e-12,0.9914448613742329,-0.0020559860255538603,-0.22494644531436045,0.28022507354354687,-0.1304857497112535,6.051594506055877e-06,-1.2037168195130565e-05,0.9914501848004149,-0.0020559860255538603,-0.22494644531436045,0.28022507354354687,-0.1304857497112535,6.051594506055877e-06,-1.2037168195130565e-05,0.9914501848004149,0.15772640366957022,-0.5188063318905592,0.785865859017242,0.2938444230753605,0.5513496100262534,0.293413760933353,0.15204028996396993,-0.517937168890788,0.7850271650006249,0.2838504281363982,0.5497446721444956,0.28343561973589937,0.15204028996396993,-0.517937168890788,0.7850271650006249,0.2838504281363982,0.5497446721444956,0.28343561973589937,0.07439557369310021,0.003535113553487804,0.0002114515341525927,0.13048697052784528,0.02360710816748607,0.12999293978679194,-0.18919692429096574,-0.09530496141325008,0.06177532938336041,-0.33027059235611267,-0.07513969823224864,-0.32735471053738896,0.0,True,False,1,True,True,0.003263399994466454,3,5.942707843528457e-10,1.5616230368339108e-11,`gtol` termination condition is satisfied.,True,True,0.009999999999999787,0.01121405759402977,1.0,0.000534903836375003,8.59174142296264e-05,0.0005349040875205111,8.59174162366506e-05
3.099999999999978,1786132507.915056,0.006635500001721084,0.006131799993454479,0.01,TELEOP,0,,0.0,3.099999999999978,310,0.047500000000000556,0.002499999999999447,0.0,0.0,0.0,0.0,1.0,0.048078672487934696,0.0009673922533879228,0.0,0.0,0.0,0.0,1.0,-0.0015763982536195955,-0.22468116993684184,0.28015772869377104,-0.1305261922200515,0.0,0.0,0.9914448613738105,-0.0015655214757196612,-0.2247237315297277,0.2801691330382134,-0.1305261922200515,0.0,0.0,0.9914448613738105,-0.001565521394301158,-0.22472373201449936,0.28016913339677696,-0.1305261922161101,-3.9703729506393727e-13,-2.3822352574620062e-12,0.9914448613743293,-0.00198986962938796,-0.2249411233816483,0.2802236199843838,-0.13048542702666,6.148253604284423e-06,-1.2240704322799032e-05,0.9914502272661166,-0.00198986962938796,-0.2249411233816483,0.2802236199843838,-0.13048542702666,6.148253604284423e-06,-1.2240704322799032e-05,0.9914502272661166,0.1576849661490114,-0.5191163828066925,0.7860850270429747,0.29381408050044416,0.5512510463806002,0.2933909760280168,0.1527614485296639,-0.5179129526687415,0.7850364495705375,0.285115750729876,0.5499715315682261,0.2846963561026402,0.1527614485296639,-0.5179129526687415,0.7850364495705375,0.285115750729876,0.5499715315682261,0.2846963561026402,0.07211585656939848,0.0024216222046524027,0.0009284569912716746,0.12653225934777906,0.02268594237304597,0.12607363667408533,-0.22797171237017747,-0.11134913488354252,0.07170054571190972,-0.39547111800663076,-0.09211657944401186,-0.39193031127066813,0.0,True,False,1,True,True,0.0029023000097367913,3,6.084409372653403e-10,9.30294740730014e-12,`gtol` termination condition is satisfied.,True,True,0.009999999999999787,0.009993994938962303,1.0,0.00047989500868544335,8.66770852563042e-05,0.0004798951970025717,8.66770940325623e-05
3.1099999999999777,1786132507.9209538,0.006383400002960116,0.005646499994327314,0.01,TELEOP,0,,0.0,3.1099999999999777,311,0.04725000000000056,0.002749999999999442,0.0,0.0,0.0,0.0,1.0,0.04800297491948488,0.0011302406512843665,0.0,0.0,0.0,0.0,1.0,-0.0015991075241545399,-0.22463398009485244,0.28014508421371903,-0.1305261922200515,0.0,0.0,0.9914448613738105,-0.0015811483318272572,-0.22468197214380395,0.2801579436444787,-0.1305261922200515,0.0,0.0,0.9914448613738105,-0.0015811481332723178,-0.22468197263212675,0.28015794402170346,-0.130526192215519,-2.2359929175262206e-13,-1.0153356036324567e-11,0.9914448613744071,-0.0019264326970740708,-0.2249344176994617,0.2802217925385474,-0.1304850550044291,6.251976449797814e-06,-1.2461187775749476e-05,0.9914502762247448,-0.0019264326970740708,-0.2249344176994617,0.2802217925385474,-0.1304850550044291,6.251976449797814e-06,-1.2461187775749476e-05,0.9914502762247448,0.15758817462785565,-0.5194454523807812,0.7863155363038598,0.2936896039292873,0.551129674873476,0.2932748279674267,0.15345602947945414,-0.5179013968243102,0.78505384297305,0.2863351704211154,0.550187528701821,0.2859116038267692,0.15345602947945414,-0.5179013968243102,0.78505384297305,0.2863351704211154,0.550187528701821,0.2859116038267692,0.06945809497902627,0.0011555844431260312,0.0017393402512505603,0.1219419691239443,0.02159971335949347,0.12152477241290227,-0.26577615903722596,-0.12660377615263985,0.0810883259978903,-0.4590290223834862,-0.10862290135525243,-0.4548864261183155,0.0,True,False,1,True,True,0.0026100999966729432,3,6.482142646940489e-10,2.2274650230345237e-11,`gtol` termination condition is satisfied.,True,True,0.009999999999999787,0.00869832977056817,1.0,0.00043246569242506394,8.7543335572779e-05,0.00043246587464104534,8.754334995695426e-05
3.1199999999999775,1786132507.928428,0.005851299996720627,0.007269499998074025,0.01,TELEOP,0,,0.0,3.1199999999999775,312,0.04700000000000057,0.0029999999999994367,0.0,0.0,0.0,0.0,1.0,0.047911354988021404,0.0013010514324055353,0.0,0.0,0.0,0.0,1.0,-0.0016265935035935826,-0.2245844829313844,0.28013182148874016,-0.1305261922200515,0.0,0.0,0.9914448613738105,-0.0016014634983742178,-0.2246383919457354,0.28014626636560025,-0.1305261922200515,0.0,0.0,0.9914448613738105,-0.001601463198729093,-0.22463839243997125,0.2801462667605209,-0.13052619221501768,-7.78914463506161e-14,-1.6842198006973086e-11,0.9914448613744732,-0.00186603509413958,-0.22492618837133502,0.2802195557502723,-0.13048465116220712,6.358361998694941e-06,-1.2689651584850257e-05,0.9914503293708773,-0.00186603509413958,-0.22492618837133502,0.2802195557502723,-0.13048465116220712,6.358361998694941e-06,-1.2689651584850257e-05,0.9914503293708773,0.1574438235097673,-0.5197929364835345,0.7865572355179901,0.29348447817379847,0.550988121037043,0.2930787346100383,0.15412042169752793,-0.5179039396589928,0.7850802271513597,0.28750261977525626,0.5503910857432776,0.28707535264877126,0.15412042169752793,-0.5179039396589928,0.7850802271513597,0.28750261977525626,0.5503910857432776,0.28707535264877126,0.0664392218073805,-0.00025428346826241637,0.0026384178309657932,0.11674493541409008,0.0203557041456621,0.1163748822002085,-0.301887317164583,-0.14098679113884777,0.08990775797152518,-0.5197033709854333,-0.12440092138313963,-0.5149890212693882,0.0,True,False,1,True,True,0.002930000002379529,3,7.000132813537615e-10,3.5182059313458795e-11,`gtol` termination condition is satisfied.,True,True,0.009999999999999787,0.007363224140657487,1.0,0.0003977386855328741,8.847629404092668e-05,0.00039773891660152414,8.84763132984951e-05
3.1299999999999772,1786132507.9344046,0.007503400003770366,0.005742299996200018,0.01,TELEOP,0,,0.0,3.1299999999999772,313,0.04675000000000057,0.0032499999999994313,0.0,0.0,0.0,0.0,1.0,0.04780526646873286,0.0014790972178994838,0.0,0.0,0.0,0.0,1.0,-0.0016584200593801474,-0.2245328892246432,0.2801179969966843,-0.1305261922200515,0.0,0.0,0.9914448613738105,-0.0016259639815807442,-0.22459300880460628,0.2801341059895847,-0.1305261922200515,0.0,0.0,0.9914448613738105,-0.0016259635917617345,-0.22459300930604503,0.2801341064013436,-0.1305261922145762,4.96199762134921e-14,-2.2796412122962112e-11,0.9914448613745312,-0.0018090148367490774,-0.22491630576086413,0.28021687741532,-0.1304842383779029,6.461939865190844e-06,-1.2914911371798493e-05,0.9914503836937011,-0.0018090148367490774,-0.22491630576086413,0.28021687741532,-0.1304842383779029,6.461939865190844e-06,-1.2914911371798493e-05,0.9914503836937011,0.15725722973128137,-0.5201581854604312,0.7868098479163106,0.2932078458893398,0.5508282488414078,0.29281178515172895,0.1547512312865522,-0.5179219250755175,0.7851164239034557,0.288612401309011,0.5505807155527942,0.28818195873909924,0.1547512312865522,-0.5179219250755175,0.7851164239034557,0.288612401309011,0.5505807155527942,0.28818195873909924,0.06308095890242764,-0.0017985416524616293,0.00361967520960117,0.11097815337547404,0.018962980951669622,0.11066060903280076,-0.3358262904952934,-0.1544258184199246,0.09812573786353977,-0.5766782038616167,-0.13927231939925053,-0.571427316740787,0.0,True,False,1,True,True,0.002651599992532283,3,7.569313559665064e-10,4.69117035359071e-11,`gtol` termination condition is satisfied.,True,True,0.009999999999999787,0.00600338196126704,1.0,0.0003806302625182196,8.942418988283712e-05,0.00038063059049647747,8.942421351955949e-05
3.139999999999977,1786132507.9409783,0.005952599996817298,0.0063636999984737486,0.01,TELEOP,0,,0.0,3.139999999999977,314,0.046500000000000576,0.003499999999999426,0.0,0.0,0.0,0.0,1.0,0.04768603088528033,0.0016637170671544707,0.0,0.0,0.0,0.0,1.0,-0.0016941907344159048,-0.2244793905005109,0.28010366205675696,-0.1305261922200515,0.0,0.0,0.9914448613738105,-0.0016542694539496603,-0.22454587158007877,0.2801214756083391,-0.1305261922200515,0.0,0.0,0.9914448613738105,-0.0016542689820391726,-0.22454587208929883,0.280121476036069,-0.130526192214178,1.644296193650648e-13,-2.8208604044202465e-11,0.9914448613745838,-0.0017556848803508551,-0.22490465083312589,0.28021372855113896,-0.13048384376728192,6.55642161964923e-06,-1.3124100671478578e-05,0.9914504356247401,-0.0017556848803508551,-0.22490465083312589,0.28021372855113896,-0.13048384376728192,6.55642161964923e-06,-1.3124100671478578e-05,0.9914504356247401,0.15703233688420232,-0.5205404391700389,0.7870729667985102,0.29286642998024537,0.5506515246506912,0.29248065444448357,0.15534531442091923,-0.5179565958329881,0.7851631913629816,0.28965924291405865,0.550755034608031,0.28922619970874286,0.15534531442091923,-0.5179565958329881,0.7851631913629816,0.28965924291405865,0.550755034608031,0.28922619970874286,0.05940831343670467,-0.0034670757470629905,0.004676745952588922,0.10468416050476409,0.017431905523681235,0.10442409696436217,-0.3672645465723047,-0.16685340946013968,0.10570707429877749,-0.6293992870710081,-0.1531075427988421,-0.6236512068438725,0.0,True,False,1,True,True,0.0028113000007579103,3,8.154492296862068e-10,5.7648876035432204e-11,`gtol` termination condition is satisfied.,True,True,0.009999999999999787,0.004629826412629712,1.0,0.0003840805878838697,9.032588023314359e-05,0.00038408104168835853,9.032590788115464e-05
3.149999999999977,1786132507.9483328,0.006583399997907691,0.0071346000040648505,0.01,TELEOP,0,,0.0,3.149999999999977,315,0.04625000000000058,0.0037499999999994205,0.0,0.0,0.0,0.0,1.0,0.047554849085068164,0.0018543104105389952,0.0,0.0,0.0,0.0,1.0,-0.001733545274479555,-0.22442416079070276,0.28008886330061566,-0.1305261922200515,0.0,0.0,0.9914448613738105,-0.0016860699229880234,-0.22449704887268432,0.28010839360332046,-0.1305261922200515,0.0,0.0,0.9914448613738105,-0.0016860693754397228,-0.2244970493898354,0.2801083940461362,-0.13052619221381254,2.6960098457562603e-13,-3.318954724624534e-11,0.9914448613746318,-0.0017063308361689351,-0.22489111551581997,0.28021008336013276,-0.1304834974333859,6.6349777934384855e-06,-1.3303250051344918e-05,0.9914504812024413,-0.0017063308361689351,-0.22489111551581997,0.28021008336013276,-0.1304834974333859,6.6349777934384855e-06,-1.3303250051344918e-05,0.9914504812024413,0.15677229817269459,-0.5209388590462054,0.7873461005153404,0.29246555804909474,0.5504591910113849,0.2920906247944503,0.15589980023680966,-0.5180090875218725,0.7852212206255496,0.29063833601823447,0.5509127726059102,0.2902033124384558,0.15589980023680966,-0.5180090875218725,0.7852212206255496,0.29063833601823447,0.5509127726059102,0.2902033124384558,0.05544858158904559,-0.005249168888430802,0.005802926256788951,0.09790931041758674,0.015773799787925792,0.09771127297129563,-0.3959731847659169,-0.17820931413678498,0.11261803042000534,-0.6774850087177496,-0.16581057357554774,-0.6712823993066678,0.0,True,False,1,True,True,0.003171700009261258,3,8.736933913505841e-10,6.756382878473082e-11,`gtol` termination condition is satisfied.,True,True,0.009999999999999787,0.0032544547357407083,1.0,0.00040747926943645923,9.111367068139418e-05,0.0004074798528463357,9.111370204015591e-05
3.1599999999999766,1786132507.9545326,0.007399900001473725,0.005934700006037019,0.01,TELEOP,0,,0.0,3.1599999999999766,316,0.04600000000000059,0.0039999999999994155,0.0,0.0,0.0,0.0,1.0,0.04741281225513866,0.0020503315360571534,0.0,0.0,0.0,0.0,1.0,-0.0017761563234584068,-0.22436735823041187,0.2800736431004577,-0.1305261922200515,0.0,0.0,0.9914448613738105,-0.0017210990219842985,-0.22444662010293293,0.2800948812551903,-0.1305261922200515,0.0,0.0,0.9914448613738105,-0.001721098404248108,-0.22444662062791476,0.28009488171220526,-0.13052619221347442,3.67369440478403e-13,-3.7807444446791224e-11,0.9914448613746764,-0.001661209368670806,-0.22487560301849288,0.28020591917727167,-0.1304832311647961,6.6905260586840545e-06,-1.3437879602759751e-05,0.9914505162434758,-0.001661209368670806,-0.22487560301849288,0.28020591917727167,-0.1304832311647961,6.6905260586840545e-06,-1.3437879602759751e-05,0.9914505162434758,0.1564797797459817,-0.5213525684412096,0.7876287127332201,0.29200969919130204,0.5502523502959948,0.2916461219776797,0.15641210653685625,-0.5180804235208452,0.7852911328114289,0.2915453613857642,0.5510527795045917,0.2911090186180484,0.15641210653685625,-0.5180804235208452,0.7852911328114289,0.2915453613857642,0.5510527795045917,0.2911090186180484,0.051230630004661354,-0.007133599897267859,0.00699121858793884,0.09070253675297382,0.014000689868157456,0.09057061795925994,-0.4217951584384323,-0.18844310088370972,0.11882923311499141,-0.720677366461308,-0.1773109919768375,-0.7140655012035833,0.0,True,False,1,True,True,0.0027018999971915036,3,9.306270048965561e-10,7.67735591093882e-11,`gtol` termination condition is satisfied.,True,True,0.009999999999999787,0.002929771524332936,1.0,0.0004471486404506584,9.171625747246399e-05,0.00044714934032880283,9.171629227392067e-05
3.1699999999999764,1786132507.9610386,0.006147300009615719,0.006292999998549931,0.01,TELEOP,0,,0.0,3.1699999999999764,317,0.045750000000000596,0.00424999999999941,0.0,0.0,0.0,0.0,1.0,0.04726091193301304,0.0022512845793714645,0.0,0.0,0.0,0.0,1.0,-0.0018217264200960925,-0.22430912651008927,0.2800580399580234,-0.1305261922200515,0.0,0.0,0.9914448613738105,-0.0017591200011243641,-0.22439466962897162,0.28008096116764597,-0.1305261922200515,0.0,0.0,0.9914448613738105,-0.0017591193179789105,-0.2243946701615417,0.2800809616379868,-0.1305261922131597,4.586047460054594e-13,-4.2107734829911143e-11,0.9914448613747178,-0.0016205471318579447,-0.22485802807393834,0.280201216398593,-0.13048307714243457,6.716018335614525e-06,-1.351358041033063e-05,0.9914505365129013,-0.0016205471318579447,-0.22485802807393834,0.280201216398593,-0.13048307714243457,6.716018335614525e-06,-1.351358041033063e-05,0.9914505365129013,0.15615712209360175,-0.5217806829323973,0.7879202501453089,0.2915027512610031,0.5500320065080883,0.29115100233203683,0.15687994991993193,-0.5181715110991504,0.7853734767410814,0.2923765054023556,0.551174030460352,0.2919395408362443,0.15687994991993193,-0.5181715110991504,0.7853734767410814,0.2923765054023556,0.551174030460352,0.2919395408362443,0.046784338307568486,-0.009108757830517832,0.008234392965249424,0.08311440165914208,0.012125095576016948,0.08305222181959153,-0.4446291697092962,-0.19751579332500152,0.12431743773106092,-0.7588135093831908,-0.18755942921405477,-0.7518396139668574,0.0,True,False,1,True,True,0.0030189999961294234,3,9.856668201874456e-10,8.536021246566145e-11,`gtol` termination condition is satisfied.,True,True,0.009999999999999787,0.003272144920364428,1.0,0.0004983613279493027,9.206165610047541e-05,0.0004983621265594334,9.206169409213614e-05
3.179999999999976,1786132507.9669924,0.0065128999995067716,0.0057339000049978495,0.01,TELEOP,0,,0.0,3.179999999999976,318,0.045500000000000596,0.004499999999999405,0.0,0.0,0.0,0.0,1.0,0.0471000491041008,0.002456718971254884,0.0,0.0,0.0,0.0,1.0,-0.0018699852687697645,-0.22424959619467083,0.28004208885808185,-0.1305261922200515,0.0,0.0,0.9914448613738105,-0.0017999180413986481,-0.22434128310007004,0.2800666562903401,-0.1305261922200515,0.0,0.0,0.9914448613738105,-0.0017999172971358036,-0.22434128363990677,0.28006665677315823,-0.13052619221286535,5.443697990787834e-13,-4.612317713921929e-11,0.9914448613747565,-0.0015845401545926119,-0.2248383170844484,0.28019595839097006,-0.13048306670275822,6.7047163041512456e-06,-1.3516565049038687e-05,0.9914505378868846,-0.0015845401545926119,-0.2248383170844484,0.28019595839097006,-0.13048306670275822,6.7047163041512456e-06,-1.3516565049038687e-05,0.9914505378868846,0.15580642946886633,-0.5222223301896235,0.788220160000815,0.2909482008008766,0.5497990873792385,0.2906087126859351,0.15730135135128556,-0.5182831387340584,0.7854687273103443,0.29312846863560965,0.5512756289539578,0.2926916110074356,0.15730135135128556,-0.5182831387340584,0.7854687273103443,0.29312846863560965,0.5512756289539578,0.2926916110074356,0.042140143135364544,-0.011162763490803185,0.0095250569262936,0.07519632332540886,0.010159849360575708,0.07520701711913322,-0.4644195172204038,-0.20540056602853982,0.1290663961044204,-0.7918078333733385,-0.19652462154412811,-0.7845204700458472,0.0,True,False,1,True,True,0.002628100002766587,3,1.0384913160722175e-09,9.338477624329522e-11,`gtol` termination condition is satisfied.,True,True,0.009999999999999787,0.003609171833246938,1.0,0.0005569097475280419,9.208000672474566e-05,0.0005569106292569597,9.208004766096198e-05
3.189999999999976,1786132507.9735465,0.005935799999861047,0.006352800002787262,0.01,TELEOP,0,,0.0,3.189999999999976,319,0.0452500000000006,0.0047499999999994,0.0,0.0,0.0,0.0,1.0,0.04693104246895819,0.0026662253007234053,0.0,0.0,0.0,0.0,1.0,-0.001920687259312548,-0.22418888592234942,0.28002582158964107,-0.1305261922200515,0.0,0.0,0.9914448613738105,-0.0018432957931261735,-0.2242865452533461,0.280051989328515,-0.1305261922200515,0.0,0.0,0.9914448613738105,-0.0018432949916589447,-0.22428654580008683,0.2800519898229933,-0.13052619221258957,6.251126174881278e-13,-4.987918391058069e-11,0.9914448613747928,-0.0015533536120706896,-0.22481640816734916,0.2801901313857365,-0.1304832291957911,6.650446369661408e-06,-1.343417096559091e-05,0.9914505165029334,-0.0015533536120706896,-0.22481640816734916,0.2801901313857365,-0.1304832291957911,6.650446369661408e-06,-1.343417096559091e-05,0.9914505165029334,0.15542962203659086,-0.5226766622271719,0.7885279007854034,0.2903492166458855,0.5495544569054116,0.29002238399238794,0.15767463787645214,-0.5184159746458707,0.7855772845924122,0.2937984679050528,0.5513568083227592,0.2933624723656454,0.15767463787645214,-0.5184159746458707,0.7855772845924122,0.2937984679050528,0.5513568083227592,0.2933624723656454,0.03732865251665739,-0.013283591181231697,0.010855728206782312,0.06699992694431652,0.008117936880148498,0.06708613582097807,-0.4811490618707256,-0.21208276904285578,0.13306712804887408,-0.8196396381092527,-0.20419124804272534,-0.8120881298155326,0.0,True,False,1,True,True,0.0026089000020874664,3,1.0889370652486596e-09,1.008953664843795e-10,`gtol` termination condition is satisfied.,True,True,0.009999999999999787,0.003939191455565094,1.0,0.0006195992440243239,9.170616827774236e-05,0.0006196001968724805,9.170621191198821e-05
3.1999999999999758,1786132507.9797342,0.006627299997489899,0.0059126000123796985,0.01,TELEOP,0,,0.0,3.1999999999999758,320,0.04500000000000061,0.004999999999999394,0.0,0.0,0.0,0.0,1.0,0.046754635956092756,0.0028794315559086117,0.0,0.0,0.0,0.0,1.0,-0.0019736092131721773,-0.22412710349388648,0.28000926703782797,-0.1305261922200515,0.0,0.0,0.9914448613738105,-0.001889070613337228,-0.22423053860513734,0.2800369823923567,-0.1305261922200515,0.0,0.0,0.9914448613738105,-0.0018890697582669008,-0.2242305391584014,0.28003698289771367,-0.13052619221233083,7.012465942643321e-13,-5.339664071862324e-11,0.9914448613748269,-0.0015271219349113872,-0.22479225110129875,0.280183724359778,-0.13048359096818626,6.547826710040711e-06,-1.3255304117457514e-05,0.991450468893666,-0.0015271219349113872,-0.22479225110129875,0.280183724359778,-0.13048359096818626,6.547826710040711e-06,-1.3255304117457514e-05,0.991450468893666,0.1550284681137057,-0.523142862619545,0.7888429485526949,0.2897087079093692,0.5492989230792437,0.28939488933455154,0.1579984410122802,-0.5185705665092937,0.785699473656254,0.29438423279096126,0.551416931874414,0.29394987595073285,0.1579984410122802,-0.5185705665092937,0.785699473656254,0.29438423279096126,0.551416931874414,0.29394987595073285,0.03238031358280656,-0.015459186342291695,0.0122189063841912,0.05857648859084336,0.006012355165472572,0.05874035850874824,-0.4948338933850931,-0.2175595161060043,0.13631781774089163,-0.8423438353473333,-0.2105581714675971,-0.834577731223001,0.0,True,False,1,True,True,0.0027427000022726133,3,1.136939785226242e-09,1.0793210168683948e-10,`gtol` termination condition is satisfied.,True,True,0.009999999999999787,0.004260687581301159,1.0,0.0006841488071421841,9.088203271632882e-05,0.0006841498221594248,9.08820787975555e-05
3.2099999999999755,1786132507.9855874,0.00616049999371171,0.005605400001513772,0.01,TELEOP,0,,0.0,3.2099999999999755,321,0.044750000000000616,0.005249999999999389,0.0,0.0,0.0,0.0,1.0,0.04657150554911667,0.0030959997081905217,0.0,0.0,0.0,0.0,1.0,-0.002028548335265003,-0.22406434686245424,0.279992451449116,-0.1305261922200515,0.0,0.0,0.9914448613738105,-0.001937072731384617,-0.2241733426921233,0.2800216567936542,-0.1305261922200515,0.0,0.0,0.9914448613738105,-0.0019370718260448352,-0.22417334325152571,0.28002165730914574,-0.13052619221208805,7.731322209537661e-13,-5.669333013221962e-11,0.9914448613748589,-0.0015059492153942262,-0.22476580717886877,0.28017672890797435,-0.13048417449386282,6.392460629655293e-06,-1.2970813566806217e-05,0.9914503921011629,-0.0015059492153942262,-0.22476580717886877,0.28017672890797435,-0.13048417449386282,6.392460629655293e-06,-1.2970813566806217e-05,0.9914503921011629,0.15460460539894483,-0.5236201504947214,0.7891648005386201,0.2890293621563894,0.5490332431147985,0.28872888209845093,0.15827169225058554,-0.5187473422728857,0.7858355450681256,0.29488399733474835,0.5514554917359334,0.29445207233531107,0.15827169225058554,-0.5187473422728857,0.7858355450681256,0.29488399733474835,0.5514554917359334,0.29445207233531107,0.02732512383053434,-0.017677576359203286,0.013607141187151705,0.049976454378709484,0.0038559861519502667,0.05021963845782362,-0.505518975227233,-0.22183900169116394,0.1388234802960536,-0.8600034212134067,-0.21563690135223512,-0.8520720050924797,0.0,True,False,1,True,True,0.0025840000016614795,3,1.182498501623482e-09,1.1452941456170585e-10,`gtol` termination condition is satisfied.,True,True,0.009999999999999787,0.004675524881592064,1.0,0.00074895087380963,8.955850949028388e-05,0.0007489519442088408,8.955855775825591e-05
3.2199999999999753,1786132507.9927602,0.005805799999507144,0.00697250000666827,0.01,TELEOP,0,,0.0,3.2199999999999753,322,0.04450000000000062,0.005499999999999384,0.0,0.0,0.0,0.0,1.0,0.04638226549078366,0.0033156226082566085,0.0,0.0,0.0,0.0,1.0,-0.0020853203527649057,-0.22400070503308875,0.2799753986723327,-0.1305261922200515,0.0,0.0,0.9914448613738105,-0.0019871439418016907,-0.22411503365167498,0.28000603293335463,-0.1305261922200515,0.0,0.0,0.9914448613738105,-0.001987142989289866,-0.2241150342168351,0.2800060334582747,-0.13052619221185993,8.410171635775876e-13,-5.978506381187036e-11,0.9914448613748889,-0.001489909875202866,-0.22473704897313873,0.280169139110694,-0.1304849976676328,6.181092055185734e-06,-1.2573790855565245e-05,0.9914502837698781,-0.001489909875202866,-0.22473704897313873,0.280169139110694,-0.1304849976676328,6.181092055185734e-06,-1.2573790855565245e-05,0.9914502837698781,0.15415955587943078,-0.5241077824835916,0.7894929770776327,0.28831367213120984,0.5487581273093953,0.2880268226808366,0.15849361604978798,-0.518946612002086,0.7859856760290739,0.29529648757486193,0.5514721065782532,0.29486779923190726,0.15849361604978798,-0.518946612002086,0.7859856760290739,0.29529648757486193,0.5514721065782532,0.29486779923190726,0.022192379920243557,-0.01992697292003763,0.015013096094824504,0.041249024011359915,0.0016614842319696535,0.041572689659620146,-0.5132743910290891,-0.22493965608343924,0.14059549076728284,-0.8727430367349754,-0.219450191998066,-0.8646948798203665,0.0,True,False,1,True,True,0.003842999998596497,3,1.2256532096805822e-09,1.207182704925326e-10,`gtol` termination condition is satisfied.,True,True,0.009999999999999787,0.005854635178358936,1.0,0.0008128631992255914,8.769714803663762e-05,0.0008128643196796883,8.769719821914442e-05
3.229999999999975,1786132507.9988556,0.007198799998150207,0.0058690000005299225,0.01,TELEOP,0,,0.0,3.229999999999975,323,0.04425000000000062,0.005749999999999378,0.0,0.0,0.0,0.0,1.0,0.046187473920746985,0.0035380211656117154,0.0,0.0,0.0,0.0,1.0,-0.002143757823775908,-0.22393625888000512,0.27995813037765865,-0.1305261922200515,0.0,0.0,0.9914448613738105,-0.0020391366091807475,-0.22405568401343073,0.279990130245716,-0.1305261922200515,0.0,0.0,0.9914448613738105,-0.0020391356123812127,-0.22405568458397754,0.2799901307793967,-0.13052619221164588,9.051526960334525e-13,-6.268589261123205e-11,0.9914448613749172,-0.001479049562178491,-0.224705960027101,0.280160951399606,-0.1304860732705867,5.911720583985176e-06,-1.2059790886887349e-05,0.991450142216963,-0.001479049562178491,-0.224705960027101,0.280160951399606,-0.1304860732705867,5.911720583985176e-06,-1.2059790886887349e-05,0.991450142216963,0.15369473696050415,-0.5246050533726158,0.7898270224505536,0.287563955605224,0.5484742421311278,0.2872909983021163,0.15866372064982573,-0.5191685706522595,0.7861499720934256,0.29562090548962133,0.5514665183472746,0.2951962655473302,0.15866372064982573,-0.5191685706522595,0.7861499720934256,0.29562090548962133,0.5514665183472746,0.2951962655473302,0.017010460003776262,-0.02219586501734676,0.01642960643517223,0.03244179147594267,-0.0005588230978648217,0.03284663154229715,-0.5181919916467406,-0.22688920973091786,0.14165103403477552,-0.8807232535417433,-0.22203073298345224,-0.872605811732318,0.0,True,False,1,True,True,0.002772499996353872,3,1.2664707140334958e-09,1.2652618278427678e-10,`gtol` termination condition is satisfied.,True,True,0.009999999999999787,0.006982815443652091,1.0,0.000875062409117078,8.527138320776044e-05,0.0008750635752851955,8.527143501395207e-05
3.239999999999975,1786132508.0056913,0.006079300001147203,0.0066254999983357266,0.01,TELEOP,0,,0.0,3.239999999999975,324,0.04400000000000063,0.005999999999999373,0.0,0.0,0.0,0.0,1.0,0.04598763799869611,0.0037629417856617927,0.0,0.0,0.0,0.0,1.0,-0.002203708600391171,-0.22387108188927374,0.2799406662556271,-0.1305261922200515,0.0,0.0,0.9914448613738105,-0.0020929128659137354,-0.22399536262369055,0.2799739671780488,-0.1305261922200515,0.0,0.0,0.9914448613738105,-0.0020929118275161487,-0.22399536319926594,0.27997396771985955,-0.1305261922114451,9.657322729410207e-13,-6.540885635078147e-11,0.9914448613749436,-0.001473386245847183,-0.22467253447505364,0.2801521644245103,-0.1304874086099345,5.583674998557059e-06,-1.1426973669357768e-05,0.991449966479656,-0.001473386245847183,-0.22467253447505364,0.2801521644245103,-0.1304874086099345,5.583674998557059e-06,-1.1426973669357768e-05,0.991449966479656,0.15321147024505202,-0.5251112959313907,0.7901665050548593,0.28678237091619163,0.5481822128439071,0.2865235384989437,0.15878178701649387,-0.5194133016738014,0.7863284694090913,0.2958569098658353,0.551438588125104,0.2954371323986319,0.15878178701649387,-0.5194133016738014,0.7863284694090913,0.2958569098658353,0.551438588125104,0.2954371323986319,0.011806636666813277,-0.024473102154186705,0.01784973156657012,0.023600437621399233,-0.002793022217047877,0.024086685130170836,-0.5203823336963096,-0.22772371368399924,0.142012513139792,-0.8841353854543627,-0.2234199119183103,-0.8759946412126506,0.0,True,False,1,True,True,0.0026728999946499243,3,1.305034667634688e-09,1.3197885954217524e-10,`gtol` termination condition is satisfied.,True,True,0.009999999999999787,0.008056949884397313,1.0,0.0009349475646487348,8.226740517594412e-05,0.0009349487728726489,8.226745828989971e-05
3.2499999999999747,1786132508.01233,0.006863900009193458,0.006400400001439266,0.01,TELEOP,0,,0.0,3.2499999999999747,325,0.043750000000000636,0.006249999999999367,0.0,0.0,0.0,0.0,1.0,0.04578321855982205,0.003990154040855703,0.0,0.0,0.0,0.0,1.0,-0.0022650344320533887,-0.22380524083367137,0.2799230241979496,-0.1305261922200515,0.0,0.0,0.9914448613738105,-0.002148343934792686,-0.2239341346539811,0.27995756119301096,-0.1305261922200515,0.0,0.0,0.9914448613738105,-0.002148342857307091,-0.2239341352342418,0.27995756174235714,-0.13052619221125666,1.0228572554300748e-12,-6.796580187019664e-11,0.9914448613749683,-0.0014729114832874937,-0.22463677660511674,0.280142778923277,-0.1304890053305638,5.197645552917402e-06,-1.0676168607687939e-05,0.9914497563401002,-0.0014729114832874937,-0.22463677660511674,0.280142778923277,-0.1304890053305638,5.197645552917402e-06,-1.0676168607687939e-05,0.9914497563401002,0.15271098878588882,-0.5256258802148789,0.7905110171427044,0.2859709296919054,0.5478826258398863,0.28572642779274066,0.1588478561982271,-0.5196807813500833,0.7865211374188238,0.2960045945706014,0.5513882912389115,0.2955904915636731,0.1588478561982271,-0.5196807813500833,0.7865211374188238,0.2960045945706014,0.5513882912389115,0.2955904915636731,0.00660691817332544,-0.02674796762819713,0.019266800973253936,0.014768470476609284,-0.0050296886192505805,0.015335916504121203,-0.5199718493487948,-0.2274865474010473,0.1417069406683845,-0.8831967144790137,-0.2236666402202751,-0.875076862604982,0.0,True,False,1,True,True,0.002894000004744157,3,1.3414391202816276e-09,1.3709975328781222e-10,`gtol` termination condition is satisfied.,True,True,0.009999999999999787,0.009074538949643662,1.0,0.0009920775378885062,7.868467228332666e-05,0.000992078784999922,7.868472635478806e-05
3.2599999999999745,1786132508.019562,0.006658799989963882,0.006973600000492297,0.01,TELEOP,0,,0.0,3.2599999999999745,326,0.04350000000000064,0.006499999999999362,0.0,0.0,0.0,0.0,1.0,0.04557463434528136,0.004219448554515344,0.0,0.0,0.0,0.0,1.0,-0.002327609696415595,-0.2237387963859003,0.2799052204618278,-0.1305261922200515,0.0,0.0,0.9914448613738105,-0.0022053095364981687,-0.2238720616631512,0.2799409287852463,-0.1305261922200515,0.0,0.0,0.9914448613738105,-0.002205308424082019,-0.22387206224723408,0.2799409293415008,-0.1305261922113708,9.432278919211307e-13,-7.019204211661808e-11,0.9914448613749532,-0.0014775918284929655,-0.224598700371703,0.2801327975963808,-0.13049085939086005,4.755676581966397e-06,-9.81086502659168e-06,0.991449512328573,-0.0014775918284929655,-0.224598700371703,0.2801327975963808,-0.13049085939086005,4.755676581966397e-06,-9.81086502659168e-06,0.991449512328573,0.15219444328204398,-0.526148212538593,0.7908601742858536,0.2851315076189374,0.5475760307668941,0.28490151639736466,0.15886221535845355,-0.5199708837699287,0.7867278819615441,0.29606446466836156,0.5513157117288461,0.29565684180408375,0.15886221535845355,-0.5199708837699287,0.7867278819615441,0.29606446466836156,0.5513157117288461,0.29565684180408375,0.0014359160226434797,-0.0290102419845346,0.020674454272031257,0.005987009776014251,-0.007257951006547317,0.006635024041063748,-0.517100215068207,-0.22622743563375144,0.14076532987773496,-0.878146070059522,-0.22282623872967833,-0.870089246305764,0.0,True,False,1,True,True,0.00345359998755157,4,1.3740602380798664e-09,1.414845866690058e-10,`gtol` termination condition is satisfied.,True,True,0.009999999999999787,0.010033664878696003,1.0,0.0010461299320152014,7.453610456806026e-05,0.0010461312135656385,7.453615851005334e-05
3.2699999999999743,1786132508.0271652,0.007192300006863661,0.007384699987596832,0.01,TELEOP,0,,0.0,3.2699999999999743,327,0.04325000000000065,0.006749999999999357,0.0,0.0,0.0,0.0,1.0,0.04536226584643881,0.004450635077934633,0.0,0.0,0.0,0.0,1.0,-0.0023913202460683625,-0.2236718036758021,0.2798872698192582,-0.1305261922200515,0.0,0.0,0.9914448613738105,-0.0022636973577932597,-0.22380920169339316,0.2799240855071134,-0.1305261922200515,0.0,0.0,0.9914448613738105,-0.002263696211010191,-0.22380920228149057,0.27992408606980695,-0.13052619221123707,9.821431720829515e-13,-7.24371206139759e-11,0.9914448613749709,-0.0014873703597922915,-0.2245583288663464,0.2801222249869636,-0.1304929611913346,4.261122069296902e-06,-8.837134290945108e-06,0.991449235706632,-0.0014873703597922915,-0.2245583288663464,0.2801222249869636,-0.1304929611913346,4.261122069296902e-06,-8.837134290945108e-06,0.991449235706632,0.15166290763157642,-0.5266777342183924,0.791213614650831,0.2842658540067782,0.5472629425483224,0.28405052971780004,0.15882538272944668,-0.5202833863384568,0.7869485487138244,0.29603741079504736,0.5512210362808657,0.2956370634683054,0.15882538272944668,-0.5202833863384568,0.7869485487138244,0.29603741079504736,0.5512210362808657,0.2956370634683054,-0.00368326290068582,-0.03125025685281198,0.02206667522803339,-0.002705387331419659,-0.009467544798031982,-0.0019778335778328476,-0.5119178923329408,-0.22400148682774237,0.13922209560021662,-0.8692397107434096,-0.22095937914847122,-0.8612857618896779,0.0,True,False,1,True,True,0.004158399999141693,4,1.4062695346238064e-09,1.459745381805417e-10,`gtol` termination condition is satisfied.,True,True,0.009999999999999787,0.010932957049424152,1.0,0.0010968735104372738,6.984801433086148e-05,0.001096874825382292,6.98480682941255e-05
3.279999999999974,1786132508.0348828,0.007623199999216013,0.00747909999336116,0.01,TELEOP,0,,0.0,3.279999999999974,328,0.04300000000000065,0.006999999999999351,0.0,0.0,0.0,0.0,1.0,0.04514645879813285,0.004683540743100296,0.0,0.0,0.0,0.0,1.0,-0.002456062360560148,-0.22360431279668033,0.2798691856927011,-0.1305261922200515,0.0,0.0,0.9914448613738105,-0.002323402565371882,-0.22374560938744956,0.279907046000091,-0.1305261922200515,0.0,0.0,0.9914448613738105,-0.0023234013862648353,-0.22374560997926835,0.27990704656872945,-0.13052619221111386,1.0182693989400865e-12,-7.45476830528998e-11,0.9914448613749871,-0.0015021683014525417,-0.22451569375473038,0.28011106736685226,-0.13049529584143513,3.7185676883430318e-06,-7.763490198883872e-06,0.9914489284320988,-0.0015021683014525417,-0.22451569375473038,0.28011106736685226,-0.13049529584143513,3.7185676883430318e-06,-7.763490198883872e-06,0.9914489284320988,0.1511173837541399,-0.5272139202410127,0.7915709981943635,0.2833756000126243,0.5469438432210064,0.28317507650758117,0.15873809171552855,-0.5206179757339309,0.7871829269136962,0.2959246821696314,0.5511045477239681,0.29553239175105916,0.15873809171552855,-0.5206179757339309,0.7871829269136962,0.2959246821696314,0.5511045477239681,0.29553239175105916,-0.00872910139181382,-0.033458939547408036,0.023437819987182758,-0.011272862541594968,-0.011648855689764894,-0.010467171724627331,-0.5045838491128108,-0.22086826945961024,0.13711447591493964,-0.8567475210175493,-0.21813108917329577,-0.8489338146794665,0.0,True,False,1,True,True,0.003405600000405684,4,1.436625426241101e-09,1.5019533888167035e-10,`gtol` termination condition is satisfied.,True,True,0.009999999999999787,0.011771556788269188,1.0,0.001144149154125827,6.465987855290381e-05,0.0011441505001793194,6.465993196833918e-05
3.289999999999974,1786132508.0447164,0.007842499995604157,0.00946980000298936,0.01,TELEOP,0,,0.0,3.289999999999974,329,0.042750000000000656,0.007249999999999346,0.0,0.0,0.0,0.0,1.0,0.044927527352994344,0.004918008474998169,0.0,0.0,0.0,0.0,1.0,-0.0025217417941017003,-0.22353636926537887,0.2798509802783579,-0.1305261922200515,0.0,0.0,0.9914448613738105,-0.0023843273557252937,-0.22368133611860447,0.279889824029609,-0.1305261922200515,0.0,0.0,0.9914448613738105,-0.0023843261461998187,-0.223681336713868,0.2798898246037288,-0.13052619221100098,1.0517721803109807e-12,-7.653279721266369e-11,0.991444861375002,-0.0015218867169007506,-0.2244708346872303,0.2800993326285459,-0.13049784354744168,3.1337235414371066e-06,-6.600695344928811e-06,0.9914485931081238,-0.0015218867169007506,-0.2244708346872303,0.2800993326285459,-0.13049784354744168,3.1337235414371066e-06,-6.600695344928811e-06,0.9914485931081238,0.1505588061673688,-0.5277562778110846,0.7919320057661232,0.28246226639314836,0.5466191837495815,0.28227665655117096,0.15860127435868582,-0.5209742542219845,0.787430753311165,0.29572785859788564,0.5509666181858787,0.29534438896025084,0.15860127435868582,-0.5209742542219845,0.787430753311165,0.29572785859788564,0.5509666181858787,0.29534438896025084,-0.0136817356842735,-0.03562784880536962,0.02478263974688072,-0.019682357174575105,-0.013792953808941796,-0.018800279080830574,-0.49526342924597855,-0.21689092579616315,0.13448197596979897,-0.8409494632980316,-0.21440981191769476,-0.8333107356203423,0.0,True,False,1,True,True,0.0054352000006474555,4,1.4652317568799253e-09,1.5416493981931307e-10,`gtol` termination condition is satisfied.,True,True,0.009999999999999787,0.012549082157007119,1.0,0.0011878562335634994,5.902409484607171e-05,0.0011878576086328068,5.902414699284005e-05
3.2999999999999736,1786132508.0520606,0.009699500005808659,0.007114799998817034,0.01,TELEOP,0,,0.0,3.2999999999999736,330,0.04250000000000066,0.0074999999999993405,0.0,0.0,0.0,0.0,1.0,0.04470575696592736,0.005153895548932518,0.0,0.0,0.0,0.0,1.0,-0.0025882729102217963,-0.2234680144403386,0.2798326646581896,-0.1305261922200515,0.0,0.0,0.9914448613738105,-0.0024463805346785377,-0.22361643012784277,0.27987243252180044,-0.1305261922200515,0.0,0.0,0.9914448613738105,-0.002446379296511269,-0.22361643072629023,0.2798724331009673,-0.13052619221089742,1.0828032661614145e-12,-7.84009645475049e-11,0.9914448613750156,-0.0015464082525127876,-0.22442379868970078,0.2800870301828428,-0.13050058010267288,2.5132923151009057e-06,-5.361521832869889e-06,0.9914482329187961,-0.0015464082525127876,-0.22442379868970078,0.2800870301828428,-0.13050058010267288,2.5132923151009057e-06,-5.361521832869889e-06,0.9914482329187961,0.14998804613319452,-0.5283043448933683,0.7922963381911258,0.2815272704708978,0.5462893857258979,0.28135666756081185,0.1584160443633474,-0.5213517462434739,0.7876917162927333,0.2954488217951257,0.5508077019949913,0.2950749161145138,0.1584160443633474,-0.5213517462434739,0.7876917162927333,0.2954488217951257,0.5508077019949913,0.2950749161145138,-0.01852299953384178,-0.037749202148938635,0.026096298156835635,-0.027903680275990772,-0.01589161908873879,-0.026947284573704933,-0.4841263849568384,-0.21213533435690546,0.1313658409954944,-0.8221323101415842,-0.2098665279797039,-0.814700549287453,0.0,True,False,1,True,True,0.003869799998938106,4,1.4921902767433242e-09,1.5790037990650357e-10,`gtol` termination condition is satisfied.,True,True,0.009999999999999787,0.013265592204737275,1.0,0.0012279425132826413,5.300600357328195e-05,0.0012279439154408282,5.3006053498553095e-05
3.3099999999999734,1786132508.0592215,0.007374799999524839,0.0069007999991299585,0.01,TELEOP,0,,0.0,3.3099999999999734,331,0.04225000000000067,0.0077499999999993355,0.0,0.0,0.0,0.0,1.0,0.0444814070152065,0.005391072279616122,0.0,0.0,0.0,0.0,1.0,-0.002655577895438053,-0.22339928590146996,0.2798142489017028,-0.1305261922200515,0.0,0.0,0.9914448613738105,-0.002509477122290461,-0.22355093666437836,0.2798548836011556,-0.1305261922200515,0.0,0.0,0.9914448613738105,-0.002509475857137084,-0.22355093726576414,0.2798548841849634,-0.1305261922108028,1.1115649864700042e-12,-8.016013878294564e-11,0.9914448613750281,-0.0015755989123761756,-0.2243746395406833,0.28007417086152175,-0.13050347746023308,1.864817880963234e-06,-4.0604751195172055e-06,0.9914478515538886,-0.0015755989123761756,-0.2243746395406833,0.28007417086152175,-0.13050347746023308,1.864817880963234e-06,-4.0604751195172055e-06,0.9914478515538886,0.14940591553474603,-0.5288576887439289,0.7926637153357482,0.280571932606989,0.5459548430013473,0.2804164115798404,0.15818367986186635,-0.5217499051972034,0.787965460130303,0.2950897263287893,0.5506283284103332,0.2947261041688752,0.15818367986186635,-0.5217499051972034,0.787965460130303,0.2950897263287893,0.5506283284103332,0.2947261041688752,-0.023236450148105832,-0.03981589537295412,0.027374383756970783,-0.03590954663364188,-0.017937358465818818,-0.03488119456386368,-0.4713450614264149,-0.20666932240155297,0.12780856001351762,-0.8005866357651279,-0.20457393770800733,-0.7933909990158918,0.0,True,False,1,True,True,0.003700900007970631,4,1.5175998949183083e-09,1.614175170401216e-10,`gtol` termination condition is satisfied.,True,True,0.009999999999999787,0.013921551324227899,1.0,0.0012643963904484079,4.668470464280653e-05,0.0012643978179135724,4.6684751020302035e-05
3.319999999999973,1786132508.0665197,0.007127399992896244,0.007072000007610768,0.01,TELEOP,0,,0.0,3.319999999999973,332,0.042000000000000676,0.00799999999999933,0.0,0.0,0.0,0.0,1.0,0.0442547131842316,0.005629420829997777,0.0,0.0,0.0,0.0,1.0,-0.002723586044730523,-0.2233302177953283,0.2797957421584394,-0.1305261922200515,0.0,0.0,0.9914448613738105,-0.002573537980105548,-0.22348489812695457,0.2798371886283836,-0.1305261922200515,0.0,0.0,0.9914448613738105,-0.002573536689508167,-0.2234848987310485,0.27983718921645223,-0.13052619221071643,1.1381919950654956e-12,-8.18179210643584e-11,0.9914448613750395,-0.0016093098459216103,-0.2243234171406752,0.2800607668243093,-0.13050650436818148,1.1965195024574362e-06,-2.7134899072405737e-06,0.9914474531253803,-0.0016093098459216103,-0.2243234171406752,0.2800607668243093,-0.13050650436818148,1.1965195024574362e-06,-2.7134899072405737e-06,0.9914474531253803,0.14881317050657913,-0.5294159044533235,0.793033875174377,0.2795974822274336,0.5456159232501425,0.2794571009404277,0.1579056060872081,-0.5221681203440675,0.7882515893081035,0.294652970456166,0.5504290942552285,0.2943003251407311,0.1579056060872081,-0.5221681203440675,0.7882515893081035,0.294652970456166,0.5504290942552285,0.2943003251407311,-0.027807377465824148,-0.04182151468640242,0.02861291778005233,-0.04367558726233527,-0.01992341551046626,-0.042577902814407854,-0.4570927317718414,-0.200561931344834,0.12385340230815735,-0.7766040628693558,-0.1986057044647485,-0.7696708250544336,0.0,True,False,1,True,True,0.003395399995497428,4,1.5415562889715415e-09,1.6473155335028707e-10,`gtol` termination condition is satisfied.,True,True,0.009999999999999787,0.014517793721800343,1.0,0.0012972407162554227,4.0155824144367725e-05,0.0012972421673751726,4.015586501946743e-05
3.329999999999973,1786132508.0735488,0.007308000000193715,0.0067928000062238425,0.01,TELEOP,0,,0.0,3.329999999999973,333,0.041750000000000675,0.008249999999999326,0.0,0.0,0.0,0.0,1.0,0.044025889625787705,0.005868834128892438,0.0,0.0,0.0,0.0,1.0,-0.002792233112263693,-0.22326084114876046,0.279777152742018,-0.1305261922200515,0.0,0.0,0.9914448613738105,-0.002638489458582815,-0.22341835420412812,0.279819358238001,-0.1305261922200515,0.0,0.0,0.9914448613738105,-0.002638488143976797,-0.2234183548107142,0.27981935882997566,-0.13052619221063771,1.1629123137986623e-12,-8.338118678132255e-11,0.9914448613750498,-0.0016473791318170165,-0.22427019687859606,0.28004683146926074,-0.13050962704724262,5.171167731386838e-07,-1.3376069044397007e-06,0.9914470420783619,-0.0016473791318170165,-0.22427019687859606,0.28004683146926074,-0.13050962704724262,5.171167731386838e-07,-1.3376069044397007e-06,0.9914470420783619,0.14821051484718364,-0.5299786135142124,0.7934065728667057,0.2786050634599537,0.5452729694667396,0.27847986383304574,0.15758337810460454,-0.5226057237645966,0.7885496728846887,0.29414116710767646,0.5502106565242403,0.293800163383629,0.15758337810460454,-0.5226057237645966,0.7885496728846887,0.29414116710767646,0.5502106565242403,0.293800163383629,-0.03222279826035569,-0.04376034205291393,0.02980835765852171,-0.05118033484895463,-0.021843773098822374,-0.05001617571021078,-0.4415420794531642,-0.19388273665115538,0.11954398784694044,-0.7504747586619517,-0.1920357588356155,-0.7438272895803087,0.0,True,False,1,True,True,0.0035327999939909205,4,1.5641514097104668e-09,1.6785625269158057e-10,`gtol` termination condition is satisfied.,True,True,0.009999999999999787,0.015055488228732428,1.0,0.0013265277170948578,3.353902103388043e-05,0.001326529190333271,3.3539053327319515e-05
3.3399999999999728,1786132508.0804253,0.007021600002190098,0.006647100002737716,0.01,TELEOP,0,,0.0,3.3399999999999728,334,0.04150000000000068,0.008499999999999319,0.0,0.0,0.0,0.0,1.0,0.04379513092866494,0.006109214887477564,0.0,0.0,0.0,0.0,1.0,-0.0028614607214005224,-0.22319118415390238,0.27975848820649857,-0.1305261922200515,0.0,0.0,0.9914448613738105,-0.0027042630630778816,-0.22335134201229742,0.279801402375317,-0.1305261922200515,0.0,0.0,0.9914448613738105,-0.0027042617257984902,-0.2233513426211734,0.27980140297086614,-0.13052619221056597,1.185758791979121e-12,-8.485659892087235e-11,0.9914448613750593,-0.0016896335430197536,-0.22421504900011177,0.2800323793456385,-0.13051280989190728,-1.6434976661732922e-07,4.936102979569802e-08,0.991446623098838,-0.0016896335430197536,-0.22421504900011177,0.2800323793456385,-0.13051280989190728,-1.6434976661732922e-07,4.936102979569802e-08,0.991446623098838,0.14759860323543902,-0.5305454624220375,0.7937815798527157,0.2775957404242336,0.5449263013996931,0.27748574953095345,0.15721866373951543,-0.523061997307425,0.7888592488505031,0.29355711524181494,0.549973725026914,0.29322838723230854,0.15721866373951543,-0.523061997307425,0.7888592488505031,0.29355711524181494,0.549973725026914,0.29322838723230854,-0.03647143650891313,-0.04562735428283836,0.030957596581441406,-0.058405186586154706,-0.023693149732633784,-0.0571776151320511,-0.4248638248557526,-0.18670122299244707,0.1149238922919719,-0.7224851737200232,-0.18493766338114473,-0.7161439421840471,0.0,True,False,1,True,True,0.0034909000096376985,4,1.585473095035132e-09,1.7080494946906236e-10,`gtol` termination condition is satisfied.,True,True,0.009999999999999787,0.015536103647722788,1.0,0.0013523347011781903,2.6997746534785574e-05,0.0013523361951052121,2.6997765017995312e-05
3.3499999999999726,1786132508.0875268,0.006861500005470589,0.006887499999720603,0.01,TELEOP,0,,0.0,3.3499999999999726,335,0.04125000000000069,0.008749999999999314,0.0,0.0,0.0,0.0,1.0,0.04356261390468123,0.00635047470562641,0.0,0.0,0.0,0.0,1.0,-0.002931215828595634,-0.22312127242714364,0.2797397554157721,-0.1305261922200515,0.0,0.0,0.9914448613738105,-0.002770795137122703,-0.22328389623061684,0.2797833303325828,-0.1305261922200515,0.0,0.0,0.9914448613738105,-0.0027707937784111035,-0.22328389684159378,0.27978333093139757,-0.13052619221050116,1.2068195285055866e-12,-8.625043969967642e-11,0.9914448613750678,-0.001735890279377459,-0.22415804798203376,0.2800174260683872,-0.1305160161769366,-8.386976890695095e-07,1.4291653153789198e-06,0.9914462010207895,-0.001735890279377459,-0.22415804798203376,0.2800174260683872,-0.1305160161769366,-8.386976890695095e-07,1.4291653153789198e-06,0.9914462010207895,0.1469780442677218,-0.5311161213147881,0.7941586829702924,0.27657050220891144,0.5445762169237012,0.27647573330327696,0.15681322682518517,-0.5235361794717355,0.7891798284449981,0.2929037717742689,0.5497190551258703,0.29258792121909094,0.15681322682518517,-0.5235361794717355,0.7891798284449981,0.2929037717742689,0.5497190551258703,0.29258792121909094,-0.040543691433026975,-0.04741821643104843,0.03205795944950827,-0.06533434675460242,-0.025466990104367614,-0.06404660132176307,-0.40722549241139333,-0.17908621482101106,0.11003628680668841,-0.6929160168447871,-0.17738403717338672,-0.6868986189712117,0.0,True,False,1,True,True,0.0035359000030439347,4,1.6056055436211971e-09,1.735901356189877e-10,`gtol` termination condition is satisfied.,True,True,0.009999999999999787,0.015961374817581364,1.0,0.0013747603434078237,2.0793507221660942e-05,0.001374761856690742,2.0793502332995342e-05
3.3599999999999723,1786132508.0945833,0.00716130000364501,0.006782800002838485,0.01,TELEOP,0,,0.0,3.3599999999999723,336,0.041000000000000696,0.008999999999999309,0.0,0.0,0.0,0.0,1.0,0.043328499212504486,0.006592533259873502,0.0,0.0,0.0,0.0,1.0,-0.0030014502362486588,-0.2230511292444372,0.27972096060661134,-0.1305261922200515,0.0,0.0,0.9914448613738105,-0.0028380265619972413,-0.22321604923220273,0.2797651507841489,-0.1305261922200515,0.0,0.0,0.9914448613738105,-0.0028380251830063125,-0.22321604984510418,0.2797651513859412,-0.1305261922104423,1.226378722419341e-12,-8.756832755892745e-11,0.9914448613750755,-0.0017859586556455212,-0.2240992719165999,0.28000198823336564,-0.13051920875278297,-1.4967771715517173e-06,2.783453229737048e-06,0.99144578073466,-0.0017859586556455212,-0.2240992719165999,0.28000198823336564,-0.13051920875278297,-1.4967771715517173e-06,2.783453229737048e-06,0.99144578073466,0.14634940332890164,-0.5316902826560077,0.7945376835989596,0.2755302675617678,0.544222993351312,0.27545072104335055,0.15636891087943602,-0.5240274721722442,0.7895109004007433,0.29218422426087604,0.5494474406209235,0.2918818190390877,0.15636891087943602,-0.5240274721722442,0.7895109004007433,0.29218422426087604,0.5494474406209235,0.2918818190390877,-0.04443159457491598,-0.0491292700508723,0.03310719557452247,-0.07195475133928897,-0.027161450494669098,-0.0706102180003246,-0.38879031418890897,-0.17110536198239035,0.10492361250142261,-0.6620404584686682,-0.16944603903015204,-0.656361667856168,0.0,True,False,1,True,True,0.003596500013372861,4,1.6246286313225202e-09,1.7622318408374717e-10,`gtol` termination condition is satisfied.,True,True,0.009999999999999787,0.016333269565357467,1.0,0.0013939214102194277,1.5440511373955552e-05,0.0013939229416149706,1.544046543936802e-05
3.369999999999972,1786132508.1020472,0.0069952999911038205,0.007251499991980381,0.01,TELEOP,0,,0.0,3.369999999999972,337,0.0407500000000007,0.009249999999999304,0.0,0.0,0.0,0.0,1.0,0.043092932833174516,0.006835317565556626,0.0,0.0,0.0,0.0,1.0,-0.003072120150047649,-0.2229807757551141,0.2797021094459625,-0.1305261922200515,0.0,0.0,0.9914448613738105,-0.0029059024717587776,-0.22314783121122594,0.2797468718205189,-0.1305261922200515,0.0,0.0,0.9914448613738105,-0.002905901073558613,-0.2231478318258874,0.27974687242502055,-0.13052619221038944,1.2444854855575692e-12,-8.88158906144001e-11,0.9914448613750825,-0.0018396417342393181,-0.2240388019090572,0.27998608333259545,-0.13052235071519938,-2.1296371571901156e-06,4.094087935550752e-06,0.9914453670992072,-0.0018396417342393181,-0.2240388019090572,0.27998608333259545,-0.13052235071519938,-2.1296371571901156e-06,4.094087935550752e-06,0.9914453670992072,0.14571320530802664,-0.5322676599638232,0.794918396832113,0.27447588931465927,0.5438668886856064,0.274411553634022,0.1558876233071423,-0.5245350473407077,0.7898519350853943,0.2914016644920283,0.5491597068251716,0.29111323741988293,0.1558876233071423,-0.5245350473407077,0.7898519350853943,0.2914016644920283,0.5491597068251716,0.29111323741988293,-0.04812875722937386,-0.050757516846340535,0.0341034684650967,-0.0782559768847764,-0.028773379575194657,-0.07685816192048196,-0.36971626544579606,-0.16282467954682658,0.09962728905742516,-0.6301225545487561,-0.1611929080525594,-0.6247943920157496,0.0,True,False,1,True,True,0.004029200004879385,4,1.6426182397621652e-09,1.7871525269837205e-10,`gtol` termination condition is satisfied.,True,True,0.009999999999999787,0.01665395669910824,1.0,0.0014099498310549974,1.2051636433203043e-05,0.0014099513794026423,1.2051527397147998e-05
3.379999999999972,1786132508.109012,0.007463900008588098,0.0067519000003812835,0.01,TELEOP,0,,0.0,3.379999999999972,338,0.0405000000000007,0.009499999999999299,0.0,0.0,0.0,0.0,1.0,0.042856047410865204,0.007078761306360516,0.0,0.0,0.0,0.0,1.0,-0.0031431857767404425,-0.22291023117616685,0.2796832070830032,-0.1305261922200515,0.0,0.0,0.9914448613738105,-0.0029743719830133803,-0.2230792703056206,0.2797285009812296,-0.1305261922200515,0.0,0.0,0.9914448613738105,-0.0029743705665964022,-0.223079270921889,0.2797285015881913,-0.13052619221034192,1.2612045289948426e-12,-8.999820794111569e-11,0.9914448613750887,-0.0018967378934531855,-0.2239767214916116,0.2799697296689119,-0.13052540603625953,-2.728679952763362e-06,5.343451064596233e-06,0.9914449648583987,-0.0018967378934531855,-0.2239767214916116,0.2799697296689119,-0.13052540603625953,-2.728679952763362e-06,5.343451064596233e-06,0.9914449648583987,0.1450699371677434,-0.532847986587785,0.795300650679361,0.2734081585611195,0.5435081428151111,0.2733590110679604,0.1553713202121272,-0.5250580533232372,0.7902023885157269,0.29055936313495323,0.5488567038734402,0.2902854110303902,0.1553713202121272,-0.5250580533232372,0.7902023885157269,0.29055936313495323,0.5488567038734402,0.2902854110303902,-0.051630309501508515,-0.05230059825294915,0.03504534303325991,-0.08423013570750935,-0.03030029517313709,-0.08278263894927676,-0.3501552272134731,-0.15430814066086518,0.09418745681632242,-0.597415882273309,-0.1526915597942463,-0.5924477028794928,0.0,True,False,1,True,True,0.0035097999934805557,4,1.6596464389940762e-09,1.8107652191957983e-10,`gtol` termination condition is satisfied.,True,True,0.009999999999999787,0.01692577517736904,1.0,0.0014229900527584053,1.2104199393716129e-05,0.0014229916169745396,1.2104041899996215e-05
3.3899999999999717,1786132508.1163287,0.006965399996261112,0.007103399999323301,0.01,TELEOP,0,,0.0,3.3899999999999717,339,0.04025000000000071,0.009749999999999294,0.0,0.0,0.0,0.0,1.0,0.04261796347119149,0.007322804225106045,0.0,0.0,0.0,0.0,1.0,-0.0032146109586425574,-0.22283951296878504,0.2796642581964451,-0.1305261922200515,0.0,0.0,0.9914448613738105,-0.003043387938796921,-0.22301039271523593,0.2797100452865094,-0.1305261922200515,0.0,0.0,0.9914448613738105,-0.0030433865050827347,-0.2230103933329689,0.27971004589569887,-0.13052619221029932,1.2767170453228306e-12,-9.111990043582974e-11,0.9914448613750944,-0.0019570423232449993,-0.2239131160564728,0.2799529462695519,-0.1305283401460619,-3.2858015964632277e-06,6.514722824594383e-06,0.9914445785647708,-0.0019570423232449993,-0.2239131160564728,0.2799529462695519,-0.1305283401460619,-3.2858015964632277e-06,6.514722824594383e-06,0.9914445785647708,0.14442005037522673,-0.5334310145345663,0.7956842853000041,0.2723278086018658,0.543146978652216,0.2722938163382809,0.15482199189005158,-0.5255956210378567,0.7905617062212004,0.2896606455400435,0.5485393002980946,0.28940162854354884,0.15482199189005158,-0.5255956210378567,0.7905617062212004,0.2896606455400435,0.5485393002980946,0.28940162854354884,-0.05493283220756363,-0.0537567714619597,0.035931770547347426,-0.08987175949097195,-0.03174035753455915,-0.088378248684135,-0.330252270605518,-0.14561732090105803,0.08864275140875356,-0.5641623783462725,-0.144006236142209,-0.5595609734858368,0.0,True,False,1,True,True,0.003982299997005612,4,1.6757810764913302e-09,1.8331632267005133e-10,`gtol` termination condition is satisfied.,True,True,0.009999999999999787,0.017151204573833734,1.0,0.0014331966329017563,1.5222734441931336e-05,0.0014331982119741014,1.5222571755409083e-05
3.3999999999999715,1786132508.1231422,0.0073114999977406114,0.0066057999938493595,0.01,TELEOP,0,,0.0,3.3999999999999715,340,0.040000000000000716,0.009999999999999287,0.0,0.0,0.0,0.0,1.0,0.042378790528242796,0.0075673915701909055,0.0,0.0,0.0,0.0,1.0,-0.003286362841527165,-0.22276863699876479,0.27964526703751535,-0.1305261922200515,0.0,0.0,0.9914448613738105,-0.0031129066659913657,-0.22294122281533185,0.27969151126768954,-0.1305261922200515,0.0,0.0,0.9914448613738105,-0.0031129052158314838,-0.22294122343439712,0.2796915118788913,-0.13052619221026124,1.2910137483053326e-12,-9.218565073668239e-11,0.9914448613750994,-0.002020348441999876,-0.22384807231040776,0.27993575279836513,-0.13053112045649884,-3.7935159062887426e-06,7.592135484162427e-06,0.9914442125103862,-0.002020348441999876,-0.22384807231040776,0.27993575279836513,-0.13053112045649884,-3.7935159062887426e-06,7.592135484162427e-06,0.9914442125103862,0.14376396320146143,-0.5340165133429968,0.7960691522681779,0.2712355186714508,0.5427836032163335,0.27121663911277455,0.15424164906225593,-0.5261468698617103,0.790929326937655,0.2887088688081222,0.5482083769020711,0.2884652099484528,0.15424164906225593,-0.5261468698617103,0.790929326937655,0.2887088688081222,0.5482083769020711,0.2884652099484528,-0.05803428277956531,-0.05512488238536587,0.036762071645469505,-0.09517767319213578,-0.033092339602346664,-0.0936418595096058,-0.310145057200175,-0.1368110923406201,0.08303010981220929,-0.5305913701163945,-0.13519820677875416,-0.5263610825470896,0.0,True,False,1,True,True,0.0034474999993108213,4,1.691086360788247e-09,1.8544400694579586e-10,`gtol` termination condition is satisfied.,True,True,0.009999999999999787,0.01733283693817772,1.0,0.0014407320412597616,1.9671434122774572e-05,0.0014407336342425103,1.967128082930963e-05
3.4099999999999713,1786132508.130598,0.006854100007330999,0.007207400005427189,0.01,TELEOP,0,,0.0,3.4099999999999713,341,0.03975000000000072,0.010249999999999282,0.0,0.0,0.0,0.0,1.0,0.04213862809050374,0.007812473592598604,0.0,0.0,0.0,0.0,1.0,-0.0033584115728488816,-0.22269761768226395,0.279626237469012,-0.1305261922200515,0.0,0.0,0.9914448613738105,-0.0031828877457430243,-0.22287178326537194,0.279672904996355,-0.1305261922200515,0.0,0.0,0.9914448613738105,-0.003182886279925034,-0.2228717838856471,0.27967290560936875,-0.13052619221022763,1.3042083897520495e-12,-9.319949967203226e-11,0.9914448613751038,-0.0020864492289386465,-0.2237816777529204,0.27991816946650017,-0.13053371682054815,-4.245060691588097e-06,8.561196983658431e-06,0.9914438706662614,-0.0020864492289386465,-0.2237816777529204,0.27991816946650017,-0.13053371682054815,-4.245060691588097e-06,8.561196983658431e-06,0.9914438706662614,0.14310206289503008,-0.5346042690084846,0.7964551138699412,0.27013191745771675,0.542418208663174,0.270128099203421,0.1536323098995042,-0.5267109132220954,0.7913046861147682,0.28770740019726093,0.5478648209540573,0.28747948518944094,0.1536323098995042,-0.5267109132220954,0.7913046861147682,0.28770740019726093,0.5478648209540573,0.28747948518944094,-0.06093391627517498,-0.05640433603851191,0.037535917711323495,-0.10014686108612814,-0.034355594801385184,-0.09857247590118841,-0.28996334956097325,-0.12794536531460643,0.07738460658540097,-0.496918789399246,-0.1263255199038548,-0.49306163915827145,0.0,True,False,1,True,True,0.0035151999909430742,4,1.7056229124826512e-09,1.8746763345284757e-10,`gtol` termination condition is satisfied.,True,True,0.009999999999999787,0.017473350136671395,1.0,0.001445764647545469,2.440635207778396e-05,0.0014457662535551394,2.4406208075201603e-05
3.419999999999971,1786132508.1372366,0.007440999994287267,0.006404599989764392,0.01,TELEOP,0,,0.0,3.419999999999971,342,0.03950000000000073,0.010499999999999277,0.0,0.0,0.0,0.0,1.0,0.041897566574895545,0.008058005088856839,0.0,0.0,0.0,0.0,1.0,-0.00343073002753134,-0.22262646811824296,0.27960717300079074,-0.1305261922200515,0.0,0.0,0.9914448613738105,-0.003253293796378692,-0.222802095113109,0.27965423211223417,-0.1305261922200515,0.0,0.0,0.9914448613738105,-0.0032532923156306202,-0.22280209573448032,0.2796542327268742,-0.13052619221019807,1.316466699429069e-12,-9.41654758320523e-11,0.9914448613751077,-0.0021551384680238254,-0.22371402017988967,0.2799002169415717,-0.1305361019225738,-4.634485159706054e-06,9.408882297810265e-06,0.9914435566308624,-0.0021551384680238254,-0.22371402017988967,0.2799002169415717,-0.1305361019225738,-4.634485159706054e-06,9.408882297810265e-06,0.9914435566308624,0.14243470773603772,-0.5351940829565371,0.7968420424322205,0.2690175864245726,0.5420509732614687,0.26902876984170543,0.15299598787417992,-0.5272868638700487,0.7916872192237709,0.28665959693055,0.5475095207260683,0.2864477741926541,0.15299598787417992,-0.5272868638700487,0.7916872192237709,0.28665959693055,0.5475095207260683,0.2864477741926541,-0.06363220253242871,-0.057595064795331545,0.03825331090027723,-0.10478032667109538,-0.035530022798900725,-0.10317109967868339,-0.26982862572537963,-0.11907287568196628,0.0717393188953754,-0.4633465584967349,-0.11744279975155654,-0.4598623777495073,0.0,True,False,1,True,True,0.0033475999953225255,4,1.719447440491702e-09,1.8939526608616315e-10,`gtol` termination condition is satisfied.,True,True,0.009999999999999787,0.01757548273954418,1.0,0.0014484668795071301,2.8976684413756268e-05,0.0014484684977179613,2.8976547553857627e-05
3.429999999999971,1786132508.1472626,0.006604800000786781,0.009826199995586649,0.01,TELEOP,0,,0.0,3.429999999999971,343,0.03925000000000073,0.010749999999999272,0.0,0.0,0.0,0.0,1.0,0.041655688137328555,0.00830394498574811,0.0,0.0,0.0,0.0,1.0,-0.0035032935588014385,-0.22255520020880634,0.2795880768220109,-0.1305261922200515,0.0,0.0,0.9914448613738105,-0.0033240902683363297,-0.22273217789399025,0.27963549784983427,-0.1305261922200515,0.0,0.0,0.9914448613738105,-0.0033240887733303297,-0.22273217851635313,0.2796354984659284,-0.13052619221017236,1.3276804085849847e-12,-9.508715813786463e-11,0.9914448613751111,-0.002226211900330049,-0.22364518721422913,0.279881916255461,-0.13053825159703059,-4.956718069425294e-06,1.0123791021642136e-05,0.9914432735880203,-0.002226211900330049,-0.22364518721422913,0.279881916255461,-0.13053825159703059,-4.956718069425294e-06,1.0123791021642136e-05,0.9914432735880203,0.14176222897542068,-0.5357857710648123,0.7972298196833788,0.26789306294765186,0.5416820623186076,0.2679191807692766,0.15233468046972462,-0.5278738388195251,0.7920763648546596,0.28556878745007264,0.5471433603892488,0.28537336832460386,0.15233468046972462,-0.5278738388195251,0.7920763648546596,0.28556878745007264,0.5471433603892488,0.28537336832460386,-0.0661307404455313,-0.058697494947639685,0.03891456308887069,-0.10908094804773882,-0.03661603368195111,-0.10744058680502738,-0.24985379131026383,-0.11024301523081624,0.06612521885934672,-0.43006213766435286,-0.10860108830504148,-0.42694871263440803,0.0,True,False,1,True,True,0.0050983000110136345,4,1.7326137664963472e-09,1.9123408998512682e-10,`gtol` termination condition is satisfied.,True,True,0.009999999999999787,0.017642010505977412,1.0,0.0014490135395034231,3.3166972510224187e-05,0.0014490151691444848,3.316684100213857e-05
3.4399999999999706,1786132508.156118,0.010180199999012984,0.008501099990098737,0.01,TELEOP,0,,0.0,3.4399999999999706,344,0.039000000000000735,0.010999999999999267,0.0,0.0,0.0,0.0,1.0,0.04141306742739041,0.008550255962958792,0.0,0.0,0.0,0.0,1.0,-0.00357607977178288,-0.22248382476855044,0.27956895183043495,-0.1305261922200515,0.0,0.0,0.9914448613738105,-0.0033952452506419775,-0.22266204972593356,0.2796167070638368,-0.1305261922200515,0.0,0.0,0.9914448613738105,-0.00339524374199816,-0.22266205034919073,0.27961670768122526,-0.1305261922101499,1.3381555764509714e-12,-9.596801442777976e-11,0.991444861375114,-0.0022994682828857554,-0.2235752658648742,0.27986328871104077,-0.13054014507473388,-5.207616653672687e-06,1.0696270447601223e-05,0.9914430242743847,-0.0022994682828857554,-0.2235752658648742,0.27986328871104077,-0.13054014507473388,-5.207616653672687e-06,1.0696270447601223e-05,0.9914430242743847,0.14108493266458103,-0.5363791627329496,0.7976183361449841,0.26675884327171695,0.5413116290566615,0.2667998211527819,0.15165035876699376,-0.5284709639392773,0.7924715675947126,0.28443825414728535,0.5467672152795768,0.28425951331242016,0.15165035876699376,-0.5284709639392773,0.7924715675947126,0.28443825414728535,0.5467672152795768,0.28425951331242016,-0.06843217027308669,-0.05971251197521449,0.03952027400530126,-0.11305333027872973,-0.03761451096719635,-0.11138550121837361,-0.2301429827555444,-0.10150170275748262,0.06057109164305825,-0.3972382230990992,-0.09984772852452534,-0.39449144133463093,0.0,True,False,1,True,True,0.004575400002067909,4,1.7451716801301361e-09,1.9299109982202375e-10,`gtol` termination condition is satisfied.,True,True,0.009999999999999787,0.017675724502420775,1.0,0.0014475802703625422,3.68558765378715e-05,0.0014475819107133397,3.685574911991861e-05
3.4499999999999704,1786132508.1644263,0.008732600006624125,0.008076900005107746,0.01,TELEOP,0,,0.0,3.4499999999999704,345,0.03875000000000074,0.01124999999999926,0.0,0.0,0.0,0.0,1.0,0.04116977227409817,0.008796904110201138,0.0,0.0,0.0,0.0,1.0,-0.003649068317770553,-0.22241235162392212,0.2795498006590513,-0.1305261922200515,0.0,0.0,0.9914448613738105,-0.0034667292884758205,-0.22259172739954633,0.2795978642532715,-0.1305261922200515,0.0,0.0,0.9914448613738105,-0.003466727766765605,-0.22259172802360871,0.27959786487180643,-0.13052619221013081,1.3477004359831867e-12,-9.681122195790055e-11,0.9914448613751166,-0.0023747103529545843,-0.22350434211515063,0.2798443557882318,-0.1305417651574604,-5.383996757797673e-06,1.1118504141706952e-05,0.9914428109563184,-0.0023747103529545843,-0.22350434211515063,0.2798443557882318,-0.1305417651574604,-5.383996757797673e-06,1.1118504141706952e-05,0.9914428109563184,0.14040310138005885,-0.5369740999992128,0.7980074905542169,0.26561538529807427,0.5409398154403479,0.2656711423310902,0.15094495791874787,-0.5290773781883552,0.7928722806825356,0.2832712175860553,0.5463819475412718,0.2831093936416592,0.15094495791874787,-0.5290773781883552,0.7928722806825356,0.2832712175860553,0.5463819475412718,0.2831093936416592,-0.07054008482458977,-0.06064142490779067,0.04007130878229304,-0.11670365612300987,-0.038526773830505644,-0.11501196707609933,-0.21079145515031314,-0.09289129325762008,0.055103477699179504,-0.36503258442802194,-0.09122628633093152,-0.3626465857725799,0.0,True,False,1,True,True,0.004078099998878315,4,1.7571685515723043e-09,1.9467259528199188e-10,`gtol` termination condition is satisfied.,True,True,0.009999999999999787,0.017679410875568402,1.0,0.0014443421630720367,3.9966567455441383e-05,0.001444343813460476,3.996644326853938e-05
3.45999999999997,1786132508.1711464,0.008319999993545935,0.006477299990365282,0.01,TELEOP,0,,0.0,3.45999999999997,346,0.03850000000000075,0.011499999999999256,0.0,0.0,0.0,0.0,1.0,0.040925864309010206,0.00904385861565928,0.0,0.0,0.0,0.0,1.0,-0.003722240707296943,-0.2223407897035,0.2795306257002653,-0.1305261922200515,0.0,0.0,0.9914448613738105,-0.0035385152113788744,-0.222521226463874,0.27957897358449246,-0.1305261922200515,0.0,0.0,0.9914448613738105,-0.0035385136771283153,-0.22252122708865937,0.279578974204037,-0.1305261922101147,1.356607991668372e-12,-9.761971650690754e-11,0.9914448613751187,-0.0024517456976071578,-0.22343250054134028,0.2798251390498955,-0.13054309832305314,-5.4836450056406305e-06,1.1384566691876354e-05,0.9914426354159575,-0.0024517456976071578,-0.22343250054134028,0.2798251390498955,-0.13054309832305314,-5.4836450056406305e-06,1.1384566691876354e-05,0.9914426354159575,0.1397169958477744,-0.537570436702893,0.7983971893162691,0.2644631112098346,0.540566752958517,0.264533560402686,0.15022036851569628,-0.5296922374896942,0.7932779684341075,0.2820708222217595,0.5459884021521119,0.28192611843485765,0.15022036851569628,-0.5296922374896942,0.7932779684341075,0.2820708222217595,0.5459884021521119,0.28192611843485765,-0.07245894030516106,-0.06148593013390375,0.040568775157194696,-0.12003953642957887,-0.03935453891598766,-0.11832752068015572,-0.19188554805713287,-0.08445052261130999,0.049746637490166376,-0.333588030656908,-0.08277650854820387,-0.33155536040564576,0.0,True,False,1,True,True,0.0033939999993890524,4,1.7686483391716848e-09,1.9628449725303747e-10,`gtol` termination condition is satisfied.,True,True,0.009999999999999787,0.01765583228798101,1.0,0.001439472499983942,4.244773293384236e-05,0.001439474159782906,4.2447611400007874e-05
3.46999999999997,1786132508.1787295,0.006716400006553158,0.007343699995544739,0.01,TELEOP,0,,0.0,3.46999999999997,347,0.038250000000000756,0.01174999999999925,0.0,0.0,0.0,0.0,1.0,0.040681399532418894,0.00929109148289783,0.0,0.0,0.0,0.0,1.0,-0.0037955801402743353,-0.22226914712002802,0.27951142912788035,-0.1305261922200515,0.0,0.0,0.9914448613738105,-0.0036105779716588938,-0.22245056130777835,0.2795600389129836,-0.1305261922200515,0.0,0.0,0.9914448613738105,-0.00361057642535181,-0.22245056193321117,0.279560039533411,-0.1305261922101014,1.3647040435694149e-12,-9.839629743556987e-11,0.9914448613751204,-0.0025303875292363304,-0.2233598239620299,0.2798056600481504,-0.130544134764416,-5.505314112458326e-06,1.149044589698921e-05,0.9914424989459909,-0.0025303875292363304,-0.2233598239620299,0.2798056600481504,-0.130544134764416,-5.505314112458326e-06,1.149044589698921e-05,0.9914424989459909,0.13902685647121327,-0.5381680376912432,0.7987873459859506,0.2633024099424485,0.5401925633607906,0.26338745866059277,0.14947842884036786,-0.5303147182395435,0.7936881084393806,0.2808401236081043,0.5455874033315533,0.2807127088024127,0.14947842884036786,-0.5303147182395435,0.7936881084393806,0.2808401236081043,0.5455874033315533,0.2807127088024127,-0.07419396753284414,-0.062248074984931914,0.04101400052731951,-0.12306986136552431,-0.040099882055850675,-0.1213409632444933,-0.1735027227683118,-0.07621448510281831,0.04452253701248231,-0.30303249359454937,-0.07453431398630311,-0.30134425643376406,0.0,True,False,1,True,True,0.004043599998112768,4,1.7796522140924253e-09,1.9783240068470053e-10,`gtol` termination condition is satisfied.,True,True,0.009999999999999787,0.017607711011924876,1.0,0.001433141627894324,4.426544627150027e-05,0.0014331432965193247,4.426532701264194e-05
3.47999999999997,1786132508.1854506,0.007572299989988096,0.006492200001957826,0.01,TELEOP,0,,0.0,3.47999999999997,348,0.038000000000000755,0.011999999999999246,0.0,0.0,0.0,0.0,1.0,0.040436428827822564,0.009538577273633057,0.0,0.0,0.0,0.0,1.0,-0.0038690713516532343,-0.2221974312449548,0.27949221291707,-0.1305261922200515,0.0,0.0,0.9914448613738105,-0.003682894492560388,-0.22237974523705586,0.2795410638040223,-0.1305261922200515,0.0,0.0,0.9914448613738105,-0.0036828929346411597,-0.2223797458630669,0.2795410644252154,-0.13052619221009065,1.3722661037466588e-12,-9.914354273277363e-11,0.9914448613751218,-0.0026104553683911763,-0.22328639311860107,0.27978594023175307,-0.13054486836679546,-5.448702711613452e-06,1.1434034174344274e-05,0.9914424023525878,-0.0026104553683911763,-0.22328639311860107,0.27978594023175307,-0.13054486836679546,-5.448702711613452e-06,1.1434034174344274e-05,0.9914424023525878,0.13833290476781634,-0.5387667780696828,0.7991778807777158,0.26213363950665663,0.5398173593510185,0.26223318988189526,0.14872091799859075,-0.5309440204535035,0.7941021935298973,0.2795820770726603,0.5451797513295099,0.27947208664683465,0.14872091799859075,-0.5309440204535035,0.7941021935298973,0.2795820770726603,0.5451797513295099,0.27947208664683465,-0.07575108417771231,-0.06293022139600653,0.0414085090516645,-0.12580465354440254,-0.04076520020434562,-0.12406221555781148,-0.15571166448682036,-0.06821464110746342,0.039450852434500035,-0.2734792178878289,-0.06653181484949598,-0.2721252313318246,0.0,True,False,1,True,True,0.0034045000065816566,4,1.7902187067122525e-09,1.9932147892255824e-10,`gtol` termination condition is satisfied.,True,True,0.009999999999999787,0.017537713665655763,1.0,0.0014255159557505048,4.539926880607e-05,0.0014255176326574885,4.5399151592836276e-05
3.4899999999999696,1786132508.192929,0.006704700004775077,0.007266699991305359,0.01,TELEOP,0,,0.0,3.4899999999999696,349,0.03775000000000076,0.01224999999999924,0.0,0.0,0.0,0.0,1.0,0.04019099842940071,0.009786292874004118,0.0,0.0,0.0,0.0,1.0,-0.003942700471179792,-0.22212564877616287,0.2794729788625265,-0.1305261922200515,0.0,0.0,0.9914448613738105,-0.0037554435257695852,-0.22230879054741545,0.279522051552234,-0.1305261922200515,0.0,0.0,0.9914448613738105,-0.0037554419566460037,-0.22230879117394142,0.2795220521740843,-0.13052619221008224,1.3792107010215316e-12,-9.986383786649926e-11,0.9914448613751229,-0.0026917756359487906,-0.22321228638701263,0.27976600085522313,-0.13054529662854553,-5.314421252321397e-06,1.1215091390999806e-05,0.9914423459657873,-0.0026917756359487906,-0.22321228638701263,0.27976600085522313,-0.13054529662854553,-5.314421252321397e-06,1.1215091390999806e-05,0.9914423459657873,0.13763534471771013,-0.5393665424938957,0.7995687201032018,0.26095712917071157,0.5394412452392261,0.26107107847863537,0.14794954991251116,-0.5315793705526919,0.7945197335196299,0.27829952783251755,0.5447662195908987,0.27820706489194225,0.14794954991251116,-0.5315793705526919,0.7945197335196299,0.27829952783251755,0.5447662195908987,0.27820706489194225,-0.0771368086079589,-0.06353500991883387,0.04175399897326501,-0.1282549240142778,-0.041353173861125005,-0.1265021754892433,-0.1385724430246621,-0.060478852282735744,0.03454899216005185,-0.24502704698753028,-0.0587973656779402,-0.24399599314318804,0.0,True,False,1,True,True,0.003723400004673749,4,1.800383698450083e-09,2.0075653460829344e-10,`gtol` termination condition is satisfied.,True,True,0.009999999999999787,0.01744843756600367,1.0,0.0014167570719278199,4.5840143619255365e-05,0.0014167587566110606,4.5840028342407565e-05
3.4999999999999694,1786132508.1999626,0.007499400002416223,0.006800300005124882,0.01,TELEOP,0,,0.0,3.4999999999999694,350,0.03750000000000077,0.012499999999999234,0.0,0.0,0.0,0.0,1.0,0.0399451503467849,0.010034217282197588,0.0,0.0,0.0,0.0,1.0,-0.004016454895964534,-0.22205380579951042,0.2794537285949506,-0.1305261922200515,0.0,0.0,0.9914448613738105,-0.0038282055178313645,-0.22223770859344125,0.27950300520007015,-0.1305261922200515,0.0,0.0,0.9914448613738105,-0.0038282039378771116,-0.22223770922042416,0.2795030058224779,-0.13052619221007633,1.3856088292397083e-12,-1.0055944897893234e-10,0.9914448613751238,-0.002774182157209523,-0.2231375795208156,0.27974586289040604,-0.1305454205311828,-5.103945655806731e-06,1.083518167011102e-05,0.9914423296565894,-0.002774182157209523,-0.2231375795208156,0.27974586289040604,-0.1305454205311828,-5.103945655806731e-06,1.083518167011102e-05,0.9914423296565894,0.1369343640288327,-0.539967224502412,0.799959796135374,0.25977318150851564,0.5390643175537612,0.2599014225166464,0.14716596815385713,-0.5322200237960432,0.7949402567228275,0.2769952025129145,0.5443475522885804,0.2769203391001291,0.14716596815385713,-0.5322200237960432,0.7949402567228275,0.2769952025129145,0.5443475522885804,0.2769203391001291,-0.0783581758654057,-0.06406532433512555,0.04205232031975969,-0.1304325319603115,-0.04186673023182117,-0.12867257918131733,-0.12213672574468103,-0.05303144162916787,0.029832134649468378,-0.2177607946033731,-0.05135563706961776,-0.2170403692074073,0.0,True,False,1,True,True,0.00357359999907203,4,1.810180764796582e-09,2.0214203751230143e-10,`gtol` termination condition is satisfied.,True,True,0.009999999999999787,0.01734239866180598,1.0,0.0014070209760664177,4.5589101668221686e-05,0.001407022668056701,4.558898832632223e-05
3.509999999999969,1786132508.2079885,0.007051900000078604,0.007775000005494803,0.01,TELEOP,0,,0.0,3.509999999999969,351,0.037250000000000776,0.012749999999999229,0.0,0.0,0.0,0.0,1.0,0.03969892275102603,0.010282331415474608,0.0,0.0,0.0,0.0,1.0,-0.004090323174692195,-0.22198190784475053,0.27943446359603524,-0.1305261922200515,0.0,0.0,0.9914448613738105,-0.003901162485061593,-0.22216650985367223,0.2794839275552469,-0.1305261922200515,0.0,0.0,0.9914448613738105,-0.0039011608946186924,-0.2221665104810593,0.27948392817811957,-0.1305261922100726,1.3914402252000928e-12,-1.0123247221185705e-10,0.9914448613751242,-0.0028575165809932544,-0.22306234542515,0.2797255469411649,-0.13054524436495704,-4.819560502036804e-06,1.0297586984276797e-05,0.9914423528599257,-0.0028575165809932544,-0.22306234542515,0.2797255469411649,-0.13054524436495704,-4.819560502036804e-06,1.0297586984276797e-05,0.9914423528599257,0.13623013532239783,-0.540568725888196,0.8003510463983079,0.25858207432008656,0.5386866656153413,0.25872449560864835,0.14637174159153912,-0.5328652663669773,0.7953633112540606,0.27567170202416147,0.5439244622151135,0.2756144804333873,0.14637174159153912,-0.5328652663669773,0.7953633112540606,0.27567170202416147,0.5439244622151135,0.2756144804333873,-0.07942265623180193,-0.06452425709341568,0.04230545312330774,-0.13235004887530488,-0.04230900734669659,-0.13058586667418023,-0.10644803663962601,-0.04589327582901505,0.02531328035480576,-0.1917516914993434,-0.04422771148754323,-0.19132874928629562,0.0,True,False,1,True,True,0.0035186000022804365,4,1.8196410279394079e-09,2.0348220313742044e-10,`gtol` termination condition is satisfied.,True,True,0.009999999999999787,0.017222021004398846,1.0,0.0013964574204293788,4.465636858131718e-05,0.0013964591192923985,4.465625728001585e-05
3.519999999999969,1786132508.214865,0.008008099990547635,0.0066426999983377755,0.01,TELEOP,0,,0.0,3.519999999999969,352,0.03700000000000078,0.012999999999999224,0.0,0.0,0.0,0.0,1.0,0.03945235032530214,0.010530617934828197,0.0,0.0,0.0,0.0,1.0,-0.004164294902409363,-0.22190995993634163,0.27941518521208,-0.1305261922200515,0.0,0.0,0.9914448613738105,-0.003974297896545423,-0.2220952039919345,0.2794648212071787,-0.1305261922200515,0.0,0.0,0.9914448613738105,-0.0039742962959264765,-0.22209520461967777,0.2794648218304307,-0.13052619221007059,1.3968828178786192e-12,-1.0188470070005638e-10,0.9914448613751246,-0.002941628717234468,-0.2229866539612853,0.27970507316187015,-0.13054477551640606,-4.464293549543291e-06,9.607200530644058e-06,0.991442414602655,-0.002941628717234468,-0.2229866539612853,0.27970507316187015,-0.13054477551640606,-4.464293549543291e-06,9.607200530644058e-06,0.991442414602655,0.13552281724256532,-0.541170956107761,0.8007424133816257,0.2573840624306016,0.5383083720747012,0.2575405486877696,0.14556836082365754,-0.5335144171246445,0.7957884661169101,0.27433149574562704,0.5434976290217937,0.2742919299073072,0.14556836082365754,-0.5335144171246445,0.7957884661169101,0.27433149574562704,0.5434976290217937,0.2742919299073072,-0.08033807678816134,-0.06491507576673083,0.042515486284952296,-0.13402062785344604,-0.04268331933198042,-0.13225505260801082,-0.09154205563594252,-0.039081867331516404,0.021003316164455953,-0.1670578978141185,-0.03743119852838336,-0.16691859338306206,0.0,True,False,1,True,True,0.003478799990261905,4,1.828793507243976e-09,2.047807474514534e-10,`gtol` termination condition is satisfied.,True,True,0.009999999999999787,0.017089627704074906,1.0,0.0013852093556544285,4.306070872441007e-05,0.001385211060989404,4.3060599691110665e-05
3.5299999999999687,1786132508.221452,0.006852700011222623,0.006377300000167452,0.01,TELEOP,0,,0.0,3.5299999999999687,353,0.03675000000000078,0.013249999999999219,0.0,0.0,0.0,0.0,1.0,0.0392054645835875,0.01077906108566011,0.0,0.0,0.0,0.0,1.0,-0.004238360624923753,-0.22183796663961566,0.2793958946663618,-0.1305261922200515,0.0,0.0,0.9914448613738105,-0.004047596564819767,-0.2220237999150654,0.27944568854244534,-0.1305261922200515,0.0,0.0,0.9914448613738105,-0.004047594954310094,-0.2220238005431215,0.27944568916599805,-0.13052619221007056,1.4018410966765495e-12,-1.0251806645473875e-10,0.9914448613751246,-0.003026376796925599,-0.2229105717810967,0.27968446118032075,-0.130544024224449,-4.041843383200177e-06,8.770402991870716e-06,0.9914425135357219,-0.003026376796925599,-0.2229105717810967,0.27968446118032075,-0.130544024224449,-4.041843383200177e-06,8.770402991870716e-06,0.9914425135357219,0.13481255549408208,-0.5417738317262744,0.8011338441785892,0.2561793793740619,0.537929513415544,0.2563498116674452,0.14475723536053292,-0.5341668290316842,0.7962153120888394,0.27297691695994575,0.5430676977917627,0.2729549938817348,0.14475723536053292,-0.5341668290316842,0.7962153120888394,0.27297691695994575,0.5430676977917627,0.2729549938817348,-0.08111254631246416,-0.06524119070396842,0.04268459719292788,-0.13545787856813465,-0.042993123003099896,-0.1336936025572474,-0.07744695243028453,-0.0326114937237585,0.016911090797558544,-0.14372507146886382,-0.03098036711194803,-0.14385499492366172,0.0,True,False,1,True,True,0.0033503000013297424,4,1.8376653288734088e-09,2.0604140132759492e-10,`gtol` termination condition is satisfied.,True,True,0.009999999999999787,0.016947433315025462,1.0,0.0013734124756589088,4.0828978083414346e-05,0.001373414187097398,4.082887170185005e-05
3.5399999999999685,1786132508.229116,0.006596199993509799,0.007444499991834164,0.01,TELEOP,0,,0.0,3.5399999999999685,354,0.03650000000000079,0.013499999999999214,0.0,0.0,0.0,0.0,1.0,0.03895829416020959,0.011027646553013836,0.0,0.0,0.0,0.0,1.0,-0.004312511751937129,-0.22176593210272855,0.2793765930703757,-0.1305261922200515,0.0,0.0,0.9914448613738105,-0.004121044543846711,-0.22195230582717135,0.2794265317593305,-0.1305261922200515,0.0,0.0,0.9914448613738105,-0.004121042923706349,-0.2219523064555007,0.27942653238311094,-0.13052619221007222,1.4064340869092194e-12,-1.0313410518825582e-10,0.9914448613751243,-0.003111627658544922,-0.22283416219070415,0.2796637300256768,-0.13054300331151805,-3.556501938126394e-06,7.79492482528136e-06,0.9914426479696138,-0.003111627658544922,-0.22283416219070415,0.2796637300256768,-0.13054300331151805,-3.556501938126394e-06,7.79492482528136e-06,0.9914426479696138,0.13409948381157047,-0.5423772758971419,0.8015252901468497,0.25496823896745485,0.5375501604244747,0.2551524949934835,0.14393969152246755,-0.5348218902719252,0.796643462410733,0.2716101594759011,0.542635277932517,0.27160584072712496,0.14393969152246755,-0.5348218902719252,0.796643462410733,0.2716101594759011,0.542635277932517,0.27160584072712496,-0.08175438380653828,-0.06550612402409443,0.04281503218935768,-0.1366757484044643,-0.04324198592456934,-0.1349153154609846,-0.06418374940741339,-0.026493332012602715,0.013043499642979909,-0.12178698363296803,-0.024886292146944954,-0.1221712903737196,0.0,True,False,1,True,True,0.0035801000049104914,4,1.8462812850398287e-09,2.0726729653234469e-10,`gtol` termination condition is satisfied.,True,True,0.009999999999999787,0.01679753758588387,1.0,0.0013611948563269384,3.7995972034658925e-05,0.0013611965735312948,3.7995868907741126e-05
3.5499999999999683,1786132508.2356725,0.007658100003027357,0.006343499990180135,0.01,TELEOP,0,,0.0,3.5499999999999683,355,0.036250000000000795,0.013749999999999207,0.0,0.0,0.0,0.0,1.0,0.03871086507295303,0.011276361330033888,0.0,0.0,0.0,0.0,1.0,-0.004386740478114097,-0.2216938600947775,0.27935728143404837,-0.1305261922200515,0.0,0.0,0.9914448613738105,-0.004194629033893724,-0.2218807292805619,0.2794073528814695,-0.1305261922200515,0.0,0.0,0.9914448613738105,-0.004194627404359205,-0.22188072990912916,0.27940735350541057,-0.13052619221007555,1.4105836902044128e-12,-1.0373439985367267e-10,0.9914448613751238,-0.003197256865331184,-0.2227574850423558,0.27964289806192666,-0.13054172789604887,-3.0130735717342814e-06,6.689697699147496e-06,0.9914428159122861,-0.003197256865331184,-0.2227574850423558,0.27964289806192666,-0.13054172789604887,-3.0130735717342814e-06,6.689697699147496e-06,0.9914428159122861,0.13338372486404412,-0.5429812178745135,0.8019167065908066,0.25375083678112964,0.5371703786295611,0.25394879109392543,0.14311697101355747,-0.5354790250727196,0.797072553290386,0.27023327537459096,0.5422009423719379,0.2702464986018354,0.14311697101355747,-0.5354790250727196,0.797072553290386,0.27023327537459096,0.5422009423719379,0.2702464986018354,-0.08227205089100968,-0.06571348007943956,0.042909087965295634,-0.1376884101310169,-0.04343355605790794,-0.13593421252895774,-0.051766708447141194,-0.0207356055345122,0.009405577593795598,-0.10126617265526101,-0.019157013333860086,-0.10188970679731804,0.0,True,False,1,True,True,0.0033131999953184277,4,1.8546649274394005e-09,2.0846159136240638e-10,`gtol` termination condition is satisfied.,True,True,0.009999999999999787,0.016641920508446262,1.0,0.0013486766824797754,3.46048274642683e-05,0.0013486784051427942,3.4604728532663426e-05
3.559999999999968,1786132508.2465906,0.006570600002305582,0.01069140000618063,0.01,TELEOP,0,,0.0,3.559999999999968,356,0.0360000000000008,0.013999999999999202,0.0,0.0,0.0,0.0,1.0,0.03846320096212698,0.01152519359844314,0.0,0.0,0.0,0.0,1.0,-0.004461039711361912,-0.22162175404043635,0.27933796067501826,-0.1305261922200515,0.0,0.0,0.9914448613738105,-0.004268338292946582,-0.22180907722350435,0.2793881537706449,-0.1305261922200515,0.0,0.0,0.9914448613738105,-0.004268336654232756,-0.22180907785227774,0.27938815439468445,-0.1305261922100805,1.4144561284714133e-12,-1.0432037669232871e-10,0.9914448613751231,-0.0032831487579363626,-0.2226805966535009,0.2796219829273358,-0.13054021509236313,-2.4167922525658893e-06,5.464698115025497e-06,0.9914430151087534,-0.0032831487579363626,-0.2226805966535009,0.2796219829273358,-0.13054021509236313,-2.4167922525658893e-06,5.464698115025497e-06,0.9914430151087534,0.13266539109812842,-0.5435855925572158,0.80230805246462,0.2525273515109001,0.5367902287091718,0.25273887573212545,0.1422902301309772,-0.5361376942476457,0.7975022442298889,0.26884817381044773,0.5417652270409713,0.26887885427261365,0.1422902301309772,-0.5361376942476457,0.7975022442298889,0.26884817381044773,0.5417652270409713,0.26887885427261365,-0.08267408825802905,-0.06586691749260865,0.04296909395029464,-0.13851015641432857,-0.04357153309666987,-0.1367644329221765,-0.04020373670193707,-0.015343741316908624,0.0060005984999008995,-0.08217462833116848,-0.01379770387619298,-0.08302203932187813,0.0,True,False,1,True,True,0.005835400006617419,4,1.862837710516366e-09,2.0962714854534308e-10,`gtol` termination condition is satisfied.,True,True,0.009999999999999787,0.016482438593461324,1.0,0.0013359700575148578,3.070862317411584e-05,0.0013359717853584886,3.0708529942968195e-05
3.569999999999968,1786132508.2582586,0.011036700001568533,0.011321700003463775,0.01,TELEOP,0,,0.0,3.569999999999968,357,0.03575000000000081,0.014249999999999197,0.0,0.0,0.0,0.0,1.0,0.03821532330779169,0.011774132619940243,0.0,0.0,0.0,0.0,1.0,-0.0045354030076624995,-0.22154961705142578,0.2793186316270685,-0.1305261922200515,0.0,0.0,0.9914448613738105,-0.004342161554291431,-0.22173735604494166,0.27936893613876884,-0.1305261922200515,0.0,0.0,0.9914448613738105,-0.004342159906593052,-0.22173735667389255,0.2793689367628498,-0.1305261922100868,1.4179201604597875e-12,-1.0489337289370242e-10,0.9914448613751223,-0.0033691964471039768,-0.2226035497518777,0.27960100148025285,-0.13053848370361534,-1.7732383133111959e-06,4.130786128905737e-06,0.9914432430815963,-0.0033691964471039768,-0.2226035497518777,0.27960100148025285,-0.13053848370361534,-1.7732383133111959e-06,4.130786128905737e-06,0.9914432430815963,0.1319445855233642,-0.5441903400625618,0.8026992900948151,0.25129794625725,0.5364097668726622,0.25152290926834103,0.14146053956772575,-0.5367973954761537,0.7979322181873841,0.2674566207964192,0.5413286306253052,0.2675046529082974,0.14146053956772575,-0.5367973954761537,0.7979322181873841,0.2674566207964192,0.5413286306253052,0.2675046529082974,-0.08296905632514677,-0.06597012285080525,0.04299739574952439,-0.13915530140285515,-0.04365964156660649,-0.13742013643162887,-0.029496806711772072,-0.01032053581966133,0.002830179922975035,-0.06451449885266058,-0.008810846993662427,-0.06557035094523905,0.0,True,False,1,True,True,0.005851300011272542,4,1.870819662021675e-09,2.1076666937193367e-10,`gtol` termination condition is satisfied.,True,True,0.009999999999999787,0.01632082229954762,1.0,0.001323178889989452,2.6374861279918626e-05,0.001323180622763954,2.637477628740661e-05
3.5799999999999677,1786132508.269681,0.011688200000207871,0.011056000003009103,0.01,TELEOP,0,,0.0,3.5799999999999677,358,0.03550000000000081,0.014499999999999192,0.0,0.0,0.0,0.0,1.0,0.03796725162713929,0.012023168637519498,0.0,0.0,0.0,0.0,1.0,-0.0046098245118582175,-0.22147745195510898,0.27929929504778866,-0.1305261922200515,0.0,0.0,0.9914448613738105,-0.004416088949913752,-0.221665571616317,0.2793497015590897,-0.1305261922200515,0.0,0.0,0.9914448613738105,-0.004416087293406937,-0.2216655722454201,0.2793497021831591,-0.13052619221009434,1.421177010960625e-12,-1.0545451612173902e-10,0.9914448613751213,-0.003455301751088616,-0.2225263934453339,0.27957996975156196,-0.13053655391303054,-1.0882560790967583e-06,2.6995419134107827e-06,0.9914434971716939,-0.003455301751088616,-0.2225263934453339,0.27957996975156196,-0.13053655391303054,-1.0882560790967583e-06,2.6995419134107827e-06,0.9914434971716939,0.13122140244286037,-0.544795405328571,0.803090384921538,0.2500627697168067,0.5360290452144831,0.25030103783491653,0.14062888476582258,-0.5374576633373723,0.7983621815840752,0.2660602399010624,0.540891614567814,0.2661254987752201,0.14062888476582258,-0.5374576633373723,0.7983621815840752,0.2660602399010624,0.540891614567814,0.2661254987752201,-0.08316548019031883,-0.06602678612186126,0.04299633966911528,-0.13963808953568144,-0.04370160574912685,-0.13791541330772983,-0.019642386517205897,-0.005666327105600481,-0.00010560804091063131,-0.048278813282630804,-0.004196418252035787,-0.04952768761009724,0.0,True,False,1,True,True,0.005882400000700727,4,1.8786293139918642e-09,2.1188239975681592e-10,`gtol` termination condition is satisfied.,True,True,0.009999999999999787,0.016158674539169193,1.0,0.00131039885134531,2.1697773068126633e-05,0.0013104005888287275,2.1697700951403385e-05
3.5899999999999674,1786132508.2769938,0.01126769999973476,0.007100999995600432,0.01,TELEOP,0,,0.0,3.5899999999999674,359,0.035250000000000815,0.014749999999999187,0.0,0.0,0.0,0.0,1.0,0.03771900365384175,0.012272292785806686,0.0,0.0,0.0,0.0,1.0,-0.0046842989038474794,-0.22140526132047414,0.27927995162553715,-0.1305261922200515,0.0,0.0,0.9914448613738105,-0.004490111439373718,-0.22159372933064586,0.27933045147666175,-0.1305261922200515,0.0,0.0,0.9914448613738105,-0.004490109774217436,-0.22159372995987883,0.2793304521006709,-0.13052619221010328,1.424026054559551e-12,-1.0600498557340159e-10,0.9914448613751201,-0.0035413750825558712,-0.2224491732150071,0.2795589029039914,-0.1305344469781828,-3.678735356221832e-07,1.1831027035192228e-06,0.9914437745785512,-0.0035413750825558712,-0.2224491732150071,0.2795589029039914,-0.1305344469781828,-3.678735356221832e-07,1.1831027035192228e-06,0.9914437745785512,0.13049592813245262,-0.5454007377431102,0.8034813052574529,0.2488219572910937,0.5356481120432041,0.2490733944299871,0.13979616677634626,-0.5381180691157514,0.7987918641676628,0.26466051378441613,0.5404546033031372,0.2647428567619463,0.13979616677634626,-0.5381180691157514,0.7987918641676628,0.26466051378441613,0.5404546033031372,0.2647428567619463,-0.08327179894763251,-0.06604057783791298,0.04296825835875681,-0.1399726116646307,-0.04370112646767872,-0.13826420132738637,-0.010631875731368506,-0.0013791716051719345,-0.0028081310358471392,-0.0334522128949281,4.792814481246327e-05,-0.03487880196565568,0.0,True,False,1,True,True,0.003996899991761893,4,1.8862839206493694e-09,2.12976683188624e-10,`gtol` termination condition is satisfied.,True,True,0.009999999999999787,0.015997470184255735,1.0,0.0012977173989140952,1.6835395767698003e-05,0.0012977191409114625,1.683534599438812e-05
3.5999999999999672,1786132508.2843194,0.007315899987588637,0.007111500002793036,0.01,TELEOP,0,,0.0,3.5999999999999672,360,0.03500000000000082,0.01499999999999918,0.0,0.0,0.0,0.0,1.0,0.037470595501013344,0.012521497009587155,0.0,0.0,0.0,0.0,1.0,-0.004758821349696003,-0.22133304748174318,0.27926060198576685,-0.1305261922200515,0.0,0.0,0.9914448613738105,-0.004564220743829697,-0.22152183413897503,0.2793111872181139,-0.1305261922200515,0.0,0.0,0.9914448613738105,-0.004564219070166995,-0.2215218347683181,0.27931118784201764,-0.13052619221011325,1.426708474397206e-12,-1.0654577678500086e-10,0.9914448613751189,-0.0036273352896858783,-0.22237193093041527,0.2795378151984028,-0.1305321849325414,3.8177494883940506e-07,-4.0599755995741494e-07,0.991444072399662,-0.0036273352896858783,-0.22237193093041527,0.2795378151984028,-0.1305321849325414,3.8177494883940506e-07,-4.0599755995741494e-07,0.991444072399662,0.12976824147141483,-0.5460062907985271,0.803872022063359,0.24757563211737604,0.5352670121869374,0.24784009993444153,0.1389632035824865,-0.5387782203965071,0.7992210187435604,0.26325878649924705,0.5400179847055432,0.2633580546606987,0.1389632035824865,-0.5387782203965071,0.7992210187435604,0.26325878649924705,0.5400179847055432,0.2633580546606987,-0.08329631938597663,-0.06601512807557001,0.04291545758976052,-0.14017272851691154,-0.04366185975939982,-0.13848021012476028,-0.002452043834412037,0.002544976234295758,-0.005280076899629125,-0.020011685228083408,0.003926670827890793,-0.021600879737389972,0.0,True,False,1,True,True,0.0033361999958287925,4,1.893799211863214e-09,2.1405156706409087e-10,`gtol` termination condition is satisfied.,True,True,0.009999999999999787,0.015838556493322442,1.0,0.0012852138583142694,1.2140132274419456e-05,0.001285215604656708,1.2140126741331432e-05
3.609999999999967,1786132508.2917056,0.0075453000026755035,0.006951999996090308,0.01,TELEOP,0,,0.0,3.609999999999967,361,0.03475000000000083,0.015249999999999176,0.0,0.0,0.0,0.0,1.0,0.03722204180928448,0.012770773989777743,0.0,0.0,0.0,0.0,1.0,-0.0048333874572146635,-0.22126081255982355,0.27924124669677314,-0.1305261922200515,0.0,0.0,0.9914448613738105,-0.004638409284894289,-0.22144989058436496,0.2792919100007555,-0.1305261922200515,0.0,0.0,0.9914448613738105,-0.004638407602853615,-0.22144989121380082,0.2792919106245123,-0.13052619221012451,1.4290740405095668e-12,-1.0707795532102405e-10,0.9914448613751173,-0.003713109456150967,-0.2222947048849459,0.2795167199671028,-0.1305297902979712,1.1545219871610734e-06,-2.054983819417712e-06,0.9914443876684218,-0.003713109456150967,-0.2222947048849459,0.2795167199671028,-0.1305297902979712,1.1545219871610734e-06,-2.054983819417712e-06,0.9914443876684218,0.12903841452764578,-0.5466120217703639,0.8042625087395694,0.24632390602623777,0.5348857872765572,0.2466012640567049,0.13813073184190092,-0.5394377604689627,0.7996494207853277,0.2618562664845573,0.5395821107311585,0.2619722861331385,0.13813073184190092,-0.5394377604689627,0.7996494207853277,0.2618562664845573,0.5395821107311585,0.2619722861331385,-0.08324717405856243,-0.06595400724556197,0.04284020417673114,-0.14025200146898092,-0.043587397438467866,-0.13857685275602596,0.0049145327414210765,0.006112083000805088,-0.007525341302938235,-0.007927295206937534,0.007446232093195488,-0.00966426312656865,0.0,True,False,1,True,True,0.003589200001442805,4,1.9011898676747483e-09,2.151091128751079e-10,`gtol` termination condition is satisfied.,True,True,0.009999999999999787,0.015683154381871012,1.0,0.0012729595593580197,8.654725952404031e-06,0.0012729613099020667,8.654811616333445e-06
3.619999999999967,1786132508.2990577,0.0071776999975554645,0.007126800002879463,0.01,TELEOP,0,,0.0,3.619999999999967,362,0.034500000000000836,0.01549999999999917,0.0,0.0,0.0,0.0,1.0,0.03697335588134701,0.013020117076162433,0.0,0.0,0.0,0.0,1.0,-0.004907993235595903,-0.22118855848179986,0.27922188627491684,-0.1305261922200515,0.0,0.0,0.9914448613738105,-0.004712670128020153,-0.22137790283352954,0.2792726209410542,-0.1305261922200515,0.0,0.0,0.9914448613738105,-0.004712668437716356,-0.2213779034630433,0.2792726215646256,-0.13052619221013695,1.43124996806477e-12,-1.0760225252439627e-10,0.9914448613751158,-0.003798632664554432,-0.2222175298501844,0.2794956295941413,-0.13052728581133574,1.944235910910005e-06,-3.7509889102783773e-06,0.9914447173901709,-0.003798632664554432,-0.2222175298501844,0.2794956295941413,-0.13052728581133574,1.944235910910005e-06,-3.7509889102783773e-06,0.9914447173901709,0.1283065131001424,-0.5472178914187891,0.8046527409321681,0.24506688043033847,0.5345044760080851,0.2453569862097185,0.1372994090051019,-0.5400963675558653,0.8000768679357453,0.26045403017904845,0.5391472982357289,0.2605866142889623,0.1372994090051019,-0.5400963675558653,0.8000768679357453,0.26045403017904845,0.5391472982357289,0.2605866142889623,-0.08313228367990341,-0.06586070869025565,0.0427447150417538,-0.14022363055088446,-0.043481249542952016,-0.13856718441762103,0.01148903786590133,0.00932985553063273,-0.009548913497735116,0.0028370918096455137,0.010614789551584928,0.0009668338404935726,0.0,True,False,1,True,True,0.003384900002856739,4,1.908469499487091e-09,2.161508198869144e-10,`gtol` termination condition is satisfied.,True,True,0.009999999999999787,0.015532360458319516,1.0,0.0012610180196300801,8.732892658251227e-06,0.0012610197742570516,8.733073747031769e-06
3.6299999999999666,1786132508.3079958,0.007480300002498552,0.00858449999941513,0.01,TELEOP,0,,0.0,3.6299999999999666,363,0.034250000000000835,0.015749999999999164,0.0,0.0,0.0,0.0,1.0,0.036724549804206925,0.013269520226273826,0.0,0.0,0.0,0.0,1.0,-0.004982635058737929,-0.22111628699864472,0.27920252118936967,-0.1305261922200515,0.0,0.0,0.9914448613738105,-0.004786996930125966,-0.22130587470626303,0.2792533210625208,-0.1305261922200515,0.0,0.0,0.9914448613738105,-0.004786995231661456,-0.22130587533584198,0.2792533216858712,-0.13052619221015047,1.4331470153934098e-12,-1.0811954371145768e-10,0.9914448613751139,-0.003883847727804715,-0.22214043714749265,0.2794745555024858,-0.13052469416780937,2.7448843175496705e-06,-5.481194442249506e-06,0.9914450585760273,-0.003883847727804715,-0.22214043714749265,0.2794745555024858,-0.13052469416780937,2.7448843175496705e-06,-5.481194442249506e-06,0.9914450585760273,0.12757259722144754,-0.5478238637114229,0.8050426963532678,0.24380464714861064,0.5341231143855566,0.24410735632430627,0.13646981576731632,-0.5407537538866063,0.8005031794098608,0.25905302618350956,0.5387138299492924,0.25920197580704624,0.13646981576731632,-0.5407537538866063,0.8005031794098608,0.25905302618350956,0.5387138299492924,0.25920197580704624,-0.08295932377856033,-0.06573863307409376,0.042631147411553806,-0.14010039955389259,-0.04334682864365903,-0.13846384819160817,0.017295990134308614,0.012207561616188236,-0.01135676301999925,0.012323099699189377,0.01344208992929893,0.01033362260128498,0.0,True,False,1,True,True,0.004621000000042841,4,1.9156505483526358e-09,2.1717843506210283e-10,`gtol` termination condition is satisfied.,True,True,0.009999999999999787,0.015387149748709972,1.0,0.001249445169986334,1.2626909104308112e-05,0.0012494469286013176,1.2627102860904405e-05
3.6399999999999664,1786132508.3152907,0.008807799997157417,0.007071200001519173,0.01,TELEOP,0,,0.0,3.6399999999999664,364,0.03400000000000084,0.01599999999999916,0.0,0.0,0.0,0.0,1.0,0.036475634560267464,0.013518977949858915,0.0,0.0,0.0,0.0,1.0,-0.005057309631919766,-0.2210439997013113,0.2791831518664261,-0.1305261922200515,0.0,0.0,0.9914448613738105,-0.004861383891186031,-0.22123380970278123,0.2792340113030353,-0.1305261922200515,0.0,0.0,0.9914448613738105,-0.004861382184651677,-0.22123381033241468,0.27923401192613195,-0.13052619221016487,1.4348542826251293e-12,-1.0863060160853979e-10,0.991444861375112,-0.0039687048927630475,-0.22206345473522635,0.27945350814789116,-0.13052203778298588,3.55059199927205e-06,-7.232962264601748e-06,0.9914454082742299,-0.0039687048927630475,-0.22206345473522635,0.27945350814789116,-0.13052203778298588,3.55059199927205e-06,-7.232962264601748e-06,0.9914454082742299,0.12683672162263976,-0.5484299055662769,0.8054323546144078,0.24253728916997783,0.5337417359455989,0.24285245560294524,0.1356424588122304,-0.5414096646320055,0.800928195311165,0.2576540799027827,0.5382819555894777,0.2578191855305392,0.1356424588122304,-0.5414096646320055,0.800928195311165,0.2576540799027827,0.5382819555894777,0.2578191855305392,-0.08273569550859458,-0.06559107453991277,0.04250159013041526,-0.13989462807268746,-0.043187435981474585,-0.13827902765071096,0.022362826996575116,0.014755853418099592,-0.012955728113855116,0.02057714812051225,0.015939266218445207,0.01848205408972135,0.0,True,False,1,True,True,0.0034431999956723303,4,1.922744705052166e-09,2.1819353833163593e-10,`gtol` termination condition is satisfied.,True,True,0.009999999999999787,0.015248379034898923,1.0,0.0012382896163405821,1.816361515539294e-05,0.0012382913788717064,1.8163798508887083e-05
3.649999999999966,1786132508.3230138,0.007294100010767579,0.007500799998524599,0.01,TELEOP,0,,0.0,3.649999999999966,365,0.03375000000000085,0.016249999999999154,0.0,0.0,0.0,0.0,1.0,0.03622662012826296,0.013768485258418992,0.0,0.0,0.0,0.0,1.0,-0.005132013961521119,-0.2209716980353555,0.27916377869342185,-0.1305261922200515,0.0,0.0,0.9914448613738105,-0.004935825709520215,-0.22116171102909868,0.2792146925216467,-0.1305261922200515,0.0,0.0,0.9914448613738105,-0.004935823994996289,-0.2211617116587778,0.27921469314445885,-0.1305261922101802,1.4364191239853462e-12,-1.0913605612339095e-10,0.99144486137511,-0.0040531615203445726,-0.22198660730997738,0.27943249701922357,-0.13051933857537082,4.355692957010416e-06,-8.99395548716692e-06,0.9914457635987883,-0.0040531615203445726,-0.22198660730997738,0.27943249701922357,-0.13051933857537082,4.355692957010416e-06,-8.99395548716692e-06,0.9914457635987883,0.12609893616331555,-0.549035986613582,0.8058216970723129,0.24126488136047186,0.5333603719649468,0.24159235721775232,0.1348177738072286,-0.5420638767179378,0.8013517758718128,0.2562578986000171,0.5378518930955882,0.25643894146934665,0.1348177738072286,-0.5420638767179378,0.8013517758718128,0.2562578986000171,0.5378518930955882,0.25643894146934665,-0.08246850050018034,-0.06542120859323708,0.042358056064788915,-0.13961813027656828,-0.0430062493889426,-0.1380244061192537,0.026719500841424403,0.016986594667569323,-0.014353406562634825,0.027649779611919195,0.01811865925319938,0.025462153145726595,0.0,True,False,1,True,True,0.0034943999926326796,4,1.9297624295134268e-09,2.1919738663419002e-10,`gtol` termination condition is satisfied.,True,True,0.009999999999999787,0.015116790732804891,1.0,0.0012275929322820365,2.4302068922439308e-05,0.0012275946986792152,2.4302242839903302e-05
3.659999999999966,1786132508.3308299,0.0077994999883230776,0.007517199992435053,0.01,TELEOP,0,,0.0,3.659999999999966,366,0.03350000000000085,0.01649999999999915,0.0,0.0,0.0,0.0,1.0,0.03597751557497074,0.014018037619360072,0.0,0.0,0.0,0.0,1.0,-0.0052067453275087845,-0.22089938331422215,0.2791444020222933,-0.1305261922200515,0.0,0.0,0.9914448613738105,-0.0050103175405340475,-0.22108958162056078,0.27919536550487845,-0.1305261922200515,0.0,0.0,0.9914448613738105,-0.005010315818091079,-0.2210895822502783,0.27919536612737805,-0.13052619221019657,1.4376958539916092e-12,-1.0963665999401784e-10,0.9914448613751079,-0.004137181746078029,-0.22190991642023472,0.27941153064493907,-0.13051661777037954,5.154776320931253e-06,-1.0752248274991965e-05,0.9914461217552863,-0.004137181746078029,-0.22190991642023472,0.27941153064493907,-0.13051661777037954,5.154776320931253e-06,-1.0752248274991965e-05,0.9914461217552863,0.12535928622888973,-0.5496420789753088,0.806210706686187,0.23998749111746226,0.532979051652004,0.24032712695634414,0.1339961286111274,-0.5427161975346075,0.8017738006275066,0.2548650767982975,0.5374238299661647,0.25506183014580214,0.1339961286111274,-0.5427161975346075,0.8017738006275066,0.2548650767982975,0.5374238299661647,0.25506183014580214,-0.08216451961012286,-0.065232081666975,0.0422024755693719,-0.13928218017196178,-0.04280631294235311,-0.13771113235445653,0.030398089005748374,0.01891269262620845,-0.015558049541701882,0.03359501046065102,0.019993644658949292,0.03132737647971798,0.0,True,False,1,True,True,0.0035204999876441434,4,1.9367136356890714e-09,2.2019143184090263e-10,`gtol` termination condition is satisfied.,True,True,0.009999999999999787,0.014993017239545214,1.0,0.0012173899772712753,3.0688020164461336e-05,0.0012173917475052389,3.0688187295842384e-05
3.6699999999999657,1786132508.3376439,0.0077671000035479665,0.006563399991136976,0.01,TELEOP,0,,0.0,3.6699999999999657,367,0.03325000000000086,0.016749999999999144,0.0,0.0,0.0,0.0,1.0,0.03572832913854358,0.014267630914332622,0.0,0.0,0.0,0.0,1.0,-0.005281501258436931,-0.2208270567313174,0.27912502217281265,-0.1305261922200515,0.0,0.0,0.9914448613738105,-0.005084854958671745,-0.2210174241636441,0.27917603097256977,-0.1305261922200515,0.0,0.0,0.9914448613738105,-0.005084853228371225,-0.2210174247933945,0.27917603159473037,-0.1305261922102135,1.438928163359299e-12,-1.1013282720202989e-10,0.9914448613751057,-0.004220736124939058,-0.221833400590875,0.27939061660537023,-0.13051389572652758,5.942726106479416e-06,-1.2496423871796881e-05,0.9914464800637545,-0.004220736124939058,-0.221833400590875,0.27939061660537023,-0.13051389572652758,5.942726106479416e-06,-1.2496423871796881e-05,0.9914464800637545,0.12461781309742524,-0.5502481570612623,0.8065993678858389,0.23870517897450208,0.5325978023235578,0.23905682381901597,0.13317782665696723,-0.5433664635577121,0.8021941675372976,0.2534761019673893,0.5369979246833416,0.2536883322219503,0.13317782665696723,-0.5433664635577121,0.8021941675372976,0.2534761019673893,0.5369979246833416,0.2536883322219503,-0.0818301954160169,-0.06502660231045955,0.042036690979099435,-0.13889748309082292,-0.04259052828230068,-0.13734979238518666,0.033432419410596784,0.020547935651544943,-0.016578459027246733,0.038469708113887904,0.02157846600524347,0.03613399692698703,0.0,True,False,1,True,True,0.003392300000996329,4,1.943607288644983e-09,2.2117660892437088e-10,`gtol` termination condition is satisfied.,True,True,0.009999999999999787,0.014877585680835248,1.0,0.001207709235416058,3.716436451907033e-05,0.001207711009477202,3.7164526811889514e-05
3.6799999999999655,1786132508.3479476,0.006768300008843653,0.010099700011778623,0.01,TELEOP,0,,0.0,3.6799999999999655,368,0.03300000000000086,0.016999999999999137,0.0,0.0,0.0,0.0,1.0,0.035479068304228145,0.014517261401377823,0.0,0.0,0.0,0.0,1.0,-0.005356279508731562,-0.22075471937097757,0.27910563943552696,-0.1305261922200515,0.0,0.0,0.9914448613738105,-0.005159433922357709,-0.22094524111613387,0.27915668958328216,-0.1305261922200515,0.0,0.0,0.9914448613738105,-0.005159432184252886,-0.22094524174591318,0.27915669020507944,-0.1305261922102314,1.4399088106202678e-12,-1.1062521273641992e-10,0.9914448613751032,-0.0043038012640702825,-0.22175707545692624,0.2793697615504348,-0.13051119178411089,6.71475483234433e-06,-1.4215660526291185e-05,0.9914468359785703,-0.0043038012640702825,-0.22175707545692624,0.2793697615504348,-0.13051119178411089,6.71475483234433e-06,-1.4215660526291185e-05,0.9914468359785703,0.123874554278087,-0.5508541973806642,0.8069876664499018,0.23741799916013867,0.532216649567661,0.23778150057053618,0.13236311047413377,-0.5440145388971063,0.8026127920581657,0.25209136043622865,0.5365743082080061,0.2523188283497291,0.13236311047413377,-0.5440145388971063,0.8026127920581657,0.25209136043622865,0.5365743082080061,0.2523188283497291,-0.08147161828334899,-0.06480753393941577,0.04186245208681635,-0.13847415311606728,-0.04236164753355383,-0.13695038722212538,0.03585771326679114,0.021906837104378764,-0.017423889228309366,0.04233299747556467,0.02288807487468581,0.03994051630612991,0.0,True,False,1,True,True,0.00482699999702163,4,1.9504517980049047e-09,2.2215414656061965e-10,`gtol` termination condition is satisfied.,True,True,0.009999999999999787,0.014770922992887209,1.0,0.0011985731701157503,4.363858910548901e-05,0.0011985749480128895,4.3638747875815426e-05
3.6899999999999653,1786132508.3548083,0.01032889999623876,0.006631199998082593,0.01,TELEOP,0,,0.0,3.6899999999999653,369,0.03275000000000087,0.017249999999999134,0.0,0.0,0.0,0.0,1.0,0.035229739873165127,0.014766925680532611,0.0,0.0,0.0,0.0,1.0,-0.005431078038050468,-0.22068237221843634,0.2790862540744289,-0.1305261922200515,0.0,0.0,0.9914448613738105,-0.005234050741714579,-0.2208730347257837,0.27913734193929945,-0.1305261922200515,0.0,0.0,0.9914448613738105,-0.005234048995851049,-0.22087303535558925,0.27913734256071104,-0.13052619221025025,1.4408160284314851e-12,-1.1111426331025529e-10,0.9914448613751008,-0.004386359446790909,-0.22168095390508896,0.27934897122234426,-0.1305085241363178,7.466431110912295e-06,-1.589980519727251e-05,0.9914471871053994,-0.004386359446790909,-0.22168095390508896,0.27934897122234426,-0.1305085241363178,7.466431110912295e-06,-1.589980519727251e-05,0.9914471871053994,0.12312954382319757,-0.5514601783681837,0.8073755893934668,0.2361260001138409,0.5318356173936499,0.23650120424965937,0.1315521653159049,-0.5446603137878778,0.80302960618379,0.2507111434748704,0.5361530855305155,0.25095360518838694,0.1315521653159049,-0.5446603137878778,0.80302960618379,0.2507111434748704,0.5361530855305155,0.25095360518838694,-0.08109451582288672,-0.06457748907715714,0.041681412562429604,-0.13802169613583096,-0.04212226774906059,-0.1365223161342189,0.037710246046228246,0.023004486225863416,-0.018103952438674385,0.045245698023634276,0.023937978449324722,0.042807108790648515,0.0,True,False,1,True,True,0.003465500005404465,4,1.9572549267153984e-09,2.231249356307753e-10,`gtol` termination condition is satisfied.,True,True,0.009999999999999787,0.01467336127608998,1.0,0.0011899985901824297,5.004468810528148e-05,0.0011900003719414133,5.004484425478353e-05
3.699999999999965,1786132508.361978,0.006855300001916476,0.0069457000063266605,0.01,TELEOP,0,,0.0,3.699999999999965,370,0.032500000000000875,0.017499999999999127,0.0,0.0,0.0,0.0,1.0,0.034980350024903156,0.015016620662577446,0.0,0.0,0.0,0.0,1.0,-0.00550589499252906,-0.22061001616888076,0.27906686632938293,-0.1305261922200515,0.0,0.0,0.9914448613738105,-0.005308702048858065,-0.2208008070475563,0.27911798859124726,-0.1305261922200515,0.0,0.0,0.9914448613738105,-0.005308700295274433,-0.22080080767738675,0.2791179892122518,-0.1305261922102699,1.441434403517945e-12,-1.1160046579030874e-10,0.9914448613750982,-0.004468398251081102,-0.22160504622154584,0.2793282504828674,-0.13050590972240633,8.193701392039515e-06,-1.7539435096614908e-05,0.991447531215222,-0.004468398251081102,-0.22160504622154584,0.2793282504828674,-0.13050590972240633,8.193701392039515e-06,-1.7539435096614908e-05,0.991447531215222,0.12238281261576338,-0.5520660802234577,0.807763124864516,0.23482922496202466,0.5314547283702323,0.23521597663928986,0.13074512286044415,-0.5453037030379988,0.8034445574564507,0.24933565349284165,0.535734337262536,0.24959286153667679,0.13074512286044415,-0.5453037030379988,0.8034445574564507,0.24933565349284165,0.535734337262536,0.24959286153667679,-0.08070424554607779,-0.06433892501210231,0.04149512726606458,-0.1375489982028768,-0.04187482679794667,-0.13607436517101806,0.039027027680893965,0.02385640650548413,-0.018628529636502758,0.04726979329541525,0.024744095111392587,0.04479509632008249,0.0,True,False,1,True,True,0.003540899997460656,4,1.9640235633104282e-09,2.2408997234503025e-10,`gtol` termination condition is satisfied.,True,True,0.009999999999999787,0.014585143361029479,1.0,0.00118199702339199,5.633016768509073e-05,0.001181998809054152,5.6330321850711824e-05
3.709999999999965,1786132508.369499,0.007199400002718903,0.007266900007380173,0.01,TELEOP,0,,0.0,3.709999999999965,371,0.032250000000000875,0.017749999999999124,0.0,0.0,0.0,0.0,1.0,0.034730904374200754,0.015266343540639703,0.0,0.0,0.0,0.0,1.0,-0.00558072868773978,-0.2205376520356801,0.27904747641833083,-0.1305261922200515,0.0,0.0,0.9914448613738105,-0.005383384770580686,-0.22072855995954074,0.27909863004235796,-0.1305261922200515,0.0,0.0,0.9914448613738105,-0.005383383009309132,-0.2207285605893958,0.27909863066293583,-0.1305261922102902,1.4419868644826853e-12,-1.1208424004312749e-10,0.9914448613750956,-0.004549910165504607,-0.2215293602446516,0.2793076033446836,-0.13050336414231503,8.892906105335697e-06,-1.9125907291205636e-05,0.9914478662555355,-0.004549910165504607,-0.2215293602446516,0.2793076033446836,-0.13050336414231503,8.892906105335697e-06,-1.9125907291205636e-05,0.9914478662555355,0.12163438863422937,-0.5526718847631418,0.8081502620484902,0.23352771195699973,0.5310740037524811,0.23392585470008107,0.1299420649552564,-0.5459446444459232,0.803857607960501,0.24796501030420529,0.5353181212564018,0.24823671453068835,0.1299420649552564,-0.5459446444459232,0.803857607960501,0.24796501030420529,0.5353181212564018,0.24823671453068835,-0.08030579051877602,-0.06409414079244308,0.041305050405031046,-0.1370643188636384,-0.041621600613433694,-0.13561470059884692,0.03984550273017744,0.02447842196592378,-0.019007686103354102,0.04846793392384007,0.02532261845129835,0.04596645721711423,0.0,True,False,1,True,True,0.0035946999996667728,4,1.9707642599836597e-09,2.250501340064601e-10,`gtol` termination condition is satisfied.,True,True,0.009999999999999787,0.01450642853081699,1.0,0.0011745750937825446,6.245093400956389e-05,0.0011745768834032304,6.245108665547306e-05
3.7199999999999647,1786132508.3788538,0.007481699998606928,0.00914080000075046,0.01,TELEOP,0,,0.0,3.7199999999999647,372,0.03200000000000089,0.017999999999999117,0.0,0.0,0.0,0.0,1.0,0.034481408022638195,0.015516091764391768,0.0,0.0,0.0,0.0,1.0,-0.005655577593208547,-0.22046528055786252,0.27902808453929456,-0.1305261922200515,0.0,0.0,0.9914448613738105,-0.005458096103247936,-0.22065629517763607,0.2790792667524054,-0.1305261922200515,0.0,0.0,0.9914448613738105,-0.005458094334314698,-0.22065629580751667,0.2790792673725384,-0.13052619221031145,1.4423925543993905e-12,-1.1256596308350327e-10,0.9914448613750928,-0.004630892205308733,-0.22145390152115788,0.27928703300635044,-0.13050090159184152,9.56079049355346e-06,-2.065139672488849e-05,0.9914481903588446,-0.004630892205308733,-0.22145390152115788,0.27928703300635044,-0.13050090159184152,9.56079049355346e-06,-2.065139672488849e-05,0.9914481903588446,0.12088429719611847,-0.5532775752846452,0.8085369910804765,0.23222149488147825,0.53069346359858,0.2326308709700628,0.12914302737717362,-0.5465830972006783,0.8042687333053247,0.24659925741307526,0.534904474239266,0.2468852058615835,0.12914302737717362,-0.5465830972006783,0.8042687333053247,0.24659925741307526,0.534904474239266,0.2468852058615835,-0.07990375780827937,-0.06384527547551866,0.04111253448237257,-0.13657528911300676,-0.04136470171357931,-0.13515086691048855,0.04020327104966628,0.02488653169244257,-0.01925159226584822,0.048902975063164905,0.02568988998543926,0.046383368835838566,0.0,True,False,1,True,True,0.0046547000092687085,4,1.9774830723155303e-09,2.260061031620427e-10,`gtol` termination condition is satisfied.,True,True,0.009999999999999787,0.014437298347205557,1.0,0.0011677348993921594,6.83690497291789e-05,0.001167736693039308,6.836920120278979e-05
3.7299999999999645,1786132508.3903933,0.009505299996817484,0.011174500003107823,0.01,TELEOP,0,,0.0,3.7299999999999645,373,0.03175000000000089,0.01824999999999911,0.0,0.0,0.0,0.0,1.0,0.034231865605513494,0.01576586301660676,0.0,0.0,0.0,0.0,1.0,-0.005730440318345957,-0.2203929024069088,0.2790086908721969,-0.1305261922200515,0.0,0.0,0.9914448613738105,-0.005532833489741484,-0.2205840142690867,0.27905989914133145,-0.1305261922200515,0.0,0.0,0.9914448613738105,-0.005532831713167364,-0.22058401489899465,0.27905989976100204,-0.13052619221033324,1.4426553939284018e-12,-1.1304592718588321e-10,0.9914448613750899,-0.0047113455312169615,-0.22137867346469736,0.2792665418904066,-0.1304985348173524,1.0194510469224754e-05,-2.210892314505115e-05,0.991448501848579,-0.0047113455312169615,-0.22137867346469736,0.2792665418904066,-0.1304985348173524,1.0194510469224754e-05,-2.210892314505115e-05,0.991448501848579,0.1201325611821072,-0.553883136440691,0.8089233029644214,0.23091060342114458,0.530313126877057,0.23133105393276485,0.1283480035820209,-0.5472190402761484,0.8046779216051568,0.24523836827681764,0.5344934134502095,0.2455383079709539,0.1283480035820209,-0.5472190402761484,0.8046779216051568,0.24523836827681764,0.5344934134502095,0.2455383079709539,-0.07950237951527443,-0.06359430754701201,0.04091882998321425,-0.1360889136257636,-0.04110607890564841,-0.1346897890629608,0.0401378293004936,0.02509679285066542,-0.019370449915832578,0.04863754872431505,0.025862280793090855,0.04610778475277605,0.0,True,False,1,True,True,0.005716999992728233,4,1.9841852952265654e-09,2.2695853656056522e-10,`gtol` termination condition is satisfied.,True,True,0.009999999999999787,0.014377762531597005,1.0,0.0011614743875027968,7.405165581320065e-05,0.0011614761852550954,7.405180638169299e-05
3.7399999999999642,1786132508.3995874,0.011555199991562404,0.008812700005364604,0.01,TELEOP,0,,0.0,3.7399999999999642,374,0.031500000000000895,0.018499999999999107,0.0,0.0,0.0,0.0,1.0,0.033982281334453364,0.01601565519185647,0.0,0.0,0.0,0.0,1.0,-0.005805315599663997,-0.22032051819292522,0.2789892955805152,-0.1305261922200515,0.0,0.0,0.9914448613738105,-0.005607594598294569,-0.22051171866495026,0.2790405275925868,-0.1305261922200515,0.0,0.0,0.9914448613738105,-0.005607592814095355,-0.2205117192948886,0.2790405282117791,-0.1305261922103558,1.4428053843130687e-12,-1.1352450860508446e-10,0.9914448613750869,-0.004791275073205346,-0.22130367751532945,0.2792461316841274,-0.1304962750888205,1.0791633857979141e-05,-2.349236751476335e-05,0.9914487992425994,-0.004791275073205346,-0.22130367751532945,0.2792461316841274,-0.1304962750888205,1.0791633857979141e-05,-2.349236751476335e-05,0.9914487992425994,0.11937920124199222,-0.5544885541239386,0.809309189498877,0.22959506350762063,0.5299330115652294,0.2300264283561324,0.12755694842021403,-0.5478524708303835,0.8050851724625983,0.2438822525076843,0.5340849382693732,0.2441959301849961,0.12755694842021403,-0.5478524708303835,0.8050851724625983,0.2438822525076843,0.5340849382693732,0.2441959301849961,-0.07910551618068815,-0.06334305542350419,0.040725085744140944,-0.1356115769133368,-0.040847518083636104,-0.13423777859578456,0.039686333458629236,0.025125212350782244,-0.019374423907330664,0.04773367124268231,0.025856082201231093,0.04520104671762425,0.0,True,False,1,True,True,0.004935400007525459,4,1.99087625829869e-09,2.2790815018576685e-10,`gtol` termination condition is satisfied.,True,True,0.009999999999999787,0.014327764855673053,1.0,0.00115578772482548,7.94704042883393e-05,0.001155789526771226,7.947055416122572e-05
3.749999999999964,1786132508.4066586,0.009024600003613159,0.006859899993287399,0.01,TELEOP,0,,0.0,3.749999999999964,375,0.0312500000000009,0.0187499999999991,0.0,0.0,0.0,0.0,1.0,0.03373265903613063,0.016265466377155802,0.0,0.0,0.0,0.0,1.0,-0.005880202289160816,-0.22024812847025227,0.27896989881278467,-0.1305261922200515,0.0,0.0,0.9914448613738105,-0.005682377303074932,-0.22043940967157424,0.2790211524562062,-0.1305261922200515,0.0,0.0,0.9914448613738105,-0.005682375511261852,-0.2204394103015467,0.2790211530749048,-0.13052619221037923,1.4428904045368653e-12,-1.1400202299896258e-10,0.9914448613750838,-0.004870689161333663,-0.2212289132990251,0.2792258033824635,-0.13049413218989045,1.1350137411706154e-05,-2.4796478575194537e-05,0.9914490812544619,-0.004870689161333663,-0.2212289132990251,0.2792258033824635,-0.13049413218989045,1.1350137411706154e-05,-2.4796478575194537e-05,0.9914490812544619,0.11862423598391329,-0.555093815360926,0.8096946432088056,0.22827489763402162,0.5295531347395374,0.22871701560439558,0.12676978179663898,-0.5484834026198944,0.8054904959621015,0.24253076197713386,0.5336790318290938,0.2428579247521695,0.12676978179663898,-0.5484834026198944,0.8054904959621015,0.24253076197713386,0.5336790318290938,0.2428579247521695,-0.07871666235750632,-0.0630931789510889,0.040532349950328735,-0.13514905305504674,-0.040590644027941325,-0.133800543282664,0.038885382318183094,0.024987647241529166,-0.019273579381221564,0.04625238582900889,0.025687405569478454,0.04372353131205722,0.0,True,False,1,True,True,0.0033070000063162297,4,1.997560370616497e-09,2.288555626272844e-10,`gtol` termination condition is satisfied.,True,True,0.009999999999999787,0.014287189000063677,1.0,0.0011506656604205194,8.460112478041259e-05,0.0011506674666555278,8.460127412513708e-05
3.759999999999964,1786132508.4136682,0.007254500000271946,0.006614199999603443,0.01,TELEOP,0,,0.0,3.759999999999964,376,0.031000000000000905,0.018999999999999097,0.0,0.0,0.0,0.0,1.0,0.03348300218744387,0.016515294834375863,0.0,0.0,0.0,0.0,1.0,-0.005955099343766845,-0.22017573374256103,0.27895050070396354,-0.1305261922200515,0.0,0.0,0.9914448613738105,-0.005757179666380284,-0.2203670884811531,0.2790017740516372,-0.1305261922200515,0.0,0.0,0.9914448613738105,-0.005757177866960308,-0.2203670891111643,0.279001774669828,-0.13052619221040324,1.4427510465952597e-12,-1.1447867083400298e-10,0.9914448613750807,-0.004949599165485638,-0.2211543787860545,0.27920555733270147,-0.13049211442358286,1.1868399987886417e-05,-2.6016870283160224e-05,0.9914493467926268,-0.004949599165485638,-0.2211543787860545,0.27920555733270147,-0.13049211442358286,1.1868399987886417e-05,-2.6016870283160224e-05,0.9914493467926268,0.1178676821481001,-0.5556989082146374,0.8100796572829659,0.22695012514514973,0.5291735126583726,0.22740283392491104,0.125986392255247,-0.5491118644380206,0.8058939116791523,0.24118369679057386,0.5332756625979299,0.24152409275244469,0.125986392255247,-0.5491118644380206,0.8058939116791523,0.24118369679057386,0.5332756625979299,0.24152409275244469,-0.07833895413919946,-0.06284618181262527,0.04034157170506829,-0.13470651865600405,-0.04033692311639148,-0.1333831999724826,0.03777082183068654,0.024699713846362825,-0.01907782452604505,0.04425343990426938,0.025372091154985135,0.0417343310181402,0.0,True,False,1,True,True,0.003416899999137968,4,2.0042420621623913e-09,2.2980121301886173e-10,`gtol` termination condition is satisfied.,True,True,0.009999999999999787,0.01425586434311224,1.0,0.001146095879476088,8.94235984980807e-05,0.001146097690102517,8.942374745113945e-05
3.7699999999999636,1786132508.42017,0.006822199997259304,0.006294299993896857,0.01,TELEOP,0,,0.0,3.7699999999999636,377,0.030750000000000912,0.01924999999999909,0.0,0.0,0.0,0.0,1.0,0.033233313947482475,0.016765138984264055,0.0,0.0,0.0,0.0,1.0,-0.006030005815755263,-0.22010333446748376,0.278931101376674,-0.1305261922200515,0.0,0.0,0.9914448613738105,-0.005831999922320506,-0.22029475618143327,0.27898239267034053,-0.1305261922200515,0.0,0.0,0.9914448613738105,-0.005831998115296767,-0.22029475681148852,0.2789823932880099,-0.13052619221042788,1.4425809703754188e-12,-1.1495477628968146e-10,0.9914448613750775,-0.00502801914566119,-0.22108007044732123,0.2791853932803985,-0.13049022863220053,1.234519229793294e-05,-2.71500108937366e-05,0.9914495949578018,-0.00502801914566119,-0.22108007044732123,0.2791853932803985,-0.13049022863220053,1.234519229793294e-05,-2.71500108937366e-05,0.9914495949578018,0.11710955476633425,-0.556303821695052,0.8104642255164856,0.22562076250424068,0.528794160838011,0.2260838987118625,0.12520664047085356,-0.549737898585588,0.806295447710319,0.23984081110368322,0.5328747859293635,0.24019418984963736,0.12520664047085356,-0.549737898585588,0.806295447710319,0.23984081110368322,0.5328747859293635,0.24019418984963736,-0.07797517843934447,-0.06260341475673384,0.04015360311668295,-0.13428856868906844,-0.040087666856635874,-0.13299029028073558,0.03637756998549948,0.024276705589143407,-0.018796858838533888,0.04179499669356296,0.02492562597556057,0.039290969174702456,0.0,True,False,1,True,True,0.0033005000004777685,4,2.0109251253397883e-09,2.3074575498475963e-10,`gtol` termination condition is satisfied.,True,True,0.009999999999999787,0.014233571645424131,1.0,0.0011420633463826916,9.392137885445692e-05,0.0011420651615073303,9.392152752858722e-05
3.7799999999999634,1786132508.4301171,0.006491200008895248,0.009750899989739992,0.01,TELEOP,0,,0.0,3.7799999999999634,378,0.030500000000000915,0.019499999999999088,0.0,0.0,0.0,0.0,1.0,0.03298359718657089,0.017014997391924427,0.0,0.0,0.0,0.0,1.0,-0.006104920844028739,-0.22003093106082136,0.27891170094232953,-0.1305261922200515,0.0,0.0,0.9914448613738105,-0.005906836461869562,-0.22022241376462942,0.2789630085781794,-0.1305261922200515,0.0,0.0,0.9914448613738105,-0.005906834647241621,-0.22022241439473494,0.27896300919531464,-0.13052619221045328,1.4422694889836453e-12,-1.1543050525967581e-10,0.991444861375074,-0.005105965514258758,-0.2210059834077748,0.2791653104161676,-0.1304884802299754,1.2779663627134698e-05,-2.8193204486873858e-05,0.9914498250386122,-0.005105965514258758,-0.2210059834077748,0.2791653104161676,-0.1304884802299754,1.2779663627134698e-05,-2.8193204486873858e-05,0.9914498250386122,0.11634986730823244,-0.556908545677071,0.8108483422581986,0.22428682353806104,0.5284150941221597,0.22476022274859067,0.12443036263264139,-0.5503615593812156,0.8066951397288045,0.23850181875482773,0.53247634556785,0.23886793186164004,0.12443036263264139,-0.5503615593812156,0.8066951397288045,0.23850181875482773,0.53247634556785,0.23886793186164004,-0.07762778382121933,-0.06236607956275816,0.0399692018485424,-0.13389923488555036,-0.03984403615136334,-0.1326257987997345,0.034739461812514805,0.023733519397568563,-0.018440126814055907,0.03893338035180771,0.02436307052725399,0.03644914810010946,0.0,True,False,1,True,True,0.005148399999598041,4,2.017613300159664e-09,2.316894789126812e-10,`gtol` termination condition is satisfied.,True,True,0.009999999999999787,0.014220048599442536,1.0,0.0011385506358171256,9.8081628531912e-05,0.0011385524555502092,9.808177702116381e-05
3.789999999999963,1786132508.4374428,0.010098400001879781,0.006977199998800643,0.01,TELEOP,0,,0.0,3.789999999999963,379,0.030250000000000922,0.01974999999999908,0.0,0.0,0.0,0.0,1.0,0.032733854512658825,0.017264868753624787,0.0,0.0,0.0,0.0,1.0,-0.006179843646202358,-0.21995852390036644,0.27889229950215944,-0.1305261922200515,0.0,0.0,0.9914448613738105,-0.005981687819178328,-0.22015006213561136,0.27894362201761297,-0.1305261922200515,0.0,0.0,0.9914448613738105,-0.005981685996942491,-0.22015006276577392,0.27894362263420186,-0.13052619221047929,1.4418460859528428e-12,-1.1590609330918156e-10,0.9914448613750707,-0.005183456711587417,-0.22093211159611736,0.27914530742291,-0.13048687324699465,1.3171325922317716e-05,-2.914456575134847e-05,0.9914500365057904,-0.005183456711587417,-0.22093211159611736,0.27914530742291,-0.13048687324699465,1.3171325922317716e-05,-2.914456575134847e-05,0.9914500365057904,0.11558863181537914,-0.5575130708252517,0.8112320023623987,0.22294831966201176,0.5280363267456518,0.22343181643018564,0.12365737370582701,-0.5509829117177911,0.8070930300695939,0.23716639869134343,0.5320802751057527,0.23754500012659074,0.12365737370582701,-0.5509829117177911,0.8070930300695939,0.23716639869134343,0.5320802751057527,0.23754500012659074,-0.07729889268143873,-0.06213523365755341,0.03978903407893763,-0.13354200634843227,-0.03960704620972066,-0.1322931735049333,0.032889113978060394,0.02308459052047489,-0.018016776960477765,0.03572285371181011,0.023698994164268565,0.033262529480120734,0.0,True,False,1,True,True,0.0033398999948985875,4,2.0243097983548763e-09,2.3263290151297654e-10,`gtol` termination condition is satisfied.,True,True,0.009999999999999787,0.014214995216766696,1.0,0.00113553825080279,0.00010189495793976446,0.0011355400752564241,0.00010189510632415566
3.799999999999963,1786132508.4465892,0.0071887999947648495,0.008935299993027002,0.01,TELEOP,0,,0.0,3.799999999999963,380,0.03000000000000093,0.019999999999999074,0.0,0.0,0.0,0.0,1.0,0.032484088295300056,0.01751475188480937,0.0,0.0,0.0,0.0,1.0,-0.006254773511409989,-0.21988611332937688,0.2788728971481393,-0.1305261922200515,0.0,0.0,0.9914448613738105,-0.006056552659047372,-0.22007770211941685,0.2789242332097093,-0.1305261922200515,0.0,0.0,0.9914448613738105,-0.006056550829196965,-0.22007770274964378,0.27892423382574044,-0.1305261922105061,1.4413175316800745e-12,-1.1638176079548264e-10,0.9914448613750672,-0.005260512895659073,-0.22085844789010453,0.279125382523115,-0.13048541038296022,1.3520035634914564e-05,-3.000298884061651e-05,0.9914502290050771,-0.005260512895659073,-0.22085844789010453,0.279125382523115,-0.13048541038296022,1.3520035634914564e-05,-3.000298884061651e-05,0.9914502290050771,0.11482585902426722,-0.5581173885248181,0.8116152011446431,0.2216052600867966,0.5276578723927416,0.22209868796787743,0.12288747055984744,-0.551602029670812,0.807489166847783,0.23583420017061793,0.5316864993855455,0.23622504664613783,0.12288747055984744,-0.551602029670812,0.807489166847783,0.23583420017061793,0.5316864993855455,0.23622504664613783,-0.07699031459795759,-0.06191179530208157,0.039613677818921486,-0.13321985207255377,-0.03937757202072386,-0.13199534804529534,0.030857808348114826,0.02234383554718493,-0.017535626001614672,0.03221542758785011,0.022947418899680005,0.029782545963797508,0.0,True,False,1,True,True,0.005414699990069494,4,2.0310176817932447e-09,2.335764073146142e-10,`gtol` termination condition is satisfied.,True,True,0.009999999999999787,0.01421807902933167,1.0,0.001133004926926547,0.00010535525788350186,0.0011330067562135544,0.00010535540623119047
3.8099999999999627,1786132508.4532347,0.009176299994578585,0.00640430000203196,0.01,TELEOP,0,,0.0,3.8099999999999627,381,0.029750000000000932,0.02024999999999907,0.0,0.0,0.0,0.0,1.0,0.03223430068743998,0.01776464570920692,0.0,0.0,0.0,0.0,1.0,-0.0063297097937680125,-0.21981369965973216,0.278853493963837,-0.1305261922200515,0.0,0.0,0.9914448613738105,-0.006131429765466103,-0.2200053344681423,0.27890484235599217,-0.1305261922200515,0.0,0.0,0.9914448613738105,-0.006131427927991675,-0.2200053350984416,0.27890484297145435,-0.13052619221053358,1.440626254101423e-12,-1.1685767273729984e-10,0.9914448613750635,-0.00533715564712919,-0.22078498425682558,0.2791055335258763,-0.13048409306937583,1.382597369212483e-05,-3.0768111106163855e-05,0.9914504023490173,-0.00533715564712919,-0.22078498425682558,0.2791055335258763,-0.13048409306937583,1.382597369212483e-05,-3.0768111106163855e-05,0.9914504023490173,0.11406155847893557,-0.5587214908184667,0.8119979343413075,0.22025765200809633,0.5272797442504393,0.220760843576645,0.12212043495324874,-0.5522189951634953,0.8078836031131615,0.23450484771993538,0.5312949358424728,0.23490769898996228,0.12212043495324874,-0.5522189951634953,0.8078836031131615,0.23450484771993538,0.5312949358424728,0.23490769898996228,-0.07670356065987216,-0.061696549268334996,0.039443626537847803,-0.13293524506825874,-0.03915635430726502,-0.13173476561755743,0.02867539380854376,0.021524603374657784,-0.017005128107368726,0.028460700429503348,0.022121771345884046,0.02605824277379168,0.0,True,False,1,True,True,0.0033208000095328316,4,2.03773972652332e-09,2.34520378144804e-10,`gtol` termination condition is satisfied.,True,True,0.009999999999999787,0.014228940083821334,1.0,0.0011309279220841231,0.00010845952347434261,0.001130929756316998,0.00010845967184444012
3.8199999999999625,1786132508.4608557,0.006610900003579445,0.007415000000037253,0.01,TELEOP,0,,0.0,3.8199999999999625,382,0.02950000000000094,0.020499999999999064,0.0,0.0,0.0,0.0,1.0,0.03198449364521229,0.01801454924893409,0.0,0.0,0.0,0.0,1.0,-0.006404651906436319,-0.2197412831748011,0.27883409002518106,-0.1305261922200515,0.0,0.0,0.9914448613738105,-0.006206318031131573,-0.21993295986725955,0.2788854496401331,-0.1305261922200515,0.0,0.0,0.9914448613738105,-0.006206316186021195,-0.21993296049763988,0.27888545025501593,-0.1305261922105617,1.4399027363737961e-12,-1.1733393496193012e-10,0.9914448613750598,-0.005413407690082098,-0.22071171188742839,0.2790857578733019,-0.13048292153880256,1.4089623952196591e-05,-3.1440272494877313e-05,0.9914505565078324,-0.005413407690082098,-0.22071171188742839,0.2790857578733019,-0.13048292153880256,1.4089623952196591e-05,-3.1440272494877313e-05,0.9914505565078324,0.11329573863412647,-0.5593253703484995,0.8123801980725734,0.21890550078058976,0.5269019550572859,0.21941828764736693,0.12135603636720603,-0.5528338966927953,0.8082763960436433,0.23317794584195314,0.530905495783648,0.2335925649485889,0.12135603636720603,-0.5528338966927953,0.8082763960436433,0.23317794584195314,0.530905495783648,0.2335925649485889,-0.07643985860427328,-0.06149015293000447,0.03927929304817431,-0.1326901877982272,-0.03894400588248385,-0.13151340413734108,0.026370205559887613,0.02063963383305325,-0.01643334896734948,0.02450572700315503,0.02123484247811778,0.02213614802163468,0.0,True,False,1,True,True,0.004318899998907,4,2.04447854970021e-09,2.3546500894199827e-10,`gtol` termination condition is satisfied.,True,True,0.009999999999999787,0.01424719571183905,1.0,0.0011292832912840466,0.00011120766865039271,0.0011292851305739569,0.00011120781709460895
3.8299999999999623,1786132508.4675138,0.007631800006492995,0.006441100005758926,0.01,TELEOP,0,,0.0,3.8299999999999623,383,0.029250000000000942,0.02074999999999906,0.0,0.0,0.0,0.0,1.0,0.03173466894592658,0.018264461615503193,0.0,0.0,0.0,0.0,1.0,-0.006479599316222032,-0.21966886413204767,0.2788146854011586,-0.1305261922200515,0.0,0.0,0.9914448613738105,-0.006281216447866766,-0.21986057894140384,0.2788660552295027,-0.1305261922200515,0.0,0.0,0.9914448613738105,-0.006281214595106166,-0.2198605795718742,0.27886605584379587,-0.13052619221059059,1.4390895325527493e-12,-1.1781073610742519e-10,0.991444861375056,-0.0054892926291942555,-0.220638621325836,0.2790660526860228,-0.13048189489988268,1.4311750482263691e-05,-3.202047136932804e-05,0.9914506915995365,-0.0054892926291942555,-0.220638621325836,0.2790660526860228,-0.13048189489988268,1.4311750482263691e-05,-3.202047136932804e-05,0.9914506915995365,0.1125284069497283,-0.5599290203038612,0.8127619888085884,0.21754881007756208,0.5265245171479511,0.21807102290473518,0.12059403468126773,-0.5534468281197304,0.8086676061796748,0.23185308345543892,0.5305180856003107,0.23227923692424765,0.12059403468126773,-0.5534468281197304,0.8086676061796748,0.23185308345543892,0.5305180856003107,0.23227923692424765,-0.07620016859383227,-0.06129314269352209,0.039121013603149436,-0.13248623865142428,-0.03874101833373302,-0.13133280243412776,0.023969001044101223,0.019701023648238555,-0.015827944502488,0.02039491468029143,0.020298754875083178,0.018060170321333495,0.0,True,False,1,True,True,0.003347699996083975,4,2.0512364066655046e-09,2.364106691624851e-10,`gtol` termination condition is satisfied.,True,True,0.009999999999999787,0.014272445061363381,1.0,0.0011280461461759936,0.00011360233196558459,0.0011280479906317124,0.00011360248052928206
3.839999999999962,1786132508.4767072,0.006651499992585741,0.008983199993963353,0.01,TELEOP,0,,0.0,3.839999999999962,384,0.02900000000000095,0.020999999999999054,0.0,0.0,0.0,0.0,1.0,0.03148482820441226,0.01851438200165171,0.0,0.0,0.0,0.0,1.0,-0.006554551538676328,-0.21959644276539858,0.27879528015445026,-0.1305261922200515,0.0,0.0,0.9914448613738105,-0.006356124097864247,-0.21978819225967455,0.2788466592765906,-0.1305261922200515,0.0,0.0,0.9914448613738105,-0.006356122237437034,-0.2197881928902447,0.2788466598902845,-0.13052619221061976,1.4381320262074351e-12,-1.182882347966691e-10,0.9914448613750522,-0.0055648347036554545,-0.22056570259107575,0.27904641480753567,-0.13048101121691105,1.4493373973744267e-05,-3.2510317476849164e-05,0.9914508078794599,-0.0055648347036554545,-0.22056570259107575,0.27904641480753567,-0.13048101121691105,1.4493373973744267e-05,-3.2510317476849164e-05,0.9914508078794599,0.1117595699772094,-0.5605324343716904,0.8131433033385272,0.21618758203725916,0.5261474424939808,0.2167190505520772,0.11983418268649054,-0.5540578875267264,0.8090572967013068,0.230529838063508,0.5301326079106797,0.2309672960521281,0.11983418268649054,-0.5540578875267264,0.8090572967013068,0.230529838063508,0.5301326079106797,0.2309672960521281,-0.07598519947772009,-0.06110594069958968,0.03896905216320118,-0.1323245391930971,-0.03854776896309544,-0.1311940872119577,0.021496911611218472,0.01872019939324135,-0.015196143994826381,0.016169945832718535,0.019324937063758436,0.013871522217006466,0.0,True,False,1,True,True,0.004142200006754138,4,2.058015639089934e-09,2.37357729343161e-10,`gtol` termination condition is satisfied.,True,True,0.009999999999999787,0.014304273377876847,1.0,0.0011271908990807761,0.0001156486749919536,0.0011271927488083243,0.0001156488237162383
3.849999999999962,1786132508.4874258,0.009350699998321943,0.010350800002925098,0.01,TELEOP,0,,0.0,3.849999999999962,385,0.028750000000000955,0.021249999999999047,0.0,0.0,0.0,0.0,1.0,0.03123497288786884,0.018764309673918445,0.0,0.0,0.0,0.0,1.0,-0.006629508133639354,-0.21952401928739457,0.278775874342006,-0.1305261922200515,0.0,0.0,0.9914448613738105,-0.006431040145686753,-0.21971580034048793,0.278827261920306,-0.1305261922200515,0.0,0.0,0.9914448613738105,-0.006431038277574609,-0.21971580097116775,0.27882726253339124,-0.13052619221065023,1.4371122417794025e-12,-1.187665390669741e-10,0.9914448613750482,-0.005640058558084922,-0.2204929452929181,0.27902684084714446,-0.13048026759279235,1.463574759083447e-05,-3.2911982754004894e-05,0.9914509057293304,-0.005640058558084922,-0.2204929452929181,0.27902684084714446,-0.13048026759279235,1.463574759083447e-05,-3.2911982754004894e-05,0.9914509057293304,0.11098923343869553,-0.5611356066930168,0.8135241387423346,0.21482181739704376,0.5257707427410366,0.2153623704041258,0.11907622843261288,-0.5546671761440163,0.8094455327491988,0.22920777964405417,0.5297489626315066,0.22965631604679626,0.11907622843261288,-0.5546671761440163,0.8094455327491988,0.22920777964405417,0.5297489626315066,0.22965631604679626,-0.07579542538776773,-0.06092886172899222,0.038823604789203776,-0.13220584194538362,-0.03836452791731186,-0.13109800053318502,0.018977408995236058,0.017707897059746763,-0.014544737399740763,0.011869724771348494,0.018324104578357956,0.009608667877266525,0.0,True,False,1,True,True,0.005805199994938448,4,2.06481803886497e-09,2.383062787787993e-10,`gtol` termination condition is satisfied.,True,True,0.009999999999999787,0.014342256026248834,1.0,0.0011266914914001016,0.00011735417507144878,0.001126693346501523,0.00011735432399141633
3.8599999999999617,1786132508.496181,0.010599600005662069,0.008506100013619289,0.01,TELEOP,0,,0.0,3.8599999999999617,386,0.02850000000000096,0.021499999999999044,0.0,0.0,0.0,0.0,1.0,0.03098510432935924,0.019014243965898084,0.0,0.0,0.0,0.0,1.0,-0.006704468701192234,-0.21945159389114505,0.27875646801556947,-0.1305261922200515,0.0,0.0,0.9914448613738105,-0.006505963830961594,-0.21964340365601745,0.27880786328716745,-0.1305261922200515,0.0,0.0,0.9914448613738105,-0.006505961955144388,-0.21964340428681747,0.27880786389963486,-0.130526192210681,1.4359832521423378e-12,-1.1924569051172715e-10,0.9914448613750441,-0.00571498903054618,-0.22042033874059133,0.27900732722129623,-0.13047966025432456,1.474033252283127e-05,-3.3228150610231813e-05,0.9914509856460524,-0.00571498903054618,-0.22042033874059133,0.27900732722129623,-0.13047966025432456,1.474033252283127e-05,-3.3228150610231813e-05,0.9914509856460524,0.11021740229929738,-0.5617385318222603,0.8139044923649025,0.2134515156163572,0.525394429242892,0.2140009810087276,0.11831991740729922,-0.5552747973465199,0.8098323807904312,0.2278864742593625,0.5293670479770659,0.22834586677081106,0.11831991740729922,-0.5552747973465199,0.8098323807904312,0.2278864742593625,0.5293670479770659,0.22834586677081106,-0.0756311025313673,-0.06076212025035677,0.03868480412323099,-0.132130538469169,-0.03819146544407378,-0.13104492759852282,0.0164322856400437,0.016674147863545048,-0.013880066597278702,0.007530347621462439,0.017306247323808633,0.005307293466218685,0.0,True,False,1,True,True,0.004926200010231696,4,2.0716455262809076e-09,2.3925654714709175e-10,`gtol` termination condition is satisfied.,True,True,0.009999999999999787,0.014385962247010414,1.0,0.0011265216063602668,0.00011872841425189265,0.001126523466933628,0.00011872856340072292
3.8699999999999615,1786132508.5035176,0.008722600003238767,0.007120399997802451,0.01,TELEOP,0,,0.0,3.8699999999999615,387,0.028250000000000965,0.021749999999999037,0.0,0.0,0.0,0.0,1.0,0.03073522374006994,0.019264184272112215,0.0,0.0,0.0,0.0,1.0,-0.006779432877979025,-0.2193791667521042,0.27873706122215336,-0.1305261922200515,0.0,0.0,0.9914448613738105,-0.006580894461710702,-0.21957100263625542,0.278788463492391,-0.1305261922200515,0.0,0.0,0.9914448613738105,-0.006580892578166703,-0.2195710032671869,0.2787884641042318,-0.1305261922107124,1.434771670589706e-12,-1.1972590190104282e-10,0.99144486137504,-0.005789650957642049,-0.22034787204440248,0.27898787019313237,-0.13047918463881197,1.480877348938348e-05,-3.346196428901309e-05,0.9914510482303138,-0.005789650957642049,-0.22034787204440248,0.27898787019313237,-0.13047918463881197,1.480877348938348e-05,-3.346196428901309e-05,0.9914510482303138,0.1094440808332416,-0.5623412046902256,0.8142843617925065,0.2120766749893794,0.5250185130924894,0.21263487975837198,0.11756499454677519,-0.5558808557220349,0.8102179080296308,0.22656548738402027,0.5289867613849079,0.2270355175246827,0.11756499454677519,-0.5558808557220349,0.8102179080296308,0.22656548738402027,0.5289867613849079,0.2270355175246827,-0.07549228605240449,-0.06060583755151162,0.0385527239199585,-0.13209868753422652,-0.03802865921580134,-0.13103492461283972,0.013881647896281726,0.015628269884515947,-0.01320802032724894,0.003185093494248216,0.01628062282724412,0.0010002985683090406,0.0,True,False,1,True,True,0.003411099998629652,4,2.0784998639681153e-09,2.4020890662228463e-10,`gtol` termination condition is satisfied.,True,True,0.009999999999999787,0.014434958643005313,1.0,0.0011266548661207376,0.0001197828663300146,0.0011266567322597227,0.00011978301573753001
3.8799999999999613,1786132508.5106323,0.007342500000959262,0.00689250000868924,0.01,TELEOP,0,,0.0,3.8799999999999613,388,0.02800000000000097,0.021999999999999034,0.0,0.0,0.0,0.0,1.0,0.03048533222045076,0.019514130042440434,0.0,0.0,0.0,0.0,1.0,-0.006854400333864778,-0.21930673802968467,0.27871765400447224,-0.1305261922200515,0.0,0.0,0.9914448613738105,-0.00665583140826275,-0.21949859767272675,0.27876906264088547,-0.1305261922200515,0.0,0.0,0.9914448613738105,-0.00665582951696872,-0.21949859830380047,0.278769063252091,-0.13052619221074477,1.4334326706789622e-12,-1.2020720543572525e-10,0.9914448613750357,-0.005864068996557819,-0.22027553421016077,0.2789684659101079,-0.13047883548111344,1.4842874423016587e-05,-3.361697485736032e-05,0.9914510941751392,-0.005864068996557819,-0.22027553421016077,0.2789684659101079,-0.13047883548111344,1.4842874423016587e-05,-3.361697485736032e-05,0.9914510941751392,0.10866927268432522,-0.5629436205703118,0.8146637448313023,0.21069729274825305,0.5246430051502746,0.21126406299239298,0.11681120607836115,-0.5564854562110368,0.8106021818655753,0.22524438695220816,0.5286080003682447,0.22572484005925747,0.11681120607836115,-0.5564854562110368,0.8106021818655753,0.22524438695220816,0.5286080003682447,0.22572484005925747,-0.07537884684140549,-0.06046004890018901,0.03842738359445609,-0.13211004318121267,-0.0378761016663132,-0.1310677465425265,0.011343921099900752,0.014578865132260898,-0.01253403255024142,-0.0011355646986138208,0.015255754948814357,-0.003282192968678127,0.0,True,False,1,True,True,0.003652999992482364,4,2.0853823032988513e-09,2.4116336806208146e-10,`gtol` termination condition is satisfied.,True,True,0.009999999999999787,0.014488812394640865,1.0,0.0011270650133410386,0.00012053068380723231,0.001127066885133867,0.00012053083349993861
3.889999999999961,1786132508.5174866,0.007112599996617064,0.006634000004851259,0.01,TELEOP,0,,0.0,3.889999999999961,389,0.027750000000000975,0.022249999999999028,0.0,0.0,0.0,0.0,1.0,0.03023543077033663,0.019764080777060395,0.0,0.0,0.0,0.0,1.0,-0.006929370768899018,-0.21923430786872386,0.2786982464013351,-0.1305261922200515,0.0,0.0,0.9914448613738105,-0.006730774097698026,-0.21942618912188336,0.2787496608281619,-0.1305261922200515,0.0,0.0,0.9914448613738105,-0.006730772198629324,-0.2194261897531114,0.27874966143872376,-0.13052619221077771,1.432021635160051e-12,-1.2068970558549284e-10,0.9914448613750314,-0.005938267463818966,-0.22020331422635472,0.27894911043955434,-0.13047860690030133,1.4844574532132556e-05,-3.3697089325759333e-05,0.9914511242544947,-0.005938267463818966,-0.22020331422635472,0.27894911043955434,-0.13047860690030133,1.4844574532132556e-05,-3.3697089325759333e-05,0.9914511242544947,0.10789298092115772,-0.5635457750476339,0.8150426394876968,0.2093133651576209,0.5242679160700706,0.209888526090585,0.11605830119650104,-0.5570887033178761,0.8109852693931225,0.22392274612725133,0.528230663295344,0.2244134113133908,0.11605830119650104,-0.5570887033178761,0.8109852693931225,0.22392274612725133,0.528230663295344,0.2244134113133908,-0.07529048818601297,-0.060324710683921236,0.0383087527547247,-0.13216408249568612,-0.037733707290074685,-0.13114287458667184,0.008835865539251708,0.013533821626777905,-0.011863083973138953,-0.005403931447344144,0.014239437623851775,-0.007512804414533855,0.0,True,False,1,True,True,0.0034678999945754185,4,2.0922945736724957e-09,2.4212021203648485e-10,`gtol` termination condition is satisfied.,True,True,0.009999999999999787,0.014547094203955113,1.0,0.0011277260773533899,0.0001209864865049691,0.0011277279548838673,0.00012098663650792381
3.899999999999961,1786132508.5250974,0.0068469999969238415,0.0073982999892905354,0.01,TELEOP,0,,0.0,3.899999999999961,390,0.027500000000000982,0.02249999999999902,0.0,0.0,0.0,0.0,1.0,0.029985520298144323,0.020014036021850267,0.0,0.0,0.0,0.0,1.0,-0.00700434391055671,-0.21916187640081616,0.2786788384480027,-0.1305261922200515,0.0,0.0,0.9914448613738105,-0.006805722008780746,-0.21935377730820563,0.2787302581411645,-0.1305261922200515,0.0,0.0,0.9914448613738105,-0.006805720101911484,-0.2193537779396001,0.2787302587510745,-0.13052619221081108,1.4305629903259039e-12,-1.2117346861575187e-10,0.991444861375027,-0.0060122701904365555,-0.2201312011440875,0.2789297998020921,-0.13047849248520185,1.4815924922713273e-05,-3.370651935259299e-05,0.991451139312043,-0.0060122701904365555,-0.2201312011440875,0.2789297998020921,-0.13047849248520185,1.4815924922713273e-05,-3.370651935259299e-05,0.991451139312043,0.10711520808763815,-0.5641476639908689,0.8154210439504622,0.2079248876012263,0.5238932563226688,0.2085082635589722,0.11530603357487328,-0.5576907003927077,0.8113672369500223,0.22260014579794352,0.5278546500967636,0.22310081588138508,0.11530603357487328,-0.5576907003927077,0.8113672369500223,0.22260014579794352,0.5278546500967636,0.22310081588138508,-0.0752267621627778,-0.060199707483172826,0.038196755689983534,-0.13226003293078523,-0.037601319858037316,-0.1312595432005732,0.006372602323518467,0.012500320074841469,-0.011199706474117102,-0.00959504350990977,0.013238743203736886,-0.01166686139013699,0.0,True,False,1,True,True,0.0038361000042641535,4,2.099237855829504e-09,2.430795789487528e-10,`gtol` termination condition is satisfied.,True,True,0.009999999999999787,0.014609380969630437,1.0,0.001128612525154775,0.00012116615343618972,0.0011286144085012933,0.00012116630377263866
3.9099999999999606,1786132508.5319011,0.007681799994315952,0.006520099996123463,0.01,TELEOP,0,,0.0,3.9099999999999606,391,0.027250000000000985,0.022749999999999018,0.0,0.0,0.0,0.0,1.0,0.029735601629228735,0.02026399536421136,0.0,0.0,0.0,0.0,1.0,-0.007079319511231386,-0.21908944374552353,0.27865943017651135,-0.1305261922200515,0.0,0.0,0.9914448613738105,-0.006880674667337143,-0.2192813625270353,0.2787108546590298,-0.1305261922200515,0.0,0.0,0.9914448613738105,-0.006880672752640302,-0.21928136315860852,0.27871085526827993,-0.13052619221084527,1.4289551015166455e-12,-1.216585631885219e-10,0.9914448613750225,-0.0060861003930308445,-0.22005918414982778,0.2789105300028173,-0.13047848537816173,1.4759065938887116e-05,-3.3649730939039705e-05,0.9914511402501318,-0.0060861003930308445,-0.22005918414982778,0.2789105300028173,-0.13047848537816173,1.4759065938887116e-05,-3.3649730939039705e-05,0.9914511402501318,0.10633595624905971,-0.5647492835265397,0.8157989565744179,0.20653185466121038,0.5235190362173636,0.20712326910835613,0.11455416271806301,-0.5582915489830662,0.8117481497079054,0.22127617680762848,0.5274798629016801,0.2217866482161227,0.11455416271806301,-0.5582915489830662,0.8117481497079054,0.22127617680762848,0.5274798629016801,0.2217866482161227,-0.07518708568102796,-0.06008485903584732,0.03809127578831518,-0.1323968990315067,-0.03747871950833973,-0.13141676652624,0.003967648174984148,0.011484844732550722,-0.010547990166835606,-0.013686610072146527,0.01226003496975833,-0.015722332566678553,0.0,True,False,1,True,True,0.0033931999932974577,4,2.106213298646366e-09,2.440415587741442e-10,`gtol` termination condition is satisfied.,True,True,0.009999999999999787,0.014675258196717222,1.0,0.001129699397472272,0.00012108661938285001,0.0011297012867079285,0.00012108677007385016
3.9199999999999604,1786132508.5395877,0.006723100013914518,0.0074838000000454485,0.01,TELEOP,0,,0.0,3.9199999999999604,392,0.027000000000000992,0.02299999999999901,0.0,0.0,0.0,0.0,1.0,0.029485675513475466,0.02051395842927253,0.0,0.0,0.0,0.0,1.0,-0.007154297345957366,-0.21901701001147525,0.27864002161596835,-0.1305261922200515,0.0,0.0,0.9914448613738105,-0.006955631642041076,-0.21920894504716237,0.27869145045377997,-0.1305261922200515,0.0,0.0,0.9914448613738105,-0.0069556297194885534,-0.21920894567892707,0.27869145106236215,-0.13052619221088033,1.4272509150387335e-12,-1.221451136260854e-10,0.9914448613750179,-0.006159780560450332,-0.21998725263107366,0.27889129706021437,-0.13047857835646734,1.467620535733136e-05,-3.3531395473639176e-05,0.991451128019092,-0.006159780560450332,-0.21998725263107366,0.27889129706021437,-0.13047857835646734,1.467620535733136e-05,-3.3531395473639176e-05,0.991451128019092,0.10555522703421537,-0.565350630015568,0.8161763758655657,0.20513426019072925,0.5231452659215854,0.20573353572625905,0.11380245515707132,-0.5588913482536205,0.8121280713065043,0.21995044192333346,0.5271062066049363,0.22047051457511926,0.11380245515707132,-0.5588913482536205,0.8121280713065043,0.21995044192333346,0.5271062066049363,0.22047051457511926,-0.07517075609916983,-0.059979927055430704,0.03799215985988631,-0.13257348842950561,-0.037365629674377225,-0.13161336410034752,0.0016329581858131235,0.010493198041661966,-0.009911592842886651,-0.017658939799890944,0.0113089833962511,-0.019659757410754135,0.0,True,False,1,True,True,0.004117000004043803,4,2.113221973371665e-09,2.4500640227467974e-10,`gtol` termination condition is satisfied.,True,True,0.009999999999999787,0.014744322146418104,1.0,0.0011309624302155703,0.00012076567747415624,0.0011309643254083348,0.00012076582853940709
3.92999999999996,1786132508.5463197,0.007717799991951324,0.006497399997897446,0.01,TELEOP,0,,0.0,3.92999999999996,393,0.026750000000000995,0.023249999999999008,0.0,0.0,0.0,0.0,1.0,0.029235742632199514,0.020763924876441468,0.0,0.0,0.0,0.0,1.0,-0.0072292772103401525,-0.21894457529736738,0.2786206127928192,-0.1305261922200515,0.0,0.0,0.9914448613738105,-0.00703059254057206,-0.21913652511318638,0.2786720455909552,-0.1305261922200515,0.0,0.0,0.9914448613738105,-0.007030590610134769,-0.2191365257451557,0.2786720461988619,-0.1305261922109161,1.4255164612377104e-12,-1.2263308620514997e-10,0.9914448613750132,-0.00623333235533962,-0.21991539623507012,0.27887209703276505,-0.13047876391091673,1.4569597554358729e-05,-3.3356342439403355e-05,0.9914511036069104,-0.00623333235533962,-0.21991539623507012,0.27887209703276505,-0.13047876391091673,1.4569597554358729e-05,-3.3356342439403355e-05,0.9914511036069104,0.10477302167384234,-0.5659517000318857,0.8165533004675375,0.20373209738044845,0.5227719554788046,0.20433905574281075,0.11305068549363986,-0.5594901944723111,0.8125070635299494,0.2186225575534041,0.5267335893667675,0.21915203471786396,0.11305068549363986,-0.5594901944723111,0.8125070635299494,0.2186225575534041,0.5267335893667675,0.21915203471786396,-0.07517696634314804,-0.05988462186905116,0.03789922234450215,-0.13278843699293919,-0.03726172381688171,-0.1318479857255328,-0.0006210243978200616,0.00953051863795453,-0.00929375153841637,-0.021494856343356787,0.010390585749551345,-0.02346216251852875,0.0,True,False,1,True,True,0.0033829000021796674,4,2.120265053497146e-09,2.45974049059357e-10,`gtol` termination condition is satisfied.,True,True,0.009999999999999787,0.014816181732604211,1.0,0.0011323781616773888,0.00012022178890864437,0.0011323800628903254,0.00012022194036653502
3.93999999999996,1786132508.5533555,0.006704400002490729,0.006828799989307299,0.01,TELEOP,0,,0.0,3.93999999999996,394,0.026500000000001002,0.023499999999999,0.0,0.0,0.0,0.0,1.0,0.028985803604413485,0.021013894396271174,0.0,0.0,0.0,0.0,1.0,-0.007304258918675961,-0.2188721396928708,0.27860120373109104,-0.1305261922200515,0.0,0.0,0.9914448613738105,-0.007105557006113508,-0.21906410294767145,0.27865264013019136,-0.1305261922200515,0.0,0.0,0.9914448613738105,-0.0071055550677614765,-0.219064103579859,0.27865264073741464,-0.13052619221095252,1.4236785554922186e-12,-1.2312258008751835e-10,0.9914448613750083,-0.006306776530053727,-0.21984360492075744,0.27885292604324435,-0.13047903432111874,1.444152374300146e-05,-3.312951405483564e-05,0.9914510680293335,-0.006306776530053727,-0.21984360492075744,0.27885292604324435,-0.13047903432111874,1.444152374300146e-05,-3.312951405483564e-05,0.9914510680293335,0.10398934103571757,-0.5665524903429392,0.8169297291492642,0.2023253588194273,0.5223991148248625,0.20293982089108661,0.112298637298981,-0.5600881805607678,0.812885186023797,0.217292155223094,0.5263619230474607,0.2178308433638051,0.112298637298981,-0.5600881805607678,0.812885186023797,0.217292155223094,0.5263619230474607,0.2178308433638051,-0.0752048194658873,-0.059798608845677545,0.03781224938476226,-0.13304023303101148,-0.03716663193068675,-0.13211913540588932,-0.002785312273925871,0.008601302337362358,-0.008697295973989171,-0.025179603807229622,0.009509188619496664,-0.02711496803565333,0.0,True,False,1,True,True,0.0037455999990925193,4,2.1273433672680513e-09,2.469447197948729e-10,`gtol` termination condition is satisfied.,True,True,0.009999999999999787,0.014890460172955644,1.0,0.0011339240258925176,0.00011947390079831472,0.0011339259331837818,0.00011947405266623265
3.9499999999999598,1786132508.5603762,0.0070355999923776835,0.0068140000075800344,0.01,TELEOP,0,,0.0,3.9499999999999598,395,0.02625000000000101,0.023749999999998994,0.0,0.0,0.0,0.0,1.0,0.02873585899252293,0.02126386670761282,0.0,0.0,0.0,0.0,1.0,-0.007379242302243126,-0.2187997032794562,0.278581794452614,-0.1305261922200515,0.0,0.0,0.9914448613738105,-0.007180524714161691,-0.21899167875311257,0.2786332341257468,-0.1305261922200515,0.0,0.0,0.9914448613738105,-0.007180522767864132,-0.218991679385532,0.278633234732279,-0.13052619221098952,1.421711945572517e-12,-1.2361368067023046e-10,0.9914448613750034,-0.006380132856270593,-0.2197718690041573,0.2788337803007122,-0.13047938172715653,1.4294273361279258e-05,-3.285592207611843e-05,0.9914510223204478,-0.006380132856270593,-0.2197718690041573,0.2788337803007122,-0.13047938172715653,1.4294273361279258e-05,-3.285592207611843e-05,0.9914510223204478,0.10320418565669093,-0.5671529978919116,0.8173056607937297,0.20091403655087334,0.5220267538028498,0.20153582236237189,0.11154610387302781,-0.5606853957066528,0.8132624960512819,0.21595888281841935,0.5259911235794529,0.21650659142118564,0.11154610387302781,-0.5606853957066528,0.8132624960512819,0.21595888281841935,0.5259911235794529,0.21650659142118564,-0.07525334259532035,-0.059721514588498746,0.03773100274848533,-0.1333272404674693,-0.037079946800775955,-0.13242519426194937,-0.004852312943305395,0.007709425717879829,-0.008124663627693807,-0.028700743645783865,0.008668512991079867,-0.030605885606006338,0.0,True,False,1,True,True,0.0037163999950280413,4,2.13445773973723e-09,2.4791858355974405e-10,`gtol` termination condition is satisfied.,True,True,0.009999999999999787,0.014966796403666716,1.0,0.001135578432610271,0.00011854127297039172,0.001135580346033186,0.00011854142526497656
3.9599999999999596,1786132508.5681508,0.007080000010319054,0.0075087000004714355,0.01,TELEOP,0,,0.0,3.9599999999999596,396,0.026000000000001012,0.02399999999999899,0.0,0.0,0.0,0.0,1.0,0.02848590930750116,0.021513841555028817,0.0,0.0,0.0,0.0,1.0,-0.0074542272077496585,-0.21872726613114366,0.27856238497722163,-0.1305261922200515,0.0,0.0,0.9914448613738105,-0.007255495369618339,-0.21891925271372886,0.27861382762698295,-0.1305261922200515,0.0,0.0,0.9914448613738105,-0.007255493415343758,-0.218919253346394,0.2786138282328168,-0.13052619221102743,1.4196902922438157e-12,-1.2410638878745832e-10,0.9914448613749985,-0.0064534200676146965,-0.21970017919743381,0.27881465612022494,-0.1304797981973212,1.4130126674954621e-05,-3.2540606951407045e-05,0.9914509675237777,-0.0064534200676146965,-0.21970017919743381,0.27881465612022494,-0.1304797981973212,1.4130126674954621e-05,-3.2540606951407045e-05,0.9914509675237777,0.10241755577191602,-0.567753219781529,0.8176810943877468,0.19949812212319243,0.5216548821766775,0.20012705085677068,0.11079288887075744,-0.5612819250353451,0.8136390482871462,0.2146224056093063,0.5256211112795932,0.2151789469976427,0.11079288887075744,-0.5612819250353451,0.8136390482871462,0.2146224056093063,0.5256211112795932,0.2151789469976427,-0.07532150022703794,-0.05965293286923237,0.037655223586434444,-0.13364772091131,-0.03700122998597194,-0.1327644423542973,-0.006815763171759993,0.006858171926637317,-0.0075779162050886376,-0.032048044384070065,0.007871681480401602,-0.03392480923479398,0.0,True,False,1,True,True,0.003339199989568442,4,2.14160896274491e-09,2.4889561453523926e-10,`gtol` termination condition is satisfied.,True,True,0.009999999999999787,0.015044846267546014,1.0,0.0011373208343824445,0.00011744331441498231,0.0011373227539858083,0.00011744346715128403
3.9699999999999593,1786132508.5755453,0.007717200001934543,0.0071860000025480986,0.01,TELEOP,0,,0.0,3.9699999999999593,397,0.02575000000000102,0.024249999999998984,0.0,0.0,0.0,0.0,1.0,0.028235955013591076,0.021763818706442343,0.0,0.0,0.0,0.0,1.0,-0.007529213495922683,-0.2186548283151839,0.27854297532293376,-0.1305261922200515,0.0,0.0,0.9914448613738105,-0.007330468704142155,-0.2188468249970992,0.2785944206788024,-0.1305261922200515,0.0,0.0,0.9914448613738105,-0.0073304667418583255,-0.21884682563002447,0.2785944212839301,-0.130526192211066,1.417572622949206e-12,-1.2460074052513825e-10,0.9914448613749934,-0.006526655814574133,-0.21962852664188803,0.2787955499403059,-0.1304802757916749,1.3951338643892404e-05,-3.218859947895278e-05,0.9914509046839297,-0.006526655814574133,-0.21962852664188803,0.2787955499403059,-0.1304802757916749,1.3951338643892404e-05,-3.218859947895278e-05,0.9914509046839297,0.10162945134152333,-0.5683531532592977,0.8180560290126455,0.1980776066367428,0.5212835096434485,0.19871349662956433,0.11003880680250104,-0.5618778493382016,0.8140148946472823,0.21328240706364318,0.5252518111044708,0.21384759620406113,0.11003880680250104,-0.5618778493382016,0.8140148946472823,0.21328240706364318,0.5252518111044708,0.21384759620406113,-0.0754082068256418,-0.05959243028565229,0.03758463601360612,-0.13399985456631436,-0.036930017512241446,-0.13313507935816027,-0.008670659860385982,0.0060502583580084035,-0.007058757282832687,-0.0352133655004377,0.007121247373049686,-0.03706370038629794,0.0,True,False,1,True,True,0.004099500001757406,4,2.1487977379741016e-09,2.4987591101963876e-10,`gtol` termination condition is satisfied.,True,True,0.009999999999999787,0.01512428348611386,1.0,0.0011391317813078251,0.00011619942992866248,0.0011391337071363485,0.0001161995831211652
3.979999999999959,1786132508.5826385,0.007406399992760271,0.006872899990412407,0.01,TELEOP,0,,0.0,3.979999999999959,398,0.025500000000001022,0.02449999999999898,0.0,0.0,0.0,0.0,1.0,0.02798599653257731,0.022013797951001664,0.0,0.0,0.0,0.0,1.0,-0.007604201040226813,-0.2185823898926771,0.27852356550612206,-0.1305261922200515,0.0,0.0,0.9914448613738105,-0.007405444473736556,-0.2187743957556533,0.2785750133220486,-0.1305261922200515,0.0,0.0,0.9914448613738105,-0.00740544250341062,-0.21877439638885338,0.2785750139264627,-0.13052619221110526,1.41535956709028e-12,-1.2509681729678292e-10,0.9914448613749882,-0.006599856630970305,-0.2195569029351676,0.27877645833822773,-0.13048080662126532,1.3760124084894387e-05,-3.180488508876903e-05,0.9914508348388095,-0.006599856630970305,-0.2195569029351676,0.27877645833822773,-0.13048080662126532,1.3760124084894387e-05,-3.180488508876903e-05,0.9914508348388095,0.10083987207495315,-0.5689527957040639,0.8184304638357965,0.19665248078665923,0.5209126458447243,0.19729514953368113,0.10928368341543582,-0.5624732448544719,0.8143900841523273,0.21193858946430627,0.5248831528518604,0.2125122437636226,0.10928368341543582,-0.5624732448544719,0.8143900841523273,0.21193858946430627,0.5248831528518604,0.2125122437636226,-0.07551233870652435,-0.059539551627030056,0.03751895050449608,-0.13438175993369367,-0.03686582526104531,-0.13353524404385525,-0.01041318808825513,0.00528786586222353,-0.0065685509110046305,-0.03819053673793279,0.0064192251196137345,-0.040016468569497914,0.0,True,False,1,True,True,0.0033525000035297126,4,2.1560248300818367e-09,2.508596364195634e-10,`gtol` termination condition is satisfied.,True,True,0.009999999999999787,0.015204800426900394,1.0,0.0011409929640148538,0.00011482887737977415,0.0011409948961093696,0.00011482903104216144
3.989999999999959,1786132508.5901892,0.007087899997713976,0.007335799993597902,0.01,TELEOP,0,,0.0,3.989999999999959,399,0.02525000000000103,0.024749999999998974,0.0,0.0,0.0,0.0,1.0,0.02773603424766786,0.022263779097139696,0.0,0.0,0.0,0.0,1.0,-0.007679189725699647,-0.21850995091913505,0.2785041555416609,-0.1305261922200515,0.0,0.0,0.9914448613738105,-0.007480422456552908,-0.2187019651280309,0.2785556055938699,-0.1305261922200515,0.0,0.0,0.9914448613738105,-0.00748042047815144,-0.21870196576152046,0.278555606197563,-0.13052619221114545,1.4130880353417497e-12,-1.2559460762242821e-10,0.991444861374983,-0.006673037911223034,-0.21948530015298628,0.2787573780431697,-0.13048138290285252,1.355864415287042e-05,-3.139437083412589e-05,0.9914507590124262,-0.006673037911223034,-0.21948530015298628,0.2787573780431697,-0.13048138290285252,1.355864415287042e-05,-3.139437083412589e-05,0.9914507590124262,0.1000488174531511,-0.5695521446137719,0.8188043981029087,0.19522273490207592,0.5205423003768039,0.1958719990586015,0.10852735596366572,-0.5630681831038259,0.8147646628232753,0.21059067434156528,0.5245150713114463,0.21117261343832464,0.10852735596366572,-0.5630681831038259,0.8147646628232753,0.21059067434156528,0.5245150713114463,0.21117261343832464,-0.07563274517701171,-0.05949382493540254,0.03745786709480297,-0.13479151227410138,-0.03680815404141406,-0.13396303252979863,-0.012040647048735972,0.004572669162751566,-0.006108340969311043,-0.040975234040771524,0.0057671219631244205,-0.042778848594337886,0.0,True,False,1,True,True,0.003330500010633841,4,2.163290722983139e-09,2.5184673226041674e-10,`gtol` termination condition is satisfied.,True,True,0.009999999999999787,0.015286108677647042,1.0,0.0011428872454938767,0.00011335063590586057,0.0011428891838913518,0.00011335079005060753
3.9999999999999587,1786132508.597313,0.007685500007937662,0.006773700006306171,0.01,TELEOP,0,,0.0,3.9999999999999587,400,0.025000000000001035,0.024999999999998967,0.0,0.0,0.0,0.0,1.0,0.02748606850702096,0.02251376197081089,0.0,0.0,0.0,0.0,1.0,-0.007754179447893719,-0.21843751144499238,0.2784847454430643,-0.1305261922200515,0.0,0.0,0.9914448613738105,-0.0075554024508902974,-0.2186295332403205,0.27853619752805164,-0.1305261922200515,0.0,0.0,0.9914448613738105,-0.007555400464379362,-0.21862953387411482,0.2785361981310163,-0.13052619221118614,1.4106679159015566e-12,-1.2609417202720122e-10,0.9914448613749776,-0.006746213897643873,-0.21941371086566436,0.2787383059473232,-0.13048199700906737,1.3348994148046611e-05,-3.096185515128367e-05,0.9914506782082978,-0.006746213897643873,-0.21941371086566436,0.2787383059473232,-0.13048199700906737,1.3348994148046611e-05,-3.096185515128367e-05,0.9914506782082978,0.09925628674881319,-0.5701511975943111,0.8191778311310108,0.19378835898206895,0.5201724828000851,0.19444403436601587,0.10776967337443999,-0.5636627307663621,0.8151386736071147,0.20923840273350067,0.5241475063680711,0.20982844828546604,0.10776967337443999,-0.5636627307663621,0.8151386736071147,0.20923840273350067,0.5241475063680711,0.20982844828546604,-0.075768258922575,-0.059454766253622615,0.037401078383941286,-0.13522716080646538,-0.03675649433751925,-0.13441651528586315,-0.013551374556328271,0.003905868177992919,-0.0056788710861686974,-0.04356485323640062,0.0051659703894813,-0.04534827560645332,0.0,True,False,1,True,True,0.003460399995674379,4,2.1705960804483623e-09,2.528373889699746e-10,`gtol` termination condition is satisfied.,True,True,0.009999999999999787,0.015367939439489359,1.0,0.001144798682421138,0.00011178328523202663,0.0011448006271554067,0.00011178343987140907
4.009999999999959,1786132508.6040928,0.0070540000015171245,0.006499399998574518,0.01,TELEOP,0,,0.0,4.009999999999959,401,0.024750000000001028,0.025249999999998975,0.0,0.0,0.0,0.0,1.0,0.02723609962694956,0.02276374641388929,0.0,0.0,0.0,0.0,1.0,-0.007829170111915137,-0.2183650715160704,0.27846533522260986,-0.1305261922200515,0.0,0.0,0.9914448613738105,-0.007630384273374478,-0.21855710020718813,0.27851678915531847,-0.1305261922200515,0.0,0.0,0.9914448613738105,-0.007630382278719639,-0.21855710084130253,0.27851678975754746,-0.1305261922112278,1.4082293065232644e-12,-1.2659550534395231e-10,0.9914448613749721,-0.006819397676986666,-0.21934212814980808,0.27871923911502816,-0.13048264151395708,1.3133192647113607e-05,-3.051200041830926e-05,0.9914505934034622,-0.006819397676986666,-0.21934212814980808,0.27871923911502816,-0.13048264151395708,1.3133192647113607e-05,-3.051200041830926e-05,0.9914505934034622,0.09846227904484792,-0.5707499523493721,0.8195507623020839,0.1923493427285908,0.5198032026476017,0.1930112443225055,0.10701049631813865,-0.5642569496069023,0.8155121563304604,0.20788153528718506,0.5237804030608072,0.20847951075671392,0.10701049631813865,-0.5642569496069023,0.8155121563304604,0.20788153528718506,0.5237804030608072,0.20847951075671392,-0.07591770563013268,-0.05942188405402212,0.0373482723345637,-0.13568674463155847,-0.03671033072638524,-0.13489375287520827,-0.014944670755769052,0.003288219960049151,-0.005280604937758666,-0.04595838250930675,0.004616361113400347,-0.047723758934511744,0.0,True,False,1,True,True,0.003393599996343255,4,2.1779414026613205e-09,2.538315329751568e-10,`gtol` termination condition is satisfied.,True,True,0.010000000000000231,0.015450043751431719,1.0,0.0011467125366419451,0.0001101448962129527,0.0011467144877436812,0.00011014505135775474
4.019999999999959,1786132508.6116507,0.006714199989801273,0.00734359999478329,0.01,TELEOP,0,,0.0,4.019999999999959,402,0.024500000000001035,0.025499999999998968,0.0,0.0,0.0,0.0,1.0,0.026986127894832998,0.023013732282712973,0.0,0.0,0.0,0.0,1.0,-0.007904161631550107,-0.21829263117399916,0.2784459248914524,-0.1305261922200515,0.0,0.0,0.9914448613738105,-0.007705367757300189,-0.2184846661329056,0.27849738050360995,-0.1305261922200515,0.0,0.0,0.9914448613738105,-0.007705365754466578,-0.2184846667673559,0.2784973811050957,-0.13052619221127018,1.4056417514618778e-12,-1.270986583703755e-10,0.9914448613749666,-0.006892601185485764,-0.21927054559545495,0.27870017479003095,-0.13048330923391102,1.2913171945161439e-05,-3.004930832009977e-05,0.991450505543094,-0.006892601185485764,-0.21927054559545495,0.27870017479003095,-0.13048330923391102,1.2913171945161439e-05,-3.004930832009977e-05,0.991450505543094,0.09766679325121182,-0.5713484066712023,0.8199231910572589,0.19090567557666338,0.5194344694328031,0.1915736175295077,0.10624969718967546,-0.564850896440344,0.81588514767913,0.20651985221340607,0.5234137116011764,0.20712558265239117,0.10624969718967546,-0.564850896440344,0.81588514767913,0.20651985221340607,0.5234137116011764,0.20712558265239117,-0.07607991284632082,-0.05939468334417308,0.03729913486696012,-0.13616830737790198,-0.03666914596307818,-0.13539281043227858,-0.016220721618813324,0.002720070984904277,-0.004913746760357857,-0.04815627463435173,0.004118476330706075,-0.04990575570703061,0.0,True,False,1,True,True,0.003809799993177876,4,2.1853271518067865e-09,2.5482929805837226e-10,`gtol` termination condition is satisfied.,True,True,0.009999999999999787,0.015532192558594254,1.0,0.0011486152774948305,0.0001084529325969552,0.0011486172349920714,0.00010845308825750418
4.0299999999999585,1786132508.6190538,0.007559300007415004,0.007187100010924041,0.01,TELEOP,0,,0.0,4.0299999999999585,403,0.024250000000001038,0.025749999999998965,0.0,0.0,0.0,0.0,1.0,0.026736153571762372,0.02326371944676163,0.0,0.0,0.0,0.0,1.0,-0.007979153928471294,-0.21822019045660054,0.2784265144597263,-0.1305261922200515,0.0,0.0,0.9914448613738105,-0.007780352751122333,-0.21841223111228708,0.2784779715983315,-0.1305261922200515,0.0,0.0,0.9914448613738105,-0.007780350740074677,-0.21841223174708896,0.27847797219906634,-0.13052619221131337,1.4030414145280823e-12,-1.2760368266217659e-10,0.9914448613749608,-0.006965835221619698,-0.21919895730901445,0.27868111040095583,-0.13048399326399812,1.2690769787747874e-05,-2.9578098004081427e-05,0.9914504155357249,-0.006965835221619698,-0.21919895730901445,0.27868111040095583,-0.13048399326399812,1.2690769787747874e-05,-2.9578098004081427e-05,0.9914504155357249,0.09686982812026025,-0.5719465584322062,0.820295116891551,0.18945734672206616,0.51906629265664,0.19013114235080264,0.10548716000893549,-0.5654446231348313,0.8162576812016078,0.20515315310764104,0.5230473873538445,0.2057664649435565,0.10548716000893549,-0.5654446231348313,0.8162576812016078,0.20515315310764104,0.5230473873538445,0.2057664649435565,-0.07625371807399908,-0.05937266944872962,0.03725335224778357,-0.1366699105765073,-0.03663242473319423,-0.13591177088346962,-0.017380522767827117,0.002201389544346603,-0.004578261917654916,-0.05016031986053345,0.003672122988394808,-0.05189604511910441,0.0,True,False,1,True,True,0.004035399993881583,4,2.192753624604491e-09,2.558307735392526e-10,`gtol` termination condition is satisfied.,True,True,0.009999999999999787,0.015614176636742694,1.0,0.001150494575675116,0.00010672416394021105,0.0011504965395931638,0.00010672432012595472
4.039999999999958,1786132508.6267264,0.007407099998090416,0.007452699996065348,0.01,TELEOP,0,,0.0,4.039999999999958,404,0.024000000000001045,0.025999999999998958,0.0,0.0,0.0,0.0,1.0,0.026486176894944254,0.02351370778745492,0.0,0.0,0.0,0.0,1.0,-0.00805414693151673,-0.21814774939823653,0.27840710393663887,-0.1305261922200515,0.0,0.0,0.9914448613738105,-0.00785533911708283,-0.21833979523154234,0.2784585624625829,-0.1305261922200515,0.0,0.0,0.9914448613738105,-0.007855337097785492,-0.21833979586671204,0.27845856306255956,-0.13052619221135747,1.400270771878079e-12,-1.2811056716483705e-10,0.9914448613749551,-0.007039109465848577,-0.21912735791233645,0.2786620435650939,-0.13048468700978025,1.2467722362012735e-05,-2.9102486991936096e-05,0.9914503242490573,-0.007039109465848577,-0.21912735791233645,0.2786620435650939,-0.13048468700978025,1.2467722362012735e-05,-2.9102486991936096e-05,0.9914503242490573,0.09607138226074116,-0.5725444055772821,0.8206665393490644,0.188004345146729,0.5186986818140317,0.188683806937725,0.1047227802477836,-0.5660381766495173,0.8166297873343475,0.20378125664985008,0.522681390783097,0.20440197747430644,0.1047227802477836,-0.5660381766495173,0.8166297873343475,0.20378125664985008,0.522681390783097,0.20440197747430644,-0.07643797611518965,-0.059355351468592984,0.037210613273979815,-0.13718964577909837,-0.0365996570747425,-0.1364487469250079,-0.01842580411905807,0.0017317980136636695,-0.004273897380375688,-0.05197352025910831,0.0032767658451731893,-0.05369760415382975,0.0,True,False,1,True,True,0.00431370000296738,4,2.2002214204453716e-09,2.568359352750214e-10,`gtol` termination condition is satisfied.,True,True,0.009999999999999787,0.015695806385574884,1.0,0.0011523392893401992,0.00010497458950611616,0.0011523412597024749,0.00010497474622529609
4.049999999999958,1786132508.6338577,0.007674399996176362,0.006909599993377924,0.01,TELEOP,0,,0.0,4.049999999999958,405,0.023750000000001048,0.026249999999998955,0.0,0.0,0.0,0.0,1.0,0.026236198079884615,0.023763697197060712,0.0,0.0,0.0,0.0,1.0,-0.008129140576034621,-0.21807530803012543,0.27838769333055485,-0.1305261922200515,0.0,0.0,0.9914448613738105,-0.007930326729961046,-0.21826735856905333,0.27843915311736656,-0.1305261922200515,0.0,0.0,0.9914448613738105,-0.00793032470237804,-0.21826735920460716,0.2784391537165775,-0.13052619221140205,1.3974985437570232e-12,-1.2861929657684321e-10,0.9914448613749491,-0.0071124325065898275,-0.21905574253823573,0.278642972090611,-0.13048538421468756,1.2245658510531813e-05,-2.862637479430997e-05,0.9914502325063623,-0.0071124325065898275,-0.21905574253823573,0.278642972090611,-0.13048538421468756,1.2245658510531813e-05,-2.862637479430997e-05,0.9914502325063623,0.09527145415055588,-0.5731419461168737,0.821037458018652,0.18654665964204478,0.5183316463997576,0.18723159925231678,0.10395646459105252,-0.5666315991037248,0.8170014934468889,0.20240400019543195,0.522315687368361,0.20303195855650785,0.10395646459105252,-0.5666315991037248,0.8170014934468889,0.20240400019543195,0.522315687368361,0.20303195855650785,-0.07663156567310976,-0.05934224542076334,0.037170611254137384,-0.13772564544181606,-0.0365703414736108,-0.13700189177986116,-0.019358955792011384,0.0013106047829645334,-0.004000201984243115,-0.05359996627177071,0.002931560113169386,-0.05531448548532746,0.0,True,False,1,True,True,0.0037798000121256337,4,2.207730801588671e-09,2.5784479725765963e-10,`gtol` termination condition is satisfied.,True,True,0.009999999999999787,0.015776911503121077,1.0,0.0011541394431645695,0.00010321937293553169,0.0011541414199924696,0.00010321953019627184
4.059999999999958,1786132508.6416397,0.007168600001023151,0.007523399995989166,0.01,TELEOP,0,,0.0,4.059999999999958,406,0.023500000000001055,0.026499999999998948,0.0,0.0,0.0,0.0,1.0,0.025986217322373134,0.024013687577703134,0.0,0.0,0.0,0.0,1.0,-0.008204134803288066,-0.21800286638062952,0.27836828264907404,-0.1305261922200515,0.0,0.0,0.9914448613738105,-0.008005315475936825,-0.2181949211960815,0.2784197435817769,-0.1305261922200515,0.0,0.0,0.9914448613738105,-0.008005313440031876,-0.21819492183203626,0.27841974418021465,-0.13052619221144768,1.394575103111701e-12,-1.2912995458811465e-10,0.9914448613749431,-0.007185811871715558,-0.21898410682280295,0.27862389397728216,-0.13048607898307246,1.2026095124733819e-05,-2.815342915985723e-05,0.991450141083444,-0.007185811871715558,-0.21898410682280295,0.27862389397728216,-0.13048607898307246,1.2026095124733819e-05,-2.815342915985723e-05,0.991450141083444,0.0944700421483884,-0.5737391781206286,0.8214078725299525,0.1850842788302678,0.5179651959138286,0.18577450708858323,0.10318813063875276,-0.5672249278743658,0.8173728239047953,0.20102123926940169,0.5219502474919742,0.20165626446888746,0.10318813063875276,-0.5672249278743658,0.8173728239047953,0.20102123926940169,0.5219502474919742,0.20165626446888746,-0.07683339522997848,-0.0593328770641051,0.03713304579064235,-0.1382760926030287,-0.0365439876386796,-0.1375694087620426,-0.02018295568687161,0.0009368356658242631,-0.003756546349504078,-0.05504471612126615,0.0026353834931199783,-0.05675169821814467,0.0,True,False,1,True,True,0.004091299997526221,4,2.215282184306151e-09,2.5885747527195056e-10,`gtol` termination condition is satisfied.,True,True,0.009999999999999787,0.015857340553387167,1.0,0.0011558862010453406,0.00010147278740761077,0.0011558881843588193,0.00010147294521615274
4.069999999999958,1786132508.6492963,0.007748200005153194,0.00743170001078397,0.01,TELEOP,0,,0.0,4.069999999999958,407,0.02325000000000106,0.02674999999999894,0.0,0.0,0.0,0.0,1.0,0.02573623480028611,0.024263678840461277,0.0,0.0,0.0,0.0,1.0,-0.008279129559914174,-0.2179304244755161,0.27834887189910074,-0.1305261922200515,0.0,0.0,0.9914448613738105,-0.008080305251556051,-0.21812248317741165,0.27840033387317303,-0.1305261922200515,0.0,0.0,0.9914448613738105,-0.008080303207292566,-0.21812248381378418,0.2784003344708302,-0.13052619221149406,1.3915825176905774e-12,-1.296425043930617e-10,0.991444861374937,-0.007259254064878047,-0.21891244689482026,0.2786048074158599,-0.13048676579908217,1.1810433668654942e-05,-2.7687074876642492e-05,0.9914500507061539,-0.007259254064878047,-0.21891244689482026,0.2786048074158599,-0.13048676579908217,1.1810433668654942e-05,-2.7687074876642492e-05,0.9914500507061539,0.09366714450430884,-0.5743360997116419,0.8217777825498046,0.1836171911841769,0.5175993398663854,0.18431251809203042,0.10241770655654434,-0.5678181957185456,0.8177438001484665,0.19963284697550435,0.5215850463023308,0.2002747688720628,0.10241770655654434,-0.5678181957185456,0.8177438001484665,0.19963284697550435,0.5215850463023308,0.2002747688720628,-0.0770424082208441,-0.05932678441798249,0.037097624367123085,-0.13883922938973794,-0.036520118964337385,-0.13814955968246753,-0.020901299086562946,0.0006092646122610064,-0.0035421423519266136,-0.056313678670925904,0.0023868674342214977,-0.058015092042495074,0.0,True,False,1,True,True,0.004111200003535487,4,2.222875900977168e-09,2.5987392647048845e-10,`gtol` termination condition is satisfied.,True,True,0.009999999999999787,0.015936960439133896,1.0,0.0011575718331528074,9.974817094333012e-05,0.0011575738229704017,9.974832930533763e-05
4.079999999999957,1786132508.6582644,0.007651499996427447,0.008748199994442984,0.01,TELEOP,0,,0.0,4.079999999999957,408,0.023000000000001065,0.026999999999998938,0.0,0.0,0.0,0.0,1.0,0.02548625067522457,0.0245136709045503,0.0,0.0,0.0,0.0,1.0,-0.008354124797432635,-0.21785798233819484,0.27832946108690754,-0.1305261922200515,0.0,0.0,0.9914448613738105,-0.008155295962789577,-0.21805004457193797,0.27838092400733555,-0.1305261922200515,0.0,0.0,0.9914448613738105,-0.008155293910130777,-0.21805004520874538,0.2783809246042043,-0.13052619221154138,1.3885478168310592e-12,-1.301570075926623e-10,0.9914448613749308,-0.0073327646059945205,-0.2188407593626003,0.2785857107861859,-0.13048743954150394,1.1599957779079012e-05,-2.723048503070437e-05,0.9914499620484355,-0.0073327646059945205,-0.2188407593626003,0.2785857107861859,-0.13048743954150394,1.1599957779079012e-05,-2.723048503070437e-05,0.9914499620484355,0.09286275936943561,-0.5749327090612166,0.822147187778988,0.18214538504514635,0.5172340877821677,0.1828456197776241,0.10164513068127613,-0.5684114309183679,0.8181144407859327,0.19823871333158208,0.5212200635554344,0.1988873621507066,0.10164513068127613,-0.5684114309183679,0.8181144407859327,0.19823871333158208,0.5212200635554344,0.1988873621507066,-0.07725758752682148,-0.05932351998222769,0.037064063746613876,-0.1394133643922306,-0.036498274689644755,-0.1387406721356221,-0.021517930597738516,0.000326443575479618,-0.003356062050921191,-0.05741350024926692,0.0021844274692632676,-0.05911124531545904,0.0,True,False,1,True,True,0.004886899987468496,4,2.2305120859706543e-09,2.6089424049838106e-10,`gtol` termination condition is satisfied.,True,True,0.009999999999999787,0.016015655791327438,1.0,0.0011591896780078614,9.80578914829866e-05,0.001159191674346912,9.805805040291999e-05
4.089999999999957,1786132508.6690328,0.008993800001917407,0.010522799988393672,0.01,TELEOP,0,,0.0,4.089999999999957,409,0.02275000000000107,0.02724999999999893,0.0,0.0,0.0,0.0,1.0,0.02523626509400263,0.024763663696577395,0.0,0.0,0.0,0.0,1.0,-0.008429120471799216,-0.2177855399899333,0.27831005021819305,-0.1305261922200515,0.0,0.0,0.9914448613738105,-0.008230287524177175,-0.21797760543319744,0.27836151399860964,-0.1305261922200515,0.0,0.0,0.9914448613738105,-0.008230285463086011,-0.2179776060704571,0.2783615145946825,-0.13052619221158943,1.3853604060434406e-12,-1.306734204504468e-10,0.9914448613749245,-0.007406348075250941,-0.21876904129855154,0.278566602654155,-0.1304880954947574,1.1395831885699537e-05,-2.6786574617149765e-05,0.9914498757308741,-0.007406348075250941,-0.21876904129855154,0.278566602654155,-0.1304880954947574,1.1395831885699537e-05,-2.6786574617149765e-05,0.9914498757308741,0.09205688480474572,-0.5755290043840989,0.8225160879492562,0.1806688486397761,0.5168694492045858,0.18137379954632224,0.10087035108813772,-0.5690046574450504,0.8184847616977997,0.19683874454207134,0.5208552834377873,0.19749395069359965,0.10087035108813772,-0.5690046574450504,0.8184847616977997,0.19683874454207134,0.5208552834377873,0.19749395069359965,-0.07747795931384358,-0.05932265266824417,0.0370320911867041,-0.13999687895107663,-0.036478011764708114,-0.13934114571069828,-0.022037178702210884,8.67313983520778e-05,-0.003197255990977759,-0.05835145588460577,0.0020262924936644117,-0.060047357507618526,0.0,True,False,1,True,True,0.005728000003728084,4,2.238191125605279e-09,2.619183813369955e-10,`gtol` termination condition is satisfied.,True,True,0.009999999999999787,0.016093328286435726,1.0,0.0011607341002484472,9.641332130700662e-05,0.00116073610312554,9.641348078834059e-05
4.099999999999957,1786132508.6792026,0.01088299999537412,0.00980889999482315,0.01,TELEOP,0,,0.0,4.099999999999957,410,0.022500000000001075,0.027499999999998928,0.0,0.0,0.0,0.0,1.0,0.024986278189999787,0.02501365714986576,0.0,0.0,0.0,0.0,1.0,-0.00850411654300007,-0.217713097450053,0.27829063929813447,-0.1305261922200515,0.0,0.0,0.9914448613738105,-0.008305279858048877,-0.21790516580985522,0.27834210386003505,-0.1305261922200515,0.0,0.0,0.9914448613738105,-0.008305277788488087,-0.2179051664475847,0.27834210445530416,-0.13052619221163833,1.382109152476573e-12,-1.311917792986892e-10,0.991444861374918,-0.007480008160014165,-0.21869729022177006,0.27854748176764005,-0.13048872935622366,1.1199100789040798e-05,-2.6357996389508937e-05,0.9914497923197293,-0.007480008160014165,-0.21869729022177006,0.27854748176764005,-0.13048872935622366,1.1199100789040798e-05,-2.6357996389508937e-05,0.9914497923197293,0.09124951878910184,-0.5761249839341451,0.8228844828206575,0.1791875700951932,0.516505433699446,0.17989704470029041,0.1000933251256842,-0.5695978951395724,0.8188547761525865,0.19543286221802764,0.5204906943734279,0.19609445612185364,0.1000933251256842,-0.5695978951395724,0.8188547761525865,0.19543286221802764,0.5204906943734279,0.19609445612185364,-0.07770259624535374,-0.059323769452206306,0.037001445478685564,-0.14058823240437449,-0.03645890643594167,-0.13994945717460483,-0.022463693151017136,-0.00011167839621348727,-0.003064570801853429,-0.05913534532978766,0.001910532876644421,-0.06083114639065593,0.0,True,False,1,True,True,0.006048800001735799,4,2.2459131927696907e-09,2.629463922967345e-10,`gtol` termination condition is satisfied.,True,True,0.009999999999999787,0.016169895902295256,1.0,0.001162200444731225,9.482482034325516e-05,0.0011622024541622414,9.482498038831416e-05
4.109999999999957,1786132508.6858575,0.010060400003567338,0.006403899998986162,0.01,TELEOP,0,,0.0,4.109999999999957,411,0.02225000000000108,0.02774999999999892,0.0,0.0,0.0,0.0,1.0,0.024736290084389594,0.025263651203840398,0.0,0.0,0.0,0.0,1.0,-0.008579112974683127,-0.21764065473610714,0.27827122833143514,-0.1305261922200515,0.0,0.0,0.9914448613738105,-0.008380272893816768,-0.21783272574614632,0.27832269360346457,-0.1305261922200515,0.0,0.0,0.9914448613738105,-0.008380270815748932,-0.21783272638436363,0.2783226941979223,-0.13052619221168815,1.3787267459050315e-12,-1.317121197270389e-10,0.9914448613749115,-0.007553747704073514,-0.21862550407893977,0.278528347051482,-0.1304893372401096,1.1010690133834723e-05,-2.5947138826176097e-05,0.9914497123264234,-0.007553747704073514,-0.21862550407893977,0.278528347051482,-0.1304893372401096,1.1010690133834723e-05,-2.5947138826176097e-05,0.9914497123264234,0.09044065922657014,-0.5767206460003844,0.8232523721790855,0.1777015374531586,0.5161420508583343,0.17841534245693247,0.09931401892469129,-0.5701911599071955,0.8192244949307695,0.19402100255456486,0.5201262888177992,0.19468881447508007,0.09931401892469129,-0.5701911599071955,0.8192244949307695,0.19402100255456486,0.5201262888177992,0.19468881447508007,-0.07793062009929234,-0.05932647676230859,0.03697187781830832,-0.1411859663462801,-0.036440555562872616,-0.14056416467736077,-0.022802385393861393,-0.0002707310102282914,-0.0029567660377248853,-0.059773394190563295,0.0018350873069052551,-0.06147075027559656,0.0,True,False,1,True,True,0.003343100004713051,4,2.2536786145285477e-09,2.6397833350237407e-10,`gtol` termination condition is satisfied.,True,True,0.009999999999999787,0.01624529212283443,1.0,0.0011635849875829057,9.330172787380591e-05,0.0011635870035834651,9.330188848361496e-05
4.119999999999957,1786132508.692738,0.006604800000786781,0.006679499987512827,0.01,TELEOP,0,,0.0,4.119999999999957,412,0.022000000000001088,0.027999999999998915,0.0,0.0,0.0,0.0,1.0,0.024486300887255993,0.025513645803470035,0.0,0.0,0.0,0.0,1.0,-0.008654109733823207,-0.21756821186404263,0.2782518173223681,-0.1305261922200515,0.0,0.0,0.9914448613738105,-0.0084552665673309,-0.21776028528227748,0.2783032832396716,-0.1305261922200515,0.0,0.0,0.9914448613738105,-0.008455264480718407,-0.21776028592100058,0.27830328383331016,-0.13052619221173883,1.3753016780063932e-12,-1.3223439703412484e-10,0.9914448613749048,-0.007627568758665965,-0.21855368122381702,0.27850919760165527,-0.13048991567806062,1.0831407711420899e-05,-2.555612608586774e-05,0.9914496362074564,-0.007627568758665965,-0.21855368122381702,0.27850919760165527,-0.13048991567806062,1.0831407711420899e-05,-2.555612608586774e-05,0.9914496362074564,0.0896303039530903,-0.5773159889034403,0.8236197558340775,0.1762107386830709,0.515779310301722,0.17692867996182918,0.09853240688647834,-0.5707844639233239,0.8195939264559325,0.19260311547506084,0.5197620630410001,0.19327697536475116,0.09853240688647834,-0.5707844639233239,0.8195939264559325,0.19260311547506084,0.5197620630410001,0.19327697536475116,-0.07816120382129645,-0.05933040161284175,0.036943152516302064,-0.14178870795040532,-0.03642257767990909,-0.14118391103289382,-0.023058372200410415,-0.00039248505331601624,-0.0028725302006251305,-0.06027416041252375,0.0017977882963524673,-0.061974635553305873,0.0,True,False,1,True,True,0.003424599999561906,4,2.261487490101013e-09,2.650141483260737e-10,`gtol` termination condition is satisfied.,True,True,0.009999999999999787,0.016319465101406277,1.0,0.0011648848847972874,9.185236212375027e-05,0.0011648869073825608,9.18525232981759e-05
4.129999999999956,1786132508.699484,0.006902299995999783,0.00652349999290891,0.01,TELEOP,0,,0.0,4.129999999999956,413,0.02175000000000109,0.02824999999999891,0.0,0.0,0.0,0.0,1.0,0.02423631069860761,0.025763640898760088,0.0,0.0,0.0,0.0,1.0,-0.008729106790417723,-0.21749576884834673,0.2782324062748151,-0.1305261922200515,0.0,0.0,0.9914448613738105,-0.008530260820293557,-0.21768784445479286,0.278283872778448,-0.1305261922200515,0.0,0.0,0.9914448613738105,-0.00853025872509865,-0.21768784509404,0.2782838733712594,-0.13052619221179043,1.3717745797242227e-12,-1.3275865879705922e-10,0.9914448613748981,-0.007701472634772888,-0.21848182039555886,0.2784900326787042,-0.13049046161673583,1.0661945525547015e-05,-2.5186819820347692e-05,0.9914495643647226,-0.007701472634772888,-0.21848182039555886,0.2784900326787042,-0.13049046161673583,1.0661945525547015e-05,-2.5186819820347692e-05,0.9914495643647226,0.08881845074255298,-0.5779110109922694,0.8239866336167967,0.17471516169397255,0.5154172216817927,0.1754370443006863,0.09774847115600588,-0.5713778158483093,0.8199630769315046,0.1911791637509246,0.5193980169028287,0.19185890110344922,0.09774847115600588,-0.5713778158483093,0.8199630769315046,0.1911791637509246,0.5193980169028287,0.19185890110344922,-0.07839357304724767,-0.059335192498539274,0.03691504755721033,-0.14239517241362729,-0.03640461381714405,-0.1418074261301977,-0.023236922595123652,-0.000479088569752389,-0.0028104959091733556,-0.06064644632219803,0.0017963862765042172,-0.062351509730389686,0.0,True,False,1,True,True,0.003421800007345155,4,2.2693399822654325e-09,2.6605390958308853e-10,`gtol` termination condition is satisfied.,True,True,0.009999999999999787,0.016392376791989932,1.0,0.0011660981189357733,9.048402720650075e-05,0.0011661001481208767,9.048418894418804e-05
4.139999999999956,1786132508.7061195,0.006729600005201064,0.006429100001696497,0.01,TELEOP,0,,0.0,4.139999999999956,414,0.021500000000001098,0.028499999999998905,0.0,0.0,0.0,0.0,1.0,0.02398631960929929,0.026013636444291974,0.0,0.0,0.0,0.0,1.0,-0.008804104117210219,-0.21742332570218081,0.27821299519230275,-0.1305261922200515,0.0,0.0,0.9914448613738105,-0.008605255599726611,-0.21761540329690654,0.2782644622286936,-0.1305261922200515,0.0,0.0,0.9914448613738105,-0.008605253495911392,-0.21761540393669632,0.2782644628206701,-0.13052619221184278,1.3681563223009773e-12,-1.332849291776623e-10,0.9914448613748912,-0.007775459956211272,-0.21840992069614118,0.2784708517005552,-0.13049097241257349,1.0502882552778065e-05,-2.484082270779703e-05,0.9914494971461956,-0.007775459956211272,-0.21840992069614118,0.2784708517005552,-0.13049097241257349,1.0502882552778065e-05,-2.484082270779703e-05,0.9914494971461956,0.08800509731234128,-0.5785057106412084,0.8243530053782137,0.1732147943456479,0.5150557946850223,0.17394042251038436,0.09696220108471401,-0.571971221048941,0.820331950481659,0.18974912210515196,0.5190341536218812,0.19043456581813725,0.09696220108471401,-0.571971221048941,0.820331950481659,0.18974912210515196,0.5190341536218812,0.19043456581813725,-0.07862700712918855,-0.059340520063174265,0.0368873550154352,-0.14300416457726717,-0.036386328094747636,-0.14243352853119848,-0.023343408194088575,-0.0005327564634993269,-0.002769254177513447,-0.06089921636398867,0.0018285722396416243,-0.06261024010007915,0.0,True,False,1,True,True,0.0033493000082671642,4,2.2772363894958956e-09,2.6709769510577454e-10,`gtol` termination condition is satisfied.,True,True,0.009999999999999787,0.01646400205695206,1.0,0.0011672234444642775,8.920302686944193e-05,0.0011672254802645948,8.920318916809495e-05
4.149999999999956,1786132508.7138357,0.006659299993771128,0.007486400005291216,0.01,TELEOP,0,,0.0,4.149999999999956,415,0.0212500000000011,0.0287499999999989,0.0,0.0,0.0,0.0,1.0,0.023736327701869404,0.02626363239880455,0.0,0.0,0.0,0.0,1.0,-0.008879101689439185,-0.21735088243750136,0.2781935840780348,-0.1305261922200515,0.0,0.0,0.9914448613738105,-0.008680250857487207,-0.21754296183880514,0.27824505159849683,-0.1305261922200515,0.0,0.0,0.9914448613738105,-0.008680248745013677,-0.2175429624791564,0.27824505218963036,-0.13052619221189618,1.36448519982763e-12,-1.338131356975856e-10,0.9914448613748841,-0.007849530713077132,-0.2183379815671006,0.27845165423479784,-0.13049144582397257,1.0354688130525532e-05,-2.4519483568878452e-05,0.9914494348469541,-0.007849530713077132,-0.2183379815671006,0.27845165423479784,-0.13049144582397257,1.0354688130525532e-05,-2.4519483568878452e-05,0.9914494348469541,0.0871902413283805,-0.5791000862472816,0.8247188709874552,0.17170962445888974,0.5146950390345456,0.17243880158920205,0.09617359268772192,-0.5725646818245086,0.8207005492950351,0.1883129763073169,0.5186704795408229,0.18900395455501148,0.09617359268772192,-0.5725646818245086,0.8207005492950351,0.1883129763073169,0.5186704795408229,0.18900395455501148,-0.07886083969920998,-0.059346077556757346,0.036859881337618555,-0.14361457978351033,-0.03636740810583506,-0.14306112631258136,-0.023383257002144536,-0.0005557493583082755,-0.0027473677816644906,-0.06104152062431714,0.0018919988912579483,-0.06275977813829058,0.0,True,False,1,True,True,0.004383299994515255,4,2.2851767940519903e-09,2.681453209684334e-10,`gtol` termination condition is satisfied.,True,True,0.009999999999999787,0.01653432775950406,1.0,0.0011682603322237574,8.801468448601416e-05,0.0011682623746548586,8.801484734170707e-05
4.159999999999956,1786132508.7205033,0.007737799998722039,0.006415900003048591,0.01,TELEOP,0,,0.0,4.159999999999956,416,0.021000000000001108,0.028999999999998895,0.0,0.0,0.0,0.0,1.0,0.02348633505130058,0.0265136287248138,0.0,0.0,0.0,0.0,1.0,-0.008954099484609832,-0.21727843906517044,0.27817417293492175,-0.1305261922200515,0.0,0.0,0.9914448613738105,-0.00875524654982738,-0.21747052010792295,0.2782256408952086,-0.1305261922200515,0.0,0.0,0.9914448613738105,-0.008755244428657438,-0.21747052074885473,0.27822564148549117,-0.13052619221195041,1.3607157330168407e-12,-1.3434335148533388e-10,0.991444861374877,-0.007923684315134204,-0.21826600276581587,0.2784324399905271,-0.13049188000112175,1.0217725904299412e-05,-2.4223903925126443e-05,0.991449377710518,-0.007923684315134204,-0.21826600276581587,0.2784324399905271,-0.13049188000112175,1.0217725904299412e-05,-2.4223903925126443e-05,0.991449377710518,0.08637388040974105,-0.57969413622776,0.8250842303303083,0.17019963982501202,0.5143349644923121,0.17093216850629342,0.09538264809965986,-0.573158197635468,0.8210688737700416,0.18687072226706317,0.5183070038897937,0.18756706238291898,0.09538264809965986,-0.573158197635468,0.8210688737700416,0.18687072226706317,0.5183070038897937,0.18756706238291898,-0.07909445880620698,-0.059351581095952156,0.03683244750064562,-0.14422540402537395,-0.036347565102925763,-0.1436892172092538,-0.023361910699699895,-0.0005503539194813094,-0.0027433836972933986,-0.061082424186363386,0.0019843002909297517,-0.06280908966724309,0.0,True,False,1,True,True,0.003365600001416169,4,2.293161343737422e-09,2.6919697219786785e-10,`gtol` termination condition is satisfied.,True,True,0.009999999999999787,0.01660335184842715,1.0,0.001169208913495115,8.692336872144602e-05,0.0011692109625729761,8.692353212945252e-05
4.1699999999999555,1786132508.730932,0.006623100009164773,0.01022170000942424,0.01,TELEOP,0,,0.0,4.1699999999999555,417,0.020750000000001115,0.029249999999998888,0.0,0.0,0.0,0.0,1.0,0.023236341725710888,0.02676362538826733,0.0,0.0,0.0,0.0,1.0,-0.009029097482286738,-0.21720599559505568,0.2781547617656076,-0.1305261922200515,0.0,0.0,0.9914448613738105,-0.008830242636993679,-0.2173980781291922,0.2782062301255096,-0.1305261922200515,0.0,0.0,0.9914448613738105,-0.008830240507089106,-0.2173980787707237,0.27820623071493294,-0.13052619221200565,1.3568214603708003e-12,-1.348755602316305e-10,0.9914448613748698,-0.007997919644775867,-0.21819398434153356,0.27841320880983644,-0.13049227347370557,1.0092258267799568e-05,-2.395494585942893e-05,0.9914493259304635,-0.007997919644775867,-0.21819398434153356,0.27841320880983644,-0.13049227347370557,1.0092258267799568e-05,-2.395494585942893e-05,0.9914493259304635,0.08555601213283522,-0.5802878590179384,0.8254490833078586,0.16868482821467784,0.5139755808610592,0.16942051021048574,0.09458937503305559,-0.5737517653328925,0.8214369226605879,0.18542236513257793,0.5179437385497617,0.18612389350174785,0.09458937503305559,-0.5737517653328925,0.8214369226605879,0.18542236513257793,0.5179437385497617,0.18612389350174785,-0.07932730666042907,-0.059356769742449474,0.036804889054631425,-0.14483571344852703,-0.03632653400319199,-0.14431688811711682,-0.023284785422209138,-0.0005188646497318941,-0.002755844601419246,-0.06103094231530923,0.002103109973377165,-0.06276709078630502,0.0,True,False,1,True,True,0.005297600000631064,4,2.301190131839136e-09,2.702525897940997e-10,`gtol` termination condition is satisfied.,True,True,0.009999999999999787,0.01667108244205115,1.0,0.001170069924089112,8.593252431142752e-05,0.0011700719798301462,8.593268826570608e-05
4.179999999999955,1786132508.7411368,0.0105829999956768,0.009842800005571917,0.01,TELEOP,0,,0.0,4.179999999999955,418,0.020500000000001118,0.029499999999998885,0.0,0.0,0.0,0.0,1.0,0.022986347786981824,0.02701362235823043,0.0,0.0,0.0,0.0,1.0,-0.009104095663905458,-0.21713355203612128,0.2781353505724943,-0.1305261922200515,0.0,0.0,0.9914448613738105,-0.008905239082863146,-0.21732563592527074,0.2781868192954709,-0.1305261922200515,0.0,0.0,0.9914448613738105,-0.008905236944185716,-0.2173256365674213,0.2781868198840268,-0.13052619221206177,1.3528827607981902e-12,-1.3540975900447316e-10,0.9914448613748623,-0.008072235109223176,-0.21812192661132535,0.2783939606590429,-0.13049262513672016,9.978451229307864e-06,-2.3713241038950577e-05,0.9914492796522877,-0.008072235109223176,-0.21812192661132535,0.2783939606590429,-0.13049262513672016,9.978451229307864e-06,-2.3713241038950577e-05,0.9914492796522877,0.08473663403524198,-0.5808812530691193,0.8258134298352624,0.16716517738609976,0.5136168979861181,0.1679038136384546,0.09379378624285019,-0.5743453793870332,0.8218046932211905,0.18396791839994925,0.517580697817485,0.18467446036162366,0.09379378624285019,-0.5743453793870332,0.8218046932211905,0.18396791839994925,0.517580697817485,0.18467446036162366,-0.07955887902054165,-0.059361405414069514,0.03677705606026945,-0.14544467326287072,-0.036304073227678514,-0.14494331401242183,-0.023157236011258377,-0.0004635671620038459,-0.002783299436197491,-0.060895981434369584,0.00224607755134777,-0.06264258953050175,0.0,True,False,1,True,True,0.005597600000328384,4,2.3092632074712625e-09,2.7131218540712556e-10,`gtol` termination condition is satisfied.,True,True,0.009999999999999787,0.016737536917900087,1.0,0.0011708446488522494,8.504470737645637e-05,0.0011708467112734164,8.504487187014986e-05
4.189999999999955,1786132508.7481306,0.010067099996376783,0.0067700999934459105,0.01,TELEOP,0,,0.0,4.189999999999955,419,0.020250000000001125,0.029749999999998878,0.0,0.0,0.0,0.0,1.0,0.022736353291328875,0.027263619606600835,0.0,0.0,0.0,0.0,1.0,-0.009179094012601342,-0.2170611083965106,0.27811593935776385,-0.1305261922200515,0.0,0.0,0.9914448613738105,-0.008980235854612379,-0.2172531935167489,0.2781674084106097,-0.1305261922200515,0.0,0.0,0.9914448613738105,-0.008980233707123725,-0.21725319415953837,0.27816740899828996,-0.1305261922121187,1.3487893355984553e-12,-1.3594592743091745e-10,0.9914448613748548,-0.008146628691655555,-0.21804983013614865,0.2783746956197265,-0.13049293423462335,9.876379640274543e-06,-2.349920076135754e-05,0.9914492389754924,-0.008146628691655555,-0.21804983013614865,0.2783746956197265,-0.13049293423462335,9.876379640274543e-06,-2.349920076135754e-05,0.9914492389754924,0.08391574361919438,-0.5814743168467746,0.8261772698406313,0.16564067509267213,0.5132589257570704,0.16638206572233571,0.09299589900027541,-0.574939032113466,0.8221721813504891,0.1825074030387391,0.5172178981735894,0.18321878279818143,0.09299589900027541,-0.574939032113466,0.8221721813504891,0.1825074030387391,0.5172178981735894,0.18321878279818143,-0.07978872425747971,-0.059365272643273036,0.03674881292985866,-0.14605153612101837,-0.03627996438954871,-0.14556775634422553,-0.02298452369380646,-0.0003867229203522472,-0.0028243130410792253,-0.060686285814765914,0.0024108838129800634,-0.062444233180369846,0.0,True,False,1,True,True,0.00348620000295341,4,2.3173808213588138e-09,2.723757239188631e-10,`gtol` termination condition is satisfied.,True,True,0.009999999999999787,0.016802741013849487,1.0,0.0011715348669459574,8.426162471835066e-05,0.0011715369360651838,8.426178974381991e-05
4.199999999999955,1786132508.7549882,0.0069860000076005235,0.006641600004513748,0.01,TELEOP,0,,0.0,4.199999999999955,420,0.020000000000001128,0.029999999999998875,0.0,0.0,0.0,0.0,1.0,0.022486358289819895,0.027513617107849605,0.0,0.0,0.0,0.0,1.0,-0.009254092513054037,-0.21698866468362144,0.27809652812339847,-0.1305261922200515,0.0,0.0,0.9914448613738105,-0.009055232922416697,-0.21718075092233785,0.27814799747593966,-0.1305261922200515,0.0,0.0,0.9914448613738105,-0.009055230766078424,-0.21718075156578626,0.2781479980627358,-0.1305261922121768,1.3446514027438103e-12,-1.3648409301137542e-10,0.9914448613748472,-0.008221098001004606,-0.21797769569717007,0.2783554138796553,-0.13049320034404588,9.786032722952851e-06,-2.3313026888622502e-05,0.9914492039558583,-0.008221098001004606,-0.21797769569717007,0.2783554138796553,-0.13049320034404588,9.786032722952851e-06,-2.3313026888622502e-05,0.9914492039558583,0.0830933383547597,-0.5820670488288857,0.8265406032640243,0.1641113090900891,0.5129016741092587,0.1648552533968272,0.09219573457898801,-0.5755327138954419,0.8225393817323012,0.18104084663854195,0.5168553580551274,0.18175688718862776,0.09219573457898801,-0.5755327138954419,0.8225393817323012,0.18104084663854195,0.5168553580551274,0.18175688718862776,-0.08001644212874232,-0.05936817819759732,0.03672003818121437,-0.1466556400197182,-0.03625401184620489,-0.1461895609553694,-0.022771787126260486,-0.00029055543242876664,-0.0028774748644291746,-0.06041038986998547,0.002595254334382113,-0.062180461114387756,0.0,True,False,1,True,True,0.0033491999929537997,4,2.3255430203850005e-09,2.734432401514764e-10,`gtol` termination condition is satisfied.,True,True,0.009999999999999787,0.016866727946066973,1.0,0.0011721427982226246,8.358417654098983e-05,0.0011721448740586035,8.358434208942174e-05
4.209999999999955,1786132508.7630446,0.0069007999991299585,0.007797199999913573,0.01,TELEOP,0,,0.0,4.209999999999955,421,0.019750000000001135,0.030249999999998868,0.0,0.0,0.0,0.0,1.0,0.022236362828846105,0.02776361483878566,0.0,0.0,0.0,0.0,1.0,-0.009329091151346173,-0.216916220904174,0.27807711687119885,-0.1305261922200515,0.0,0.0,0.9914448613738105,-0.009130230259176648,-0.21710830815904056,0.2781285864960167,-0.1305261922200515,0.0,0.0,0.9914448613738105,-0.009130228093950355,-0.2171083088031679,0.2781285870819203,-0.13052619221223574,1.3404726253322293e-12,-1.3702427066066102e-10,0.9914448613748394,-0.008295640320173027,-0.21790552427249305,0.27833611572366757,-0.13049342335528163,9.707319837289036e-06,-2.3154723533916102e-05,0.9914491746078797,-0.008295640320173027,-0.21790552427249305,0.27833611572366757,-0.13049342335528163,9.707319837289036e-06,-2.3154723533916102e-05,0.9914491746078797,0.08226941568273899,-0.5826594475044294,0.8269034300565321,0.16257706714299208,0.5125451530251723,0.16332336360582414,0.09139331775602838,-0.5761264134012045,0.8229062879734362,0.17956828258075325,0.5164930976338291,0.18028880563276745,0.09139331775602838,-0.5761264134012045,0.8229062879734362,0.17956828258075325,0.5164930976338291,0.18028880563276745,-0.0802416822959645,-0.0593699505762611,0.036690624113495725,-0.14725640577887353,-0.03622604212982326,-0.14680815558603555,-0.022524016722218442,-0.00017723786637814654,-0.002941406771864626,-0.060076575915533434,0.0027969716381622224,-0.06185946306661745,0.0,True,False,1,True,True,0.003632899999502115,4,2.3337497632691145e-09,2.7451478621528024e-10,`gtol` termination condition is satisfied.,True,True,0.009999999999999787,0.016929537548452833,1.0,0.0011726710509837742,8.301250205644116e-05,0.0011726731335558638,8.301266811861838e-05
4.2199999999999545,1786132508.7697418,0.008019399989279918,0.006475300004240125,0.01,TELEOP,0,,0.0,4.2199999999999545,422,0.01950000000000114,0.03049999999999886,0.0,0.0,0.0,0.0,1.0,0.02198636695054999,0.028013612778341877,0.0,0.0,0.0,0.0,1.0,-0.009404089914835009,-0.21684377706427307,0.2780577056028008,-0.1305261922200515,0.0,0.0,0.9914448613738105,-0.00920522784026942,-0.21703586524230756,0.2781091754749807,-0.1305261922200515,0.0,0.0,0.9914448613738105,-0.00920522566611661,-0.21703586588713436,0.27810917605998337,-0.13052619221229575,1.3361308955465933e-12,-1.3756641916818746e-10,0.9914448613748316,-0.008370252652473032,-0.21783331701441966,0.2783168015245764,-0.1304936034527702,9.640076428117286e-06,-2.3024109372433465e-05,0.9914491509073324,-0.008370252652473032,-0.21783331701441966,0.2783168015245764,-0.1304936034527702,9.640076428117286e-06,-2.3024109372433465e-05,0.9914491509073324,0.08144397301731181,-0.5832515113719984,0.8272657501794536,0.16103793703118807,0.5121893725357273,0.16178638330862788,0.09058867632985208,-0.576720117795173,0.823272892737574,0.17808974923924162,0.5161311386011245,0.1788145751626445,0.09058867632985208,-0.576720117795173,0.823272892737574,0.17808974923924162,0.5161311386011245,0.1788145751626445,-0.08046414261763174,-0.059370439396846185,0.03666047641377202,-0.14785333415116542,-0.03619590327046427,-0.14742304701229617,-0.022246032166724564,-4.888205850881827e-05,-0.0030147699723705526,-0.05969283722919115,0.0030138859358993845,-0.06148914262606257,0.0,True,False,1,True,True,0.0033792000031098723,4,2.3420013135764364e-09,2.7559026634959756e-10,`gtol` termination condition is satisfied.,True,True,0.009999999999999787,0.016991215437761165,1.0,0.0011731225713748328,8.254602745705375e-05,0.0011731246607036483,8.254619402310476e-05
4.229999999999954,1786132508.7775168,0.006687800007057376,0.007562500002677552,0.01,TELEOP,0,,0.0,4.229999999999954,423,0.019250000000001145,0.030749999999998858,0.0,0.0,0.0,0.0,1.0,0.02173637069321409,0.02826361090738072,0.0,0.0,0.0,0.0,1.0,-0.009479088792035777,-0.21677133316946431,0.27803829431969024,-0.1305261922200515,0.0,0.0,0.9914448613738105,-0.009280225643322858,-0.2169634221861783,0.27808976441659367,-0.1305261922200515,0.0,0.0,0.9914448613738105,-0.009280223460205055,-0.21696342283172515,0.27808976500068666,-0.1305261922123567,1.3317483326105224e-12,-1.38110586239234e-10,0.9914448613748235,-0.00844493176610749,-0.21776107522735894,0.2782974717341542,-0.13049374109477777,9.584070097574406e-06,-2.292083044946587e-05,0.9914491327939474,-0.00844493176610749,-0.21776107522735894,0.2782974717341542,-0.13049374109477777,9.584070097574406e-06,-2.292083044946587e-05,0.9914491327939474,0.08061700774844725,-0.5838432389385556,0.827627563603542,0.15949390655548365,0.5118343427214246,0.16024429948577437,0.08978184065737517,-0.5773138129420287,0.8236391878746028,0.17660528921310764,0.5157695039608695,0.17733423698394246,0.08978184065737517,-0.5773138129420287,0.8236391878746028,0.17660528921310764,0.5157695039608695,0.17733423698394246,-0.08068356724769356,-0.059369514685569176,0.03662951370287989,-0.1484460026134002,-0.03616346402549495,-0.14803381787020908,-0.021942463006182033,9.247112770088828e-05,-0.003096271089213405,-0.05926684622348059,0.0032439244969321877,-0.061077085791291785,0.0,True,False,1,True,True,0.0043191000004298985,4,2.3502975747033127e-09,2.7666979072270655e-10,`gtol` termination condition is satisfied.,True,True,0.009999999999999787,0.017051812208053546,1.0,0.0011735005946383044,8.218351574603284e-05,0.0011735026907452638,8.218368280583151e-05
4.239999999999954,1786132508.7843757,0.007787499998812564,0.006633199998759665,0.01,TELEOP,0,,0.0,4.239999999999954,424,0.01900000000000115,0.03099999999999885,0.0,0.0,0.0,0.0,1.0,0.021486374091614233,0.028513609208517685,0.0,0.0,0.0,0.0,1.0,-0.009554087772515735,-0.21669888922478533,0.278018883023217,-0.1305261922200515,0.0,0.0,0.9914448613738105,-0.00935522364801008,-0.21689097900340987,0.2780703533242737,-0.1305261922200515,0.0,0.0,0.9914448613738105,-0.009355221455888789,-0.21689097964969786,0.2780703539074485,-0.13052619221241882,1.3272475260843047e-12,-1.3865672909212267e-10,0.9914448613748154,-0.008519674236546922,-0.21768880034648308,0.278278126874254,-0.1304938369924763,9.53900675044491e-06,-2.284437336513827e-05,0.9914491201741636,-0.008519674236546922,-0.21768880034648308,0.278278126874254,-0.1304938369924763,9.53900675044491e-06,-2.284437336513827e-05,0.9914491201741636,0.0797885172441059,-0.5844346287183014,0.8279888703083335,0.1579449635431675,0.5114800737134266,0.15869709914451324,0.08897284321167918,-0.5779074836028705,0.8240051645448911,0.17511494859422136,0.5154082178305841,0.17584783575180288,0.08897284321167918,-0.5779074836028705,0.8240051645448911,0.17511494859422136,0.5154082178305841,0.17584783575180288,-0.08089974456960053,-0.05936706608418339,0.03659766702884176,-0.14903406188863083,-0.03612861302853904,-0.14864012321396194,-0.021617732190697125,0.00024486013857847233,-0.0031846674038126547,-0.05880592752306342,0.003485099695591081,-0.06063053437528679,0.0,True,False,1,True,True,0.003405900002690032,4,2.358638751930034e-09,2.7775325531903397e-10,`gtol` termination condition is satisfied.,True,True,0.009999999999999787,0.01711138265762399,1.0,0.0011738085984111476,8.192311794672856e-05,0.0011738107013189963,8.192328548971105e-05
4.249999999999954,1786132508.7936656,0.006842500006314367,0.009081399999558926,0.01,TELEOP,0,,0.0,4.249999999999954,425,0.018750000000001155,0.031249999999998848,0.0,0.0,0.0,0.0,1.0,0.02123637717734043,0.02876360766596085,0.0,0.0,0.0,0.0,1.0,-0.009629086846797877,-0.2166264452348123,0.2779994717146072,-0.1305261922200515,0.0,0.0,0.9914448613738105,-0.009430221835862786,-0.21681853570559373,0.2780509422011268,-0.1305261922200515,0.0,0.0,0.9914448613738105,-0.009430219634699515,-0.21681853635264364,0.27805094278337444,-0.1305261922124817,1.3226377835797979e-12,-1.3920484211247145e-10,0.991444861374807,-0.008594476486681983,-0.2176164939172182,0.2782587675281158,-0.1304938920886065,9.50453676225532e-06,-2.2794078719223674e-05,0.9914491129239367,-0.008594476486681983,-0.2176164939172182,0.2782587675281158,-0.1304938920886065,9.50453676225532e-06,-2.2794078719223674e-05,0.9914491129239367,0.07895849885224683,-0.5850256792316424,0.8283496702815336,0.15639109585317268,0.5111265756945375,0.15714476932396948,0.08816171816173958,-0.5785011136227308,0.8243708133380488,0.17361877627176278,0.5150473052518777,0.17435541888325942,0.08816171816173958,-0.5785011136227308,0.8243708133380488,0.17361877627176278,0.5150473052518777,0.17435541888325942,-0.08111250499396183,-0.0593630019860375,0.03656487931577333,-0.14961723224586204,-0.03609125787063763,-0.1492416868543494,-0.02127604243613128,0.0004064098145895728,-0.0032787713068432984,-0.05831703572312363,0.003735515790141408,-0.06015636403874763,0.0,True,False,1,True,True,0.004275800005416386,4,2.3670246404229593e-09,2.7884068356558495e-10,`gtol` termination condition is satisfied.,True,True,0.009999999999999787,0.017169985051053854,1.0,0.0011740502582286837,8.176242523544601e-05,0.0011740523679608012,8.176259325127633e-05
4.259999999999954,1786132508.8047163,0.00948739999148529,0.010644299996783957,0.01,TELEOP,0,,0.0,4.259999999999954,426,0.01850000000000116,0.03149999999999884,0.0,0.0,0.0,0.0,1.0,0.020986379979088476,0.029013606265365127,0.0,0.0,0.0,0.0,1.0,-0.009704086006273462,-0.2165540012037021,0.2779800603949748,-0.1305261922200515,0.0,0.0,0.9914448613738105,-0.009505220190101572,-0.2167460923032622,0.27803153104997513,-0.1305261922200515,0.0,0.0,0.9914448613738105,-0.00950521797985784,-0.2167460929510956,0.2780315316312867,-0.13052619221254577,1.317978402265486e-12,-1.397549526643913e-10,0.9914448613747986,-0.008669334824657409,-0.21754415757564302,0.27823939433190453,-0.130493907535909,9.480261124414652e-06,-2.276915470614584e-05,0.9914491108915777,-0.008669334824657409,-0.21754415757564302,0.27823939433190453,-0.130493907535909,9.480261124414652e-06,-2.276915470614584e-05,0.9914491108915777,0.07812694990266002,-0.5856163890042523,0.8287099635184648,0.15483229138094845,0.5107738589001136,0.1555872971000167,0.08734850097527357,-0.5790946861088634,0.8247361243858075,0.1721168232755451,0.5146867920106207,0.1728570359080443,0.08734850097527357,-0.5790946861088634,0.8247361243858075,0.1721168232755451,0.5146867920106207,0.1728570359080443,-0.08132171864660359,-0.05935724861325761,0.03653110477585887,-0.15019529962177236,-0.03605132412569844,-0.14983829752151662,-0.020921365264176678,0.0005753372779890414,-0.00337745399144624,-0.05780673759103391,0.003993374493919377,-0.05966106671672171,0.0,True,False,1,True,True,0.0058619000046746805,4,2.375455448074231e-09,2.7993210438560333e-10,`gtol` termination condition is satisfied.,True,True,0.009999999999999787,0.017227680418590102,1.0,0.0011742294053591065,8.169852156496274e-05,0.0011742315219403989,8.169869004297578e-05
4.269999999999953,1786132508.81235,0.010880800007726066,0.007396900007734075,0.01,TELEOP,0,,0.0,4.269999999999953,427,0.018250000000001168,0.031749999999998835,0.0,0.0,0.0,0.0,1.0,0.020736382522924823,0.029263604993699843,0.0,0.0,0.0,0.0,1.0,-0.00977908524312256,-0.2164815571352307,0.27796064906533147,-0.1305261922200515,0.0,0.0,0.9914448613738105,-0.009580218695481715,-0.216673648805985,0.2780121198733828,-0.1305261922200515,0.0,0.0,0.9914448613738105,-0.009580216476119046,-0.21667364945462347,0.27801212045374946,-0.13052619221261091,1.3131963294862874e-12,-1.4030703543421526e-10,0.99144486137479,-0.008744245479317656,-0.21747179302985734,0.2782200079665176,-0.13049388467548867,9.465737523375042e-06,-2.2768690755731364e-05,0.991449113900601,-0.008744245479317656,-0.21747179302985734,0.2782200079665176,-0.13049388467548867,9.465737523375042e-06,-2.2768690755731364e-05,0.991449113900601,0.07729386770863984,-0.5862067565662276,0.8290697500215675,0.15326853806307497,0.5104219336188887,0.15402466958989539,0.08653322804555032,-0.5796881835993277,0.8251010874687233,0.17060914215948117,0.5143267044673037,0.17135273785910995,0.08653322804555032,-0.5796881835993277,0.8251010874687233,0.17060914215948117,0.5143267044673037,0.17135273785910995,-0.0815272929723267,-0.05934974904643349,0.03649630829159286,-0.15076811160639556,-0.036008754331704175,-0.15042980489343807,-0.020557432572311983,0.0007499566824125763,-0.0034796484266011686,-0.05728119846232181,0.004256979399426311,-0.05915073719214732,0.0,True,False,1,True,True,0.004033899997011758,4,2.3839312011835172e-09,2.8102747845158867e-10,`gtol` termination condition is satisfied.,True,True,0.009999999999999787,0.01728453189459664,1.0,0.0011743499870758788,8.172803637542999e-05,0.0011743521105323,8.172820530529966e-05
4.279999999999953,1786132508.8198347,0.007611900000483729,0.007269800000358373,0.01,TELEOP,0,,0.0,4.279999999999953,428,0.018000000000001175,0.03199999999999883,0.0,0.0,0.0,0.0,1.0,0.020486384832527262,0.029513603839128422,0.0,0.0,0.0,0.0,1.0,-0.009854084550241827,-0.21640911303282814,0.2779412377265963,-0.1305261922200515,0.0,0.0,0.9914448613738105,-0.009655217338153017,-0.21660120522245704,0.2779927086736797,-0.1305261922200515,0.0,0.0,0.9914448613738105,-0.009655215109632971,-0.21660120587192241,0.2779927092530926,-0.13052619221267703,1.308372413854073e-12,-1.408611001278242e-10,0.9914448613747814,-0.008819204633216875,-0.2173994020423707,0.2782006091496983,-0.13049382501527454,9.460486313914014e-06,-2.279167112153344e-05,0.9914491217525597,-0.008819204633216875,-0.2173994020423707,0.2782006091496983,-0.13049382501527454,9.460486313914014e-06,-2.279167112153344e-05,0.9914491217525597,0.07645924956851127,-0.5867967804513115,0.8294290297999483,0.15169982388163486,0.5100708101937423,0.15245687395659024,0.08571593634276901,-0.5802815882215032,0.8254656921164742,0.16909578642615974,0.5139670693979189,0.1698425767038193,0.08571593634276901,-0.5802815882215032,0.8254656921164742,0.16909578642615974,0.5139670693979189,0.1698425767038193,-0.08172917027813215,-0.05934046221755273,0.03646046477508853,-0.15133557333214473,-0.035963506938479745,-0.15101611552906802,-0.020187730580544426,0.0009286828880756988,-0.0035843516504328416,-0.05674617257491975,0.004524739322442929,-0.058631063562996036,0.0,True,False,1,True,True,0.0035889999999199063,4,2.3924519174158127e-09,2.8212682803938744e-10,`gtol` termination condition is satisfied.,True,True,0.009999999999999787,0.017340604096406198,1.0,0.0011744160294395033,8.184719701715445e-05,0.001174418159798158,8.184736638898408e-05
4.289999999999953,1786132508.8268316,0.007477499995729886,0.00678949999564793,0.01,TELEOP,0,,0.0,4.289999999999953,429,0.017750000000001175,0.03224999999999883,0.0,0.0,0.0,0.0,1.0,0.020236386929403584,0.02976360279089908,0.0,0.0,0.0,0.0,1.0,-0.00992908392117893,-0.21633666889961,0.2779218263796041,-0.1305261922200515,0.0,0.0,0.9914448613738105,-0.009730216105532414,-0.21652876156057835,0.27797329745298255,-0.1305261922200515,0.0,0.0,0.9914448613738105,-0.00973021386781655,-0.21652876221089265,0.2779732980314323,-0.13052619221274403,1.303436841552448e-12,-1.414171322952232e-10,0.9914448613747725,-0.008894208453167705,-0.2173269864135484,0.27818119862848606,-0.13049373020872146,9.463996350974202e-06,-2.283698832569617e-05,0.9914491342298496,-0.008894208453167705,-0.2173269864135484,0.27818119862848606,-0.13049373020872146,9.463996350974202e-06,-2.283698832569617e-05,0.9914491342298496,0.07562309276702639,-0.5873864591961973,0.829787802868981,0.1501261368683751,0.5097204990224085,0.1508838974129985,0.08489666309038794,-0.5808748818402661,0.8258299277015827,0.1675768099931305,0.5136079138455973,0.16832660481639442,0.08489666309038794,-0.5808748818402661,0.8258299277015827,0.1675768099931305,0.5136079138455973,0.16832660481639442,-0.08192732523810907,-0.059329361876294194,0.036423558510849746,-0.15189764330292757,-0.035915555232155366,-0.15159718874249345,-0.01981549599769222,0.0011100341258537632,-0.0036906264238788004,-0.05620699707828414,0.004795170632438071,-0.058107321342543615,0.0,True,False,1,True,True,0.003678399996715598,4,2.4010175088172996e-09,2.832301406846888e-10,`gtol` termination condition is satisfied.,True,True,0.009999999999999787,0.017395962544524884,1.0,0.00117443160264142,8.205188053648279e-05,0.001174433739930499,8.20520503406728e-05
4.299999999999953,1786132508.8337166,0.007001599995419383,0.00667319999774918,0.01,TELEOP,0,,0.0,4.299999999999953,430,0.01750000000000118,0.03249999999999882,0.0,0.0,0.0,0.0,1.0,0.019986388833090223,0.030013601839245507,0.0,0.0,0.0,0.0,1.0,-0.01000408335007294,-0.21626422473840634,0.27790241502511326,-0.1305261922200515,0.0,0.0,0.9914448613738105,-0.009805214986188224,-0.21645631782752647,0.2779538862132146,-0.1305261922200515,0.0,0.0,0.9914448613738105,-0.009805212739238157,-0.2164563184787121,0.27795388679069205,-0.1305261922128124,1.298395712120979e-12,-1.4197512090440858e-10,0.9914448613747635,-0.008969253118322057,-0.21725454796614477,0.27816177717202833,-0.13049360203388793,9.4757306475004e-06,-2.2903456375649607e-05,0.9914491510984633,-0.008969253118322057,-0.21725454796614477,0.27816177717202833,-0.13049360203388793,9.4757306475004e-06,-2.2903456375649607e-05,0.9914491510984633,0.07478539457663769,-0.5879757913398898,0.8301460692499328,0.1485474651086719,0.5093710105581203,0.1493057272259041,0.08407544546658204,-0.5814680461956573,0.8261937835264623,0.16605226670115605,0.5132492649831396,0.16680487449187653,0.08407544546658204,-0.5814680461956573,0.8261937835264623,0.16605226670115605,0.5132492649831396,0.16680487449187653,-0.08212176238059321,-0.05931643553911941,0.03638558248796653,-0.1524543291974465,-0.035864886245779264,-0.1521730324517928,-0.01944371424841459,0.0012926337174787423,-0.0037976022883215907,-0.05566858945189486,0.0050668986376102565,-0.05758437092993757,0.0,True,False,1,True,True,0.0033313000021735206,4,2.4096280922832543e-09,2.8433736364597624e-10,`gtol` termination condition is satisfied.,True,True,0.009999999999999787,0.0174506731247554,1.0,0.0011744007889393404,8.233766450936752e-05,0.0011744029331883367,8.233783473633628e-05
4.3099999999999525,1786132508.8407192,0.006937600002856925,0.0067377999948803335,0.01,TELEOP,0,,0.0,4.3099999999999525,431,0.017250000000001188,0.032749999999998815,0.0,0.0,0.0,0.0,1.0,0.019736390561332747,0.030263600975296668,0.0,0.0,0.0,0.0,1.0,-0.01007908283160018,-0.2161917805517878,0.27788300366381247,-0.1305261922200515,0.0,0.0,0.9914448613738105,-0.009880213969734935,-0.21638387402982262,0.2779344749561232,-0.1305261922200515,0.0,0.0,0.9914448613738105,-0.009880211713512367,-0.216383874681902,0.2779344755326191,-0.13052619221288153,1.2932592333502502e-12,-1.4253508626088661e-10,0.9914448613747544,-0.00904433484579574,-0.217182088530941,0.27814234556477696,-0.1304934423730186,9.49513182865503e-06,-2.2989823675338015e-05,0.9914491721106787,-0.00904433484579574,-0.217182088530941,0.27814234556477696,-0.1304934423730186,9.49513182865503e-06,-2.2989823675338015e-05,0.9914491721106787,0.07394615225866329,-0.5885647754231281,0.830503828969638,0.1469637967453216,0.5090223553102109,0.1477223507197783,0.08325232033081607,-0.5820610630299566,0.8265572489037352,0.16452220986437507,0.5128911499864913,0.16527743750154,0.08325232033081607,-0.5820610630299566,0.8265572489037352,0.16452220986437507,0.5128911499864913,0.16527743750154,-0.08231251357659845,-0.059301683429936435,0.03634653772728578,-0.15300568367809989,-0.035811499664831485,-0.15274369903365606,-0.01907511960052531,0.001475210918297556,-0.0039044760680750105,-0.05513544806533914,0.005338658094777618,-0.057066658186326336,0.0,True,False,1,True,True,0.0035014999884879217,4,2.4182835389613437e-09,2.85448575410722e-10,`gtol` termination condition is satisfied.,True,True,0.009999999999999787,0.01750480159248416,1.0,0.0011743276531917027,8.269987662179123e-05,0.0011743298044310673,8.270004726322727e-05
4.319999999999952,1786132508.8473926,0.006959100006497465,0.006451900000683963,0.01,TELEOP,0,,0.0,4.319999999999952,432,0.017000000000001195,0.03299999999999881,0.0,0.0,0.0,0.0,1.0,0.019486392130249826,0.030513600190994805,0.0,0.0,0.0,0.0,1.0,-0.010154082360925059,-0.21611933634208935,0.27786359229632746,-0.1305261922200515,0.0,0.0,0.9914448613738105,-0.009955213046737597,-0.21631143017339144,0.2779150636832959,-0.1305261922200515,0.0,0.0,0.9914448613738105,-0.009955210781204232,-0.21631143082638737,0.27791506425880064,-0.13052619221295203,1.288050360710979e-12,-1.4309698264108998e-10,0.9914448613747451,-0.009119449913864461,-0.21710960993349643,0.2781229046000858,-0.13049325319273924,9.521627358097733e-06,-2.309478556022622e-05,0.9914491970076658,-0.009119449913864461,-0.21710960993349643,0.2781229046000858,-0.13049325319273924,9.521627358097733e-06,-2.309478556022622e-05,0.9914491970076658,0.0731053630643528,-0.5891534099878619,0.8308610820602065,0.1453751199821737,0.5086745438446718,0.14613375528042377,0.08242732397534683,-0.5826539142041609,0.8269203132298218,0.1629866918620328,0.5125335959191344,0.1637443446894182,0.08242732397534683,-0.5826539142041609,0.8269203132298218,0.1629866918620328,0.5125335959191344,0.1637443446894182,-0.08249963554692585,-0.059285117420431514,0.0363064326086726,-0.1535518002342314,-0.03575540673569241,-0.1533092812121821,-0.018712197032740713,0.0016566009504923158,-0.004010511861317924,-0.054611655613151976,0.005609292913907361,-0.05655821785260455,0.0,True,False,1,True,True,0.003384900002856739,4,2.4269838982810226e-09,2.865636476399593e-10,`gtol` termination condition is satisfied.,True,True,0.009999999999999787,0.017558413119053484,1.0,0.001174216215978758,8.313364274885659e-05,0.0011742183742401828,8.313381379614547e-05
4.329999999999952,1786132508.8546524,0.006654799988609739,0.0070573999983025715,0.01,TELEOP,0,,0.0,4.329999999999952,433,0.0167500000000012,0.0332499999999988,0.0,0.0,0.0,0.0,1.0,0.019236393554482194,0.030763599479020992,0.0,0.0,0.0,0.0,1.0,-0.010229081933655348,-0.21604689211143185,0.2778441809232265,-0.1305261922200515,0.0,0.0,0.9914448613738105,-0.010030212208624947,-0.21623898626361562,0.2778956523961749,-0.1305261922200515,0.0,0.0,0.9914448613738105,-0.010030209933742571,-0.2162389869175512,0.27789565297067914,-0.13052619221302336,1.2827853041719316e-12,-1.4366083171928355e-10,0.9914448613747358,-0.009194594682774126,-0.21703711398201575,0.27810345507422357,-0.1304930365249694,9.554634513065918e-06,-2.3216996393434584e-05,0.9914492255219998,-0.009194594682774126,-0.21703711398201575,0.27810345507422357,-0.1304930365249694,9.554634513065918e-06,-2.3216996393434584e-05,0.9914492255219998,0.07226302423586055,-0.5897416935767748,0.8312178285587489,0.14378142308762162,0.508327586784655,0.1445399283584779,0.08160049190130915,-0.5832465818039357,0.8272829660518523,0.1614457637711745,0.51217662962729,0.1622056456093417,0.08160049190130915,-0.5832465818039357,0.8272829660518523,0.1614457637711745,0.51217662962729,0.1622056456093417,-0.08268320740376972,-0.0592667599774885,0.03626528220303813,-0.15409280908583098,-0.03569662918443988,-0.15386990800765324,-0.01835718568438729,0.0018357442943011649,-0.0041150405634464895,-0.05410088515995874,0.005877755125253554,-0.056062679547114885,0.0,True,False,1,True,True,0.00364030001219362,4,2.4357291843545653e-09,2.876826768085077e-10,`gtol` termination condition is satisfied.,True,True,0.009999999999999787,0.017611571879859095,1.0,0.0011740704292841017,8.363393327830955e-05,0.0011740725946004498,8.363410472431974e-05
4.339999999999952,1786132508.8620076,0.007346400001551956,0.007065199999487959,0.01,TELEOP,0,,0.0,4.339999999999952,434,0.0165000000000012,0.0334999999999988,0.0,0.0,0.0,0.0,1.0,0.018986394847327996,0.03101359883272746,0.0,0.0,0.0,0.0,1.0,-0.010304081545801608,-0.21597444786174166,0.2778247695450257,-0.1305261922200515,0.0,0.0,0.9914448613738105,-0.010105211447610448,-0.21616654230538532,0.27787624109607056,-0.1305261922200515,0.0,0.0,0.9914448613738105,-0.010105209163340928,-0.21616654296028373,0.27787624166956476,-0.13052619221309622,1.277369758816215e-12,-1.4422661865626835e-10,0.9914448613747261,-0.009269765613220682,-0.21696460245632307,0.2780839977808108,-0.13049279444863726,9.593565090167614e-06,-2.3355081166013898e-05,0.9914492573800686,-0.009269765613220682,-0.21696460245632307,0.2780839977808108,-0.13049279444863726,9.593565090167614e-06,-2.3355081166013898e-05,0.9914492573800686,0.07141913300713755,-0.5903296247328539,0.8315740685071465,0.1421826943979636,0.5079814948109526,0.14294085747278695,0.08077185861889842,-0.5838390482351802,0.8276451971279863,0.15989947503946267,0.5118202776457637,0.16066138820165662,0.08077185861889842,-0.5838390482351802,0.8276451971279863,0.15989947503946267,0.5118202776457637,0.16066138820165662,-0.08286332824107474,-0.05924664312444651,0.03622310761340599,-0.15462887317118595,-0.03563519815263759,-0.15442574076851182,-0.018012083730502282,0.0020116853041994105,-0.004217458963214014,-0.05360640853549897,0.006143103180229065,-0.055583276085858134,0.0,True,False,1,True,True,0.0035711999953491613,4,2.444519332202929e-09,2.8880556176078745e-10,`gtol` termination condition is satisfied.,True,True,0.009999999999999787,0.0176657172508638,1.0,0.0011738941546903408,8.419560749024974e-05,0.0011738963270954738,8.419577932725803e-05
4.349999999999952,1786132508.8693032,0.007285200001206249,0.007076099995174445,0.01,TELEOP,0,,0.0,4.349999999999952,435,0.016250000000001208,0.033749999999998795,0.0,0.0,0.0,0.0,1.0,0.01873639602086574,0.03126359824607614,0.0,0.0,0.0,0.0,1.0,-0.010379081193740286,-0.21590200359476847,0.277805358162194,-0.1305261922200515,0.0,0.0,0.9914448613738105,-0.010180210756620551,-0.21609409830314316,0.2778568297841733,-0.1305261922200515,0.0,0.0,0.9914448613738105,-0.010180208462925812,-0.21609409895902804,0.27785683035664765,-0.1305261922131698,1.2719049266044261e-12,-1.447943331534934e-10,0.9914448613747164,-0.009344959282567324,-0.21689207709792965,0.27806453350568866,-0.1304925290722771,9.637829826532951e-06,-2.3507646553218076e-05,0.9914492923043637,-0.009344959282567324,-0.21689207709792965,0.27806453350568866,-0.1304925290722771,9.637829826532951e-06,-2.3507646553218076e-05,0.9914492923043637,0.07057368660474857,-0.5909172019989964,0.8319298019518337,0.14057892232065175,0.5076362786624297,0.14133653021366988,0.07994145747103477,-0.5844312963094029,0.8280069964812748,0.15834787319706842,0.5114645661142024,0.15911161850858427,0.07994145747103477,-0.5844312963094029,0.8280069964812748,0.15834787319706842,0.5114645661142024,0.15911161850858427,-0.08304011478636703,-0.05922480742228171,0.03617993532884952,-0.15516018423942804,-0.03557115315612196,-0.15497696930723773,-0.017678654529228063,0.0021835702164803295,-0.004317228455646797,-0.053131106824208754,0.006404499651563774,-0.05512285387259258,0.0,True,False,1,True,True,0.0039012999914120883,4,2.453354316441793e-09,2.899323693417724e-10,`gtol` termination condition is satisfied.,True,True,0.009999999999999787,0.01772053072886967,1.0,0.0011736911440306454,8.481345579008481e-05,0.0011736933235595734,8.481362801235565e-05
4.3599999999999515,1786132508.876435,0.0073382999980822206,0.006869699995149858,0.01,TELEOP,0,,0.0,4.3599999999999515,436,0.016000000000001215,0.03399999999999879,0.0,0.0,0.0,0.0,1.0,0.018486397086066003,0.03151359771358283,0.0,0.0,0.0,0.0,1.0,-0.010454080874180205,-0.21582955931210152,0.2777859467751571,-0.1305261922200515,0.0,0.0,0.9914448613738105,-0.010255210129229501,-0.2160216542609252,0.27783741846156457,-0.1305261922200515,0.0,0.0,0.9914448613738105,-0.010255207826071568,-0.21602165491782016,0.27783741903300946,-0.13052619221324477,1.26634113763203e-12,-1.453639839708751e-10,0.9914448613747066,-0.009420172398876447,-0.2168195396011759,0.27804506302222054,-0.13049224251757388,9.686842523829376e-06,-2.3673291384129406e-05,0.991449330015647,-0.009420172398876447,-0.2168195396011759,0.27804506302222054,-0.13049224251757388,9.686842523829376e-06,-2.3673291384129406e-05,0.991449330015647,0.06972668224861849,-0.5915044239176557,0.8322850289436073,0.13897009533743304,0.5072919491364295,0.13972693424607383,0.07910932047978186,-0.5850233093191645,0.8283683544472221,0.156791003606404,0.5111095207034813,0.15755638042700051,0.07910932047978186,-0.5850233093191645,0.8283683544472221,0.156791003606404,0.5111095207034813,0.15755638042700051,-0.0832136991252922,-0.05920130097615597,0.036135796594731845,-0.1556869590664447,-0.03550454107212078,-0.15552380815837794,-0.01735843389251713,0.0023506446125740625,-0.004413873411767319,-0.052677482701667576,0.006661208400117932,-0.05468388511402194,0.0,True,False,1,True,True,0.0036623000050894916,4,2.462234089691585e-09,2.910630563018151e-10,`gtol` termination condition is satisfied.,True,True,0.009999999999999787,0.017775088294914393,1.0,0.001173465022427216,8.548223965987066e-05,0.001173467209115852,8.548241226119638e-05
4.369999999999951,1786132508.883758,0.007092700005159713,0.007100299990270287,0.01,TELEOP,0,,0.0,4.369999999999951,437,0.01575000000000122,0.03424999999999878,0.0,0.0,0.0,0.0,1.0,0.018236398052892917,0.031763597230266435,0.0,0.0,0.0,0.0,1.0,-0.010529080584132131,-0.21575711501518416,0.2777665353843019,-0.1305261922200515,0.0,0.0,0.9914448613738105,-0.010330209559600088,-0.21594921018239802,0.2778180071292268,-0.1305261922200515,0.0,0.0,0.9914448613738105,-0.010330207246941059,-0.21594921084032717,0.2778180076996323,-0.1305261922133209,1.2606750696205232e-12,-1.4593554261423652e-10,0.9914448613746966,-0.009495401812842717,-0.21674699160541855,0.2780255870870269,-0.1304919369039073,9.740023866018897e-06,-2.3850616489695465e-05,0.9914493702349841,-0.009495401812842717,-0.21674699160541855,0.2780255870870269,-0.1304919369039073,9.740023866018897e-06,-2.3850616489695465e-05,0.9914493702349841,0.06887811715271919,-0.5920912890305154,0.8326397495374571,0.13735620200740206,0.5069485170891487,0.13811205731264337,0.07827547821469544,-0.5856150711038858,0.8287292617152449,0.15522890924830188,0.5107551665518872,0.1559957154972546,0.07827547821469544,-0.5856150711038858,0.8287292617152449,0.15522890924830188,0.5107551665518872,0.1559957154972546,-0.0833842265086447,-0.05917617847213671,0.0360907268022785,-0.15620943581021451,-0.035435415159397236,-0.15606649297459446,-0.017052738335250964,0.002512250401926104,-0.004506979245335006,-0.05224767437698406,0.006912591272355042,-0.05426848162165265,0.0,True,False,1,True,True,0.0038912000018171966,4,2.4711586343070114e-09,2.9219758874206545e-10,`gtol` termination condition is satisfied.,True,True,0.009999999999999787,0.01782944618092669,1.0,0.0011732192736317595,8.619672918173658e-05,0.0011732214675171475,8.619690215681414e-05
4.379999999999951,1786132508.8912797,0.007321600001887418,0.007300299999769777,0.01,TELEOP,0,,0.0,4.379999999999951,438,0.015500000000001228,0.034499999999998775,0.0,0.0,0.0,0.0,1.0,0.017986398930396358,0.032013596791602913,0.0,0.0,0.0,0.0,1.0,-0.0106040803208811,-0.2156846707053274,0.2777471239899795,-0.1305261922200515,0.0,0.0,0.9914448613738105,-0.01040520904242983,-0.21587676607089248,0.2777985957880525,-0.1305261922200515,0.0,0.0,0.9914448613738105,-0.010405206720231923,-0.21587676672988,0.2777985963574086,-0.13052619221339812,1.2549560345140283e-12,-1.4650900460729694e-10,0.9914448613746863,-0.009570644527720995,-0.21667443468823527,0.2780061064361512,-0.13049161433394313,9.796804924657811e-06,-2.4038233900554235e-05,0.9914494126856435,-0.009570644527720995,-0.21667443468823527,0.2780061064361512,-0.13049161433394313,9.796804924657811e-06,-2.4038233900554235e-05,0.9914494126856435,0.06802798852569732,-0.5926777958782019,0.8329939637924122,0.13573723096996884,0.5066059934359779,0.13649188723670502,0.07743995968219261,-0.5862065661063687,0.8290897093642461,0.15366163054310875,0.5104015282107323,0.15442966272651149,0.07743995968219261,-0.5862065661063687,0.8290897093642461,0.15366163054310875,0.5104015282107323,0.15442966272651149,-0.08355185325028411,-0.05914950024828929,0.0360447649001215,-0.1567278705193168,-0.035363834115495624,-0.15660527707431546,-0.016762674163941484,0.002667822384741214,-0.004596190215700134,-0.051843470910228895,0.007158104390161436,-0.05387840997210051,0.0,True,False,1,True,True,0.003899900009855628,4,2.4801278277876383e-09,2.933359733920197e-10,`gtol` termination condition is satisfied.,True,True,0.009999999999999787,0.01788365818461124,1.0,0.0011729572275812501,8.695173803704465e-05,0.0011729594287012222,8.695191138122652e-05
4.389999999999951,1786132508.8990853,0.007526999994297512,0.007578999997349456,0.01,TELEOP,0,,0.0,4.389999999999951,439,0.015250000000001228,0.034749999999998775,0.0,0.0,0.0,0.0,1.0,0.017736399726795714,0.03226359639348338,0.0,0.0,0.0,0.0,1.0,-0.010679080081961292,-0.2156122263837219,0.2777277125925091,-0.1305261922200515,0.0,0.0,0.9914448613738105,-0.010480208572902048,-0.2158043219294345,0.27777918443885247,-0.1305261922200515,0.0,0.0,0.9914448613738105,-0.010480206241127568,-0.2158043225895049,0.2777791850071494,-0.13052619221347664,1.249086899815515e-12,-1.4708436449399131e-10,0.9914448613746761,-0.00964589770734929,-0.21660187035960776,0.2779866217816483,-0.1304912768802995,9.856630348037378e-06,-2.4234775372718467e-05,0.9914494570948493,-0.00964589770734929,-0.21660187035960776,0.2779866217816483,-0.1304912768802995,9.856630348037378e-06,-2.4234775372718467e-05,0.9914494570948493,0.06717629357145256,-0.5932639430000122,0.8333476717714057,0.13411317094775338,0.5062643891518291,0.13486641192517881,0.07660279223496266,-0.586797779420406,0.8294496888925469,0.1520892052050473,0.5100486295989868,0.1528582584449877,0.07660279223496266,-0.586797779420406,0.8294496888925469,0.1520892052050473,0.5100486295989868,0.1528582584449877,-0.08371674472299657,-0.05912133140373984,0.03599795283008331,-0.15724253380614828,-0.03528986117455371,-0.1571404281523813,-0.01648914727124679,0.002816884454945728,-0.004681207003818846,-0.05146632868314946,0.007397294094191552,-0.05351510780658454,0.0,True,False,1,True,True,0.0040277999942190945,4,2.489141730832943e-09,2.944781710348277e-10,`gtol` termination condition is satisfied.,True,True,0.009999999999999787,0.017937775489806462,1.0,0.0011726820500654917,8.774215590145607e-05,0.001172684258458954,8.774232961019763e-05
4.399999999999951,1786132508.9070396,0.007801600004313514,0.007731899997452274,0.01,TELEOP,0,,0.0,4.399999999999951,440,0.015000000000001235,0.03499999999999877,0.0,0.0,0.0,0.0,1.0,0.017486400449555968,0.03251359603217608,0.0,0.0,0.0,0.0,1.0,-0.010754079865133217,-0.21553978205144905,0.27770830119218043,-0.1305261922200515,0.0,0.0,0.9914448613738105,-0.010555208146641428,-0.21573187776077285,0.2777597730823632,-0.1305261922200515,0.0,0.0,0.9914448613738105,-0.0105552058052528,-0.21573187842195085,0.2777597736495906,-0.130526192213556,1.243180630879138e-12,-1.4766161695422613e-10,0.9914448613746656,-0.009721158682371292,-0.21652930005704507,0.27796713380858956,-0.13049092657331451,9.918961233192364e-06,-2.4438900224987374e-05,0.9914495031953934,-0.009721158682371292,-0.21652930005704507,0.27796713380858956,-0.13049092657331451,9.918961233192364e-06,-2.4438900224987374e-05,0.9914495031953934,0.06632302948966674,-0.5938497289336795,0.8337008735411592,0.1324840107494133,0.5059237152714281,0.13323561937142459,0.07576400150038178,-0.5873886968298936,0.829809192242438,0.15051166812810463,0.5096964939665009,0.15128153619335785,0.07576400150038178,-0.5873886968298936,0.829809192242438,0.15051166812810463,0.5096964939665009,0.15128153619335785,-0.08387907345809124,-0.05909174094875699,0.03595033498911268,-0.15775370769427063,-0.035213563248589985,-0.15767222516299056,-0.016232873509467474,0.0029590454982846596,-0.004761784097062685,-0.0511173888122364,0.007629792596372416,-0.05317970106092848,0.0,True,False,1,True,True,0.003607399994507432,4,2.498200142801384e-09,2.956242231123459e-10,`gtol` termination condition is satisfied.,True,True,0.009999999999999787,0.017991846519808896,1.0,0.0011723967344049277,8.856297817410165e-05,0.0011723989501114715,8.85631522442135e-05
4.40999999999995,1786132508.9147995,0.008016699997824617,0.007474500001990236,0.01,TELEOP,0,,0.0,4.40999999999995,441,0.014750000000001241,0.03524999999999876,0.0,0.0,0.0,0.0,1.0,0.017236401105456833,0.032763595704291826,0.0,0.0,0.0,0.0,1.0,-0.010829079668362957,-0.21546733770949092,0.27768888978925654,-0.1305261922200515,0.0,0.0,0.9914448613738105,-0.01063020775967363,-0.21565943356740455,0.27774036171925387,-0.1305261922200515,0.0,0.0,0.9914448613738105,-0.010630205408633405,-0.21565943422971517,0.2777403622854014,-0.13052619221363687,1.2372009660457686e-12,-1.4824074038863195e-10,0.9914448613746549,-0.009796424954767298,-0.2164567251416047,0.2779476431724733,-0.13049056538992898,9.983277682443526e-06,-2.4649302478575218e-05,0.9914495507270972,-0.009796424954767298,-0.2164567251416047,0.2779476431724733,-0.13049056538992898,9.983277682443526e-06,-2.4649302478575218e-05,0.9914495507270972,0.06546819347629229,-0.5944351522151499,0.8340535691720717,0.13084973927241517,0.5055839828895924,0.13159949765803117,0.07492361132684867,-0.587979304839877,0.8301682118196273,0.14892905130163156,0.5093451438653547,0.14969952663953515,0.07492361132684867,-0.587979304839877,0.8301682118196273,0.14892905130163156,0.5093451438653547,0.14969952663953515,-0.08403901735331244,-0.059060800998344105,0.03590195771893229,-0.1582616826473102,-0.035135010114616144,-0.15820095538227377,-0.01599438952212054,0.0030939950412889098,-0.004837727018039475,-0.05079749530395722,0.007855313397384217,-0.052873021928320774,0.0,True,False,1,True,True,0.004090100002940744,4,2.50730303601733e-09,2.9677404152474e-10,`gtol` termination condition is satisfied.,True,True,0.009999999999999787,0.018045916821933267,1.0,0.0011721040950257342,8.94093330116452e-05,0.0011721063180858446,8.94095074390647e-05
4.41999999999995,1786132508.922184,0.007698900008108467,0.007160799999837764,0.01,TELEOP,0,,0.0,4.41999999999995,442,0.014500000000001248,0.035499999999998755,0.0,0.0,0.0,0.0,1.0,0.016986401700655546,0.0330135954067526,0.0,0.0,0.0,0.0,1.0,-0.010904079489803343,-0.2153948933587395,0.2776694783839765,-0.1305261922200515,0.0,0.0,0.9914448613738105,-0.010705207408388607,-0.21558698935159787,0.27772095035013217,-0.1305261922200515,0.0,0.0,0.9914448613738105,-0.010705205047659427,-0.21558699001506626,0.27772095091518967,-0.13052619221371892,1.2311189601410482e-12,-1.4882173238442772e-10,0.9914448613746442,-0.00987169420080463,-0.21638414689476465,0.27792815049702624,-0.13049019524368466,1.0049081047754359e-05,-2.486471729400993e-05,0.9914495994381293,-0.00987169420080463,-0.21638414689476465,0.27792815049702624,-0.13049019524368466,1.0049081047754359e-05,-2.486471729400993e-05,0.9914495994381293,0.06461178272400042,-0.5950202113783876,0.8344057587381262,0.12921034550575447,0.5052452031614794,0.12995803495955596,0.07408164374692355,-0.5885695906999904,0.8305267405078738,0.1473413837537821,0.5089946011288604,0.1481122575229756,0.07408164374692355,-0.5885695906999904,0.8305267405078738,0.1473413837537821,0.5089946011288604,0.1481122575229756,-0.08419675799251436,-0.059028586011336634,0.03585286882464548,-0.15876675478494898,-0.03505427364942266,-0.1587269116559587,-0.015774063920191705,0.003221498700747549,-0.004908889428680933,-0.050507213763879615,0.008073646519348698,-0.05259562736849531,0.0,True,False,1,True,True,0.0035743000044021755,4,2.5164503861769637e-09,2.979276418510514e-10,`gtol` termination condition is satisfied.,True,True,0.009999999999999787,0.01810002898150398,1.0,0.0011718067628189918,9.027650564915861e-05,0.0011718089932738845,9.027668043084046e-05
4.42999999999995,1786132508.9314501,0.007515599994803779,0.00891099999716971,0.01,TELEOP,0,,0.0,4.42999999999995,443,0.014250000000001255,0.03574999999999875,0.0,0.0,0.0,0.0,1.0,0.016736402240743926,0.033263595136763045,0.0,0.0,0.0,0.0,1.0,-0.01097907932777683,-0.21532244900000477,0.2776500669765573,-0.1305261922200515,0.0,0.0,0.9914448613738105,-0.010780207089507256,-0.21551454511541324,0.2777015389755502,-0.1305261922200515,0.0,0.0,0.9914448613738105,-0.010780204719051945,-0.2155145457800649,0.2777015395395072,-0.13052619221380207,1.2249012179575317e-12,-1.4940458250483072e-10,0.9914448613746332,-0.009946964272520682,-0.21631156651609942,0.27790865637238565,-0.13048981797583814,1.011589586880998e-05,-2.5083926706857312e-05,0.9914496490861742,-0.009946964272520682,-0.21631156651609942,0.27790865637238565,-0.13048981797583814,1.011589586880998e-05,-2.5083926706857312e-05,0.9914496490861742,0.06375379442259399,-0.5956049049551945,0.8347574423168163,0.12756581853262508,0.5049073873028326,0.12831121954521374,0.07323811895612879,-0.5891595424207554,0.8308847716791062,0.1457486915208843,0.5086448868577267,0.1465197536246171,0.07323811895612879,-0.5891595424207554,0.8308847716791062,0.1457486915208843,0.5086448868577267,0.1465197536246171,-0.08435247907947814,-0.05899517207650587,0.035803117123246186,-0.1592692232897845,-0.03497142711337899,-0.15925038983585232,-0.015572108696377865,0.003341393483076438,-0.00497517013992952,-0.05024685048355242,0.008284653604366879,-0.05234781798936263,0.0,True,False,1,True,True,0.0037609999999403954,4,2.525642039164425e-09,2.9908501281847566e-10,`gtol` termination condition is satisfied.,True,True,0.009999999999999787,0.018154222563419642,1.0,0.0011715071821658722,9.115996002222736e-05,0.0011715094200574654,9.116013515550264e-05
4.43999999999995,1786132508.9436936,0.009297600001445971,0.011857000004965812,0.01,TELEOP,0,,0.0,4.43999999999995,444,0.014000000000001254,0.03599999999999875,0.0,0.0,0.0,0.0,1.0,0.0164864027308002,0.03351359489178456,0.0,0.0,0.0,0.0,1.0,-0.011054079180759947,-0.2152500046340224,0.2776306555671962,-0.1305261922200515,0.0,0.0,0.9914448613738105,-0.010855206800051127,-0.2154421008607223,0.2776821275960095,-0.1305261922200515,0.0,0.0,0.9914448613738105,-0.01085520441983261,-0.2154421015265831,0.27768212815885546,-0.1305261922138867,1.2186650434550187e-12,-1.499892482013075e-10,0.9914448613746221,-0.01002223319785209,-0.21623898512171016,0.27788916135364183,-0.1304894353475755,1.0183271512513521e-05,-2.5305764667583765e-05,0.9914496994394573,-0.01002223319785209,-0.21623898512171016,0.27788916135364183,-0.1304894353475755,1.0183271512513521e-05,-2.5305764667583765e-05,0.9914496994394573,0.06289422575938959,-0.5961892314750454,0.8351086199890643,0.1259161475330576,0.5045705465901913,0.12665903978153542,0.07239305530625624,-0.5897491487832226,0.8312422991993329,0.14415099764081252,0.5082960214128851,0.14492203676054488,0.07239305530625624,-0.5897491487832226,0.8312422991993329,0.14415099764081252,0.5082960214128851,0.14492203676054488,-0.08450636498725718,-0.058960636246720675,0.03575275202266875,-0.15976938800718207,-0.03488654448416366,-0.15977168640722691,-0.015388590777904467,0.0034535829785195308,-0.005036510057743656,-0.050016471739760635,0.008488262921533807,-0.052129657137459096,0.0,True,False,1,True,True,0.006125800005975179,4,2.5348779767139344e-09,3.0024605528993024e-10,`gtol` termination condition is satisfied.,True,True,0.009999999999999787,0.01820853407940337,1.0,0.0011712076095098582,9.205535771193392e-05,0.0011712098548808296,9.205553319382043e-05
4.4499999999999496,1786132508.9509802,0.012204500002553686,0.006938899998203851,0.01,TELEOP,0,,0.0,4.4499999999999496,445,0.013750000000001261,0.03624999999999874,0.0,0.0,0.0,0.0,1.0,0.01623640317543608,0.03376359466951173,0.0,0.0,0.0,0.0,1.0,-0.011129079047369183,-0.21517756026146045,0.277611244156072,-0.1305261922200515,0.0,0.0,0.9914448613738105,-0.010930206537314906,-0.21536965658922516,0.2776627162119656,-0.1305261922200515,0.0,0.0,0.9914448613738105,-0.010930204147296268,-0.21536965725632085,0.2776627167736899,-0.1305261922139723,1.2123081581058313e-12,-1.5057578394159806e-10,0.9914448613746107,-0.010097499179523732,-0.21616640374335822,0.2778696659597268,-0.1304890490333112,1.025078352260448e-05,-2.5529121396546948e-05,0.9914497502776263,-0.010097499179523732,-0.21616640374335822,0.2778696659597268,-0.1304890490333112,1.025078352260448e-05,-2.5529121396546948e-05,0.9914497502776263,0.06203307391956863,-0.5967731894649471,0.8354592918391691,0.12426132178651615,0.5042346923610952,0.12500148413498485,0.07154646931202108,-0.5903383993424406,0.8315993174306506,0.14254832216842522,0.5079480244144762,0.14331912579746783,0.07154646931202108,-0.5903383993424406,0.8315993174306506,0.14254832216842522,0.5079480244144762,0.14331912579746783,-0.0846585994235188,-0.05892505592180261,0.035701823131777055,-0.16026754723873382,-0.03479969984089301,-0.16029109630770802,-0.015223443626163093,0.0035580324918067325,-0.005092889089169071,-0.0498159231551748,0.008684464327064653,-0.051940990048111174,0.0,True,False,1,True,True,0.0036158000002615154,4,2.544158007739954e-09,3.0141090609843624e-10,`gtol` termination condition is satisfied.,True,True,0.009999999999999787,0.01826299697900946,1.0,0.001170910113356602,9.295857425428956e-05,0.001170912366249969,9.295875008279229e-05
4.459999999999949,1786132508.9588108,0.007197499988251366,0.007572100003017113,0.01,TELEOP,0,,0.0,4.459999999999949,446,0.013500000000001268,0.036499999999998735,0.0,0.0,0.0,0.0,1.0,0.015986403578839542,0.034013594467850995,0.0,0.0,0.0,0.0,1.0,-0.011204078926348143,-0.21510511588292558,0.2775918327433474,-0.1305261922200515,0.0,0.0,0.9914448613738105,-0.0110052062988414,-0.21529721230246607,0.27764330482383226,-0.1305261922200515,0.0,0.0,0.9914448613738105,-0.011005203898985873,-0.21529721297082297,0.2776433053844243,-0.13052619221405937,1.2058486179276336e-12,-1.5116411399801198e-10,0.9914448613745993,-0.010172760592809988,-0.21609382332825156,0.27785017067263024,-0.13048866061504247,1.0318034690787678e-05,-2.5752947068240526e-05,0.9914498013924942,-0.010172760592809988,-0.21609382332825156,0.27785017067263024,-0.13048866061504247,1.0318034690787678e-05,-2.5752947068240526e-05,0.9914498013924942,0.06117033608650212,-0.5973567774492964,0.8358094579547446,0.12260133067446605,0.5038998360142709,0.12333854117454793,0.07069837566990607,-0.5909272844252436,0.8319558212296648,0.14094068221113992,0.5076009147464888,0.14171103668809915,0.07069837566990607,-0.5909272844252436,0.8319558212296648,0.14094068221113992,0.5076009147464888,0.14171103668809915,-0.08480936421150262,-0.05888850828030225,0.035650379901416444,-0.1607639957285332,-0.03471096679873892,-0.16080891093687116,-0.015076478798382286,0.0036547641500360556,-0.005144323036061309,-0.04964484897993875,0.008873304215409387,-0.05178146291631552,0.0,True,False,1,True,True,0.004199699993478134,4,2.5534821124445e-09,3.0257938397993664e-10,`gtol` termination condition is satisfied.,True,True,0.009999999999999787,0.01831764166248298,1.0,0.0011706165755806122,9.386571288486964e-05,0.0011706188360401729,9.38658890573678e-05
4.469999999999949,1786132508.9657934,0.007798200007528067,0.006756199989467859,0.01,TELEOP,0,,0.0,4.469999999999949,447,0.013250000000001275,0.03674999999999873,0.0,0.0,0.0,0.0,1.0,0.01573640394481368,0.034263594284901173,0.0,0.0,0.0,0.0,1.0,-0.011279078816555902,-0.21503267149896868,0.27757242132917,-0.1305261922200515,0.0,0.0,0.9914448613738105,-0.01108020608239882,-0.21522476800184773,0.2776238934319853,-0.1305261922200515,0.0,0.0,0.9914448613738105,-0.011080203672669823,-0.21522476867149234,0.27762389399143417,-0.13052619221414746,1.1993405952941765e-12,-1.517542698473784e-10,0.9914448613745878,-0.01024801598227941,-0.21602124473943082,0.2778306759369239,-0.1304882715777301,1.038465586074737e-05,-2.5976254843505514e-05,0.9914498525886469,-0.01024801598227941,-0.21602124473943082,0.2778306759369239,-0.1304882715777301,1.038465586074737e-05,-2.5976254843505514e-05,0.9914498525886469,0.060306009442052576,-0.5979399939497663,0.8361591184266822,0.12093616368291961,0.5035659890098039,0.12167019957429934,0.06984878728805166,-0.5915157951228444,0.8323118059426293,0.139328091982738,0.5072547105665512,0.14009778252455424,0.06984878728805166,-0.5915157951228444,0.8323118059426293,0.139328091982738,0.5072547105665512,0.14009778252455424,-0.08495883818544232,-0.0588510697600845,0.03559847129644938,-0.1612590228401973,-0.03462041799376412,-0.16132541635449288,-0.014947397393970732,0.0037438520217750993,-0.005190860496706642,-0.04950271116641175,0.009054880497480027,-0.05165054176217154,0.0,True,False,1,True,True,0.0034466999932192266,4,2.56285013262432e-09,3.037515983053309e-10,`gtol` termination condition is satisfied.,True,True,0.009999999999999787,0.018372495513551218,1.0,0.0011703286939217495,9.477311577954942e-05,0.0011703309619917148,9.477329229418241e-05
4.479999999999949,1786132508.9732823,0.006971700000576675,0.007274199990206398,0.01,TELEOP,0,,0.0,4.479999999999949,448,0.013000000000001281,0.03699999999999872,0.0,0.0,0.0,0.0,1.0,0.015486404276812004,0.034513594118935856,0.0,0.0,0.0,0.0,1.0,-0.011354078716956406,-0.21496022711009005,0.2775530099136738,-0.1305261922200515,0.0,0.0,0.9914448613738105,-0.01115520588596015,-0.2151523236886442,0.2776044820367662,-0.1305261922200515,0.0,0.0,0.9914448613738105,-0.011155203466321227,-0.21515232435960327,0.27760448259506093,-0.13052619221423706,1.192718474744312e-12,-1.5234619370777336e-10,0.991444861374576,-0.01032326405763153,-0.2159486687567046,0.2778111821595732,-0.13048788330566766,1.0450306478468358e-05,-2.619812327166856e-05,0.9914499036839208,-0.01032326405763153,-0.2159486687567046,0.2778111821595732,-0.13048788330566766,1.0450306478468358e-05,-2.619812327166856e-05,0.9914499036839208,0.059440091166852095,-0.5985228374851935,0.8365082733491079,0.11926581040495501,0.5032331628692965,0.11999644811594326,0.06899771532606569,-0.592103923278717,0.832667267397614,0.13771056287352385,0.5069094293203775,0.13847937360791163,0.06899771532606569,-0.592103923278717,0.832667267397614,0.13771056287352385,0.5069094293203775,0.13847937360791163,-0.0851071961985996,-0.05881281558726438,0.03554614549846652,-0.16175291092141902,-0.03452812461737733,-0.16184089166426496,-0.01483580131572832,0.003825417282011847,-0.005232579798285751,-0.049388808122173555,0.009229337638679292,-0.051547530977210515,0.0,True,False,1,True,True,0.003351100007421337,4,2.5722619633686393e-09,3.049273950950667e-10,`gtol` termination condition is satisfied.,True,True,0.009999999999999787,0.0184275829502549,1.0,0.0011700479855523847,9.567737289287414e-05,0.0011700502612773979,9.567754974713952e-05
4.489999999999949,1786132508.981083,0.007507100002840161,0.007567000007838942,0.01,TELEOP,0,,0.0,4.489999999999949,449,0.012750000000001281,0.03724999999999872,0.0,0.0,0.0,0.0,1.0,0.015236404577970498,0.034763593968387366,0.0,0.0,0.0,0.0,1.0,-0.011429078626608857,-0.21488778271674397,0.27753359849698056,-0.1305261922200515,0.0,0.0,0.9914448613738105,-0.011230205707684373,-0.2150798793640127,0.277585070638485,-0.1305261922200515,0.0,0.0,0.9914448613738105,-0.01123020327809928,-0.21507988003631318,0.2775850711956148,-0.1305261922143279,1.1860054764646922e-12,-1.5293994050706925e-10,0.991444861374564,-0.010398503688731589,-0.21587609607808272,0.2777916897100184,-0.13048749707979668,1.051467490275246e-05,-2.6417698087185122e-05,0.9914499545097558,-0.010398503688731589,-0.21587609607808272,0.2777916897100184,-0.13048749707979668,1.051467490275246e-05,-2.6417698087185122e-05,0.9914499545097558,0.05857257844056112,-0.5991053065714805,0.8368569228193524,0.11759026054321949,0.5029013691760127,0.11831727569133854,0.06814516924365142,-0.5926916614722444,0.8330222018940009,0.13608810353500597,0.5065650877603823,0.13685581753212414,0.06814516924365142,-0.5926916614722444,0.8330222018940009,0.13608810353500597,0.5065650877603823,0.13685581753212414,-0.0852546082414278,-0.058773819352744824,0.035493449638690444,-0.1622459338517899,-0.03443415599951591,-0.16235560757875195,-0.014741204282820466,0.0038996234519557186,-0.0052695859776073425,-0.04930229303708872,0.0093968617861421,-0.051471591448700824,0.0,True,False,1,True,True,0.004350400005932897,4,2.5817175090867003e-09,3.0610690261577985e-10,`gtol` termination condition is satisfied.,True,True,0.009999999999999787,0.018482925491968366,1.0,0.001169775791602772,9.657532848302862e-05,0.0011697780750278726,9.65755056748011e-05
4.4999999999999485,1786132508.987802,0.007790899995598011,0.006494999994174577,0.01,TELEOP,0,,0.0,4.4999999999999485,450,0.012500000000001288,0.037499999999998715,0.0,0.0,0.0,0.0,1.0,0.014986404851136757,0.03501359383183218,0.0,0.0,0.0,0.0,1.0,-0.01150407854465898,-0.21481533831934294,0.2775141870792008,-0.1305261922200515,0.0,0.0,0.9914448613738105,-0.011305205545899448,-0.21500743502900435,0.27756565923742327,-0.1305261922200515,0.0,0.0,0.9914448613738105,-0.011305203106332092,-0.21500743570267336,0.277565659793377,-0.1305261922144199,1.179235807201767e-12,-1.5353541851171313e-10,0.9914448613745519,-0.010473733899945662,-0.215803527321656,0.27777219892050264,-0.13048711407592434,1.0577478490746664e-05,-2.6634193428697473e-05,0.9914500049114294,-0.010473733899945662,-0.215803527321656,0.27777219892050264,-0.13048711407592434,1.0577478490746664e-05,-2.6634193428697473e-05,0.9914500049114294,0.057703468442109676,-0.5996873997215079,0.8372050669379281,0.11590950391241671,0.5025706195750128,0.1166326713050085,0.0672911568569832,-0.5932790029985977,0.8333766061896051,0.13446071997731884,0.5062217019679884,0.13522711928051953,0.0672911568569832,-0.5932790029985977,0.8333766061896051,0.13446071997731884,0.5062217019679884,0.13522711928051953,-0.08540123866682392,-0.05873415263533795,0.03544042956041567,-0.16273835576871662,-0.0343385792393962,-0.16286982516046403,-0.01466304253961194,0.0039666717406879395,-0.0053020078274776394,-0.04924219169267196,0.009557676011971022,-0.051421758171209024,0.0,True,False,1,True,True,0.0033724999957485124,4,2.59121657972908e-09,3.072899583201606e-10,`gtol` termination condition is satisfied.,True,True,0.009999999999999787,0.0185385418407856,1.0,0.0011695132825312881,9.74640854401606e-05,0.0011695155737017737,9.746426296750071e-05
4.509999999999948,1786132508.9955485,0.006764899997506291,0.007476799990399741,0.01,TELEOP,0,,0.0,4.509999999999948,451,0.012250000000001295,0.03774999999999871,0.0,0.0,0.0,0.0,1.0,0.014736405098896437,0.035263593707977735,0.0,0.0,0.0,0.0,1.0,-0.011579078470331076,-0.21474289391826154,0.27749477566043484,-0.1305261922200515,0.0,0.0,0.9914448613738105,-0.011380205399086823,-0.21493499068457378,0.27754624783383686,-0.1305261922200515,0.0,0.0,0.9914448613738105,-0.011380202949501296,-0.21493499135963892,0.27754624838860337,-0.1305261922145135,1.1723853861636247e-12,-1.5413266786691662e-10,0.9914448613745396,-0.010548953863875304,-0.21573096302787398,0.2777527100866263,-0.13048673536379252,1.0638463474002048e-05,-2.6846892510109933e-05,0.9914500547481789,-0.010548953863875304,-0.21573096302787398,0.2777527100866263,-0.13048673536379252,1.0638463474002048e-05,-2.6846892510109933e-05,0.9914500547481789,0.05683275834992036,-0.6002691154450485,0.8375527058085044,0.11422353044177981,0.5022409257732771,0.11494262407663654,0.06643568440179384,-0.5938659418452997,0.8337304774857068,0.1328284156776644,0.505879287379164,0.13359328133318835,0.06643568440179384,-0.5938659418452997,0.8337304774857068,0.1328284156776644,0.505879287379164,0.13359328133318835,-0.08554724551893779,-0.05869388467020614,0.035387129610172215,-0.1632304299654479,-0.03424145888244053,-0.16338379473312187,-0.014600685211386619,0.004026796513180211,-0.005329995024345192,-0.04920741967312769,0.009712035695567077,-0.05139695726578547,0.0,True,False,1,True,True,0.003991899997345172,4,2.600759136185362e-09,3.084766070709327e-10,`gtol` termination condition is satisfied.,True,True,0.009999999999999787,0.018594447975511033,1.0,0.0011692614642317815,9.834100753423985e-05,0.0011692637631934037,9.834118539444731e-05
4.519999999999948,1786132509.0023837,0.00769620000210125,0.006615499994950369,0.01,TELEOP,0,,0.0,4.519999999999948,452,0.012000000000001301,0.0379999999999987,0.0,0.0,0.0,0.0,1.0,0.0144864053235973,0.03551359359565038,0.0,0.0,0.0,0.0,1.0,-0.011654078402920817,-0.21467044951383982,0.2774753642407739,-0.1305261922200515,0.0,0.0,0.9914448613738105,-0.011455205265867375,-0.21486254633158802,0.2775268364279581,-0.1305261922200515,0.0,0.0,0.9914448613738105,-0.011455202806227992,-0.21486254700807694,0.277526836981526,-0.13052619221460823,1.1654214345530365e-12,-1.5473164665740815e-10,0.991444861374527,-0.010624162894585832,-0.21565840366217212,0.27773322346810886,-0.13048636190694793,1.0697404640538488e-05,-2.705514777573682e-05,0.9914501038932184,-0.010624162894585832,-0.21565840366217212,0.27773322346810886,-0.13048636190694793,1.0697404640538488e-05,-2.705514777573682e-05,0.9914501038932184,0.05596044534211797,-0.6008504522487016,0.8378998395378959,0.11253233017753837,0.5019122995398098,0.11324712324355608,0.06557875660217807,-0.5944524726659114,0.8340838134102736,0.1311911916981192,0.5055378588127462,0.13195430378362344,0.06557875660217807,-0.5944524726659114,0.8340838134102736,0.1311911916981192,0.5055378588127462,0.13195430378362344,-0.085692779961579,-0.05865308206116248,0.03533359245667807,-0.16372239795452587,-0.034142856641788705,-0.16389775495649522,-0.014553444264120766,0.004080260904365992,-0.005353715349414555,-0.04919679890779729,0.009860224065182863,-0.051396022337336,0.0,True,False,1,True,True,0.0034201999951619655,4,2.610344917433731e-09,3.0966680860812364e-10,`gtol` termination condition is satisfied.,True,True,0.009999999999999787,0.01865065725655181,1.0,0.0011690211847754457,9.920371970394181e-05,0.001169023491574007,9.920389789486933e-05
4.529999999999948,1786132509.0097537,0.0068291000061435625,0.007157000000006519,0.01,TELEOP,0,,0.0,4.529999999999948,453,0.011750000000001301,0.0382499999999987,0.0,0.0,0.0,0.0,1.0,0.014236405527371042,0.035763593493784475,0.0,0.0,0.0,0.0,1.0,-0.011729078341788695,-0.2145980051063866,0.27745595282030067,-0.1305261922200515,0.0,0.0,0.9914448613738105,-0.011530205144988629,-0.2147901019708346,0.27750742501999803,-0.1305261922200515,0.0,0.0,0.9914448613738105,-0.011530202675259883,-0.21479010264877535,0.277507425572356,-0.13052619221470435,1.1584009862985874e-12,-1.5533235281860658e-10,0.9914448613745144,-0.010699360440418765,-0.21558584961790178,0.27771373928973436,-0.13048599456335785,1.0754104839138072e-05,-2.725838057226972e-05,0.9914501522336568,-0.010699360440418765,-0.21558584961790178,0.27771373928973436,-0.13048599456335785,1.0754104839138072e-05,-2.725838057226972e-05,0.9914501522336568,0.055086526596723626,-0.6014314086358219,0.8382464682360498,0.11083589328537218,0.5015847527057463,0.1115461581632279,0.06472037674415908,-0.5950385907512631,0.8344366119996388,0.12954904681122534,0.5051974305011201,0.1303101844630473,0.06472037674415908,-0.5950385907512631,0.8344366119996388,0.12954904681122534,0.5051974305011201,0.1303101844630473,-0.08583798580190188,-0.058611808535170125,0.03527985893652167,-0.16421448868938968,-0.03404283116261176,-0.1644119320576175,-0.014520584032289471,0.004127352599235581,-0.005373352015639622,-0.04920907348638255,0.01000254791769494,-0.05141771011223026,0.0,True,False,1,True,True,0.003936799999792129,4,2.6199738747824064e-09,3.1086053815693347e-10,`gtol` termination condition is satisfied.,True,True,0.009999999999999787,0.018707180540067356,1.0,0.0011687931416842557,0.00010005010652608474,0.001168795456365907,0.0001000502850452507
4.539999999999948,1786132509.0165744,0.007388799989712425,0.0065885999938473105,0.01,TELEOP,0,,0.0,4.539999999999948,454,0.011500000000001308,0.038499999999998695,0.0,0.0,0.0,0.0,1.0,0.013986405712153123,0.03601359340141248,0.0,0.0,0.0,0.0,1.0,-0.01180407828635407,-0.21452556069618228,0.2774365413990903,-0.1305261922200515,0.0,0.0,0.9914448613738105,-0.011605205035313156,-0.2147176576030287,0.2774880136101483,-0.1305261922200515,0.0,0.0,0.9914448613738105,-0.011605202555459774,-0.21471765828244938,0.27748801416128493,-0.1305261922148019,1.151249742481867e-12,-1.5593476190783354e-10,0.9914448613745016,-0.010774546076473657,-0.2155133012195181,0.27769425774246465,-0.1304856340867178,1.0808394322469678e-05,-2.7456080372783935e-05,0.9914501996703261,-0.010774546076473657,-0.2155133012195181,0.27769425774246465,-0.1304856340867178,1.0808394322469678e-05,-2.7456080372783935e-05,0.9914501996703261,0.054210999291838105,-0.6020119831064631,0.8385925920160405,0.10913421005286485,0.5012582971644405,0.10983971831571689,0.06386054675311166,-0.5956242919986354,0.834788871678893,0.12790197763186179,0.504858016122847,0.1286609190709405,0.06386054675311166,-0.5956242919986354,0.834788871678893,0.12790197763186179,0.504858016122847,0.1286609190709405,-0.08598299910474407,-0.058570124737239285,0.03522596792542384,-0.16470691793635753,-0.03394143782731051,-0.16492653921068437,-0.014501330284218591,0.004168379793084131,-0.005389101109783539,-0.049242924696786775,0.010139333530124913,-0.05146071530668789,0.0,True,False,1,True,True,0.0034001000021817163,4,2.629645766175553e-09,3.120577567125998e-10,`gtol` termination condition is satisfied.,True,True,0.009999999999999787,0.018764026299819395,1.0,0.0011685778896448342,0.00010087830899113252,0.0011685802122556987,0.000100878487835796
4.549999999999947,1786132509.0241385,0.006799399998271838,0.007353699998930097,0.01,TELEOP,0,,0.0,4.549999999999947,455,0.011250000000001315,0.03874999999999869,0.0,0.0,0.0,0.0,1.0,0.01373640587970079,0.03626359331765596,0.0,0.0,0.0,0.0,1.0,-0.01187907823608977,-0.21445311628348138,0.2774171299772109,-0.1305261922200515,0.0,0.0,0.9914448613738105,-0.01168020493580802,-0.21464521322881988,0.2774686021985829,-0.1305261922200515,0.0,0.0,0.9914448613738105,-0.011680202445794898,-0.21464521390974917,0.2774686027484866,-0.13052619221490078,1.1440747942334438e-12,-1.565388703921823e-10,0.9914448613744886,-0.01084971949683997,-0.21544075872598248,0.2776747789846948,-0.13048528112839208,1.0860129944595395e-05,-2.764780358759557e-05,0.9914502461175251,-0.01084971949683997,-0.21544075872598248,0.2776747789846948,-0.13048528112839208,1.0860129944595395e-05,-2.764780358759557e-05,0.9914502461175251,0.053333860605812966,-0.6025921741573206,0.8389382109940645,0.10742727089195107,0.5009329448715465,0.10812779330616361,0.06299926727418417,-0.5962095728792732,0.8351405912412314,0.12624997875397362,0.5045196288368515,0.12700650131036498,0.06299926727418417,-0.5962095728792732,0.8351405912412314,0.12624997875397362,0.5045196288368515,0.12700650131036498,-0.08612794789275059,-0.05852808806377848,0.03517195623384093,-0.16519988778882128,-0.03383872859954886,-0.16544177605755572,-0.014494878800653279,0.004203667346080325,-0.00540116915829069,-0.04929698524637552,0.010270922776165158,-0.05152368468713577,0.0,True,False,1,True,True,0.003437599996686913,4,2.6393605571536515e-09,3.13258465298832e-10,`gtol` termination condition is satisfied.,True,True,0.009999999999999787,0.018821200755223602,1.0,0.0011683758485682317,0.00010168671972965282,0.0011683781791547937,0.0001016868988970737
4.559999999999947,1786132509.0310614,0.007629200001247227,0.006646800000453368,0.01,TELEOP,0,,0.0,4.559999999999947,456,0.011000000000001321,0.03899999999999868,0.0,0.0,0.0,0.0,1.0,0.013486406031609433,0.03651359324171737,0.0,0.0,0.0,0.0,1.0,-0.011954078190517178,-0.214380671868515,0.27739771855472456,-0.1305261922200515,0.0,0.0,0.9914448613738105,-0.011755204845535204,-0.21457276884879803,0.2774491907854599,-0.1305261922200515,0.0,0.0,0.9914448613738105,-0.01175520234532752,-0.21457276953126464,0.2774491913341192,-0.13052619221500097,1.1367736761062231e-12,-1.5714464297078885e-10,0.9914448613744754,-0.010924880506654286,-0.2153682223343389,0.2776553031436368,-0.1304849362399315,1.0909194229580119e-05,-2.783317199796234e-05,0.991450291502688,-0.010924880506654286,-0.2153682223343389,0.2776553031436368,-0.1304849362399315,1.0909194229580119e-05,-2.783317199796234e-05,0.991450291502688,0.052455107717410784,-0.6031719802816912,0.8392833252894444,0.10571506634136212,0.5006087078450867,0.10641037286725351,0.06213653775491194,-0.5967944304045969,0.8354917698264875,0.12459304289082188,0.5041822813178017,0.12534692302676026,0.06213653775491194,-0.5967944304045969,0.8354917698264875,0.12459304289082188,0.5041822813178017,0.12534692302676026,-0.08627295192722512,-0.05848575253236495,0.035117858525613194,-0.16569358631517747,-0.033734751904978696,-0.1659578283604757,-0.014500403447452691,0.004233553141352875,-0.005409770822773693,-0.04936985263562163,0.010397669457016801,-0.05160523029199884,0.0,True,False,1,True,True,0.003457900005741976,4,2.649118006950423e-09,3.1446259430477563e-10,`gtol` termination condition is satisfied.,True,True,0.009999999999999787,0.01887870800420137,1.0,0.0011681873119149112,0.00010247397682681681,0.0011681896505235715,0.00010247415631406873
4.569999999999947,1786132509.037686,0.006862499998533167,0.006409000008716248,0.01,TELEOP,0,,0.0,4.569999999999947,457,0.010750000000001328,0.039249999999998675,0.0,0.0,0.0,0.0,1.0,0.01323640616932746,0.03676359317287265,0.0,0.0,0.0,0.0,1.0,-0.01202907814920177,-0.214308227451493,0.2773783071316873,-0.1305261922200515,0.0,0.0,0.9914448613738105,-0.01183020476364291,-0.21450032446349887,0.2774297793709228,-0.1305261922200515,0.0,0.0,0.9914448613738105,-0.011830202253206034,-0.2145003251475316,0.2774297799183257,-0.13052619221510273,1.129405226159174e-12,-1.5775208216356403e-10,0.991444861374462,-0.01100002901405328,-0.2152956921834252,0.27763583031680916,-0.13048459987611014,1.095549432675185e-05,-2.8011870849195365e-05,0.9914503357659846,-0.01100002901405328,-0.2152956921834252,0.27763583031680916,-0.13048459987611014,1.095549432675185e-05,-2.8011870849195365e-05,0.9914503357659846,0.051574737805957345,-0.6037513999694242,0.8396279350246315,0.10399758706907229,0.5002855981655185,0.1046874468616881,0.06127235652926687,-0.5973788620914549,0.8358424068990705,0.12293116101750397,0.5038459857923375,0.12368217434897627,0.06127235652926687,-0.5973788620914549,0.8358424068990705,0.12293116101750397,0.5038459857923375,0.12368217434897627,-0.08641812256450815,-0.05844316868579793,0.03506370725830096,-0.16618818733179433,-0.03362955254642714,-0.16647486777840284,-0.014517063728304119,0.004258384656702653,-0.005415126731223077,-0.049460101661686726,0.010519935855155909,-0.05170394179271366,0.0,True,False,1,True,True,0.003345599994645454,4,2.6589178257364173e-09,3.156701398015319e-10,`gtol` termination condition is satisfied.,True,True,0.009999999999999787,0.01893655015950675,1.0,0.0011680124552018985,0.0001032389563651416,0.001168014801878892,0.00010323913616880111
4.579999999999947,1786132509.0456948,0.006619200008572079,0.007798799997544847,0.01,TELEOP,0,,0.0,4.579999999999947,458,0.010500000000001328,0.039499999999998675,0.0,0.0,0.0,0.0,1.0,0.012986406294169785,0.037013593110464475,0.0,0.0,0.0,0.0,1.0,-0.012104078111749073,-0.21423578303260582,0.27735889570815037,-0.1305261922200515,0.0,0.0,0.9914448613738105,-0.011905204689357643,-0.2144278800734089,0.277410367955102,-0.1305261922200515,0.0,0.0,0.9914448613738105,-0.0119052021686572,-0.21442788075903713,0.27741036850123685,-0.13052619221520573,1.121964874468236e-12,-1.5836116190101525e-10,0.9914448613744484,-0.011075165022087503,-0.21522316835768227,0.2776163605736154,-0.13048427239842295,1.099896086839353e-05,-2.8183646638736105e-05,0.9914503788598596,-0.011075165022087503,-0.21522316835768227,0.2776163605736154,-0.13048427239842295,1.099896086839353e-05,-2.8183646638736105e-05,0.9914503788598596,0.05069274805148354,-0.6043304317068804,0.8399720403252042,0.10227482387474471,0.4999636279757824,0.10295900528465521,0.06040672090244096,-0.5979628659267373,0.8361925022255087,0.12126432251458229,0.5035107540758248,0.12201224383139428,0.06040672090244096,-0.5979628659267373,0.8361925022255087,0.12126432251458229,0.5035107540758248,0.12201224383139428,-0.08656356268259312,-0.05840038352824917,0.03500953264381318,-0.16668385029217206,-0.03352317165127704,-0.16699305175820334,-0.01454401180849679,0.00427851575487617,-0.005417461448778474,-0.049566296037773655,0.010638089515010591,-0.05181839798005008,0.0,True,False,1,True,True,0.0035724000044865534,4,2.668760024431773e-09,3.1688108205486383e-10,`gtol` termination condition is satisfied.,True,True,0.009999999999999787,0.01899472748728817,1.0,0.001167851344618449,0.00010398076383579356,0.0011678536994103302,0.00010398094395263561
4.589999999999947,1786132509.05235,0.008016599997063167,0.006437399992137216,0.01,TELEOP,0,,0.0,4.589999999999947,459,0.010250000000001334,0.03974999999999867,0.0,0.0,0.0,0.0,1.0,0.012736406407330104,0.03726359305389612,0.0,0.0,0.0,0.0,1.0,-0.012179078077800977,-0.21416333861202638,0.27733948428416,-0.1305261922200515,0.0,0.0,0.9914448613738105,-0.011980204621977039,-0.21435543567896995,0.2773909565381159,-0.1305261922200515,0.0,0.0,0.9914448613738105,-0.011980202090978869,-0.21435543636622317,0.2773909570829707,-0.13052619221531012,1.1144456379853073e-12,-1.589718690947912e-10,0.9914448613744347,-0.011150288620655743,-0.21515065089102747,0.27759689395699444,-0.13048395407898944,1.103954674494419e-05,-2.8348304635466342e-05,0.9914504207485184,-0.011150288620655743,-0.21515065089102747,0.27759689395699444,-0.13048395407898944,1.103954674494419e-05,-2.8348304635466342e-05,0.9914504207485184,0.04980913563486113,-0.6049090739769041,0.8403156413198897,0.10054676769218085,0.4996428094813526,0.10122503826630354,0.05953962723571457,-0.5985464403316502,0.836542055851788,0.11959251531174851,0.5031765976093376,0.12033711859607543,0.05953962723571457,-0.5985464403316502,0.836542055851788,0.11959251531174851,0.5031765976093376,0.12033711859607543,-0.08670936667264079,-0.05835744049128866,0.034955362627926666,-0.16718072028338093,-0.033415646648720765,-0.16751252353188828,-0.014580399004767569,0.004294303696050772,-0.005417001588651413,-0.04968699912088828,0.010752500255627647,-0.051947177368495925,0.0,True,False,1,True,True,0.003340999988722615,4,2.6786443316701784e-09,3.1809537668223436e-10,`gtol` termination condition is satisfied.,True,True,0.009999999999999787,0.01905323854673907,1.0,0.0011677039456840846,0.00010469872455697809,0.0011677063086372261,0.0001046989049835281
4.599999999999946,1786132509.0630667,0.00665609999850858,0.010498199990252033,0.01,TELEOP,0,,0.0,4.599999999999946,460,0.010000000000001341,0.03999999999999866,0.0,0.0,0.0,0.0,1.0,0.012486406509892028,0.037513593002625883,0.0,0.0,0.0,0.0,1.0,-0.012254078047032399,-0.21409089418991167,0.2773200728597582,-0.1305261922200515,0.0,0.0,0.9914448613738105,-0.01205520456086333,-0.21428299128058317,0.277371545120072,-0.1305261922200515,0.0,0.0,0.9914448613738105,-0.01205520201953356,-0.21428299196949116,0.2773715456636349,-0.13052619221541606,1.1068324496749712e-12,-1.5958418492761263e-10,0.9914448613744207,-0.01122539997851477,-0.21507813977075954,0.27757743048512484,-0.13048364510480626,1.1077225812353817e-05,-2.8505706165377383e-05,0.9914504614073679,-0.01122539997851477,-0.21507813977075954,0.27757743048512484,-0.13048364510480626,1.1077225812353817e-05,-2.8505706165377383e-05,0.9914504614073679,0.048923897737930565,-0.605487325258789,0.8406587381405647,0.0988134095917745,0.4993231549502664,0.09948553607422164,0.058671071030814106,-0.5991295841259254,0.8368910680806605,0.11791572603053996,0.5028435274965919,0.11865678447396473,0.058671071030814106,-0.5991295841259254,0.8368910680806605,0.11791572603053996,0.5028435274965919,0.11865678447396473,-0.0868556204900485,-0.05831437942752769,0.034901222887249936,-0.1676789281208589,-0.03330701127457128,-0.16803341221107382,-0.014625381740771687,0.004306106376096691,-0.005413974067673052,-0.049820783747799025,0.010863537414948962,-0.05208886791855545,0.0,True,False,1,True,True,0.005758100000093691,4,2.6885705974380303e-09,3.1931299285705877e-10,`gtol` termination condition is satisfied.,True,True,0.009999999999999787,0.019112080329771894,1.0,0.0011675701318810906,0.00010539237323382793,0.0011675725030418304,0.0001053925539658917
4.609999999999946,1786132509.074222,0.010907999996561557,0.010745099993073381,0.01,TELEOP,0,,0.0,4.609999999999946,461,0.009750000000001348,0.040249999999998655,0.0,0.0,0.0,0.0,1.0,0.012236406602839204,0.03776359295616204,0.0,0.0,0.0,0.0,1.0,-0.012329078019148246,-0.2140184497664042,0.2773006614349832,-0.1305261922200515,0.0,0.0,0.9914448613738105,-0.012130204505437427,-0.21421054687861293,0.2773521337010679,-0.1305261922200515,0.0,0.0,0.9914448613738105,-0.012130201953742429,-0.21421054756920568,0.27735213424332666,-0.13052619221552333,1.099159743270646e-12,-1.6019807592310607e-10,0.9914448613744066,-0.011300499335413626,-0.21500563494146593,0.2775579701531692,-0.13048334558229488,1.1111991545710827e-05,-2.8655765698150663e-05,0.9914505008224174,-0.011300499335413626,-0.21500563494146593,0.2775579701531692,-0.13048334558229488,1.1111991545710827e-05,-2.8655765698150663e-05,0.9914505008224174,0.048037031543621676,-0.6060651840282497,0.8410013309222747,0.09707474078296596,0.4990046767131594,0.0977404891159178,0.05780104701321651,-0.5997122964922217,0.8372395394490826,0.11623394012521286,0.5025115545405789,0.11697122614426571,0.05780104701321651,-0.5997122964922217,0.8372395394490826,0.11623394012521286,0.5025115545405789,0.11697122614426571,-0.08700240175976141,-0.058271236629625585,0.03484713684221119,-0.16817859053271372,-0.03319729560129624,-0.1685558329699058,-0.014678126971292421,0.004314279790210962,-0.005408604503874537,-0.04996624118548098,0.010971567327504376,-0.05224207588319929,0.0,True,False,1,True,True,0.005862299993168563,4,2.6985385388758535e-09,3.205338754287526e-10,`gtol` termination condition is satisfied.,True,True,0.009999999999999787,0.019171248399743088,1.0,0.001167449693207412,0.00010606144279237064,0.0011674520726219103,0.00010606162382602679
4.619999999999946,1786132509.0812957,0.010977300000377,0.006841499998699874,0.01,TELEOP,0,,0.0,4.619999999999946,462,0.009500000000001355,0.04049999999999865,0.0,0.0,0.0,0.0,1.0,0.011986406687064504,0.03801359291405824,0.0,0.0,0.0,0.0,1.0,-0.012404077993880656,-0.21394600534163324,0.27728125000986975,-0.1305261922200515,0.0,0.0,0.9914448613738105,-0.01220520445517353,-0.21413810247339005,0.2773327222811923,-0.1305261922200515,0.0,0.0,0.9914448613738105,-0.012205201893079935,-0.21413810316569773,0.2773327228221348,-0.13052619221563208,1.091386631918934e-12,-1.608135302729865e-10,0.9914448613743923,-0.011375586994397387,-0.21493313630890548,0.27753851293504206,-0.13048305554209225,1.1143855652594697e-05,-2.879844776839932e-05,0.9914505389896479,-0.011375586994397387,-0.21493313630890548,0.27753851293504206,-0.13048305554209225,1.1143855652594697e-05,-2.879844776839932e-05,0.9914505389896479,0.04714853423607063,-0.6066426487573985,0.8413434198032448,0.09533075261670865,0.4986873871632798,0.095989887941312,0.05692954921391076,-0.6002945769409459,0.837587470705929,0.11454714202096508,0.5021806892796692,0.11528042727118776,0.05692954921391076,-0.6002945769409459,0.837587470705929,0.11454714202096508,0.5021806892796692,0.11528042727118776,-0.08714977993057704,-0.05822804487241845,0.03479312568463957,-0.16867981042478217,-0.03308652609097928,-0.16907988730779816,-0.014737817081563603,0.004319175720713352,-0.0054011157571624375,-0.0501219892068451,0.011076951031696014,-0.05240543378923722,0.0,True,False,1,True,True,0.0034792999940691516,4,2.708547998130516e-09,3.217579964428504e-10,`gtol` termination condition is satisfied.,True,True,0.009999999999999787,0.019230737028347905,1.0,0.0011673423445952957,0.00010670585261854707,0.0011673447323095863,0.00010670603394945686
4.629999999999946,1786132509.0887797,0.0070580000028712675,0.007267699998919852,0.01,TELEOP,0,,0.0,4.629999999999946,463,0.009250000000001354,0.04074999999999865,0.0,0.0,0.0,0.0,1.0,0.011736406763378369,0.03826359287590935,0.0,0.0,0.0,0.0,1.0,-0.012479077970986496,-0.21387356091571627,0.27726183858444914,-0.1305261922200515,0.0,0.0,0.9914448613738105,-0.012280204409594236,-0.2140656580652149,0.27731331086052563,-0.1305261922200515,0.0,0.0,0.9914448613738105,-0.012280201837068974,-0.21406565875926817,0.2773133114001396,-0.13052619221574233,1.0835698832422612e-12,-1.6143053845853857e-10,0.9914448613743778,-0.011450663314319327,-0.2148606437438411,0.2775190587851892,-0.13048277494403365,1.1172846658907795e-05,-2.8933763763795307e-05,0.9914505759143567,-0.011450663314319327,-0.2148606437438411,0.2775190587851892,-0.13048277494403365,1.1172846658907795e-05,-2.8933763763795307e-05,0.9914505759143567,0.04625840300072857,-0.6072197179147223,0.8416850049249004,0.0935814365879338,0.49837129875650593,0.09423372324522668,0.056056571049177835,-0.6008764252757054,0.8379348627901143,0.11285531524878634,0.50185094202298,0.11358437063735269,0.056056571049177835,-0.6008764252757054,0.8379348627901143,0.11285531524878634,0.50185094202298,0.11358437063735269,-0.08729781647329436,-0.05818483347595051,0.03473920841853864,-0.16918267721787758,-0.032974725668927715,-0.16960566338351016,-0.014803654271732549,0.0043211396467933896,-0.005391726610092888,-0.05028667930954296,0.011180042205156544,-0.052577607571201404,0.0,True,False,1,True,True,0.0037362000002758577,4,2.7185987902818944e-09,3.2298534483316153e-10,`gtol` termination condition is satisfied.,True,True,0.009999999999999787,0.01929053932987576,1.0,0.0011672477341493604,0.00010732569632135329,0.0011672501302094516,0.00010732587794484572
4.6399999999999455,1786132509.0958393,0.0075207000045338646,0.006806100005633198,0.01,TELEOP,0,,0.0,4.6399999999999455,464,0.009000000000001361,0.04099999999999864,0.0,0.0,0.0,0.0,1.0,0.011486406832516397,0.03851359284134765,0.0,0.0,0.0,0.0,1.0,-0.012554077950245088,-0.2138011164887598,0.27724242715875,-0.1305261922200515,0.0,0.0,0.9914448613738105,-0.012355204368266101,-0.21399321365436028,0.27729389943914096,-0.1305261922200515,0.0,0.0,0.9914448613738105,-0.012355201785276375,-0.21399321435018975,0.27729389997741394,-0.1305261922158541,1.0756215231042726e-12,-1.6204908410424517e-10,0.991444861374363,-0.01152572870259663,-0.2147881570858005,0.2774996076403632,-0.1304825036822793,1.1199008479220624e-05,-2.9061768611581192e-05,0.9914506116104825,-0.01152572870259663,-0.2147881570858005,0.2774996076403632,-0.1304825036822793,1.1199008479220624e-05,-2.9061768611581192e-05,0.9914506116104825,0.0453666350244683,-0.6077963899650666,0.8420260864318835,0.09182678433802997,0.4980564240113452,0.09247198586989233,0.05518210539800106,-0.6014578415595777,0.838281716809241,0.1111584425762978,0.5015223228848229,0.11188303827322985,0.05518210539800106,-0.6014578415595777,0.838281716809241,0.1111584425762978,0.5015223228848229,0.11188303827322985,-0.08744656511767923,-0.05814162838723323,0.034685401912666794,-0.16968726724885747,-0.03286191381570789,-0.17013323641228734,-0.014874864438487134,0.004320508871727876,-0.0053806505871851346,-0.05045900309798984,0.011281185321982783,-0.052757302877718085,0.0,True,False,1,True,True,0.003552200010744855,4,2.7286906003213607e-09,3.242158923176264e-10,`gtol` termination condition is satisfied.,True,True,0.009999999999999787,0.01935064739212601,1.0,0.001167165451162174,0.00010792122914189479,0.0011671678556136986,0.00010792141105294265
4.649999999999945,1786132509.1033137,0.007020299992291257,0.00726060000306461,0.01,TELEOP,0,,0.0,4.649999999999945,465,0.008750000000001368,0.041249999999998635,0.0,0.0,0.0,0.0,1.0,0.011236406895146222,0.03876359281003938,0.0,0.0,0.0,0.0,1.0,-0.01262907793145614,-0.21372867206086055,0.2772230157327983,-0.1305261922200515,0.0,0.0,0.9914448613738105,-0.012430204330795603,-0.2139207692410738,0.2772744880171047,-0.1305261922200515,0.0,0.0,0.9914448613738105,-0.012430201737308886,-0.2139207699387106,0.27727448855402437,-0.13052619221596734,1.0676119520675358e-12,-1.626691398087807e-10,0.9914448613743482,-0.011600783608239455,-0.21471567614674458,0.2774801594213858,-0.13048224159053898,1.122239898285813e-05,-2.9182557392993587e-05,0.9914506460999177,-0.011600783608239455,-0.21471567614674458,0.2774801594213858,-0.13048224159053898,1.122239898285813e-05,-2.9182557392993587e-05,0.9914506460999177,0.04447322749568409,-0.6083726633696117,0.8423666644720692,0.09006678765732347,0.4977427755089339,0.09070466680745455,0.05430614467676737,-0.6020388260823637,0.8386280340188768,0.10945650613402376,0.5011948418180686,0.11017641158204937,0.05430614467676737,-0.6020388260823637,0.8386280340188768,0.10945650613402376,0.5011948418180686,0.11017641158204937,-0.08759607212337052,-0.05809845227859852,0.034631720963575245,-0.17019364422740707,-0.03274810667543292,-0.17066266911805178,-0.014950700569129362,0.004317610863471359,-0.005368094909154765,-0.050637697854960764,0.011380714027497615,-0.05294327057644548,0.0,True,False,1,True,True,0.0034082999918609858,4,2.7388233182307618e-09,3.254495822456399e-10,`gtol` termination condition is satisfied.,True,True,0.009999999999999787,0.019411052403337514,1.0,0.001167095033868804,0.0001084928551190089,0.0011670974467573884,0.00010849303731264561
4.659999999999945,1786132509.1151977,0.0076861999987158924,0.011458199995104223,0.01,TELEOP,0,,0.0,4.659999999999945,466,0.008500000000001375,0.04149999999999863,0.0,0.0,0.0,0.0,1.0,0.01098640695187377,0.03901359278168164,0.0,0.0,0.0,0.0,1.0,-0.012704077914437875,-0.21365622763210632,0.27720360430661745,-0.1305261922200515,0.0,0.0,0.9914448613738105,-0.012505204296825473,-0.21384832482558042,0.2772550765944771,-0.1305261922200515,0.0,0.0,0.9914448613738105,-0.012505201692809574,-0.21384832552505578,0.2772550771300309,-0.13052619221608186,1.0595501807637181e-12,-1.6329068242935263e-10,0.9914448613743331,-0.011675828515179017,-0.2146432007146266,0.2774607140348851,-0.13048198844735104,1.1243088566356923e-05,-2.9296261913934763e-05,0.9914506794118139,-0.011675828515179017,-0.2146432007146266,0.2774607140348851,-0.13048198844735104,1.1243088566356923e-05,-2.9296261913934763e-05,0.9914506794118139,0.04357817760438914,-0.6089485365858676,0.8427067391965968,0.08830143848757117,0.49743036589302647,0.08893175720249306,0.053428680910967204,-0.6026193793289696,0.8389738158025548,0.10774948753661664,0.5008685086462866,0.10846447145972035,0.053428680910967204,-0.6026193793289696,0.8389738158025548,0.10774948753661664,0.5008685086462866,0.10846447145972035,-0.08774637658001896,-0.058055324660592995,0.0345781783678051,-0.17070185974071522,-0.032633317178203884,-0.171194012232906,-0.01503044566484521,0.0043127618005527404,-0.005354259577014462,-0.05082155133081523,0.011478949722903224,-0.05313431148542316,0.0,True,False,1,True,True,0.005842799990205094,4,2.748996621986573e-09,3.266863965625266e-10,`gtol` termination condition is satisfied.,True,True,0.009999999999999787,0.019471744774594818,1.0,0.0011670359769116996,0.00010904111411945883,0.0011670383982826575,0.00010904129659057803
4.669999999999945,1786132509.1237025,0.011811000003945082,0.008152499998686835,0.01,TELEOP,0,,0.0,4.669999999999945,467,0.008250000000001381,0.04174999999999862,0.0,0.0,0.0,0.0,1.0,0.010736407003248941,0.03926359275599954,0.0,0.0,0.0,0.0,1.0,-0.012779077899025324,-0.21358378320257673,0.2771841928802289,-0.1305261922200515,0.0,0.0,0.9914448613738105,-0.012580204266031363,-0.21377588040808423,0.2772356651713129,-0.1305261922200515,0.0,0.0,0.9914448613738105,-0.012580201651454362,-0.2137758811094297,0.27723566570548824,-0.1305261922161983,1.0514057348886445e-12,-1.639136924828969e-10,0.9914448613743178,-0.011750863935915977,-0.21457073055682416,0.2774412713749959,-0.13048174398137447,1.126115874173707e-05,-2.9403047258498265e-05,0.991450711581885,-0.011750863935915977,-0.21457073055682416,0.2774412713749959,-0.13048174398137447,1.126115874173707e-05,-2.9403047258498265e-05,0.991450711581885,0.04268148254230881,-0.609524008067651,0.8430463107598809,0.08653072892446065,0.49711920786997593,0.08715324835454903,0.05254970580364581,-0.6031995019490436,0.8393190636525745,0.10603736799863127,0.5005433330945398,0.10674719840935507,0.05254970580364581,-0.6031995019490436,0.8393190636525745,0.10603736799863127,0.5005433330945398,0.10674719840935507,-0.08789751073214126,-0.05801226200740564,0.03452478500196446,-0.17121195379854173,-0.03251755517468043,-0.1717273050365328,-0.015113415212230502,0.004306265318735891,-0.005339336584064073,-0.05100940578265078,0.011576200352345311,-0.053329280362680635,0.0,True,False,1,True,True,0.0038318000006256625,4,2.75921033393815e-09,3.279262612059471e-10,`gtol` termination condition is satisfied.,True,True,0.009999999999999787,0.019532714257227288,1.0,0.0011669877384837498,0.00010956666883320188,0.0011669901683822046,0.00010956685157563962
4.679999999999945,1786132509.1303804,0.008374400000320747,0.00645539999823086,0.01,TELEOP,0,,0.0,4.679999999999945,468,0.008000000000001381,0.04199999999999862,0.0,0.0,0.0,0.0,1.0,0.010486407049770765,0.03951359273274361,0.0,0.0,0.0,0.0,1.0,-0.012854077885068777,-0.21351133877234413,0.2771647814536519,-0.1305261922200515,0.0,0.0,0.9914448613738105,-0.012655204238118833,-0.21370343598877062,0.2772162537476617,-0.1305261922200515,0.0,0.0,0.9914448613738105,-0.012655201612949148,-0.21370343669201786,0.27721625428044583,-0.13052619221631584,1.0431840790360938e-12,-1.6453813086040626e-10,0.9914448613743022,-0.011825890405506634,-0.21449826542343423,0.27742183132501885,-0.13048150787665738,1.1276700749556001e-05,-2.9503108350253068e-05,0.9914507426517146,-0.011825890405506634,-0.21449826542343423,0.27742183132501885,-0.13048150787665738,1.1276700749556001e-05,-2.9503108350253068e-05,0.9914507426517146,0.041783139502969545,-0.6100990762650832,0.8433853793196451,0.08475465122011751,0.4968093142087077,0.08536913172065934,0.051669210800402064,-0.6037791947279728,0.8396637791516693,0.1043201284445161,0.5002193248187314,0.10502457265007094,0.051669210800402064,-0.6037791947279728,0.8396637791516693,0.1043201284445161,0.5002193248187314,0.10502457265007094,-0.08804950032437689,-0.05796927789292712,0.034471549909488676,-0.17172395541152002,-0.03240082758084045,-0.17226257592841598,-0.015198959223563607,0.004298411447852327,-0.0053235092475782675,-0.051200161297830046,0.011672759383998059,-0.05352708918831874,0.0,True,False,1,True,True,0.0033618000015849248,4,2.769464119272108e-09,3.2916914591052116e-10,`gtol` termination condition is satisfied.,True,True,0.009999999999999787,0.019593950054806034,1.0,0.001166949747131424,0.00011007029181982228,0.0011669521856021569,0.00011007047482835243
4.689999999999944,1786132509.1378102,0.0066580999991856515,0.007227599999168888,0.01,TELEOP,0,,0.0,4.689999999999944,469,0.007750000000001388,0.042249999999998615,0.0,0.0,0.0,0.0,1.0,0.010236407091892087,0.03976359271168747,0.0,0.0,0.0,0.0,1.0,-0.01292907787243238,-0.21343889434147403,0.27714537002690415,-0.1305261922200515,0.0,0.0,0.9914448613738105,-0.012730204212820591,-0.21363099156780788,0.27719684232356856,-0.1305261922200515,0.0,0.0,0.9914448613738105,-0.012730201577026957,-0.213630992272989,0.2771968428549488,-0.13052619221643513,1.034911030140408e-12,-1.6516401354721333e-10,0.9914448613742866,-0.011900908475900068,-0.21442580505041564,0.2774023937590247,-0.1304812797778452,1.1289814204794879e-05,-2.9596666544367673e-05,0.9914507726680701,-0.011900908475900068,-0.21442580505041564,0.2774023937590247,-0.1304812797778452,1.1289814204794879e-05,-2.9596666544367673e-05,0.9914507726680701,0.04088314568178653,-0.6106737396245723,0.8437239450369383,0.08297319778562515,0.4965006977406873,0.08357939891790378,0.05078718715077157,-0.6043584585593288,0.8400079639555985,0.10259774961255713,0.49989649343342063,0.10329657421980934,0.05078718715077157,-0.6043584585593288,0.8400079639555985,0.10259774961255713,0.49989649343342063,0.10329657421980934,-0.08820236496305071,-0.05792638313559949,0.03441848039291248,-0.17223788319590094,-0.03228313853107886,-0.17279984302616405,-0.015286463867382357,0.004289475732763224,-0.005306951657619609,-0.05139277843809395,0.011768904976159542,-0.05372670977480838,0.0,True,False,1,True,True,0.003895999994711019,4,2.7797578040685305e-09,3.3041505241901e-10,`gtol` termination condition is satisfied.,True,True,0.009999999999999787,0.0196554409294116,1.0,0.001166921408194963,0.00011055285270739373,0.0011669238552826477,0.00011055303597552904
4.699999999999944,1786132509.1450572,0.0074871999968308955,0.006987100001424551,0.01,TELEOP,0,,0.0,4.699999999999944,470,0.0075000000000013944,0.04249999999999861,0.0,0.0,0.0,0.0,1.0,0.00998640713002382,0.04001359269262572,0.0,0.0,0.0,0.0,1.0,-0.013004077860992861,-0.213366449910026,0.2771259586000015,-0.1305261922200515,0.0,0.0,0.9914448613738105,-0.012805204189894002,-0.2135585471453488,0.2771774308990745,-0.1305261922200515,0.0,0.0,0.9914448613738105,-0.012805201543445471,-0.21355854785249606,0.2771774314290378,-0.13052619221655593,1.0265247990263629e-12,-1.6579128511052013e-10,0.9914448613742707,-0.011975918710636406,-0.21435334916257373,0.2773829585434021,-0.1304810592952984,1.1300605782637142e-05,-2.9683966271867645e-05,0.9914508016822294,-0.011975918710636406,-0.21435334916257373,0.2773829585434021,-0.1304810592952984,1.1300605782637142e-05,-2.9683966271867645e-05,0.9914508016822294,0.039981498276146825,-0.6112479965888101,0.8440620080761646,0.08118636119355123,0.49619337135987673,0.0817840417259589,0.04990362596586984,-0.604937294418832,0.8403516197767041,0.10087021215257387,0.4995748485380417,0.10156318307197336,0.04990362596586984,-0.604937294418832,0.8403516197767041,0.10087021215257387,0.4995748485380417,0.10156318307197336,-0.08835611849017479,-0.057883585950328234,0.0343655821105629,-0.17275374599832996,-0.03216448953789444,-0.17333911478360206,-0.015375352712407194,0.0042797185271252714,-0.0052898282349587294,-0.05158628024290203,0.011864899318442113,-0.05392717574380206,0.0,True,False,1,True,True,0.003522099999827333,4,2.7900910674056843e-09,3.3166389468961893e-10,`gtol` termination condition is satisfied.,True,True,0.009999999999999787,0.01971717530190556,1.0,0.0011669021098755193,0.00011101530560241652,0.0011669045656244469,0.0001110154891238921
4.709999999999944,1786132509.1522622,0.007247900008223951,0.006944000007933937,0.01,TELEOP,0,,0.0,4.709999999999944,471,0.007250000000001401,0.0427499999999986,0.0,0.0,0.0,0.0,1.0,0.009736407164538814,0.04026359267537196,0.0,0.0,0.0,0.0,1.0,-0.013079077850638363,-0.2132940054780541,0.2771065471729585,-0.1305261922200515,0.0,0.0,0.9914448613738105,-0.012880204169118826,-0.21348610272153207,0.27715801947421664,-0.1305261922200515,0.0,0.0,0.9914448613738105,-0.012880201511984803,-0.213486103430678,0.27715802000275,-0.13052619221667822,1.0180960158298612e-12,-1.664199374221772e-10,0.9914448613742546,-0.012050921679912615,-0.21428089747637613,0.27736352553833793,-0.13048084601008786,1.1309187950651461e-05,-2.9765271755642695e-05,0.9914508297493239,-0.012050921679912615,-0.21428089747637613,0.27736352553833793,-0.13048084601008786,1.1309187950651461e-05,-2.9765271755642695e-05,0.9914508297493239,0.03907819448549126,-0.6118218455967654,0.8443995686051098,0.07939413418048612,0.49588734802268786,0.07998305208966466,0.049018518272207295,-0.6055157033398901,0.8406947483684705,0.09913749671722749,0.49925439974147656,0.09982437916574656,0.049018518272207295,-0.6055157033398901,0.8406947483684705,0.09913749671722749,0.49925439974147656,0.09982437916574656,-0.08851076936625646,-0.05784089210581019,0.03431285917663102,-0.17327154353464116,-0.03204487965651007,-0.17388039062268293,-0.015465087608167172,0.00426938445180422,-0.00527229339318767,-0.05177975363112227,0.01196098813843801,-0.05412758390808681,0.0,True,False,1,True,True,0.0037336999957915395,4,2.8004636605812113e-09,3.329156545203402e-10,`gtol` termination condition is satisfied.,True,True,0.009999999999999787,0.019779141346014453,1.0,0.0011668912289138792,0.00011145867680227739,0.0011668936933681264,0.00011145886057070786
4.719999999999944,1786132509.1597548,0.007152599995606579,0.007283999992068857,0.01,TELEOP,0,,0.0,4.719999999999944,472,0.007000000000001408,0.042999999999998595,0.0,0.0,0.0,0.0,1.0,0.009486407195775357,0.04051359265975708,0.0,0.0,0.0,0.0,1.0,-0.0131540778412674,-0.21322156104560727,0.27708713574578825,-0.1305261922200515,0.0,0.0,0.9914448613738105,-0.01295520415029515,-0.21341365829648362,0.2771386080490288,-0.1305261922200515,0.0,0.0,0.9914448613738105,-0.012955201482445382,-0.21341365900766096,0.27713860857611927,-0.1305261922168022,1.0095983109153395e-12,-1.6704993776497512e-10,0.9914448613742383,-0.012125917956019173,-0.21420844970259628,0.2773440945992299,-0.13048063947884314,1.1315677752914462e-05,-2.9840863815677603e-05,0.9914508569277,-0.012125917956019173,-0.21420844970259628,0.2773440945992299,-0.13048063947884314,1.1315677752914462e-05,-2.9840863815677603e-05,0.9914508569277,0.038173231511393006,-0.6123952850836752,0.8447366267949669,0.07759650964958946,0.49558264074792546,0.07817642212159856,0.048131855061622084,-0.6060936863907475,0.8410373515111069,0.09739958404685695,0.4989351566849478,0.09808014255000987,0.048131855061622084,-0.6060936863907475,0.8410373515111069,0.09739958404685695,0.4989351566849478,0.09808014255000987,-0.08866632105852279,-0.05779830508573234,0.034260314263645376,-0.17379126703705858,-0.03192430565287805,-0.17442366157367323,-0.015555169226632906,0.004258702007785449,-0.005254491298564585,-0.05197235024174245,0.012057400363201949,-0.054327095099031275,0.0,True,False,1,True,True,0.004176400005235337,4,2.8108753025267914e-09,3.3417026555667977e-10,`gtol` termination condition is satisfied.,True,True,0.009999999999999787,0.019841327076081897,1.0,0.0011668881358774153,0.00011188405286399274,0.0011668906090807373,0.0001118842368723578
4.729999999999944,1786132509.1673012,0.007499400002416223,0.007331400003749877,0.01,TELEOP,0,,0.0,4.729999999999944,473,0.006750000000001408,0.043249999999998595,0.0,0.0,0.0,0.0,1.0,0.009236407224040368,0.040763592645627664,0.0,0.0,0.0,0.0,1.0,-0.013229077832787896,-0.21314911661272998,0.27706772431850263,-0.1305261922200515,0.0,0.0,0.9914448613738105,-0.013030204133241522,-0.21334121387031774,0.2771191966235415,-0.1305261922200515,0.0,0.0,0.9914448613738105,-0.013030201454646125,-0.2133412145835596,0.2771191971491761,-0.1305261922169278,1.0010019898798259e-12,-1.6768127926986708e-10,0.9914448613742217,-0.012200908109148215,-0.2141360055487792,0.2773246655780228,-0.13048043923843106,1.132019565074639e-05,-2.9911036779339667e-05,0.991450883278304,-0.012200908109148215,-0.2141360055487792,0.2773246655780228,-0.13048043923843106,1.132019565074639e-05,-2.9911036779339667e-05,0.991450883278304,0.037266606557634495,-0.6129683134810415,0.8450731828203641,0.07579348067314802,0.49527926261672395,0.07636414410466193,0.04724362733730795,-0.6066712446532715,0.8413794309981713,0.09565645504781096,0.49861712906321154,0.0963304534408252,0.04724362733730795,-0.6066712446532715,0.8413794309981713,0.09565645504781096,0.49861712906321154,0.0963304534408252,-0.08882277243141505,-0.05775582625240331,0.03420794870643689,-0.17431289990460155,-0.03180276217362701,-0.17496891091846986,-0.01564513728922595,0.00424788333290334,-0.005236555720848924,-0.05216328675429853,0.012154347925104309,-0.054524934479663334,0.0,True,False,1,True,True,0.0033263999939663336,4,2.8213257469731953e-09,3.3542772684939185e-10,`gtol` termination condition is satisfied.,True,True,0.009999999999999787,0.019903720428411306,1.0,0.0011668922000487385,0.00011229256908698007,0.001166894682044705,0.00011229275332815928
4.739999999999943,1786132509.1744092,0.007536300006904639,0.006903100002091378,0.01,TELEOP,0,,0.0,4.739999999999943,474,0.006500000000001414,0.04349999999999859,0.0,0.0,0.0,0.0,1.0,0.008986407249612291,0.04101359263284451,0.0,0.0,0.0,0.0,1.0,-0.01330407782511632,-0.21307667217946258,0.2770483128911125,-0.1305261922200515,0.0,0.0,0.9914448613738105,-0.013105204117793262,-0.21326876944313816,0.2770997851977826,-0.1305261922200515,0.0,0.0,0.9914448613738105,-0.013105201428422694,-0.2132687701584777,0.27709978572194793,-0.13052619221705486,9.923574064257463e-13,-1.6831390870208073e-10,0.991444861374205,-0.012275892703571073,-0.2140635647215281,0.27730523832446824,-0.1304802448104419,1.1322864424284022e-05,-2.9976095510801253e-05,0.9914509088640918,-0.012275892703571073,-0.2140635647215281,0.27730523832446824,-0.1304802448104419,1.1322864424284022e-05,-2.9976095510801253e-05,0.9914509088640918,0.036358316830282275,-0.6135409292166305,0.8454092368593971,0.07398504049514283,0.4949772267724763,0.07454621049467575,0.04635382615594343,-0.6072483792033863,0.8417209886242387,0.09390809086429196,0.4983003266440454,0.09457529229250212,0.04635382615594343,-0.6072483792033863,0.8417209886242387,0.09390809086429196,0.4983003266440454,0.09457529229250212,-0.08898011813645385,-0.057713455011480126,0.03415576260675174,-0.17483641835190428,-0.031680241916613124,-0.17551611483231228,-0.015734570503879674,0.004237124092318299,-0.005218609968514996,-0.052351844730274176,0.0122520257013888,-0.05472039138424145,0.0,True,False,1,True,True,0.0034659000084502622,4,2.8318146112561606e-09,3.366879394468598e-10,`gtol` termination condition is satisfied.,True,True,0.009999999999999787,0.01996630933616328,1.0,0.001166902793917241,0.00011268539846561435,0.0011669052847489575,0.00011268558293265273
4.749999999999943,1786132509.1811748,0.007126399999833666,0.006542200004332699,0.01,TELEOP,0,,0.0,4.749999999999943,475,0.006250000000001421,0.04374999999999858,0.0,0.0,0.0,0.0,1.0,0.008736407272743716,0.04126359262128134,0.0,0.0,0.0,0.0,1.0,-0.013379077818176892,-0.21300422774584163,0.27702890146362763,-0.1305261922200515,0.0,0.0,0.9914448613738105,-0.013180204103800901,-0.21319632501503907,0.2770803737717773,-0.1305261922200515,0.0,0.0,0.9914448613738105,-0.013180201403625986,-0.2131963257325098,0.27708037429446014,-0.13052619221718348,9.836636593606276e-13,-1.6894783747991278e-10,0.9914448613741881,-0.012350872294180495,-0.21399112692860955,0.27728581268730185,-0.13048005570546697,1.1323808138047143e-05,-3.0036352571551644e-05,0.9914509337494656,-0.012350872294180495,-0.21399112692860955,0.27728581268730185,-0.13048005570546697,1.1323808138047143e-05,-3.0036352571551644e-05,0.9914509337494656,0.03544835953776033,-0.614113130714466,0.8457447890936519,0.07217118253382829,0.4946765464207543,0.07272261392298822,0.04546244266595524,-0.6078250910931517,0.8420620261736159,0.09215447294377131,0.4979847592860369,0.09281463986230656,0.04546244266595524,-0.6078250910931517,0.8420620261736159,0.09215447294377131,0.4979847592860369,0.09281463986230656,-0.08913834899882096,-0.05767118897655108,0.034103754937726036,-0.17536179205206756,-0.0315567358008475,-0.17606524301955978,-0.0158230862367114,0.004226603492904375,-0.005200766902570264,-0.05253737001633026,0.012350611576562604,-0.054912818724752364,0.0,True,False,1,True,True,0.003370200007339008,4,2.8423416688116315e-09,3.3795092608547856e-10,`gtol` termination condition is satisfied.,True,True,0.009999999999999787,0.02002908179782638,1.0,0.001166919297273227,0.0001130637411529738,0.0011669217969836102,0.00011306392583849997
4.759999999999943,1786132509.1913955,0.006935099998372607,0.009827700007008389,0.01,TELEOP,0,,0.0,4.759999999999943,476,0.006000000000001428,0.043999999999998575,0.0,0.0,0.0,0.0,1.0,0.008486407293663772,0.04151359261082363,0.0,0.0,0.0,0.0,1.0,-0.013454077811900876,-0.21293178331190038,0.27700949003605696,-0.1305261922200515,0.0,0.0,0.9914448613738105,-0.0132552040911288,-0.21312388058610593,0.27706096234554856,-0.1305261922200515,0.0,0.0,0.9914448613738105,-0.013255201380120776,-0.21312388130574172,0.2770609628667357,-0.13052619221731382,9.748795423019948e-13,-1.6958301500522257e-10,0.9914448613741709,-0.012425847423391072,-0.2139186918808786,0.277266388515341,-0.1304798714271511,1.132315117325217e-05,-3.0092125522615762e-05,0.9914509579997411,-0.012425847423391072,-0.2139186918808786,0.277266388515341,-0.1304798714271511,1.132315117325217e-05,-3.0092125522615762e-05,0.9914509579997411,0.03453673189092085,-0.6146849163948289,0.8460798397082397,0.07035190038431798,0.4943772348292246,0.07089334719908967,0.044569468141972775,-0.6084013813344762,0.8424025454100911,0.09039558309607564,0.49767043695469015,0.09104847726891052,0.044569468141972775,-0.6084013813344762,0.8424025454100911,0.09039558309607564,0.49767043695469015,0.09104847726891052,-0.08929745239824866,-0.05762902413244764,0.034051923647515414,-0.17588898476957118,-0.03143223313467434,-0.17661625933960817,-0.015910339942769074,0.004216484410344476,-0.005183129021062334,-0.05271927175036333,0.012450266617316757,-0.05510163200484174,0.0,True,False,1,True,True,0.005815099997562356,4,2.852906628044596e-09,3.39216590380206e-10,`gtol` termination condition is satisfied.,True,True,0.009999999999999787,0.020092025939318345,1.0,0.0011669411009119183,0.00011342881447304001,0.001166943609543674,0.00011342899936937524
4.769999999999943,1786132509.1985345,0.010052899990114383,0.006913999997777864,0.01,TELEOP,0,,0.0,4.769999999999943,477,0.0057500000000014345,0.04424999999999857,0.0,0.0,0.0,0.0,1.0,0.008236407312580287,0.04176359260136748,0.0,0.0,0.0,0.0,1.0,-0.013529077806225922,-0.21285933887766886,0.27699007860840846,-0.1305261922200515,0.0,0.0,0.9914448613738105,-0.01333020407965386,-0.21305143615641634,0.2770415509191171,-0.1305261922200515,0.0,0.0,0.9914448613738105,-0.013330201357784326,-0.2130514368782511,0.2770415514387949,-0.13052619221744566,9.660311007221877e-13,-1.7021942250933075e-10,0.9914448613741536,-0.012500818618389198,-0.21384625929402412,0.2772469656584957,-0.1304796914760102,1.1321017328545695e-05,-3.0143734377075423e-05,0.9914509816806452,-0.012500818618389198,-0.21384625929402412,0.2772469656584957,-0.1304796914760102,1.1321017328545695e-05,-3.0143734377075423e-05,0.9914509816806452,0.03362343110311492,-0.6152562846742593,0.8464143888918259,0.06852718782118541,0.49407930532755123,0.06905840331324253,0.043674894015552336,-0.6089772508844388,0.8427425480677053,0.08863140354627898,0.4973573697368783,0.08927678604471646,0.043674894015552336,-0.6089772508844388,0.8427425480677053,0.08863140354627898,0.4973573697368783,0.08927678604471646,-0.08945741264204589,-0.057586954996259716,0.03400026576142717,-0.17641795497966956,-0.03130672178118684,-0.17716912241941024,-0.015996024379723306,0.004206913618791849,-0.005165788608824396,-0.05289702100983891,0.012551135348749914,-0.05528630798020892,0.0,True,False,1,True,True,0.0034373999951640144,4,2.8635090698727817e-09,3.404849073508012e-10,`gtol` termination condition is satisfied.,True,True,0.009999999999999787,0.02015513006982085,1.0,0.001166967609952024,0.00011378184350900516,0.0011669701275473475,0.00011378202860846238
4.7799999999999425,1786132509.2057066,0.007135700012440793,0.006950499999220483,0.01,TELEOP,0,,0.0,4.7799999999999425,478,0.005500000000001434,0.04449999999999857,0.0,0.0,0.0,0.0,1.0,0.007986407329681762,0.04201359259281865,0.0,0.0,0.0,0.0,1.0,-0.013604077801095479,-0.21278689444317445,0.2769706671806896,-0.1305261922200515,0.0,0.0,0.9914448613738105,-0.01340520406926438,-0.2129789917260407,0.2770221394925018,-0.1305261922200515,0.0,0.0,0.9914448613738105,-0.01340520133650534,-0.21297899245010876,0.27702214001065695,-0.13052619221757913,9.571126991566856e-13,-1.7085702603038575e-10,0.9914448613741359,-0.012575786388722008,-0.21377382889013885,0.2772275439686974,-0.13047951535300176,1.1317528990738248e-05,-3.0191499209956958e-05,0.9914510048578461,-0.012575786388722008,-0.21377382889013885,0.2772275439686974,-0.13047951535300176,1.1317528990738248e-05,-3.0191499209956958e-05,0.9914510048578461,0.03270845439026031,-0.6158272339655504,0.846748436836658,0.0666970388010703,0.49378277130729803,0.06721777543911701,0.042778711902269076,-0.6095527006321899,0.8430820358425251,0.0868619169815681,0.49704556785367865,0.08749954818222191,0.042778711902269076,-0.6095527006321899,0.8430820358425251,0.0868619169815681,0.49704556785367865,0.08749954818222191,-0.08961821132832819,-0.05754497477512115,0.03394877748196983,-0.176948656471092,-0.03118018831996311,-0.177723786249459,-0.016079868628230666,0.004198022113857265,-0.005148827945733922,-0.05307014914224575,0.012653346122373326,-0.05546638300487651,0.0,True,False,1,True,True,0.0033688999974401668,4,2.8741487883860344e-09,3.4175580428854303e-10,`gtol` termination condition is satisfied.,True,True,0.009999999999999787,0.02021838273147393,1.0,0.0011669982467788134,0.0001141240522985932,0.0011670007733798028,0.00011412423759322879
4.789999999999942,1786132509.2127337,0.007178499989095144,0.0067986999929416925,0.01,TELEOP,0,,0.0,4.789999999999942,479,0.005250000000001441,0.04474999999999856,0.0,0.0,0.0,0.0,1.0,0.007736407345139151,0.04226359258509169,0.0,0.0,0.0,0.0,1.0,-0.013679077796458262,-0.21271445000844189,0.27695125575290686,-0.1305261922200515,0.0,0.0,0.9914448613738105,-0.013480204059858997,-0.21290654729504294,0.27700272806571985,-0.1305261922200515,0.0,0.0,0.9914448613738105,-0.013480201316182858,-0.2129065480213787,0.2770027285823386,-0.1305261922177143,9.481335921710568e-13,-1.7149581229477102e-10,0.9914448613741181,-0.012650751224213854,-0.213701400399115,0.2772081233007431,-0.13047934256284127,1.13128063760101e-05,-3.0235737931024857e-05,0.9914510275965169,-0.012650751224213854,-0.213701400399115,0.2772081233007431,-0.13047934256284127,1.13128063760101e-05,-3.0235737931024857e-05,0.9914510275965169,0.031791798970909335,-0.6163977626777549,0.8470819837386013,0.06486144746529876,0.4934876462218165,0.06537145693644096,0.041880913625291644,-0.6101277313873894,0.8434210103853881,0.08508710659227571,0.4967350416716355,0.08571674617461732,0.041880913625291644,-0.6101277313873894,0.8434210103853881,0.08508710659227571,0.4967350416716355,0.08571674617461732,-0.0897798276977451,-0.05750307551994786,0.03389745428630309,-0.1774810389292436,-0.031052618204314892,-0.17828020076046308,-0.01616163694169159,0.00418992551732833,-0.005132319566674102,-0.05323824581515979,0.01275701156482189,-0.05564145110040798,0.0,True,False,1,True,True,0.0034484000061638653,4,2.8848253559761885e-09,3.430292670175768e-10,`gtol` termination condition is satisfied.,True,True,0.009999999999999787,0.0202817727431049,1.0,0.001167032453622826,0.0001144566556491427,0.0011670349892711177,0.00011445684113079384
4.799999999999942,1786132509.219681,0.007019399999990128,0.006726899999193847,0.01,TELEOP,0,,0.0,4.799999999999942,480,0.005000000000001448,0.044999999999998555,0.0,0.0,0.0,0.0,1.0,0.007486407359107487,0.042513592578109105,0.0,0.0,0.0,0.0,1.0,-0.013754077792267762,-0.21264200557349358,0.27693184432506635,-0.1305261922200515,0.0,0.0,0.9914448613738105,-0.013555204051345741,-0.21283410286348103,0.2769833166387867,-0.1305261922200515,0.0,0.0,0.9914448613738105,-0.013555201296725317,-0.21283410359211927,0.2769833171538555,-0.13052619221785122,9.39144313351241e-13,-1.7213574257457728e-10,0.9914448613741002,-0.012725713593196727,-0.2136289735598729,0.27718870351305536,-0.1304791726170603,1.130696684194835e-05,-3.027676422432476e-05,0.9914510499609335,-0.012725713593196727,-0.2136289735598729,0.27718870351305536,-0.1304791726170603,1.130696684194835e-05,-3.027676422432476e-05,0.9914510499609335,0.030873462066314368,-0.6169678692161816,0.8474150297971649,0.06302040814251045,0.4931939435861289,0.06351944135365692,0.040981491235569434,-0.6107023438701333,0.8437594732955943,0.08330695610730098,0.49642580171250217,0.08392836305083422,0.040981491235569434,-0.6107023438701333,0.8437594732955943,0.08330695610730098,0.49642580171250217,0.08392836305083422,-0.08994223897222278,-0.05746124827439125,0.03384629102062283,-0.17801504849747696,-0.03092399591333492,-0.17883831237831366,-0.016241127447768254,0.004182724555660984,-0.005116326568026126,-0.05340095682333536,0.012862229097997547,-0.05581116178505763,0.0,True,False,1,True,True,0.00342399999499321,4,2.8955384972074482e-09,3.4430521833719396e-10,`gtol` termination condition is satisfied.,True,True,0.009999999999999787,0.020345289238176356,1.0,0.001167069694785692,0.00011478085158877847,0.001167072239522724,0.0001147810372490617
4.809999999999942,1786132509.2268875,0.0069703000044682994,0.006962500003282912,0.01,TELEOP,0,,0.0,4.809999999999942,481,0.0047500000000014544,0.04524999999999855,0.0,0.0,0.0,0.0,1.0,0.0072364073717273575,0.0427635925718006,0.0,0.0,0.0,0.0,1.0,-0.0138290777884818,-0.21256956113835,0.2769124328971735,-0.1305261922200515,0.0,0.0,0.9914448613738105,-0.013630204043641167,-0.21276165843140762,0.2769639052117165,-0.1305261922200515,0.0,0.0,0.9914448613738105,-0.013630201278049724,-0.21276165916238327,0.27696390572522145,-0.1305261922179897,9.300496711992734e-13,-1.7277679327671358e-10,0.9914448613740819,-0.012800673941040907,-0.21355654812142572,0.2771692844683612,-0.1304790050368033,1.1300124269868049e-05,-3.0314885657200994e-05,0.9914510720141064,-0.012800673941040907,-0.21355654812142572,0.2771692844683612,-0.1304790050368033,1.1300124269868049e-05,-3.0314885657200994e-05,0.9914510720141064,0.029953440900492824,-0.6175375519823998,0.8477475752155402,0.06117391535129659,0.4929016769768069,0.06166172243059016,0.04008043702877494,-0.6112765387023171,0.8440974261155052,0.08152144982415745,0.4961178586615209,0.08213438240528136,0.04008043702877494,-0.6112765387023171,0.8440974261155052,0.08152144982415745,0.4961178586615209,0.08213438240528136,-0.09010542067945186,-0.05741948321837702,0.03379528199108893,-0.17855062831435692,-0.030794305098123156,-0.1793980645552903,-0.01631817072290804,0.004176505601423235,-0.005100902953390311,-0.053557981687996546,0.012969081521176819,-0.05597521769766777,0.0,True,False,1,True,True,0.003774100012378767,4,2.9062877978992516e-09,3.4558362168930904e-10,`gtol` termination condition is satisfied.,True,True,0.009999999999999787,0.0204089216971773,1.0,0.0011671094585282875,0.0001150978144581803,0.001167112012395121,0.00011509800028882627
4.819999999999942,1786132509.2339625,0.0071857000002637506,0.00685239999438636,0.01,TELEOP,0,,0.0,4.819999999999942,482,0.004500000000001461,0.04549999999999854,0.0,0.0,0.0,0.0,1.0,0.006986407383126231,0.04301359256610247,0.0,0.0,0.0,0.0,1.0,-0.013904077785062138,-0.21249711670302948,0.2768930214692332,-0.1305261922200515,0.0,0.0,0.9914448613738105,-0.013705204036669562,-0.21268921399887042,0.276944493784522,-0.1305261922200515,0.0,0.0,0.9914448613738105,-0.013705201260080773,-0.21268921473221875,0.2769444942964495,-0.13052619221812975,9.208937291914535e-13,-1.7341893514246345e-10,0.9914448613740635,-0.012875632688970236,-0.21348412384378734,0.2771498660342889,-0.1304788393553605,1.12923885166229e-05,-3.035040195978653e-05,0.9914510938174476,-0.012875632688970236,-0.21348412384378734,0.2771498660342889,-0.1304788393553605,1.12923885166229e-05,-3.035040195978653e-05,0.9914510938174476,0.029031732700291354,-0.6181068093742391,0.8480796202006256,0.05932196380284889,0.49261086003183324,0.05979829410112823,0.039177743559154404,-0.6118503164003739,0.8444348703260146,0.07973057263390568,0.49581122337430417,0.0803347884225235,0.039177743559154404,-0.6118503164003739,0.8444348703260146,0.07973057263390568,0.49581122337430417,0.0803347884225235,-0.09026934696205557,-0.057377769805680316,0.03374442105094287,-0.17908771902518034,-0.030663528721673782,-0.1799593982757891,-0.016392628260372227,0.004171341269670314,-0.005086094014605687,-0.05370907108234226,0.013077637644937802,-0.05613337204988106,0.0,True,False,1,True,True,0.003713199999765493,4,2.9170729911096905e-09,3.4686442484519774e-10,`gtol` termination condition is satisfied.,True,True,0.009999999999999787,0.020472659974691193,1.0,0.0011671512586346015,0.00011540868865033975,0.0011671538216721249,0.00011540887464293087
4.8299999999999415,1786132509.2417567,0.0070724999968660995,0.0075742000044556335,0.01,TELEOP,0,,0.0,4.8299999999999415,483,0.004250000000001461,0.04574999999999854,0.0,0.0,0.0,0.0,1.0,0.006736407393419682,0.04326359256095692,0.0,0.0,0.0,0.0,1.0,-0.013979077781974103,-0.21242467226754888,0.27687361004125005,-0.1305261922200515,0.0,0.0,0.9914448613738105,-0.013780204030362248,-0.2126167695659128,0.27692508235721486,-0.1305261922200515,0.0,0.0,0.9914448613738105,-0.013780201242750239,-0.2126167703016692,0.27692508286755074,-0.1305261922182715,9.116947846504095e-13,-1.7406214583272666e-10,0.9914448613740448,-0.012950590233146698,-0.2134117004987304,0.2771304480838877,-0.13047867512044145,1.1283864934665231e-05,-3.0383603475016978e-05,0.9914511154304712,-0.012950590233146698,-0.2134117004987304,0.2771304480838877,-0.13047867512044145,1.1283864934665231e-05,-3.0383603475016978e-05,0.9914511154304712,0.028108334695448725,-0.6186756397857945,0.8484111649630651,0.05746454840361589,0.4923215064504664,0.05792915049590775,0.038273403650448734,-0.6124236773693247,0.84477180734285,0.07793431004124232,0.4955059068823844,0.07852956589717176,0.038273403650448734,-0.6124236773693247,0.84477180734285,0.07793431004124232,0.4955059068823844,0.07852956589717176,-0.09043399087056878,-0.0573360968950824,0.03369370168353827,-0.17962625926633877,-0.030531649191977192,-0.18052225253517873,-0.01646439085132024,0.0041672910597918954,-0.005071936740460385,-0.05385402411584375,0.013187952969659269,-0.056285425938962706,0.0,True,False,1,True,True,0.004041300009703264,4,2.9278935960803925e-09,3.4814758318970456e-10,`gtol` termination condition is satisfied.,True,True,0.009999999999999787,0.020536494321395274,1.0,0.001167194635669772,0.00011571458298912237,0.0011671972079184093,0.0001157147691349607
4.839999999999941,1786132509.2490218,0.007810600000084378,0.0070284999965224415,0.01,TELEOP,0,,0.0,4.839999999999941,484,0.004000000000001468,0.045999999999998535,0.0,0.0,0.0,0.0,1.0,0.006486407402712487,0.0435135925563116,0.0,0.0,0.0,0.0,1.0,-0.014054077779186262,-0.2123522278319233,0.2768541986132281,-0.1305261922200515,0.0,0.0,0.9914448613738105,-0.013855204024656917,-0.21254432513257407,0.2769056709298056,-0.1305261922200515,0.0,0.0,0.9914448613738105,-0.01385520122599624,-0.21254432587077424,0.2769056714385362,-0.13052619221841505,9.024316900919233e-13,-1.747063854749116e-10,0.9914448613740259,-0.013025546944007465,-0.21333927787039947,0.27711103049607,-0.1304785118961874,1.127465395876807e-05,-3.0414769777890218e-05,0.991451136910529,-0.013025546944007465,-0.21333927787039947,0.27711103049607,-0.1304785118961874,1.127465395876807e-05,-3.0414769777890218e-05,0.991451136910529,0.02718324411865773,-0.6192440416074269,0.8487422097172751,0.05560166425796953,0.4920336299930878,0.05605428594501182,0.03736741040405332,-0.6129966218980719,0.8451082385136603,0.0761326481800282,0.4952019203975045,0.07671870024926489,0.03736741040405332,-0.6129966218980719,0.8451082385136603,0.0761326481800282,0.4952019203975045,0.07671870024926489,-0.0905993246395429,-0.05729445287472982,0.03364311708103865,-0.18016618612141663,-0.030398648487990607,-0.18108656479069157,-0.016533376897413223,0.004164402035257998,-0.005058460249961842,-0.053992685507787505,0.013300070398658721,-0.056431225551284436,0.0,True,False,1,True,True,0.0037918000016361475,4,2.9387493779416013e-09,3.494330253377112e-10,`gtol` termination condition is satisfied.,True,True,0.009999999999999787,0.020600415401264012,1.0,0.0011672391579456301,0.00011601656574791445,0.0011672417394456751,0.00011601675203808793
4.849999999999941,1786132509.2560182,0.007256299999426119,0.006768899998860434,0.01,TELEOP,0,,0.0,4.849999999999941,485,0.0037500000000014744,0.04624999999999853,0.0,0.0,0.0,0.0,1.0,0.006236407411099627,0.04376359255211901,0.0,0.0,0.0,0.0,1.0,-0.01412907777667012,-0.21227978339616654,0.2768347871851709,-0.1305261922200515,0.0,0.0,0.9914448613738105,-0.013930204019497046,-0.21247188069888986,0.27688625950230383,-0.1305261922200515,0.0,0.0,0.9914448613738105,-0.013930201209762742,-0.21247188143956966,0.27688626000941513,-0.13052619221856032,8.931074916656401e-13,-1.7535163153760837e-10,0.9914448613740068,-0.0131005031658381,-0.21326685575578996,0.27709161315598096,-0.13047834926493165,1.1264850757074219e-05,-3.044416846161757e-05,0.9914511583125789,-0.0131005031658381,-0.21326685575578996,0.27709161315598096,-0.13047834926493165,1.1264850757074219e-05,-3.044416846161757e-05,0.9914511583125789,0.026256458205626502,-0.6198120132257677,0.8490727546814839,0.05373330667088017,0.4917472444810491,0.05417369498067613,0.03645975720459068,-0.6135691501558659,0.8454441651158464,0.07432557382454617,0.49489927531472255,0.07490217753542949,0.03645975720459068,-0.6135691501558659,0.8454441651158464,0.07432557382454617,0.49489927531472255,0.07490217753542949,-0.09076531994626628,-0.05725282577940221,0.033592660218607344,-0.18070743554820692,-0.030264508278196513,-0.18165227138354278,-0.016599530672338377,0.004162709532761049,-0.005045686243130253,-0.054124942679029814,0.013414020979409606,-0.056570659285122796,0.0,True,False,1,True,True,0.0035060000082012266,4,2.9496398575927315e-09,3.507207112622818e-10,`gtol` termination condition is satisfied.,True,True,0.009999999999999787,0.020664414304253066,1.0,0.001167284422215428,0.00011631566029020877,0.0011672870130067616,0.00011631584671581092
4.859999999999941,1786132509.2632456,0.00715390000550542,0.006841499998699874,0.01,TELEOP,0,,0.0,4.859999999999941,486,0.003500000000001481,0.04649999999999852,0.0,0.0,0.0,0.0,1.0,0.005986407418667193,0.04401359254833611,0.0,0.0,0.0,0.0,1.0,-0.014204077774399849,-0.21220733896029106,0.2768153757570819,-0.1305261922200515,0.0,0.0,0.9914448613738105,-0.014005204014831373,-0.21239943626489258,0.2768668480747181,-0.1305261922200515,0.0,0.0,0.9914448613738105,-0.014005201193998947,-0.21239943700808822,0.2768668485801958,-0.13052619221870718,8.837370678506129e-13,-1.7599784808497147e-10,0.9914448613739875,-0.013175459216564524,-0.21319443396509818,0.27707219595529764,-0.13047818682871004,1.1254544944596553e-05,-3.0472054087487878e-05,0.9914511796889857,-0.013175459216564524,-0.21319443396509818,0.27707219595529764,-0.13047818682871004,1.1254544944596553e-05,-3.0472054087487878e-05,0.9914511796889857,0.02532797419513909,-0.6203795530237233,0.8494028000777605,0.051859471150600904,0.49146236379650576,0.05228737234000464,0.035550437723073175,-0.6141412621898705,0.8457795883550858,0.07251307439678525,0.494597983214407,0.07307998445611216,0.035550437723073175,-0.6141412621898705,0.8457795883550858,0.07251307439678525,0.494597983214407,0.07307998445611216,-0.09093194815175214,-0.0572112034004641,0.0335423239239415,-0.1812499427760961,-0.03012921003155291,-0.18221930793173702,-0.01666282054858595,0.004162237893810759,-0.0050336294665844755,-0.05425072278891936,0.013529824664360528,-0.05670365481942492,0.0,True,False,1,True,True,0.0036213000130373985,4,2.9605646422840623e-09,3.5201057957926095e-10,`gtol` termination condition is satisfied.,True,True,0.009999999999999787,0.02072848255475336,1.0,0.0011673300541119951,0.00011661284132521827,0.0011673326542342589,0.00011661302787739285
4.869999999999941,1786132509.2698717,0.007053799999994226,0.006414300005417317,0.01,TELEOP,0,,0.0,4.869999999999941,487,0.003250000000001488,0.046749999999998515,0.0,0.0,0.0,0.0,1.0,0.005736407425493215,0.0442635925449239,0.0,0.0,0.0,0.0,1.0,-0.014279077772352043,-0.21213489452430817,0.2767959643289642,-0.1305261922200515,0.0,0.0,0.9914448613738105,-0.0140802040106134,-0.21232699183061157,0.2768474366470564,-0.1305261922200515,0.0,0.0,0.9914448613738105,-0.014080201178658804,-0.2123269925763595,0.2768474371508866,-0.13052619221885572,8.743161856577411e-13,-1.7664501095483056e-10,0.9914448613739679,-0.013250415387747076,-0.21312201232195135,0.2770527787924615,-0.1304780242105306,1.124382035619805e-05,-3.049866729403319e-05,0.9914512010893547,-0.013250415387747076,-0.21312201232195135,0.2770527787924615,-0.1304780242105306,1.124382035619805e-05,-3.049866729403319e-05,0.9914512010893547,0.02439778932911554,-0.6209466593804757,0.8497323461320455,0.04998015341136094,0.4911790018822421,0.05039531296769446,0.03463944591783521,-0.614712957923754,0.8461145093645064,0.07069513797005007,0.49429805586319997,0.07125210835917949,0.03463944591783521,-0.614712957923754,0.8461145093645064,0.07069513797005007,0.49429805586319997,0.07125210835917949,-0.09109918052379892,-0.05716957338834566,0.03349210094205727,-0.18179364267352163,-0.029992735120704682,-0.1827876096932712,-0.016723237204679133,0.004163001211844308,-0.005022298188422751,-0.054369989742554525,0.013647491084823235,-0.05683017615342109,0.0,True,False,1,True,True,0.0033282999938819557,4,2.971523462552402e-09,3.5330258383520593e-10,`gtol` termination condition is satisfied.,True,True,0.009999999999999787,0.02079261211610752,1.0,0.0011673757083495398,0.0001169090317568045,0.0011673783178422056,0.00011690921842648117
4.87999999999994,1786132509.2790525,0.006621599997743033,0.008973899995908141,0.01,TELEOP,0,,0.0,4.87999999999994,488,0.0030000000000014876,0.046999999999998515,0.0,0.0,0.0,0.0,1.0,0.005486407431648406,0.04451359254184704,0.0,0.0,0.0,0.0,1.0,-0.014354077770505486,-0.2120624500882281,0.2767765529008204,-0.1305261922200515,0.0,0.0,0.9914448613738105,-0.014155204006800958,-0.21225454739607347,0.2768280252193258,-0.1305261922200515,0.0,0.0,0.9914448613738105,-0.014155201163700677,-0.21225454814441025,0.2768280257214942,-0.13052619221900608,8.648425452169949e-13,-1.7729308776392008e-10,0.991444861373948,-0.013325371944759381,-0.2130495906635262,0.27703336157284597,-0.13047786105541087,1.123275487633154e-05,-3.052423406063361e-05,0.9914512225603948,-0.013325371944759381,-0.2130495906635262,0.27703336157284597,-0.13047786105541087,1.123275487633154e-05,-3.052423406063361e-05,0.9914512225603948,0.023465900852670012,-0.6215133306714921,0.8500613930741923,0.04809534937606364,0.4908971727414947,0.048497512018765704,0.033726776033414535,-0.6152842371572287,0.8464489292044591,0.0688717532691957,0.49399950521402614,0.06941853724018278,0.033726776033414535,-0.6152842371572287,0.8464489292044591,0.0688717532691957,0.49399950521402614,0.06941853724018278,-0.09126698844206928,-0.057127923347468273,0.033441983995278805,-0.18233847008544096,-0.029855064917385737,-0.18335711189967482,-0.016780791827036498,0.004165004087739016,-0.005011694677846806,-0.05448274119193321,0.01376702033189468,-0.056950220640363675,0.0,True,False,1,True,True,0.0042166999919572845,4,2.9825157521623168e-09,3.54596665637656e-10,`gtol` termination condition is satisfied.,True,True,0.009999999999999787,0.02085679539148503,1.0,0.001167421068707135,0.00011720510010558859,0.001167423687609187,0.00011720528688352716
4.88999999999994,1786132509.2895162,0.009334500005934387,0.010102800006279722,0.01,TELEOP,0,,0.0,4.88999999999994,489,0.0027500000000014943,0.04724999999999851,0.0,0.0,0.0,0.0,1.0,0.005236407437196844,0.044763592539073485,0.0,0.0,0.0,0.0,1.0,-0.014429077768840955,-0.2119900056520601,0.27675714147265307,-0.1305261922200515,0.0,0.0,0.9914448613738105,-0.014230204003355803,-0.2121821029613024,0.27680861379153276,-0.1305261922200515,0.0,0.0,0.9914448613738105,-0.014230201149086772,-0.21218210371226473,0.276808614292025,-0.1305261922191582,8.553231355845618e-13,-1.7794203631258426e-10,0.9914448613739281,-0.013400329127135104,-0.21297716884056417,0.2770139442088665,-0.1304776970311905,1.1221420322715672e-05,-3.0548965119893e-05,0.9914512441458114,-0.013400329127135104,-0.21297716884056417,0.2770139442088665,-0.1304776970311905,1.1221420322715672e-05,-3.0548965119893e-05,0.9914512441458114,0.022532306014170524,-0.6220795652685263,0.8503899411379918,0.04620505517899814,0.49061689043775697,0.046593964861305105,0.032812422597561945,-0.6158550995664644,0.8467828488628432,0.06704290966778616,0.493702343405226,0.06757925973958248,0.032812422597561945,-0.6158550995664644,0.8467828488628432,0.06704290966778616,0.493702343405226,0.06757925973958248,-0.09143534358526073,-0.05708624092358034,0.03339196583840327,-0.18288436014095807,-0.029716180880012738,-0.18392775006003362,-0.01683551431914572,0.004168242388793118,-0.005001815687553229,-0.054589005551711665,0.01388840373730017,-0.05706381603588172,0.0,True,False,1,True,True,0.0056751999945845455,4,2.9935411488293723e-09,3.5589274487942325e-10,`gtol` termination condition is satisfied.,True,True,0.009999999999999787,0.020921025221417075,1.0,0.0011674658478114366,0.00011750185848457343,0.001167468476161578,0.0001175020453614091
4.89999999999994,1786132509.2990239,0.010331499986932613,0.00927860000228975,0.01,TELEOP,0,,0.0,4.89999999999994,490,0.002500000000001501,0.0474999999999985,0.0,0.0,0.0,0.0,1.0,0.004986407442196588,0.04501359253657422,0.0,0.0,0.0,0.0,1.0,-0.014504077767341032,-0.21191756121581268,0.27673773004446445,-0.1305261922200515,0.0,0.0,0.9914448613738105,-0.01430520400024326,-0.2121096585263203,0.27678920236368315,-0.1305261922200515,0.0,0.0,0.9914448613738105,-0.014305201134782945,-0.21210965927994532,0.27678920286248493,-0.13052619221931197,8.457464783101687e-13,-1.7859183679695975e-10,0.9914448613739079,-0.013475287149066161,-0.21290474671729137,0.2769945266200323,-0.13047753182913274,1.1209882380455575e-05,-3.0573055512251134e-05,0.9914512658862283,-0.013475287149066161,-0.21290474671729137,0.2769945266200323,-0.13047753182913274,1.1209882380455575e-05,-3.0573055512251134e-05,0.9914512658862283,0.021597002065295707,-0.6226453615396226,0.8507179905612131,0.04430926716855233,0.49033816909458827,0.0446846670792113,0.03189638041655634,-0.6164255447052998,0.8471162692559339,0.06520859718247163,0.49340658275889093,0.06573426513722408,0.03189638041655634,-0.6164255447052998,0.8471162692559339,0.06520859718247163,0.49340658275889093,0.06573426513722408,-0.09160421810056278,-0.057044513883530684,0.03334203930907102,-0.18343124853145726,-0.029576064633510108,-0.18449946023584413,-0.01688745153020493,0.004172704004966043,-0.004992652933225271,-0.05468883904992071,0.014011624650263402,-0.05717101758105174,0.0,True,False,1,True,True,0.005480300009367056,4,3.004599259047006e-09,3.5719079423789597e-10,`gtol` termination condition is satisfied.,True,True,0.009999999999999787,0.020985294878277376,1.0,0.001167509786737227,0.00011780006109800791,0.0011675124245740184,0.00011780024806454992
4.90999999999994,1786132509.3058345,0.009527000001980923,0.006562599999597296,0.01,TELEOP,0,,0.0,4.90999999999994,491,0.0022500000000015077,0.047749999999998495,0.0,0.0,0.0,0.0,1.0,0.004736407446700238,0.045263592534322945,0.0,0.0,0.0,0.0,1.0,-0.014579077765989936,-0.21184511677949336,0.27671831861625656,-0.1305261922200515,0.0,0.0,0.9914448613738105,-0.014380203997431885,-0.21203721409114704,0.27676979093578236,-0.1305261922200515,0.0,0.0,0.9914448613738105,-0.01438020112075827,-0.21203721484747215,0.2767697914328795,-0.1305261922194676,8.36136087476763e-13,-1.792424473904758e-10,0.9914448613738873,-0.01355024620003598,-0.21283232417125197,0.2769751087329482,-0.13047736516432118,1.119820058347176e-05,-3.0596684276156574e-05,0.9914512878191342,-0.01355024620003598,-0.21283232417125197,0.2769751087329482,-0.13047736516432118,1.119820058347176e-05,-3.0596684276156574e-05,0.9914512878191342,0.02065998626109276,-0.6232107178491232,0.8510455415856306,0.04240798190993777,0.49006102289540077,0.04276961447495227,0.03097864456899937,-0.6169955720071754,0.8474491912296677,0.06336880646487404,0.4931122357784762,0.06388354334435199,0.03097864456899937,-0.6169955720071754,0.8474491912296677,0.06336880646487404,0.4931122357784762,0.06388354334435199,-0.09177358475569893,-0.05700273018755829,0.03329219737338229,-0.1839790717597621,-0.029434698041474663,-0.18507217928721253,-0.016936665513614276,0.004178369597239671,-0.004984193568872859,-0.05478232283048547,0.014136659203544915,-0.05727190513684135,0.0,True,False,1,True,True,0.003303699995740317,4,3.015689693959142e-09,3.5849073098227896e-10,`gtol` termination condition is satisfied.,True,True,0.009999999999999787,0.021049598058012778,1.0,0.001167552654444444,0.00011810040324491126,0.00116755530180621,0.00011810059029153664
4.9199999999999395,1786132509.314366,0.0068651000037789345,0.008228800012147985,0.01,TELEOP,0,,0.0,4.9199999999999395,492,0.0020000000000015145,0.04799999999999849,0.0,0.0,0.0,0.0,1.0,0.004486407450755441,0.045513592532295845,0.0,0.0,0.0,0.0,1.0,-0.014654077764773375,-0.2117726723431091,0.27669890718803125,-0.1305261922200515,0.0,0.0,0.9914448613738105,-0.01445520399489317,-0.21196476965580063,0.27675037950783515,-0.1305261922200515,0.0,0.0,0.9914448613738105,-0.01445520110698472,-0.21196477041486314,0.276750380003213,-0.13052619221962503,8.264717842818557e-13,-1.798938428516829e-10,0.9914448613738666,-0.013625206445571844,-0.21275990109306334,0.27695569048126634,-0.1304771967758684,1.1186428339922616e-05,-3.062001426636869e-05,0.9914513099788561,-0.013625206445571844,-0.21275990109306334,0.27695569048126634,-0.1304771967758684,1.1186428339922616e-05,-3.062001426636869e-05,0.9914513099788561,0.019721255860034287,-0.6237756325576743,0.8513725944570649,0.04050119618791917,0.48978546608324935,0.04084880307232746,0.030059210398259893,-0.6175651807877175,0.8477816155613361,0.061523528791264076,0.49281931514576804,0.0620270848934413,0.030059210398259893,-0.6175651807877175,0.8477816155613361,0.061523528791264076,0.49281931514576804,0.0620270848934413,-0.09194341707394976,-0.05696087805421938,0.03324243316684853,-0.18452776736100057,-0.029292063270814853,-0.18564584509107296,-0.01698323182508429,0.004185213333891535,-0.004976420653376076,-0.05486956012384868,0.014263477065981373,-0.05736658038604375,0.0,True,False,1,True,True,0.004039699997520074,4,3.0268119057793108e-09,3.5979251116044917e-10,`gtol` termination condition is satisfied.,True,True,0.009999999999999787,0.021113928869399723,1.0,0.0011675942470685038,0.00011840352078814954,0.0011675969039930336,0.000118403707905362
4.929999999999939,1786132509.3212924,0.008445600004051812,0.0067094000114593655,0.01,TELEOP,0,,0.0,4.929999999999939,493,0.0017500000000015142,0.04824999999999849,0.0,0.0,0.0,0.0,1.0,0.004236407454405354,0.04576359253047134,0.0,0.0,0.0,0.0,1.0,-0.014729077763678402,-0.21170022790666612,0.27667949575979023,-0.1305261922200515,0.0,0.0,0.9914448613738105,-0.014530203992601269,-0.2118923252202974,0.27673096807984593,-0.1305261922200515,0.0,0.0,0.9914448613738105,-0.01453020109343705,-0.21189232598213517,0.27673096857349017,-0.1305261922197841,8.167669907587593e-13,-1.805459878725848e-10,0.9914448613738457,-0.01370016802810125,-0.2126874773861006,0.2769362718055954,-0.13047702642694406,1.1174612997959633e-05,-3.064319209275695e-05,0.9914513323965556,-0.01370016802810125,-0.2126874773861006,0.2769362718055954,-0.13047702642694406,1.1174612997959633e-05,-3.064319209275695e-05,0.9914513323965556,0.018780808124073126,-0.6243401040222282,0.8516991494254109,0.03858890700954788,0.489511512960606,0.03892222911923432,0.02913807350373352,-0.6181343702478986,0.8481135429616439,0.059672756050304136,0.4925278337172775,0.060164880926118956,0.02913807350373352,-0.6181343702478986,0.8481135429616439,0.059672756050304136,0.4925278337172775,0.060164880926118956,-0.0921136894526392,-0.05691894601811129,0.0331927400307742,-0.18507727409599786,-0.029148142849053912,-0.1862203967322384,-0.01702723786894412,0.004193203610808906,-0.004969313607433232,-0.054950673499730894,0.014392042176094381,-0.05745516411654374,0.0,True,False,1,True,True,0.0034008999937213957,4,3.037965532322708e-09,3.610960736624967e-10,`gtol` termination condition is satisfied.,True,True,0.009999999999999787,0.021178281821113844,1.0,0.0011676343870800482,0.00011870999006978613,0.0011676370536051002,0.00011871017724812913
4.939999999999939,1786132509.3292937,0.006924000001163222,0.007787200011080131,0.01,TELEOP,0,,0.0,4.939999999999939,494,0.001500000000001521,0.04849999999999848,0.0,0.0,0.0,0.0,1.0,0.003986407457689062,0.046013592528829896,0.0,0.0,0.0,0.0,1.0,-0.01480407776269329,-0.21162778347017008,0.276660084331535,-0.1305261922200515,0.0,0.0,0.9914448613738105,-0.014605203990532754,-0.21181988078465222,0.2767115566518187,-0.1305261922200515,0.0,0.0,0.9914448613738105,-0.01460520108009232,-0.21181988154930304,0.27671155714371454,-0.13052619221994505,8.070151149525881e-13,-1.8119883742468515e-10,0.9914448613738245,-0.013775131067897281,-0.21261505296611918,0.2769168526533685,-0.13047685390463956,1.1162795948564404e-05,-3.066634817160843e-05,0.9914513551002462,-0.013775131067897281,-0.21261505296611918,0.2769168526533685,-0.13047685390463956,1.1162795948564404e-05,-3.066634817160843e-05,0.9914513551002462,0.01783864031870017,-0.6249041305960522,0.8520252067446757,0.03667111160690802,0.4892391778891294,0.03698988909044766,0.028215229731077172,-0.6187031394777046,0.8484449740770859,0.057816480729122835,0.4922378045201324,0.05829692317943687,0.028215229731077172,-0.6187031394777046,0.8484449740770859,0.057816480729122835,0.4922378045201324,0.05829692317943687,-0.09228437726563687,-0.05687692298059755,0.03314311154420404,-0.1856275321181342,-0.029002919714513367,-0.18679577466821246,-0.01706878129976719,0.004202303751373558,-0.004962848657016154,-0.05502580221363694,0.014522313454054872,-0.05753779359740895,0.0,True,False,1,True,True,0.003548200009390712,4,3.0491500326956574e-09,3.624013319715702e-10,`gtol` termination condition is satisfied.,True,True,0.009999999999999787,0.021242651806884637,1.0,0.0011676729223335446,0.0001190203282341595,0.0011676755984963783,0.00011902051546392242
4.949999999999939,1786132509.336057,0.008055500002228655,0.0064944000041577965,0.01,TELEOP,0,,0.0,4.949999999999939,495,0.0012500000000015277,0.048749999999998475,0.0,0.0,0.0,0.0,1.0,0.003736407460641958,0.04626359252735382,0.0,0.0,0.0,0.0,1.0,-0.01487907776180742,-0.21155533903362614,0.27664067290326694,-0.1305261922200515,0.0,0.0,0.9914448613738105,-0.014680203988666388,-0.21174743634887846,0.27669214522375696,-0.1305261922200515,0.0,0.0,0.9914448613738105,-0.014680201066929847,-0.21174743711638064,0.27669214571388995,-0.13052619222010756,7.972386806265748e-13,-1.8185236831804153e-10,0.991444861373803,-0.01385009566409887,-0.2125426277608221,0.27689743297867536,-0.13047667901967677,1.1151012761819181e-05,-3.068959688120457e-05,0.9914513781148322,-0.01385009566409887,-0.2125426277608221,0.27689743297867536,-0.13047667901967677,1.1151012761819181e-05,-3.068959688120457e-05,0.9914513781148322,0.016894749712997842,-0.6254677106287339,0.8523507666730086,0.03474780743986084,0.4889684752894196,0.035051779690397494,0.027290675161572193,-0.6192714874602422,0.8487759094926016,0.05595469589797566,0.49194924074753604,0.056423203970748854,0.027290675161572193,-0.6192714874602422,0.8487759094926016,0.05595469589797566,0.49194924074753604,0.056423203970748854,-0.0924554569505,-0.05683479825376251,0.033093541551577815,-0.18617848311472163,-0.028856377259632235,-0.1873719208688054,-0.017107968486312908,0.004212472683504456,-0.00495699926262259,-0.055095099658742284,0.014654245488113487,-0.05761462005929724,0.0,True,False,1,True,True,0.003373500003363006,4,3.0603650670252327e-09,3.637082493841222e-10,`gtol` termination condition is satisfied.,True,True,0.009999999999999787,0.021307034088989207,1.0,0.0011677097250170966,0.0001193349939328864,0.001167712410854942,0.0001193351812047425
4.959999999999939,1786132509.3431878,0.006730499997502193,0.006895099999383092,0.01,TELEOP,0,,0.0,4.959999999999939,496,0.0010000000000015344,0.04899999999999847,0.0,0.0,0.0,0.0,1.0,0.003486407463296087,0.046513592526027096,0.0,0.0,0.0,0.0,1.0,-0.01495407776101118,-0.21148289459703892,0.2766212614749873,-0.1305261922200515,0.0,0.0,0.9914448613738105,-0.014755203986982927,-0.21167499191298833,0.2766727337956641,-0.1305261922200515,0.0,0.0,0.9914448613738105,-0.01475520105393097,-0.21167499268338008,0.2766727342840195,-0.130526192220272,7.874140295363924e-13,-1.8250653851074042e-10,0.9914448613737814,-0.013925061895792634,-0.21247020170938108,0.2768780127420626,-0.1304765016059786,1.1139293353220595e-05,-3.071303681350416e-05,0.9914514014621648,-0.013925061895792634,-0.21247020170938108,0.2768780127420626,-0.1304765016059786,1.1139293353220595e-05,-3.071303681350416e-05,0.9914514014621648,0.015949133579695497,-0.6260308424661867,0.8526758294727387,0.032818992198798226,0.4886994196407736,0.033107897855956074,0.02636440610076293,-0.6198394130762207,0.8491063497344643,0.05408739519373535,0.49166215575385913,0.05454371618143212,0.02636440610076293,-0.6198394130762207,0.8491063497344643,0.05408739519373535,0.49166215575385913,0.05454371618143212,-0.09262690608092826,-0.05679256159785486,0.03304402418626373,-0.1867300704240347,-0.028708499367692344,-0.18794877893167772,-0.01714491304282614,0.0042236655907646956,-0.004951736531408404,-0.05515873093130813,0.014787789193989575,-0.05768580628723134,0.0,True,False,1,True,True,0.0037343000003602356,4,3.0716100408291527e-09,3.6501674566533727e-10,`gtol` termination condition is satisfied.,True,True,0.009999999999999787,0.02137142428035136,1.0,0.0011677446905229867,0.00011965438837810324,0.0011677473860725466,0.00011965457568195885
4.9699999999999385,1786132509.3502543,0.007114799998817034,0.006846900010714307,0.01,TELEOP,0,,0.0,4.9699999999999385,497,0.0007500000000015411,0.04924999999999846,0.0,0.0,0.0,0.0,1.0,0.0032364074656804575,0.04676359252483522,0.0,0.0,0.0,0.0,1.0,-0.01502907776029587,-0.21141045016041263,0.27660185004669713,-0.1305261922200515,0.0,0.0,0.9914448613738105,-0.014830203985464927,-0.21160254747699286,0.276653322367543,-0.1305261922200515,0.0,0.0,0.9914448613738105,-0.014830201041078822,-0.21160254825031283,0.27665332285410627,-0.13052619222043843,7.775486502962683e-13,-1.8316131834330546e-10,0.9914448613737595,-0.014000029823143367,-0.21239777476191674,0.2768585919103047,-0.13047632152011257,1.112766217662953e-05,-3.0736751113361793e-05,0.9914514251611157,-0.014000029823143367,-0.21239777476191674,0.2768585919103047,-0.13047632152011257,1.112766217662953e-05,-3.0736751113361793e-05,0.9914514251611157,0.015001789195223466,-0.6265935244506551,0.8530003954104067,0.030884663807399706,0.48843202548092507,0.031158240759229024,0.025436419066510417,-0.6204069151087457,0.8494362952733657,0.0522145728024433,0.49137656304942656,0.05265845323968204,0.025436419066510417,-0.6204069151087457,0.8494362952733657,0.0522145728024433,0.49137656304942656,0.05265845323968204,-0.0927987034252533,-0.05675020325250194,0.03299455389014622,-0.18728223912920933,-0.028559270443255527,-0.18852629417501227,-0.017179734432505013,0.004235834535291916,-0.00494702961175153,-0.05521687051746396,0.014922892443681886,-0.05775152433345615,0.0,True,False,1,True,True,0.003417300002183765,4,3.082884547734479e-09,3.663267686524791e-10,`gtol` termination condition is satisfied.,True,True,0.009999999999999787,0.021435818325476044,1.0,0.001167777736248965,0.00011997885670753607,0.0011677804415468293,0.00011997904403334335
4.979999999999938,1786132509.3594756,0.0070577000005869195,0.009011200003442355,0.01,TELEOP,0,,0.0,4.979999999999938,498,0.0005000000000015409,0.04949999999999846,0.0,0.0,0.0,0.0,1.0,0.0029864074678213276,0.04701359252376506,0.0,0.0,0.0,0.0,1.0,-0.01510407775965361,-0.21133800572375105,0.27658243861839754,-0.1305261922200515,0.0,0.0,0.9914448613738105,-0.01490520398409658,-0.21153010304090208,0.2766339109393963,-0.1305261922200515,0.0,0.0,0.9914448613738105,-0.014905201028358118,-0.21153010381718898,0.2766339114241527,-0.13052619222060632,7.676570309328489e-13,-1.8381666535184823e-10,0.9914448613737374,-0.014074999488561123,-0.21232534687894622,0.2768391704561507,-0.1304761386406178,1.1116138440564454e-05,-3.076080789692149e-05,0.9914514492276657,-0.014074999488561123,-0.21232534687894622,0.2768391704561507,-0.1304761386406178,1.1116138440564454e-05,-3.076080789692149e-05,0.9914514492276657,0.014052713839767517,-0.6271557549207244,0.8533244647568,0.02894482042539528,0.48816630740577294,0.02920280581035229,0.024506710776593235,-0.6209739922483657,0.8497657465276603,0.05033622344114053,0.49109247629506025,0.05076740910259634,0.024506710776593235,-0.6209739922483657,0.8497657465276603,0.05033622344114053,0.49109247629506025,0.05076740910259634,-0.09297082899172031,-0.05670771396200089,0.0329451254294634,-0.18783493613028077,-0.02840867543663259,-0.18910441370857356,-0.017212556646701665,0.004248929050105522,-0.004942846068281664,-0.05526970010714579,0.015059500662294284,-0.05781195335613036,0.0,True,False,1,True,True,0.0042021999979624525,4,3.0941880963206906e-09,3.676382402964583e-10,`gtol` termination condition is satisfied.,True,True,0.009999999999999787,0.021500212480453015,1.0,0.0011678088003483592,0.0001203086896397531,0.0011678115154307605,0.00012030887697815085
4.989999999999938,1786132509.371121,0.009379199997056276,0.01127660000929609,0.01,TELEOP,0,,0.0,4.989999999999938,499,0.0002500000000015476,0.049749999999998455,0.0,0.0,0.0,0.0,1.0,0.002736407469742461,0.047263592522804744,0.0,0.0,0.0,0.0,1.0,-0.015179077759077269,-0.21126556128705765,0.2765630271900894,-0.1305261922200515,0.0,0.0,0.9914448613738105,-0.01498020398286357,-0.21145765860472507,0.2766144995112266,-0.1305261922200515,0.0,0.0,0.9914448613738105,-0.014980201015755194,-0.21145765938401784,0.27661449999416104,-0.1305261922207763,7.577293122160196e-13,-1.8447254043724837e-10,0.991444861373715,-0.014149970917893957,-0.2122529180308041,0.27681974835804973,-0.1304759528672328,1.1104736344391884e-05,-3.078526074095423e-05,0.9914514736750055,-0.014149970917893957,-0.2122529180308041,0.27681974835804973,-0.1304759528672328,1.1104736344391884e-05,-3.078526074095423e-05,0.9914514736750055,0.013101904797320827,-0.6277175322113252,0.8536480377869878,0.026999460451327315,0.48790228006911107,0.027241590660288365,0.02357527813597976,-0.6215406430983157,0.8500947038667314,0.04845234233918374,0.49080990929643314,0.04887057823775176,0.02357527813597976,-0.6215406430983157,0.8500947038667314,0.04845234233918374,0.49080990929643314,0.04887057823775176,-0.09314326406134946,-0.056665084995000475,0.03289573390709665,-0.1883881101956832,-0.028256699862711253,-0.18968308648446183,-0.01724350696291471,0.004262896700041377,-0.004939152236675104,-0.055317406540244855,0.015197557392133907,-0.057867277588829806,0.0,True,False,1,True,True,0.005840700003318489,4,3.105520090329482e-09,3.689510906754606e-10,`gtol` termination condition is satisfied.,True,True,0.009999999999999787,0.02156460329224405,1.0,0.0011678378404393187,0.00012064412538088792,0.0011678405653421252,0.00012064431272137831
4.999999999999938,1786132509.3791046,0.01161119999596849,0.007648899991181679,0.01,TELEOP,0,,0.0,4.999999999999938,500,1.5543122344752192e-15,0.04999999999999845,0.0,0.0,0.0,0.0,1.0,0.00248640747146536,0.04751359252194352,0.0,0.0,0.0,0.0,1.0,-0.0152540777585604,-0.21119311685033554,0.27654361576177355,-0.1305261922200515,0.0,0.0,0.9914448613738105,-0.015055203981752915,-0.21138521416847,0.2765950880830359,-0.1305261922200515,0.0,0.0,0.9914448613738105,-0.015055201003257628,-0.21138521495080792,0.27659508856413395,-0.13052619222094794,7.477746851598101e-13,-1.8512891262122185e-10,0.9914448613736925,-0.014224944121635247,-0.21218048819704283,0.27680032559985907,-0.13047576412003306,1.1093465331485133e-05,-3.0810149234720574e-05,0.9914514985136506,-0.014224944121635247,-0.21218048819704283,0.27680032559985907,-0.13047576412003306,1.1093465331485133e-05,-3.0810149234720574e-05,0.9914514985136506,0.01214935935573861,-0.6282788546537372,0.8539711147803478,0.02504858252532275,0.4876399581823349,0.025274593203633264,0.02264211822388796,-0.6221068661799047,0.8504231676144465,0.0465629252192382,0.49052887599828815,0.046967955604462854,0.02264211822388796,-0.6221068661799047,0.8504231676144465,0.0465629252192382,0.49052887599828815,0.046967955604462854,-0.09331599120918224,-0.05662230815890428,0.032846374771516695,-0.18894171199455748,-0.028103329814497983,-0.1902622633288945,-0.017272714783278867,0.0042776836096194756,-0.00493591355799587,-0.05536017988743101,0.015337004821327441,-0.05791768444326935,0.0,True,False,1,True,True,0.0034198999928776175,4,3.1168801911225353e-09,3.70265261860052e-10,`gtol` termination condition is satisfied.,True,True,0.009999999999999787,0.021628987577463395,1.0,0.0011678648322864928,0.0001209853517495815,0.0011678675670455086,0.00012098553908245268
5.009999999999938,1786132509.3865776,0.0079087000049185,0.0072136999951908365,0.01,TELEOP,0,,0.0,5.009999999999938,501,0.0,0.049750000000001564,0.0002499999999984404,0.0,0.0,0.0,1.0,0.002259249544840906,0.04771790876081879,2.283711497124428e-05,0.0,0.0,0.0,1.0,-0.015322225136547737,-0.21113213734669065,0.2765343691693648,-0.1305261922200515,0.0,0.0,0.9914448613738105,-0.015129503652769717,-0.21131479456214844,0.2765781928100238,-0.1305261922200515,0.0,0.0,0.9914448613738105,-0.015129500689533473,-0.21131479532449474,0.27657819324818145,-0.1305261922224287,7.184312512110664e-13,-1.8413561186897324e-10,0.9914448613734975,-0.014299914002927308,-0.21210807147645067,0.27678091948302996,-0.13047557170389076,1.1082211188515292e-05,-3.083516933315417e-05,0.9914515238350889,-0.014299914002927308,-0.21210807147645067,0.27678091948302996,-0.13047557170389076,1.1082211188515292e-05,-3.083516933315417e-05,0.9914515238350889,0.011203798965649377,-0.6288211886352238,0.8542681122386949,0.02311048226363518,0.4873725029787475,0.023320312191103795,0.02170728886517715,-0.6226725312439677,0.8507509603875204,0.04466809533876311,0.4902493428845751,0.04505966511135526,0.02170728886517715,-0.6226725312439677,0.8507509603875204,0.04466809533876311,0.4902493428845751,0.04505966511135526,-0.09348293587108274,-0.05656650640630053,0.032779277307396174,-0.1894829880475131,-0.027953311371304152,-0.19082904931076375,-0.016694466190049613,0.005580175260375189,-0.006709746412052476,-0.05412760529556425,0.015001844319383381,-0.05667859818692482,0.0,True,False,1,True,True,0.003312900007585995,4,3.090942092820542e-09,3.683052478131566e-10,`gtol` termination condition is satisfied.,True,True,0.009999999999999787,0.02169336240082959,1.0,0.0011655895719128828,0.00012133321051832499,0.0011655922759861834,0.00012133339392640519
5.019999999999937,1786132509.3985236,0.007590699999127537,0.011569099995540455,0.01,TELEOP,0,,0.0,5.019999999999937,502,0.0,0.04950000000000157,0.0004999999999984351,0.0,0.0,0.0,1.0,0.002052846372367982,0.04788071649282843,6.642555384950868e-05,0.0,0.0,0.0,1.0,-0.015384146088289613,-0.21108157483333195,0.2765343588064966,-0.1305261922200515,0.0,0.0,0.9914448613738105,-0.015202426043915312,-0.2112480070282761,0.27656563999122846,-0.1305261922200515,0.0,0.0,0.9914448613738105,-0.015202423122493383,-0.21124800775250213,0.2765656403566071,-0.13052619222481127,6.744097192787875e-13,-1.8149923840926077e-10,0.9914448613731839,-0.014374865978036885,-0.212035705995101,0.2767615756350718,-0.13047537384182276,1.1070715900471563e-05,-3.08596054885027e-05,0.9914515498731951,-0.014374865978036885,-0.212035705995101,0.2767615756350718,-0.13047537384182276,1.1070715900471563e-05,-3.08596054885027e-05,0.9914515498731951,0.010273827547801762,-0.6293300666827715,0.8545201916581482,0.0212030433190009,0.48709568461094144,0.021396808883962812,0.02077096291609936,-0.6232372904376838,0.8510776123133287,0.04276821619819038,0.48997120379232684,0.043146073435538626,0.02077096291609936,-0.6232372904376838,0.8510776123133287,0.04276821619819038,0.48997120379232684,0.043146073435538626,-0.09363259490778097,-0.056475919371611435,0.032665192580826896,-0.1899879140572774,-0.027813909224829972,-0.19135916758166707,-0.014965903669823696,0.009058703468909728,-0.01140847265692768,-0.050492600976433565,0.013940214647418289,-0.05301182709033306,0.0,True,False,1,True,True,0.006053199991583824,4,3.0319483798314887e-09,3.6312794811075224e-10,`gtol` termination condition is satisfied.,True,True,0.009999999999999787,0.021739352920251462,1.0,0.0011591850508358792,0.00012168991523825653,0.001159187690368575,0.00012169009150150872
5.029999999999937,1786132509.410465,0.011942700002691709,0.01156759999867063,0.01,TELEOP,0,,0.0,5.029999999999937,503,0.0,0.04925000000000157,0.0007499999999984298,0.0,0.0,0.0,1.0,0.001865301416555537,0.04800580920691845,0.00012886998380570524,0.0,0.0,0.0,1.0,-0.015440409575033346,-0.21104047720604593,0.27654274089973435,-0.1305261922200515,0.0,0.0,0.9914448613738105,-0.015273309280083247,-0.21118619440900818,0.2765588195120853,-0.1305261922200515,0.0,0.0,0.9914448613738105,-0.015273306427083588,-0.21118619508005415,0.2765588197819864,-0.13052619222783676,6.187734536112264e-13,-1.7721769294763044e-10,0.9914448613727855,-0.01444977219784575,-0.2119634609669603,0.2767423749136923,-0.13047516736472323,1.1058613855997878e-05,-3.0882414551430605e-05,0.9914515770450573,-0.01444977219784575,-0.2119634609669603,0.2767423749136923,-0.13047516736472323,1.1058613855997878e-05,-3.0882414551430605e-05,0.9914515770450573,0.009367988380906012,-0.6297936014084214,0.8547127854228724,0.019343941755147535,0.4868068990565472,0.019521924285877103,0.019833476806283657,-0.6238005163025537,0.8514022875030247,0.040863991746810914,0.48969426861932297,0.041227891141389625,0.019833476806283657,-0.6238005163025537,0.8514022875030247,0.040863991746810914,0.48969426861932297,0.041227891141389625,-0.09374861098157239,-0.05632258648698938,0.032467518969607825,-0.1904224451379507,-0.02769351730038554,-0.1918182294149042,-0.011601607379141052,0.01533328846220564,-0.01976736112190783,-0.043453108067330326,0.012039192444443457,-0.04590618332371357,0.0,True,False,1,True,True,0.005960700000287034,4,2.943256080185491e-09,3.547853126306886e-10,`gtol` termination condition is satisfied.,True,True,0.009999999999999787,0.021749264551575814,1.0,0.0011471893357462653,0.00012205969720496298,0.001147191881678961,0.00012205986353692792
5.039999999999937,1786132509.4205084,0.011938399999053217,0.0096726000047056,0.01,TELEOP,0,,0.0,5.039999999999937,504,0.0,0.04900000000000158,0.0009999999999984245,0.0,0.0,0.0,1.0,0.0016948914768849489,0.04809663355796914,0.00020844814513877128,0.0,0.0,0.0,1.0,-0.015491532556934523,-0.211007979427027,0.2765587487585631,-0.1305261922200515,0.0,0.0,0.9914448613738105,-0.015341489448811653,-0.21113051415474415,0.276558797406345,-0.1305261922200515,0.0,0.0,0.9914448613738105,-0.015341486691482876,-0.21113051475970024,0.27655879756336005,-0.13052619223130887,5.537442462926058e-13,-1.712521261752295e-10,0.9914448613723283,-0.014524588216496097,-0.21189144164766255,0.27672343727796067,-0.13047494753964814,1.1045506718115582e-05,-3.090241547558403e-05,0.9914516059735662,-0.014524588216496097,-0.21189144164766255,0.27672343727796067,-0.13047494753964814,1.1045506718115582e-05,-3.090241547558403e-05,0.9914516059735662,0.008494952073617942,-0.6302017465339983,0.8548344703191635,0.01755108159023145,0.48650478816756604,0.017713724765317535,0.01889537478386464,-0.6243612596664028,0.8517237410298026,0.03895655745695905,0.48941826220759893,0.03930626454969699,0.01889537478386464,-0.6243612596664028,0.8517237410298026,0.03895655745695905,0.48941826220759893,0.03930626454969699,-0.09381020224190366,-0.056074336384910106,0.03214535267779244,-0.19074342898519053,-0.027600641172406837,-0.1921626591692678,-0.006159126033127016,0.024825010207927753,-0.032216629181539266,-0.0320983847239847,0.00928761279787033,-0.0344429754363602,0.0,True,False,1,True,True,0.005725399998482317,4,2.8272756462129724e-09,3.4325805309041487e-10,`gtol` termination condition is satisfied.,True,True,0.009999999999999787,0.021705966855512522,1.0,0.001128467581671492,0.00012244933605220945,0.0011284700085351755,0.00012244948995502515
5.049999999999937,1786132509.4282076,0.00989129999652505,0.007480300002498552,0.01,TELEOP,0,,0.0,5.049999999999937,505,0.0,0.048750000000001584,0.001249999999998419,0.0,0.0,0.0,1.0,0.0015400508424350877,0.04815632109774682,0.00030359505222932724,0.0,0.0,0.0,1.0,-0.015537984747269482,-0.21098329555668205,0.2765816857334033,-0.1305261922200515,0.0,0.0,0.9914448613738105,-0.015406280678116707,-0.21108197114114602,0.276566344471636,-0.1305261922200515,0.0,0.0,0.9914448613738105,-0.015406278045106372,-0.2110819716688983,0.27656634450315437,-0.13052619223504497,4.811117998850092e-13,-1.6351617929649539e-10,0.9914448613718365,-0.01459924995144404,-0.21181979255131364,0.27670492304945876,-0.13047470802204394,1.1031070885228986e-05,-3.0918569052910524e-05,0.9914516374936904,-0.01459924995144404,-0.21181979255131364,0.27670492304945876,-0.13047470802204394,1.1031070885228986e-05,-3.0918569052910524e-05,0.9914516374936904,0.00766374979365822,-0.6305460188796627,0.8548766487900318,0.015843106541211956,0.4861892065061266,0.015991022411162407,0.01795745053421522,-0.6249182241333565,0.8520403019554618,0.03704756594879104,0.4891428323322583,0.03738286210357225,0.01795745053421522,-0.6249182241333565,0.8520403019554618,0.03704756594879104,0.4891428323322583,0.03738286210357225,-0.09379242496494393,-0.055696446695375865,0.03165609256591332,-0.19089915081680459,-0.027542987534062036,-0.19234024461247784,0.0017777276959735303,0.03778896895342491,-0.04892601118791339,-0.015572183161404834,0.005765363834480218,-0.01775854432100321,0.0,True,False,1,True,True,0.003964099989389069,4,2.6855649872982293e-09,3.284294425095951e-10,`gtol` termination condition is satisfied.,True,True,0.009999999999999787,0.021592539784379455,1.0,0.0011022150479757756,0.00012286858560421314,0.0011022173330731658,0.00012286872479923283
5.0599999999999365,1786132509.43515,0.0077228000009199604,0.006699899997329339,0.01,TELEOP,0,,0.0,5.0599999999999365,506,0.0,0.04850000000000159,0.0014999999999984138,0.0,0.0,0.0,1.0,0.0013993568940790168,0.04818771709996252,0.0004128886359797795,0.0,0.0,0.0,1.0,-0.015580192931776303,-0.2109657115155727,0.2766109188169669,-0.1305261922200515,0.0,0.0,0.9914448613738105,-0.015466965089571847,-0.21104140386192646,0.2765818981077685,-0.1305261922200515,0.0,0.0,0.9914448613738105,-0.01546696261132497,-0.2110414043033493,0.27658189800657257,-0.13052619223883863,4.0274686608083375e-13,-1.5389812468835735e-10,0.9914448613713371,-0.014673670864500363,-0.21174869895654774,0.2766870315086215,-0.13047444093340516,1.101519497148644e-05,-3.093034123993513e-05,0.9914516726422398,-0.014673670864500363,-0.21174869895654774,0.2766870315086215,-0.13047444093340516,1.101519497148644e-05,-3.093034123993513e-05,0.9914516726422398,0.006883884443841898,-0.6308196601966524,0.8548338939734773,0.01423965277399154,0.48586140977746933,0.014373633106229885,0.017020786874186775,-0.6254697570896148,0.8523498827485522,0.0351392687803676,0.48886756728989894,0.03545995688214303,0.017020786874186775,-0.6254697570896148,0.8523498827485522,0.0351392687803676,0.48886756728989894,0.03545995688214303,-0.09366636600284675,-0.05515329562582778,0.030958079309042465,-0.1908297168423483,-0.027526504235938096,-0.19229052214292577,0.012605896209718614,0.05431510695480923,-0.06980132568708704,0.006943397445628257,0.0016483298123939893,0.0049722469552063685,0.0,True,False,1,True,True,0.0032823999936226755,4,2.519286074838937e-09,3.1012171437327296e-10,`gtol` termination condition is satisfied.,True,True,0.009999999999999787,0.021391839692409844,1.0,0.001068003078308395,0.00012333048328729677,0.0010680052014770379,0.00012333060573681748
5.069999999999936,1786132509.442352,0.006909000003361143,0.006993200004217215,0.01,TELEOP,0,,0.0,5.069999999999936,507,0.0,0.0482500000000016,0.0017499999999984084,0.0,0.0,0.0,1.0,0.0012715170235542638,0.04819340674597631,0.0005350366963269564,0.0,0.0,0.0,1.0,-0.015618544892933729,-0.2109545785094625,0.27664587283017855,-0.1305261922200515,0.0,0.0,0.9914448613738105,-0.015522820807963047,-0.21100940954389147,0.2766054721855799,-0.1305261922200515,0.0,0.0,0.9914448613738105,-0.01552281851558461,-0.2110094098927105,0.2766054719513011,-0.1305261922424387,3.2104129902409763e-13,-1.4235608642531948e-10,0.9914448613708631,-0.014747739566175713,-0.2116783863147818,0.2766699964383901,-0.13047413710435124,1.0998138110226411e-05,-3.09381267011273e-05,0.9914517126258587,-0.014747739566175713,-0.2116783863147818,0.2766699964383901,-0.13047413710435124,1.0998138110226411e-05,-3.09381267011273e-05,0.9914517126258587,0.006164953056481718,-0.6310183224423584,0.8547048648200226,0.012760589991047688,0.4855242849568557,0.01288161329656461,0.016086790784315526,-0.6260138606700234,0.8526500191843813,0.03323458888438695,0.4885920237626456,0.03354049970982196,0.016086790784315526,-0.6260138606700234,0.8526500191843813,0.03323458888438695,0.4885920237626456,0.03354049970982196,-0.09339960898712693,-0.05441035804085855,0.0300136435829212,-0.19046798959806924,-0.027554352725334408,-0.19194571723211143,0.02667570157198288,0.07429375849692475,-0.09444357261212845,0.03617272442790869,-0.002784848939631329,0.0344804910814354,0.0,True,False,1,True,True,0.0038857000035932288,4,2.330570783210591e-09,2.88272325554812e-10,`gtol` termination condition is satisfied.,True,True,0.009999999999999787,0.02108632377591315,1.0,0.001025885101041159,0.0001238514433942551,0.001025887045713207,0.00012385154746044342
5.079999999999936,1786132509.4489665,0.007208099996205419,0.006399299993063323,0.01,TELEOP,0,,0.0,5.079999999999936,508,0.0,0.0480000000000016,0.0019999999999984032,0.0,0.0,0.0,1.0,0.0011553567488713347,0.0481757389131774,0.0006688650453785203,0.0,0.0,0.0,1.0,-0.015653392975338607,-0.21094930705660825,0.27668602513925433,-0.1305261922200515,0.0,0.0,0.9914448613738105,-0.015573229055878225,-0.21098620658157427,0.27663657018556514,-0.1305261922200515,0.0,0.0,0.9914448613738105,-0.015573226976713515,-0.21098620683585223,0.27663656982612683,-0.13052619224557155,2.39477280896948e-13,-1.2912178607543104e-10,0.9914448613704506,-0.014821318573434134,-0.21160911679014136,0.2766540783087986,-0.13047378658218112,1.0980678356577906e-05,-3.094365294308185e-05,0.9914517587542132,-0.014821318573434134,-0.21160911679014136,0.2766540783087986,-0.13047378658218112,1.0980678356577906e-05,-3.094365294308185e-05,0.9914517587542132,0.005515246274632603,-0.6311412040029877,0.8544933294588245,0.011423146560884634,0.4851822318814088,0.011532360854225288,0.015157214198394085,-0.6265482288363213,0.8529379450163529,0.03133716396360259,0.48831576308571034,0.03162816300425267,0.015157214198394085,-0.6265482288363213,0.8529379450163529,0.03133716396360259,0.48831576308571034,0.03162816300425267,-0.09295765859214618,-0.053436816629789996,0.02879258319715222,-0.1897424920784401,-0.02762606769352654,-0.1912336705569332,0.04419503949807692,0.09735414110685782,-0.12210603857690047,0.07254975196291624,-0.007171496819213345,0.07120466751782614,0.0,True,False,1,True,True,0.003331100000650622,4,2.1252715293350734e-09,2.633253167469051e-10,`gtol` termination condition is satisfied.,True,True,0.009999999999999787,0.02065888641325735,1.0,0.0009765703277491572,0.00012445086448553336,0.0009765720843468513,0.00012445094925958876
5.089999999999936,1786132509.4603198,0.006706300002406351,0.011046200001146644,0.01,TELEOP,0,,0.0,5.089999999999936,509,0.0,0.047750000000001604,0.002249999999998398,0.0,0.0,0.0,1.0,0.0010498089165708845,0.048136847785824284,0.0008133067326023468,0.0,0.0,0.0,1.0,-0.015685057325028742,-0.21094936156203734,0.27673090085541235,-0.1305261922200515,0.0,0.0,0.9914448613738105,-0.015617863549512478,-0.21097150047190746,0.27667422078782156,-0.1305261922200515,0.0,0.0,0.9914448613738105,-0.015617861699204625,-0.21097150063535522,0.2766742203189415,-0.13052619224803347,1.6244623618885206e-13,-1.1491951207058683e-10,0.9914448613701266,-0.014894245438323375,-0.21154118227712987,0.27663955369300736,-0.1304733795247633,1.096419166407046e-05,-3.095020844938742e-05,0.9914518123223429,-0.014894245438323375,-0.21154118227712987,0.27663955369300736,-0.1304733795247633,1.096419166407046e-05,-3.095020844938742e-05,0.9914518123223429,0.00493927790433347,-0.6311919719334708,0.854208150487558,0.010236811939274764,0.4848402217419606,0.010335471147039468,0.01423414443703512,-0.6270703145380468,0.8532106979003212,0.029451327563825763,0.488038388428077,0.02972732177513906,0.01423414443703512,-0.6270703145380468,0.8532106979003212,0.029451327563825763,0.488038388428077,0.02972732177513906,-0.09230697613589833,-0.052208570172550185,0.027275288396837592,-0.18858363997768665,-0.027737465763336633,-0.19008412291136462,0.06506824562478655,0.12282464572398374,-0.1517294800314661,0.1158852100753463,-0.011139806981009533,0.11495476455685993,0.0,True,False,1,True,True,0.005651400002534501,4,1.9157773402637258e-09,2.366692479058228e-10,`gtol` termination condition is satisfied.,True,True,0.009999999999999787,0.020095802150027382,1.0,0.0009216069883309702,0.0001251498503713908,0.0009216085598046499,0.00012514991605733962
5.099999999999936,1786132509.4686167,0.01140030000533443,0.00794280000263825,0.01,TELEOP,0,,0.0,5.099999999999936,510,0.0,0.04750000000000161,0.0024999999999983924,0.0,0.0,0.0,1.0,0.0009539038913715948,0.04807867248793494,0.0009673922533872728,0.0,0.0,0.0,1.0,-0.01571382883258853,-0.21095425538863624,0.27678006847312187,-0.1305261922200515,0.0,0.0,0.9914448613738105,-0.015656848843240773,-0.21096449476510237,0.27671722074540644,-0.1305261922200515,0.0,0.0,0.9914448613738105,-0.01565684721641084,-0.21096449484590185,0.27671722018668055,-0.13052619224956802,1.2731713475253761e-13,-1.0090709146050352e-10,0.9914448613699245,-0.014966337103313746,-0.21147489433185987,0.2766267038938809,-0.13047290748261167,1.095060232187839e-05,-3.096253537036546e-05,0.9914518744419416,-0.014966337103313746,-0.21147489433185987,0.2766267038938809,-0.13047290748261167,1.095060232187839e-05,-3.096253537036546e-05,0.9914518744419416,0.004435708674967443,-0.6311783083412579,0.8538612131498312,0.009199028359078985,0.48450219114163323,0.009288386619986773,0.013319952462997268,-0.6275774208327064,0.8534652388443027,0.027582003230664044,0.4877595713996461,0.02784294693209637,0.013319952462997268,-0.6275774208327064,0.8534652388443027,0.027582003230664044,0.4877595713996461,0.02784294693209637,-0.09141919740378715,-0.050710629465956475,0.025454094398149767,-0.18693243331617584,-0.02788170284308898,-0.18843748430427334,0.08877787321111957,0.14979407065937445,-0.18211939986878645,0.16512066615108484,-0.014423707975234757,0.16466386070912953,0.0,True,False,1,True,True,0.004153500005486421,3,1.7219984965279263e-09,2.1041468555259859e-10,`gtol` termination condition is satisfied.,True,True,0.009999999999999787,0.019391850628099595,1.0,0.0008634263435972768,0.0001259688470430173,0.0008634277509632121,0.00012596889548973188
5.1099999999999355,1786132509.4758596,0.008197099989047274,0.006989000001340173,0.01,TELEOP,0,,0.0,5.1099999999999355,511,0.0,0.04725000000000162,0.0027499999999983874,0.0,0.0,0.0,1.0,0.000866760642861727,0.0480029749194852,0.0011302406512836796,0.0,0.0,0.0,1.0,-0.01573997180714149,-0.2109635463794901,0.27683313590682607,-0.1305261922200515,0.0,0.0,0.9914448613738105,-0.015690728608835955,-0.2109641082162989,0.2767644661552611,-0.1305261922200515,0.0,0.0,0.9914448613738105,-0.015690727188318827,-0.21096410822724665,0.2767644655248283,-0.13052619225091885,6.13803378422239e-14,-8.81832523971095e-11,0.9914448613697467,-0.015037396908678769,-0.2114105728607479,0.27661580518431805,-0.1304723648317673,1.0942202076330427e-05,-3.0986371642948754e-05,0.9914519458528079,-0.015037396908678769,-0.2114105728607479,0.27661580518431805,-0.1304723648317673,1.0942202076330427e-05,-3.0986371642948754e-05,0.9914519458528079,0.003997730195102991,-0.6311098170235173,0.8534641666105739,0.008295944234473626,0.48416991176268076,0.008377152369142249,0.012417205498824416,-0.6280667987985805,0.8536985605968849,0.025734524960014483,0.4874790609316611,0.0259804241970645,0.012417205498824416,-0.6280667987985805,0.8536985605968849,0.025734524960014483,0.4874790609316611,0.0259804241970645,-0.09027469641728705,-0.048937796587412166,0.02333217525821455,-0.18474782706496012,-0.028051046798501934,-0.18625227350319098,0.11445009865001256,0.1772832878544348,-0.2121919139935262,0.2184606251215753,-0.0169343955412958,0.21852108010824156,0.0,True,False,1,True,True,0.00354920000245329,3,1.5541667540920714e-09,1.8703582081666482e-10,`gtol` termination condition is satisfied.,True,True,0.009999999999999787,0.018554560312109596,1.0,0.0008051527930167011,0.00012692458393382452,0.0008051540681478228,0.00012692461679893066
5.119999999999935,1786132509.4825375,0.007217100006528199,0.006449300009990111,0.01,TELEOP,0,,0.0,5.119999999999935,512,0.0,0.047000000000001624,0.002999999999998382,0.0,0.0,0.0,1.0,0.0007875786471622477,0.047911354988021786,0.0013010514324048148,0.0,0.0,0.0,1.0,-0.015763726405851334,-0.21097683307191223,0.2768897469652462,-0.1305261922200515,0.0,0.0,0.9914448613738105,-0.01572025828426961,-0.2109692557806305,0.276815145789554,-0.1305261922200515,0.0,0.0,0.9914448613738105,-0.015720257039982106,-0.21096925573315103,0.2768151451010174,-0.13052619225192919,8.685938513237882e-15,-7.729145911529755e-11,0.9914448613696136,-0.015107222501834033,-0.21134853569381606,0.2766071218860839,-0.13047174999664893,1.094140055724196e-05,-3.102780060958875e-05,0.9914520267619474,-0.015107222501834033,-0.21134853569381606,0.2766071218860839,-0.13047174999664893,1.094140055724196e-05,-3.102780060958875e-05,0.9914520267619474,0.0036157366656331164,-0.6309956762649843,0.8530261916972095,0.007507898452494814,0.48384314345211465,0.007581946876660315,0.01152856613699103,-0.6285357346941485,0.8539077696416152,0.023914429416727945,0.4871966769090669,0.024145344486338035,0.01152856613699103,-0.6285357346941485,0.8539077696416152,0.023914429416727945,0.4871966769090669,0.024145344486338035,-0.08886393618334046,-0.04689358955679717,0.020920904473033273,-0.18200955432865773,-0.028238402259422913,-0.18350797107265027,0.14107602339466288,0.20442070306150412,-0.24112707851813298,0.27382727363024634,-0.01873554609209824,0.27443024305407854,0.0,True,False,1,True,True,0.0026523999986238778,3,1.422880304821958e-09,1.6742485912541505e-10,`gtol` termination condition is satisfied.,True,True,0.009999999999999787,0.01760327182792225,1.0,0.0007502921374209942,0.0001280271200795862,0.0007502933209801352,0.00012802713984760264
5.129999999999935,1786132509.488726,0.006664999993517995,0.0059732999943662435,0.01,TELEOP,0,,0.0,5.129999999999935,513,0.0,0.046750000000001624,0.0032499999999983766,0.0,0.0,0.0,1.0,0.0007156305290052744,0.0478052664687333,0.0014790972178987327,0.0,0.0,0.0,1.0,-0.015785310841298427,-0.21099375067205245,0.276949577990765,-0.1305261922200515,0.0,0.0,0.9914448613738105,-0.01574619259633635,-0.21097902108713332,0.2768687394808286,-0.1305261922200515,0.0,0.0,0.9914448613738105,-0.01574619149786758,-0.21097902099070606,0.27686873874301243,-0.1305261922527924,-3.386630865913487e-14,-6.826667373591692e-11,0.9914448613695,-0.015175613034049552,-0.2112890902259192,0.27660090205652305,-0.13047106621192212,1.0950482080375683e-05,-3.109260457626354e-05,0.9914521167433459,-0.015175613034049552,-0.2112890902259192,0.27660090205652305,-0.13047106621192212,1.0950482080375683e-05,-3.109260457626354e-05,0.9914521167433459,0.0032800794319645635,-0.6308433829580552,0.8525536457581836,0.0068150980579843815,0.4835205541533303,0.006882810580334149,0.010656698897636633,-0.6289816179335851,0.8540901409612053,0.02212726314539068,0.48691229625810734,0.022343309377158196,0.010656698897636633,-0.6289816179335851,0.8540901409612053,0.02212726314539068,0.48691229625810734,0.022343309377158196,-0.0871867239354416,-0.04458832394366601,0.01823713195900862,-0.17871662713373046,-0.028438065095954743,-0.18020351091798772,0.16772122478988805,0.2305265613131205,-0.26837725140247104,0.3292927194927335,-0.01996628365318326,0.33044601546625996,0.0,True,False,1,True,True,0.00266389999887906,3,1.3267646794498315e-09,1.5166925255561413e-10,`gtol` termination condition is satisfied.,True,True,0.009999999999999787,0.01656339760967772,1.0,0.0007024522792533472,0.00012927768107182515,0.0007024534102596707,0.00012927768992304444
5.139999999999935,1786132509.495158,0.006239499998628162,0.006165200000395998,0.01,TELEOP,0,,0.0,5.139999999999935,514,0.0,0.04650000000000163,0.003499999999998371,0.0,0.0,0.0,1.0,0.0006502553764981633,0.04768603088528083,0.001663717067153692,0.0,0.0,0.0,1.0,-0.01580492338705056,-0.2110139675509659,0.27701233484685267,-0.1305261922200515,0.0,0.0,0.9914448613738105,-0.015769173304996636,-0.21099269525181386,0.27692492675894004,-0.1305261922200515,0.0,0.0,0.9914448613738105,-0.015769172326348325,-0.2109926951136888,0.2769249259773423,-0.13052619225361142,-6.899500213583708e-14,-6.084441734725204e-11,0.9914448613693922,-0.015242374886792937,-0.21123252727078132,0.27659737495679676,-0.13047032176613693,1.0971413141184673e-05,-3.1185742738724e-05,0.9914522147059425,-0.015242374886792937,-0.21123252727078132,0.27659737495679676,-0.13047032176613693,1.0971413141184673e-05,-3.1185742738724e-05,0.9914522147059425,0.0029825326288028353,-0.6306586102115616,0.8520507514495322,0.0062006508698679635,0.48320055026342085,0.00626270703855038,0.009804194440250423,-0.6294019900161102,0.8542431522436651,0.02037842592252928,0.4866258379808758,0.020579773010836345,0.009804194440250423,-0.6294019900161102,0.8542431522436651,0.02037842592252928,0.4866258379808758,0.020579773010836345,-0.08525044573862277,-0.04203720825251089,0.01530112824598502,-0.17488372228614377,-0.02864582772315746,-0.1763536366321887,0.1936278196818886,0.2551115691155179,-0.29360037130236627,0.3832904847586763,-0.020776262720272172,0.38498742857991053,0.0,True,False,1,True,True,0.00273580000794027,3,1.2600500248699389e-09,1.392528239798203e-10,`gtol` termination condition is satisfied.,True,True,0.009999999999999787,0.015460498796824047,1.0,0.0006650749408586952,0.00013066754139596444,0.0006650760511635024,0.00013066754106603342
5.149999999999935,1786132509.5013728,0.006375900004059076,0.006004700000630692,0.01,TELEOP,0,,0.0,5.149999999999935,515,0.0,0.04625000000000164,0.0037499999999983658,0.0,0.0,0.0,1.0,0.0005908526670442155,0.04755484908506871,0.0018543104105381912,0.0,0.0,0.0,1.0,-0.015822744199886742,-0.2110371823614538,0.27707775026114057,-0.1305261922200515,0.0,0.0,0.9914448613738105,-0.015789705247256567,-0.21100974568131128,0.27698349892447094,-0.1305261922200515,0.0,0.0,0.9914448613738105,-0.015789704367926094,-0.211009745506905,0.27698349810269274,-0.13052619225442535,-9.874595926202715e-14,-5.468870601359154e-11,0.9914448613692851,-0.015307325862783255,-0.21117911676440113,0.27659674957105906,-0.13046952979798726,1.1005711891948276e-05,-3.1310988728544266e-05,0.9914523189204756,-0.015307325862783255,-0.21117911676440113,0.27659674957105906,-0.13046952979798726,1.1005711891948276e-05,-3.1310988728544266e-05,0.9914523189204756,0.0027166156722106564,-0.6304455706873835,0.8515204066980132,0.005651242275918538,0.48288171320525225,0.005708207199806298,0.008973512723979456,-0.6297945781797532,0.8543645046307418,0.018673053026249314,0.48633725036024944,0.018859923245798053,0.008973512723979456,-0.6297945781797532,0.8543645046307418,0.018673053026249314,0.48633725036024944,0.018859923245798053,-0.08306817162709854,-0.03925881636429705,0.012135238707672528,-0.17053728962800044,-0.02885876206263289,-0.17198497650383282,0.21822741115242814,0.27783918882138914,-0.316588953831256,0.434643265814341,-0.021293433947543763,0.43686601283559695,0.0,True,False,1,True,True,0.002718699994147755,3,1.2161246022560799e-09,1.2950532061325463e-10,`gtol` termination condition is satisfied.,True,True,0.009999999999999787,0.014317065972285964,1.0,0.0006410538759031614,0.00013217790023774492,0.0006410549872798598,0.00013217789206132686
5.159999999999934,1786132509.508079,0.006245500000659376,0.006465400001616217,0.01,TELEOP,0,,0.0,5.159999999999934,516,0.0,0.046000000000001644,0.003999999999998361,0.0,0.0,0.0,1.0,0.0005368767485232259,0.04741281225513925,0.0020503315360563264,0.0,0.0,0.0,1.0,-0.01583893697544304,-0.2110631212739898,0.27714558137243894,-0.1305261922200515,0.0,0.0,0.9914448613738105,-0.015808174061678764,-0.21102976902707157,0.27704430261272006,-0.1305261922200515,0.0,0.0,0.9914448613738105,-0.01580817326599078,-0.21102976882048588,0.2770443017533989,-0.13052619225524156,-1.2452681169945553e-13,-4.9502532526463274e-11,0.9914448613691776,-0.01537029808063213,-0.2111291048653275,0.2765992137227521,-0.1304687077598081,1.1054372999536842e-05,-3.1470715307391046e-05,0.9914524270901155,-0.01537029808063213,-0.2111291048653275,0.2765992137227521,-0.1304687077598081,1.1054372999536842e-05,-3.1470715307391046e-05,0.9914524270901155,0.0024773730147185694,-0.6302074471878526,0.8509647628416827,0.00515668967141709,0.4825629360457655,0.00520904081856411,0.00816694240275009,-0.6301573178089821,0.8544521350009159,0.01701593090358412,0.4860465011919358,0.017188596499879385,0.00816694240275009,-0.6301573178089821,0.8544521350009159,0.01701593090358412,0.4860465011919358,0.017188596499879385,-0.08065703212293822,-0.03627396292289698,0.008763037017408843,-0.16571221226652288,-0.02907491683136066,-0.16713267459187042,0.2411139504160374,0.29848534414001376,-0.33722016902637575,0.482507736147766,-0.021615476872777293,0.4852301911962497,0.0,True,False,1,True,True,0.002748799990513362,3,1.1892139797610794e-09,1.218248364386069e-10,`gtol` termination condition is satisfied.,True,True,0.009999999999999787,0.013151716045991755,1.0,0.0006322228110268507,0.00013378055645848184,0.000632223934624811,0.0001337805414658348
5.169999999999934,1786132509.5143766,0.006689999994705431,0.006072699994547293,0.01,TELEOP,0,,0.0,5.169999999999934,517,0.0,0.04575000000000165,0.004249999999998355,0.0,0.0,0.0,1.0,0.0004878318249511614,0.04726091193301367,0.0022512845793706167,0.0,0.0,0.0,1.0,-0.015853650452514658,-0.2110915354648043,0.2772156075016585,-0.1305261922200515,0.0,0.0,0.9914448613738105,-0.01582487409025304,-0.21105245115412932,0.2771072099034615,-0.1305261922200515,0.0,0.0,0.9914448613738105,-0.015824873366244906,-0.21105245091857283,0.27710720900877284,-0.13052619225605427,-1.472769545938834e-13,-4.505677812176238e-11,0.9914448613690706,-0.015431139868116645,-0.21108271207756116,0.27660493355133914,-0.1304678766599706,1.1117835751892714e-05,-3.166579767080439e-05,0.9914525364501872,-0.015431139868116645,-0.21108271207756116,0.27660493355133914,-0.1304678766599706,1.1117835751892714e-05,-3.166579767080439e-05,0.9914525364501872,0.0022610190272656264,-0.6299467311495691,0.8503855635352426,0.004709215378972871,0.48224341525143083,0.00475736341493766,0.007386572918182308,-0.6304883667284182,0.8545042227606194,0.015411438988886781,0.4857535708019504,0.015570218975252955,0.007386572918182308,-0.6304883667284182,0.8545042227606194,0.015411438988886781,0.4857535708019504,0.015570218975252955,-0.07803694845677986,-0.03310489194361884,0.005208775970351765,-0.16044919146973724,-0.029293038998542402,-0.16183775246264642,0.2620083666158418,0.3169070979278208,-0.3554261047057154,0.5263020796785762,-0.021812216718174474,0.5294922129224116,0.0,True,False,1,True,True,0.002741100004641339,3,1.1747946338004594e-09,1.1573769383471144e-10,`gtol` termination condition is satisfied.,True,True,0.009999999999999787,0.011979555681315274,1.0,0.0006389228751828074,0.00013543916393995008,0.0006389240135334092,0.00013543914294799182
5.179999999999934,1786132509.520409,0.006288600008701906,0.005816700009745546,0.01,TELEOP,0,,0.0,5.179999999999934,518,0.0,0.04550000000000165,0.00449999999999835,0.0,0.0,0.0,1.0,0.00044326740048551515,0.04710004910410147,0.0024567189712540174,0.0,0.0,0.0,1.0,-0.015867019779854354,-0.21112219883314362,0.27728762812620844,-0.1305261922200515,0.0,0.0,0.9914448613738105,-0.015840033423125253,-0.21107753861368317,0.27717210431901634,-0.1305261922200515,0.0,0.0,0.9914448613738105,-0.01584003276153373,-0.2110775383517642,0.27717210339091636,-0.13052619225685536,-1.6762302006305862e-13,-4.118458671449014e-11,0.9914448613689651,-0.01548971690851355,-0.21104013212621686,0.2766140532379354,-0.13046706017708817,1.1195983684107264e-05,-3.189560632646679e-05,0.9914526438847537,-0.01548971690851355,-0.21104013212621686,0.2766140532379354,-0.13046706017708817,1.1195983684107264e-05,-3.189560632646679e-05,0.9914526438847537,0.002064617650491952,-0.6296654526518858,0.8497843247126924,0.004302788927020506,0.48192259457334896,0.004347092946207768,0.00663427620130288,-0.6307861135568144,0.8545191928039038,0.01386351133054015,0.4854584472762096,0.014008767869143693,0.00663427620130288,-0.6307861135568144,0.8545191928039038,0.01386351133054015,0.4854584472762096,0.014008767869143693,-0.07522967168794434,-0.029774682839614246,0.0014970043284287444,-0.1547927658346664,-0.02951235257408154,-0.15614511061092962,0.28072767688355743,0.3330209104004664,-0.37117716419230995,0.5656425635070967,-0.02193135755391452,0.5692641851716934,0.0,True,False,1,True,True,0.002690900000743568,3,1.1694761519386576e-09,1.1089093705615514e-10,`gtol` termination condition is satisfied.,True,True,0.009999999999999787,0.010812855560315294,1.0,0.0006599548437802416,0.0001371108681551183,0.0006599559946010389,0.00013711084183284312
5.189999999999934,1786132509.5268264,0.006026399991242215,0.006208100006915629,0.01,TELEOP,0,,0.0,5.189999999999934,519,0.0,0.04525000000000166,0.004749999999998345,0.0,0.0,0.0,1.0,0.00040277413986438684,0.04693104246895889,0.0026662253007225215,0.0,0.0,0.0,1.0,-0.015879167758040692,-0.21115490592681235,0.2773614610393069,-0.1305261922200515,0.0,0.0,0.9914448613738105,-0.015853832907760778,-0.21110481974804063,0.27723887497342836,-0.1305261922200515,0.0,0.0,0.9914448613738105,-0.015853832301248597,-0.211104819461957,0.27723887401375863,-0.1305261922576366,-1.8598987832001846e-13,-3.7766800123465395e-11,0.9914448613688623,-0.015545912834205866,-0.2110015314001665,0.2766266949300734,-0.13046628371870428,1.1288166275290948e-05,-3.2158065222597627e-05,0.9914527460504947,-0.015545912834205866,-0.2110015314001665,0.2766266949300734,-0.13046628371870428,1.1288166275290948e-05,-3.2158065222597627e-05,0.9914527460504947,0.0018858387791758394,-0.6293653275122356,0.8491624249431373,0.003932626198998216,0.48160010424804645,0.003973404606779364,0.005911695617620856,-0.6310491815797568,0.8544957155667702,0.012375613163642253,0.4851611233288072,0.012507747665888228,0.005911695617620856,-0.6310491815797568,0.8544957155667702,0.012375613163642253,0.4851611233288072,0.012507747665888228,-0.07225805836820393,-0.026306802294244567,-0.002347723713361377,-0.14878981668979288,-0.02973239474024362,-0.15010202032554973,0.29716133197404715,0.3467880545369755,-0.3844728041790203,0.6002949144873634,-0.02200421661620805,0.6043090285380017,0.0,True,False,1,True,True,0.0030092000088188797,3,1.1707548265128455e-09,1.0702320006619616e-10,`gtol` termination condition is satisfied.,True,True,0.009999999999999787,0.009661674922935924,1.0,0.0006929978732968721,0.0001387481556675021,0.0006929990331787595,0.00013874812458165777
5.199999999999934,1786132509.5334296,0.00642570000491105,0.0063852000021142885,0.01,TELEOP,0,,0.0,5.199999999999934,520,0.0,0.045000000000001664,0.004999999999998339,0.0,0.0,0.0,1.0,0.0003659801072021604,0.04675463595609349,0.0028794315559077122,0.0,0.0,0.0,1.0,-0.015890205967839358,-0.21118947005700994,0.27743694067733277,-0.1305261922200515,0.0,0.0,0.9914448613738105,-0.01586641960510516,-0.2111341125217804,0.27730741452066365,-0.1305261922200515,0.0,0.0,0.9914448613738105,-0.01586641904771187,-0.2111341122134393,0.27730741353119226,-0.13052619225839265,-2.0267555939844625e-13,-3.471819488616308e-11,0.9914448613687628,-0.01559962940922886,-0.21096704883396977,0.27664295884301715,-0.13046557347981444,1.139323567102373e-05,-3.244975616345077e-05,0.991452839500594,-0.01559962940922886,-0.21096704883396977,0.27664295884301715,-0.13046557347981444,1.139323567102373e-05,-3.244975616345077e-05,0.991452839500594,0.0017227856823322626,-0.6290478493930892,0.8485211491773142,0.0035948343382679305,0.4812757099487915,0.0036323726155656558,0.005220240430250608,-0.6312764291272688,0.8544327047216932,0.010950728879920747,0.4848615943396604,0.011070177930610145,0.005220240430250608,-0.6312764291272688,0.8544327047216932,0.010950728879920747,0.4848615943396604,0.011070177930610145,-0.0691455187370263,-0.02272475475120514,-0.006301084507703348,-0.14248842837215356,-0.02995289891467865,-0.1437569735278114,0.31125396311776926,0.3582047543039504,-0.3953360794342056,0.630138831763946,-0.02205041744350386,0.634504679773847,0.0,True,False,1,True,True,0.003132499987259507,3,1.1767816941457143e-09,1.0394072912212958e-10,`gtol` termination condition is satisfied.,True,True,0.009999999999999787,0.008534343059108863,1.0,0.000735246160547308,0.00014030077906267353,0.0007352473270657146,0.00014030074370497626
5.209999999999933,1786132509.5403805,0.006640000006882474,0.006696099997498095,0.01,TELEOP,0,,0.0,5.209999999999933,521,0.0,0.04475000000000167,0.005249999999998334,0.0,0.0,0.0,1.0,0.00033254734854825556,0.04657150554911743,0.003095999708189608,0.0,0.0,0.0,1.0,-0.015900235795435532,-0.2112257215852011,0.27751391659988384,-0.1305261922200515,0.0,0.0,0.9914448613738105,-0.01587791604446289,-0.21116525671726621,0.27737761872190003,-0.1305261922200515,0.0,0.0,0.9914448613738105,-0.01587791553122654,-0.21116525638836048,0.27737761770433367,-0.13052619225911913,-2.1789897272813047e-13,-3.197694795429235e-11,0.991444861368667,-0.015650786403073328,-0.21093679613913974,0.27666292352537836,-0.13046495554268878,1.1509593359988618e-05,-3.276605508032507e-05,0.9914529208031813,-0.015650786403073328,-0.21093679613913974,0.27666292352537836,-0.13046495554268878,1.1509593359988618e-05,-3.276605508032507e-05,0.9914529208031813,0.001573876293290098,-0.6287143475288339,0.8478617093793578,0.0032861673694635977,0.480949273891946,0.0033207236770262756,0.00456108453532121,-0.6314669471458324,0.8543293128682731,0.009591358831575636,0.4845598572076112,0.009698590018733124,0.00456108453532121,-0.6314669471458324,0.8543293128682731,0.009591358831575636,0.4845598572076112,0.009698590018733124,-0.0659155894929412,-0.019051801856358366,-0.010339185342016461,-0.13593700483451393,-0.030173713204923753,-0.13715879118770494,0.3229929244085172,0.3672952894846853,-0.4038100834313198,0.6551423537639777,-0.022081429024510605,0.6598182340106595,0.0,True,False,1,True,True,0.0026416000036988407,3,1.1861837292439462e-09,1.0149503246162037e-10,`gtol` termination condition is satisfied.,True,True,0.009999999999999787,0.007437805315044489,1.0,0.0007839448295398392,0.00014171764802311534,0.000783946001767208,0.0001417176088303142
5.219999999999933,1786132509.5468216,0.006934299992281012,0.0062024999933782965,0.01,TELEOP,0,,0.0,5.219999999999933,522,0.0,0.04450000000000168,0.005499999999998329,0.0,0.0,0.0,1.0,0.00030216878678004174,0.046382265490784454,0.003315622608255682,0.0,0.0,0.0,1.0,-0.015909349363965996,-0.21126350636633145,0.27759225210860716,-0.1305261922200515,0.0,0.0,0.9914448613738105,-0.015888426539326907,-0.21119810887695586,0.27744938661483315,-0.1305261922200515,0.0,0.0,0.9914448613738105,-0.015888426066025828,-0.21119810852901244,0.2774493855708179,-0.13052619225981363,-2.3182469722095385e-13,-2.9497223264576576e-11,0.9914448613685757,-0.015699321230286774,-0.2109108583188387,0.2766866462795899,-0.13046445504842938,1.1635243204521397e-05,-3.3101289194147125e-05,0.9914529866503213,-0.015699321230286774,-0.2109108583188387,0.2766866462795899,-0.13046445504842938,1.1635243204521397e-05,-3.3101289194147125e-05,0.9914529866503213,0.001437762224303714,-0.6283660234548724,0.847185254120582,0.0030038594316929563,0.4806207264719113,0.003035668734423124,0.00393516856003164,-0.6316200544705507,0.8541849254835567,0.008299523096982321,0.4842559097620126,0.008395030812815925,0.00393516856003164,-0.6316200544705507,0.8541849254835567,0.008299523096982321,0.4842559097620126,0.008395030812815925,-0.06259159752895832,-0.01531073247182855,-0.014438738471633811,-0.1291835734593342,-0.03039474455986059,-0.13035592059172274,0.33239919639829496,0.3741069384529895,-0.40995531296174376,0.6753431375179856,-0.02210313549368424,0.6802870595982355,0.0,True,False,1,True,True,0.0029829000122845173,3,1.197934224937587e-09,9.957048345250299e-11,`gtol` termination condition is satisfied.,True,True,0.009999999999999787,0.006467603488915286,1.0,0.0008366866489479409,0.0001429486027699461,0.0008366878271211925,0.00014294856013534298
5.229999999999933,1786132509.5527787,0.0064181000052485615,0.005741799992392771,0.01,TELEOP,0,,0.0,5.229999999999933,523,0.0,0.04425000000000168,0.005749999999998323,0.0,0.0,0.0,1.0,0.000274565400275872,0.046187473920747804,0.0035380211656107774,0.0,0.0,0.0,1.0,-0.015917630379917246,-0.21130268433412994,0.27767182299213605,-0.1305261922200515,0.0,0.0,0.9914448613738105,-0.015898041516230622,-0.21123253895824307,0.27752262083975293,-0.1305261922200515,0.0,0.0,0.9914448613738105,-0.015898041079206462,-0.211232538592655,0.27752261977087117,-0.13052619226047507,-2.445878687062276e-13,-2.724414453046528e-11,0.9914448613684886,-0.01574518841118882,-0.2108892944154687,0.2767141637275507,-0.13046409546179383,1.176784827174934e-05,-3.344890667093781e-05,0.9914530339547226,-0.01574518841118882,-0.2108892944154687,0.2767141637275507,-0.13046409546179383,1.176784827174934e-05,-3.344890667093781e-05,0.9914530339547226,0.0013132732943998567,-0.628003974980332,0.8464928731284146,0.002745510538402285,0.48029004597305053,0.0027747877147038975,0.0033432046433382024,-0.631735291188416,0.853999153350656,0.007076770808614977,0.4839497505494572,0.007161072074766047,0.0033432046433382024,-0.631735291188416,0.853999153350656,0.007076770808614977,0.4839497505494572,0.007161072074766047,-0.05919639166934505,-0.011523671786524381,-0.018577213290068506,-0.12227522883673708,-0.030615921255540312,-0.12339587380499045,0.3395205859613344,0.378706068530425,-0.41384748184347825,0.6908344622597269,-0.022117669567972623,0.6960046786732431,0.0,True,False,1,True,True,0.0026516000070841983,3,1.211260898641569e-09,9.807528477787111e-11,`gtol` termination condition is satisfied.,True,True,0.009999999999999787,0.0069996713629747465,1.0,0.0008915052872943677,0.0001439460088791359,0.0008915064722904045,0.00014394596316035402
5.239999999999933,1786132509.5598328,0.005950599996140227,0.006845700001576915,0.01,TELEOP,0,,0.0,5.239999999999933,524,0.0,0.044000000000001684,0.005999999999998318,0.0,0.0,0.0,1.0,0.0002494836594258829,0.04598763799869695,0.003762941785660844,0.0,0.0,0.0,1.0,-0.015925154902172244,-0.21134312821553713,0.27775251638562415,-0.1305261922200515,0.0,0.0,0.9914448613738105,-0.015906840517565225,-0.21126842805835835,0.27759722794412917,-0.1305261922200515,0.0,0.0,0.9914448613738105,-0.015906840113600343,-0.21126842767640602,0.27759722685189653,-0.1305261922611028,-2.5629816272243765e-13,-2.5190430288919207e-11,0.9914448613684059,-0.015788358895690184,-0.21087213845064712,0.27674549251050884,-0.13046389794352078,1.19047896380191e-05,-3.3801652264588245e-05,0.9914530599322929,-0.015788358895690184,-0.21087213845064712,0.27674549251050884,-0.13046389794352078,1.19047896380191e-05,-3.3801652264588245e-05,0.9914530599322929,0.0011993790818500163,-0.6276292123727447,0.8457855996851342,0.0025090074064868695,0.4799572441581698,0.0025359496553539087,0.002785683375525549,-0.6318124104102392,0.8537718236617087,0.005924193965096798,0.4836413788657864,0.005997824325863295,0.002785683375525549,-0.6318124104102392,0.8537718236617087,0.005924193965096798,0.4836413788657864,0.005997824325863295,-0.0557521267812665,-0.007711922182320163,-0.02273296889473062,-0.11525768435182032,-0.030837168367083754,-0.11632477489027761,0.34442648880786253,0.38117496042043,-0.4155755604662201,0.7017544484916903,-0.022124711154344515,0.7071098914712998,0.0,True,False,1,True,True,0.0037106999952811748,3,1.2255804110873293e-09,9.693381394552387e-11,`gtol` termination condition is satisfied.,True,True,0.009999999999999787,0.007506280222241424,1.0,0.0009468549718669631,0.00014466613246212948,0.000946856164782419,0.00014466608398787687
5.2499999999999325,1786132509.5690162,0.007063900004141033,0.008964699998614378,0.01,TELEOP,0,,0.0,5.2499999999999325,525,0.0,0.04375000000000169,0.0062499999999983125,0.0,0.0,0.0,1.0,0.00022669319741083714,0.04578321855982291,0.003990154040854744,0.0,0.0,0.0,1.0,-0.015931992040776756,-0.21138472236248085,0.27783422973441746,-0.1305261922200515,0.0,0.0,0.9914448613738105,-0.015914894320686452,-0.21130566681410468,0.2776731186065875,-0.1305261922200515,0.0,0.0,0.9914448613738105,-0.01591489394691747,-0.211305666416971,0.2776731174924503,-0.13052619226169712,-2.6704874395613295e-13,-2.3314149317759014e-11,0.9914448613683277,-0.01582881928283952,-0.21085940052381064,0.27678063011088294,-0.13046388083833166,1.2043225833843943e-05,-3.415174385945193e-05,0.9914530621694709,-0.01582881928283952,-0.21085940052381064,0.27678063011088294,-0.13046388083833166,1.2043225833843943e-05,-3.415174385945193e-05,0.9914530621694709,0.0010951618166589753,-0.6272426697333827,0.8450644122317674,0.002292467654570998,0.47962235603122005,0.002317256409990395,0.0022628824803162654,-0.6318513687199878,0.8535029699785769,0.004842444870270926,0.4833307949416259,0.004905954389953322,0.0022628824803162654,-0.6318513687199878,0.8535029699785769,0.004842444870270926,0.4833307949416259,0.004905954389953322,-0.05228008952092949,-0.0038958309748654742,-0.026885368313184402,-0.10817490948258947,-0.031058392416053397,-0.10918699359099969,0.3472037260337088,0.381609120745477,-0.4152399418453871,0.7082774869230999,-0.022122404896964827,0.7137781299278065,0.0,True,False,1,True,True,0.004528999998001382,3,1.2404515521753565e-09,9.608416718837595e-11,`gtol` termination condition is satisfied.,True,True,0.009999999999999787,0.007986223976574447,1.0,0.001001546714562705,0.0001450702717258185,0.0010015479164563914,0.0001450702207998832
5.259999999999932,1786132509.5757418,0.009242000000085682,0.006448500003898516,0.01,TELEOP,0,,0.0,5.259999999999932,526,0.0,0.0435000000000017,0.0064999999999983075,0.0,0.0,0.0,1.0,0.0002059846938347696,0.04557463434528224,0.004219448554514377,0.0,0.0,0.0,1.0,-0.015938204591849577,-0.21142736169029339,0.2779168698523578,-0.1305261922200515,0.0,0.0,0.9914448613738105,-0.015922266464882238,-0.21134415423318587,0.2777502077712371,-0.1305261922200515,0.0,0.0,0.9914448613738105,-0.015922266118738055,-0.21134415382196725,0.27775020663657113,-0.13052619226225876,-2.76923896249288e-13,-2.1597216448579982e-11,0.9914448613682537,-0.015866570961996396,-0.21085106804044973,0.2768195557825834,-0.13046405928172955,1.2180151928907567e-05,-3.4491045913437046e-05,0.9914530386749264,-0.015866570961996396,-0.21085106804044973,0.2768195557825834,-0.13046405928172955,1.2180151928907567e-05,-3.4491045913437046e-05,0.9914530386749264,0.0009997968650269568,-0.6268452133545037,0.8443302357815092,0.002094199651445687,0.47928543253750416,0.002117002145055804,0.001774876898490468,-0.6318523155361082,0.8531928212260041,0.0038317564971053677,0.48301800021667235,0.003885705891446279,0.001774876898490468,-0.6318523155361082,0.8531928212260041,0.0038317564971053677,0.48301800021667235,0.003885705891446279,-0.04880055818258079,-9.468161204058542e-05,-0.031014875257271486,-0.10106883731655802,-0.031279472495355704,-0.10202484985070648,0.3479531338348771,0.380114936282497,-0.41295069440871723,0.7106072166031595,-0.02210800793023092,0.7162143740293364,0.0,True,False,1,True,True,0.0028949999978067353,3,1.2555410837655224e-09,9.54745830431134e-11,`gtol` termination condition is satisfied.,True,True,0.009999999999999787,0.00843855774680946,1.0,0.0010546784109136515,0.00014512563498313033,0.0010546796226787768,0.0001451255818880025
5.269999999999932,1786132509.5818915,0.00668059999588877,0.005917299989960156,0.01,TELEOP,0,,0.0,5.269999999999932,527,0.0,0.043250000000001704,0.0067499999999983025,0.0,0.0,0.0,1.0,0.0001871679517554266,0.0453622658464397,0.004450635077933658,0.0,0.0,0.0,1.0,-0.01594384961447338,-0.21147095071304048,0.2780003520660801,-0.1305261922200515,0.0,0.0,0.9914448613738105,-0.015929014377683286,-0.21138379680647784,0.27782841470216496,-0.1305261922200515,0.0,0.0,0.9914448613738105,-0.015929014056839347,-0.21138379638219268,0.2778284135482751,-0.13052619226278878,-2.8599583769005667e-13,-2.0024377001248812e-11,0.991444861368184,-0.01590162919657456,-0.21084710704450046,0.27686223157559264,-0.13046444492451878,1.2312457476916255e-05,-3.481123666003339e-05,0.9914529879157753,-0.01590162919657456,-0.21084710704450046,0.27686223157559264,-0.13046444492451878,1.2312457476916255e-05,-3.481123666003339e-05,0.9914529879157753,0.0009125383446659603,-0.62643764814425,0.8435839433876885,0.0019126729434239184,0.4789465353286464,0.0019336435109596792,0.0013215499863041495,-0.6318155815939973,0.8528417898844909,0.0028919651859141498,0.48270299765707586,0.0029369221123947756,0.0013215499863041495,-0.6318155815939973,0.8528417898844909,0.0028919651859141498,0.48270299765707586,0.0029369221123947756,-0.04533269121863282,0.0036733942110865033,-0.03510313415132909,-0.09397913111912379,-0.031500255959649635,-0.09487837790515234,0.3467866963948047,0.3768075823127169,-0.4088258894057693,0.7089706197434386,-0.022078346429393825,0.714647194555429,0.0,True,False,1,True,True,0.0027316000050632283,3,1.2705985085044607e-09,9.506186730974357e-11,`gtol` termination condition is satisfied.,True,True,0.009999999999999787,0.00886258544449492,1.0,0.001105573597776634,0.00014480596646949525,0.0011055748200952979,0.000144805911469442
5.279999999999932,1786132509.5877624,0.006127800006652251,0.005660599999828264,0.01,TELEOP,0,,0.0,5.279999999999932,528,0.0,0.043000000000001704,0.006999999999998297,0.0,0.0,0.0,1.0,0.0001700701504355353,0.04514645879813377,0.004683540743099313,0.0,0.0,0.0,1.0,-0.015948978954869346,-0.2115154026669195,0.2780845994374525,-0.1305261922200515,0.0,0.0,0.9914448613738105,-0.01593519022661646,-0.21142450780702815,0.27790766297320907,-0.1305261922200515,0.0,0.0,0.9914448613738105,-0.01593518992896029,-0.21142450737062332,0.27790766180133003,-0.130526192263288,-2.9433153179603235e-13,-1.8582509223424074e-11,0.9914448613681183,-0.01593402216755111,-0.21084746363218068,0.2769086034401052,-0.1304650457705368,1.2436982684970966e-05,-3.510396662132793e-05,0.9914529088389044,-0.01593402216755111,-0.21084746363218068,0.2769086034401052,-0.1304650457705368,1.2436982684970966e-05,-3.510396662132793e-05,0.9914529088389044,0.0008327082509209069,-0.6260207227844741,0.8428263577444325,0.0017464959209294638,0.47860573298416353,0.0017657771178944224,0.0009026055825265288,-0.6317416667386628,0.8524504595426866,0.002022535169648694,0.4823857920838839,0.0020590706969135326,0.0009026055825265288,-0.6317416667386628,0.8524504595426866,0.002022535169648694,0.4823857920838839,0.0020590706969135326,-0.041894440377762965,0.007391485533442576,-0.03913303418042547,-0.08694300162654743,-0.03172055731920128,-0.08778514154812615,0.3438250840869928,0.3718091322356153,-0.4029900029096465,0.7036129492576506,-0.022030135955164627,0.7093236357026339,0.0,True,False,1,True,True,0.0026089000020874664,3,1.2854372216810799e-09,9.480912886598972e-11,`gtol` termination condition is satisfied.,True,True,0.009999999999999787,0.009257846496802391,1.0,0.0011537323991618676,0.00014409193006699702,0.0011537336325049578,0.0001440918734112588
5.289999999999932,1786132509.5943274,0.005863200000021607,0.006362500003888272,0.01,TELEOP,0,,0.0,5.289999999999932,529,0.0,0.04275000000000171,0.007249999999998292,0.0,0.0,0.0,1.0,0.0001545342577542164,0.044927527352995274,0.004918008474997179,0.0,0.0,0.0,1.0,-0.015953639722673742,-0.21156063871369019,0.2781695420570261,-0.1305261922200515,0.0,0.0,0.9914448613738105,-0.015940841579997794,-0.21146620671616256,0.277987880407942,-0.1305261922200515,0.0,0.0,0.9914448613738105,-0.0159408413036024,-0.21146620626851925,0.27798787921923923,-0.13052619226375817,-3.0199149516387594e-13,-1.7260141773087244e-11,0.9914448613680563,-0.01596378999102571,-0.21085206542682666,0.27695860239539083,-0.13046586612035288,1.2550572267892997e-05,-3.536100655660825e-05,0.9914528008783619,-0.01596378999102571,-0.21085206542682666,0.27695860239539083,-0.13046586612035288,1.2550572267892997e-05,-3.536100655660825e-05,0.9914528008783619,0.0007596880205318141,-0.6255951340342883,0.8420582529247236,0.0015943985111306514,0.4782630982673205,0.0016121220830841042,0.0005175807293276347,-0.6316312271997148,0.8520195719611857,0.0012225844834989831,0.4820663904902873,0.0012512697562374654,0.0005175807293276347,-0.6316312271997148,0.8520195719611857,0.0012225844834989831,0.4820663904902873,0.0012512697562374654,-0.03850248531989023,0.011043953894804566,-0.043088758150086476,-0.07999506861497283,-0.031940159359659076,-0.08078009406760844,0.33919550578728064,0.36524683613620673,-0.3955723969661093,0.6947933011574756,-0.021960204045779846,0.7005047480517854,0.0,True,False,1,True,True,0.0031678999948780984,3,1.2999204471053616e-09,9.468659592062713e-11,`gtol` termination condition is satisfied.,True,True,0.009999999999999787,0.009624101798254125,1.0,0.0011987937252925496,0.00014297126760408175,0.0011987949699415294,0.00014297120952825289
5.299999999999931,1786132509.600404,0.006595799990464002,0.005842999991727993,0.01,TELEOP,0,,0.0,5.299999999999931,530,0.0,0.04250000000000172,0.007499999999998286,0.0,0.0,0.0,1.0,0.0001404175876862652,0.0447057569659283,0.005153895548931523,0.0,0.0,0.0,1.0,-0.01595787472369413,-0.2116065872168341,0.27825511640201017,-0.1305261922200515,0.0,0.0,0.9914448613738105,-0.015946011932687017,-0.21150881873847044,0.27806899898271714,-0.1305261922200515,0.0,0.0,0.9914448613738105,-0.015946011675789587,-0.21150881828040874,0.278068997778289,-0.1305261922642001,-3.090302318883342e-13,-1.6047112789787098e-11,0.9914448613679981,-0.015990983721800786,-0.21086082309624016,0.2770121457486807,-0.1304669066115738,1.2650126513406968e-05,-3.5574383450866784e-05,0.9914526639500468,-0.015990983721800786,-0.21086082309624016,0.2770121457486807,-0.1304669066115738,1.2650126513406968e-05,-3.5574383450866784e-05,0.9914526639500468,0.0006929118159451638,-0.6251615304390126,0.8412803562315826,0.001455218417216835,0.4779187061214585,0.0014715061565923246,0.00016585885755238052,-0.6314850625059519,0.8515500137911322,0.0004909118679570092,0.4817448023324847,0.0005123149800646443,0.00016585885755238052,-0.6314850625059519,0.8515500137911322,0.0004909118679570092,0.4817448023324847,0.0005123149800646443,-0.03517218717752616,0.014616469376280632,-0.046955817005359134,-0.07316726155419895,-0.03215881578026307,-0.07389547761728368,0.3330298142364137,0.3572515481476143,-0.38670588552727414,0.6827807060774022,-0.02186564206039949,0.6884616450324912,0.0,True,False,1,True,True,0.0026686000055633485,3,1.3139497795154319e-09,9.46676057256687e-11,`gtol` termination condition is satisfied.,True,True,0.009999999999999787,0.009961319036462135,1.0,0.0012405065320727658,0.00014143875311720228,0.0012405077881491836,0.00014143869384703188
5.309999999999931,1786132509.606744,0.006113000010373071,0.006070600007660687,0.01,TELEOP,0,,0.0,5.309999999999931,531,0.0,0.042250000000001724,0.007749999999998281,0.0,0.0,0.0,1.0,0.00012759048959111176,0.044481407015207454,0.005391072279615121,0.0,0.0,0.0,1.0,-0.015961722853122674,-0.21165318308380565,0.2783412647528831,-0.1305261922200515,0.0,0.0,0.9914448613738105,-0.01595074113460795,-0.21155227438080976,0.2781509547031695,-0.1305261922200515,0.0,0.0,0.9914448613738105,-0.015950740895592796,-0.21155227391309284,0.27815095348404906,-0.13052619226461565,-3.15499359438746e-13,-1.493432580772275e-11,0.9914448613679435,-0.016015664353076598,-0.2108736318957931,0.2770691383497454,-0.1304681643448737,1.2732649132674562e-05,-3.573650355292332e-05,0.9914524984351298,-0.016015664353076598,-0.2108736318957931,0.2770691383497454,-0.1304681643448737,1.2732649132674562e-05,-3.573650355292332e-05,0.9914524984351298,0.0006318610461158515,-0.6247205156103158,0.8404933501298392,0.0013278899053466877,0.4775726322014188,0.0013428544175799577,-0.00015331673193213466,-0.6313041021832274,0.8510428030820463,-0.00017397568214126225,0.4814210397841443,-0.00015929259644436472,-0.00015331673193213466,-0.6313041021832274,0.8510428030820463,-0.00017397568214126225,0.4814210397841443,-0.00015929259644436472,-0.0319175589484522,0.01809603227244891,-0.05072107090858814,-0.06648875500982857,-0.032376254834036874,-0.06716075765090233,0.32546282290740347,0.3479562896168353,-0.37652539032290916,0.6678506544370523,-0.021743905377381047,0.6734719966381497,0.0,True,False,1,True,True,0.0026294000126654282,3,1.3274569485565605e-09,9.473162512617461e-11,`gtol` termination condition is satisfied.,True,True,0.009999999999999787,0.010269657559549561,1.0,0.0012787079524992201,0.00013949596764802004,0.001278709219995567,0.00013949590740000787
5.319999999999931,1786132509.6131012,0.006378399993991479,0.006048800001735799,0.01,TELEOP,0,,0.0,5.319999999999931,532,0.0,0.04200000000000173,0.007999999999998276,0.0,0.0,0.0,1.0,0.00011593515726532996,0.04425471318423256,0.0056294208299967705,0.0,0.0,0.0,1.0,-0.01596521945282041,-0.21170036716834198,0.27842793466328386,-0.1305261922200515,0.0,0.0,0.9914448613738105,-0.01595506574788604,-0.21159650907892544,0.2782336874622992,-0.1305261922200515,0.0,0.0,0.9914448613738105,-0.01595506552527018,-0.2115965086022632,0.27823368622945704,-0.130526192265006,-3.214452402887757e-13,-1.3913570313168628e-11,0.9914448613678921,-0.01603790182080872,-0.21089037322212253,0.2771294738673951,-0.13046963308385484,1.279529151180125e-05,-3.584026181663959e-05,0.9914523051537681,-0.01603790182080872,-0.21089037322212253,0.2771294738673951,-0.13046963308385484,1.279529151180125e-05,-3.584026181663959e-05,0.9914523051537681,0.0005760597934121275,-0.6242726511850386,0.8396978742265065,0.0012114344572395654,0.47722495179540164,0.0012251798527205815,-0.0004408292408669392,-0.6310893923665759,0.8504990757038874,-0.0007738350326523124,0.48109511794824383,-0.000765318482902868,-0.0004408292408669392,-0.6310893923665759,0.8504990757038874,-0.0007738350326523124,0.48109511794824383,-0.000765318482902868,-0.028751250893481066,0.021470981665153654,-0.054372737815886085,-0.059985935051106304,-0.032592183590049534,-0.06060258864585162,0.31663080549711986,0.33749493927048163,-0.36516669072980207,0.65028199587224,-0.02159287560126623,0.6558169005050851,0.0,True,False,1,True,True,0.0027992999966954812,3,1.340397144612686e-09,9.48604884918008e-11,`gtol` termination condition is satisfied.,True,True,0.009999999999999787,0.010549452952207106,1.0,0.0013133065017258295,0.00013715092103742992,0.0013133077805339607,0.00013715086002166445
5.329999999999931,1786132509.6192172,0.006265999996685423,0.00589899999613408,0.01,TELEOP,0,,0.0,5.329999999999931,533,0.0,0.04175000000000173,0.008249999999998271,0.0,0.0,0.0,1.0,0.00010534454681376717,0.044025889625788676,0.005868834128891428,0.0,0.0,0.0,1.0,-0.015968396635955878,-0.21174808572734985,0.2785150784783197,-0.1305261922200515,0.0,0.0,0.9914448613738105,-0.015959019350496616,-0.21164146286068206,0.27831714088638493,-0.1305261922200515,0.0,0.0,0.9914448613738105,-0.015959019142917585,-0.2116414623757349,0.2783171396407314,-0.13052619226537268,-3.269113929360461e-13,-1.2977388681624e-11,0.9914448613678438,-0.01605777401998291,-0.21091091616372146,0.2771930360748541,-0.13047130351631467,1.2835393019861503e-05,-3.5879137389898015e-05,0.9914520853307506,-0.01605777401998291,-0.21091091616372146,0.2771930360748541,-0.13047130351631467,1.2835393019861503e-05,-3.5879137389898015e-05,0.9914520853307506,0.0005250709184370974,-0.6238184595335894,0.8388945272718622,0.0011049528172503355,0.4768757390345727,0.0011175753412736348,-0.0006976747340620105,-0.6308420824455274,0.849920071798686,-0.0013106589661075639,0.48076705502287903,-0.0013077665605997165,-0.0006976747340620105,-0.6308420824455274,0.849920071798686,-0.0013106589661075639,0.48076705502287903,-0.0013077665605997165,-0.02568454931950768,0.024730992104853643,-0.057900390520135216,-0.0536823933455263,-0.03280629253648369,-0.054244807769685995,0.3066701573973448,0.32600104397000573,-0.35276527042492056,0.6303541705580142,-0.02141089464341601,0.6357780876165762,0.0,True,False,1,True,True,0.0027212999993935227,3,1.352743697526597e-09,9.503963395245611e-11,`gtol` termination condition is satisfied.,True,True,0.009999999999999787,0.01080120147738084,1.0,0.0013442689911060857,0.00013441754804946593,0.0013442702810417583,0.00013441748647106386
5.339999999999931,1786132509.6259375,0.00610650000453461,0.0065128999995067716,0.01,TELEOP,0,,0.0,5.339999999999931,534,0.0,0.04150000000000174,0.008499999999998264,0.0,0.0,0.0,1.0,9.572139339485639e-05,0.04379513092866592,0.006109214887476549,0.0,0.0,0.0,1.0,-0.01597128358198155,-0.21179628992738794,0.2786026528968693,-0.1305261922200515,0.0,0.0,0.9914448613738105,-0.015962632798967286,-0.21168708003841505,0.2784012621734717,-0.1305261922200515,0.0,0.0,0.9914448613738105,-0.015962632605172652,-0.21168707954579677,0.27840126091585954,-0.13052619226571674,-3.3193685024928085e-13,-1.2118974227685058e-11,0.9914448613677985,-0.016075365838971786,-0.21093511903611212,0.27725970013179946,-0.1304731635643675,1.2850517071646492e-05,-3.584727504158404e-05,0.9914518405547205,-0.016075365838971786,-0.21093511903611212,0.27725970013179946,-0.1304731635643675,1.2850517071646492e-05,-3.584727504158404e-05,0.9914518405547205,0.00047849268322855783,-0.6233584262654982,0.8380838691582392,0.0010076181044654541,0.4765250663168203,0.0010192067143123336,-0.0009249486068707534,-0.6305634118499828,0.8493071223672484,-0.0017866484254514556,0.48043687241972477,-0.0017888510951904954,-0.0009249486068707534,-0.6305634118499828,0.8493071223672484,-0.0017866484254514556,0.48043687241972477,-0.0017888510951904954,-0.022727387280874766,0.027867059554469397,-0.0612949431437675,-0.047598945934390194,-0.033018260315428614,-0.04810845345907892,0.29571620386329794,0.3136067449615821,-0.33945526236323603,0.6083447411136231,-0.02119677789449298,0.6136354310607202,0.0,True,False,1,True,True,0.0032848999981069937,3,1.3644843447530926e-09,9.525630134935773e-11,`gtol` termination condition is satisfied.,True,True,0.009999999999999787,0.011025544526823805,1.0,0.0013716101537360667,0.0001313151061380394,0.0013716114545599374,0.00013131504419964176
5.34999999999993,1786132509.6319838,0.006734499998856336,0.005824499996379018,0.01,TELEOP,0,,0.0,5.34999999999993,535,0.0,0.041250000000001744,0.00874999999999826,0.0,0.0,0.0,1.0,8.697731780467089e-05,0.04356261390468222,0.0063504747056253915,0.0,0.0,0.0,1.0,-0.015973906804658607,-0.2118449353962168,0.2786906185738633,-0.1305261922200515,0.0,0.0,0.9914448613738105,-0.015965934459043797,-0.21173330892520006,0.2784860019280198,-0.1305261922200515,0.0,0.0,0.9914448613738105,-0.015965934277881916,-0.21173330842548096,0.2784860006592471,-0.1305261922660397,-3.365590812875076e-13,-1.1332091502123833e-11,0.991444861367756,-0.016090768217208812,-0.21096283089059517,0.27732933385179237,-0.1304751987310995,1.2838482690831656e-05,-3.5739552622505046e-05,0.9914515727325959,-0.016090768217208812,-0.21096283089059517,0.27732933385179237,-0.1304751987310995,1.2838482690831656e-05,-3.5739552622505046e-05,0.9914515727325959,0.0004359557798469619,-0.6228930025647331,0.8372664228982447,0.0009186697564777765,0.47617300389141,0.0009293066526096886,-0.0011238322653710066,-0.6302546970729193,0.8486616360865624,-0.0022041851646977385,0.4801045948353867,-0.0022109691564278764,-0.0011238322653710066,-0.6302546970729193,0.8486616360865624,-0.0022041851646977385,0.4801045948353867,-0.0022109691564278764,-0.01988836585002574,0.03087147770635358,-0.0645486280685949,-0.04175367392462917,-0.03322775843380594,-0.04221180612373901,0.28390214308490885,0.3004418151884249,-0.325368492482747,0.584527200976115,-0.020949811837732715,0.5896647335340038,0.0,True,False,1,True,True,0.0026618999982019886,3,1.3756173030911219e-09,9.550087987660757e-11,`gtol` termination condition is satisfied.,True,True,0.009999999999999787,0.011223253209009187,1.0,0.0013953842652255713,0.00012786750147240124,0.001395385576659695,0.0001278674393752236
5.35999999999993,1786132509.6379015,0.006058099999791011,0.00568409998959396,0.01,TELEOP,0,,0.0,5.35999999999993,536,0.0,0.04100000000000175,0.008999999999998254,0.0,0.0,0.0,1.0,7.90320146901572e-05,0.04332849921250548,0.0065925332598724806,0.0,0.0,0.0,1.0,-0.015976290395592962,-0.21189398181530222,0.27877893975889184,-0.1305261922200515,0.0,0.0,0.9914448613738105,-0.015968950410734938,-0.21178010157136232,0.2785713139944102,-0.1305261922200515,0.0,0.0,0.9914448613738105,-0.015968950241146675,-0.21178010106507172,0.27857131271522273,-0.1305261922663428,-3.4081108125776164e-13,-1.0611013614537597e-11,0.991444861367716,-0.016104077230619573,-0.2109938929868058,0.2774017989448357,-0.13047739247196488,1.279739137230382e-05,-3.555163482696848e-05,0.9914512840407363,-0.016104077230619573,-0.2109938929868058,0.2774017989448357,-0.13047739247196488,1.279739137230382e-05,-3.555163482696848e-05,0.9914512840407363,0.0003971206832440273,-0.6224226073776067,0.8364426765682011,0.0008374081373625344,0.47581961956559926,0.0008471692541620823,-0.001295580112408635,-0.6299173190155047,0.8479850864437228,-0.0025658049999647474,0.4797702502770366,-0.0025766736402663805,-0.001295580112408635,-0.6299173190155047,0.8479850864437228,-0.0025658049999647474,0.4797702502770366,-0.0025766736402663805,-0.017174784703763213,0.03373780574145779,-0.06765496428396281,-0.03616198352670167,-0.03343445583500783,-0.036570448383851185,0.27135811462625853,0.2866328035104266,-0.31063362153679747,0.559169039792762,-0.020669740120189337,0.5641357739887944,0.0,True,False,1,True,True,0.002626300003612414,3,1.3861496844769395e-09,9.576510867825305e-11,`gtol` termination condition is satisfied.,True,True,0.009999999999999787,0.01139521318831771,1.0,0.0014156782490168927,0.00012410256855265964,0.001415679570758794,0.0001241025064984312
5.36999999999993,1786132509.6453488,0.005921899995882995,0.0072106000006897375,0.01,TELEOP,0,,0.0,5.36999999999993,537,0.0,0.04075000000000176,0.00924999999999825,0.0,0.0,0.0,1.0,7.181251493234246e-05,0.043092932833175515,0.006835317565555601,0.0,0.0,0.0,1.0,-0.015978456245520304,-0.21194339254953345,0.27886758396782185,-0.1305261922200515,0.0,0.0,0.9914448613738105,-0.01597170463242289,-0.2118274135185696,0.2786571552913278,-0.1305261922200515,0.0,0.0,0.9914448613738105,-0.015971704473434302,-0.21182741300619884,0.2786571540024221,-0.1305261922666273,-3.4472438931934925e-13,-9.95047025766328e-12,0.9914448613676786,-0.016115393208562024,-0.21102814022048505,0.2774769522258341,-0.13047972657989215,1.2725649100684433e-05,-3.528001366217248e-05,0.9914509768743057,-0.016115393208562024,-0.21102814022048505,0.2774769522258341,-0.13047972657989215,1.2725649100684433e-05,-3.528001366217248e-05,0.9914509768743057,0.0003616752693547555,-0.6219476294696946,0.8356130852060065,0.0007631896879499019,0.4754649785044569,0.0007721451483283435,-0.001441506920930883,-0.6295527107299177,0.8472789992625246,-0.0028741718302934334,0.47943387004457283,-0.0028886470644197697,-0.001441506920930883,-0.6295527107299177,0.8472789992625246,-0.0028741718302934334,0.47943387004457283,-0.0028886470644197697,-0.01459268085222509,0.03646082855870439,-0.0706087181198244,-0.03083668303286925,-0.03363802324638198,-0.03119734241533959,0.2582103851538178,0.27230228172466586,-0.29537538358616494,0.5325300493832534,-0.020356741137415466,0.5373105968511712,0.0,True,False,1,True,True,0.0030664000078104436,3,1.3960942228252592e-09,9.604241948913228e-11,`gtol` termination condition is satisfied.,True,True,0.009999999999999787,0.011542409875521686,1.0,0.0014326059025589612,0.00012005132705407662,0.0014326072342915888,0.0001200512652468729
5.37999999999993,1786132509.6513913,0.007431300007738173,0.005820800011861138,0.01,TELEOP,0,,0.0,5.37999999999993,538,0.0,0.04050000000000176,0.009499999999998244,0.0,0.0,0.0,1.0,6.525251542206594e-05,0.0428560474108662,0.0070787613063594875,0.0,0.0,0.0,1.0,-0.01598042424537339,-0.2119931343107581,0.2789565216844094,-0.1305261922200515,0.0,0.0,0.9914448613738105,-0.015974219167514576,-0.2118752035695438,0.27874348564852924,-0.1305261922200515,0.0,0.0,0.9914448613738105,-0.015974219018230096,-0.21187520305154817,0.27874348435055474,-0.1305261922668942,-3.483274268970671e-13,-9.345605160060435e-12,0.9914448613676435,-0.016124819885431865,-0.21106540249899014,0.277554646780812,-0.13048218157402802,1.2621983444534987e-05,-3.492203614676203e-05,0.991450653796153,-0.016124819885431865,-0.21106540249899014,0.277554646780812,-0.13048218157402802,1.2621983444534987e-05,-3.492203614676203e-05,0.991450653796153,0.0003293326547625346,-0.6214684293639042,0.8347780726553647,0.0006954225283473628,0.4751091431024306,0.0007036370657193739,-0.001562975665022851,-0.62916234562531,0.8465449406894321,-0.003132052575048614,0.47909548867216056,-0.003149676285656634,-0.001562975665022851,-0.62916234562531,0.8465449406894321,-0.003132052575048614,0.47909548867216056,-0.003149676285656634,-0.012146874409197067,0.0390365104607661,-0.07340585730925553,-0.025788074475518587,-0.03383813724122671,-0.026102922123686992,0.24458064430280754,0.25756819020617655,-0.27971391894311937,0.5048608557350769,-0.020011399484473384,0.5094420291652705,0.0,True,False,1,True,True,0.002670899993972853,3,1.4054690189199803e-09,9.632719673850186e-11,`gtol` termination condition is satisfied.,True,True,0.009999999999999787,0.011665914056518067,1.0,0.0014463029846325632,0.00011574723748411446,0.0014463043260331924,0.00011574717613216587
5.3899999999999295,1786132509.6584446,0.006034099991666153,0.00683980000030715,0.01,TELEOP,0,,0.0,5.3899999999999295,539,0.0,0.040250000000001764,0.00974999999999824,0.0,0.0,0.0,1.0,5.9291770070206765e-05,0.042617963471192497,0.007322804225105014,0.0,0.0,0.0,1.0,-0.015982212468978945,-0.21204317685204666,0.27904572608916733,-0.1305261922200515,0.0,0.0,0.9914448613738105,-0.015976514276252855,-0.2119234335719012,0.27883026764711416,-0.1305261922200515,0.0,0.0,0.9914448613738105,-0.015976514135849294,-0.21192343304870287,0.2788302663406764,-0.13052619226714463,-3.516467759961175e-13,-8.791939326058845e-12,0.9914448613676106,-0.016132463589566097,-0.21110550605812844,0.2776347330838148,-0.13048473708312716,1.2485455710939887e-05,-3.4475919851714754e-05,0.991450317486394,-0.016132463589566097,-0.21110550605812844,0.2776347330838148,-0.13048473708312716,1.2485455710939887e-05,-3.4475919851714754e-05,0.991450317486394,0.00029982922513035185,-0.6209853411689494,0.8339380333504757,0.0006335624450963199,0.4747521729104549,0.0006410957956165861,-0.0016613858687033142,-0.6287477261929172,0.8457845056964656,-0.0033422931534343022,0.4787551438324375,-0.003362628265670475,-0.0016613858687033142,-0.6287477261929172,0.8457845056964656,-0.0033422931534343022,0.4787551438324375,-0.003362628265670475,-0.009841020368046524,0.04146194323928596,-0.07604349929664836,-0.02102405783856927,-0.03403448397230897,-0.021295198001384553,0.23058540411505912,0.24254327785199112,-0.2637641987392886,0.47640166369494197,-0.019634673108225843,0.48077241223025413,0.0,True,False,1,True,True,0.003371700004208833,3,1.414294593482483e-09,9.661526275371505e-11,`gtol` termination condition is satisfied.,True,True,0.009999999999999787,0.011766868034067346,1.0,0.001456922977472331,0.00011122547498467504,0.0014569243282177352,0.00011122541430210335
5.399999999999929,1786132509.6645324,0.007081800009473227,0.0058458999992581084,0.01,TELEOP,0,,0.0,5.399999999999929,540,0.0,0.04000000000000177,0.009999999999998233,0.0,0.0,0.0,1.0,5.38755364571744e-05,0.04237879052824381,0.007567391570189872,0.0,0.0,0.0,1.0,-0.015983837339062855,-0.21209349268988004,0.2791351728130001,-0.1305261922200515,0.0,0.0,0.9914448613738105,-0.015978608574694943,-0.21197206821495784,0.2789174664641211,-0.1305261922200515,0.0,0.0,0.9914448613738105,-0.015978608442415828,-0.21197206768694743,0.2789174651497835,-0.13052619226737977,-3.547066167655196e-13,-8.285339742990988e-12,0.9914448613675796,-0.016138432471618464,-0.21114827471490147,0.2777170600584882,-0.13048737221577017,1.2315468211204008e-05,-3.394075696959327e-05,0.9914499706937195,-0.016138432471618464,-0.21114827471490147,0.2777170600584882,-0.13048737221577017,1.2315468211204008e-05,-3.394075696959327e-05,0.9914499706937195,0.00027292282732955614,-0.6204986743055846,0.8330933340370692,0.000577109211363543,0.47439412460626307,0.000584016478865896,-0.0017381625227990668,-0.6283103732973395,0.8449993071497227,-0.003507795611643422,0.478412876206954,-0.0035304269921794394,-0.0017381625227990668,-0.6283103732973395,0.8449993071497227,-0.003507795611643422,0.478412876206954,-0.0035304269921794394,-0.007677665409575422,0.04373528955777083,-0.0785198546742862,-0.01655024582091231,-0.0342267625483488,-0.01677987265089679,0.21633549584711484,0.22733463184849234,-0.24763553776378952,0.44738120176570545,-0.01922785760398322,0.45153253504878593,0.0,True,False,1,True,True,0.0026858000055653974,3,1.4225948275111748e-09,9.690337023043556e-11,`gtol` termination condition is satisfied.,True,True,0.009999999999999787,0.0118464723459899,1.0,0.0014646333890467637,0.00010652223821329946,0.0014646347488187826,0.00010652217842183772
5.409999999999929,1786132509.6709754,0.0060932999913347885,0.006195599999045953,0.01,TELEOP,0,,0.0,5.409999999999929,541,0.0,0.03975000000000178,0.010249999999998228,0.0,0.0,0.0,1.0,4.895407303777219e-05,0.04213862809050476,0.007812473592597569,0.0,0.0,0.0,1.0,-0.015985313778088674,-0.21214405685171164,0.27922483971334244,-0.1305261922200515,0.0,0.0,0.9914448613738105,-0.015980519162424132,-0.21202107483856733,0.27900504972204165,-0.1305261922200515,0.0,0.0,0.9914448613738105,-0.01598051903757455,-0.21202107430610645,0.27900504840032864,-0.13052619226760076,-3.575293864309609e-13,-7.82199174920366e-12,0.9914448613675505,-0.016142835774171586,-0.21119353105169464,0.27780147607936906,-0.13049006591081264,1.2111766753566387e-05,-3.331650765520428e-05,0.9914496161892985,-0.016142835774171586,-0.21119353105169464,0.27780147607936906,-0.13049006591081264,1.2111766753566387e-05,-3.331650765520428e-05,0.9914496161892985,0.0002483911057242386,-0.6200087151365601,0.8322443154269519,0.0005256032000098003,0.4740350519983761,0.0005319351957449632,-0.001794745611077651,-0.627851816072499,0.8441909654838003,-0.0036314964843653023,0.4780687293265901,-0.003656031642952072,-0.001794745611077651,-0.627851816072499,0.8441909654838003,-0.0036314964843653023,0.4780687293265901,-0.003656031642952072,-0.005658308827858552,0.04585572248405338,-0.08083416659224205,-0.012370087272188302,-0.03441468803638772,-0.012560465077263534,0.2019356581716914,0.21204329262825938,-0.23143119179558982,0.4180158548724097,-0.018792548803892493,0.42194075736333453,0.0,True,False,1,True,True,0.0025931999989552423,3,1.4303941088671114e-09,9.718915623735894e-11,`gtol` termination condition is satisfied.,True,True,0.009999999999999787,0.011905973112653512,1.0,0.0014696124974570778,0.00010167410779317548,0.0014696138659447075,0.00010167404912433415
5.419999999999929,1786132509.6776676,0.006424999999580905,0.006462599994847551,0.01,TELEOP,0,,0.0,5.419999999999929,542,0.0,0.039500000000001784,0.010499999999998223,0.0,0.0,0.0,1.0,4.448218228214504e-05,0.04189756657489657,0.008058005088855801,0.0,0.0,0.0,1.0,-0.015986655345315366,-0.2121948466465855,0.27931470667074765,-0.1305261922200515,0.0,0.0,0.9914448613738105,-0.015982261740240016,-0.21207042325321634,0.27909298734367294,-0.1305261922200515,0.0,0.0,0.9914448613738105,-0.015982261622181863,-0.21207042271663934,0.27909298601507154,-0.13052619226780834,-3.601355171954008e-13,-7.398374272161904e-12,0.9914448613675232,-0.016145783143984772,-0.2112410975283373,0.27788782990892474,-0.1304927972626891,1.187443854122706e-05,-3.2603983424530116e-05,0.9914492567239822,-0.016145783143984772,-0.2112410975283373,0.27788782990892474,-0.1304927972626891,1.187443854122706e-05,-3.2603983424530116e-05,0.9914492567239822,0.00022602996709741096,-0.6195157285054306,0.8313912937844046,0.0004786222577206496,0.47367500605637,0.0004844258167239996,-0.0018325802782623605,-0.627373582452735,0.8433610990143479,-0.0037163464597625416,0.4777227493857689,-0.0037424160626903474,-0.0018325802782623605,-0.627373582452735,0.8433610990143479,-0.0037163464597625416,0.4777227493857689,-0.0037424160626903474,-0.00378346671847103,0.04782336197640194,-0.08298664694524667,-0.008484997539724114,-0.03459799408211939,-0.008638441973827717,0.18748421093875614,0.19676394923485963,-0.2152480353004675,0.388508973246427,-0.018330604573167653,0.39220231034359004,0.0,True,False,1,True,True,0.0029617999971378595,3,1.4377184280194634e-09,9.747028841585528e-11,`gtol` termination condition is satisfied.,True,True,0.009999999999999787,0.011946650056848473,1.0,0.0014720464653766386,9.67174664206768e-05,0.0014720478422787912,9.671740911837088e-05
5.429999999999929,1786132509.6835847,0.0066799000051105395,0.0057000999950105324,0.01,TELEOP,0,,0.0,5.429999999999929,543,0.0,0.03925000000000178,0.010749999999998218,0.0,0.0,0.0,1.0,4.041879555565375e-05,0.04165568813732959,0.008303944985747071,0.0,0.0,0.0,1.0,-0.015987874361333313,-0.21224584145670622,0.2794047554040569,-0.1305261922200515,0.0,0.0,0.9914448613738105,-0.015983850718836422,-0.21212008557072035,0.2791812514125915,-0.1305261922200515,0.0,0.0,0.9914448613738105,-0.015983850606984023,-0.2121200850303361,0.27918125007755407,-0.13052619226800333,-3.6254363757494064e-13,-7.0112377531555606e-12,0.9914448613674974,-0.01614738398794412,-0.21129079751929902,0.277975971567333,-0.13049554581739325,1.1603905712009435e-05,-3.1804821431666274e-05,0.9914488949893602,-0.01614738398794412,-0.21129079751929902,0.277975971567333,-0.13049554581739325,1.1603905712009435e-05,-3.1804821431666274e-05,0.9914488949893602,0.00020565216163320938,-0.6190199591886415,0.8305345624435239,0.00043577881444865386,0.47331403496157376,0.00044109709016285786,-0.0018531076645712924,-0.6268771903619507,0.8425113149133857,-0.0037652914005835455,0.4773749850342926,-0.003792549606111176,-0.0018531076645712924,-0.6268771903619507,0.8425113149133857,-0.0037652914005835455,0.4773749850342926,-0.003792549606111176,-0.002052738630893224,0.04963920907843334,-0.08497841009621496,-0.0048944940821005175,-0.03477643514763385,-0.005013354342082979,0.17307280875778427,0.18158471020314368,-0.19917631509683323,0.3590503457623673,-0.017844106551446737,0.3625087631744814,0.0,True,False,1,True,True,0.0026122999988729134,3,1.4445937075071565e-09,9.774504326859398e-11,`gtol` termination condition is satisfied.,True,True,0.009999999999999787,0.011969805229943287,1.0,0.0014721267709851052,9.168799042841314e-05,0.0014721281560114005,9.168793475119991e-05
5.4399999999999284,1786132509.6908712,0.005910299994866364,0.00707690000126604,0.01,TELEOP,0,,0.0,5.4399999999999284,544,0.0,0.03900000000000179,0.010999999999998213,0.0,0.0,0.0,1.0,3.672659592406457e-05,0.041413067427391446,0.008550255962957751,0.0,0.0,0.0,1.0,-0.01598898202122279,-0.2122970225480468,0.27949496930245327,-0.1305261922200515,0.0,0.0,0.9914448613738105,-0.01598529931930109,-0.21217003604494167,0.2792698160394269,-0.1305261922200515,0.0,0.0,0.9914448613738105,-0.015985299213117133,-0.21217003550103564,0.27926981469837286,-0.13052619226818676,-3.647713580276039e-13,-6.657584437258267e-12,0.9914448613674733,-0.01614774687347979,-0.21134245627406795,0.2780657531328985,-0.13049829183610812,1.1300914808218691e-05,-3.092145046721851e-05,0.9914485335830656,-0.01614774687347979,-0.21134245627406795,0.2780657531328985,-0.13049829183610812,1.1300914808218691e-05,-3.092145046721851e-05,0.9914485335830656,0.00018708596954243077,-0.6185216332649214,0.8296743932563642,0.00039671720691667703,0.4729521841735911,0.0004015899455305591,-0.0018577564240064685,-0.626364139576669,0.8416432008648855,-0.003781254758784049,0.4770254871505733,-0.003809379385138314,-0.0018577564240064685,-0.626364139576669,0.8416432008648855,-0.003781254758784049,0.4770254871505733,-0.003809379385138314,-0.0004648759435176258,0.05130507852816753,-0.08681140485001752,-0.0015963358200503895,-0.0349497883719293,-0.0016829779027138195,0.1587862687375632,0.16658694497342266,-0.1832994753802608,0.3298158262050198,-0.01733532242954531,0.3330376439369231,0.0,True,False,1,True,True,0.0037921999901300296,3,1.4510460905585546e-09,9.801266405382417e-11,`gtol` termination condition is satisfied.,True,True,0.009999999999999787,0.011976752469861851,1.0,0.001470047915109683,8.662022047636857e-05,0.001470049307981094,8.662016670021088e-05
5.449999999999928,1786132509.6969807,0.007300199999008328,0.005885299993678927,0.01,TELEOP,0,,0.0,5.449999999999928,545,0.0,0.0387500000000018,0.011249999999998206,0.0,0.0,0.0,1.0,3.3371675418931345e-05,0.0411697722740992,0.008796904110200097,0.0,0.0,0.0,1.0,-0.01598998849737433,-0.2123483728982559,0.2795853332728575,-0.1305261922200515,0.0,0.0,0.9914448613738105,-0.015986619666139856,-0.2122202509220121,0.2793586572340307,-0.1305261922200515,0.0,0.0,0.9914448613738105,-0.015986619565131564,-0.21222025037484743,0.2793586558873491,-0.13052619226835954,-3.6683418030187356e-13,-6.334648519763069e-12,0.9914448613674506,-0.016146978973935345,-0.21139590179948647,0.2781570294718384,-0.13050101652452317,1.0966522510603125e-05,-2.9957049537626552e-05,0.9914481749785901,-0.016146978973935345,-0.21139590179948647,0.2781570294718384,-0.13050101652452317,1.0966522510603125e-05,-2.9957049537626552e-05,0.9914481749785901,0.00017017398452707147,-0.6180209594056996,0.828811037972213,0.00036111119826058135,0.47258949650889176,0.0003655749940936074,-0.0018479349367627866,-0.6258359042723068,0.8407583174114501,-0.0037671214068772576,0.47667430859993004,-0.003795813943835192,-0.0018479349367627866,-0.6258359042723068,0.8407583174114501,-0.0037671214068772576,0.47667430859993004,-0.003795813943835192,0.0009821487243682151,0.05282353043621567,-0.08848834534353861,0.0014133351906791833,-0.03511785506432515,0.0013565441303122132,0.14470246678858717,0.15184519080481695,-0.16769404935211285,0.3009671010729637,-0.01680666923958516,0.30395220330260975,0.0,True,False,1,True,True,0.002729600004386157,3,1.4571009528809786e-09,9.827268963308593e-11,`gtol` termination condition is satisfied.,True,True,0.009999999999999787,0.01196880760852137,1.0,0.001466005373845748,8.154721719877254e-05,0.0014660067742942667,8.154716562029623e-05
5.459999999999928,1786132509.7033868,0.006135800009360537,0.0061557000008178875,0.01,TELEOP,0,,0.0,5.459999999999928,546,0.0,0.038500000000001804,0.011499999999998201,0.0,0.0,0.0,1.0,3.0323223614684953e-05,0.04092586430901124,0.00904385861565824,0.0,0.0,0.0,1.0,-0.0159909030329156,-0.2123998770402848,0.27967583360126475,-0.1305261922200515,0.0,0.0,0.9914448613738105,-0.015987822873428252,-0.21227070829958614,0.2794477527835698,-0.1305261922200515,0.0,0.0,0.9914448613738105,-0.015987822777143987,-0.21227070774940537,0.2794477514316209,-0.13052619226852202,-3.687468658238771e-13,-6.039880626776535e-12,0.9914448613674293,-0.01614518555911456,-0.21145096566349592,0.27824965889694625,-0.13050370222686355,1.0602078007934886e-05,-2.8915499894194375e-05,0.9914478214997358,-0.01614518555911456,-0.21145096566349592,0.27824965889694625,-0.13050370222686355,1.0602078007934886e-05,-2.8915499894194375e-05,0.9914478214997358,0.00015477198650905766,-0.6175181300900153,0.8279447295488213,0.0003286616784323984,0.472226012228524,0.000332750211586007,-0.0018250242198222465,-0.6252939262559312,0.839858190996755,-0.003725722896203605,0.47632150398148343,-0.003754708371561351,-0.0018250242198222465,-0.6252939262559312,0.839858190996755,-0.003725722896203605,0.47632150398148343,-0.003754708371561351,0.002291071694054061,0.054197801637566774,-0.09001264146951374,0.004139851067365343,-0.03528046184466335,0.004110557227384192,0.1308922969685874,0.1374271201351136,-0.1524296125975167,0.2726515876686218,-0.01626067803382064,0.2754013097072037,0.0,True,False,1,True,True,0.0026434999890625477,3,1.462783415790203e-09,9.852374446973948e-11,`gtol` termination condition is satisfied.,True,True,0.009999999999999787,0.011947279439237124,1.0,0.0014601937728273946,7.650030609074108e-05,0.0014601951805958365,7.650025703179445e-05
5.469999999999928,1786132509.7097018,0.006383200001437217,0.006087500005378388,0.01,TELEOP,0,,0.0,5.469999999999928,547,0.0,0.03825000000000181,0.011749999999998196,0.0,0.0,0.0,1.0,2.7553244656642424e-05,0.04068139953241993,0.009291091482896788,0.0,0.0,0.0,1.0,-0.015991734026603015,-0.21245152092029806,0.2797664578267483,-0.1305261922200515,0.0,0.0,0.9914448613738105,-0.015988919124616863,-0.2123213879946822,0.27953708213652245,-0.1305261922200515,0.0,0.0,0.9914448613738105,-0.01598891903264279,-0.21232138744170914,0.27953708077964007,-0.13052619226867548,-3.705226530682082e-13,-5.770931711779629e-12,0.991444861367409,-0.01614246953098791,-0.21150748372036307,0.27834350375534805,-0.13050633258452726,1.020920240312584e-05,-2.7801331383959428e-05,0.9914474752997231,-0.01614246953098791,-0.21150748372036307,0.27834350375534805,-0.13050633258452726,1.020920240312584e-05,-2.7801331383959428e-05,0.9914474752997231,0.00014074789697854964,-0.6170133227472494,0.8270756833966976,0.0002990945319053501,0.4718617691324605,0.0003028387893117434,-0.0017903715340378576,-0.624739608883221,0.8389443077027284,-0.00365982414039089,0.47596712936701135,-0.0036888508528042678,-0.0017903715340378576,-0.624739608883221,0.8389443077027284,-0.00365982414039089,0.47596712936701135,-0.0036888508528042678,0.003465268578438973,0.05543173727102074,-0.09138832940264964,0.0065898755812716205,-0.035437461447207344,0.006585751875708439,0.11741968843849368,0.12339356334539921,-0.13756879331359326,0.24500245139063292,-0.015699960254399587,0.24751946483242998,0.0,True,False,1,True,True,0.0028624999977182597,3,1.4681172418696466e-09,9.876665208585334e-11,`gtol` termination condition is satisfied.,True,True,0.009999999999999787,0.011913461447933704,1.0,0.00145280526433545,7.15089147970098e-05,0.0014528066791760547,7.150886860791053e-05
5.479999999999928,1786132509.7162068,0.006304499998805113,0.006288200005656108,0.01,TELEOP,0,,0.0,5.479999999999928,548,0.0,0.03800000000000181,0.011999999999998191,0.0,0.0,0.0,1.0,2.5036300140552117e-05,0.0404364288278236,0.009538577273632012,0.0,0.0,0.0,1.0,-0.015992489109957844,-0.21250329176856386,0.279857194626974,-0.1305261922200515,0.0,0.0,0.9914448613738105,-0.015989917746456965,-0.2123722714196952,0.27962662629251234,-0.1305261922200515,0.0,0.0,0.9914448613738105,-0.01598991765841411,-0.21237227086413563,0.2796266249310047,-0.13052619226881992,-3.721736656159411e-13,-5.525638162320031e-12,0.99144486136739,-0.016138931004312414,-0.2115652967580306,0.2784384309462005,-0.13050889265999957,9.789765577740822e-06,-2.661966399235409e-05,0.9914471383448614,-0.016138931004312414,-0.2115652967580306,0.2784384309462005,-0.13050889265999957,9.789765577740822e-06,-2.661966399235409e-05,0.9914471383448614,0.00012798081104208148,-0.6165067008308976,0.8262040985579258,0.000272158660715247,0.47149680265859506,0.0002755871416368282,-0.0017452846807835575,-0.6241743116523177,0.8380181076752542,-0.003572111511443777,0.4756112420349368,-0.0036009506412044354,-0.0017452846807835575,-0.6241743116523177,0.8380181076752542,-0.003572111511443777,0.4756112420349368,-0.0036009506412044354,0.004508685325430105,0.056529723090326875,-0.09262000274743067,0.008771262894711534,-0.03558873320745138,0.008790021159983449,0.10434167469911544,0.10979858193061547,-0.12316733447810524,0.218138731343996,-0.015127176024403699,0.22042692842750577,0.0,True,False,1,True,True,0.002662600003532134,3,1.4731262688866097e-09,9.900015486292648e-11,`gtol` termination condition is satisfied.,True,True,0.009999999999999787,0.011868624306030862,1.0,0.001444028092076006,6.660050528587657e-05,0.0014440295137504793,6.66004623524974e-05
5.489999999999927,1786132509.7228067,0.006505599987576716,0.006382399995345622,0.01,TELEOP,0,,0.0,5.489999999999927,549,0.0,0.03775000000000182,0.012249999999998186,0.0,0.0,0.0,1.0,2.274927548180547e-05,0.04019099842940174,0.009786292874003073,0.0,0.0,0.0,1.0,-0.015993175217355465,-0.21255517798213797,0.27994803371417354,-0.1305261922200515,0.0,0.0,0.9914448613738105,-0.015990827277465553,-0.2124233414661821,0.2797163676978849,-0.1305261922200515,0.0,0.0,0.9914448613738105,-0.015990827193006985,-0.21242334090822543,0.2797163663320372,-0.13052619226895676,-3.7371137444242414e-13,-5.302008659728602e-12,0.991444861367372,-0.0161346669317015,-0.21162425106875477,0.2785343123697443,-0.13051136902736207,9.34586094934947e-06,-2.5376145440186257e-05,0.9914468124026169,-0.0161346669317015,-0.21162425106875477,0.2785343123697443,-0.13051136902736207,9.34586094934947e-06,-2.5376145440186257e-05,0.9914468124026169,0.00011636010082757454,-0.6159984148264596,0.8253301588211029,0.00024762415205767076,0.4711311459847341,0.0002507630590229384,-0.0016910269765392611,-0.623599345462699,0.8370809802274711,-0.0034651823261346083,0.47525390020240876,-0.0034936274354307887,-0.0016910269765392611,-0.623599345462699,0.8370809802274711,-0.0034651823261346083,0.47525390020240876,-0.0034936274354307887,0.005425770424429752,0.05749661896186779,-0.09371274477830535,0.010692918530917094,-0.03573418325280454,0.010732320577364908,0.09170850989996665,0.09668958715409379,-0.10927420308747052,0.19216556362056,-0.014545004535316288,0.19422994173814997,0.0,True,False,1,True,True,0.002757099995505996,3,1.477832443207907e-09,9.922566667551731e-11,`gtol` termination condition is satisfied.,True,True,0.009999999999999787,0.011814009117328439,1.0,0.0014340453311333526,6.180060330319139e-05,0.0014340467594108825,6.180056405154967e-05
5.499999999999927,1786132509.7288172,0.00660950000747107,0.005783299988252111,0.01,TELEOP,0,,0.0,5.499999999999927,550,0.0,0.037500000000001824,0.01249999999999818,0.0,0.0,0.0,1.0,2.0671167628253908e-05,0.03994515034678594,0.010034217282196542,0.0,0.0,0.0,1.0,-0.01599379864971153,-0.21260716901826476,0.28003896574062087,-0.1305261922200515,0.0,0.0,0.9914448613738105,-0.015991655531310586,-0.2124745823960392,0.2798062901469007,-0.1305261922200515,0.0,0.0,0.9914448613738105,-0.015991655450118856,-0.21247458183585993,0.27980628877697633,-0.1305261922690859,-3.7514559090414746e-13,-5.098210993363049e-12,0.991444861367355,-0.016129770772477604,-0.21168419894465834,0.2786310253096213,-0.13051374983125189,8.879778560624644e-06,-2.4076885684838273e-05,0.9914464990338302,-0.016129770772477604,-0.21168419894465834,0.2786310253096213,-0.13051374983125189,8.879778560624644e-06,-2.4076885684838273e-05,0.9914464990338302,0.00010578458536696568,-0.6154886031964986,0.8244540337742654,0.00022528058060940383,0.47076483013222736,0.00022815399671133473,-0.0016288128895798632,-0.6230159685231444,0.8361342596055228,-0.0033415356916377047,0.47489516275821514,-0.003369402125748404,-0.0016288128895798632,-0.6230159685231444,0.8361342596055228,-0.0033415356916377047,0.47489516275821514,-0.003369402125748404,0.006221408695939913,0.05833769395546244,-0.09467206219483941,0.012364663449690642,-0.03587374441936346,0.012422530968238716,0.07956382715101783,0.08410749935946668,-0.0959317416534084,0.16717449187735842,-0.013956116655892796,0.16902103908738436,0.0,True,False,1,True,True,0.002678600008948706,3,1.482256980469941e-09,9.944199593551024e-11,`gtol` termination condition is satisfied.,True,True,0.009999999999999787,0.011750821406368184,1.0,0.0014230337925270095,5.7132927932105044e-05,0.0014230352271833474,5.71328928377642e-05
5.509999999999927,1786132509.7457922,0.016741600004024804,0.006016600003931671,0.01,TELEOP,0,,0.0,5.509999999999927,551,0.0,0.03725000000000183,0.012749999999998174,0.0,0.0,0.0,1.0,1.8782892166655797e-05,0.03969892275102707,0.010282331415473562,0.0,0.0,0.0,1.0,-0.01599436513235001,-0.21265925529751598,0.28012998221274443,-0.1305261922200515,0.0,0.0,0.9914448613738105,-0.015992409655465775,-0.21252597973970194,0.27989637868840317,-0.1305261922200515,0.0,0.0,0.9914448613738105,-0.015992409577250524,-0.21252597917746008,0.2798963773146448,-0.13052619226920828,-3.764859261122094e-13,-4.912560854059499e-12,0.9914448613673389,-0.01612433220444653,-0.2117449991002473,0.2787284527507898,-0.1305160248165568,8.393976936042755e-06,-2.2728389157815757e-05,0.9914461995887853,-0.01612433220444653,-0.2117449991002473,0.2787284527507898,-0.1305160248165568,8.393976936042755e-06,-2.2728389157815757e-05,0.9914461995887853,9.616176245895315e-05,-0.6149773932658188,0.8235758797977402,0.00020493543652069337,0.47039788407010746,0.00020756548994966276,-0.0015598043192279237,-0.6224253828892657,0.8351792213978494,-0.003203564671625555,0.4745350889990369,-0.003230688872319427,-0.0015598043192279237,-0.6224253828892657,0.8351792213978494,-0.003203564671625555,0.4745350889990369,-0.003230688872319427,0.006900857035194084,0.05905856338787226,-0.09550382076734071,0.013797102001215278,-0.03600737591782461,0.013871325342898005,0.06794483392541854,0.07208694324098339,-0.0831758572501318,0.14324385515246674,-0.013363149846115294,0.14487943746593201,0.0,True,False,1,True,True,0.0027107999922009185,3,1.4864204112850649e-09,9.965038110777055e-11,`gtol` termination condition is satisfied.,True,True,0.009999999999999787,0.011680225831257385,1.0,0.0014111630832137998,5.2619625069835395e-05,0.0014111645240306597,5.261959466565164e-05
5.519999999999927,1786132509.752464,0.00622789999761153,0.006460999997216277,0.01,TELEOP,0,,0.0,5.519999999999927,552,0.0,0.03700000000000184,0.01299999999999817,0.0,0.0,0.0,1.0,1.7067108050945576e-05,0.03945235032530318,0.010530617934827149,0.0,0.0,0.0,1.0,-0.015994879867584723,-0.21271142811577792,0.28022107541308566,-0.1305261922200515,0.0,0.0,0.9914448613738105,-0.01599309618545777,-0.21257752020101148,0.2799866195377972,-0.1305261922200515,0.0,0.0,0.9914448613738105,-0.015993096109953524,-0.21257751963685428,0.2799866181604291,-0.13052619226932438,-3.777408633206912e-13,-4.743510322495606e-12,0.9914448613673236,-0.016118436877550425,-0.2118065170243093,0.2788264836357335,-0.13051818533144677,7.8910541319336e-06,-2.1337485547832985e-05,0.9914459152067898,-0.016118436877550425,-0.2118065170243093,0.2788264836357335,-0.13051818533144677,7.8910541319336e-06,-2.1337485547832985e-05,0.9914459152067898,8.74070983365434e-05,-0.6144649020496377,0.8226958409989964,0.0001864126706786821,0.4700303348188123,0.00018881968731250163,-0.0014851074948944486,-0.6218287316079351,0.8342170795658235,-0.0030535497272928614,0.4741737383713164,-0.0030797884694565326,-0.0014851074948944486,-0.6218287316079351,0.8342170795658235,-0.0030535497272928614,0.4741737383713164,-0.0030797884694565326,0.007469682433347667,0.059665128133069054,-0.0962141832025991,0.0150014944332697,-0.03613506277205076,0.015090040286289762,0.056882539815359526,0.06065647451968133,-0.07103624352584095,0.12043924320544472,-0.01276868542261529,0.12187149433917832,0.0,True,False,1,True,True,0.0034035000135190785,3,1.490341281673986e-09,9.985074765513698e-11,`gtol` termination condition is satisfied.,True,True,0.009999999999999787,0.01160334160010923,1.0,0.001398594813362201,4.8281609756689626e-05,0.0013985962601252306,4.828158464350144e-05
5.5299999999999265,1786132509.7585738,0.006674199990811758,0.005896400005440228,0.01,TELEOP,0,,0.0,5.5299999999999265,553,0.0,0.03675000000000184,0.013249999999998164,0.0,0.0,0.0,1.0,1.5508058342403165e-05,0.03920546458358855,0.010779061085659063,0.0,0.0,0.0,1.0,-0.015995347582497287,-0.21276367956427916,0.2803122383293876,-0.1305261922200515,0.0,0.0,0.9914448613738105,-0.01599372109500585,-0.212629191568402,0.2800769999941663,-0.1305261922200515,0.0,0.0,0.9914448613738105,-0.015993721021970008,-0.21262919100246458,0.28007699861339486,-0.13052619226943454,-3.789182003310815e-13,-4.5896378911823005e-12,0.991444861367309,-0.016112166208185338,-0.21186862526393574,0.27892501306195383,-0.1305202243065663,7.373718389486877e-06,-1.9911259910491698e-05,0.9914456468188932,-0.016112166208185338,-0.21186862526393574,0.27892501306195383,-0.1305202243065663,7.373718389486877e-06,-1.9911259910491698e-05,0.9914456468188932,7.944337124483371e-05,-0.6139512370276049,0.8218140500916691,0.00016955134940982352,0.4696622075527244,0.00017175399423762189,-0.001405770469351685,-0.6212270964432408,0.8332489840706736,-0.002893653381955235,0.4738111702207768,-0.0029188829441676705,-0.001405770469351685,-0.6212270964432408,0.8332489840706736,-0.002893653381955235,0.4738111702207768,-0.0029188829441676705,0.00793370255427652,0.06016351646943145,-0.09680954951498971,0.015989634533762957,-0.03625681505395761,0.016090552528886536,0.046402012092886274,0.04983883363624114,-0.05953663123906261,0.09881401004932784,-0.01217522819068519,0.10005122425967942,0.0,True,False,1,True,True,0.0027805999998236075,3,1.4940378703208457e-09,1.0004325741506559e-10,`gtol` termination condition is satisfied.,True,True,0.009999999999999787,0.011521238566827074,1.0,0.001385481943401064,4.4139022732069196e-05,0.0013854833958997271,4.41390035898071e-05
5.539999999999926,1786132509.7646828,0.00611380000191275,0.005891299995710142,0.01,TELEOP,0,,0.0,5.539999999999926,554,0.0,0.036500000000001843,0.01349999999999816,0.0,0.0,0.0,1.0,1.4091425498894822e-05,0.03895829416021064,0.011027646553012789,0.0,0.0,0.0,1.0,-0.01599577257235034,-0.21281600245692378,0.28040346459016163,-0.1305261922200515,0.0,0.0,0.9914448613738105,-0.015994289842334287,-0.21268098263207388,0.2801675083623434,-0.1305261922200515,0.0,0.0,0.9914448613738105,-0.015994289771545163,-0.21268098206448013,0.2801675069783586,-0.13052619226953915,-3.8002514420131616e-13,-4.449638803709672e-12,0.9914448613672953,-0.01610559721281029,-0.2119312036436862,0.27902394242397793,-0.13052213621333814,6.844758778747246e-06,-1.845698285235502e-05,0.9914453951533568,-0.01610559721281029,-0.2119312036436862,0.27902394242397793,-0.13052213621333814,6.844758778747246e-06,-1.845698285235502e-05,0.9914453951533568,7.220006528054409e-05,-0.6134364968664046,0.820930629220932,0.0001542044112842506,0.4692935257008848,0.00015621981939794972,-0.0013227811783358728,-0.6206214961563208,0.8322760190692186,-0.0027259160529426933,0.47344744355139406,-0.002750031332350342,-0.0013227811783358728,-0.6206214961563208,0.8322760190692186,-0.0027259160529426933,0.47344744355139406,-0.002750031332350342,0.008298929101581405,0.060560028692004,-0.09729650014550559,0.01677373290125456,-0.03637266693827503,0.01688516118173321,0.03652265473048937,0.03965122225725558,-0.04869506305158871,0.07840983674916187,-0.011585188431742558,0.07946086528466915,0.0,True,False,1,True,True,0.0026021999947261065,3,1.4975271554169077e-09,1.0022815518529338e-10,`gtol` termination condition is satisfied.,True,True,0.009999999999999787,0.011434933979004525,1.0,0.0013719682637747675,4.021180419623181e-05,0.0013719697218013238,4.021179179434162e-05
5.549999999999926,1786132509.7706742,0.0061049000069033355,0.005777799990028143,0.01,TELEOP,0,,0.0,5.549999999999926,555,0.0,0.03625000000000185,0.013749999999998153,0.0,0.0,0.0,1.0,1.280419988400849e-05,0.03871086507295408,0.01127636133003284,0.0,0.0,0.0,1.0,-0.015996158740034804,-0.21286839026426327,0.28049474840614097,-0.1305261922200515,0.0,0.0,0.9914448613738105,-0.015994807412919816,-0.21273288310682867,0.2802581338797434,-0.1305261922200515,0.0,0.0,0.9914448613738105,-0.015994807344174942,-0.2127328825376923,0.2802581324927204,-0.1305261922696388,-3.8106810174537404e-13,-4.322316122594156e-12,0.9914448613672822,-0.01609880237932856,-0.21199413942314974,0.2791231795032912,-0.13052391700437907,6.3070161956546585e-06,-1.6982041498959743e-05,0.9914451607434804,-0.01609880237932856,-0.21199413942314974,0.2791231795032912,-0.13052391700437907,6.3070161956546585e-06,-1.6982041498959743e-05,0.9914451607434804,6.561281106287594e-05,-0.6129207720936403,0.820045690737498,0.00014023751912180027,0.46892431104539284,0.00014208141696824437,-0.0012370660366449982,-0.6200128853095421,0.8312992016489145,-0.002552252990430749,0.47308261679539043,-0.002575166571869746,-0.0012370660366449982,-0.6200128853095421,0.8312992016489145,-0.002552252990430749,0.47308261679539043,-0.002575166571869746,0.008571514169087635,0.06086108467786513,-0.09768174203040828,0.01736630625119479,-0.03648267560036407,0.017486476048060005,0.027258506750623638,0.030105598586113957,-0.03852418849026966,0.05925733499402407,-0.01100086620890433,0.06013148663268064,0.0,True,False,1,True,True,0.002625000008265488,3,1.5008247286020337e-09,1.0040619080023581e-10,`gtol` termination condition is satisfied.,True,True,0.009999999999999787,0.011345389848286591,1.0,0.0013581880005488853,3.652037803131231e-05,0.0013581894638974093,3.652037323627418e-05
5.559999999999926,1786132509.7769098,0.006020600005285814,0.00599309999961406,0.01,TELEOP,0,,0.0,5.559999999999926,556,0.0,0.03600000000000186,0.013999999999998148,0.0,0.0,0.0,1.0,1.1634560288346183e-05,0.038463200962128026,0.011525193598442092,0.0,0.0,0.0,1.0,-0.015996509631913503,-0.2129208370535007,0.28058608451708317,-0.1305261922200515,0.0,0.0,0.9914448613738105,-0.015995278358920485,-0.2127848835602506,0.28034886664776254,-0.1305261922200515,0.0,0.0,0.9914448613738105,-0.015995278292035058,-0.21278488298967568,0.280348865257862,-0.13052619226973391,-3.820530631867496e-13,-4.206572400939239e-12,0.9914448613672696,-0.0160918495745879,-0.21205732739634864,0.2792226385097411,-0.13052556403900392,5.763355044680276e-06,-1.549387191325669e-05,0.9914449439373947,-0.0160918495745879,-0.21205732739634864,0.2792226385097411,-0.13052556403900392,5.763355044680276e-06,-1.549387191325669e-05,0.9914449439373947,5.962287001230582e-05,-0.612404145725632,0.8191593379225052,0.00012752800071380986,0.468554583817068,0.0001292148182620414,-0.0011494890393543545,-0.6194021535639956,0.8303194810710912,-0.0023744522595785193,0.4727167475955932,-0.0023960934484421733,-0.0011494890393543545,-0.6194021535639956,0.8303194810710912,-0.0023744522595785193,0.4727167475955932,-0.0023960934484421733,0.008757699729064566,0.061073174554647315,-0.09797205778232515,0.01778007308522338,-0.03658691997972431,0.017907312342757626,0.018618555997693596,0.021208987678219354,-0.02903157519168765,0.04137668340286003,-0.010424437936024333,0.04208362946976297,0.0,True,False,1,True,True,0.0027505000034580007,3,1.5039457697200748e-09,1.0057771077299709e-10,`gtol` termination condition is satisfied.,True,True,0.009999999999999787,0.011253510911416464,1.0,0.0013442655400546283,3.308641376571239e-05,0.0013442670085211693,3.3086417540475544e-05
5.569999999999926,1786132509.7858245,0.006210999999893829,0.008696899996721186,0.01,TELEOP,0,,0.0,5.569999999999926,557,0.0,0.035750000000001864,0.014249999999998143,0.0,0.0,0.0,1.0,1.0571765365578843e-05,0.03821532330779274,0.011774132619939195,0.0,0.0,0.0,1.0,-0.015996828470390335,-0.21297333743397565,0.2806774681434329,-0.1305261922200515,0.0,0.0,0.9914448613738105,-0.015995706835517293,-0.21283697534593163,0.28043969756754455,-0.1305261922200515,0.0,0.0,0.9914448613738105,-0.0159957067703226,-0.2128369747740136,0.2804396961749145,-0.13052619226982476,-3.829855127595165e-13,-4.101401924020257e-12,0.9914448613672576,-0.01608480198622764,-0.2121206699365833,0.2793222400780375,-0.13052707599670954,5.2166359073879175e-06,-1.3999893583463806e-05,0.9914447449094372,-0.01608480198622764,-0.2121206699365833,0.2793222400780375,-0.13052707599670954,5.2166359073879175e-06,-1.3999893583463806e-05,0.9914447449094372,5.417665920362179e-05,-0.6118866938516563,0.8182716656655398,0.00011596387215336622,0.4681843627880425,0.00011750684659479,-0.0010608513355979453,-0.6187901254381313,0.8293377384899925,-0.0021941736998269483,0.4723498926012822,-0.002214487527695809,-0.0010608513355979453,-0.6187901254381313,0.8293377384899925,-0.0021941736998269483,0.4723498926012822,-0.002214487527695809,0.008863770375641112,0.06120281258644015,-0.09817425810987544,0.018027855975157457,-0.03668549943110193,0.01816059207463682,0.010607064657654744,0.012963803179283305,-0.02022003275502955,0.024778288993408323,-0.009857945137762246,0.025327973187919996,0.0,True,False,1,True,True,0.003918199989129789,3,1.5069038112444418e-09,1.007429329750834e-10,`gtol` termination condition is satisfied.,True,True,0.009999999999999787,0.011160143148586044,1.0,0.0013303152656685222,2.9933575485130117e-05,0.0013303167390501958,2.9933588870984404e-05
5.5799999999999255,1786132509.7961018,0.009046499995747581,0.009927300008712336,0.01,TELEOP,0,,0.0,5.5799999999999255,558,0.0,0.03550000000000186,0.014499999999998138,0.0,0.0,0.0,1.0,9.606054986129872e-06,0.03796725162714034,0.01202316863751845,0.0,0.0,0.0,1.0,-0.015997118183504168,-0.21302588650762977,0.28076889494240076,-0.1305261922200515,0.0,0.0,0.9914448613738105,-0.0159960966343862,-0.21288915054144614,0.2805306182799132,-0.1305261922200515,0.0,0.0,0.9914448613738105,-0.015996096570728306,-0.21288914996827232,0.28053061688468933,-0.13052619226991158,-3.8387031752278496e-13,-4.005883523463059e-12,0.9914448613672463,-0.01607771809699499,-0.2121840769904307,0.2794219112230206,-0.1305284527813975,4.669689463198227e-06,-1.2507446547784487e-05,0.9914445636727514,-0.01607771809699499,-0.2121840769904307,0.2794219112230206,-0.1305284527813975,4.669689463198227e-06,-1.2507446547784487e-05,0.9914445636727514,4.922531392679988e-05,-0.61136848617711,0.8173827610980893,0.0001054429379984552,0.46781366536106167,0.00010685420956220046,-0.0009718912415328708,-0.6181775604945541,0.8283547871143193,-0.0020129487934031102,0.47198210727844,-0.0020318950049473504,-0.0009718912415328708,-0.6181775604945541,0.8283547871143193,-0.0020129487934031102,0.47198210727844,-0.0020318950049473504,0.008896009406507647,0.061256494357723776,-0.0982951375673186,0.018122490642384196,-0.03677853228421879,0.018259252274846257,0.0032239030866535916,0.005368177128362654,-0.012087945744316519,0.00946346672267423,-0.009303285311686288,0.00986602002094383,0.0,True,False,1,True,True,0.004535100000794046,3,1.5097119680136096e-09,1.0090217348762119e-10,`gtol` termination condition is satisfied.,True,True,0.009999999999999787,0.01106607282445271,1.0,0.0013164414995922875,2.7088053189538347e-05,0.0013164429776877267,2.7088077255561586e-05
5.589999999999925,1786132509.8023336,0.010152200004085898,0.006007300005876459,0.01,TELEOP,0,,0.0,5.589999999999925,559,0.0,0.03525000000000187,0.014749999999998133,0.0,0.0,0.0,1.0,8.728560602453165e-06,0.0377190036538428,0.012272292785805636,0.0,0.0,0.0,1.0,-0.015997381431819273,-0.21307847982399786,0.28086036096805483,-0.1305261922200515,0.0,0.0,0.9914448613738105,-0.015996451214505086,-0.21294140189079294,0.2806216211092718,-0.1305261922200515,0.0,0.0,0.9914448613738105,-0.015996451152243588,-0.21294140131644335,0.280621619711579,-0.13052619226999476,-3.8471163836195433e-13,-3.919175088850399e-12,0.9914448613672353,-0.016070651689563606,-0.21224746602468803,0.27952158525737025,-0.13052969541891718,4.125291893524274e-06,-1.1023731668403894e-05,0.9914444000927657,-0.016070651689563606,-0.21224746602468803,0.27952158525737025,-0.13052969541891718,4.125291893524274e-06,-1.1023731668403894e-05,0.9914444000927657,4.4724285270617344e-05,-0.6108495865279752,0.8164927041846269,9.587196285530204e-05,0.46744250765528006,9.716266328753287e-05,-0.0008832846585926394,-0.617565153921507,0.8273713727773849,-0.0018321813739294644,0.47161344573511826,-0.001849733403065188,-0.0008832846585926394,-0.617565153921507,0.8273713727773849,-0.0018321813739294644,0.47161344573511826,-0.001849733403065188,0.008860658294023322,0.06124065730470438,-0.09834143369343953,0.018076741947364968,-0.03686615433217272,0.01821616018821663,-0.0035351112484326127,-0.0015837053019400818,-0.004629612612093321,-0.004574869501922993,-0.008762204795393266,-0.004309208662963006,0.0,True,False,1,True,True,0.002806800010148436,3,1.5123819295765613e-09,1.0105588727695906e-10,`gtol` termination condition is satisfied.,True,True,0.009999999999999787,0.010972026016230041,1.0,0.001302738542198116,2.4578481351033835e-05,0.0013027400248071203,2.457851709120208e-05
5.599999999999925,1786132509.8089948,0.006227099991519935,0.00644119999196846,0.01,TELEOP,0,,0.0,5.599999999999925,560,0.0,0.03500000000000188,0.014999999999998126,0.0,0.0,0.0,1.0,7.931223802647502e-06,0.0374705955010144,0.012521497009586106,0.0,0.0,0.0,1.0,-0.015997620632859214,-0.21313111333931087,0.28095186263505906,-0.1305261922200515,0.0,0.0,0.9914448613738105,-0.01599677373048789,-0.2129937227510327,0.28071269901127016,-0.1305261922200515,0.0,0.0,0.9914448613738105,-0.015996773669494743,-0.21299372217558016,0.2807126976112227,-0.1305261922700748,-3.855140215467329e-13,-3.840503376762335e-12,0.9914448613672248,-0.01606365187981282,-0.21231076193009785,0.2796212016754009,-0.13053080595031194,3.586141964962197e-06,-9.555754509259002e-06,0.9914442539012414,-0.01606365187981282,-0.21231076193009785,0.2796212016754009,-0.13053080595031194,3.586141964962197e-06,-9.555754509259002e-06,0.9914442539012414,4.063297019354445e-05,-0.6103300533188969,0.8156015682735525,8.716590926544332e-05,0.4670709045884411,8.834624348893488e-05,-0.0007956458629197456,-0.6169535374753624,0.8263881748816962,-0.0016531491055008802,0.47124396056244366,-0.0016692930482388026,-0.0007956458629197456,-0.6169535374753624,0.8263881748816962,-0.0016531491055008802,0.47124396056244366,-0.0016692930482388026,0.008763879567289563,0.06116164461445826,-0.0983197895688699,0.017903226842858798,-0.03694851726746192,0.018044035482638943,-0.009677872673376026,-0.007901269024611243,0.0021644124569633614,-0.01735151045061725,-0.008236293528920507,-0.017212470557768922,0.0,True,False,1,True,True,0.0032811999990371987,3,1.5149253140231352e-09,1.0120479971299152e-10,`gtol` termination condition is satisfied.,True,True,0.009999999999999787,0.01087866859275799,1.0,0.001289290801115144,2.2434602564265735e-05,0.0012892922880397854,2.243465072370221e-05
5.609999999999925,1786132509.817966,0.006707299995468929,0.00870530000247527,0.01,TELEOP,0,,0.0,5.609999999999925,561,0.0,0.034750000000001884,0.015249999999998121,0.0,0.0,0.0,1.0,7.206722304362006e-06,0.03722204180928553,0.012770773989776694,0.0,0.0,0.0,1.0,-0.0159978379833087,-0.2131837833793353,0.28104339668572365,-0.1305261922200515,0.0,0.0,0.9914448613738105,-0.01599706705862661,-0.21304610704286034,0.2808038455240435,-0.1305261922200515,0.0,0.0,0.9914448613738105,-0.015997066998785066,-0.2130461064663717,0.2808038441217463,-0.13052619227015183,-3.862812765102248e-13,-3.769162493185142e-12,0.9914448613672147,-0.016056763176467766,-0.2123738968857035,0.27972070600652876,-0.13053178732291884,3.0548399519931755e-06,-8.110273211960424e-06,0.9914441247106041,-0.016056763176467766,-0.2123738968857035,0.27972070600652876,-0.13053178732291884,3.0548399519931755e-06,-8.110273211960424e-06,0.9914441247106041,3.6914371699050295e-05,-0.6098099399870753,0.8147094206101343,7.924723708382517e-05,0.4666988699553574,8.032655852305779e-05,-0.0007095286319236293,-0.6163432807505057,0.8254058076837625,-0.00147700566261784,0.4708737026916094,-0.0014917392534898807,-0.0007095286319236293,-0.6163432807505057,0.8254058076837625,-0.00147700566261784,0.4708737026916094,-0.0014917392534898807,0.008611723099611822,0.061025672485674996,-0.0982367197933821,0.017614344288304395,-0.03702578708342776,0.01775537947489255,-0.015215646767774413,-0.013597212878327266,0.008306977548780172,-0.028888255455440992,-0.0077269815965843106,-0.02886560077463977,0.0,True,False,1,True,True,0.003827399996225722,3,1.5173521863302287e-09,1.0134897508568502e-10,`gtol` termination condition is satisfied.,True,True,0.009999999999999787,0.01078660660814379,1.0,0.0012761730018336344,2.0683887289920213e-05,0.001276174492877936,2.0683948122328852e-05
5.619999999999925,1786132509.8289256,0.009091700005228631,0.01057339999533724,0.01,TELEOP,0,,0.0,5.619999999999925,562,0.0,0.03450000000000189,0.015499999999998116,0.0,0.0,0.0,1.0,6.548402709288229e-06,0.03697335588134806,0.013020117076161384,0.0,0.0,0.0,1.0,-0.015998035479187222,-0.21323648660560784,0.2811349601600671,-0.1305261922200515,0.0,0.0,0.9914448613738105,-0.0159973338208105,-0.2130985492048626,0.2808950547228308,-0.1305261922200515,0.0,0.0,0.9914448613738105,-0.01599733376201414,-0.21309854862739894,0.2808950533183799,-0.13052619227022572,-3.870167427564507e-13,-3.704507080852963e-12,0.9914448613672049,-0.016050025564958468,-0.21243681018767008,0.2798200496419114,-0.13053264328123584,2.533868525241353e-06,-6.693750702661901e-06,0.9914440120283076,-0.016050025564958468,-0.21243681018767008,0.2798200496419114,-0.13053264328123584,2.533868525241353e-06,-6.693750702661901e-06,0.9914440120283076,3.353478688490542e-05,-0.609289295394115,0.8138163228135662,7.204525983966598e-05,0.46632641650264783,7.303213986712731e-05,-0.0006254276742132411,-0.615734892743301,0.8244248218851691,-0.0013047835419024317,0.4705027212670324,-0.0013181151402939456,-0.0006254276742132411,-0.615734892743301,0.8244248218851691,-0.0013047835419024317,0.4705027212670324,-0.0013181151402939456,0.00841009577103899,0.06083880072047339,-0.09809857985934768,0.017222212071541194,-0.03709814245769875,0.01736241131959388,-0.020162732857283604,-0.01868717652016109,0.013813993403441934,-0.03921322167632093,-0.007235537427098711,-0.03929681552986792,0.0,True,False,1,True,True,0.0047627000021748245,3,1.5196721982822441e-09,1.0148811720837214e-10,`gtol` termination condition is satisfied.,True,True,0.009999999999999787,0.010696387073628189,1.0,0.0012634504711832295,1.934566206217555e-05,0.001263451966154156,1.934573507118373e-05
5.629999999999924,1786132509.8384113,0.010962900007143617,0.009096199995838106,0.01,TELEOP,0,,0.0,5.629999999999924,563,0.0,0.03425000000000189,0.01574999999999811,0.0,0.0,0.0,1.0,5.950219400631254e-06,0.03672454980420798,0.013269520226272775,0.0,0.0,0.0,1.0,-0.015998214934179817,-0.2132892199847548,0.28122655036861255,-0.1305261922200515,0.0,0.0,0.9914448613738105,-0.01599757640648139,-0.2131510441512228,0.2809863211777841,-0.1305261922200515,0.0,0.0,0.9914448613738105,-0.01599757634863324,-0.21315104357283976,0.28098631977126753,-0.1305261922702973,-3.87723538425332e-13,-3.6459473101810415e-12,0.9914448613671955,-0.016043474613329355,-0.21249944804636214,0.2799191896376559,-0.13053337825922895,2.025575698189607e-06,-5.3123115003959885e-06,0.99144391527101,-0.016043474613329355,-0.21249944804636214,0.2799191896376559,-0.13053337825922895,2.025575698189607e-06,-5.3123115003959885e-06,0.99144391527101,3.0463520767299332e-05,-0.6087681641978566,0.8129223313201926,6.549555383216555e-05,0.46595355599973937,6.639784576305819e-05,-0.0005437803296802427,-0.6151288236773532,0.8234457064964239,-0.0011373974375262618,0.4701310635357029,-0.0011493450296833872,-0.0005437803296802427,-0.6151288236773532,0.8234457064964239,-0.0011373974375262618,0.4701310635357029,-0.0011493450296833872,0.00816473445330001,0.060606906594770284,-0.09791153887452457,0.016738610437617353,-0.03716577313295513,0.01687701106105621,-0.024536131773898504,-0.023189412570310576,0.01870409848231183,-0.048360163392385136,-0.006763067525638404,-0.048540025853768175,0.0,True,False,1,True,True,0.004427899999427609,3,1.5218942821426493e-09,1.0162365659790425e-10,`gtol` termination condition is satisfied.,True,True,0.009999999999999787,0.010608499071602884,1.0,0.0012511794846822627,1.842358359697266e-05,0.0012511809833904354,1.8423667382600748e-05
5.639999999999924,1786132509.845851,0.009333800000604242,0.007201700005680323,0.01,TELEOP,0,,0.0,5.639999999999924,564,0.0,0.0340000000000019,0.015999999999998106,0.0,0.0,0.0,1.0,5.406679022375589e-06,0.03647563456026852,0.013518977949857864,0.0,0.0,0.0,1.0,-0.015998377996293296,-0.21334198076061472,0.28131816486767036,-0.1305261922200515,0.0,0.0,0.9914448613738105,-0.015997796992773816,-0.21320358723264526,0.2810776399147867,-0.1305261922200515,0.0,0.0,0.9914448613738105,-0.01599779693578552,-0.21320358665339367,0.28107763850628487,-0.1305261922703665,-3.884044742943973e-13,-3.592944332425871e-12,0.9914448613671863,-0.016037141598020638,-0.21256176335540514,0.28001808849786713,-0.13053399727549858,1.5321598937496733e-06,-3.971703335185982e-06,0.9914438337783731,-0.016037141598020638,-0.21256176335540514,0.28001808849786713,-0.13053399727549858,1.5321598937496733e-06,-3.971703335185982e-06,0.9914438337783731,2.7672623920149593e-05,-0.608246587196137,0.8120274977948717,5.9539415992382604e-05,0.46558029930614264,6.0364314027895125e-05,-0.0004649685072361027,-0.6145254670580038,0.8224688909407578,-0.0009756481136986711,0.4697587747526122,-0.0009862383356257136,-0.0004649685072361027,-0.6145254670580038,0.8224688909407578,-0.0009756481136986711,0.4697587747526122,-0.0009862383356257136,0.007881182244414177,0.06033566193493958,-0.09768155556661433,0.01617493238275942,-0.03722887830907015,0.016310669405767704,-0.028355220888583953,-0.02712446598307043,0.02299833079102478,-0.05636780548579431,-0.006310517611502036,-0.05663416552885159,0.0,True,False,1,True,True,0.002908100010245107,3,1.524026717314192e-09,1.0175540081605992e-10,`gtol` termination condition is satisfied.,True,True,0.009999999999999787,0.010523375176231253,1.0,0.0012394076684550937,1.789926901910419e-05,0.0012394091707155458,1.7899361356018522e-05
5.649999999999924,1786132509.851847,0.007422399998176843,0.00577530000009574,0.01,TELEOP,0,,0.0,5.649999999999924,565,0.0,0.033750000000001903,0.0162499999999981,0.0,0.0,0.0,1.0,4.912790030429882e-06,0.03622662012826401,0.01376848525841794,0.0,0.0,0.0,1.0,-0.01599852616299088,-0.213394766428908,0.2814098014368786,-0.1305261922200515,0.0,0.0,0.9914448613738105,-0.015997997562978927,-0.21325617420028375,0.28116900637910114,-0.1305261922200515,0.0,0.0,0.9914448613738105,-0.015997997506770008,-0.21325617362020982,0.28116900496868796,-0.1305261922704336,-3.8906210330549023e-13,-3.545005988892867e-12,0.9914448613671775,-0.016031053647347727,-0.2126237154363656,0.28011671394066856,-0.1305345058324968,1.0556571625496e-06,-2.6772637228784944e-06,0.9914437668263308,-0.016031053647347727,-0.2126237154363656,0.28011671394066856,-0.1305345058324968,1.0556571625496e-06,-2.6772637228784944e-06,0.9914437668263308,2.5136652093206633e-05,-0.6077246016443385,0.8111318695124125,5.412336678801399e-05,0.46520665643507336,5.487746028141104e-05,-0.0003893208286114096,-0.6139251619248942,0.8214947473659225,-0.0008202267093533332,0.46938589810201836,-0.0008294938952679356,-0.0003893208286114096,-0.6139251619248942,0.8214947473659225,-0.0008202267093533332,0.46938589810201836,-0.0008294938952679356,0.007564767862469467,0.0600305133109622,-0.0974143574835252,0.015542140434534125,-0.037287665059382934,0.015674444035778133,-0.03164143819447166,-0.030514862397738644,0.02671980830891372,-0.06327919482253094,-0.0058786750312781145,-0.06362253699895833,0.0,True,False,1,True,True,0.0026523999986238778,3,1.5260768445158027e-09,1.0188371168990066e-10,`gtol` termination condition is satisfied.,True,True,0.009999999999999787,0.010441393145886102,1.0,0.0012281744462378117,1.7730817101289826e-05,0.0012281759518705197,1.7730915279623442e-05
5.659999999999924,1786132509.858357,0.006018599990056828,0.006266900003538467,0.01,TELEOP,0,,0.0,5.659999999999924,566,0.0,0.0335000000000019,0.016499999999998096,0.0,0.0,0.0,1.0,4.464016852318789e-06,0.035977515574971794,0.014018037619359021,0.0,0.0,0.0,1.0,-0.015998660794944313,-0.2134475747142208,0.28150145805879606,-0.1305261922200515,0.0,0.0,0.9914448613738105,-0.015998179923462065,-0.21330880117246862,0.28126041640167754,-0.1305261922200515,0.0,0.0,0.9914448613738105,-0.0159981798679592,-0.21330880059161453,0.2812604149894202,-0.1305261922704987,-3.896987143112667e-13,-3.501682967195833e-12,0.9914448613671689,-0.01602523390052487,-0.21268526976258323,0.28021503865017805,-0.13053490982074778,5.97930557422993e-07,-1.4338915838325877e-06,0.9914437136396981,-0.01602523390052487,-0.21268526976258323,0.28021503865017805,-0.13053490982074778,5.97930557422993e-07,-1.4338915838325877e-06,0.9914437136396981,2.2832446098488882e-05,-0.6072022415484833,0.8102354897109266,4.919869470020389e-05,0.4648326366134843,4.988801809546177e-05,-0.00031711494768662217,-0.6133281952724853,0.8205235931330528,-0.0006717194122864016,0.46901247463419254,-0.0006797046727638376,-0.00031711494768662217,-0.6133281952724853,0.8205235931330528,-0.0006717194122864016,0.46901247463419254,-0.0006797046727638376,0.0072205880924788935,0.059696665240889575,-0.0971154232869786,0.014850729706693475,-0.03734234678258302,0.014978922250410108,-0.034417976999058165,-0.03338480700726358,0.02989341965466038,-0.06914107278406653,-0.005468172320008692,-0.06955217853680408,0.0,True,False,1,True,True,0.0029500000091502443,3,1.5280519465455324e-09,1.0200881396161123e-10,`gtol` termination condition is satisfied.,True,True,0.009999999999999787,0.010362877853510088,1.0,0.001217511521948724,1.7857941330677288e-05,0.001217513030779834,1.785804261598677e-05
5.6699999999999235,1786132509.8652325,0.006490500003565103,0.00665169999410864,0.01,TELEOP,0,,0.0,5.6699999999999235,567,0.0,0.03325000000000192,0.01674999999999809,0.0,0.0,0.0,1.0,4.056238234418539e-06,0.03572832913854464,0.01426763091433157,0.0,0.0,0.0,1.0,-0.015998783128529682,-0.21350040354909194,0.2815931329003594,-0.1305261922200515,0.0,0.0,0.9914448613738105,-0.015998345719155004,-0.2133614646040386,0.28135186616795566,-0.1305261922200515,0.0,0.0,0.9914448613738105,-0.01599834566429142,-0.21336146402244305,0.28135186475391577,-0.13052619227056186,-3.9031645036269277e-13,-3.4625651763982405e-12,0.9914448613671606,-0.01601970168011302,-0.21274639766555645,0.28031304001726143,-0.1305352154288175,1.6066164358374675e-07,-2.4602393504248676e-07,0.9914436734040245,-0.01601970168011302,-0.21274639766555645,0.28031304001726143,-0.1305352154288175,1.6066164358374675e-07,-2.4602393504248676e-07,0.9914436734040245,2.0738930366518655e-05,-0.6066795379355487,0.8093383979188571,4.4721039024982275e-05,0.46445824833859306,4.535111779427814e-05,-0.00024858001601908686,-0.612734804609604,0.8195556934528236,-0.0005306124423964964,0.46863854321718834,-0.000537362775811761,-0.00024858001601908686,-0.612734804609604,0.8195556934528236,-0.0005306124423964964,0.46863854321718834,-0.000537362775811761,0.006853493166753675,0.05933906628813249,-0.09678996802292185,0.01411069698899083,-0.03739314170042296,0.014234189695207972,-0.036709492572522665,-0.035759895275709205,0.03254552640567591,-0.0740032717702662,-0.005079491783994567,-0.07447325552021508,0.0,True,False,1,True,True,0.002766299992799759,3,1.5299582323589306e-09,1.0213047365210791e-10,`gtol` termination condition is satisfied.,True,True,0.009999999999999787,0.01028810342212616,1.0,0.00120744338843297,1.8211532574858094e-05,0.0012074449002950122,1.8211634587620037e-05
5.679999999999923,1786132509.8714461,0.006871300007333048,0.005993700004182756,0.01,TELEOP,0,,0.0,5.679999999999923,568,0.0,0.03300000000000192,0.016999999999998083,0.0,0.0,0.0,1.0,3.685709394193831e-06,0.0354790683042292,0.014517261401376772,0.0,0.0,0.0,1.0,-0.01599889428718175,-0.21355325105501058,0.2816848242960349,-0.1305261922200515,0.0,0.0,0.9914448613738105,-0.015998496447735593,-0.21341416125809398,0.2814433521890035,-0.1305261922200515,0.0,0.0,0.9914448613738105,-0.015998496393450502,-0.21341416067579178,0.28144335077323723,-0.1305261922706234,-3.9091722682681387e-13,-3.427278455124195e-12,0.9914448613671525,-0.016014472675819746,-0.21280707602714943,0.2804106998717206,-0.13053542905957527,-2.5465589861054307e-07,8.823823694261148e-07,0.9914436452766184,-0.016014472675819746,-0.21280707602714943,0.2804106998717206,-0.13053542905957527,-2.5465589861054307e-07,8.823823694261148e-07,0.9914436452766184,1.883692868697003e-05,-0.60615651910259,0.808440630257388,4.065000797912737e-05,0.4640834994310183,4.1225900863368385e-05,-0.00018389926654116518,-0.6121451806303863,0.818591264140423,-0.0003972972863142524,0.46826414050308607,-0.0004028647266843355,-0.00018389926654116518,-0.6121451806303863,0.818591264140423,-0.0003972972863142524,0.46826414050308607,-0.0004028647266843355,0.0064680749477923054,0.05896239792176999,-0.09644293124006424,0.013331515608224683,-0.03744027141022803,0.013449804912742832,-0.038541821896137786,-0.03766683663625047,0.034703678285761985,-0.07791813807661638,-0.004712970980506881,-0.07843847824651579,0.0,True,False,1,True,True,0.0027673000004142523,3,1.5318018461542537e-09,1.0224968701262258e-10,`gtol` termination condition is satisfied.,True,True,0.009999999999999787,0.010217295533966553,1.0,0.001197987853285082,1.8723311721023004e-05,0.0011979893680181448,1.8723412620745375e-05
5.689999999999923,1786132509.8779764,0.00623749999795109,0.006286500007263385,0.01,TELEOP,0,,0.0,5.689999999999923,569,0.0,0.03275000000000192,0.01724999999999808,0.0,0.0,0.0,1.0,3.349027629840928e-06,0.03522973987316618,0.01476692568053156,0.0,0.0,0.0,1.0,-0.015998995291711057,-0.21360611552515002,0.2817765307325096,-0.1305261922200515,0.0,0.0,0.9914448613738105,-0.015998633472599586,-0.2134668881799976,0.2815348712748401,-0.1305261922200515,0.0,0.0,0.9914448613738105,-0.01599863341883765,-0.21346688759702062,0.28153486985739873,-0.13052619227068357,-3.915027795632721e-13,-3.3954814813249974e-12,0.9914448613671446,-0.016009559137637953,-0.21286728696073157,0.2805080042084024,-0.13053555725311214,-6.467206414554068e-07,1.9478639260917665e-06,0.9914436283966966,-0.016009559137637953,-0.21286728696073157,0.2805080042084024,-0.13053555725311214,-6.467206414554068e-07,1.9478639260917665e-06,0.9914436283966966,1.7108995753404593e-05,-0.6056332108461635,0.8075422197198602,3.6948829301200004e-05,0.46370839708464173,3.7475167136859226e-05,-0.00012321268880935795,-0.6115594699703796,0.8176304744622463,-0.000272076128547088,0.46788930090808645,-0.0002765169323882149,-0.00012321268880935795,-0.6115594699703796,0.8176304744622463,-0.000272076128547088,0.46788930090808645,-0.0002765169323882149,0.006068657773180851,0.058571066000666076,-0.096078967817672,0.012522115776716707,-0.037483959499962034,0.012634779429612332,-0.03994171746114631,-0.0391331921103924,0.03639634223922492,-0.08093998315079927,-0.004368808973400848,-0.08150254831305175,0.0,True,False,1,True,True,0.002959800011012703,3,1.53358813898972e-09,1.0236652798184764e-10,`gtol` termination condition is satisfied.,True,True,0.009999999999999787,0.010150633883035054,1.0,0.0011891565731467942,1.9332412803182256e-05,0.0011891580905986675,1.933251129614781e-05
5.699999999999923,1786132509.8841214,0.006505799989099614,0.0059258999972371385,0.01,TELEOP,0,,0.0,5.699999999999923,570,0.0,0.03250000000000193,0.017499999999998073,0.0,0.0,0.0,1.0,3.043101071496323e-06,0.03498035002490421,0.015016620662576394,0.0,0.0,0.0,1.0,-0.01599908706967856,-0.21365899540867928,0.2818682508347808,-0.1305261922200515,0.0,0.0,0.9914448613738105,-0.015998758034722012,-0.2135196426734612,0.2816264205097986,-0.1305261922200515,0.0,0.0,0.9914448613738105,-0.01599875798143284,-0.21351964208983848,0.2816264190907286,-0.13052619227074216,-3.9207469113200744e-13,-3.366863011494258e-12,0.9914448613671369,-0.01600497007638208,-0.21292701748419965,0.2806049429095406,-0.13053560661652153,-1.0144258289637931e-06,2.9474592216266904e-06,0.9914436218946291,-0.01600497007638208,-0.21292701748419965,0.2806049429095406,-0.13053560661652153,-1.0144258289637931e-06,2.9474592216266904e-06,0.9914436218946291,1.55392632274096e-05,-0.6051096366734602,0.8066431964297187,3.358403073021313e-05,0.46333294791331864,3.406505212587814e-05,-6.661977066605706e-05,-0.6109777780230338,0.8166734500486919,-0.00015516742726553925,0.467514056605762,-0.00015854130161320078,-6.661977066605706e-05,-0.6109777780230338,0.8166734500486919,-0.00015516742726553925,0.467514056605762,-0.00015854130161320078,0.00565929181433021,0.05816919473458238,-0.09570244135545465,0.011690870128155124,-0.03752443023244284,0.011797563077501665,-0.0409365958850649,-0.04018712660837047,0.03765264622173636,-0.08312456485615999,-0.004047073248080943,-0.08372163521106853,0.0,True,False,1,True,True,0.0027319999935571104,3,1.5353223824654092e-09,1.0248064818342782e-10,`gtol` termination condition is satisfied.,True,True,0.009999999999999787,0.010088254742386171,1.0,0.0011809555885242762,1.998827588658585e-05,0.0011809571085512544,1.9988371135491604e-05
5.709999999999923,1786132509.8905036,0.0061790000036126,0.006129600005806424,0.01,TELEOP,0,,0.0,5.709999999999923,571,0.0,0.03225000000000193,0.01774999999999807,0.0,0.0,0.0,1.0,2.7651202870237538e-06,0.03473090437420181,0.015266343540638652,0.0,0.0,0.0,1.0,-0.0159991704639139,-0.21371188929650786,0.28195998335351735,-0.1305261922200515,0.0,0.0,0.9914448613738105,-0.01599887126349834,-0.21357242227856363,0.2817179972297914,-0.1305261922200515,0.0,0.0,0.9914448613738105,-0.015998871210636065,-0.21357242169432145,0.28171799580913554,-0.1305261922707997,-3.9263439997236364e-13,-3.341139274088639e-12,0.9914448613671293,-0.0160007114697599,-0.21298625918766265,0.2807015094654718,-0.13053558376060267,-1.3568599429743941e-06,3.878712391323376e-06,0.991443624900273,-0.0160007114697599,-0.21298625918766265,0.2807015094654718,-0.13053558376060267,-1.3568599429743941e-06,3.878712391323376e-06,0.991443624900273,1.4113299136196682e-05,-0.6045858179964881,0.8057435878784623,3.052514794386829e-05,0.4629571579945575,3.096473205133784e-05,-1.418228271662662e-05,-0.6104001717933379,0.8157202758489737,-4.6711585985165184e-05,0.46713843753272016,-4.9080959280100597e-05,-1.418228271662662e-05,-0.6104001717933379,0.8157202758489737,-4.6711585985165184e-05,0.46713843753272016,-4.9080959280100597e-05,0.005243748794943156,0.057760622969579435,-0.09531741997182615,0.010845584128037638,-0.03756190730418684,0.010946034233310252,-0.04155430193870636,-0.04085717650029562,0.03850213836285056,-0.08452860001175053,-0.003747707174400472,-0.08515288441914315,0.0,True,False,1,True,True,0.0027012000064132735,3,1.5370089299319417e-09,1.025930975582544e-10,`gtol` termination condition is satisfied.,True,True,0.009999999999999787,0.01003025361897314,1.0,0.0011733858519775426,2.065085321038431e-05,0.0011733873744442511,2.0650944719670813e-05
5.7199999999999225,1786132509.8967996,0.0063824000098975375,0.0060424999974202365,0.01,TELEOP,0,,0.0,5.7199999999999225,572,0.0,0.032000000000001944,0.017999999999998063,0.0,0.0,0.0,1.0,2.5125324816097837e-06,0.03448140802263925,0.015516091764390717,0.0,0.0,0.0,1.0,-0.015999246240255525,-0.21376479590833333,0.28205172715357535,-0.1305261922200515,0.0,0.0,0.9914448613738105,-0.015998974186649074,-0.213625224751557,0.28180959900134805,-0.1305261922200515,0.0,0.0,0.9914448613738105,-0.015998974134171975,-0.21362522416671925,0.28180959757914514,-0.13052619227085593,-3.9318320852290237e-13,-3.318051613309591e-12,0.991444861367122,-0.015996786472209507,-0.2130450078983878,0.2807977006956922,-0.1305354952434337,-1.6733055247394393e-06,4.739672502067317e-06,0.9914436365504028,-0.015996786472209507,-0.2130450078983878,0.2807977006956922,-0.1305354952434337,-1.6733055247394393e-06,4.739672502067317e-06,0.9914436365504028,1.2817979499535257e-05,-0.6040617743105411,0.8048434191449892,2.774445770224949e-05,0.46258103291032504,2.8146154309346176e-05,3.4072916391296934e-05,-0.6098266827669307,0.8147709991054543,5.3223324380784917e-05,0.4667624714058874,5.1793987258501455e-05,3.4072916391296934e-05,-0.6098266827669307,0.8147709991054543,5.3223324380784917e-05,0.4667624714058874,5.1793987258501455e-05,0.004825519910792458,0.05734890264072342,-0.09492767435194094,0.009993491036595224,-0.037596612683279,0.01008749465386042,-0.04182288841507062,-0.04117203288560266,0.03897456198852223,-0.08520930914424318,-0.003470537909215412,-0.08585395794498497,0.0,True,False,1,True,True,0.002793399995425716,3,1.5386520637571564e-09,1.0270326016240683e-10,`gtol` termination condition is satisfied.,True,True,0.009999999999999787,0.009976687970511322,1.0,0.0011664437434540556,2.1289429463660332e-05,0.001166445268233892,2.1289516973089407e-05
5.729999999999922,1786132509.902889,0.006258299996261485,0.005873899994185194,0.01,TELEOP,0,,0.0,5.729999999999922,573,0.0,0.03175000000000194,0.018249999999998056,0.0,0.0,0.0,1.0,2.2830180542204196e-06,0.03423186560551455,0.015765863016605708,0.0,0.0,0.0,1.0,-0.01599931509458374,-0.21381771408087225,0.2821434812035629,-0.1305261922200515,0.0,0.0,0.9914448613738105,-0.01599906773926514,-0.21367804804632706,0.2819012236023003,-0.1305261922200515,0.0,0.0,0.9914448613738105,-0.015999067687135243,-0.21367804746091537,0.2819012221785856,-0.13052619227091114,-3.93722307126676e-13,-3.2973643140261503e-12,0.9914448613671146,-0.015993195626827116,-0.21310326334542773,0.2808935164720501,-0.13053534752065374,-1.9632363707564196e-06,5.528888599310748e-06,0.9914436559952559,-0.015993195626827116,-0.21310326334542773,0.2808935164720501,-0.13053534752065374,-1.9632363707564196e-06,5.528888599310748e-06,0.9914436559952559,1.1641371173249748e-05,-0.60353752335813,0.8039427130976363,2.521673412840531e-05,0.46220457778509366,2.5583791284329644e-05,7.815107428732384e-05,-0.6092573097746075,0.8138256323266183,0.0001446358353394867,0.4663861837505907,0.00014408067300239957,7.815107428732384e-05,-0.6092573097746075,0.8138256323266183,0.0001446358353394867,0.4663861837505907,0.00014408067300239957,0.004407815789602785,0.0569372992323303,-0.09453667788359721,0.009141251095870375,-0.03762876552966806,0.009228668574390007,-0.04177041211896821,-0.041160340839312894,0.03909964683437353,-0.08522399407248657,-0.003215284638906242,-0.08588260794704321,0.0,True,False,1,True,True,0.0027166000072611496,3,1.540255799011805e-09,1.0281181082832411e-10,`gtol` termination condition is satisfied.,True,True,0.009999999999999787,0.009927579960465005,1.0,0.0011601215675494656,2.1880992690014168e-05,0.0011601230945246985,2.1881076095082746e-05
5.739999999999922,1786132509.909647,0.006083799991756678,0.006548399993334897,0.01,TELEOP,0,,0.0,5.739999999999922,574,0.0,0.03150000000000195,0.018499999999998053,0.0,0.0,0.0,1.0,2.0744692956171735e-06,0.03398228133445442,0.016015655191855417,0.0,0.0,0.0,1.0,-0.015999377659211323,-0.21387064275716633,0.282235244566359,-0.1305261922200515,0.0,0.0,0.9914448613738105,-0.01599915277206553,-0.21373089029738065,0.2819928690039992,-0.1305261922200515,0.0,0.0,0.9914448613738105,-0.015999152720248214,-0.21373088971141474,0.2819928675788049,-0.13052619227096524,-3.9425274972643206e-13,-3.2788626020122403e-12,0.9914448613671075,-0.015989937077815278,-0.21316102882616067,0.2809889594457032,-0.13053514690221546,-2.226313229724112e-06,6.245400786576113e-06,0.991443682404228,-0.015989937077815278,-0.21316102882616067,0.2809889594457032,-0.13053514690221546,-2.226313229724112e-06,6.245400786576113e-06,0.991443682404228,1.05726249647725e-05,-0.6030130812794708,0.8030414905801557,2.2919026193819217e-05,0.46182779732128176,2.3254415562257146e-05,0.00011808675757171977,-0.6086920218337616,0.812884156239446,0.0002275853814325631,0.4660095979385874,0.0002278377303687498,0.00011808675757171977,-0.6086920218337616,0.812884156239446,0.0002275853814325631,0.4660095979385874,0.0002278377303687498,0.0039935683284396785,0.0565287940845921,-0.0941476087172298,0.008294954609307816,-0.03765858120032693,0.008375705736635203,-0.0414247461163115,-0.04085051477382077,0.038906916636741756,-0.08462964865625781,-0.0029815670658875247,-0.08529628377548218,0.0,True,False,1,True,True,0.0033952999947359785,3,1.5418236042291952e-09,1.0291835548236477e-10,`gtol` termination condition is satisfied.,True,True,0.009999999999999787,0.00988291922898199,1.0,0.0011544080285218622,2.2408651461659096e-05,0.0011544095575833045,2.2408730755426737e-05
5.749999999999922,1786132509.915569,0.006765800004359335,0.005704199997126125,0.01,TELEOP,0,,0.0,5.749999999999922,575,0.0,0.03125000000000196,0.018749999999998046,0.0,0.0,0.0,1.0,1.8849710322994025e-06,0.033732659036131686,0.01626546637715475,0.0,0.0,0.0,1.0,-0.01599943450869032,-0.21392358097686606,0.2823270163904984,-0.1305261922200515,0.0,0.0,0.9914448613738105,-0.015999230058933226,-0.2137837498042438,0.2820845333549534,-0.1305261922200515,0.0,0.0,0.9914448613738105,-0.015999230007397086,-0.21378374921774146,0.2820845319283086,-0.13052619227101886,-3.9477552233596806e-13,-3.2623508376283748e-12,0.9914448613671005,-0.015987006781990002,-0.21321831087679036,0.28108403477930605,-0.13053489951530162,-2.462378133528326e-06,6.888727630166142e-06,0.9914437149707553,-0.015987006781990002,-0.21321831087679036,0.28108403477930605,-0.13053489951530162,-2.462378133528326e-06,6.888727630166142e-06,0.9914437149707553,9.601878155499005e-06,-0.6024884627505624,0.8021397705827961,2.0830454637967107e-05,0.4614506958322163,2.1136894758731132e-05,0.00015394110003091462,-0.6081307609499084,0.8119465227035891,0.0003021866672484764,0.46563273523517906,0.00030317961048505703,0.00015394110003091462,-0.6081307609499084,0.8119465227035891,0.0003021866672484764,0.46563273523517906,0.00030317961048505703,0.0035854342459195605,0.05612608838531995,-0.09376335358568977,0.007460128581591491,-0.03768627034083518,0.007534188011630885,-0.040813408252012656,-0.040270569927216136,0.03842551315400358,-0.0834826027716343,-0.002768914050824886,-0.08415177250043356,0.0,True,False,1,True,True,0.002615299992612563,3,1.5433587944165902e-09,1.0302417667812762e-10,`gtol` termination condition is satisfied.,True,True,0.009999999999999787,0.009842665659290262,1.0,0.00114928867993171,2.2860292650721525e-05,0.0011492902109786598,2.28603678862952e-05
5.759999999999922,1786132509.9220514,0.00594200000341516,0.006245099997613579,0.01,TELEOP,0,,0.0,5.759999999999922,576,0.0,0.03100000000000196,0.018999999999998043,0.0,0.0,0.0,1.0,1.7127830386113653e-06,0.033483002187444925,0.01651529483437481,0.0,0.0,0.0,1.0,-0.015999486165088426,-0.21397652786740187,0.28241879590234376,-0.1305261922200515,0.0,0.0,0.9914448613738105,-0.015999300303790258,-0.21383662501716016,0.2821762149657845,-0.1305261922200515,0.0,0.0,0.9914448613738105,-0.01599930025250667,-0.21383662443013757,0.2821762135377157,-0.13052619227107143,-3.952914987811474e-13,-3.2476508220504192e-12,0.9914448613670935,-0.015984398717996878,-0.21327511894866383,0.2811787498857323,-0.13053461127305102,-2.6714474992369282e-06,7.458850201064412e-06,0.9914437529164337,-0.015984398717996878,-0.21327511894866383,0.2811787498857323,-0.13053461127305102,-2.6714474992369282e-06,7.458850201064412e-06,0.9914437529164337,8.720165634137919e-06,-0.6019636811097965,0.8012375703995747,1.893202669203132e-05,0.46107327727275954,1.9212004318573173e-05,0.00018579910190742128,-0.6075734448630422,0.8110126575713869,0.0003686041331314218,0.4652556148545379,0.0003702710033266272,0.00018579910190742128,-0.6075734448630422,0.8110126575713869,0.0003686041331314218,0.4652556148545379,0.0003702710033266272,0.003185800187650733,0.05573160868662099,-0.09338651322022568,0.006641746588294686,-0.037712038064112476,0.00670913928415716,-0.03996340582688361,-0.03944796986989618,0.03768403654640952,-0.08183819932968223,-0.0025767723277292263,-0.08250487274737431,0.0,True,False,1,True,True,0.0025969999987864867,3,1.544864382503832e-09,1.0312816476377141e-10,`gtol` termination condition is satisfied.,True,True,0.009999999999999787,0.009806752120793072,1.0,0.001144746346787724,2.322751657818908e-05,0.0011447478797276007,2.3227587841180623e-05
5.769999999999921,1786132509.9284236,0.006603400004678406,0.006013100006384775,0.01,TELEOP,0,,0.0,5.769999999999921,577,0.0,0.030750000000001967,0.019249999999998036,0.0,0.0,0.0,1.0,1.5563240554913684e-06,0.03323331394748353,0.016765138984263,0.0,0.0,0.0,1.0,-0.01599953310278336,-0.21402948263596214,0.2825105823989731,-0.1305261922200515,0.0,0.0,0.9914448613738105,-0.015999364146867923,-0.21388951452398813,0.2822679122954027,-0.1305261922200515,0.0,0.0,0.9914448613738105,-0.015999364095810813,-0.21388951393645972,0.28226791086593395,-0.13052619227112333,-3.958014771005222e-13,-3.234600278131391e-12,0.9914448613670868,-0.01598210509200177,-0.21333146509208284,0.28127311417448525,-0.13053428784870666,-2.8537041413546798e-06,7.956193080584517e-06,0.9914437954944225,-0.01598210509200177,-0.21333146509208284,0.28127311417448525,-0.13053428784870666,-2.8537041413546798e-06,7.956193080584517e-06,0.9914437954944225,7.919338899379983e-06,-0.6014387484740079,0.8003349057727795,1.7206467085287143e-05,0.4606955452677347,1.746225675257957e-05,0.00021376699416221886,-0.6070199697251577,0.8100824634793778,0.00042704654862102387,0.4648782540223752,0.00042932138602463585,0.00021376699416221886,-0.6070199697251577,0.8100824634793778,0.00042704654862102387,0.4648782540223752,0.00042932138602463585,0.002796789225479818,0.05534751378845418,-0.0930194092009064,0.00584424154896033,-0.037736083216272004,0.005905038269800992,-0.03890109621709231,-0.038409489816681845,0.03671040193192893,-0.0797505039334373,-0.0024045152159527772,-0.08041010143561853,0.0,True,False,1,True,True,0.002698900003451854,3,1.5463432408258325e-09,1.0323103638560532e-10,`gtol` termination condition is satisfied.,True,True,0.009999999999999787,0.009775087171812191,1.0,0.0011407615190039166,2.3504820426346797e-05,0.0011407630537520082,2.3504887819824586e-05
5.779999999999921,1786132509.9342916,0.006224799988558516,0.00565669999923557,0.01,TELEOP,0,,0.0,5.779999999999921,578,0.0,0.03050000000000197,0.019499999999998033,0.0,0.0,0.0,1.0,1.4141572690957993e-06,0.03298359718657194,0.017014997391923373,0.0,0.0,0.0,1.0,-0.015999575752819278,-0.2140824445622042,0.28260237524171705,-0.1305261922200515,0.0,0.0,0.9914448613738105,-0.015999422170423782,-0.21394241703820158,0.28235962393831154,-0.1305261922200515,0.0,0.0,0.9914448613738105,-0.015999422119569475,-0.2139424164501807,0.2823596225074647,-0.13052619227117432,-3.9630617543915916e-13,-3.2230514493907485e-12,0.99144486136708,-0.015980116538737196,-0.21338736364909988,0.28136713880680175,-0.13053393465477292,-3.009488334204402e-06,8.381602666341985e-06,0.9914438419921903,-0.015980116538737196,-0.21338736364909988,0.28136713880680175,-0.13053393465477292,-3.009488334204402e-06,8.381602666341985e-06,0.9914438419921903,7.191992260466902e-06,-0.6009136758447802,0.7994317910256432,1.5638063956829556e-05,0.4603175031382704,1.587174592248326e-05,0.00023796968010479904,-0.6064702126968164,0.809155822558552,0.0004777617594541024,0.46450066804508644,0.0004805797254415457,0.00023796968010479904,-0.6064702126968164,0.809155822558552,0.0004777617594541024,0.46450066804508644,0.0004805797254415457,0.002420268594258069,0.05497570283412296,-0.09266409208259103,0.005071521083307962,-0.037758597728877664,0.005125833941691097,-0.0376520631221757,-0.03718109543312277,0.03553171183153711,-0.07727204656523848,-0.0022514512605660564,-0.07792043281099109,0.0,True,False,1,True,True,0.0026129999896511436,3,1.5477975865206205e-09,1.0333229553893092e-10,`gtol` termination condition is satisfied.,True,True,0.009999999999999787,0.009747557706598298,1.0,0.0011373127158000888,2.368898173320822e-05,0.001137314252278631,2.368904536657567e-05
5.789999999999921,1786132509.9405584,0.0058649999991757795,0.006058600003598258,0.01,TELEOP,0,,0.0,5.789999999999921,579,0.0,0.030250000000001977,0.019749999999998026,0.0,0.0,0.0,1.0,1.2849771159382881e-06,0.03273385451265988,0.017264868753623732,0.0,0.0,0.0,1.0,-0.015999614506865226,-0.21413541299163152,0.28269417385028695,-0.1305261922200515,0.0,0.0,0.9914448613738105,-0.015999474903952867,-0.21399533138790613,0.2824513486129552,-0.1305261922200515,0.0,0.0,0.9914448613738105,-0.015999474853279804,-0.21399533079940458,0.28245134718074977,-0.13052619227122492,-3.968062530149114e-13,-3.2128698156605506e-12,0.9914448613670733,-0.015978422316902195,-0.2134428309566129,0.2814608364603131,-0.1305335568267615,-3.1392880634203322e-06,8.736323120797736e-06,0.9914438917336554,-0.015978422316902195,-0.2134428309566129,0.2814608364603131,-0.1305335568267615,-3.1392880634203322e-06,8.736323120797736e-06,0.9914438917336554,6.531395612574953e-06,-0.6003884732058004,0.7985282391841214,1.421252839265327e-05,0.4599391539262061,1.4426005083108116e-05,0.0002585482652431905,-0.6059240344521494,0.8082325990521392,0.0005210316108353868,0.46412287038452393,0.0005243293579601131,0.0002585482652431905,-0.6059240344521494,0.8082325990521392,0.0005210316108353868,0.46412287038452393,0.0005243293579601131,0.0020578585138391935,0.05461782446670723,-0.09232235064128526,0.00432698513812853,-0.037779766056249206,0.00437496325185683,-0.03624100804188836,-0.03578783674157386,0.034174144130578434,-0.07445359451794477,-0.0021168327371540985,-0.07508706898342841,0.0,True,False,1,True,True,0.0028445000061765313,3,1.5492301872785316e-09,1.0343290830333501e-10,`gtol` termination condition is satisfied.,True,True,0.009999999999999787,0.009724031532908795,1.0,0.0011343768213749365,2.377859475075613e-05,0.0011343783595134179,2.3778654734097503e-05
5.799999999999921,1786132509.9465613,0.006279900000663474,0.0057813000021269545,0.01,TELEOP,0,,0.0,5.799999999999921,580,0.0,0.030000000000001983,0.01999999999999802,0.0,0.0,0.0,1.0,1.1675972933668687e-06,0.03248408829530111,0.017514751884808315,0.0,0.0,0.0,1.0,-0.015999649720811998,-0.21418838732957582,0.2827859776974392,-0.1305261922200515,0.0,0.0,0.9914448613738105,-0.015999522828936668,-0.21404825650578937,0.2825430851510296,-0.1305261922200515,0.0,0.0,0.9914448613738105,-0.01599952277842524,-0.2140482559168179,0.2825430837174837,-0.13052619227127507,-3.9730230277875736e-13,-3.2039329230254194e-12,0.9914448613670668,-0.01597701049802857,-0.2134978850608985,0.28155422110399314,-0.13053315921110367,-3.2437286033112474e-06,9.021970306228764e-06,0.9914439440807791,-0.01597701049802857,-0.2134978850608985,0.28155422110399314,-0.13053315921110367,-3.2437286033112474e-06,9.021970306228764e-06,0.9914439440807791,5.931433215899461e-06,-0.5998631496119448,0.7976242620885668,1.2916866413960917e-05,0.4595605004166636,1.311187749736327e-05,0.0002756576847309711,-0.6053812815831476,0.807312641831236,0.0005571670666541934,0.4637448727375649,0.0005608830663766976,0.0002756576847309711,-0.6053812815831476,0.807312641831236,0.0005571670666541934,0.4637448727375649,0.0005608830663766976,0.0017109419487780935,0.054275286900179284,-0.09199572209032561,0.003613545581880733,-0.03779976469590924,0.0036553708416585326,-0.034691656506110724,-0.03425375665279517,0.03266285509596542,-0.0713439556247812,-0.001999863966003698,-0.07195924101983121,0.0,True,False,1,True,True,0.002667599997948855,3,1.5506426536953336e-09,1.0353274279412346e-10,`gtol` termination condition is satisfied.,True,True,0.009999999999999787,0.009704359868017765,1.0,0.0011319293927509336,2.3773720230801178e-05,0.0011319309324846246,2.377377666982902e-05
5.809999999999921,1786132509.9524362,0.006013700010953471,0.005642900010570884,0.01,TELEOP,0,,0.0,5.809999999999921,581,0.0,0.029750000000001987,0.020249999999998016,0.0,0.0,0.0,1.0,1.0609398652716921e-06,0.032234300687441035,0.017764645709205867,0.0,0.0,0.0,1.0,-0.015999681718040427,-0.21424136703572924,0.28287778630412735,-0.1305261922200515,0.0,0.0,0.9914448613738105,-0.015999566383169923,-0.21410119141992895,0.2826348324876827,-0.1305261922200515,0.0,0.0,0.9914448613738105,-0.015999566332802254,-0.21410119083049717,0.28263483105281223,-0.13052619227132448,-3.977948572679776e-13,-3.196129317486416e-12,0.9914448613670602,-0.015975868148040594,-0.21355254544455662,0.2816473077839949,-0.13053274635681336,-3.3235615534339164e-06,9.240504047807048e-06,0.9914439984346645,-0.015975868148040594,-0.21355254544455662,0.2816473077839949,-0.13053274635681336,-3.3235615534339164e-06,9.240504047807048e-06,0.9914439984346645,5.3865479553409405e-06,-0.5993377132708029,0.7967198704961377,1.1739262340471568e-05,0.4591815451589182,1.1917398538374018e-05,0.0002894644363671615,-0.6048417888955048,0.8063957868000253,0.0005865035414025876,0.46336668511966733,0.0005905783708430231,0.0002894644363671615,-0.6048417888955048,0.8063957868000253,0.0005865035414025876,0.46336668511966733,0.0005905783708430231,0.001380675163619072,0.05394926876429266,-0.09168550312106118,0.002933647474839491,-0.03781876178975478,0.0029695304466326117,-0.03302667851590287,-0.03260181358866344,0.031021896926443707,-0.06798981070412567,-0.0018997093845543947,-0.06858403950259358,0.0,True,False,1,True,True,0.002594699995825067,3,1.5520373448102404e-09,1.0363127358927025e-10,`gtol` termination condition is satisfied.,True,True,0.009999999999999787,0.009688379742669118,1.0,0.0011299449411057802,2.3675617989617514e-05,0.0011299464823761151,2.3675670982816963e-05
5.81999999999992,1786132509.9597278,0.006244099989999086,0.006689999994705431,0.01,TELEOP,0,,0.0,5.81999999999992,582,0.0,0.029500000000001993,0.02049999999999801,0.0,0.0,0.0,1.0,9.640253629742921e-07,0.031984493645213344,0.018014549248933035,0.0,0.0,0.0,1.0,-0.015999710792391115,-0.21429435161917626,0.2829695992350972,-0.1305261922200515,0.0,0.0,0.9914448613738105,-0.01599960596470189,-0.21415413524538882,0.2827265896525331,-0.1305261922200515,0.0,0.0,0.9914448613738105,-0.015999605914461788,-0.21415413465550537,0.28272658821635277,-0.1305261922713738,-3.982843962152193e-13,-3.1893575655579525e-12,0.9914448613670538,-0.01597498150084607,-0.21360683276667736,0.281740112420858,-0.13053232251049643,-3.379653463248014e-06,9.394199060852988e-06,0.991444054236215,-0.01597498150084607,-0.21360683276667736,0.281740112420858,-0.13053232251049643,-3.379653463248014e-06,9.394199060852988e-06,0.991444054236215,4.891690600862044e-06,-0.5988121716172188,0.7958150741746179,1.0668972540447057e-05,0.45880229048566856,1.083168828165911e-05,0.00030014442574362576,-0.6043053815896218,0.8054818591837392,0.0006093964587492955,0.46298831595163625,0.0006137730479749233,0.00030014442574362576,-0.6043053815896218,0.8054818591837392,0.0006093964587492955,0.46298831595163625,0.0006137730479749233,0.001067998937646448,0.05364073058830022,-0.09139276162861677,0.002289291734670838,-0.0378369168031077,0.0023194677131900716,-0.03126762259726306,-0.03085381759924486,0.029274149244441425,-0.06443557401686664,-0.0018155013352913706,-0.06500627334425538,0.0,True,False,1,True,True,0.0029762999911326915,3,1.5534157597432292e-09,1.0372970799327454e-10,`gtol` termination condition is satisfied.,True,True,0.009999999999999787,0.009675916303887644,1.0,0.0011283971882088601,2.3486539349226307e-05,0.0011283987309622784,2.348658898740462e-05
5.82999999999992,1786132509.9659212,0.006909600007929839,0.005974300001980737,0.01,TELEOP,0,,0.0,5.82999999999992,583,0.0,0.029250000000001997,0.020749999999998006,0.0,0.0,0.0,1.0,8.75963790388964e-07,0.031734668945927635,0.018264461615502138,0.0,0.0,0.0,1.0,-0.01599973721086289,-0.2143473406338793,0.2830614160948843,-0.1305261922200515,0.0,0.0,0.9914448613738105,-0.015999641935425767,-0.2142070871765387,0.28281835576144476,-0.1305261922200515,0.0,0.0,0.9914448613738105,-0.015999641885298413,-0.2142070865862114,0.2828183543239676,-0.13052619227142243,-3.9877136123125277e-13,-3.1835253598412844e-12,0.9914448613670473,-0.015974336123404327,-0.2136607686168869,0.28183265161845544,-0.13053189161432532,-3.4129741683698833e-06,9.48561486959701e-06,0.9914441109664028,-0.015974336123404327,-0.2136607686168869,0.28183265161845544,-0.13053189161432532,-3.4129741683698833e-06,9.48561486959701e-06,0.9914441109664028,4.442273630393713e-06,-0.5982865313814448,0.7949098819883668,9.696228664686271e-06,0.4584227385308214,9.844853676488583e-06,0.00030788092883793177,-0.6037718773216723,0.8045706756938423,0.0006262170480526349,0.4626097721488521,0.0006308408895520929,0.00030788092883793177,-0.6037718773216723,0.8045706756938423,0.0006262170480526349,0.4626097721488521,0.0006308408895520929,0.0007736503094306168,0.05335042679495364,-0.0911183489896851,0.0016820589303339693,-0.037854380278414604,0.001706784157716999,-0.02943486282158374,-0.029030379334658737,0.02744126389316789,-0.060723280433688194,-0.0017463475306907807,-0.06126835554730856,0.0,True,False,1,True,True,0.002754300003289245,3,1.5547795913729274e-09,1.038269126023002e-10,`gtol` termination condition is satisfied.,True,True,0.009999999999999787,0.009666785009121215,1.0,0.0011272592997380504,2.3209562723606825e-05,0.0011272608439258302,2.3209609087259444e-05
5.83999999999992,1786132509.9726675,0.006185399994137697,0.00653529999544844,0.01,TELEOP,0,,0.0,5.83999999999992,584,0.0,0.029000000000002003,0.020999999999998,0.0,0.0,0.0,1.0,7.959464508514635e-07,0.03148482820441331,0.018514382001650655,0.0,0.0,0.0,1.0,-0.01599976121606475,-0.2144003336745773,0.2831532365241773,-0.1305261922200515,0.0,0.0,0.9914448613738105,-0.015999674624347045,-0.21426004648003685,0.2829101300089952,-0.1305261922200515,0.0,0.0,0.9914448613738105,-0.015999674574319014,-0.21426004588927267,0.28291012857023295,-0.13052619227147066,-3.992561476378915e-13,-3.1785487119514323e-12,0.991444861367041,-0.015973917071820706,-0.2137143752837844,0.2819249424849404,-0.13053145730661292,-3.424584955804282e-06,9.51756503330648e-06,0.9914441681461947,-0.015973917071820706,-0.2137143752837844,0.2819249424849404,-0.13053145730661292,-3.424584955804282e-06,9.51756503330648e-06,0.9914441681461947,4.034129209192385e-06,-0.5977607986514165,0.7940043019769977,8.812149526441353e-06,0.4580428912458898,8.947899450690676e-06,0.00031286267612140166,-0.6032410881408418,0.803662046566181,0.0006373483875631532,0.46223105921225166,0.0006421677096776833,0.00031286267612140166,-0.6032410881408418,0.803662046566181,0.0006373483875631532,0.46223105921225166,0.0006421677096776833,0.0004981747283470023,0.05307891808305177,-0.09086291276613125,0.0011131339510518496,-0.03787129366004832,0.0011326820125590652,-0.02754755810836204,-0.02715087119018704,0.025543622355385723,-0.05689249792821319,-0.0016913381633721497,-0.057410214515794596,0.0,True,False,1,True,True,0.0030562999891117215,3,1.556130411050168e-09,1.0392352590158808e-10,`gtol` termination condition is satisfied.,True,True,0.009999999999999787,0.009660793705475568,1.0,0.0011265040973218864,2.284846027586802e-05,0.0011265056428997403,2.2848503435542188e-05
5.84999999999992,1786132509.9790592,0.006865600007586181,0.006060800005798228,0.01,TELEOP,0,,0.0,5.84999999999992,585,0.0,0.02875000000000201,0.021249999999997993,0.0,0.0,0.0,1.0,7.232385205562247e-07,0.031234972887869895,0.01876430967391739,0.0,0.0,0.0,1.0,-0.01599978302844384,-0.21445333037305855,0.2832450601965138,-0.1305261922200515,0.0,0.0,0.9914448613738105,-0.01599970433055903,-0.21431301248842105,0.2830019116615835,-0.1305261922200515,0.0,0.0,0.9914448613738105,-0.01599970428061808,-0.21431301189722624,0.283001910221547,-0.13052619227151877,-3.997391186479036e-13,-3.174351202851136e-12,0.9914448613670347,-0.015973709038115576,-0.21376767553814088,0.2820170024658568,-0.1305310229246489,-3.4156266687893667e-06,9.49308598175099e-06,0.9914442253361808,-0.015973709038115576,-0.21376767553814088,0.2820170024658568,-0.1305310229246489,-3.4156266687893667e-06,9.49308598175099e-06,0.9914442253361808,3.6634709629139495e-06,-0.5972349789296495,0.7930983414273888,8.008660879112186e-06,0.45766275041510057,8.132646993944552e-06,0.00031528206109542636,-0.6027128223000028,0.8027557774690277,0.0006431817006791559,0.4618521813203877,0.0006481476068575043,0.00031528206109542636,-0.6027128223000028,0.8027557774690277,0.0006431817006791559,0.4618521813203877,0.0006481476068575043,0.00024193849740247443,0.0528265840839032,-0.09062690971533714,0.0005833313116002893,-0.03788778918639922,0.0005979897179821137,-0.025623623094453332,-0.025233399914857277,0.023600305079410702,-0.052980263945157154,-0.0016495526350895791,-0.05346922945769629,0.0,True,False,1,True,True,0.002721400000154972,3,1.5574692513590815e-09,1.0401978379743242e-10,`gtol` termination condition is satisfied.,True,True,0.009999999999999787,0.009657744589183337,1.0,0.0011261042511206334,2.2407587058646142e-05,0.0011261057980478974,2.2407627074078062e-05
5.8599999999999195,1786132509.9856498,0.006301899993559346,0.006349499992211349,0.01,TELEOP,0,,0.0,5.8599999999999195,586,0.0,0.028500000000002013,0.02149999999999799,0.0,0.0,0.0,1.0,6.571723003999443e-07,0.030985104329360295,0.01901424396589703,0.0,0.0,0.0,1.0,-0.015999802848309888,-0.2145063303947746,0.2833368868152777,-0.1305261922200515,0.0,0.0,0.9914448613738105,-0.015999731325951356,-0.21436598459425676,0.2830937000511255,-0.1305261922200515,0.0,0.0,0.9914448613738105,-0.015999731276086348,-0.21436598400263682,0.283093698609824,-0.1305261922715663,-4.002205918449348e-13,-3.17086331133429e-12,0.9914448613670284,-0.015973696487410673,-0.21382069243110535,0.28210884918948664,-0.1305305915094864,-3.3873078546260552e-06,9.415405746055466e-06,0.9914442821359454,-0.015973696487410673,-0.21382069243110535,0.28210884918948664,-0.1305305915094864,-3.3873078546260552e-06,9.415405746055466e-06,0.9914442821359454,3.326859202460588e-06,-0.5967090771851961,0.7921920069395613,7.2784223846813156e-06,0.45728231766930977,7.391660505870882e-06,0.00031533347508624795,-0.6021868859381586,0.8018516712790714,0.0006441129093806693,0.46147314142193546,0.0006491794852004541,0.00031533347508624795,-0.6021868859381586,0.8018516712790714,0.0006441129093806693,0.46147314142193546,0.0006491794852004541,5.141399082158146e-06,0.05259363618441594,-0.09041061899563298,9.31208701513348e-05,-0.03790398984522562,0.00010318783429498035,-0.023679709832032134,-0.023294789948726316,0.021629071970417565,-0.04902104414489649,-0.0016200658826399466,-0.04948018836871439,0.0,True,False,1,True,True,0.002620499988552183,3,1.5587978574046321e-09,1.0411506754834266e-10,`gtol` termination condition is satisfied.,True,True,0.009999999999999787,0.009657436041638934,1.0,0.0011260324546581314,2.1891786568463826e-05,0.0011260340028982146,2.189182348754223e-05
5.869999999999919,1786132509.9924817,0.0065670000039972365,0.0066150000056950375,0.01,TELEOP,0,,0.0,5.869999999999919,587,0.0,0.02825000000000202,0.021749999999997983,0.0,0.0,0.0,1.0,5.971410842596627e-07,0.030735223740070993,0.01926418427211116,0.0,0.0,0.0,1.0,-0.01599982085767473,-0.21455933343576336,0.28342871611097137,-0.1305261922200515,0.0,0.0,0.9914448613738105,-0.015999755857675033,-0.21441896224479565,0.28318549456928827,-0.1305261922200515,0.0,0.0,0.9914448613738105,-0.015999755807875833,-0.21441896165275545,0.28318549312673025,-0.13052619227161383,-4.0070086209176435e-13,-3.168021791495845e-12,0.9914448613670221,-0.01597386378536318,-0.21387344910753703,0.2822005003244176,-0.130530165812393,-3.340893051211153e-06,9.287912853367636e-06,0.9914443381832196,-0.01597386378536318,-0.21387344910753703,0.2822005003244176,-0.130530165812393,-3.340893051211153e-06,9.287912853367636e-06,0.9914443381832196,3.021169297519428e-06,-0.596183097901081,0.7912853044869097,6.614761146781093e-06,0.4569015944987951,6.718179776983015e-06,0.00031321176912096834,-0.6016630846339884,0.8009495297244437,0.0006405394468832102,0.46109394132805465,0.000645663836838273,0.00031321176912096834,-0.6016630846339884,0.8009495297244437,0.0006405394468832102,0.46109394132805465,0.000645663836838273,-0.00021217059652796743,0.052380130417018486,-0.09021415546277588,-0.0003573462497459115,-0.03792000938808208,-0.0003515648362181133,-0.02173119956101302,-0.021350576739745792,0.019646353285711002,-0.04504671198972559,-0.0016019542856461969,-0.04547526705131034,0.0,True,False,1,True,True,0.002813700004480779,3,1.5601170424533995e-09,1.042104506072363e-10,`gtol` termination condition is satisfied.,True,True,0.009999999999999787,0.009659664339510154,1.0,0.0011262615834823422,2.1306308487258534e-05,0.0011262631330016205,2.1306342346178437e-05
5.879999999999919,1786132509.9985309,0.006834500003606081,0.005829400004586205,0.01,TELEOP,0,,0.0,5.879999999999919,588,0.0,0.028000000000002023,0.02199999999999798,0.0,0.0,0.0,1.0,5.425935873946058e-07,0.030485332220451813,0.01951413004243938,0.0,0.0,0.0,1.0,-0.015999837221923788,-0.21461233921985348,0.28352054783873704,-0.1305261922200515,0.0,0.0,0.9914448613738105,-0.01599977815038571,-0.21447194493710123,0.28327729466222007,-0.1305261922200515,0.0,0.0,0.9914448613738105,-0.015999778100643087,-0.21447194434464525,0.28327729321841344,-0.1305261922716612,-4.011801952190281e-13,-3.165769112966626e-12,0.9914448613670159,-0.015974195315760883,-0.21392596863447624,0.28229197344924134,-0.1305297483027053,-3.277691300074788e-06,9.11412563478017e-06,0.9914443931528495,-0.015974195315760883,-0.21392596863447624,0.28229197344924134,-0.1305297483027053,-3.277691300074788e-06,9.11412563478017e-06,0.9914443931528495,2.7435629143230633e-06,-0.595657045117599,0.7903782394712822,6.0116112193748e-06,0.4565205822650333,6.106059007840386e-06,0.0003091108427763604,-0.6011412248307464,0.8000491548948324,0.0006328573296239852,0.4607145818040596,0.0006379997857157848,0.0003091108427763604,-0.6011412248307464,0.8000491548948324,0.0006328573296239852,0.4607145818040596,0.0006379997857157848,-0.00041009263446080294,0.052185980324204066,-0.09003748296112894,-0.000768211725922518,-0.03793595239950674,-0.00076640511224884,-0.01979220379328397,-0.019415009281442224,0.017667250164694545,-0.041086547617661534,-0.0015943011424663623,-0.04148402760307355,0.0,True,False,1,True,True,0.0026903999969363213,3,1.561427549708027e-09,1.0430558715648429e-10,`gtol` termination condition is satisfied.,True,True,0.009999999999999787,0.009664225237533963,1.0,0.0011267648390406245,2.065673572615235e-05,0.001126766389808182,2.065676654804381e-05
5.889999999999919,1786132510.006552,0.006041099986759946,0.0078098999947542325,0.01,TELEOP,0,,0.0,5.889999999999919,589,0.0,0.02775000000000203,0.022249999999997973,0.0,0.0,0.0,1.0,4.930288838050324e-07,0.030235430770337683,0.01976408077705934,0.0,0.0,0.0,1.0,-0.015999852091334865,-0.21466534749612406,0.2836123817761043,-0.1305261922200515,0.0,0.0,0.9914448613738105,-0.015999798408284766,-0.21452493221360205,0.28336909982573477,-0.1305261922200515,0.0,0.0,0.9914448613738105,-0.015999798358590344,-0.21452493162073416,0.2833690983806861,-0.13052619227170822,-4.0165882770622134e-13,-3.1640529479969318e-12,0.9914448613670097,-0.015974675588268934,-0.21397827384465934,0.2823832859342223,-0.1305293411768563,-3.1990449656085425e-06,8.89766217591825e-06,0.991444446755608,-0.015974675588268934,-0.21397827384465934,0.2823832859342223,-0.1305293411768563,-3.1990449656085425e-06,8.89766217591825e-06,0.991444446755608,2.491461863990221e-06,-0.5951309224718185,0.7894708167733,5.463458566149846e-06,0.45613928221151345,5.549711136504227e-06,0.0003032223590374673,-0.6006211151336153,0.7991503506196226,0.0006214584869206831,0.46033506265989366,0.0006265823911133703,0.0003032223590374673,-0.6006211151336153,0.7991503506196226,0.0006214584869206831,0.46033506265989366,0.0006265823911133703,-0.0005888483738893226,0.05201096971310919,-0.08988042752098793,-0.0011398842703302416,-0.03795191441659379,-0.0011417394602414846,-0.01787557394285235,-0.017501061109488396,0.015705544014101132,-0.03716725444077315,-0.0015962017087046629,-0.03753343479926527,0.0,True,False,1,True,True,0.004105100000742823,3,1.5627308138833885e-09,1.0439993032884495e-10,`gtol` termination condition is satisfied.,True,True,0.009999999999999787,0.009670915423550253,1.0,0.0011275158789722675,1.9948918855022457e-05,0.0011275174309604403,1.9948946649082158e-05
5.899999999999919,1786132510.012795,0.008047000010265037,0.00600500000291504,0.01,TELEOP,0,,0.0,5.899999999999919,590,0.0,0.027500000000002037,0.022499999999997966,0.0,0.0,0.0,1.0,4.4799180605540677e-07,0.029985520298145378,0.020014036021849212,0.0,0.0,0.0,1.0,-0.01599986560245819,-0.2147183580365968,0.2837042177209442,-0.1305261922200515,0.0,0.0,0.9914448613738105,-0.015999816816976285,-0.21457792365803585,0.28346090960091275,-0.1305261922200515,0.0,0.0,0.9914448613738105,-0.015999816767322404,-0.21457792306475945,0.2834609081546279,-0.13052619227175496,-4.0213697969958844e-13,-3.1628256995656196e-12,0.9914448613670036,-0.015975289336388074,-0.21403038719489043,0.28247445483470685,-0.13052894636836287,-3.106318931986664e-06,8.642211118830095e-06,0.9914444987368825,-0.015975289336388074,-0.21403038719489043,0.28247445483470685,-0.13052894636836287,-3.106318931986664e-06,8.642211118830095e-06,0.9914444987368825,2.2625243263956456e-06,-0.5946047332336162,0.7885630407983297,4.965290983406657e-06,0.45575769547367384,5.044057182348552e-06,0.0002957345834246552,-0.600102567481384,0.7982529237158101,0.0006067283450264251,0.4599553828389484,0.0006118002076310805,0.0002957345834246552,-0.600102567481384,0.7982529237158101,0.0006067283450264251,0.4599553828389484,0.0006118002076310805,-0.000748777561281231,0.051854765223127236,-0.08974269038124787,-0.001473014189425823,-0.03796798209453029,-0.0014782183482290076,-0.015992918739191175,-0.015620448998195265,0.013773713974006563,-0.03331299190955886,-0.0016067677936501316,-0.03364788879875303,0.0,True,False,1,True,True,0.00275800000235904,3,1.5640275954080393e-09,1.0449398190118604e-10,`gtol` termination condition is satisfied.,True,True,0.009999999999999787,0.009679533846322586,1.0,0.0011284889348348506,1.9188916720869608e-05,0.0011284904880184629,1.9188941481282132e-05
5.909999999999918,1786132510.0212054,0.006300099994405173,0.008115899996482767,0.01,TELEOP,0,,0.0,5.909999999999918,591,0.0,0.02725000000000204,0.022749999999997963,0.0,0.0,0.0,1.0,4.0706876531630304e-07,0.02973560162922979,0.020263995364210304,0.0,0.0,0.0,1.0,-0.015999877879370412,-0.2147713706341387,0.2837960554896094,-0.1305261922200515,0.0,0.0,0.9914448613738105,-0.015999833545156345,-0.214630918891751,0.2835527235700839,-0.1305261922200515,0.0,0.0,0.9914448613738105,-0.015999833495536044,-0.21463091829806905,0.2835527221225683,-0.1305261922718015,-4.0261484156415444e-13,-3.1620440823512632e-12,0.9914448613669974,-0.015976021605749742,-0.21408233063899618,0.28256549679599313,-0.13052856555859205,-3.0008902410867713e-06,8.351503502587568e-06,0.9914445488752578,-0.015976021605749742,-0.21408233063899618,0.28256549679599313,-0.13052856555859205,-3.0008902410867713e-06,8.351503502587568e-06,0.9914445488752578,2.054623233952828e-06,-0.594078480338547,0.7876549155184756,4.512552539011222e-06,0.4553758230880201,4.584480154391783e-06,0.0002868313449449198,-0.5995853981950134,0.7973566851081673,0.000589043660842193,0.45957554050481153,0.0005940330968870603,0.0002868313449449198,-0.5995853981950134,0.7973566851081673,0.000589043660842193,0.45957554050481153,0.0005940330968870603,-0.0008903238479735576,0.05171692863705898,-0.08962386076429289,-0.0017684684184232579,-0.03798423341368629,-0.0017767110744020622,-0.014154628669232963,-0.013783658606825872,0.01188296169549706,-0.029545422899744114,-0.0016251319156000352,-0.029849272617306098,0.0,True,False,1,True,True,0.0033817999938037246,3,1.5653184092605515e-09,1.0458767565632094e-10,`gtol` termination condition is satisfied.,True,True,0.009999999999999787,0.009689882917480408,1.0,0.0011296589180871098,1.8382942601237414e-05,0.001129660472443168,1.838296430578383e-05
5.919999999999918,1786132510.027936,0.008483300000079907,0.006362599990097806,0.01,TELEOP,0,,0.0,5.919999999999918,592,0.0,0.027000000000002047,0.022999999999997956,0.0,0.0,0.0,1.0,3.6988395323856966e-07,0.02948567551347652,0.020513958429271475,0.0,0.0,0.0,1.0,-0.015999889034814037,-0.21482438510055674,0.28388789491524535,-0.1305261922200515,0.0,0.0,0.9914448613738105,-0.015999848746149587,-0.21468391757033492,0.28364454135316036,-0.1305261922200515,0.0,0.0,0.9914448613738105,-0.01599984869655653,-0.21468391697625003,0.2836445399044186,-0.13052619227184792,-4.030925935113418e-13,-3.16166872924232e-12,0.9914448613669913,-0.015976857832930322,-0.2141341255150165,0.2826564279693246,-0.13052820018813818,-2.8841382265982416e-06,8.029285808567931e-06,0.9914445969810203,-0.015976857832930322,-0.2141341255150165,0.2826564279693246,-0.13052820018813818,-2.8841382265982416e-06,8.029285808567931e-06,0.9914445969810203,1.8658266248741884e-06,-0.593552166417805,0.7867464445109121,4.101102132655593e-06,0.454993666000498,4.166783125552785e-06,0.0002766911157946065,-0.5990694289062765,0.7964614508247915,0.0005687705992378307,0.4591955331255728,0.0005736502848594758,0.0002766911157946065,-0.5990694289062765,0.7964614508247915,0.0005687705992378307,0.4591955331255728,0.0005736502848594758,-0.0010140229150313457,0.05159692887369885,-0.08952342833758455,-0.0020273061604362706,-0.0380007379238746,-0.0020382812027584874,-0.012369906705779077,-0.011999976336012828,0.010043242670834673,-0.025883774201301838,-0.0016504510188309943,-0.026157012835643062,0.0,True,False,1,True,True,0.002861400003894232,3,1.5666042746544526e-09,1.0468114810172813e-10,`gtol` termination condition is satisfied.,True,True,0.009999999999999787,0.009701769589691711,1.0,0.0011310015149993415,1.7537315658157807e-05,0.0011310030705074326,1.7537334266187068e-05
5.929999999999918,1786132510.0344245,0.006580700006452389,0.006270800004131161,0.01,TELEOP,0,,0.0,5.929999999999918,593,0.0,0.02675000000000205,0.023249999999997953,0.0,0.0,0.0,1.0,3.360958907798593e-07,0.029235742632200568,0.020763924876440413,0.0,0.0,0.0,1.0,-0.015999899171232772,-0.21487740126486654,0.2839797358462547,-0.1305261922200515,0.0,0.0,0.9914448613738105,-0.01599986255930679,-0.21473691938054063,0.2837363626042895,-0.1305261922200515,0.0,0.0,0.9914448613738105,-0.015999862509735195,-0.21473691878605508,0.28373636115432566,-0.13052619227189438,-4.0357039383176385e-13,-3.1616638400960105e-12,0.9914448613669852,-0.015977783915019955,-0.21418579244621064,0.28274726393862865,-0.13052785146866924,-2.7574351915295594e-06,7.679294354987854e-06,0.9914446428945985,-0.015977783915019955,-0.21418579244621064,0.28274726393862865,-0.13052785146866924,-2.7574351915295594e-06,7.679294354987854e-06,0.9914446428945985,1.6943797850312613e-06,-0.5930257938255424,0.7858376309928786,3.7271758013362224e-06,0.454611225074165,3.78715109295294e-06,0.0002654862061845307,-0.5985544873702069,0.7955670428717532,0.0005462630467710786,0.45881535755535807,0.0005510086576274783,0.0002654862061845307,-0.5985544873702069,0.7955670428717532,0.0005462630467710786,0.45881535755535807,0.0005510086576274783,-0.001120490961007603,0.05149415360695591,-0.08944079530383643,-0.0022507552466752533,-0.0380175570214738,-0.0022641627231998053,-0.010646804597625955,-0.010277526674294426,0.008263303374812098,-0.02234490862389876,-0.001681909759920254,-0.022588152044132254,0.0,True,False,1,True,True,0.0031257000082405284,3,1.567885720581543e-09,1.0477459730468013e-10,`gtol` termination condition is satisfied.,True,True,0.009999999999999787,0.009715006313879337,1.0,0.0011324932710239431,1.6658417821742925e-05,0.0011324948276657386,1.665843327183283e-05
5.939999999999918,1786132510.0410998,0.006488899991381913,0.006456999995862134,0.01,TELEOP,0,,0.0,5.939999999999918,594,0.0,0.026500000000002057,0.023499999999997946,0.0,0.0,0.0,1.0,3.0539429228988894e-07,0.02898580360441454,0.02101389439627012,0.0,0.0,0.0,1.0,-0.01599990838171232,-0.21493041897171927,0.28407157814490286,-0.1305261922200515,0.0,0.0,0.9914448613738105,-0.01599987511127587,-0.21478992403748617,0.28382818700880014,-0.1305261922200515,0.0,0.0,0.9914448613738105,-0.01599987506172046,-0.21478992344260184,0.2838281855576179,-0.1305261922719406,-4.040483857039192e-13,-3.161996860318885e-12,0.9914448613669791,-0.0159787862702258,-0.21423735125540488,0.2828380196575811,-0.13052752039511517,-2.6221376685552213e-06,7.305231164110862e-06,0.9914446864849601,-0.0159787862702258,-0.21423735125540488,0.2828380196575811,-0.13052752039511517,-2.6221376685552213e-06,7.305231164110862e-06,0.9914446864849601,1.5386890176391652e-06,-0.5924993646637654,0.7849284778536084,3.387352435954541e-06,0.4542285010962238,3.4421162868228345e-06,0.00025338207017274676,-0.5980404081655706,0.7946732899910642,0.0005218611535770066,0.45843501011280613,0.0005264512872388371,0.00025338207017274676,-0.5980404081655706,0.7946732899910642,0.0005218611535770066,0.45843501011280613,0.0005264512872388371,-0.00121041360117842,0.051407920463627285,-0.08937528806889503,-0.0024401893194072586,-0.03803474425519422,-0.0024557370388641614,-0.00899226401708189,-0.00862331433286277,0.006550723494140251,-0.018943407273200957,-0.0017187233720418703,-0.019157431566436026,0.0,True,False,1,True,True,0.0029629999917233363,3,1.569163145384758e-09,1.0486771922624232e-10,`gtol` termination condition is satisfied.,True,True,0.009999999999999787,0.00972941187887455,1.0,0.001134111665042749,1.57526565735394e-05,0.0011341132228018603,1.5752668780115954e-05
5.949999999999918,1786132510.0476956,0.0066836000041803345,0.006369299997459166,0.01,TELEOP,0,,0.0,5.949999999999918,595,0.0,0.026250000000002063,0.02374999999999794,0.0,0.0,0.0,1.0,2.774972160559828e-07,0.028735858992523986,0.021263866707611764,0.0,0.0,0.0,1.0,-0.015999916750835192,-0.21498343807997228,0.2841634216860509,-0.1305261922200515,0.0,0.0,0.9914448613738105,-0.01599988651715773,-0.2148429312821028,0.2839200142804168,-0.1305261922200515,0.0,0.0,0.9914448613738105,-0.01599988646761375,-0.21484293068682145,0.28392001282801926,-0.13052619227198675,-4.0452670088307256e-13,-3.162638186129287e-12,0.9914448613669731,-0.015979851889830848,-0.21428882089215195,0.28292870939654546,-0.1305272077580862,-2.479578295115379e-06,6.910741404833284e-06,0.9914447276479768,-0.015979851889830848,-0.21428882089215195,0.28292870939654546,-0.1305272077580862,-2.479578295115379e-06,6.910741404833284e-06,0.9914447276479768,1.3973068945851822e-06,-0.5919728808050179,0.7840189876834669,3.0785226050919094e-06,0.4538454947844762,3.128526620999751e-06,0.0002405367179725132,-0.5975270332879835,0.79378002830663,0.0004958900943229134,0.4580544866562423,0.000500306178544959,0.0002405367179725132,-0.5975270332879835,0.79378002830663,0.0004958900943229134,0.4580544866562423,0.000500306178544959,-0.0012845352200233846,0.05133748775870885,-0.08932616844342971,-0.002597105925409369,-0.03805234565637936,-0.002614510869387865,-0.00741216188449661,-0.007043270491844297,0.004911962546532099,-0.015691660600211363,-0.0017601401185139698,-0.015877383052370696,0.0,True,False,1,True,True,0.0027162000042153522,3,1.570437230621384e-09,1.0496068070560953e-10,`gtol` termination condition is satisfied.,True,True,0.009999999999999787,0.009744812137455816,1.0,0.001135835173829081,1.482643447100636e-05,0.0011358367326912647,1.4826443320629138e-05
5.959999999999917,1786132510.0537493,0.006629900002735667,0.0057927000016206875,0.01,TELEOP,0,,0.0,5.959999999999917,596,0.0,0.026000000000002067,0.023999999999997936,0.0,0.0,0.0,1.0,2.521484751411643e-07,0.028485909307502215,0.021513841555027762,0.0,0.0,0.0,1.0,-0.015999924355457464,-0.21503645846139052,0.28425526635600373,-0.1305261922200515,0.0,0.0,0.9914448613738105,-0.015999896881557275,-0.2148959408788103,0.2840118441587193,-0.1305261922200515,0.0,0.0,0.9914448613738105,-0.015999896832020293,-0.2148959402831331,0.2840118427051088,-0.1305261922720326,-4.0500545651601875e-13,-3.163560901318838e-12,0.991444861366967,-0.01598096838186285,-0.21434021937213005,0.28301934669890694,-0.1305269141564271,-2.331058327967199e-06,6.499392493245107e-06,0.9914447663047724,-0.01598096838186285,-0.21434021937213005,0.28301934669890694,-0.1305269141564271,-2.331058327967199e-06,6.499392493245107e-06,0.9914447663047724,1.2689188536279751e-06,-0.5914463439130503,0.7831091628005206,2.7978602031252403e-06,0.45346220679322147,2.8435169992698506e-06,0.0002271002298506402,-0.5970142126406472,0.7928871018632172,0.0004686590383808296,0.4576737826553434,0.0004728852270926147,0.0002271002298506402,-0.5970142126406472,0.7928871018632172,0.0004686590383808296,0.4576737826553434,0.0004728852270926147,-0.0013436488121873272,0.051282064733631186,-0.08929264434127543,-0.0027231055942084385,-0.03807040008989001,-0.002742095145234491,-0.00591135921639438,-0.005542302507766511,0.0033524102154276992,-0.01259996687990722,-0.001805443351064635,-0.012758427584662871,0.0,True,False,1,True,True,0.0026732999976957217,3,1.5717088134362026e-09,1.0505319474399713e-10,`gtol` termination condition is satisfied.,True,True,0.009999999999999787,0.009761040623163075,1.0,0.0011376433270046107,1.3886126723307999e-05,0.0011376448869579656,1.388613206940106e-05
5.969999999999917,1786132510.059896,0.005998399996315129,0.0059416000003693625,0.01,TELEOP,0,,0.0,5.969999999999917,597,0.0,0.025750000000002073,0.02424999999999793,0.0,0.0,0.0,1.0,2.2911528473746232e-07,0.02823595501359213,0.021763818706441288,0.0,0.0,0.0,1.0,-0.015999931265414588,-0.2150894799994665,0.28434711205146423,-0.1305261922200515,0.0,0.0,0.9914448613738105,-0.015999906299539086,-0.2149489526133997,0.28410367640682643,-0.1305261922200515,0.0,0.0,0.9914448613738105,-0.015999906250005167,-0.21494895201732786,0.28410367495200545,-0.13052619227207862,-4.0548475993170475e-13,-3.164740531518801e-12,0.991444861366961,-0.015982124006856904,-0.21439156372817444,0.28310994434629844,-0.13052664000982045,-2.1778408149961656e-06,6.0746549144000005e-06,0.9914448024000642,-0.015982124006856904,-0.21439156372817444,0.28310994434629844,-0.13052664000982045,-2.1778408149961656e-06,6.0746549144000005e-06,0.9914448024000642,1.1523310187156436e-06,-0.5909197554616433,0.7821990052747677,2.542796666873236e-06,0.45307863771866413,2.5844832190980883e-06,0.0002132143664414794,-0.596501804427957,0.7919943630637802,0.0004404603187553504,0.4572928932591258,0.0004444833775399553,0.0002132143664414794,-0.596501804427957,0.7919943630637802,0.0004404603187553504,0.4572928932591258,0.0004444833775399553,-0.0013885863409161077,0.05124082126902575,-0.08927387994370352,-0.002819871962547981,-0.03808893962175979,-0.0028401849552660012,-0.004493752872878146,-0.0041243464605431514,0.001876439757191618,-0.009676636833954432,-0.0018539531869780565,-0.009808981003151234,0.0,True,False,1,True,True,0.002783499992801808,3,1.5729778566685504e-09,1.0514606472158206e-10,`gtol` termination condition is satisfied.,True,True,0.009999999999999787,0.009777939062696639,1.0,0.0011395167527402032,1.2938068759793902e-05,0.0011395183137742435,1.2938070416348303e-05
5.979999999999917,1786132510.0671673,0.006156500006909482,0.007056200003717095,0.01,TELEOP,0,,0.0,5.979999999999917,598,0.0,0.025500000000002077,0.024499999999997926,0.0,0.0,0.0,1.0,2.081861244291311e-07,0.027985996532578366,0.02201379795100061,0.0,0.0,0.0,1.0,-0.01599993754416268,-0.21514250258834816,0.28443895867858243,-0.1305261922200515,0.0,0.0,0.9914448613738105,-0.015999914857496304,-0.21500196629110496,0.2841955108092845,-0.1305261922200515,0.0,0.0,0.9914448613738105,-0.015999914807961764,-0.21500196569463959,0.2841955093532548,-0.1305261922721244,-4.059647064128518e-13,-3.166154824013797e-12,0.991444861366955,-0.01598330770611916,-0.21444286997230394,0.28320051433220195,-0.13052638557136734,-2.0211444355832143e-06,5.639884810036598e-06,0.9914448359005061,-0.01598330770611916,-0.21444286997230394,0.28320051433220195,-0.13052638557136734,-2.0211444355832143e-06,5.639884810036598e-06,0.9914448359005061,1.0464591373899688e-06,-0.5903931167517518,0.7812885169502359,2.3109975403357913e-06,0.4526947881038651,2.3490582500836547e-06,0.00019901227007124812,-0.5959896754574617,0.79110167301073,0.0004115687888124458,0.45691181336012593,0.00041537797156606017,0.00019901227007124812,-0.5959896754574617,0.79110167301073,0.0004115687888124458,0.45691181336012593,0.00041537797156606017,-0.00142020963702316,0.05121289704952722,-0.08926900530502288,-0.0028891529942905187,-0.038107989899988634,-0.002910540597389577,-0.003162329610705315,-0.0027924219498531395,0.00048746386806369324,-0.006928103174253951,-0.0019050278228845258,-0.007035564212357746,0.0,True,False,1,True,True,0.0036771000013686717,3,1.5742449181600032e-09,1.0523831944528211e-10,`gtol` termination condition is satisfied.,True,True,0.009999999999999787,0.009795357789012527,1.0,0.00114143721442997,1.1988556662067696e-05,0.0011414387765361902,1.1988554395029604e-05
5.989999999999917,1786132510.0739565,0.007267099994351156,0.006578599990461953,0.01,TELEOP,0,,0.0,5.989999999999917,599,0.0,0.025250000000002083,0.02474999999999792,0.0,0.0,0.0,1.0,1.8916879573410468e-07,0.027736034247668916,0.022263779097138642,0.0,0.0,0.0,1.0,-0.015999943249361288,-0.21519552613186474,0.28453080615209203,-0.1305261922200515,0.0,0.0,0.9914448613738105,-0.015999922633940605,-0.21505498173484736,0.28428734717014287,-0.1305261922200515,0.0,0.0,0.9914448613738105,-0.015999922584402162,-0.21505498113798893,0.2842873457129061,-0.13052619227217027,-4.064453846994916e-13,-3.1677835483040573e-12,0.9914448613669489,-0.015984509122917063,-0.2144941530680825,0.2832910678433896,-0.13052615094007972,-1.8621380146989557e-06,5.198308359474133e-06,0.9914448667930444,-0.015984509122917063,-0.2144941530680825,0.2832910678433896,-0.13052615094007972,-1.8621380146989557e-06,5.198308359474133e-06,0.9914448667930444,9.50318524724149e-07,-0.5898664289271219,0.7803776994651217,2.100341155763622e-06,0.452310658443266,2.1350906528273137e-06,0.00018461825151279638,-0.5954777013558248,0.7902089017569228,0.0003822413554782786,0.4565305376546756,0.00038582827386142557,0.00018461825151279638,-0.5954777013558248,0.7902089017569228,0.0003822413554782786,0.4565305376546756,0.00038582827386142557,-0.0014394018558452047,0.05119741016369148,-0.08927712538072116,-0.002932743333416782,-0.03812757054503119,-0.0029549697704635233,-0.0019192218822044972,-0.0015486885835741307,-0.0008120075698287109,-0.004359033912626386,-0.001958064504255693,-0.004442917307394694,0.0,True,False,1,True,True,0.002573699995991774,3,1.5755104112005993e-09,1.0533094459789044e-10,`gtol` termination condition is satisfied.,True,True,0.009999999999999787,0.009813156060494044,1.0,0.0011433876385890595,1.1043864720430323e-05,0.001143389201760836,1.1043858237085299e-05
5.9999999999999165,1786132510.0805879,0.0068140999937895685,0.006395799995516427,0.01,TELEOP,0,,0.0,5.9999999999999165,600,0.0,0.02500000000000209,0.024999999999997913,0.0,0.0,0.0,1.0,1.718886570853375e-07,0.027486068507022014,0.022513761970809835,0.0,0.0,0.0,1.0,-0.015999948433402883,-0.21524855054264155,0.2846226543945255,-0.1305261922200515,0.0,0.0,0.9914448613738105,-0.015999929700220374,-0.2151079987836368,0.28437918531120043,-0.1305261922200515,0.0,0.0,0.9914448613738105,-0.015999929650674993,-0.21510799818638587,0.28437918385275773,-0.13052619227221593,-4.0692687093176134e-13,-3.1696083108930632e-12,0.9914448613669429,-0.015985718617036345,-0.2145454269126416,0.2833816152486666,-0.13052593607322766,-1.701935710185418e-06,4.753007964440473e-06,0.9914448950832921,-0.015985718617036345,-0.2145454269126416,0.2833816152486666,-0.13052593607322766,-1.701935710185418e-06,4.753007964440473e-06,0.9914448950832921,8.63014932086719e-07,-0.5893396929884988,0.7794665542701439,1.9088992616823547e-06,0.4519262491868325,1.940624967176314e-06,0.00017014765646907183,-0.5949657667045511,0.7893159284722747,0.0003527166773093435,0.45614906069920835,0.0003560751645148561,0.00017014765646907183,-0.5949657667045511,0.7893159284722747,0.0003527166773093435,0.45614906069920835,0.0003560751645148561,-0.001447059504372486,0.05119346512736027,-0.0892973284648131,-0.0029524678168935748,-0.038147695546725195,-0.0029753109346570134,-0.0007657648527281318,-0.00039450363312129133,-0.002020308409194279,-0.0019724483476793366,-0.002012500169400478,-0.002034116419349062,0.0,True,False,1,True,True,0.0026926999998977408,3,1.576774717515315e-09,1.0542312511168709e-10,`gtol` termination condition is satisfied.,True,True,0.009999999999999787,0.009831202291801122,1.0,0.001145352134231047,1.0110286510426634e-05,0.0011453536984634904,1.0110275445546688e-05
6.009999999999916,1786132510.0866642,0.0066510000033304095,0.005820499995024875,0.01,TELEOP,0,,0.0,6.009999999999916,601,0.0,0.024750000000002093,0.02524999999999791,0.0,0.0,0.0,1.0,1.5618702004319372e-07,0.027236099626950627,0.022763746413888224,0.0,0.0,0.0,1.0,-0.015999953143893995,-0.215301575741296,0.2847145033355011,-0.1305261922200515,0.0,0.0,0.9914448613738105,-0.01599993612117357,-0.21516101729111678,0.28447102507040806,-0.1305261922200515,0.0,0.0,0.9914448613738105,-0.015999936071618478,-0.21516101669347382,0.28447102361076043,-0.13052619227226178,-4.074092398789809e-13,-3.1716123910456396e-12,0.9914448613669369,-0.01598692727315382,-0.21459670432767738,0.28347216609437137,-0.13052574079849277,-1.54159286740505e-06,4.306910233241089e-06,0.9914449207939283,-0.01598692727315382,-0.21459670432767738,0.28347216609437137,-0.13052574079849277,-1.54159286740505e-06,4.306910233241089e-06,0.9914449207939283,7.837362483075508e-07,-0.588812909806569,0.778555082645271,1.7349194037448927e-06,0.4515415607438405,1.76388387354227e-06,0.00015570680601079126,-0.5944537651013143,0.788422641531993,0.0003232150156690308,0.4557673769625622,0.00032634098594271386,0.00015570680601079126,-0.5944537651013143,0.788422641531993,0.0003232150156690308,0.4557673769625622,0.00032634098594271386,-0.0014440850458280873,0.051200160323678974,-0.08932869402816462,-0.0029501661640313316,-0.03816837366461466,-0.0029734178572142856,0.0002974458544398621,0.0006695196318708824,-0.0031365563351521317,0.00023016528622433422,-0.0020678117889466954,0.00018930774427276418,0.0,True,False,1,True,True,0.002664799991180189,3,1.5780380247159741e-09,1.0551565692230286e-10,`gtol` termination condition is satisfied.,True,True,0.009999999999999787,0.009849374202130834,1.0,0.0011473160040177189,9.194209160351206e-06,0.0011473175693074748,9.194193058694162e-06
6.019999999999916,1786132510.0927842,0.006027900002663955,0.005912799999350682,0.01,TELEOP,0,,0.0,6.019999999999916,602,0.0,0.0245000000000021,0.025499999999997903,0.0,0.0,0.0,1.0,1.4191969201070444e-07,0.026986127894834063,0.023013732282711908,0.0,0.0,0.0,1.0,-0.015999957424092406,-0.21535460165570666,0.28480635291107503,-0.1305261922200515,0.0,0.0,0.9914448613738105,-0.01599994195572123,-0.21521403712423992,0.2845628663004132,-0.1305261922200515,0.0,0.0,0.9914448613738105,-0.01599994190615389,-0.2152140365262052,0.2845628648395614,-0.13052619227230738,-4.0789255425846347e-13,-3.1737805875307218e-12,0.9914448613669309,-0.01598812690348135,-0.21464799705873186,0.2835627291060857,-0.1305255648258803,-1.3821025305859644e-06,3.86277574549539e-06,0.9914449439631299,-0.01598812690348135,-0.21464799705873186,0.2835627291060857,-0.1305255648258803,-1.3821025305859644e-06,3.86277574549539e-06,0.9914449439631299,7.117449631887667e-07,-0.5882860801337372,0.7776432857149616,1.5768089126464755e-06,0.45115659348633835,1.603251980038049e-06,0.00014139300516675908,-0.5939415991527391,0.78752893853245,0.0002939382271740471,0.4553854808742739,0.0002968295324323983,0.00014139300516675908,-0.5939415991527391,0.78752893853245,0.0002939382271740471,0.4553854808742739,0.0002968295324323983,-0.0014313800844032486,0.05121659485752318,-0.08937029995431166,-0.0029276788494984325,-0.03818960882883,-0.0029511453510316205,0.0012704961424838876,0.00164345338442082,-0.004160592614703765,0.002248731453289962,-0.0021235164215337747,0.00222725061826656,0.0,True,False,1,True,True,0.002829300006851554,3,1.5793006450291773e-09,1.0560770250595578e-10,`gtol` termination condition is satisfied.,True,True,0.009999999999999787,0.009867558886722083,1.0,0.0011492657475103754,8.302235459860281e-06,0.0011492673138557043,8.302213754613632e-06
6.029999999999916,1786132510.0989573,0.006124999999883585,0.005961199989542365,0.01,TELEOP,0,,0.0,6.029999999999916,603,0.0,0.024250000000002103,0.0257499999999979,0.0,0.0,0.0,1.0,1.2895565206891117e-07,0.026736153571763437,0.023263719446760565,0.0,0.0,0.0,1.0,-0.015999961313304386,-0.21540762822034948,0.28489820306315283,-0.1305261922200515,0.0,0.0,0.9914448613738105,-0.015999947257406947,-0.21526705816206246,0.2846547088672348,-0.1305261922200515,0.0,0.0,0.9914448613738105,-0.015999947207825074,-0.21526705756363596,0.28465470740517906,-0.1305261922723531,-4.083768732364627e-13,-3.1760990827980373e-12,0.9914448613669249,-0.015989310045137883,-0.21469931578207072,0.283653312196018,-0.13052540775935564,-1.224392595791389e-06,3.423190565678713e-06,0.9914449646430389,-0.015989310045137883,-0.21469931578207072,0.283653312196018,-0.13052540775935564,-1.224392595791389e-06,3.423190565678713e-06,0.9914449646430389,6.463713189426872e-07,-0.5877592046148478,0.7767311644620479,1.4331203427789635e-06,0.45077134775231015,1.4572610773523684e-06,0.00012729461388023087,-0.5934291804044765,0.7866347262407133,0.00026506988558953936,0.4550033668688849,0.00026772617038575453,0.00012729461388023087,-0.5934291804044765,0.7866347262407133,0.00026506988558953936,0.4550033668688849,0.00026772617038575453,-0.001409839128652851,0.051241874826265264,-0.08942122917367601,-0.0028868341584508336,-0.03821140053890232,-0.002910336204664435,0.0021540955750398235,0.0025279968742080924,-0.0050929219364345465,0.004084469104759981,-0.002179171007231767,0.004080914636718647,0.0,True,False,1,True,True,0.0028479000029619783,3,1.5805630863473922e-09,1.0569999887400549e-10,`gtol` termination condition is satisfied.,True,True,0.009999999999999787,0.009885652817488433,1.0,0.0011511890568866544,7.441375738739643e-06,0.0011511906242875753,7.441347725908212e-06
6.039999999999916,1786132510.1050022,0.0061775999929523095,0.0058280999946873635,0.01,TELEOP,0,,0.0,6.039999999999916,604,0.0,0.02400000000000211,0.025999999999997893,0.0,0.0,0.0,1.0,1.1717584777201205e-07,0.02648617689494532,0.023513707787453854,0.0,0.0,0.0,1.0,-0.015999964847245675,-0.21546065537569456,0.2849900537389544,-0.1305261922200515,0.0,0.0,0.9914448613738105,-0.01599995207488724,-0.21532008029464747,0.284746552649056,-0.1305261922200515,0.0,0.0,0.9914448613738105,-0.015999952025288696,-0.2153200796958292,0.2847465511857968,-0.13052619227239867,-4.0886225033435396e-13,-3.1785553158688145e-12,0.9914448613669188,-0.015990469952704773,-0.2147506701184721,0.283743922475521,-0.13052526910816376,-1.0693235864708577e-06,2.9905594619335455e-06,0.9914449828982719,-0.015990469952704773,-0.2147506701184721,0.283743922475521,-0.13052526910816376,-1.0693235864708577e-06,2.9905594619335455e-06,0.9914449828982719,5.870070927150201e-07,-0.5872322837969324,0.775818719740374,1.3025382433388337e-06,0.45038582384856424,1.324576741865075e-06,0.00011349117459822227,-0.59291642921435,0.7857399204837022,0.0002367755214471698,0.45462102942630384,0.00023919807744269303,0.00011349117459822227,-0.59291642921435,0.7857399204837022,0.0002367755214471698,0.45462102942630384,0.00023919807744269303,-0.0013803439282008888,0.051275119012648765,-0.0894805757011053,-0.0028294364142370156,-0.03823374425810534,-0.002852809294306212,0.0029495200451962688,0.003324418638350468,-0.00593465274293011,0.0057397744213819124,-0.0022343719203026316,0.005752691035822412,0.0,True,False,1,True,True,0.0026375000015832484,3,1.5818251897997656e-09,1.0579214891314792e-10,`gtol` termination condition is satisfied.,True,True,0.009999999999999787,0.00990356177866536,1.0,0.0011530748055333477,6.619341066690687e-06,0.0011530763739909097,6.619305879014191e-06
6.0499999999999154,1786132510.1114416,0.0060468000010587275,0.006221100004040636,0.01,TELEOP,0,,0.0,6.0499999999999154,605,0.0,0.023750000000002117,0.026249999999997886,0.0,0.0,0.0,1.0,1.0647210185285173e-07,0.026236198079885684,0.023763697197059647,0.0,0.0,0.0,1.0,-0.01599996805836945,-0.21551368306765795,0.2850819048905284,-0.1305261922200515,0.0,0.0,0.9914448613738105,-0.015999956452377298,-0.21537310342206664,0.2848383975351256,-0.1305261922200515,0.0,0.0,0.9914448613738105,-0.01599995640276016,-0.21537310282285638,0.2848383960706628,-0.1305261922724442,-4.093487341966632e-13,-3.181137870029124e-12,0.9914448613669128,-0.01599160058641577,-0.21480206865325188,0.28383456627222065,-0.13052514829780462,-9.176870290299102e-07,2.567100776055291e-06,0.9914449988044743,-0.01599160058641577,-0.21480206865325188,0.28383456627222065,-0.13052514829780462,-9.176870290299102e-07,2.567100776055291e-06,0.9914449988044743,5.330999447178511e-07,-0.5867053181380918,0.7749059522863223,1.1838671237064355e-06,0.45000002205337947,1.2039861471966987e-06,0.00010005359084906507,-0.59240327457426,0.7848444459828492,0.00020920296782830702,0.4542384631082926,0.00021139458883311237,0.00010005359084906507,-0.59240327457426,0.7848444459828492,0.00020920296782830702,0.4542384631082926,0.00021139458883311237,-0.001343758374915749,0.0513154640089962,-0.0895474500853048,-0.002757255361886338,-0.03825663180112737,-0.002780348860958124,0.0036585553285140436,0.004034499634743514,-0.006687438419950125,0.00721810523506795,-0.0022887543022032802,0.0072460433348089685,0.0,True,False,1,True,True,0.002722000004723668,3,1.5830874947167976e-09,1.058841679647208e-10,`gtol` termination condition is satisfied.,True,True,0.009999999999999787,0.009921200743328251,1.0,0.0011549130299564113,5.844978559548815e-06,0.0011549145994733123,5.844935148505985e-06
6.059999999999915,1786132510.1174953,0.00648650000221096,0.00578789999417495,0.01,TELEOP,0,,0.0,6.059999999999915,606,0.0,0.02350000000000212,0.026499999999997883,0.0,0.0,0.0,1.0,9.674611879864679e-08,0.025986217322374203,0.02401368757770207,0.0,0.0,0.0,1.0,-0.015999970976164367,-0.21556671124710383,0.28517375647431026,-0.1305261922200515,0.0,0.0,0.9914448613738105,-0.015999960430056102,-0.21542612745349224,0.2849302434247572,-0.1305261922200515,0.0,0.0,0.9914448613738105,-0.01599996038041859,-0.21542612685388968,0.2849302419590908,-0.13052619227248988,-4.098363677736987e-13,-3.1838363674664383e-12,0.9914448613669068,-0.01599269659642457,-0.2148535189618648,0.2839252491512443,-0.1305250446806331,-7.702044027586658e-07,2.1548428812111565e-06,0.9914450124469245,-0.01599269659642457,-0.2148535189618648,0.2839252491512443,-0.1305250446806331,-7.702044027586658e-07,2.1548428812111565e-06,0.9914450124469245,4.841482886075865e-07,-0.5861783080155667,0.7739928627292908,1.0760205231986324e-06,0.449613942618911,1.0943869934089585e-06,8.704435128344557e-05,-0.5918896538864088,0.7839482361400286,0.000182482800988064,0.45385566259116156,0.00018444763953933218,8.704435128344557e-05,-0.5918896538864088,0.7839482361400286,0.000182482800988064,0.45385566259116156,0.00018444763953933218,-0.0013009239565619775,0.05136206878511687,-0.08962098428205606,-0.002672016684024359,-0.038280051713103946,-0.0026946949293780763,0.00428344183537725,0.00466047761206728,-0.007353419675126238,0.008523867786198064,-0.0023419911976577806,0.008565393158004963,0.0,True,False,1,True,True,0.0026498999941395596,3,1.5843500794934108e-09,1.0597646945208193e-10,`gtol` termination condition is satisfied.,True,True,0.009999999999999787,0.009938493696526884,1.0,0.0011566949054916172,5.128886037425046e-06,0.0011566964760716732,5.128833187862743e-06
6.069999999999915,1786132510.1237571,0.005993800004944205,0.006056499987607822,0.01,TELEOP,0,,0.0,6.069999999999915,607,0.0,0.023250000000002127,0.026749999999997876,0.0,0.0,0.0,1.0,8.790858217398698e-08,0.025736234800287177,0.024263678840460212,0.0,0.0,0.0,1.0,-0.015999973627425355,-0.21561973986939195,0.28526560845072135,-0.1305261922200515,0.0,0.0,0.9914448613738105,-0.015999964044434652,-0.2154791523063709,0.285022090226419,-0.1305261922200515,0.0,0.0,0.9914448613738105,-0.015999963994775157,-0.21547915170637585,0.28502208875954876,-0.13052619227253554,-4.1032519226981334e-13,-3.1866413774168063e-12,0.9914448613669008,-0.015993753303584216,-0.21490502764043629,0.2840159759400494,-0.13052495754606164,-6.275266357892436e-07,1.7556221557937042e-06,0.9914450239191898,-0.015993753303584216,-0.21490502764043629,0.2840159759400494,-0.13052495754606164,-6.275266357892436e-07,1.7556221557937042e-06,0.9914450239191898,4.396966291065089e-07,-0.5856512537330826,0.7730794516012418,9.780110688637133e-07,0.44922758577339345,9.947774361298966e-07,7.451779380208368e-05,-0.5913755126992583,0.7830512327803683,0.0001567288647878468,0.45347262269477917,0.00015847229114431698,7.451779380208368e-05,-0.5913755126992583,0.7830512327803683,0.0001567288647878468,0.45347262269477917,0.00015847229114431698,-0.0012526557481362158,0.05141411871505589,-0.08970033596604222,-0.0025753936200217757,-0.038303989638239805,-0.0025975348395015736,0.0048268208425762665,0.005204992993902355,-0.00793516839861716,0.009662306400258528,-0.0023937925135860197,0.009716008987650477,0.0,True,False,1,True,True,0.0026974999927915633,3,1.5856129478109221e-09,1.0606867154066058e-10,`gtol` termination condition is satisfied.,True,True,0.009999999999999787,0.009955373410737822,1.0,0.0011584127163222116,4.484186534300219e-06,0.001158414287970179,4.484122966218925e-06
6.079999999999915,1786132510.130343,0.006279900000663474,0.006362000000081025,0.01,TELEOP,0,,0.0,6.079999999999915,608,0.0,0.02300000000000213,0.026999999999997873,0.0,0.0,0.0,1.0,7.987833440152025e-08,0.025486250675225638,0.024513670904549235,0.0,0.0,0.0,1.0,-0.015999976036499688,-0.2156727688939665,0.28535746078380436,-0.1305261922200515,0.0,0.0,0.9914448613738105,-0.01599996732869063,-0.21553217790567222,0.2851139378569047,-0.1305261922200515,0.0,0.0,0.9914448613738105,-0.015999967279007675,-0.21553217730528418,0.2851139363888301,-0.13052619227258094,-4.1081524372578083e-13,-3.1895443269254836e-12,0.9914448613668948,-0.01599476667715938,-0.21495660034060002,0.2841067507563718,-0.1305248861303373,-4.902341164941632e-07,1.3710823948230123e-06,0.991445033321839,-0.01599476667715938,-0.21495660034060002,0.2841067507563718,-0.1305248861303373,-4.902341164941632e-07,1.3710823948230123e-06,0.991445033321839,3.993313302078891e-07,-0.5851241555275343,0.7721657193453981,8.889414450923739e-07,0.4488409517231531,9.042469386008326e-07,6.25204045658917e-05,-0.5908608044084555,0.7821533858573811,0.00013203886824776745,0.4530893384080146,0.00013356733258634672,6.25204045658917e-05,-0.5908608044084555,0.7821533858573811,0.00013203886824776745,0.4530893384080146,0.00013356733258634672,-0.0011997389236192237,0.05147082908027622,-0.0897846922987124,-0.002468999654007987,-0.03832842867646016,-0.002490495855797081,0.005291682451699313,0.005671036522032942,-0.008435633267018263,0.010639396601379074,-0.002443903822035622,0.010703898370449492,0.0,True,False,1,True,True,0.0031580999930156395,3,1.5868765705635253e-09,1.0616049548585705e-10,`gtol` termination condition is satisfied.,True,True,0.009999999999999787,0.009971781179126449,1.0,0.0011600598203390154,3.9272284523880535e-06,0.0011600613930610002,3.927153110504266e-06
6.089999999999915,1786132510.136345,0.0065771999943535775,0.005786900001112372,0.01,TELEOP,0,,0.0,6.089999999999915,609,0.0,0.022750000000002137,0.027249999999997866,0.0,0.0,0.0,1.0,7.258163146797024e-08,0.025236265094003698,0.02476366369657633,0.0,0.0,0.0,1.0,-0.015999978225510567,-0.21572579828398264,0.28544931344089225,-0.1305261922200515,0.0,0.0,0.9914448613738105,-0.01599997031297257,-0.2155852041832051,0.28520578624057924,-0.1305261922200515,0.0,0.0,0.9914448613738105,-0.015999970263264763,-0.21558520358242356,0.2852057847712999,-0.13052619227262666,-4.113065553126996e-13,-3.19253742683366e-12,0.9914448613668888,-0.015995733309879655,-0.21500824180803993,0.2841975770388331,-0.1305248296258793,-3.588371878759452e-07,1.002675574452408e-06,0.9914450407612119,-0.015995733309879655,-0.21500824180803993,0.2841975770388331,-0.1305248296258793,-3.588371878759452e-07,1.002675574452408e-06,0.9914450407612119,3.626767691592678e-07,-0.5845970135750594,0.7712516663241495,8.079961802029356e-07,0.44845404065444106,8.219679506569149e-07,5.109114687857174e-05,-0.5903454899277655,0.7812546531256622,0.00010849504591889218,0.4527058049107472,0.00010981594443157055,5.109114687857174e-05,-0.5903454899277655,0.7812546531256622,0.00010849504591889218,0.4527058049107472,0.00010981594443157055,-0.0011429257687320205,0.05153144806900043,-0.0898732731718972,-0.002354382232887577,-0.03835334972673676,-0.002375138815477667,0.005681315488720446,0.006061898872421144,-0.008858087318480123,0.011461742112041245,-0.002492105027659721,0.011535704031941658,0.0,True,False,1,True,True,0.0026618999982019886,3,1.5881407908653286e-09,1.06252872594935e-10,`gtol` termination condition is satisfied.,True,True,0.009999999999999787,0.009987666511983018,1.0,0.0011616306093934178,3.4774226221361627e-06,0.0011616321831961526,3.47733527450504e-06
6.099999999999914,1786132510.144857,0.006001100002322346,0.008298300002934411,0.01,TELEOP,0,,0.0,6.099999999999914,610,0.0,0.022500000000002143,0.02749999999999786,0.0,0.0,0.0,1.0,6.595146571120212e-08,0.024986278190000856,0.025013657149864695,0.0,0.0,0.0,1.0,-0.015999980214560294,-0.21577882800596718,0.28554116639230726,-0.1305261922200515,0.0,0.0,0.9914448613738105,-0.01599997302467629,-0.21563823107699595,0.2852976353086926,-0.1305261922200515,0.0,0.0,0.9914448613738105,-0.015999972974942378,-0.21563823047582031,0.28529763383820766,-0.1305261922726722,-4.1179915730563093e-13,-3.1956135978176278e-12,0.9914448613668828,-0.015996650390725543,-0.215059955924157,0.2842884575797635,-0.130524787190155,-2.3377709101853187e-07,6.516638803680148e-07,0.9914450463482509,-0.015996650390725543,-0.215059955924157,0.2842884575797635,-0.130524787190155,-2.3377709101853187e-07,6.516638803680148e-07,0.9914450463482509,3.293918444199276e-07,-0.5840698279965691,0.7703372928262587,7.344341835552384e-07,0.4480668527351072,7.471883474838987e-07,4.02618151441246e-05,-0.589829537334833,0.780354999786174,8.616487120259445e-05,0.45232201759258794,8.728641670577511e-05,4.02618151441246e-05,-0.589829537334833,0.780354999786174,8.616487120259445e-05,0.45232201759258794,8.728641670577511e-05,-0.0010829331734447366,0.05159525929324785,-0.08996533394882485,-0.002233017471629821,-0.03837873181592535,-0.002252952772579591,0.0059992595287285165,0.006381122424741563,-0.009206077692765676,0.012136476125775855,-0.0025382089188586794,0.012218604289807873,0.0,True,False,1,True,True,0.0033719000057317317,3,1.5894060571228529e-09,1.0634494817213726e-10,`gtol` termination condition is satisfied.,True,True,0.009999999999999787,0.010002986801512681,1.0,0.0011631204655041677,3.1545500473676013e-06,0.0011631220403955057,3.154452152062991e-06
6.109999999999914,1786132510.1554027,0.008731399997486733,0.010112599993590266,0.01,TELEOP,0,,0.0,6.109999999999914,611,0.0,0.022250000000002147,0.027749999999997856,0.0,0.0,0.0,1.0,5.992695046926685e-08,0.024736290084390662,0.025263651203839332,0.0,0.0,0.0,1.0,-0.01599998202191487,-0.21583185802951005,0.2856330196110874,-0.1305261922200515,0.0,0.0,0.9914448613738105,-0.01599997548869613,-0.21569125853072346,0.28538948499875516,-0.1305261922200515,0.0,0.0,0.9914448613738105,-0.015999975438934964,-0.2156912579291531,0.28538948352706384,-0.13052619227271792,-4.1229307876165883e-13,-3.198766409996522e-12,0.9914448613668768,-0.01599751567582247,-0.2151117457503119,0.28437939455982286,-0.1305247579540821,-1.1542732255619121e-07,3.191229071499741e-07,0.991445050197394,-0.01599751567582247,-0.2151117457503119,0.28437939455982286,-0.1305247579540821,-1.1542732255619121e-07,3.191229071499741e-07,0.991445050197394,2.991668048044022e-07,-0.583542598862771,0.7694225990734097,6.675819641400249e-07,0.44767938811612773,6.792245582991881e-07,3.005740932963611e-05,-0.5893129214963667,0.7794543981089156,6.510181320405447e-05,0.45193797206846653,6.603291078943849e-05,3.005740932963611e-05,-0.5893129214963667,0.7794543981089156,6.510181320405447e-05,0.45193797206846653,6.603291078943849e-05,-0.001020440581448871,0.05166158384663133,-0.09006016772584238,-0.002106305799854043,-0.03840455241214005,-0.0021253505916337084,0.006249259199586679,0.006632455338348847,-0.009483377701754425,0.012671167177578064,-0.002582059621470308,0.01276021809458854,0.0,True,False,1,True,True,0.00450109998928383,3,1.5906723146339204e-09,1.0643736887678969e-10,`gtol` termination condition is satisfied.,True,True,0.009999999999999787,0.010017706959915218,1.0,0.0011645257135854965,2.9719298486790173e-06,0.001164527289573829,2.971825104726265e-06
6.119999999999914,1786132510.1629553,0.010493800000404008,0.007170799988671206,0.01,TELEOP,0,,0.0,6.119999999999914,612,0.0,0.022000000000002153,0.02799999999999785,0.0,0.0,0.0,1.0,5.445276094045434e-08,0.024486300887257062,0.02551364580346897,0.0,0.0,0.0,1.0,-0.015999983664171727,-0.21588488832698435,0.2857248730727383,-0.1305261922200515,0.0,0.0,0.9914448613738105,-0.01599997772765326,-0.21574428649320412,0.2854813352539694,-0.1305261922200515,0.0,0.0,0.9914448613738105,-0.01599997767786379,-0.21574428589123826,0.2854813337810708,-0.13052619227276366,-4.1278834095003347e-13,-3.2019900593193013e-12,0.9914448613668708,-0.015998327457799548,-0.21516361357411848,0.2844703895840206,-0.1305247410299438,-4.0953703469250125e-09,5.94593293614083e-09,0.9914450524255322,-0.015998327457799548,-0.21516361357411848,0.2844703895840206,-0.1305247410299438,-4.0953703469250125e-09,5.94593293614083e-09,0.9914450524255322,2.717203685890466e-07,-0.5830153261987413,0.7685075852261755,6.068274646553945e-07,0.4472916469329984,6.174553181808026e-07,2.049652560412549e-05,-0.5887956236770947,0.7785528270375208,4.534612819331364e-05,0.4515536641912478,4.609625636980172e-05,2.049652560412549e-05,-0.5887956236770947,0.7785528270375208,4.534612819331364e-05,0.4515536641912478,4.609625636980172e-05,-0.0009560883725510826,0.05172978192720748,-0.09015710713948061,-0.001975568501074125,-0.03843078772187015,-0.00199366544196372,0.006435220889778991,0.00681980805761484,-0.009693941363822628,0.01307372987799209,-0.002623530973009519,0.013168514966999119,0.0,True,False,1,True,True,0.003002900004503317,3,1.591939736462356e-09,1.0652995483110112e-10,`gtol` termination condition is satisfied.,True,True,0.009999999999999787,0.010031799035505884,1.0,0.0011658435712586118,2.927566426298878e-06,0.001165845148353018,2.9274600698847143e-06
6.129999999999914,1786132510.168869,0.007389400008833036,0.005695500003639609,0.01,TELEOP,0,,0.0,6.129999999999914,613,0.0,0.021750000000002156,0.028249999999997846,0.0,0.0,0.0,1.0,4.947862611959253e-08,0.02423631069860868,0.025763640898759023,0.0,0.0,0.0,1.0,-0.015999985156412173,-0.21593791887329167,0.2858167267550075,-0.1305261922200515,0.0,0.0,0.9914448613738105,-0.015999979762103194,-0.21579731491792478,0.2855731860227133,-0.1305261922200515,0.0,0.0,0.9914448613738105,-0.01599997971228442,-0.2157973143155627,0.2855731845486065,-0.130526192272809,-4.132849642730762e-13,-3.205279233150413e-12,0.9914448613668648,-0.015999084533950873,-0.21521556095729635,0.28456144371876335,-0.13052473551880597,9.997520890713453e-08,-2.8715082805951154e-07,0.9914450531510324,-0.015999084533950873,-0.21521556095729635,0.28456144371876335,-0.13052473551880597,9.997520890713453e-08,-2.8715082805951154e-07,0.9914450531510324,2.4679710832363573e-07,-0.58248800998808,0.7675922513894456,5.516144602349149e-07,0.4469036293070074,5.613159916466889e-07,1.1591759074519898e-05,-0.5882776311365883,0.7776502717800751,2.6925677254765924e-05,0.45116909006154565,2.7504774954730798e-05,1.1591759074519898e-05,-0.5882776311365883,0.7776502717800751,2.6925677254765924e-05,0.45116909006154565,2.7504774954730798e-05,-0.0008904766529605784,0.05179925405064482,-0.0902555257445761,-0.001842045093854811,-0.0384574129702146,-0.0018591481415071315,0.006561171959050559,0.006947212343734119,-0.009841860509548935,0.013352340721931685,-0.0026625248344452094,0.013451730045659123,0.0,True,False,1,True,True,0.0026083999982802197,3,1.593208381732474e-09,1.0662171454498607e-10,`gtol` termination condition is satisfied.,True,True,0.009999999999999787,0.010045241811345362,1.0,0.001167072096303427,3.0009080456609536e-06,0.0011670736745134293,3.0008049999981857e-06
6.1399999999999135,1786132510.1757593,0.005915399990044534,0.006670100003248081,0.01,TELEOP,0,,0.0,6.1399999999999135,614,0.0,0.021500000000002163,0.02849999999999784,0.0,0.0,0.0,1.0,4.495886714488029e-08,0.02398631960930036,0.02601363644429091,0.0,0.0,0.0,1.0,-0.015999986512339866,-0.21599094964563087,0.2859085806376791,-0.1305261922200515,0.0,0.0,0.9914448613738105,-0.01599998161072434,-0.2158503437626174,0.28566503725807,-0.1305261922200515,0.0,0.0,0.9914448613738105,-0.015999981560875363,-0.21585034315985838,0.28566503578275404,-0.13052619227285486,-4.1378297753694e-13,-3.20862905905803e-12,0.9914448613668587,-0.01599978617351762,-0.21526758878461832,0.28465255752957985,-0.13052474051743226,1.9660240648639794e-07,-5.596220935293098e-07,0.9914450524928273,-0.01599978617351762,-0.21526758878461832,0.28465255752957985,-0.13052474051743226,1.9660240648639794e-07,-5.596220935293098e-07,0.9914450524928273,2.241650741185916e-07,-0.5819606501766896,0.7666765976173612,5.014374640301221e-07,0.44651533534639404,5.102934094703106e-07,3.350114797378638e-06,-0.5877589367177914,0.7767467233901754,9.856762229217049e-06,0.4507842460349079,1.0275121980184788e-05,3.350114797378638e-06,-0.5877589367177914,0.7767467233901754,9.856762229217049e-06,0.4507842460349079,1.0275121980184788e-05,-0.0008241644277141436,0.05186944187968735,-0.0903548389899683,-0.0017068915025549238,-0.038484402663774224,-0.0017229652974546377,0.0066312225246436185,0.007018782904253824,-0.009931324539219171,0.013515359129988993,-0.002698969355962681,0.013618284405249674,0.0,True,False,1,True,True,0.003497199999401346,3,1.594478165265262e-09,1.0671442131049456e-10,`gtol` termination condition is satisfied.,True,True,0.009999999999999787,0.010058020390629419,1.0,0.0011682101322914027,3.159714485936439e-06,0.0011682117116267687,3.159617930741802e-06
6.149999999999913,1786132510.1817431,0.0068909000110579655,0.005763000008300878,0.01,TELEOP,0,,0.0,6.149999999999913,615,0.0,0.02125000000000217,0.028749999999997833,0.0,0.0,0.0,1.0,4.085197781574641e-08,0.023736327701870473,0.026263632398803485,0.0,0.0,0.0,1.0,-0.01599998774440666,-0.21604398062328786,0.2860004347023879,-0.1305261922200515,0.0,0.0,0.9914448613738105,-0.01599998329048937,-0.21590337298887244,0.2857568889174003,-0.1305261922200515,0.0,0.0,0.9914448613738105,-0.015999983240609365,-0.21590337238571555,0.2857568874408738,-0.13052619227290063,-4.1428239916016374e-13,-3.212035155444888e-12,0.9914448613668527,-0.016000432084388366,-0.21531969731352044,0.2847437311192,-0.13052475512468908,2.8566310917687057e-07,-8.110865999963833e-07,0.9914450505695717,-0.016000432084388366,-0.21531969731352044,0.2847437311192,-0.13052475512468908,2.8566310917687057e-07,-8.110865999963833e-07,0.9914450505695717,2.0361363673602866e-07,-0.5814332466762109,0.765760623917811,4.55837100643047e-07,0.4461267651474053,4.6392117930921936e-07,-4.2265764925053265e-06,-0.5872395384308278,0.775842178341987,-5.855027413151211e-06,0.45039912872654897,-5.586859918710715e-06,-4.2265764925053265e-06,-0.5872395384308278,0.775842178341987,-5.855027413151211e-06,0.45039912872654897,-5.586859918710715e-06,-0.0007576691289884126,0.051939828696366576,-0.0904545048188351,-0.0015711789642368593,-0.03851173083589208,-0.0015861981898895843,0.006649529872573238,0.007038681667922582,-0.00996658288668073,0.013571253831806726,-0.0027328172117855347,0.013676710756505624,0.0,True,False,1,True,True,0.002633399999467656,3,1.5957495996406728e-09,1.0680703791364158e-10,`gtol` termination condition is satisfied.,True,True,0.009999999999999787,0.010070125772814187,1.0,0.0011692572529218388,3.37084711116651e-06,0.0011692588333930653,3.3707583724378086e-06
6.159999999999913,1786132510.1876638,0.006001799993100576,0.005682099988916889,0.01,TELEOP,0,,0.0,6.159999999999913,616,0.0,0.021000000000002173,0.02899999999999783,0.0,0.0,0.0,1.0,3.7120243429497974e-08,0.023486335051301648,0.026513628724812735,0.0,0.0,0.0,1.0,-0.01599998886392698,-0.21609701178744486,0.28609228893244965,-0.1305261922200515,0.0,0.0,0.9914448613738105,-0.015999984816820963,-0.2159564025617873,0.28584874096195356,-0.1305261922200515,0.0,0.0,0.9914448613738105,-0.015999984766909132,-0.2159564019582317,0.28584873948421535,-0.13052619227294618,-4.147832492162899e-13,-3.2154935425077483e-12,0.9914448613668467,-0.01600102237949485,-0.21537188622397488,0.28483496416568865,-0.1305247784474415,3.670902133297916e-07,-1.041319506449039e-06,0.9914450474988653,-0.01600102237949485,-0.21537188622397488,0.28483496416568865,-0.1305247784474415,3.670902133297916e-07,-1.041319506449039e-06,0.9914450474988653,1.8495152847976662e-07,-0.5809057993671424,0.7648443302565106,4.1439590069229047e-07,0.4457379187952572,4.2177542284941917e-07,-1.11412412303088e-05,-0.586719439035391,0.7749366381027764,-2.021396359008712e-05,0.4500137350138082,-2.00852833583819e-05,-1.11412412303088e-05,-0.586719439035391,0.7749366381027764,-2.021396359008712e-05,0.4500137350138082,-2.00852833583819e-05,-0.0006914664737803622,0.052009939543673105,-0.0905540239210686,-0.0014358936176936214,-0.03853937127407591,-0.0014498423439671495,0.006620265520805181,0.007011084730653219,-0.00995191022334895,0.013528534654324072,-0.002764043818383073,0.013635584592243769,0.0,True,False,1,True,True,0.0026034000038634986,3,1.5970224677501847e-09,1.0689910328815012e-10,`gtol` termination condition is satisfied.,True,True,0.009999999999999787,0.01008155442417602,1.0,0.0011702137055630438,3.607016957609298e-06,0.0011702152871805654,3.6069361335967138e-06
6.169999999999913,1786132510.1980655,0.005911400003242306,0.010172300011618063,0.01,TELEOP,0,,0.0,6.169999999999913,617,0.0,0.02075000000000218,0.029249999999997823,0.0,0.0,0.0,1.0,3.372939443641579e-08,0.023236341725711956,0.026763625388266266,0.0,0.0,0.0,1.0,-0.015999989881181675,-0.2161500431210068,0.28618414331270775,-0.1305261922200515,0.0,0.0,0.9914448613738105,-0.015999986203733302,-0.21600943244964688,0.285940593356514,-0.1305261922200515,0.0,0.0,0.9914448613738105,-0.015999986153788944,-0.21600943184569152,0.2859405918775628,-0.13052619227299195,-4.1528554390985386e-13,-3.219000605862272e-12,0.9914448613668407,-0.016001557543159458,-0.21542415466825654,0.2849262559603594,-0.13052480960593763,4.4086954064985106e-07,-1.2502442110813756e-06,0.9914450433965447,-0.016001557543159458,-0.21542415466825654,0.2849262559603594,-0.13052480960593763,4.4086954064985106e-07,-1.2502442110813756e-06,0.9914450433965447,1.6800506314632274e-07,-0.5803783081016842,0.7639277165607302,3.7673447682851384e-07,0.445348796365021,3.8347089929782405e-07,-1.740114747403523e-05,-0.5861986456247567,0.7740301087061245,-3.3233330793480375e-05,0.4496280620365126,-3.323336071795774e-05,-1.740114747403523e-05,-0.5861986456247567,0.7740301087061245,-3.3233330793480375e-05,0.4496280620365126,-3.323336071795774e-05,-0.0006259906243726563,0.052079341063441184,-0.09065293966517825,-0.0013019367203393533,-0.0385672977295607,-0.0013148077359576124,0.006547584940770735,0.006940151976807946,-0.00989157441096562,0.013395689735427098,-0.0027926455484784027,0.013503460800954005,0.0,True,False,1,True,True,0.004631799994967878,3,1.598296942732857e-09,1.0699170916758217e-10,`gtol` termination condition is satisfied.,True,True,0.009999999999999787,0.010092307846265802,1.0,0.0011710803544674785,3.848309682231756e-06,0.0011710819372419896,3.8482362728163646e-06
6.179999999999913,1786132510.2084396,0.010537900001509115,0.010008400000515394,0.01,TELEOP,0,,0.0,6.179999999999913,618,0.0,0.020500000000002183,0.02949999999999782,0.0,0.0,0.0,1.0,3.064829173270434e-08,0.022986347786982893,0.027013622358229364,0.0,0.0,0.0,1.0,-0.01599999080551249,-0.21620307460844373,0.2862759978293931,-0.1305261922200515,0.0,0.0,0.9914448613738105,-0.015999987463960683,-0.21606246262363285,0.28603244606907907,-0.1305261922200515,0.0,0.0,0.9914448613738105,-0.015999987413983157,-0.2160624620192769,0.2860324445889137,-0.13052619227303783,-4.1578929863323715e-13,-3.222553063392749e-12,0.9914448613668346,-0.016002038397629786,-0.21547650132026375,0.2850176054452185,-0.13052484773868872,5.070365900370651e-07,-1.4379236755303286e-06,0.99144503837604,-0.016002038397629786,-0.21547650132026375,0.2850176054452185,-0.13052484773868872,5.070365900370651e-07,-1.4379236755303286e-06,0.99144503837604,1.5261652062183042e-07,-0.5798507727063134,0.7630107827226673,3.425080509649691e-07,0.4449593979224159,3.486574846500712e-07,-2.301749372526602e-05,-0.5856771692141859,0.7731226003287531,-4.4934585182393353e-05,0.4492421071954215,-4.50525565044953e-05,-2.301749372526602e-05,-0.5856771692141859,0.7731226003287531,-4.4934585182393353e-05,0.4492421071954215,-4.50525565044953e-05,-0.0005616346251230912,0.052147641057073375,-0.09075083773714758,-0.001170125438891323,-0.038595484109108916,-0.001181919578653781,0.006435599924956655,0.006829999363219183,-0.009789807196933347,0.013181128144803315,-0.0028186379548220467,0.013288815730383423,0.0,True,False,1,True,True,0.004551199992420152,3,1.5995728873821656e-09,1.0708446723118885e-10,`gtol` termination condition is satisfied.,True,True,0.009999999999999787,0.010102392145394323,1.0,0.001171858624108697,4.081081537583685e-06,0.0011718602080507247,4.081014836700676e-06
6.1899999999999125,1786132510.218804,0.010376699996413663,0.009996000007959083,0.01,TELEOP,0,,0.0,6.1899999999999125,619,0.0,0.02025000000000219,0.029749999999997813,0.0,0.0,0.0,1.0,2.7848640701244387e-08,0.022736353291329944,0.02726361960659977,0.0,0.0,0.0,1.0,-0.015999991645407798,-0.21625610623564767,0.2863678524699975,-0.1305261922200515,0.0,0.0,0.9914448613738105,-0.01599998860907439,-0.21611549305755967,0.2861242990705671,-0.1305261922200515,0.0,0.0,0.9914448613738105,-0.015999988559063053,-0.21611549245280207,0.286124297589186,-0.13052619227308354,-4.1629452884723775e-13,-3.2261479346388977e-12,0.9914448613668286,-0.016002466070015074,-0.21552892442408944,0.28510901124971566,-0.130524892006848,5.656731587443839e-07,-1.604551348420682e-06,0.9914450325477989,-0.016002466070015074,-0.21552892442408944,0.28510901124971566,-0.130524892006848,5.656731587443839e-07,-1.604551348420682e-06,0.9914450325477989,1.3864267976237003e-07,-0.5793231929841337,0.7620935286025285,3.114032979249842e-07,0.4445697235245447,3.170169714962454e-07,-2.8005004619414897e-05,-0.5851550243362318,0.7722141268736195,-5.534652678556141e-05,0.44885586814892914,-5.557175282634926e-05,-2.8005004619414897e-05,-0.5851550243362318,0.7722141268736195,-5.534652678556141e-05,0.44885586814892914,-5.557175282634926e-05,-0.0004987510894148985,0.052214487795409055,-0.09084734551337457,-0.0010411941603168278,-0.038623904649236505,-0.001051919632185419,0.006288353570819399,0.0066846738335679095,-0.009650777622699502,0.0128931278574498,-0.002842054012759087,0.012999994646836478,0.0,True,False,1,True,True,0.004521199996815994,3,1.600850642460645e-09,1.0717695955570723e-10,`gtol` termination condition is satisfied.,True,True,0.009999999999999787,0.010111817606085816,1.0,0.0011725504430443172,4.2963037499900695e-06,0.0011725520281646643,4.296243038331084e-06
6.199999999999912,1786132510.226013,0.010373600001912564,0.006831400009104982,0.01,TELEOP,0,,0.0,6.199999999999912,620,0.0,0.020000000000002197,0.029999999999997806,0.0,0.0,0.0,1.0,2.530473137409708e-08,0.022486358289820964,0.02751361710784854,0.0,0.0,0.0,1.0,-0.015999992408580594,-0.21630913798980253,0.286459707223158,-0.1305261922200515,0.0,0.0,0.9914448613738105,-0.015999989649588892,-0.21616852372763445,0.28621615233455094,-0.1305261922200515,0.0,0.0,0.9914448613738105,-0.015999989599543147,-0.21616852312247425,0.2862161508519526,-0.13052619227312937,-4.1680124746998774e-13,-3.2297825139978906e-12,0.9914448613668226,-0.016002841959818843,-0.2155814218415657,0.2852004717265981,-0.13052494159809724,6.169038648757216e-07,-1.7504417769400316e-06,0.9914450260187746,-0.016002841959818843,-0.2155814218415657,0.2852004717265981,-0.13052494159809724,6.169038648757216e-07,-1.7504417769400316e-06,0.9914450260187746,1.2595348496410113e-07,-0.5787955687170023,0.7611759540313227,2.8313547446374665e-07,0.4441797732205588,2.8826015792914893e-07,-3.23815357299932e-05,-0.5846322286451959,0.7713047055616754,-6.450448948943754e-05,0.44846934280819745,-6.482643269788016e-05,-3.23815357299932e-05,-0.5846322286451959,0.7713047055616754,-6.450448948943754e-05,0.44846934280819745,-6.482643269788016e-05,-0.00043765311105783955,0.05227956910358987,-0.09094213119441058,-0.0009157962703876328,-0.038652534073168425,-0.00092546798715311,0.006109797835706029,0.00650813081808146,-0.009478568103600885,0.012539788992919758,-0.0028629423931919584,0.012645164503231159,0.0,True,False,1,True,True,0.0029845999961253256,3,1.6021302156909638e-09,1.0726971567116144e-10,`gtol` termination condition is satisfied.,True,True,0.009999999999999787,0.010120598271090908,1.0,0.0011731581886874763,4.488164124157621e-06,0.0011731597749967992,4.488108746276754e-06
6.209999999999912,1786132510.2320018,0.007076299996697344,0.005743899993831292,0.01,TELEOP,0,,0.0,6.209999999999912,621,0.0,0.0197500000000022,0.030249999999997803,0.0,0.0,0.0,1.0,2.2993202330592867e-08,0.022236362828847174,0.027763614838784596,0.0,0.0,0.0,1.0,-0.015999993102039308,-0.21636216985926582,0.2865515620785522,-0.1305261922200515,0.0,0.0,0.9914448613738105,-0.01599999059505833,-0.2162215546122387,0.2863080058370166,-0.1305261922200515,0.0,0.0,0.9914448613738105,-0.015999990544977666,-0.21622155400667473,0.2863080043531996,-0.13052619227317516,-4.1730946826540864e-13,-3.2334543460727248e-12,0.9914448613668165,-0.016003167707241975,-0.21563399109853526,0.2852919849866915,-0.13052499573005205,6.608926018588439e-07,-1.8760209916266722e-06,0.9914450188919776,-0.016003167707241975,-0.21563399109853526,0.2852919849866915,-0.13052499573005205,6.608926018588439e-07,-1.8760209916266722e-06,0.9914450188919776,1.1443083610853318e-07,-0.5782678996674729,0.7602580588134056,2.574458120506146e-07,0.4437895470522606,2.6212420370100735e-07,-3.616768948020318e-05,-0.5841088025327345,0.7703943565344192,-7.244955297284148e-05,0.44808252933088827,-7.285788537941144e-05,-3.616768948020318e-05,-0.5841088025327345,0.7703943565344192,-7.244955297284148e-05,0.44808252933088827,-7.285788537941144e-05,-0.00037861537502100574,0.0523426112461539,-0.0910349027256193,-0.0007945063483404103,-0.038681347730916096,-0.0008031452681531443,0.005903773603683506,0.006304214256403045,-0.009277153120872128,0.012128992204722508,-0.0028813657747669627,0.012232271899996832,0.0,True,False,1,True,True,0.0026368999970145524,3,1.6034115856355089e-09,1.0736236645170224e-10,`gtol` termination condition is satisfied.,True,True,0.009999999999999787,0.010128751530352753,1.0,0.0011736846333239787,4.653064295117929e-06,0.001173686220832754,4.653013683157058e-06
6.219999999999912,1786132510.2397258,0.005948299993178807,0.007520300001488067,0.01,TELEOP,0,,0.0,6.219999999999912,622,0.0,0.019500000000002207,0.030499999999997796,0.0,0.0,0.0,1.0,2.089282616281015e-08,0.021986366950551058,0.028013612778340812,0.0,0.0,0.0,1.0,-0.01599999373215216,-0.21641520183346136,0.2866434170268032,-0.1305261922200515,0.0,0.0,0.9914448613738105,-0.015999991454164243,-0.2162745856917299,0.28639985955614305,-0.1305261922200515,0.0,0.0,0.9914448613738105,-0.01599999140404816,-0.21627458508576114,0.28639985807110574,-0.13052619227322113,-4.178192022065208e-13,-3.2371612018176428e-12,0.9914448613668105,-0.016003445162411,-0.21568662942963557,0.28538354893245266,-0.1305250536531991,6.978389540052833e-07,-1.981816745623243e-06,0.9914450112660889,-0.016003445162411,-0.21568662942963557,0.28538354893245266,-0.1305250536531991,6.978389540052833e-07,-1.981816745623243e-06,0.9914450112660889,1.0396749035793873e-07,-0.5777401855805497,0.7593398427287942,2.340991489368513e-07,0.4433990450546625,2.3837022884759148e-07,-3.938644391115566e-05,-0.5835847687563657,0.7694831024691176,-7.922778024844943e-05,0.44769542611365887,-7.971243745131334e-05,-3.938644391115566e-05,-0.5835847687563657,0.7694831024691176,-7.922778024844943e-05,0.44769542611365887,-7.971243745131334e-05,-0.0003218754430952557,0.05240337763688046,-0.09112540653016843,-0.0006778227275608103,-0.03871032172294099,-0.000685455207190205,0.0056739931925751256,0.006076639072655962,-0.009050380454912396,0.011668362077960247,-0.002897399202489495,0.011769006096294192,0.0,True,False,1,True,True,0.0030617000011261553,3,1.6046948533600842e-09,1.074553105466303e-10,`gtol` termination condition is satisfied.,True,True,0.009999999999999787,0.010136297721013654,1.0,0.0011741328916807714,4.788941394248955e-06,0.0011741344803993033,4.788895067290323e-06
6.229999999999912,1786132510.246368,0.007752300007268786,0.006409900001017377,0.01,TELEOP,0,,0.0,6.229999999999912,623,0.0,0.01925000000000221,0.030749999999997793,0.0,0.0,0.0,1.0,1.8984314538308712e-08,0.02173637069321516,0.028263610907379656,0.0,0.0,0.0,1.0,-0.015999994304705646,-0.2164682339027817,0.2867352720593928,-0.1305261922200515,0.0,0.0,0.9914448613738105,-0.01599999223479522,-0.21632761694826122,0.2864917134721025,-0.1305261922200515,0.0,0.0,0.9914448613738105,-0.01599999218464323,-0.21632761634188663,0.2864917119858434,-0.1305261922732671,-4.183304614198383e-13,-3.2409010588843635e-12,0.9914448613668044,-0.016003676355667098,-0.21573933382140567,0.28547516129016043,-0.1305251146533798,7.279746006364419e-07,-2.0684486853867017e-06,0.9914450032351334,-0.016003676355667098,-0.21573933382140567,0.28547516129016043,-0.1305251146533798,7.279746006364419e-07,-2.0684486853867017e-06,0.9914450032351334,9.446606414187572e-08,-0.577212426185292,0.7584213055352687,2.1288177657591085e-07,0.4430082672564853,2.1678112951752536e-07,-4.20627958202559e-05,-0.5830601520823951,0.7685709682083282,-8.488948398702742e-05,0.4473080317835793,-8.544071283263436e-05,-4.20627958202559e-05,-0.5830601520823951,0.7685709682083282,-8.488948398702742e-05,0.4473080317835793,-8.544071283263436e-05,-0.0002676351909100289,0.052461667397052686,-0.09121342607893836,-0.0005661703738578109,-0.038739433007955335,-0.0005728275381321132,0.0054240252185227935,0.005828976017222855,-0.00880195487699224,0.011165235370300182,-0.002911128501434726,0.011262766905809407,0.0,True,False,1,True,True,0.0026985000004060566,3,1.605979926419889e-09,1.0754839244281272e-10,`gtol` termination condition is satisfied.,True,True,0.009999999999999787,0.010143259740323374,1.0,0.0011745063703160893,4.894815800141872e-06,0.0011745079602543086,4.8947733553813835e-06
6.239999999999911,1786132510.252987,0.006623399996897206,0.006405599997378886,0.01,TELEOP,0,,0.0,6.239999999999911,624,0.0,0.019000000000002217,0.030999999999997786,0.0,0.0,0.0,1.0,1.725014106995089e-08,0.0214863740916153,0.02851360920851662,0.0,0.0,0.0,1.0,-0.015999994824957686,-0.21652126605849936,0.2868271271685833,-0.1305261922200515,0.0,0.0,0.9914448613738105,-0.01599999294411935,-0.21638064836561763,0.28658356756687864,-0.1305261922200515,0.0,0.0,0.9914448613738105,-0.015999992893931024,-0.21638064775883614,0.28658356607939606,-0.13052619227331297,-4.188432571337183e-13,-3.244672083575227e-12,0.9914448613667984,-0.01600386346903335,-0.21579210105355562,0.2855668196406322,-0.13052517805383843,7.515597345288552e-07,-2.136618525305151e-06,0.9914449948882106,-0.01600386346903335,-0.21579210105355562,0.2855668196406322,-0.13052517805383843,7.515597345288552e-07,-2.136618525305151e-06,0.9914449948882106,8.583812525413456e-08,-0.576684621196267,0.7575024469702869,1.9359947886327014e-07,0.4426172136806195,1.9715958919184718e-07,-4.4223419556753976e-05,-0.5825349789445463,0.7676579804051181,-8.948852433443304e-05,0.4469203451886247,-9.009692448480486e-05,-4.4223419556753976e-05,-0.5825349789445463,0.7676579804051181,-8.948852433443304e-05,0.4469203451886247,-9.009692448480486e-05,-0.00021606237364981228,0.05251731378488731,-0.09129878032099992,-0.00045990403474057144,-0.038768659495458914,-0.00046562116521706013,0.005157281726021771,0.005564638783462963,-0.008535424206156222,0.010626633911724168,-0.002922648750357827,0.010720637291505542,0.0,True,False,1,True,True,0.0026095000066561624,3,1.6072669567984957e-09,1.0764120485454031e-10,`gtol` termination condition is satisfied.,True,True,0.009999999999999787,0.0101496626730595,1.0,0.0011748087190633194,4.970487554202023e-06,0.0011748103102309706,4.970448655799605e-06
6.249999999999911,1786132510.2609203,0.0067636000021593645,0.007574899995233864,0.01,TELEOP,0,,0.0,6.249999999999911,625,0.0,0.018750000000002223,0.03124999999999778,0.0,0.0,0.0,1.0,1.567438036617145e-08,0.0212363771773415,0.028763607665959784,0.0,0.0,0.0,1.0,-0.015999995297685896,-0.21657429829268648,0.2869189823473456,-0.1305261922200515,0.0,0.0,0.9914448613738105,-0.01599999358865,-0.2164336799290669,0.28667542182410144,-0.1305261922200515,0.0,0.0,0.9914448613738105,-0.01599999353842491,-0.21643367932187732,0.2866754203353937,-0.13052619227335907,-4.19357599746713e-13,-3.248472611397489e-12,0.9914448613667924,-0.01600400880895978,-0.21584492773826444,0.2856585214483746,-0.13052524321685174,7.688795186357049e-07,-2.1871002939092097e-06,0.9914449863092794,-0.01600400880895978,-0.21584492773826444,0.2856585214483746,-0.13052524321685174,7.688795186357049e-07,-2.1871002939092097e-06,0.9914449863092794,7.800337227431841e-08,-0.5761567703148696,0.7565832667527213,1.7607575899012025e-07,0.4422258843445427,1.7932628009462725e-07,-4.589634254487009e-05,-0.5820092771193677,0.7667441671851452,-9.30816404855728e-05,0.446532365387388,-9.373820009120493e-05,-4.589634254487009e-05,-0.5820092771193677,0.7667441671851452,-9.30816404855728e-05,0.446532365387388,-9.373820009120493e-05,-0.00016729229881161487,0.052570182517866666,-0.09138132199730331,-0.00035931161511398206,-0.03879798012367208,-0.00036412756064001597,0.004877007483819845,0.005286873297935708,-0.00825416763033914,0.01005924196265915,-0.002932062821317238,0.010149360457704633,0.0,True,False,1,True,True,0.003798099991399795,3,1.608555996920423e-09,1.0773445565642004e-10,`gtol` termination condition is satisfied.,True,True,0.009999999999999787,0.010155533434831221,1.0,0.0011750437847267018,5.016328826671343e-06,0.0011750453771332348,5.016293194909776e-06
6.259999999999911,1786132510.2670896,0.00792659999569878,0.005817400000523776,0.01,TELEOP,0,,0.0,6.259999999999911,626,0.0,0.01850000000000223,0.03149999999999777,0.0,0.0,0.0,1.0,1.4242561783647268e-08,0.020986379979089545,0.02901360626536406,0.0,0.0,0.0,1.0,-0.015999995727231472,-0.21662733059814152,0.28701083758929474,-0.1305261922200515,0.0,0.0,0.9914448613738105,-0.015999994174305622,-0.21648671162522418,0.2867672762288969,-0.1305261922200515,0.0,0.0,0.9914448613738105,-0.01599999412404337,-0.2164867110176254,0.2867672747389623,-0.130526192273405,-4.198734978479374e-13,-3.252301134358256e-12,0.9914448613667863,-0.016004114780429016,-0.2158978103573957,0.2857502640890935,-0.13052530954496191,7.802406031885708e-07,-2.220730714429692e-06,0.9914449775769967,-0.016004114780429016,-0.2158978103573957,0.2857502640890935,-0.13052530954496191,7.802406031885708e-07,-2.220730714429692e-06,0.9914449775769967,7.08888854163226e-08,-0.5756288732305239,0.7556637645844432,1.6015021905548597e-07,0.44183427926070185,1.6311821939236487e-07,-4.7110638399044e-05,-0.5814830754192813,0.7658295578265539,-9.572781785533546e-05,0.4461440916381524,-9.642394357547034e-05,-4.7110638399044e-05,-0.5814830754192813,0.7658295578265539,-9.572781785533546e-05,0.4461440916381524,-9.642394357547034e-05,-0.00012142958541739348,0.05262017000863038,-0.09146093585912662,-0.0002646177369762715,-0.03882737492356479,-0.00026857434842654634,0.004586271339422236,0.0049987490763719195,-0.007961386182332025,0.009469387813771258,-0.0029394799892709655,0.009555321221347168,0.0,True,False,1,True,True,0.002641400002175942,3,1.6098471169394296e-09,1.0782746866692223e-10,`gtol` termination condition is satisfied.,True,True,0.009999999999999787,0.010160900432423903,1.0,0.0011752155671937868,5.033138516819237e-06,0.0011752171608483144,5.033105919468528e-06
6.269999999999911,1786132510.2738698,0.006029100011801347,0.006569200006197207,0.01,TELEOP,0,,0.0,6.269999999999911,627,0.0,0.01825000000000223,0.03174999999999777,0.0,0.0,0.0,1.0,1.294153653933456e-08,0.02073638252292589,0.029263604993698778,0.0,0.0,0.0,1.0,-0.015999996117539047,-0.2166803629683227,0.28710269288863083,-0.1305261922200515,0.0,0.0,0.9914448613738105,-0.015999994706464075,-0.21653974344192897,0.28685913076775077,-0.1305261922200515,0.0,0.0,0.9914448613738105,-0.01599999465616433,-0.21653974283391975,0.28685912927658763,-0.13052619227345116,-4.2039096184173053e-13,-3.2561562851652868e-12,0.9914448613667803,-0.016004183862489304,-0.21595074529754538,0.28584204487550924,-0.13052537648183363,7.859677233958482e-07,-2.238399777394396e-06,0.9914449687646044,-0.016004183862489304,-0.21595074529754538,0.28584204487550924,-0.13052537648183363,7.859677233958482e-07,-2.238399777394396e-06,0.9914449687646044,6.44284487903583e-08,-0.575100929621772,0.7547439401517547,1.456770932657945e-07,0.4414423984368574,1.483872811078823e-07,-4.7896138301149026e-05,-0.5809564034039417,0.764914182458437,-9.74876922849193e-05,0.44575552338745517,-9.821523391620965e-05,-4.7896138301149026e-05,-0.5809564034039417,0.764914182458437,-9.74876922849193e-05,0.44575552338745517,-9.821523391620965e-05,-7.854999021050441e-05,0.052667201533959374,-0.09153753681169885,-0.00017598744295838878,-0.03885682506972258,-0.00017912903407393452,0.004287959520688999,0.004703152532899447,-0.007660095257223248,0.008863029401788462,-0.0029450146157786418,0.008944531435261374,0.0,True,False,1,True,True,0.0026829999987967312,3,1.6111402129682321e-09,1.0792083801265588e-10,`gtol` termination condition is satisfied.,True,True,0.009999999999999787,0.010165793242110754,1.0,0.0011753281780939762,5.022037500932113e-06,0.0011753297730051234,5.02200774526174e-06
6.2799999999999105,1786132510.280297,0.006796699992264621,0.006199199997354299,0.01,TELEOP,0,,0.0,6.2799999999999105,628,0.0,0.018000000000002236,0.031999999999997766,0.0,0.0,0.0,1.0,1.1759356961524666e-08,0.02048638483252833,0.029513603839127357,0.0,0.0,0.0,1.0,-0.01599999647219292,-0.2167333953972878,0.28719454824008533,-0.1305261922200515,0.0,0.0,0.9914448613738105,-0.015999995190012002,-0.21659277536813334,0.28695098542838426,-0.1305261922200515,0.0,0.0,0.9914448613738105,-0.01599999513967437,-0.21659277475971261,0.2869509839359908,-0.1305261922734972,-4.209100006863531e-13,-3.260036825038804e-12,0.9914448613667742,-0.01600421858526638,-0.21600372888285768,0.28593386108143776,-0.13052544351275847,7.864003960449955e-07,-2.241041557819434e-06,0.9914449599398633,-0.01600421858526638,-0.21600372888285768,0.28593386108143776,-0.13052544351275847,7.864003960449955e-07,-2.241041557819434e-06,0.9914449599398633,5.8561934278235504e-08,-0.5745729391572664,0.7538237931267012,1.325239134146886e-07,0.44105024187640174,1.3499884212460962e-07,-4.828316112644374e-05,-0.5804292911103897,0.7639980717784149,-9.842299234399387e-05,0.44536666025826704,-9.917426233439895e-05,-4.828316112644374e-05,-0.5804292911103897,0.7639980717784149,-9.842299234399387e-05,0.44536666025826704,-9.917426233439895e-05,-3.870228252947207e-05,0.052711229355209534,-0.09161106800220713,-9.353000590745952e-05,-0.038886312918810576,-9.590284181893183e-05,0.003984770768103319,0.004402782125015789,-0.0073531190508279816,0.008245743705093102,-0.0029487849087998902,0.008322619225500446,0.0,True,False,1,True,True,0.0029688000067835674,3,1.612435419278186e-09,1.0801408718652523e-10,`gtol` termination condition is satisfied.,True,True,0.009999999999999787,0.010170242306682287,1.0,0.0011753858021035265,4.984390913559318e-06,0.0011753873982795822,4.984363840725999e-06
6.28999999999991,1786132510.2877252,0.006417099997634068,0.007210700001451187,0.01,TELEOP,0,,0.0,6.28999999999991,629,0.0,0.017750000000002243,0.03224999999999776,0.0,0.0,0.0,1.0,1.0685166771045596e-08,0.020236386929404653,0.029763602790898014,0.0,0.0,0.0,1.0,-0.015999996794449977,-0.21678642787963923,0.2872864036388727,-0.1305261922200515,0.0,0.0,0.9914448613738105,-0.015999995629389707,-0.21664580739380015,0.2870428401996414,-0.1305261922200515,0.0,0.0,0.9914448613738105,-0.01599999557901386,-0.21664580678496667,0.2870428387060158,-0.13052619227354345,-4.2143062325929863e-13,-3.263941631887578e-12,0.9914448613667681,-0.01600422150849173,-0.21605675740556587,0.2860257099641134,-0.1305255101648294,7.818897314026752e-07,-2.2296253243787764e-06,0.9914449511650298,-0.01600422150849173,-0.21605675740556587,0.2860257099641134,-0.1305255101648294,7.818897314026752e-07,-2.2296253243787764e-06,0.9914449511650298,5.3234740825347074e-08,-0.5740449014966698,0.7529033231682555,1.2057029335816627e-07,0.44065780957864525,1.2283054881714526e-07,-4.8302262633885654e-05,-0.579901768802316,0.7630812567897131,-9.85960204353862e-05,0.4449775020379028,-9.936380857271684e-05,-4.8302262633885654e-05,-0.579901768802316,0.7630812567897131,-9.85960204353862e-05,0.4449775020379028,-9.936380857271684e-05,-1.9101507441910898e-06,0.05275223080735867,-0.09168149887018949,-1.7302809139233932e-05,-0.038915822036424824,-1.8954623831789064e-05,0.0036792131785281764,0.0041001452149135266,-0.007043086798236865,0.007622719676822721,-0.0029509117614250997,0.00769482179871444,0.0,True,False,1,True,True,0.003410499994060956,3,1.6137327039730438e-09,1.0810762602043028e-10,`gtol` termination condition is satisfied.,True,True,0.009999999999999787,0.01017427865171372,1.0,0.0011753926609675543,4.921748782321321e-06,0.0011753942584163668,4.921724262182717e-06
6.29999999999991,1786132510.2940657,0.007444600007147528,0.006106100001488812,0.01,TELEOP,0,,0.0,6.29999999999991,630,0.0,0.01750000000000225,0.03249999999999775,0.0,0.0,0.0,1.0,9.709101385029782e-09,0.01998638883309129,0.030013601839244442,0.0,0.0,0.0,1.0,-0.015999997087269593,-0.216839460410474,0.28737825908064596,-0.1305261922200515,0.0,0.0,0.9914448613738105,-0.0159999960286319,-0.21669883950981086,0.28713469507138645,-0.1305261922200515,0.0,0.0,0.9914448613738105,-0.015999995978217527,-0.2166988389005634,0.287134693576527,-0.13052619227358964,-4.2195283624468643e-13,-3.2678696895425603e-12,0.991444861366762,-0.016004195201570637,-0.2161098271542329,0.2861175887847463,-0.1305255760068105,7.727953749023956e-07,-2.2051469827695716e-06,0.9914449424968743,-0.016004195201570637,-0.2161098271542329,0.2861175887847463,-0.1305255760068105,7.727953749023956e-07,-2.2051469827695716e-06,0.9914449424968743,4.839728759608611e-08,-0.57351681629147,0.751982529923398,1.0970682963819443e-07,0.4402651015390801,1.117712014706218e-07,-4.7984003877363796e-05,-0.5793738667385899,0.7621637685579424,-9.80691730798221e-05,0.44458804866577156,-9.884675665385419e-05,-4.7984003877363796e-05,-0.5793738667385899,0.7621637685579424,-9.80691730798221e-05,0.44458804866577156,-9.884675665385419e-05,3.1825875652186436e-05,0.05279020637261075,-0.09174882317705917,5.2684735556412124e-05,-0.038945337213127415,5.1705191886266486e-05,0.0033736026396378248,0.0037975565252077485,-0.0067324306869680686,0.0069987544695647545,-0.002951517670259201,0.007065981571805705,0.0,True,False,1,True,True,0.0027979000005871058,3,1.6150321590375469e-09,1.0820118402753476e-10,`gtol` termination condition is satisfied.,True,True,0.009999999999999787,0.01017793362145758,1.0,0.0011753529802809484,4.8357994107289385e-06,0.0011753545790099975,4.835777338525191e-06
6.30999999999991,1786132510.3007908,0.006389999995008111,0.006441799996537156,0.01,TELEOP,0,,0.0,6.30999999999991,631,0.0,0.017250000000002257,0.032749999999997746,0.0,0.0,0.0,1.0,8.822197327708714e-09,0.019736390561333816,0.030263600975295603,0.0,0.0,0.0,1.0,-0.01599999735334081,-0.2168924929853387,0.28747011456145655,-0.1305261922200515,0.0,0.0,0.9914448613738105,-0.015999996391404762,-0.2167518717078815,0.2872265500344108,-0.1305261922200515,0.0,0.0,0.9914448613738105,-0.015999996340951558,-0.21675187109821897,0.2872265485383157,-0.13052619227363588,-4.2247664995608897e-13,-3.2718200792659366e-12,0.9914448613667559,-0.01600414222520187,-0.21616293443968906,0.2862094948273174,-0.13052564064872565,7.594825912283156e-07,-2.1686208903669936e-06,0.9914449339867344,-0.01600414222520187,-0.21616293443968906,0.2862094948273174,-0.13052564064872565,7.594825912283156e-07,-2.1686208903669936e-06,0.9914449339867344,4.400455167022131e-08,-0.5729886831857274,0.751061413028101,9.983409776797728e-08,0.43987211774961854,1.0171973567593803e-07,-4.7358738847572705e-05,-0.5788456149610572,0.76124563798764,-9.690450045404398e-05,0.4441983002210668,-9.768565019774727e-05,-4.7358738847572705e-05,-0.5788456149610572,0.76124563798764,-9.690450045404398e-05,0.4441983002210668,-9.768565019774727e-05,6.252650297911054e-05,0.052825177753269954,-0.09181305703024965,0.00011646726257781398,-0.038974844470473065,0.00011611064561069439,0.003070062732692476,0.0034971380659208975,-0.0064233853190487356,0.006378252702140322,-0.0029507257345647484,0.006440545372442928,0.0,True,False,1,True,True,0.0026522999978624284,3,1.6163336288513201e-09,1.0829476576729893e-10,`gtol` termination condition is satisfied.,True,True,0.009999999999999787,0.010181238634544454,1.0,0.0011752709590439208,4.7283318523177365e-06,0.001175272559060068,4.72831214567441e-06
6.31999999999991,1786132510.3070428,0.006670300004770979,0.006023300011293031,0.01,TELEOP,0,,0.0,6.31999999999991,632,0.0,0.017000000000002256,0.032999999999997746,0.0,0.0,0.0,1.0,8.016309916327677e-09,0.019486392130250895,0.03051360019099374,0.0,0.0,0.0,1.0,-0.01599999759510703,-0.2169455256001881,0.287561970077718,-0.1305261922200515,0.0,0.0,0.9914448613738105,-0.015999996721039588,-0.2168049039804863,0.2873184050803482,-0.1305261922200515,0.0,0.0,0.9914448613738105,-0.015999996670547263,-0.2168049033704074,0.28731840358301564,-0.13052619227368226,-4.230020719562564e-13,-3.275791969530151e-12,0.9914448613667498,-0.016004065114548664,-0.21621607561867356,0.28630142541562814,-0.1305257037411918,7.423195015580743e-07,-2.121072074216572e-06,0.9914449256806032,-0.016004065114548664,-0.21621607561867356,0.28630142541562814,-0.1305257037411918,7.423195015580743e-07,-2.121072074216572e-06,0.9914449256806032,4.001564923464052e-08,-0.5724605018167451,0.7501399721082154,9.086174234808478e-08,0.4394788581988081,9.258429888592076e-08,-4.6456421219591945e-05,-0.5783170431014835,0.7603268956184779,-9.516330497627245e-05,0.4438082569104885,-9.594228709564489e-05,-4.6456421219591945e-05,-0.5783170431014835,0.7603268956184779,-9.516330497627245e-05,0.4438082569104885,-9.594228709564489e-05,9.023176279807806e-05,0.05285718595738087,-0.09187423691621817,0.00017411954777715608,-0.039004331057835524,0.0001743363102102417,0.0027705259818968115,0.003200820411091744,-0.006117988596852341,0.005765228519934332,-0.0029486587362462353,0.005822566459954853,0.0,True,False,1,True,True,0.002740099997026846,3,1.617637361383285e-09,1.0838857331013442e-10,`gtol` termination condition is satisfied.,True,True,0.009999999999999787,0.010184224959538968,1.0,0.0011751507419864627,4.6012050526013165e-06,0.0011751523432963866,4.601187649448063e-06
6.3299999999999095,1786132510.3131108,0.006250699996598996,0.005840199999511242,0.01,TELEOP,0,,0.0,6.3299999999999095,633,0.0,0.016750000000002263,0.03324999999999774,0.0,0.0,0.0,1.0,7.284038466266718e-09,0.019236393554483262,0.030763599479019927,0.0,0.0,0.0,1.0,-0.015999997814788468,-0.21699855825134795,0.28765382562617264,-0.1305261922200515,0.0,0.0,0.9914448613738105,-0.015999997020563386,-0.21685793632078862,0.2874102602015981,-0.1305261922200515,0.0,0.0,0.9914448613738105,-0.015999996970031648,-0.21685793571029213,0.28741025870302606,-0.13052619227372847,-4.235291089794297e-13,-3.2797846084656033e-12,0.9914448613667437,-0.016003966363950364,-0.21626924711520815,0.2863933779286328,-0.13052576497452179,7.216744829279535e-07,-2.063528879473856e-06,0.9914449176192478,-0.016003966363950364,-0.21626924711520815,0.2863933779286328,-0.13052576497452179,7.216744829279535e-07,-2.063528879473856e-06,0.9914449176192478,3.6393455192141605e-08,-0.571932271815683,0.7492182067802854,8.270765000937328e-08,0.43908532287203356,8.428141096805833e-08,-4.530642995870137e-05,-0.5777881802073894,0.7594075714409251,-9.290577847841051e-05,0.4434179190560802,-9.367735308186625e-05,-4.530642995870137e-05,-0.5777881802073894,0.7594075714409251,-9.290577847841051e-05,0.4434179190560802,-9.367735308186625e-05,0.00011499912608905998,0.052886289409405034,-0.0919324177552781,0.0002257526497861988,-0.03903378544083181,0.00022649340137786833,0.002476736329098245,0.002910345202416775,-0.0058180839059939855,0.005163310200904382,-0.002945438299628856,0.005215709116762775,0.0,True,False,1,True,True,0.002696399998967536,3,1.61894335559541e-09,1.0848220860246907e-10,`gtol` termination condition is satisfied.,True,True,0.009999999999999787,0.010186923510262513,1.0,0.001174996394633062,4.456322038376797e-06,0.0011749979972429717,4.456306895895821e-06
6.339999999999909,1786132510.3197002,0.006050099997082725,0.006379900005413219,0.01,TELEOP,0,,0.0,6.339999999999909,634,0.0,0.01650000000000227,0.03349999999999773,0.0,0.0,0.0,1.0,6.618658328505041e-09,0.018986394847329065,0.031013598832726395,0.0,0.0,0.0,1.0,-0.01599999801440251,-0.21705159093548093,0.2877456812038616,-0.1305261922200515,0.0,0.0,0.9914448613738105,-0.015999997292726668,-0.2169109687225777,0.28750211539125525,-0.1305261922200515,0.0,0.0,0.9914448613738105,-0.015999997242155284,-0.21691096811166244,0.28750211389144187,-0.1305261922737748,-4.240577691926314e-13,-3.283797317295616e-12,0.9914448613667376,-0.016003848413154505,-0.21632244543974136,0.28648534981408935,-0.13052582407761934,6.97913736940672e-07,-1.99701607060064e-06,0.9914449098383548,-0.016003848413154505,-0.21632244543974136,0.28648534981408935,-0.13052582407761934,6.97913736940672e-07,-1.99701607060064e-06,0.9914449098383548,3.3104257345601085e-08,-0.5714039928081152,0.748296116652285,7.529719691889317e-08,0.4386915117516942,7.673520037558137e-08,-4.3937413426384696e-05,-0.5772590545864194,0.7584876947310251,-9.019067727429175e-05,0.4430272870832588,-9.095009351172029e-05,-4.3937413426384696e-05,-0.5772590545864194,0.7584876947310251,-9.019067727429175e-05,0.4430272870832588,-9.095009351172029e-05,0.00013690165323167048,0.05291256209700619,-0.09198767099000497,0.0002715101204118822,-0.03906319728214166,0.0002727259570146018,0.0021902527142610953,0.0026272687601154475,-0.005525323472686805,0.0045757470625684415,-0.0029411841309852247,0.004623255563673447,0.0,True,False,1,True,True,0.0031943000067258254,3,1.6202515581957483e-09,1.0857593619957151e-10,`gtol` termination condition is satisfied.,True,True,0.009999999999999787,0.010189364660639688,1.0,0.0011748118810591378,4.295608060952493e-06,0.001174813484974754,4.29559515450388e-06
6.349999999999909,1786132510.3272445,0.00660059999790974,0.007323700003325939,0.01,TELEOP,0,,0.0,6.349999999999909,635,0.0,0.016250000000002277,0.033749999999997726,0.0,0.0,0.0,1.0,6.014059135309489e-09,0.018736396020866807,0.03126359824607508,0.0,0.0,0.0,1.0,-0.015999998195782267,-0.21710462364955577,0.2878375368080973,-0.1305261922200515,0.0,0.0,0.9914448613738105,-0.015999997540028704,-0.2169640011802116,0.2875939706430465,-0.1305261922200515,0.0,0.0,0.9914448613738105,-0.01599999748941737,-0.21696400056887635,0.2875939691419899,-0.13052619227382126,-4.245880599223921e-13,-3.2878294832563953e-12,0.9914448613667315,-0.01600371363503991,-0.21637566720611484,0.28657733860057727,-0.13052588081669506,6.713990333585278e-07,-1.9225484029879786e-06,0.991444902368699,-0.01600371363503991,-0.21637566720611484,0.28657733860057727,-0.13052588081669506,6.713990333585278e-07,-1.9225484029879786e-06,0.991444902368699,3.011744320602362e-08,-0.5708756644145316,0.7473737013242822,6.85625668331262e-08,0.4382974248173683,6.987671188336786e-08,-4.237715152961115e-05,-0.5767296936687809,0.7575672939038477,-8.707503422717509e-05,0.4426363615091038,-8.781802244586704e-05,-4.237715152961115e-05,-0.5767296936687809,0.7575672939038477,-8.707503422717509e-05,0.4426363615091038,-8.781802244586704e-05,0.00015602618967735775,0.05293609176384437,-0.0920400827177427,0.00031156430471167236,-0.03909255741549826,0.00031320710658533114,0.0019124536445687685,0.00235296668381751,-0.005241172773771489,0.0040054184299790985,-0.002936013335660207,0.0040481149570730166,0.0,True,False,1,True,True,0.004111300004296936,3,1.6215619304677304e-09,1.0866992518460404e-10,`gtol` termination condition is satisfied.,True,True,0.009999999999999787,0.010191578078740049,1.0,0.001174601044273989,4.120991945999555e-06,0.0011746026495005684,4.120981269117215e-06
6.359999999999909,1786132510.333762,0.007634100009454414,0.006206600010045804,0.01,TELEOP,0,,0.0,6.359999999999909,636,0.0,0.016000000000002283,0.03399999999999772,0.0,0.0,0.0,1.0,5.464688687039684e-09,0.018486397086067072,0.03151359771358177,0.0,0.0,0.0,1.0,-0.0159999983605934,-0.21715765639081924,0.2879293924364387,-0.1305261922200515,0.0,0.0,0.9914448613738105,-0.015999997764740467,-0.2170170336885651,0.2876858259512729,-0.1305261922200515,0.0,0.0,0.9914448613738105,-0.015999997714088963,-0.21701703307680853,0.28768582444897123,-0.13052619227386775,-4.251199878995806e-13,-3.291880553339658e-12,0.9914448613667254,-0.016003564324794422,-0.21642890914641344,0.2866693419079329,-0.1305259349938214,6.424856325203193e-07,-1.8411246782225426e-06,0.9914448952363345,-0.016003564324794422,-0.21642890914641344,0.2866693419079329,-0.1305259349938214,6.424856325203193e-07,-1.8411246782225426e-06,0.9914448952363345,2.740521407803805e-08,-0.5703472862508037,0.7464509603890562,6.244212792406691e-08,0.43790306204596385,6.364327392431677e-08,-4.06524353690709e-05,-0.5762001238872098,0.7566463963850824,-8.361390673707444e-05,0.4422451429309677,-8.433666795689193e-05,-4.06524353690709e-05,-0.5762001238872098,0.7566463963850824,-8.361390673707444e-05,0.4422451429309677,-8.433666795689193e-05,0.00017247161605402842,0.05295697815711931,-0.09208975187653598,0.00034611274901007335,-0.039121857813609474,0.000348135448897519,0.0016445426376671011,0.0020886393274943916,-0.00496691587932932,0.003454844429840172,-0.002930039811121418,0.0034928342312188624,0.0,True,False,1,True,True,0.0029928000003565103,3,1.6228746037910302e-09,1.087640445248554e-10,`gtol` termination condition is satisfied.,True,True,0.009999999999999787,0.010193592579565536,1.0,0.0011743675891521333,3.934390151563604e-06,0.001174369195694654,3.934381716478434e-06
6.369999999999909,1786132510.34069,0.006423200000426732,0.006711499998345971,0.01,TELEOP,0,,0.0,6.369999999999909,637,0.0,0.015750000000002283,0.03424999999999772,0.0,0.0,0.0,1.0,4.965501964766439e-09,0.018236398052893985,0.031763597230265374,0.0,0.0,0.0,1.0,-0.015999998510349417,-0.21721068915677075,0.2880212480866688,-0.1305261922200515,0.0,0.0,0.9914448613738105,-0.015999997968925494,-0.21707006624298242,0.2877776813107573,-0.1305261922200515,0.0,0.0,0.9914448613738105,-0.015999997918233567,-0.21707006563080325,0.28777767980720853,-0.13052619227391424,-4.256535609255531e-13,-3.295950030174638e-12,0.9914448613667193,-0.016003402690502794,-0.21648216812377302,0.2867613574561657,-0.13052598644535449,6.11520388996199e-07,-1.7537222919626819e-06,0.9914448884628019,-0.016003402690502794,-0.21648216812377302,0.2867613574561657,-0.13052598644535449,6.11520388996199e-07,-1.7537222919626819e-06,0.9914448884628019,2.4942326982604538e-08,-0.5698188579285937,0.7455278934326421,5.687986999076887e-08,0.4375084234118535,5.797792720087485e-08,-3.878896376568643e-05,-0.5756703705738346,0.7557250285001555,-7.986015940859979e-05,0.44185363201546024,-8.055935241224745e-05,-3.878896376568643e-05,-0.5756703705738346,0.7557250285001555,-7.986015940859979e-05,0.44185363201546024,-8.055935241224745e-05,0.0001863471603384518,0.05297533133750944,-0.0921367884926859,0.000375374732847473,-0.03915109155074914,0.00037773155446445625,0.0013875544284423678,0.0018353180390126914,-0.004703661614992768,0.002926198383740028,-0.002923373713966358,0.002959610556693787,0.0,True,False,1,True,True,0.002660099999047816,3,1.624189630556915e-09,1.0885823602245321e-10,`gtol` termination condition is satisfied.,True,True,0.009999999999999787,0.010195435996026125,1.0,0.001174115067817361,3.7376932016518444e-06,0.0011741166756804463,3.7376870403376534e-06
6.379999999999908,1786132510.3473308,0.0069509999884758145,0.006401399994501844,0.01,TELEOP,0,,0.0,6.379999999999908,638,0.0,0.01550000000000229,0.03449999999999771,0.0,0.0,0.0,1.0,4.5119148004718704e-09,0.017986398930397426,0.03201359679160185,0.0,0.0,0.0,1.0,-0.015999998646425567,-0.2172637219451391,0.28811310375677385,-0.1305261922200515,0.0,0.0,0.9914448613738105,-0.015999998154458826,-0.21712309883923436,0.28786953671679666,-0.1305261922200515,0.0,0.0,0.9914448613738105,-0.01599999810372626,-0.21712309822663142,0.2878695352119989,-0.13052619227396078,-4.2618878616702776e-13,-3.300037464983186e-12,0.9914448613667132,-0.016003230845095497,-0.21653544114322262,0.2868533830729193,-0.1305260350402431,5.788400374563606e-07,-1.661292279361662e-06,0.9914448820653513,-0.016003230845095497,-0.21653544114322262,0.2868533830729193,-0.1305260350402431,5.788400374563606e-07,-1.661292279361662e-06,0.9914448820653513,2.2705859863510626e-08,-0.5692903790557355,0.7446045000348349,5.1824892014037276e-08,0.4371135088869981,5.282890436603494e-08,-3.6811255979073235e-05,-0.575140457873254,0.7548032153801857,-7.586428002207712e-05,0.44146182948785295,-7.653700634829132e-05,-3.6811255979073235e-05,-0.575140457873254,0.7548032153801857,-7.586428002207712e-05,0.44146182948785295,-7.653700634829132e-05,0.0001977707786613236,0.052991270058063575,-0.0921813119969903,0.000399587938652276,-0.039180252760729846,0.0004022346063956215,0.001142361832287203,0.0015938720554139567,-0.00445235043043934,0.0024213205804803515,-0.002916120998070736,0.00245030519311658,0.0,True,False,1,True,True,0.002705000006244518,3,1.6255068544195478e-09,1.0895243975333116e-10,`gtol` termination condition is satisfied.,True,True,0.009999999999999787,0.010197135067513408,1.0,0.001173846867378062,3.5327542970188634e-06,0.0011738484765657854,3.5327504630009875e-06
6.389999999999908,1786132510.3537645,0.006760300006135367,0.006074499993701465,0.01,TELEOP,0,,0.0,6.389999999999908,639,0.0,0.015250000000002296,0.034749999999997706,0.0,0.0,0.0,1.0,4.099761779371585e-09,0.017736399726796782,0.03226359639348232,0.0,0.0,0.0,1.0,-0.015999998770071473,-0.21731675475386156,0.2882049594449251,-0.1305261922200515,0.0,0.0,0.9914448613738105,-0.015999998323044228,-0.21717613147347928,0.2879613921651185,-0.1305261922200515,0.0,0.0,0.9914448613738105,-0.01599999827227077,-0.21717613086045134,0.28796139065906984,-0.13052619227400733,-4.26725670435706e-13,-3.3041424546429715e-12,0.9914448613667071,-0.01600305079960256,-0.21658872536065224,0.28694541669954865,-0.13052608067824625,5.447696603809919e-07,-1.5647548591816865e-06,0.9914448760571769,-0.01600305079960256,-0.21658872536065224,0.28694541669954865,-0.13052608067824625,5.447696603809919e-07,-1.5647548591816865e-06,0.9914448760571769,2.0674998147360827e-08,-0.5687618492365804,0.743680779769649,4.723093593565469e-08,0.43671831844106135,4.814915660129184e-08,-3.474257987622489e-05,-0.5746104086710782,0.753880980884029,-7.167422731388959e-05,0.44106973612194356,-7.231801443199201e-05,-3.474257987622489e-05,-0.5746104086710782,0.753880980884029,-7.167422731388959e-05,0.44106973612194356,-7.231801443199201e-05,0.00020686761028483852,0.053004920217581616,-0.09222344961566939,0.0004190052708187615,-0.039209336590940974,0.0004218991916299392,0.0009096831623515112,0.0013650159518042763,-0.004213761867908594,0.0019417332166485875,-0.002908383021112705,0.0019664585234318082,0.0,True,False,1,True,True,0.0026729000092018396,3,1.626826297533602e-09,1.090466275119675e-10,`gtol` termination condition is satisfied.,True,True,0.009999999999999787,0.010198715345350773,1.0,0.0011735661998977763,3.321380014752819e-06,0.0011735678104138718,3.3213785859290175e-06
6.399999999999908,1786132510.3611474,0.006290599994827062,0.007167000003391877,0.01,TELEOP,0,,0.0,6.399999999999908,640,0.0,0.015000000000002303,0.0349999999999977,0.0,0.0,0.0,1.0,3.7252579877641014e-09,0.017486400449557037,0.03251359603217502,0.0,0.0,0.0,1.0,-0.015999998882422612,-0.21736978758106468,0.28829681514946137,-0.1305261922200515,0.0,0.0,0.9914448613738105,-0.015999998476229835,-0.21722916414222748,0.2880532476518418,-0.1305261922200515,0.0,0.0,0.9914448613738105,-0.015999998425415274,-0.21722916352877325,0.28805324614454025,-0.130526192274054,-4.2726421980949533e-13,-3.3082646374573664e-12,0.9914448613667008,-0.01600286445765326,-0.21664201808999511,0.2870374563958878,-0.1305261232880786,5.096213359859875e-07,-1.4649954741938992e-06,0.991444870447661,-0.01600286445765326,-0.21664201808999511,0.2870374563958878,-0.1305261232880786,5.096213359859875e-07,-1.4649954741938992e-06,0.991444870447661,1.8830840303018854e-08,-0.5682332680723041,0.7427567322057267,4.305596154805155e-08,0.4363228520415092,4.389592190163628e-08,-3.2604894763082476e-05,-0.5740802445371478,0.7529583475356194,-6.733530897530494e-05,0.4406773527304125,-6.794809190903786e-05,-3.2604894763082476e-05,-0.5740802445371478,0.7529583475356194,-6.733530897530494e-05,0.4406773527304125,-6.794809190903786e-05,0.0002137685113142462,0.053016413393042895,-0.09226333484096243,0.00043389183385847386,-0.03923833915310862,0.00043699225229542563,0.0006900901029407838,0.0011493175461277604,-0.003988522529304225,0.0014886563039712688,-0.0029002562167650013,0.0015093060665486767,0.0,True,False,1,True,True,0.003649499994935468,3,1.6281480924686953e-09,1.0914106495166287e-10,`gtol` termination condition is satisfied.,True,True,0.009999999999999787,0.010200201114380025,1.0,0.001173276094483388,3.1053231177759826e-06,0.0011732777063313813,3.1053242002406834e-06
6.409999999999908,1786132510.3674078,0.00746880000224337,0.005958599998848513,0.01,TELEOP,0,,0.0,6.409999999999908,641,0.0,0.01475000000000231,0.03524999999999769,0.0,0.0,0.0,1.0,3.384964255127239e-09,0.0172364011054579,0.03276359570429076,0.0,0.0,0.0,1.0,-0.01599999898451073,-0.21742282042504701,0.2883886708688743,-0.1305261922200515,0.0,0.0,0.9914448613738105,-0.015999998615422367,-0.21728219684230923,0.28814510317344094,-0.1305261922200515,0.0,0.0,0.9914448613738105,-0.015999998564566492,-0.21728219622842732,0.2881451016648844,-0.13052619227410078,-4.2780444216222423e-13,-3.31240368916426e-12,0.9914448613666947,-0.01600267361115822,-0.21669531680872514,0.2871295003437852,-0.1305261628255068,4.7369296358103665e-07,-1.3628613221671846e-06,0.9914448652426253,-0.01600267361115822,-0.21669531680872514,0.2871295003437852,-0.1305261628255068,4.7369296358103665e-07,-1.3628613221671846e-06,0.9914448652426253,1.7156222689922778e-08,-0.5677046351611947,0.7418323569067233,3.9261763393660413e-08,0.4359271096537094,4.00303360059265e-08,-3.0418808055300734e-05,-0.5735499856826007,0.7520353364757655,-6.289008820147251e-05,0.44028468015569855,-6.347018985851708e-05,-3.0418808055300734e-05,-0.5735499856826007,0.7520353364757655,-6.289008820147251e-05,0.44028468015569855,-6.347018985851708e-05,0.00021860867077817865,0.05302588545470116,-0.09230110598539339,0.0004445220773832526,-0.03926725747139337,0.000447790205052087,0.00048401594639325404,0.0009472061658266409,-0.003777114443096266,0.001063024352477899,-0.0028918318284750872,0.0010797952756661604,0.0,True,False,1,True,True,0.0027256000030320138,3,1.6294723734125822e-09,1.0923580981826861e-10,`gtol` termination condition is satisfied.,True,True,0.009999999999999787,0.010201615329892721,1.0,0.001172979391363134,2.8862776209809865e-06,0.0011729810045463618,2.886281354401762e-06
6.419999999999908,1786132510.3740997,0.006169000000227243,0.006481699994765222,0.01,TELEOP,0,,0.0,6.419999999999908,642,0.0,0.01450000000000231,0.03549999999999769,0.0,0.0,0.0,1.0,3.0757555712699043e-09,0.016986401700656614,0.03301359540675153,0.0,0.0,0.0,1.0,-0.015999999077273338,-0.2174758532842633,0.2884805266017938,-0.1305261922200515,0.0,0.0,0.9914448613738105,-0.015999998741900046,-0.21733522957084528,0.2882369587267134,-0.1305261922200515,0.0,0.0,0.9914448613738105,-0.015999998691002635,-0.2173352289565346,0.28823695721689996,-0.13052619227414736,-4.283463436656059e-13,-3.316559319041509e-12,0.9914448613666886,-0.01600247993710751,-0.2167486191617691,0.28722154684948675,-0.1305261992714101,4.3726726251958633e-07,-1.259158368716592e-06,0.9914448604445855,-0.01600247993710751,-0.2167486191617691,0.28722154684948675,-0.1305261992714101,4.3726726251958633e-07,-1.259158368716592e-06,0.9914448604445855,1.5635559848226953e-08,-0.5671759500989038,0.7409076534316362,3.5813621109681165e-08,0.4355310912410076,3.65170772615314e-08,-2.8203544936951165e-05,-0.5730196509299348,0.7511119674275374,-5.837831706280264e-05,0.4398917192614143,-5.892442751404125e-05,-2.8203544936951165e-05,-0.5730196509299348,0.7511119674275374,-5.837831706280264e-05,0.4398917192614143,-5.892442751404125e-05,0.0002215263118349616,0.05303347526659897,-0.09233690482281147,0.0004511771138669968,-0.039296089428423754,0.0004545762344475925,0.00029176410567830033,0.0007589811897805906,-0.0035798837418089813,0.0006655036483744353,-0.002883195703038954,0.0006786029395505673,0.0,True,False,1,True,True,0.002694900002097711,3,1.6307988200314878e-09,1.0933013059774994e-10,`gtol` termination condition is satisfied.,True,True,0.009999999999999787,0.010202979569042148,1.0,0.0011726787378251835,2.665876434352241e-06,0.0011726803523463328,2.6658829993065476e-06
6.429999999999907,1786132510.380453,0.006710300003760494,0.006124499996076338,0.01,TELEOP,0,,0.0,6.429999999999907,643,0.0,0.014250000000002316,0.035749999999997686,0.0,0.0,0.0,1.0,2.794792388505129e-09,0.016736402240744994,0.03326359513676198,0.0,0.0,0.0,1.0,-0.015999999161562292,-0.21752888615731023,0.28857238234697563,-0.1305261922200515,0.0,0.0,0.9914448613738105,-0.01599999885682433,-0.2173882623252204,0.2883288143087501,-0.1305261922200515,0.0,0.0,0.9914448613738105,-0.015999998805885186,-0.21738826171047954,0.2883288127976778,-0.1305261922741943,-4.2888993169473945e-13,-3.3207312682844446e-12,0.9914448613666824,-0.01600228499541632,-0.2168019229639372,0.2873135943449455,-0.13052623262982438,4.006109399407762e-07,-1.1546488305161745e-06,0.9914448560530088,-0.01600228499541632,-0.2168019229639372,0.2873135943449455,-0.13052623262982438,4.006109399407762e-07,-1.1546488305161745e-06,0.9914448560530088,1.4254698691442075e-08,-0.5666472124786849,0.739982621335127,3.2679979884522985e-08,0.43513479676481154,3.3324042041026035e-08,-2.597693013654988e-05,-0.5724892576951907,0.7501882586743532,-5.383689492844772e-05,0.4394984709243162,-5.434804986802118e-05,-2.597693013654988e-05,-0.5724892576951907,0.7501882586743532,-5.383689492844772e-05,0.4394984709243162,-5.434804986802118e-05,0.00022266148004013324,0.05303932347441705,-0.0923708753184177,0.000454142213435502,-0.03932483370980702,0.0004576377646020169,0.00011351682051716783,0.0005848207818076833,-0.0033970495606226265,0.00029650995685052376,-0.002874428138326749,0.0003061530154424429,0.0,True,False,1,True,True,0.0026913000037893653,3,1.6321276597550238e-09,1.0942512043453441e-10,`gtol` termination condition is satisfied.,True,True,0.009999999999999787,0.01020431399590116,1.0,0.001172376585883371,2.445692158967846e-06,0.0011723782017451078,2.4457017869626907e-06
6.439999999999907,1786132510.3864205,0.006344099994748831,0.005748199997469783,0.01,TELEOP,0,,0.0,6.439999999999907,644,0.0,0.014000000000002323,0.03599999999999768,0.0,0.0,0.0,1.0,2.539494545304182e-09,0.016486402730801267,0.03351359489178349,0.0,0.0,0.0,1.0,-0.015999999238151645,-0.21758191904291335,0.28866423810328995,-0.1305261922200515,0.0,0.0,0.9914448613738105,-0.01599999896125059,-0.2174412951030592,0.2884206699169087,-0.1305261922200515,0.0,0.0,0.9914448613738105,-0.015999998910269514,-0.21744129448788688,0.2884206684045754,-0.13052619227424123,-4.294352120662587e-13,-3.3249193055856348e-12,0.9914448613666762,-0.016002090227747862,-0.2168552262009794,0.2874056413881428,-0.13052626292598546,3.639740216458785e-07,-1.0500491148819197e-06,0.9914448520645722,-0.016002090227747862,-0.2168552262009794,0.2874056413881428,-0.13052626292598546,3.639740216458785e-07,-1.0500491148819197e-06,0.9914448520645722,1.3000787459253492e-08,-0.5661184218915999,0.739057260167797,2.9832163167415156e-08,0.4347382261846611,3.042205291060811e-08,-2.3755380938098643e-05,-0.5719588219813725,0.7492642270498612,-4.9299850144930605e-05,0.4391049360268398,-4.977540874860743e-05,-2.3755380938098643e-05,-0.5719588219813725,0.7492642270498612,-4.9299850144930605e-05,0.4391049360268398,-4.977540874860743e-05,0.0002221549198451285,0.05304357138182032,-0.09240316244921358,0.0004537044783517207,-0.03935348974763914,0.0004572641119413848,-5.065601950047599e-05,0.0004247907403279877,-0.0032287130795878817,-4.377350837813206e-05,-0.0028656037832112033,-3.736526606321094e-05,0.0,True,False,1,True,True,0.0026212999946437776,3,1.633458891626762e-09,1.0952013998380443e-10,`gtol` termination condition is satisfied.,True,True,0.009999999999999787,0.010205637339226192,1.0,0.0011720751915366104,2.2272420256077744e-06,0.0011720768087413182,2.2272550128890883e-06
6.449999999999907,1786132510.3931983,0.005957300003501587,0.006568800003151409,0.01,TELEOP,0,,0.0,6.449999999999907,645,0.0,0.01375000000000233,0.03624999999999767,0.0,0.0,0.0,1.0,2.3075175719654064e-09,0.016236403175437147,0.03376359466951066,0.0,0.0,0.0,1.0,-0.015999999307744737,-0.21763495193991528,0.2887560938697105,-0.1305261922200515,0.0,0.0,0.9914448613738105,-0.01599999905613779,-0.21749432790220408,0.2885125255487888,-0.1305261922200515,0.0,0.0,0.9914448613738105,-0.015999999005114555,-0.21749432728659907,0.2885125240351926,-0.13052619227428805,-4.299821922249308e-13,-3.3291232253063086e-12,0.9914448613666701,-0.016001896957242523,-0.21690852702937108,0.2874976866624986,-0.13052629020438522,3.2758933969154837e-07,-9.460281994983531e-07,0.9914448484734179,-0.016001896957242523,-0.21690852702937108,0.2874976866624986,-0.13052629020438522,3.2758933969154837e-07,-9.460281994983531e-07,0.9914448484734179,1.1862156150182757e-08,-0.5655895779267137,0.7381315694764431,2.72441102897065e-08,0.4343413794582878,2.7784592079254513e-08,-2.155391054025273e-05,-0.5714283583822152,0.7483398879387058,-4.479834316104534e-05,0.43871111545020486,-4.523796554650117e-05,-2.155391054025273e-05,-0.5714283583822152,0.7483398879387058,-4.479834316104534e-05,0.43871111545020486,-4.523796554650117e-05,0.00022014703978459618,0.05304635991573722,-0.09243391111554167,0.00045015069838853593,-0.03938205766349698,0.0004537443202106352,-0.0002007880060532355,0.00027885339168992146,-0.0030748666328091665,-0.00035537799631848386,-0.0028567915857839977,-0.00035197917307496504,0.0,True,False,1,True,True,0.003466800000751391,3,1.6347924441485124e-09,1.0961491983973018e-10,`gtol` termination condition is satisfied.,True,True,0.009999999999999787,0.010206966882064128,1.0,0.0011717766154891395,2.0119986604813068e-06,0.0011717782340388864,2.0120153871281175e-06
6.459999999999907,1786132510.4029768,0.0068638999946415424,0.009483100002398714,0.01,TELEOP,0,,0.0,6.459999999999907,646,0.0,0.013500000000002337,0.036499999999997666,0.0,0.0,0.0,1.0,2.096731160706117e-09,0.01598640357884061,0.03401359446784993,0.0,0.0,0.0,1.0,-0.01599999937098066,-0.217687984847265,0.2888479496453055,-0.1305261922200515,0.0,0.0,0.9914448613738105,-0.01599999914235729,-0.2175473607206954,0.28860438120221027,-0.1305261922200515,0.0,0.0,0.9914448613738105,-0.01599999909129171,-0.2175473601046563,0.28860437968734903,-0.13052619227433504,-4.305308787893358e-13,-3.3333428458203533e-12,0.9914448613666639,-0.01600170638908151,-0.21696182377493717,0.28758972897545554,-0.13052631452685332,2.9167216962153753e-07,-8.432064340952169e-07,0.9914448452714054,-0.01600170638908151,-0.21696182377493717,0.28758972897545554,-0.13052631452685332,2.9167216962153753e-07,-8.432064340952169e-07,0.9914448452714054,1.082820703699956e-08,-0.5650606801712688,0.7372055488042949,2.4892135933133326e-08,0.43394425654167945,2.5387557015637204e-08,-1.9386140878704465e-05,-0.5708978800954115,0.7474152552872688,-4.03606892918104e-05,0.4383170100680914,-4.076431377024047e-05,-1.9386140878704465e-05,-0.5708978800954115,0.7474152552872688,-4.03606892918104e-05,0.4383170100680914,-4.076431377024047e-05,0.00021677696615483112,0.0530478286803608,-0.09246326514369851,0.00044376538692350424,-0.039410538211348205,0.0004473651776260802,-0.0003370073629765146,0.00014687646235749438,-0.0029354028156850648,-0.0006385311465031831,-0.002848054785122879,-0.0006379142584555149,0.0,True,False,1,True,True,0.0045519999985117465,3,1.6361284815658137e-09,1.0971006712999325e-10,`gtol` termination condition is satisfied.,True,True,0.009999999999999787,0.010208318462262667,1.0,0.0011714827251960132,1.8014095707172775e-06,0.0011714843450928293,1.8014305273865673e-06
6.4699999999999065,1786132510.4128797,0.00982450001174584,0.009561200000462122,0.01,TELEOP,0,,0.0,6.4699999999999065,647,0.0,0.013250000000002336,0.036749999999997666,0.0,0.0,0.0,1.0,1.9051996024624376e-09,0.01573640394481475,0.034263594284900105,0.0,0.0,0.0,1.0,-0.015999999428440128,-0.21774101776400812,0.2889398054292288,-0.1305261922200515,0.0,0.0,0.9914448613738105,-0.01599999922070086,-0.21760039355675326,0.28869623687519286,-0.1305261922200515,0.0,0.0,0.9914448613738105,-0.015999999169592737,-0.21760039294027883,0.2886962353590646,-0.13052619227438197,-4.310812781265971e-13,-3.337578006153736e-12,0.9914448613666578,-0.016001519611813265,-0.2170151149304177,0.2876817672563138,-0.1305263359706767,2.5642000969291583e-07,-7.421547441744394e-07,0.9914448424483601,-0.016001519611813265,-0.2170151149304177,0.2876817672563138,-0.1305263359706767,2.5642000969291583e-07,-7.421547441744394e-07,0.9914448424483601,9.889317348801681e-09,-0.5645317282108383,0.7362791976912164,2.2754716363783243e-08,0.433546857389126,2.320904326145132e-08,-1.7264324034812633e-05,-0.5703673989444209,0.746490341623479,-3.601239932828827e-05,0.43792262074088345,-3.638021962246328e-05,-1.7264324034812633e-05,-0.5703673989444209,0.746490341623479,-3.601239932828827e-05,0.43792262074088345,-3.638021962246328e-05,0.00021218168438918783,0.05304811509906215,-0.09249136637898225,0.00043482899635222225,-0.03943893272079513,0.00043840941477772785,-0.00045952817656433803,2.8641870134654704e-05,-0.0028101235283739534,-0.0008936390571282173,-0.002839450944692491,-0.0008955762848352573,0.0,True,False,1,True,True,0.004614299992681481,3,1.637466859643428e-09,1.0980508316040434e-10,`gtol` termination condition is satisfied.,True,True,0.009999999999999787,0.010209706482973924,1.0,0.0011711951981076257,1.5969304053267783e-06,0.0011711968193531931,1.5969562305662326e-06
6.479999999999906,1786132510.4192054,0.009797499995329417,0.006089799993787892,0.01,TELEOP,0,,0.0,6.479999999999906,648,0.0,0.013000000000002343,0.03699999999999766,0.0,0.0,0.0,1.0,1.7311640107427595e-09,0.015486404276813073,0.034513594118934794,0.0,0.0,0.0,1.0,-0.015999999480650805,-0.21779405068927787,0.2890316612207119,-0.1305261922200515,0.0,0.0,0.9914448613738105,-0.015999999291887945,-0.21765342640876112,0.28878809256593785,-0.1305261922200515,0.0,0.0,0.9914448613738105,-0.015999999240737098,-0.2176534257918502,0.2887880910485404,-0.13052619227442916,-4.3163339701653825e-13,-3.341828565390846e-12,0.9914448613666514,-0.01600133759937212,-0.21706839915208143,0.28777380055339724,-0.13052635462676695,2.2201249398092146e-07,-6.433942154366786e-07,0.9914448399923136,-0.01600133759937212,-0.21706839915208143,0.28777380055339724,-0.13052635462676695,2.2201249398092146e-07,-6.433942154366786e-07,0.9914448399923136,9.036748213125063e-09,-0.5640027216294748,0.735352515673907,2.0812288996162667e-08,0.4331491819532753,2.1229140749014297e-08,-1.5199371366918553e-05,-0.5698369254079924,0.7455651580847997,-3.177623622549518e-05,0.4375279483104733,-3.2108678815034116e-05,-1.5199371366918553e-05,-0.5698369254079924,0.7455651580847997,-3.177623622549518e-05,0.4375279483104733,-3.2108678815034116e-05,0.0002064952667894124,0.05304735364285284,-0.09251835386793653,0.00042361631027931817,-0.03946724304101231,0.000427154080742926,-0.0005686417599775542,-7.61456209307764e-05,-0.0026987488954272054,-0.0011212686072904331,-0.0028310320217186822,-0.001125533403480211,0.0,True,False,1,True,True,0.002809700003126636,3,1.6388076281128708e-09,1.0990061231843798e-10,`gtol` termination condition is satisfied.,True,True,0.009999999999999787,0.010211143932262634,1.0,0.0011709155259798977,1.4000809966289237e-06,0.0011709171485757503,1.4001125291634636e-06
6.489999999999906,1786132510.4256134,0.006306900002527982,0.006191200009197928,0.01,TELEOP,0,,0.0,6.489999999999906,649,0.0,0.01275000000000235,0.03724999999999765,0.0,0.0,0.0,1.0,1.5730261692915432e-09,0.015236404577971567,0.034763593968386304,0.0,0.0,0.0,1.0,-0.015999999528092158,-0.21784708362228727,0.289123517019057,-0.1305261922200515,0.0,0.0,0.9914448613738105,-0.015999999356572273,-0.2177064592752508,0.2888799482728116,-0.1305261922200515,0.0,0.0,0.9914448613738105,-0.015999999305378508,-0.21770645865790192,0.28887994675414297,-0.1305261922744761,-4.3218724159069825e-13,-3.346094399438352e-12,0.9914448613666453,-0.016001161213718685,-0.21712167525548765,0.287865828030627,-0.13052637059788522,1.8861143086546295e-07,-5.473960363545721e-07,0.9914448378897378,-0.016001161213718685,-0.21712167525548765,0.287865828030627,-0.13052637059788522,1.8861143086546295e-07,-5.473960363545721e-07,0.9914448378897378,8.262564744574706e-09,-0.5634736600098355,0.7344255022860682,1.9047076619291804e-08,0.43275123018517064,1.9429755190827755e-08,-1.3200889519045765e-05,-0.5693064686565568,0.7446397144535192,-2.7672286136114608e-05,0.4371329935956161,-2.7969987876486373e-05,-1.3200889519045765e-05,-0.5693064686565568,0.7446397144535192,-2.7672286136114608e-05,0.4371329935956161,-2.7969987876486373e-05,0.00019984818478728313,0.053045675143557396,-0.09254436312806094,0.00041039500893806587,-0.039495471485721474,0.0004138690938547831,-0.0006647082002129418,-0.00016784992954427028,-0.002600926012442245,-0.0013221301341252575,-0.002822844470916179,-0.0013284986888143177,0.0,True,False,1,True,True,0.002753699998720549,3,1.6401508718857085e-09,1.0999571586874381e-10,`gtol` termination condition is satisfied.,True,True,0.009999999999999787,0.010212642410892703,1.0,0.0011706450201303046,1.2125404663818582e-06,0.0011706466440779542,1.2125788150928881e-06
6.499999999999906,1786132510.4348927,0.006447499996284023,0.00902289999066852,0.01,TELEOP,0,,0.0,6.499999999999906,650,0.0,0.012500000000002356,0.037499999999997646,0.0,0.0,0.0,1.0,1.4293338552320775e-09,0.014986404851137825,0.03501359383183112,0.0,0.0,0.0,1.0,-0.015999999571199852,-0.2179001165623217,0.28921537282363047,-0.1305261922200515,0.0,0.0,0.9914448613738105,-0.015999999415347847,-0.2177594921548889,0.28897180399433026,-0.1305261922200515,0.0,0.0,0.9914448613738105,-0.01599999936411099,-0.21775949153710084,0.28897180247438825,-0.13052619227452325,-4.3274281937528457e-13,-3.3503754010096223e-12,0.9914448613666391,-0.0160009912080339,-0.21717494221049743,0.28795784896357524,-0.13052638399693192,1.563609581075941e-07,-4.545817753776081e-07,0.9914448361257697,-0.0160009912080339,-0.21717494221049743,0.28795784896357524,-0.13052638399693192,1.563609581075941e-07,-4.545817753776081e-07,0.9914448361257697,7.559561369039919e-09,-0.5629445429333018,0.7334981570585646,1.7442922804369765e-08,0.4323530020342956,1.779444080012642e-08,-1.1277222484326163e-05,-0.5687760365946627,0.7437140191984914,-2.371804210238437e-05,0.4367377573878211,-2.3981828250058676e-05,-1.1277222484326163e-05,-0.5687760365946627,0.7437140191984914,-2.371804210238437e-05,0.4367377573878211,-2.3981828250058676e-05,0.00019236670347196443,0.053043206189410254,-0.09256952550277434,0.0003954244033730322,-0.03952362077949501,0.0003988159626427782,-0.0007481481315318867,-0.0002468954147142345,-0.002516237471338982,-0.0014970605565033975,-0.002814929377353952,-0.001505313121200519,0.0,True,False,1,True,True,0.003937700006645173,3,1.6414965782255642e-09,1.1009107213882015e-10,`gtol` termination condition is satisfied.,True,True,0.009999999999999787,0.010214212167450998,1.0,0.0011703848175181081,1.0363107883349855e-06,0.0011703864428188747,1.0363574193520747e-06
6.509999999999906,1786132510.445161,0.009590100002242252,0.009700399998109788,0.01,TELEOP,0,,0.0,6.509999999999906,651,0.0,0.012250000000002356,0.03774999999999765,0.0,0.0,0.0,1.0,1.2987675029065541e-09,0.014736405098897506,0.03526359370797667,0.0,0.0,0.0,1.0,-0.015999999610369756,-0.2179531495087322,0.2893072286338571,-0.1305261922200515,0.0,0.0,0.9914448613738105,-0.01599999946875442,-0.2178125250464644,0.2890636597291461,-0.1305261922200515,0.0,0.0,0.9914448613738105,-0.01599999941747425,-0.21781252442823587,0.28906365820792884,-0.13052619227457038,-4.3330013737804565e-13,-3.354671477279379e-12,0.9914448613666329,-0.016000828230399368,-0.21722819913562957,0.28804986273507277,-0.1305263949453083,1.2538780551290393e-07,-3.6532396852202014e-07,0.9914448346844278,-0.016000828230399368,-0.21722819913562957,0.28804986273507277,-0.1305263949453083,1.2538780551290393e-07,-3.6532396852202014e-07,0.9914448346844278,6.921194779030242e-09,-0.5624153699800835,0.7325704795195619,1.5985144085976094e-08,0.4319544974486064,1.630825005392406e-08,-9.435498926950519e-06,-0.5682456359086585,0.7427880795225013,-1.9928498771142273e-05,0.43634224044776454,-2.0159361533471395e-05,-9.435498926950519e-06,-0.5682456359086585,0.7427880795225013,-1.9928498771142273e-05,0.43634224044776454,-2.0159361533471395e-05,0.0001841723557375684,0.053040068600417205,-0.092593967599022,0.0003789543331242176,-0.03955169400565841,0.00038224667165873637,-0.0008194347734396207,-0.0003137588993051948,-0.0024442096247666765,-0.0016470070248814942,-0.002807322616339529,-0.001656929098404221,0.0,True,False,1,True,True,0.00397359998896718,3,1.6428445227132434e-09,1.1018659903837626e-10,`gtol` termination condition is satisfied.,True,True,0.009999999999999787,0.010215862139926868,1.0,0.0011701358875334802,8.739993808033567e-07,0.0011701375141883695,8.740561918900711e-07
6.519999999999905,1786132510.453932,0.010114399992744438,0.0083569999987958,0.01,TELEOP,0,,0.0,6.519999999999905,652,0.0,0.012000000000002363,0.03799999999999764,0.0,0.0,0.0,1.0,1.1801280859438127e-09,0.01448640532359837,0.03551359359564932,0.0,0.0,0.0,1.0,-0.01599999964596158,-0.21800618246092962,0.28939908444921447,-0.1305261922200515,0.0,0.0,0.9914448613738105,-0.015999999517282436,-0.2178655579488775,0.28915551547603524,-0.1305261922200515,0.0,0.0,0.9914448613738105,-0.015999999465958786,-0.2178655573302071,0.28915551395354044,-0.13052619227461779,-4.3385920060517534e-13,-3.3589825479704907e-12,0.9914448613666267,-0.016000672827899836,-0.21728144529185558,0.2881418688304378,-0.13052640357135575,9.580165604633846e-08,-2.7994699258794723e-07,0.9914448335488163,-0.016000672827899836,-0.21728144529185558,0.2881418688304378,-0.13052640357135575,9.580165604633846e-08,-2.7994699258794723e-07,0.9914448335488163,6.341523319273464e-09,-0.5618861407293199,0.7316424691946646,1.4660396242793399e-08,0.43155571637456813,1.4957597778565184e-08,-7.681683996229303e-06,-0.5677152721188538,0.7418619014144558,-1.6316256556619066e-05,0.43594644350220435,-1.6515334271521592e-05,-7.681683996229303e-06,-0.5677152721188538,0.7418619014144558,-1.6316256556619066e-05,0.43594644350220435,-1.6515334271521592e-05,0.00017538149307212524,0.05303637898047872,-0.09261781080454563,0.00036122422145232837,-0.03957969455601772,0.0003644027261949879,-0.0008790862665443343,-0.0003689619938483657,-0.002384320552363539,-0.0017730111671889614,-0.0028000550359304674,-0.0017843945463748893,0.0,True,False,1,True,True,0.004330900002969429,3,1.644195115689526e-09,1.1028253533748921e-10,`gtol` termination condition is satisfied.,True,True,0.009999999999999787,0.010217600002939364,1.0,0.0011698990393847,7.292917673270766e-07,0.0011699006673950266,7.29361035648737e-07
6.529999999999905,1786132510.460822,0.008590500001446344,0.006656900004600175,0.01,TELEOP,0,,0.0,6.529999999999905,653,0.0,0.01175000000000237,0.03824999999999763,0.0,0.0,0.0,1.0,1.0723261062724344e-09,0.01423640552737211,0.03576359349378341,0.0,0.0,0.0,1.0,-0.015999999678302176,-0.21805921541837897,0.28949094026922817,-0.1305261922200515,0.0,0.0,0.9914448613738105,-0.01599999956137754,-0.2179185908611294,0.289247371233886,-0.1305261922200515,0.0,0.0,0.9914448613738105,-0.01599999951001024,-0.21791859024201587,0.28924736971011167,-0.13052619227466505,-4.3442001796667525e-13,-3.36330854685782e-12,0.9914448613666205,-0.016000525451085004,-0.2173346800759222,0.2882338668323914,-0.13052641000887755,6.769559620418668e-08,-1.9872819894353312e-07,0.991444832701321,-0.016000525451085004,-0.2173346800759222,0.2882338668323914,-0.13052641000887755,6.769559620418668e-08,-1.9872819894353312e-07,0.991444832701321,5.81515118340162e-09,-0.5613568547591594,0.7307141256070228,1.3456551018803495e-08,0.4311566587571822,1.3730135831053583e-08,-6.020634898988934e-06,-0.5671849496354238,0.7409354897056404,-1.289163374116975e-05,0.4355503672413782,-1.3060190778572102e-05,-6.020634898988934e-06,-0.5671849496354238,0.7409354897056404,-1.289163374116975e-05,0.4355503672413782,-1.3060190778572102e-05,0.0001661049097240405,0.05303224834300434,-0.09264117088155092,0.0003424622815449388,-0.03960762608261497,0.0003455143492949564,-0.0009276583348084948,-0.00041306374743826463,-0.002336007700528877,-0.0018761939907389956,-0.00279315265972561,-0.0018888376900031876,0.0,True,False,1,True,True,0.0034053999988827854,3,1.645548047966555e-09,1.1037828344241296e-10,`gtol` termination condition is satisfied.,True,True,0.009999999999999787,0.010219432219791269,1.0,0.0011696749299822025,6.07632124041017e-07,0.0011696765593488905,6.077159705263282e-07
6.539999999999905,1786132510.4667053,0.00687830000242684,0.005661699993652292,0.01,TELEOP,0,,0.0,6.539999999999905,654,0.0,0.011500000000002376,0.038499999999997626,0.0,0.0,0.0,1.0,9.74371588962255e-10,0.013986405712154192,0.03601359340141142,0.0,0.0,0.0,1.0,-0.01599999970768853,-0.2181122483805945,0.2895827960934677,-0.1305261922200515,0.0,0.0,0.9914448613738105,-0.01599999960144466,-0.2179716237823131,0.2893392270016888,-0.1305261922200515,0.0,0.0,0.9914448613738105,-0.015999999550033495,-0.2179716231627551,0.28933922547663277,-0.13052619227471257,-4.349825947143753e-13,-3.36764941671268e-12,0.9914448613666141,-0.01600038645873098,-0.21738790301328687,0.2883258564157225,-0.1305264143957458,4.1146646460444044e-08,-1.218992827099926e-07,0.9914448321237918,-0.01600038645873098,-0.21738790301328687,0.2883258564157225,-0.1305264143957458,4.1146646460444044e-08,-1.218992827099926e-07,0.9914448321237918,5.33717940247516e-09,-0.5608275116468465,0.7297854482774476,1.2362587928280917e-08,0.43075732454001553,1.2614643120265073e-08,-4.4561595315297645e-06,-0.5666546718173588,0.7400088481293082,-9.662785074722472e-06,0.4351540123168614,-9.802192539051092e-06,-4.4561595315297645e-06,-0.5666546718173588,0.7400088481293082,-9.662785074722472e-06,0.4351540123168614,-9.802192539051092e-06,0.00015644753674592024,0.05302778180648817,-0.09266415763322221,0.0003228848666447346,-0.039635492451676684,0.0003257998239521079,-0.0009657372978120452,-0.00044665365161658305,-0.002298675167128339,-0.0019577414900204602,-0.0027866369061710825,-0.0019714525342848887,0.0,True,False,1,True,True,0.0025904000067384914,3,1.6469034959845117e-09,1.1047441375318923e-10,`gtol` termination condition is satisfied.,True,True,0.009999999999999787,0.010221364098617625,1.0,0.0011694640722158573,5.166994967738276e-07,0.0011694657029399393,5.167981593375676e-07
6.549999999999905,1786132510.4731238,0.005864799997652881,0.006216399997356348,0.01,TELEOP,0,,0.0,6.549999999999905,655,0.0,0.011250000000002383,0.03874999999999762,0.0,0.0,0.0,1.0,8.853649910141649e-10,0.013736405879701858,0.0362635933176549,0.0,0.0,0.0,1.0,-0.01599999973439051,-0.21816528134713525,0.2896746519215419,-0.1305261922200515,0.0,0.0,0.9914448613738105,-0.015999999637851748,-0.21802465671160492,0.28943108277852675,-0.1305261922200515,0.0,0.0,0.9914448613738105,-0.01599999958639655,-0.2180246560916012,0.2894310812521869,-0.1305261922747597,-4.355469374509966e-13,-3.3720051113397894e-12,0.991444861366608,-0.016000256122844548,-0.21744111375074734,0.2884178373417595,-0.13052641687259786,1.6216362679946137e-08,-4.9647862259750175e-08,0.9914448317977144,-0.016000256122844548,-0.21744111375074734,0.2884178373417595,-0.13052641687259786,1.6216362679946137e-08,-4.9647862259750175e-08,0.9914448317977144,4.903158697110844e-09,-0.5602981109687856,0.7288564367244996,1.1368489824362772e-08,0.4303577136652239,1.1600919422143641e-08,-2.9910775093433936e-06,-0.5661244410337954,0.7390819793829148,-6.635825508503112e-06,0.43475737933986247,-6.747542809361878e-06,-2.9910775093433936e-06,-0.5661244410337954,0.7390819793829148,-6.635825508503112e-06,0.43475737933986247,-6.747542809361878e-06,0.00014650820221864022,0.0530230783563456,-0.09268687463934855,0.0003026959566219425,-0.039663297699896335,0.000305464972968928,-0.0009939334527280246,-0.00047034501425707864,-0.0022717006126346763,-0.002018891002279258,-0.0027805248219650233,-0.002033485098318036,0.0,True,False,1,True,True,0.002557700005127117,3,1.6482613651075552e-09,1.1056990719051737e-10,`gtol` termination condition is satisfied.,True,True,0.009999999999999787,0.010223399851860604,1.0,0.001169266843538446,4.6495620586262185e-07,0.0011692684756208032,4.650651253389224e-07
6.559999999999905,1786132510.4797926,0.006604299996979535,0.006279799999902025,0.01,TELEOP,0,,0.0,6.559999999999905,656,0.0,0.011000000000002383,0.03899999999999762,0.0,0.0,0.0,1.0,8.044889406111095e-10,0.013486406031610502,0.03651359324171631,0.0,0.0,0.0,1.0,-0.015999999758653325,-0.2182183143176008,0.2897665077530959,-0.1305261922200515,0.0,0.0,0.9914448613738105,-0.015999999670933136,-0.21807768964825686,0.2895229385635672,-0.1305261922200515,0.0,0.0,0.9914448613738105,-0.01599999961943374,-0.21807768902780605,0.2895229370359415,-0.13052619227480736,-4.3611305396020745e-13,-3.376375594347406e-12,0.9914448613666017,-0.016000134633855873,-0.21749431204884206,0.28850980945270616,-0.1305264175816214,-7.0485004740345975e-09,1.788075581108561e-08,0.9914448317043707,-0.016000134633855873,-0.21749431204884206,0.28850980945270616,-0.1305264175816214,-7.0485004740345975e-09,1.788075581108561e-08,0.9914448317043707,4.509048937029301e-09,-0.5597686523006129,0.7279270904645835,1.0465153245228102e-08,0.4299578260735762,1.0679694232723813e-08,-1.627282971240049e-06,-0.5655942587271041,0.7381548851923434,-3.814957776539888e-06,0.4343604688799309,-3.900515123094021e-06,-1.627282971240049e-06,-0.5655942587271041,0.7381548851923434,-3.814957776539888e-06,0.4343604688799309,-3.900515123094021e-06,0.00013637945381033737,0.05301823066913801,-0.09270941905713288,0.0002820867731963285,-0.039691045993159334,0.0002847027686267918,-0.0010128748408303058,-0.000484768720758882,-0.0022544417784338875,-0.0020609183425614416,-0.002774829326300174,-0.002076220434213664,0.0,True,False,1,True,True,0.002733699991949834,3,1.6496216662989356e-09,1.1066631603965858e-10,`gtol` termination condition is satisfied.,True,True,0.009999999999999787,0.010225542658415132,1.0,0.0011690834947626065,4.561250960033629e-07,0.0011690851282041208,4.5623465732661845e-07
6.569999999999904,1786132510.4857392,0.0064944000041577965,0.005732399993576109,0.01,TELEOP,0,,0.0,6.569999999999904,657,0.0,0.01075000000000239,0.03924999999999761,0.0,0.0,0.0,1.0,7.310007309695578e-10,0.013236406169328528,0.03676359317287159,0.0,0.0,0.0,1.0,-0.015999999780699787,-0.21827134729162767,0.2898583635878074,-0.1305261922200515,0.0,0.0,0.9914448613738105,-0.01599999970099262,-0.21813072259158967,0.289614794356054,-0.1305261922200515,0.0,0.0,0.9914448613738105,-0.015999999649448843,-0.21813072197069042,0.28961479282714014,-0.13052619227485476,-4.3668095079440783e-13,-3.3807608369268982e-12,0.9914448613665955,-0.016000022105948995,-0.21754749777409083,0.28860177266588927,-0.13052641666543266,-2.8615272920903428e-08,8.058165066833774e-08,0.9914448318249859,-0.016000022105948995,-0.21754749777409083,0.28860177266588927,-0.13052641666543266,-2.8615272920903428e-08,8.058165066833774e-08,0.9914448318249859,4.151181484068675e-09,-0.5592391352172496,0.7269974090120213,9.644304989535409e-09,0.4295576617044733,9.842541940710788e-09,-3.6580857414028595e-07,-0.5650641254771519,0.7372275663775119,-1.2026026188963067e-06,0.43396328146405294,-1.263584482452407e-06,-3.6580857414028595e-07,-0.5650641254771519,0.7372275663775119,-1.2026026188963067e-06,0.43396328146405294,-1.263584482452407e-06,0.000126147439709979,0.053013324995219956,-0.09273188148315108,0.0002612355157643637,-0.039718741587797174,0.000263693064064167,-0.001023201410035859,-0.0004905673918052222,-0.0022462426018194973,-0.0020851257431965275,-0.0027695594637842475,-0.0021009704562625197,0.0,True,False,1,True,True,0.0026114999927813187,3,1.6509845953252926e-09,1.1076235840157377e-10,`gtol` termination condition is satisfied.,True,True,0.009999999999999787,0.01022779472775992,1.0,0.0011689141589972662,4.838867400219643e-07,0.001168915793798978,4.839880099169483e-07
6.579999999999904,1786132510.492998,0.005941099996562116,0.0070503000024473295,0.01,TELEOP,0,,0.0,6.579999999999904,658,0.0,0.010500000000002396,0.039499999999997606,0.0,0.0,0.0,1.0,6.642254998604117e-10,0.012986406294170853,0.037013593110463414,0.0,0.0,0.0,1.0,-0.015999999800732356,-0.21832438026888587,0.2899502194253838,-0.1305261922200515,0.0,0.0,0.9914448613738105,-0.01599999972830624,-0.21818375554098662,0.28970665015530034,-0.1305261922200515,0.0,0.0,0.9914448613738105,-0.01599999967671788,-0.2181837549196377,0.28970664862509626,-0.1305261922749023,-4.3725063426353584e-13,-3.385160817983347e-12,0.9914448613665892,-0.015999918582482148,-0.2176006708911456,0.28869372696796997,-0.13052641426604483,-4.846460787734149e-08,1.3838822406593487e-07,0.9914448321408648,-0.015999918582482148,-0.2176006708911456,0.28869372696796997,-0.13052641426604483,-4.846460787734149e-08,1.3838822406593487e-07,0.9914448321408648,3.8262251150155065e-09,-0.5587095592929548,0.7260673918791248,8.898426574338751e-09,0.4291572204959673,9.081805010453388e-09,7.931098648626608e-07,-0.5645340410661943,0.7363000229187886,1.2004694773149708e-06,0.4335658175761087,1.1624398984653465e-06,7.931098648626608e-07,-0.5645340410661943,0.7363000229187886,1.2004694773149708e-06,0.4335658175761087,1.1624398984653465e-06,0.00011589184390029714,0.053008441095755136,-0.09275434587232392,0.00024030720962113289,-0.03974638879442912,0.00024260243809178054,-0.0010255595809682068,-0.0004883899464820998,-0.002246438917284192,-0.002092830614323125,-0.0027647206631949833,-0.0021090625972386935,0.0,True,False,1,True,True,0.00352769999881275,3,1.6523499462617295e-09,1.1085863440194189e-10,`gtol` termination condition is satisfied.,True,True,0.009999999999999787,0.0102301573654906,1.0,0.0011687588606442078,5.352951472323051e-07,0.0011687604968069365,5.353843742580569e-07
6.589999999999904,1786132510.4990551,0.007266800006618723,0.005840400001034141,0.01,TELEOP,0,,0.0,6.589999999999904,659,0.0,0.010250000000002403,0.0397499999999976,0.0,0.0,0.0,1.0,6.035500321650207e-10,0.012736406407331173,0.03726359305389505,0.0,0.0,0.0,1.0,-0.015999999818934997,-0.2183774132490758,0.29004207526555953,-0.1305261922200515,0.0,0.0,0.9914448613738105,-0.015999999753124827,-0.21823678849588762,0.28979850596068274,-0.1305261922200515,0.0,0.0,0.9914448613738105,-0.015999999701491716,-0.21823678787408762,0.2897985044291862,-0.13052619227494988,-4.3782211078814776e-13,-3.389575523621784e-12,0.9914448613665829,-0.01599982404145354,-0.21765383145491107,0.2887856724091582,-0.13052641052392758,-6.658968416790022e-08,1.9127002321537856e-07,0.9914448326335148,-0.01599982404145354,-0.21765383145491107,0.2887856724091582,-0.13052641052392758,-6.658968416790022e-08,1.9127002321537856e-07,0.9914448326335148,3.5311544164189296e-09,-0.5581799241013773,0.7251370385762618,8.220684048569938e-09,0.4287565023847778,8.390522599643739e-09,1.8499685817928209e-06,-0.5640040045438942,0.7353722540236914,3.3950060599998523e-06,0.43316807765666443,3.3782813491964468e-06,1.8499685817928209e-06,-0.5640040045438942,0.7353722540236914,3.3950060599998523e-06,0.43316807765666443,3.3782813491964468e-06,0.00010568587169301827,0.053003652230009586,-0.09277688950971834,0.00021945365826849282,-0.03977399194442869,0.00022158414507311475,-0.0010205972207279097,-0.0004788865745549686,-0.0022543637394414895,-0.0020853551352640522,-0.00276031499995711,-0.0021018293018666228,0.0,True,False,1,True,True,0.002666300002601929,3,1.6537178939543115e-09,1.1095495099755198e-10,`gtol` termination condition is satisfied.,True,True,0.009999999999999787,0.010232631039663764,1.0,0.0011686175243892205,5.982569736704026e-07,0.001168619161913982,5.983343370757971e-07
6.599999999999904,1786132510.505679,0.0060495999932754785,0.006414699993911199,0.01,TELEOP,0,,0.0,6.599999999999904,660,0.0,0.01000000000000241,0.03999999999999759,0.0,0.0,0.0,1.0,5.48417128553474e-10,0.012486406509893097,0.037513593002624815,0.0,0.0,0.0,1.0,-0.01599999983547487,-0.21843044623192556,0.2901339311080934,-0.1305261922200515,0.0,0.0,0.9914448613738105,-0.0159999997756763,-0.21828982145578418,0.2898903617716349,-0.1305261922200515,0.0,0.0,0.9914448613738105,-0.015999999723998265,-0.21828982083353193,0.28989036023884385,-0.1305261922749975,-4.3839538867104783e-13,-3.394004946889612e-12,0.9914448613665767,-0.015999738400971054,-0.21770697960269283,0.2888776090974741,-0.13052640557715728,-8.299538007308306e-08,2.3923047210545187e-07,0.991444833284759,-0.015999738400971054,-0.21770697960269283,0.2888776090974741,-0.13052640557715728,-8.299538007308306e-08,2.3923047210545187e-07,0.991444833284759,3.2632223147706967e-09,-0.5576502292155922,0.7242063486119117,7.604867061878736e-09,0.428355507306309,7.762368595988196e-09,2.8059313962046504e-06,-0.5634740142920059,0.7344442581933817,5.3831409747322625e-06,0.43277006210307417,5.386062963890235e-06,2.8059313962046504e-06,-0.5634740142920059,0.7344442581933817,5.3831409747322625e-06,0.43277006210307417,5.386062963890235e-06,9.559628144118498e-05,0.05299902518882966,-0.09279958303097775,0.00019881349147324526,-0.03980155535902868,0.0002007781614693831,-0.0010089590251833502,-0.0004627041179924736,-0.0022693521259411348,-0.0020640166795247994,-0.0027563414599989303,-0.0020805983603732103,0.0,True,False,1,True,True,0.0025877000007312745,3,1.6550881901936332e-09,1.1105137985651636e-10,`gtol` termination condition is satisfied.,True,True,0.009999999999999787,0.010235215447429669,1.0,0.0011684899841254294,6.64552188722821e-07,0.0011684916230129856,6.64619293456461e-07
6.6099999999999035,1786132510.5120282,0.00681250001071021,0.005951099999947473,0.01,TELEOP,0,,0.0,6.6099999999999035,661,0.0,0.00975000000000241,0.04024999999999759,0.0,0.0,0.0,1.0,4.983204885711938e-10,0.012236406602840273,0.03776359295616097,0.0,0.0,0.0,1.0,-0.015999999850503863,-0.21848347921718825,0.29022578695276663,-0.1305261922200515,0.0,0.0,0.9914448613738105,-0.015999999796167744,-0.21834285442021453,0.28998221758764264,-0.1305261922200515,0.0,0.0,0.9914448613738105,-0.015999999744444604,-0.21834285379750845,0.28998221605355484,-0.1305261922750453,-4.3897047404535544e-13,-3.398449085492737e-12,0.9914448613665704,-0.015999661524688544,-0.21776011554642466,0.28896953719309015,-0.13052639956065457,-9.769742630170611e-08,2.823045327810693e-07,0.9914448340768351,-0.015999661524688544,-0.21776011554642466,0.28896953719309015,-0.13052639956065457,-9.769742630170611e-08,2.823045327810693e-07,0.9914448340768351,3.019934683616223e-09,-0.5571204742081466,0.7232753214927213,7.045332453726798e-09,0.42795423519466064,7.191594242856428e-09,3.6627659798216006e-06,-0.5629440680883038,0.7335160332885098,7.1682639823878204e-06,0.43237177126986354,7.189176170625883e-06,3.6627659798216006e-06,-0.5629440680883038,0.7335160332885098,7.1682639823878204e-06,0.43237177126986354,7.189176170625883e-06,8.568345836169684e-05,0.052994620370218404,-0.09282249048718817,0.00017851230076555962,-0.03982908332106346,0.0001803113206735687,-0.0009912823079488357,-0.0004404818611252956,-0.002290745621041345,-0.002030119070768609,-0.0027527962034786897,-0.0020466840795814825,0.0,True,False,1,True,True,0.0026990999904228374,3,1.6564611461095835e-09,1.1114818376780728e-10,`gtol` termination condition is satisfied.,True,True,0.009999999999999787,0.010237909581469973,1.0,0.0011683759917513112,7.292585901418983e-07,0.0011683776320027997,7.293171789810756e-07
6.619999999999903,1786132510.5178952,0.0061618999898200855,0.005656499997712672,0.01,TELEOP,0,,0.0,6.619999999999903,662,0.0,0.009500000000002416,0.04049999999999759,0.0,0.0,0.0,1.0,4.528000611438118e-10,0.011986406687065571,0.038013592914057176,0.0,0.0,0.0,1.0,-0.01599999986415999,-0.2185365122046398,0.29031764279938055,-0.1305261922200515,0.0,0.0,0.9914448613738105,-0.015999999814787346,-0.21839588738875942,0.29007407340823904,-0.1305261922200515,0.0,0.0,0.9914448613738105,-0.01599999976301891,-0.21839588676559835,0.29007407187285245,-0.130526192275093,-4.3954737421939806e-13,-3.4029079438675084e-12,0.9914448613665641,-0.015999593227173536,-0.2178132395650231,0.28906145690278784,-0.13052639260550902,-1.1072154529088219e-07,3.2055631710331694e-07,0.9914448349924859,-0.015999593227173536,-0.2178132395650231,0.28906145690278784,-0.13052639260550902,-1.1072154529088219e-07,3.2055631710331694e-07,0.9914448349924859,2.799025926814152e-09,-0.5565906586510878,0.7223439567235491,6.536949825378538e-09,0.4275526859826435,6.672972765332239e-09,4.42278124429065e-06,-0.5624141631693739,0.7325875765940094,8.754892523901514e-06,0.43197320546937035,8.792151449037312e-06,4.42278124429065e-06,-0.5624141631693739,0.7325875765940094,8.754892523901514e-06,0.43197320546937035,8.792151449037312e-06,7.600152644690649e-05,0.052990491892989065,-0.09284566945003406,0.00015866285415137282,-0.03985658004932208,0.00016029752784114636,-0.0009681931914790561,-0.00041284772293373,-0.0023178962845891993,-0.001984944661418722,-0.002749672825861904,-0.0020013792832422775,0.0,True,False,1,True,True,0.002582300003268756,3,1.657836451107619e-09,1.1124478126418277e-10,`gtol` termination condition is satisfied.,True,True,0.009999999999999787,0.010240711795788449,1.0,0.001168275225795919,7.895456033492239e-07,0.0011682768674121575,7.895971603141769e-07
6.629999999999903,1786132510.5250182,0.005863099999260157,0.0069161999999778345,0.01,TELEOP,0,,0.0,6.629999999999903,663,0.0,0.009250000000002423,0.04074999999999758,0.0,0.0,0.0,1.0,4.114378198027402e-10,0.011736406763379436,0.03826359287590829,0.0,0.0,0.0,1.0,-0.015999999876568662,-0.21858954519407683,0.2904094986477548,-0.1305261922200515,0.0,0.0,0.9914448613738105,-0.01599999983170609,-0.21844892036103825,0.29016592923300016,-0.1305261922200515,0.0,0.0,0.9914448613738105,-0.015999999779892204,-0.21844891973742075,0.29016592769631233,-0.13052619227514092,-4.401260951323494e-13,-3.407381530082681e-12,0.9914448613665577,-0.01599953327917549,-0.21786635199691062,0.28915336847455747,-0.1305263848383862,-1.2210258362954743e-07,3.5407666845004575e-07,0.9914448360150359,-0.01599953327917549,-0.21786635199691062,0.28915336847455747,-0.1305263848383862,-1.2210258362954743e-07,3.5407666845004575e-07,0.9914448360150359,2.5984391542731668e-09,-0.556060782116,0.7214122538075111,6.0750575378448795e-09,0.4271508596017899,6.201754619453114e-09,5.088766189462722e-06,-0.5618842962919286,0.7316588848824779,1.0148546343439324e-05,0.4315743649726156,1.0200531914703226e-05,5.088766189462722e-06,-0.5618842962919286,0.7316588848824779,1.0148546343439324e-05,0.4315743649726156,1.0200531914703226e-05,6.659849451720866e-05,0.05298668774452741,-0.09286917115315507,0.00013936538195378405,-0.03988404967547611,0.0001408380465665944,-0.0009403031929698024,-0.00038041484616528853,-0.002350170312101959,-0.0019297472197589173,-0.002746962615403359,-0.0019459481274552376,0.0,True,False,1,True,True,0.0037133000005269423,3,1.6592145577231717e-09,1.1134181877618673e-10,`gtol` termination condition is satisfied.,True,True,0.009999999999999787,0.010243619870460297,1.0,0.001168187299822596,8.438126252614589e-07,0.0011681889428049044,8.438583255020964e-07
6.639999999999903,1786132510.530966,0.0071346000040648505,0.005729500000597909,0.01,TELEOP,0,,0.0,6.639999999999903,664,0.0,0.00900000000000243,0.04099999999999757,0.0,0.0,0.0,1.0,3.7385392383417456e-10,0.011486406832517464,0.03851359284134658,0.0,0.0,0.0,1.0,-0.01599999988784383,-0.2186425781853147,0.29050135449772563,-0.1305261922200515,0.0,0.0,0.9914448613738105,-0.01599999984707935,-0.21850195333670538,0.29025778506154104,-0.1305261922200515,0.0,0.0,0.9914448613738105,-0.015999999795219818,-0.21850195271263023,0.29025778352355,-0.1305261922751888,-4.407066455230994e-13,-3.411869857777648e-12,0.9914448613665515,-0.015999481412766182,-0.2179194532327464,0.2892452721923676,-0.13052637638101677,-1.3188364397474603e-07,3.8298073169105946e-07,0.9914448371284593,-0.015999481412766182,-0.2179194532327464,0.2892452721923676,-0.13052637638101677,-1.3188364397474603e-07,3.8298073169105946e-07,0.9914448371284593,2.416306501012532e-09,-0.555530844174028,0.720480212246014,5.655418816761764e-09,0.4267487559823614,5.773622831703068e-09,5.663930515016557e-06,-0.5613544637923406,0.7307299544758208,1.1355625602150222e-05,0.4311752500103803,1.1420750408981211e-05,5.663930515016557e-06,-0.5613544637923406,0.7307299544758208,1.1355625602150222e-05,0.4311752500103803,1.1420750408981211e-05,5.751643255538472e-05,0.05298324995880333,-0.09289304066571429,0.00012070792587109233,-0.03991149622352962,0.00012202184942780114,-0.0009082061961824132,-0.00034377857240786247,-0.002386951255921773,-0.0018657456082692117,-0.0027446548053513867,-0.0018816197138793649,0.0,True,False,1,True,True,0.0026295999996364117,3,1.6605949933156903e-09,1.1143878702765858e-10,`gtol` termination condition is satisfied.,True,True,0.009999999999999787,0.010246631074966817,1.0,0.0011681117705759044,8.911845477438242e-07,0.0011681134149251812,8.912253016813437e-07
6.649999999999903,1786132510.537635,0.005935399996815249,0.006463500001700595,0.01,TELEOP,0,,0.0,6.649999999999903,665,0.0,0.008750000000002436,0.041249999999997566,0.0,0.0,0.0,1.0,3.397032300983093e-10,0.011236406895147289,0.038763592810038314,0.0,0.0,0.0,1.0,-0.015999999898089038,-0.21869561117818592,0.29059321034914465,-0.1305261922200515,0.0,0.0,0.9914448613738105,-0.015999999861048293,-0.21855498631544712,0.2903496408935121,-0.1305261922200515,0.0,0.0,0.9914448613738105,-0.015999999809142948,-0.21855498569091292,0.29034963935421565,-0.13052619227523682,-4.4128903088396983e-13,-3.4163729437544148e-12,0.9914448613665452,-0.015999437326327626,-0.21797254370839586,0.28933716837112505,-0.13052636734976233,-1.4011522238830486e-07,4.0740552859593495e-07,0.9914448383174372,-0.015999437326327626,-0.21797254370839586,0.28933716837112505,-0.13052636734976233,-1.4011522238830486e-07,4.0740552859593495e-07,0.9914448383174372,2.2509317888862424e-09,-0.5550008443959059,0.7195478315387978,5.2741831011224595e-09,0.42634637505336404,5.38465367524645e-09,6.151847260779605e-06,-0.5608246616441318,0.729800781304878,1.238329303778071e-05,0.4307758607744631,1.24600106554353e-05,6.151847260779605e-06,-0.5608246616441318,0.729800781304878,1.238329303778071e-05,0.4307758607744631,1.24600106554353e-05,4.8791674576305853e-05,0.052980214820871556,-0.09291731709428187,0.00010276674356305092,-0.039938923591719015,0.00010392602464541118,-0.0008724757979079055,-0.00030351379317773014,-0.0024276428567582046,-0.0017941182308041793,-0.002742736818939449,-0.0018095824782390349,0.0,True,False,1,True,True,0.002586000002338551,3,1.6619779634624644e-09,1.1153600225974295e-10,`gtol` termination condition is satisfied.,True,True,0.009999999999999787,0.01024974222980679,1.0,0.0011680481458337904,9.312283311537408e-07,0.001168049791551201,9.312648436129699e-07
6.659999999999902,1786132510.548359,0.006914900004630908,0.010271899998770095,0.01,TELEOP,0,,0.0,6.659999999999902,666,0.0,0.008500000000002436,0.04149999999999757,0.0,0.0,0.0,1.0,3.086721234858467e-10,0.010986406951874837,0.039013592781680574,0.0,0.0,0.0,1.0,-0.01599999990739837,-0.2187486441725384,0.2906850662018769,-0.1305261922200515,0.0,0.0,0.9914448613738105,-0.01599999987374121,-0.2186080192969786,0.29044149672859615,-0.1305261922200515,0.0,0.0,0.9914448613738105,-0.01599999982178987,-0.21860801867198404,0.29044149518799195,-0.1305261922752847,-4.418732594784195e-13,-3.4208908092959806e-12,0.9914448613665389,-0.0159994006893653,-0.21802562389817084,0.2894290573518461,-0.13052635785525513,-1.4685435656930092e-07,4.275075546180631e-07,0.9914448395674051,-0.0159994006893653,-0.21802562389817084,0.2894290573518461,-0.13052635785525513,-1.4685435656930092e-07,4.275075546180631e-07,0.9914448395674051,2.100774742287914e-09,-0.5544707823519784,0.7186151111839599,4.927850824013134e-09,0.4259437167425504,5.031280834909163e-09,6.556397704909365e-06,-0.5602948855131894,0.7288713609667852,1.3239360651088129e-05,0.4303761974190952,1.3326172969027941e-05,6.556397704909365e-06,-0.5602948855131894,0.7288713609667852,1.3239360651088129e-05,0.4303761974190952,1.3326172969027941e-05,4.0455044412976855e-05,0.05297761309423876,-0.09294203380928484,8.560676133074378e-05,-0.03996633553679294,8.66162313592659e-05,-0.000833663016332918,-0.00026017266327935107,-0.002471671500296179,-0.0017159982232307506,-0.0027411945073924546,-0.001730979328614565,0.0,True,False,1,True,True,0.004561299996566959,3,1.6633635913829924e-09,1.1163294662361321e-10,`gtol` termination condition is satisfied.,True,True,0.009999999999999787,0.010252949766080266,1.0,0.0011679958919381002,9.63791751955717e-07,0.0011679975390249708,9.638245717854563e-07
6.669999999999902,1786132510.5588317,0.010634599995682947,0.010110300005180761,0.01,TELEOP,0,,0.0,6.669999999999902,667,0.0,0.008250000000002443,0.04174999999999756,0.0,0.0,0.0,1.0,2.804756369050129e-10,0.010736407003250008,0.03926359275599847,0.0,0.0,0.0,1.0,-0.015999999915857318,-0.21880167716823412,0.29077692205580014,-0.1305261922200515,0.0,0.0,0.9914448613738105,-0.015999999885274657,-0.2186610522810412,0.290533352566505,-0.1305261922200515,0.0,0.0,0.9914448613738105,-0.01599999983327713,-0.2186610516555849,0.2905333510245908,-0.13052619227533277,-4.4245933691743103e-13,-3.4254234784120354e-12,0.9914448613665325,-0.015999371147128287,-0.21807869430836171,0.28952093949705365,-0.13052634800210755,-1.5216378999883564e-07,4.434604117565878e-07,0.9914448408645904,-0.015999371147128287,-0.21807869430836171,0.28952093949705365,-0.13052634800210755,-1.5216378999883564e-07,4.434604117565878e-07,0.9914448408645904,1.9644369610666606e-09,-0.5539406576122211,0.7176820506779863,4.613242121566441e-09,0.425540780976431,4.710263569532336e-09,6.881718714334229e-06,-0.5597651308105133,0.7279416887798612,1.3932181328502113e-05,0.42997626006248946,1.4027644932144407e-05,6.881718714334229e-06,-0.5597651308105133,0.7279416887798612,1.3932181328502113e-05,0.42997626006248946,1.4027644932144407e-05,3.2532100942487075e-05,0.05297547026761351,-0.09296721869239921,6.92820677413998e-05,-0.03999373566057701,7.014719631164799e-05,-0.0007922943470489946,-0.00021428266252510042,-0.0025184883114375465,-0.0016324693589344318,-0.002740012378407419,-0.0016469035047618277,0.0,True,False,1,True,True,0.004540800000540912,3,1.6647518163472592e-09,1.1173037641371212e-10,`gtol` termination condition is satisfied.,True,True,0.009999999999999787,0.010256249782825244,1.0,0.0011679544409784284,9.8890852404653e-07,0.0011679560894361062,9.88938082756672e-07
6.679999999999902,1786132510.5693157,0.010477700008777902,0.010116500008734874,0.01,TELEOP,0,,0.0,6.679999999999902,668,0.0,0.00800000000000245,0.04199999999999755,0.0,0.0,0.0,1.0,2.548548343511354e-10,0.010486407049771832,0.03951359273274254,0.0,0.0,0.0,1.0,-0.01599999992354356,-0.21885471016514785,0.29086877791080323,-0.1305261922200515,0.0,0.0,0.9914448613738105,-0.01599999989575455,-0.21871408526740027,0.290625208406977,-0.1305261922200515,0.0,0.0,0.9914448613738105,-0.015999999843710682,-0.21871408464148093,0.2906252068637507,-0.13052619227538076,-4.4304727167820953e-13,-3.4299709795265027e-12,0.9914448613665262,-0.01599934832501978,-0.21813175547108427,0.28961281518641346,-0.13052633788868956,-1.5611115655197648e-07,4.5545249093959877e-07,0.9914448421960427,-0.01599934832501978,-0.21813175547108427,0.28961281518641346,-0.13052633788868956,-1.5611115655197648e-07,4.5545249093959877e-07,0.9914448421960427,1.8406477955196622e-09,-0.5534104697462582,0.7167486495157762,4.3274651494752315e-09,0.4251375676802808,4.418654460065717e-09,7.132152708622727e-06,-0.5592353927423361,0.727011759835847,1.4470545742080543e-05,0.4295760487885022,1.4573277382517252e-05,7.132152708622727e-06,-0.5592353927423361,0.727011759835847,1.4470545742080543e-05,0.4295760487885022,1.4573277382517252e-05,2.504339942885032e-05,0.05297380681771175,-0.09299289440142497,5.383644135784415e-05,-0.040021127398729366,5.456324503728575e-05,-0.0007488701513636916,-0.0001663449901761228,-0.0025675709025755242,-0.0015445626383555982,-0.002739173815235451,-0.0015583951274362568,0.0,True,False,1,True,True,0.0045476999948732555,3,1.6661425230161028e-09,1.1182762468741852e-10,`gtol` termination condition is satisfied.,True,True,0.009999999999999787,0.010259638101874913,1.0,0.0011679231976089804,1.0067400735079623e-06,0.0011679248474387484,1.0067667130002536e-06
6.689999999999902,1786132510.5760036,0.010421799990581349,0.00638279999839142,0.01,TELEOP,0,,0.0,6.689999999999902,669,0.0,0.007750000000002456,0.042249999999997546,0.0,0.0,0.0,1.0,2.3157443302679285e-10,0.010236407091893154,0.039763592711686405,0.0,0.0,0.0,1.0,-0.015999999930527677,-0.2189077431631659,0.29096063376678544,-0.1305261922200515,0.0,0.0,0.9914448613738105,-0.015999999905277132,-0.21876711825584264,0.2907170642497747,-0.1305261922200515,0.0,0.0,0.9914448613738105,-0.015999999853186727,-0.21876711762945894,0.2907170627052342,-0.13052619227542894,-4.43637071442052e-13,-3.4345333425304975e-12,0.9914448613665199,-0.015999331832785162,-0.21818480793845665,0.2897046848126214,-0.13052632760696603,-1.5876818967047775e-07,4.63684716106926e-07,0.9914448435496545,-0.015999331832785162,-0.21818480793845665,0.2897046848126214,-0.13052632760696603,-1.5876818967047775e-07,4.63684716106926e-07,0.9914448435496545,1.728254459160423e-09,-0.5528802183233802,0.7158149071906644,4.067894167081702e-09,0.4247340767781442,4.153777122442673e-09,7.3122003668999385e-06,-0.5587056663574866,0.7260815690493535,1.4863584802805822e-05,0.4291755636483864,1.497226599254379e-05,7.3122003668999385e-06,-0.5587056663574866,0.7260815690493535,1.4863584802805822e-05,0.4291755636483864,1.497226599254379e-05,1.8004765827721577e-05,0.052972638484955176,-0.09301907864934966,3.930390607252865e-05,-0.04004851401158387,3.989886100265474e-05,-0.0007038633601128893,-0.00011683327565733398,-0.0026184247924693205,-0.0014532535285315808,-0.0027386612854511548,-0.001466438403463132,0.0,True,False,1,True,True,0.0031580000068061054,3,1.6675357439224051e-09,1.1192517777590961e-10,`gtol` termination condition is satisfied.,True,True,0.009999999999999787,0.010263110320070767,1.0,0.001167901545481257,1.017538134625611e-06,0.0011679031966845077,1.01756212815473e-06
6.699999999999902,1786132510.5821404,0.006603800007724203,0.0059157999930903316,0.01,TELEOP,0,,0.0,6.699999999999902,670,0.0,0.007500000000002463,0.04249999999999754,0.0,0.0,0.0,1.0,2.1042064267581765e-10,0.009986407130024888,0.04001359269262465,0.0,0.0,0.0,1.0,-0.015999999936873815,-0.21896077616218526,0.2910524896236554,-0.1305261922200515,0.0,0.0,0.9914448613738105,-0.015999999913929846,-0.2188201512461749,0.2908089200946827,-0.1305261922200515,0.0,0.0,0.9914448613738105,-0.015999999861792725,-0.21882015061932544,0.2908089185488255,-0.13052619227547735,-4.4422874211001144e-13,-3.439110600856387e-12,0.9914448613665136,-0.015999321268466704,-0.21823785227712017,0.28979654877754607,-0.13052631724239366,-1.6020995973287243e-07,4.683683609090539e-07,0.9914448449141753,-0.015999321268466704,-0.21823785227712017,0.28979654877754607,-0.13052631724239366,-1.6020995973287243e-07,4.683683609090539e-07,0.9914448449141753,1.6262093991632122e-09,-0.5523499029125561,0.7148808231944411,3.832141073475264e-09,0.42433030819284234,3.9131972214083806e-09,7.4264761775602965e-06,-0.5581759465918958,0.7251511112044087,1.512067788165308e-05,0.4287748046626167,1.5234058657322828e-05,7.4264761775602965e-06,-0.5581759465918958,0.7251511112044087,1.512067788165308e-05,0.4287748046626167,1.5234058657322828e-05,1.1427581066036047e-05,0.05297197655907731,-0.09304578449448189,2.5709307884726314e-05,-0.040075898576968576,2.6179266477904373e-05,-0.0006577184761685671,-6.619258778647191e-05,-0.0026705845132233424,-0.001359459818780263,-0.0027384565384705,-0.001371959452475066,0.0,True,False,1,True,True,0.0027169999957550317,3,1.668931664106379e-09,1.1202316849885683e-10,`gtol` termination condition is satisfied.,True,True,0.009999999999999787,0.010266661858689075,1.0,0.0011678888532836939,1.0216195799183068e-06,0.0011678905058620773,1.021641147033827e-06
6.709999999999901,1786132510.5887983,0.006170599997858517,0.006403499995940365,0.01,TELEOP,0,,0.0,6.709999999999901,671,0.0,0.007250000000002463,0.04274999999999754,0.0,0.0,0.0,1.0,1.9119920228916452e-10,0.00973640716453988,0.04026359267537089,0.0,0.0,0.0,1.0,-0.015999999942640248,-0.21901380916211224,0.29114434548133006,-0.1305261922200515,0.0,0.0,0.9914448613738105,-0.015999999921792157,-0.21887318423822147,0.2909007759415051,-0.1305261922200515,0.0,0.0,0.9914448613738105,-0.015999999869608147,-0.218873183610905,0.29090077439432904,-0.1305261922755254,-4.448222911483868e-13,-3.443702790241908e-12,0.9914448613665072,-0.01599931622211678,-0.21829088906311261,0.2898884074886359,-0.13052630687387198,-1.6051414280804e-07,4.697229476882688e-07,0.9914448462792177,-0.01599931622211678,-0.21829088906311261,0.2898884074886359,-0.13052630687387198,-1.6051414280804e-07,4.697229476882688e-07,0.9914448462792177,1.533561486196268e-09,-0.5518195230824482,0.7139463970173685,3.61803576257256e-09,0.42392626184597476,3.694702482686581e-09,7.479666902498446e-06,-0.5576462283101776,0.7242203809980214,1.5251366954999944e-05,0.4283737718227678,1.536826885035056e-05,7.479666902498446e-06,-0.5576462283101776,0.7242203809980214,1.5251366954999944e-05,0.4283737718227678,1.536826885035056e-05,5.319072493815048e-06,0.05297182817182618,-0.09307302063871963,1.3068907334686538e-05,-0.0401032839848892,1.3421019302773627e-05,-0.000610850857222113,-1.4838725112947357e-05,-0.002723614423773511,-0.0012640400550040045,-0.0027385407920627394,-0.0012758247175131017,0.0,True,False,1,True,True,0.002930899994680658,3,1.670330169333961e-09,1.1212044888980392e-10,`gtol` termination condition is satisfied.,True,True,0.009999999999999787,0.010270288009967543,1.0,0.0011678844803769256,1.0193486888405575e-06,0.0011678861343320328,1.0193680059984092e-06
6.719999999999901,1786132510.5955484,0.006966000000829808,0.006186800004797988,0.01,TELEOP,0,,0.0,6.719999999999901,672,0.0,0.0070000000000024695,0.04299999999999753,0.0,0.0,0.0,1.0,1.7373359615317856e-10,0.009486407195776423,0.040513592659756015,0.0,0.0,0.0,1.0,-0.015999999947879928,-0.219066842162862,0.2912362013397342,-0.1305261922200515,0.0,0.0,0.9914448613738105,-0.015999999928936262,-0.218926217231823,0.29099263179006435,-0.1305261922200515,0.0,0.0,0.9914448613738105,-0.015999999876705178,-0.21892621660403805,0.2909926302415672,-0.13052619227557374,-4.454177269488377e-13,-3.448309948741587e-12,0.9914448613665009,-0.01599931627926379,-0.21834391887710142,0.2899802613555905,-0.13052629657374268,-1.597603235377544e-07,4.679742371776233e-07,0.9914448476352574,-0.01599931627926379,-0.21834391887710142,0.2899802613555905,-0.13052629657374268,-1.597603235377544e-07,4.679742371776233e-07,0.9914448476352574,1.4494471883733533e-09,-0.551289078401422,0.7130116281481992,3.4236063379277564e-09,0.4235219376579292,3.496282553465275e-09,7.47649300136321e-06,-0.5571165063442363,0.7232893730807094,1.5265276776757753e-05,0.4279724650934283,1.5384595051127398e-05,7.47649300136321e-06,-0.5571165063442363,0.7232893730807094,1.5265276776757753e-05,0.4279724650934283,1.5384595051127398e-05,-3.1739011352363635e-07,0.052972196594143144,-0.09310079173120289,1.3909821757809527e-06,-0.04013067293395301,1.6326200776836464e-06,-0.0005636462607338805,3.6842231696960125e-05,-0.002777109248326577,-0.0011677925158905835,-0.0027388949063807586,-0.0011788399225090233,0.0,True,False,1,True,True,0.0027623999922070652,3,1.6717312918561136e-09,1.1221837476198413e-10,`gtol` termination condition is satisfied.,True,True,0.009999999999999787,0.010273983980652934,1.0,0.001167887782021315,1.0111241028897839e-06,0.0011678894373548733,1.0111413122770652e-06
6.729999999999901,1786132510.603105,0.006405499996617436,0.007338499999605119,0.01,TELEOP,0,,0.0,6.729999999999901,673,0.0,0.006750000000002476,0.04324999999999753,0.0,0.0,0.0,1.0,1.5786343285774742e-10,0.009236407224041437,0.040763592645626595,0.0,0.0,0.0,1.0,-0.015999999952640977,-0.21911987516435752,0.2913280571987995,-0.1305261922200515,0.0,0.0,0.9914448613738105,-0.01599999993542777,-0.21897925022683487,0.2910844876401991,-0.1305261922200515,0.0,0.0,0.9914448613738105,-0.015999999883149436,-0.21897924959858012,0.2910844860903786,-0.1305261922756222,-4.460150558065702e-13,-3.4529321160664477e-12,0.9914448613664945,-0.01599932102412698,-0.21839694229997914,0.2900721107872986,-0.1305262864078357,-1.580293344649428e-07,4.6335231614972563e-07,0.9914448489736281,-0.01599932102412698,-0.21839694229997914,0.2900721107872986,-0.1305262864078357,-1.580293344649428e-07,4.6335231614972563e-07,0.9914448489736281,1.373082394387697e-09,-0.5507585684375566,0.7120765160741888,3.2470607505908696e-09,0.4231173355478818,3.3161103086317043e-09,7.421673036996407e-06,-0.5565867755288825,0.7223580820939615,1.5172041129230143e-05,0.4275708844141341,1.5292746298083816e-05,7.421673036996407e-06,-0.5565867755288825,0.7223580820939615,1.5172041129230143e-05,0.4275708844141341,1.5292746298083816e-05,-5.481996436680461e-06,0.052973081535381016,-0.09312909867479754,-9.323564752761096e-06,-0.04015806792941978,-9.18487530435835e-06,-0.0005164606323156935,8.849412378713942e-05,-0.0028306943594646797,-0.0010714546928542277,-0.002739499546677039,-0.0010817495382042226,0.0,True,False,1,True,True,0.002695500006666407,3,1.6731349688591184e-09,1.1231653523957401e-10,`gtol` termination condition is satisfied.,True,True,0.009999999999999787,0.010277744932510213,1.0,0.0011678981141948546,9.973688486824198e-07,0.001167899770908582,9.973840637457321e-07
6.739999999999901,1786132510.6135094,0.007716499996604398,0.01002610000432469,0.01,TELEOP,0,,0.0,6.739999999999901,674,0.0,0.006500000000002483,0.04349999999999752,0.0,0.0,0.0,1.0,1.434429723783263e-10,0.00898640724961336,0.04101359263284344,0.0,0.0,0.0,1.0,-0.015999999956967118,-0.2191729081665289,0.29141991305846404,-0.1305261922200515,0.0,0.0,0.9914448613738105,-0.015999999941326296,-0.2190322832231258,0.2911763434917631,-0.1305261922200515,0.0,0.0,0.9914448613738105,-0.015999999889000527,-0.21903228259439989,0.29117634194061687,-0.13052619227567072,-4.466142854438931e-13,-3.457569334667397e-12,0.991444861366488,-0.01599933004257866,-0.21844995990882154,0.290163956189041,-0.13052627643555637,-1.5540263371010552e-07,4.560897890774641e-07,0.9914448502865082,-0.01599933004257866,-0.21844995990882154,0.290163956189041,-0.13052627643555637,-1.5540263371010552e-07,4.560897890774641e-07,0.9914448502865082,1.3037547746850084e-09,-0.5502279927586541,0.7111410602811098,3.0867696069803315e-09,0.4227124554338032,3.152524344879479e-09,7.319891060755855e-06,-0.5560570307344593,0.721426502704631,1.498123515816579e-05,0.4271690297013066,1.5102373873254017e-05,7.319891060755855e-06,-0.5560570307344593,0.721426502704631,1.498123515816579e-05,0.4271690297013066,1.5102373873254017e-05,-1.0178197624055409e-05,0.05297447944231342,-0.09315793893304473,-1.9080597106435768e-05,-0.04018547128275348,-1.9037242482980317e-05,-0.0004696201187375047,0.00013979069324072715,-0.002884025824719666,-0.0009757032353674883,-0.002740335333369729,-0.0009852367178622178,0.0,True,False,1,True,True,0.00448780000442639,3,1.6745413756171724e-09,1.1241482091974395e-10,`gtol` termination condition is satisfied.,True,True,0.009999999999999787,0.010281566019772703,1.0,0.0011679148380028493,9.785224406184043e-07,0.0011679164960987096,9.785357505937704e-07
6.7499999999999005,1786132510.620925,0.010386500012828037,0.007054400004562922,0.01,TELEOP,0,,0.0,6.7499999999999005,675,0.0,0.00625000000000249,0.04374999999999751,0.0,0.0,0.0,1.0,1.3033978770562864e-10,0.008736407272744785,0.04126359262128027,0.0,0.0,0.0,1.0,-0.01599999996089807,-0.21922594116931274,0.29151176891867164,-0.1305261922200515,0.0,0.0,0.9914448613738105,-0.015999999946686,-0.2190853162205766,0.2912681993446234,-0.1305261922200515,0.0,0.0,0.9914448613738105,-0.01599999989431262,-0.21908531559137823,0.2912681977921493,-0.13052619227571927,-4.472154233192646e-13,-3.4622216482160706e-12,0.9914448613664817,-0.015999342924853936,-0.21850297227320728,0.29025579795995676,-0.13052626671000955,-1.5196172249994785e-07,4.4642007873838293e-07,0.9914448515669064,-0.015999342924853936,-0.21850297227320728,0.29025579795995676,-0.13052626671000955,-1.5196172249994785e-07,4.4642007873838293e-07,0.9914448515669064,1.2408177111432387e-09,-0.5496973509322456,0.7102052602532558,2.94125258231481e-09,0.42230729723245564,3.0040151523588534e-09,7.175766955847541e-06,-0.5555272668965006,0.720494629636277,1.4702313754790252e-05,0.42676690085018104,1.4823009082034333e-05,7.175766955847541e-06,-0.5555272668965006,0.720494629636277,1.4702313754790252e-05,0.42676690085018104,1.4823009082034333e-05,-1.4412410490831752e-05,0.05297638379588018,-0.0931873068354127,-2.789214033755446e-05,-0.04021288511255942,-2.7936479121969026e-05,-0.0004234212866776433,0.0001904353566761427,-0.0029367902367963966,-0.0008811543231118878,-0.0027413829805936207,-0.0008899236638988901,0.0,True,False,1,True,True,0.0032873999880393967,3,1.6759502853425234e-09,1.1251310767224387e-10,`gtol` termination condition is satisfied.,True,True,0.009999999999999787,0.010285442423521252,1.0,0.001167937323682521,9.550344545718893e-07,0.001167938983162331,9.550459277473471e-07
6.7599999999999,1786132510.6277795,0.0073195000004488975,0.006590000004507601,0.01,TELEOP,0,,0.0,6.7599999999999,676,0.0,0.0060000000000024895,0.04399999999999751,0.0,0.0,0.0,1.0,1.1843354873236207e-10,0.00848640729366484,0.04151359261082256,0.0,0.0,0.0,1.0,-0.015999999964469942,-0.21927897417265158,0.29160362477937124,-0.1305261922200515,0.0,0.0,0.9914448613738105,-0.015999999951556113,-0.2191383492190792,0.29136005519865943,-0.1305261922200515,0.0,0.0,0.9914448613738105,-0.015999999899134938,-0.21913834858940706,0.2913600536448551,-0.13052619227576773,-4.478184773160169e-13,-3.4668891022112592e-12,0.9914448613664752,-0.015999359268009855,-0.21855597995189405,0.29034763649076545,-0.13052625727815712,-1.4778760367203611e-07,4.3457583960879594e-07,0.9914448528086399,-0.015999359268009855,-0.21855597995189405,0.29034763649076545,-0.13052625727815712,-1.4778760367203611e-07,4.3457583960879594e-07,0.9914448528086399,1.1836840097948915e-09,-0.5491666425255988,0.7092691154734607,2.809164250567336e-09,0.4219018608594051,2.869210684239599e-09,6.993829698071604e-06,-0.5549974790424627,0.7195624576974884,1.4344555908706153e-05,0.4263644977367133,1.4464007052087473e-05,6.993829698071604e-06,-0.5549974790424627,0.7195624576974884,1.4344555908706153e-05,0.4263644977367133,1.4464007052087473e-05,-1.8193725777594128e-05,0.052978785403794186,-0.0932171938788618,-3.577578460841065e-05,-0.040240311346773854,-3.590020299468678e-05,-0.00037813152867624555,0.00024016079140064261,-0.0029887043449117424,-0.0007883644270856355,-0.002742623421443831,-0.0007963723872717925,0.0,True,False,1,True,True,0.0028798999992432073,3,1.6773618628894443e-09,1.1261126119276716e-10,`gtol` termination condition is satisfied.,True,True,0.009999999999999787,0.010289369383021163,1.0,0.001167964954209687,9.273591844424111e-07,0.0011679666150754937,9.273688703523951e-07
6.7699999999999,1786132510.6343691,0.006808299993281253,0.006371700001182035,0.01,TELEOP,0,,0.0,6.7699999999999,677,0.0,0.005750000000002496,0.04424999999999751,0.0,0.0,0.0,1.0,1.0761491722911037e-10,0.008236407312581354,0.04176359260136641,0.0,0.0,0.0,1.0,-0.015999999967715534,-0.2193320071764932,0.29169548064051665,-0.1305261922200515,0.0,0.0,0.9914448613738105,-0.01599999995598135,-0.21919138221853549,0.2914519110537618,-0.1305261922200515,0.0,0.0,0.9914448613738105,-0.015999999903512203,-0.21919138158838816,0.29145190949862504,-0.13052619227581622,-4.4842345481949755e-13,-3.471571743627738e-12,0.9914448613664689,-0.015999378678137527,-0.21860898348984414,0.2904394721617432,-0.13052624818100528,-1.429602819180386e-07,4.207874868573524e-07,0.9914448540063099,-0.015999378678137527,-0.21860898348984414,0.2904394721617432,-0.13052624818100528,-1.429602819180386e-07,4.207874868573524e-07,0.9914448540063099,1.1318203973805759e-09,-0.548635867105725,0.708332625423102,2.689281689817907e-09,0.4214961462290182,2.7468637349693608e-09,6.77849347651537e-06,-0.5544676623155894,0.7186299818072489,1.3917014920441453e-05,0.42596182021945334,1.403449643999485e-05,6.77849347651537e-06,-0.5544676623155894,0.7186299818072489,1.3917014920441453e-05,0.42596182021945334,1.403449643999485e-05,-2.153362215562387e-05,0.052981672687323615,-0.09324758902394717,-4.275409882647096e-05,-0.04026775172599763,-4.2951061209263084e-05,-0.00033398963780298114,0.00028872835294268173,-0.003039514508536521,-0.0006978314218060457,-0.0027440379223776907,-0.0007050858214576451,0.0,True,False,1,True,True,0.0025976000033551827,3,1.6787760259883566e-09,1.1270946928543266e-10,`gtol` termination condition is satisfied.,True,True,0.009999999999999787,0.010293342224027668,1.0,0.0011679971285157476,8.95951129901108e-07,0.0011679987907696004,8.959590609302869e-07
6.7799999999999,1786132510.640702,0.006593300000531599,0.006111000009695999,0.01,TELEOP,0,,0.0,6.7799999999999,678,0.0,0.005500000000002503,0.0444999999999975,0.0,0.0,0.0,1.0,9.778454276162334e-11,0.007986407329682829,0.04201359259281758,0.0,0.0,0.0,1.0,-0.015999999970664643,-0.21938504018079036,0.2917873365020659,-0.1305261922200515,0.0,0.0,0.9914448613738105,-0.015999999960002353,-0.21924441521885643,0.2915437669098311,-0.1305261922200515,0.0,0.0,0.9914448613738105,-0.015999999907485067,-0.21924441458823257,0.29154376535335963,-0.13052619227586507,-4.490303624850656e-13,-3.4762696212120915e-12,0.9914448613664625,-0.015999400772332133,-0.21866198341559295,0.29053130534094196,-0.13052623945381686,-1.3755830618744544e-07,4.052818427644319e-07,0.9914448551552738,-0.015999400772332133,-0.21866198341559295,0.29053130534094196,-0.13052623945381686,-1.3755830618744544e-07,4.052818427644319e-07,0.9914448551552738,1.0847424923327852e-09,-0.5481050242393813,0.7073957895821071,2.5804931429039763e-09,0.4210901532544652,2.635840392021684e-09,6.534036601658108e-06,-0.5539378119959819,0.7176971970174104,1.3428474331009242e-05,0.42555886814137484,1.354333490252382e-05,6.534036601658108e-06,-0.5539378119959819,0.7176971970174104,1.3428474331009242e-05,0.42555886814137484,1.354333490252382e-05,-2.4445687485726707e-05,0.0529850319607467,-0.09327847898385558,-4.885405894322224e-05,-0.0402952078078507,-4.911615374710411e-05,-0.00029120653301028984,0.0003359273423081862,-0.0030889959908410084,-0.0006099960116751413,-0.0027456081853073867,-0.0006165092537841153,0.0,True,False,1,True,True,0.00279499999305699,3,1.6801928152667238e-09,1.1280841650010872e-10,`gtol` termination condition is satisfied.,True,True,0.009999999999999787,0.01029735638414686,1.0,0.0011680332643251576,8.612611494526462e-07,0.0011680349279692085,8.612673416925995e-07
6.7899999999999,1786132510.6469877,0.006350199997541495,0.006047000002581626,0.01,TELEOP,0,,0.0,6.7899999999999,679,0.0,0.00525000000000251,0.04474999999999749,0.0,0.0,0.0,1.0,8.885215032874911e-11,0.0077364073451402175,0.042263592585090624,0.0,0.0,0.0,1.0,-0.015999999973344364,-0.2194380731855001,0.29187919236398097,-0.1305261922200515,0.0,0.0,0.9914448613738105,-0.015999999963656048,-0.21929744821996122,0.29163562276677724,-0.1305261922200515,0.0,0.0,0.9914448613738105,-0.015999999911090412,-0.21929744758885938,0.29163562120896863,-0.1305261922759137,-4.4963920901714113e-13,-3.4809827843591677e-12,0.991444861366456,-0.01599942518042697,-0.21871498023894764,0.29062313638264625,-0.13052623112634648,-1.316583543544286e-07,3.882809014666773e-07,0.991444856251614,-0.01599942518042697,-0.21871498023894764,0.29062313638264625,-0.13052623112634648,-1.316583543544286e-07,3.882809014666773e-07,0.991444856251614,1.0420109244034581e-09,-0.5475741134930778,0.706458607428962,2.4817893345377644e-09,0.420683881847722,2.5351111984249934e-09,6.264583115047746e-06,-0.5534079235189605,0.7167640985323609,1.2887409398045865e-05,0.4251556413316525,1.2999070161291174e-05,6.264583115047746e-06,-0.5534079235189605,0.7167640985323609,1.2887409398045865e-05,0.4251556413316525,1.2999070161291174e-05,-2.6945348661036722e-05,0.05298884770214564,-0.09330984850495676,-5.410649329633882e-05,-0.040322680972233176,-5.442647412326573e-05,-0.00024996611753100697,0.0003815741398942423,-0.003136952110117941,-0.0005252434353116691,-0.002747316438247646,-0.0005310320376161738,0.0,True,False,1,True,True,0.002796400003717281,3,1.6816124176090113e-09,1.1290698643134691e-10,`gtol` termination condition is satisfied.,True,True,0.009999999999999787,0.010301407435303278,1.0,0.0011680728006257153,8.237331686007503e-07,0.0011680744656623694,8.237376218230291e-07
6.7999999999998995,1786132510.6536667,0.006262599999899976,0.006462699995609,0.01,TELEOP,0,,0.0,6.7999999999998995,680,0.0,0.005000000000002516,0.044999999999997486,0.0,0.0,0.0,1.0,8.073571134253962e-11,0.007486407359108555,0.042513592578108036,0.0,0.0,0.0,1.0,-0.015999999975779295,-0.21949110619058354,0.2919710482262273,-0.1305261922200515,0.0,0.0,0.9914448613738105,-0.015999999966975986,-0.21935048122177658,0.2917274786245184,-0.1305261922200515,0.0,0.0,0.9914448613738105,-0.015999999914361834,-0.21935048059019546,0.2917274770653704,-0.13052619227596254,-4.5025000157026656e-13,-3.4857112846386013e-12,0.9914448613664496,-0.015999451546498827,-0.21876797444900714,0.2907149656260568,-0.130526223223093,-1.2533485995315418e-07,3.700007120577452e-07,0.9914448572921052,-0.015999451546498827,-0.21876797444900714,0.2907149656260568,-0.130526223223093,-1.2533485995315418e-07,3.700007120577452e-07,0.9914448572921052,1.0032259792740385e-09,-0.5470431344330767,0.7055210784407138,2.3922512504136406e-09,0.4202773319195732,2.4437386947246917e-09,5.974087003091941e-06,-0.5528779924908167,0.7158306817259846,1.230195392375447e-05,0.42475213960737873,1.2409906465004331e-05,5.974087003091941e-06,-0.5528779924908167,0.7158306817259846,1.230195392375447e-05,0.42475213960737873,1.2409906465004331e-05,-2.904961119558117e-05,0.05299310281438613,-0.09334168063763197,-5.854554742914067e-05,-0.04035017242737991,-5.891636962868547e-05,-0.00021042625345444902,0.00042551122404899344,-0.003183213267521935,-0.00044390541328019395,-0.002749145514673902,-0.0004489895505419835,0.0,True,False,1,True,True,0.002736199996434152,3,1.6830346252031495e-09,1.1300592526590655e-10,`gtol` termination condition is satisfied.,True,True,0.009999999999999787,0.010305491103398845,1.0,0.0011681151997856537,7.838013671587897e-07,0.001168116866217167,7.838040646606066e-07
6.809999999999899,1786132510.6599627,0.0067125000059604645,0.006046300011803396,0.01,TELEOP,0,,0.0,6.809999999999899,681,0.0,0.004750000000002516,0.04524999999999749,0.0,0.0,0.0,1.0,7.336069033741339e-11,0.007236407371728424,0.042763592571799534,0.0,0.0,0.0,1.0,-0.0159999999779918,-0.2195441391960054,0.2920629040887738,-0.1305261922200515,0.0,0.0,0.9914448613738105,-0.015999999969992653,-0.219403514224236,0.2918193344829805,-0.1305261922200515,0.0,0.0,0.9914448613738105,-0.0159999999173298,-0.21940351359217425,0.2918193329224907,-0.13052619227601137,-4.508627482211865e-13,-3.4904551741304705e-12,0.9914448613664433,-0.015999479530152915,-0.218820966512489,0.29080679339419147,-0.13052621576356893,-1.1865968051239128e-07,3.506503792687806e-07,0.9914448582741782,-0.015999479530152915,-0.218820966512489,0.29080679339419147,-0.13052621576356893,-1.1865968051239128e-07,3.506503792687806e-07,0.9914448582741782,9.680252483674413e-10,-0.5465120866254,0.7045832020929765,2.311044971648369e-09,0.41987050337961124,2.3608721690382386e-09,5.6663189075640955e-06,-0.5523480147020638,0.7148969421560216,1.1679872218995815e-05,0.4243483627752127,1.1783676232346706e-05,5.6663189075640955e-06,-0.5523480147020638,0.7148969421560216,1.1679872218995815e-05,0.4243483627752127,1.1783676232346706e-05,-3.0776809552785185e-05,0.052997778875282245,-0.09337395699630716,-6.220817047586694e-05,-0.040377683216603455,-6.26230232657639e-05,-0.00017271983572040512,0.0004676060896116607,-0.00322763586751799,-0.0003662623046726348,-0.0027510789223545,-0.0003706653637078498,0.0,True,False,1,True,True,0.0028230999887455255,3,1.684459510805038e-09,1.1310474095295854e-10,`gtol` termination condition is satisfied.,True,True,0.009999999999999787,0.010309603285270863,1.0,0.0011681599493310083,7.418877990578829e-07,0.001168161617159774,7.418887064642489e-07
6.819999999999899,1786132510.6661532,0.006265399992116727,0.005971499995212071,0.01,TELEOP,0,,0.0,6.819999999999899,682,0.0,0.004500000000002523,0.04549999999999748,0.0,0.0,0.0,1.0,6.665936049070055e-11,0.006986407383127298,0.0430135925661014,0.0,0.0,0.0,1.0,-0.0159999999800022,-0.2195971722017337,0.29215475995159185,-0.1305261922200515,0.0,0.0,0.9914448613738105,-0.015999999972733756,-0.21945654722727917,0.29191119034209595,-0.1305261922200515,0.0,0.0,0.9914448613738105,-0.01599999992002203,-0.21945654659473546,0.29191118878026207,-0.13052619227606013,-4.514774563296866e-13,-3.4952145061339027e-12,0.9914448613664368,-0.01599950880759669,-0.21887395687234945,0.2908986199929928,-0.1305262087625802,-1.1170180676854247e-07,3.304311802067595e-07,0.9914448591958838,-0.01599950880759669,-0.21887395687234945,0.2908986199929928,-0.1305262087625802,-1.1170180676854247e-07,3.304311802067595e-07,0.9914448591958838,9.360794725517218e-10,-0.5459809696358284,0.7036449778599357,2.237412198442225e-09,0.4194633961362404,2.2857379974103827e-09,5.344855217024047e-06,-0.5518179861383027,0.7139628755759437,1.1028535970142068e-05,0.42394431063295657,1.1127816640644236e-05,5.344855217024047e-06,-0.5518179861383027,0.7139628755759437,1.1028535970142068e-05,0.42394431063295657,1.1127816640644236e-05,-3.2146369054005516e-05,0.05300285637611665,-0.09340665800778564,-6.513362488537614e-05,-0.04040521422561727,-6.55859591702483e-05,-0.00013695595012203627,0.0005077500834411303,-0.0032701011478487862,-0.00029254544095092634,-0.0027531009013816513,-0.0002962935904484464,0.0,True,False,1,True,True,0.002781600007438101,3,1.685887053108634e-09,1.132035338787192e-10,`gtol` termination condition is satisfied.,True,True,0.009999999999999787,0.010313740063045085,1.0,0.0011682065634009769,6.984004127689367e-07,0.00116820823262942,6.983994762580109e-07
6.829999999999899,1786132510.672246,0.0061886000039521605,0.005875899994862266,0.01,TELEOP,0,,0.0,6.829999999999899,683,0.0,0.0042500000000025295,0.04574999999999747,0.0,0.0,0.0,1.0,6.0570181668809e-11,0.00673640739342075,0.043263592560955855,0.0,0.0,0.0,1.0,-0.015999999981828952,-0.2196502052077394,0.29224661581465594,-0.1305261922200515,0.0,0.0,0.9914448613738105,-0.015999999975224465,-0.21950958023085132,0.29200304620180384,-0.1305261922200515,0.0,0.0,0.9914448613738105,-0.01599999992246365,-0.2195095795978242,0.29200304463862353,-0.1305261922761092,-4.5209413442277787e-13,-3.499989335142643e-12,0.9914448613664304,-0.015999539072511955,-0.21892694594668297,0.29099044571063093,-0.1305262022305164,-1.0452711180755778e-07,3.0953579494637005e-07,0.9914448600558539,-0.015999539072511955,-0.21892694594668297,0.29099044571063093,-0.1305262022305164,-1.0452711180755778e-07,3.0953579494637005e-07,0.9914448600558539,9.070898138469521e-10,-0.5454497830299052,0.7027064052143488,2.1706641126480354e-09,0.41905601009667565,2.217633394287159e-09,5.013069416478933e-06,-0.5512879029888245,0.7130284779444724,1.0354905760734264e-05,0.4235399829710531,1.0449350910699962e-05,5.013069416478933e-06,-0.5512879029888245,0.7130284779444724,1.0354905760734264e-05,0.4235399829710531,1.0449350910699962e-05,-3.317858005451212e-05,0.0530083149478274,-0.09343976314713331,-6.736302094078185e-05,-0.04043276619034425,-6.784657299442892e-05,-0.00010322110005066241,0.0005458571710747461,-0.003310513934768241,-0.00022293960554057527,-0.0027551964726978363,-0.00022606138241806624,0.0,True,False,1,True,True,0.0026252999959979206,3,1.6873173160719116e-09,1.1330298044810667e-10,`gtol` termination condition is satisfied.,True,True,0.009999999999999787,0.010317897716007995,1.0,0.0011682545838971057,6.537314602599475e-07,0.0011682562545277898,6.537286038511349e-07
6.839999999999899,1786132510.6783931,0.0061163000063970685,0.005906699996558018,0.01,TELEOP,0,,0.0,6.839999999999899,684,0.0,0.004000000000002536,0.045999999999997467,0.0,0.0,0.0,1.0,5.5037235287439904e-11,0.006486407402713555,0.04351359255631053,0.0,0.0,0.0,1.0,-0.015999999983488836,-0.21970323821399623,0.29233847167794264,-0.1305261922200515,0.0,0.0,0.9914448613738105,-0.015999999977487654,-0.21956261323490284,0.29209490206204863,-0.1305261922200515,0.0,0.0,0.9914448613738105,-0.015999999924677596,-0.21956261260139098,0.2920949004975196,-0.13052619227615822,-4.527127896491056e-13,-3.5047797166105587e-12,0.9914448613664238,-0.015999570036736202,-0.21897993412788408,0.2910822708169893,-0.1305261961736471,-9.719813898065895e-08,2.881476481519435e-07,0.9914448608532631,-0.015999570036736202,-0.21897993412788408,0.2910822708169893,-0.1305261961736471,-9.719813898065895e-08,2.881476481519435e-07,0.9914448608532631,8.807843665409418e-10,-0.5449185263729347,0.701767483627549,2.1101734002912166e-09,0.4186483451669453,2.1559182788581917e-09,4.674125567145132e-06,-0.5507577616530812,0.7120937454328673,9.665516988309516e-06,0.423135379574002,9.754874026359233e-06,4.674125567145132e-06,-0.5507577616530812,0.7120937454328673,9.665516988309516e-06,0.423135379574002,9.754874026359233e-06,-3.389438493338081e-05,0.05301413357432079,-0.09347325116051346,-6.893887724247637e-05,-0.04046033970511263,-6.944768843407446e-05,-7.158048788687073e-05,0.0005818626493387288,-0.0033488013380141247,-0.00015758563016945502,-0.002757351476838539,-0.00016011154396455786,0.0,True,False,1,True,True,0.002698299998883158,3,1.6887501837875605e-09,1.1340225663355001e-10,`gtol` termination condition is satisfied.,True,True,0.009999999999999787,0.010322072730123644,1.0,0.0011683035813447457,6.082562976421374e-07,0.0011683052533801564,6.082514192164334e-07
6.849999999999898,1786132510.684958,0.006118699995568022,0.006352800002787262,0.01,TELEOP,0,,0.0,6.849999999999898,685,0.0,0.003750000000002543,0.04624999999999746,0.0,0.0,0.0,1.0,5.0009710796020154e-11,0.0062364074111006945,0.04376359255211794,0.0,0.0,0.0,1.0,-0.015999999984997095,-0.21975627122048036,0.29243032754143083,-0.1305261922200515,0.0,0.0,0.9914448613738105,-0.015999999979544106,-0.21961564623938865,0.29218675792278004,-0.1305261922200515,0.0,0.0,0.9914448613738105,-0.015999999926684605,-0.21961564560539065,0.2921867563569,-0.1305261922762074,-4.5333342946443483e-13,-3.5095857066680594e-12,0.9914448613664174,-0.015999601430763517,-0.21903292178205783,0.2911740955633236,-0.13052619059442094,-8.977392725584283e-08,2.664403583498012e-07,0.991444861587789,-0.015999601430763517,-0.21903292178205783,0.2911740955633236,-0.13052619059442094,-8.977392725584283e-08,2.664403583498012e-07,0.991444861587789,8.569168744952728e-10,-0.5443871992299869,0.7008282125694467,2.0553714778151865e-09,0.41824040125189,2.100012459615194e-09,4.3309737840733805e-06,-0.5502275587451563,0.7111586744301222,8.966469907914389e-06,0.42273050022169045,9.050542618394818e-06,4.3309737840733805e-06,-0.5502275587451563,0.7111586744301222,8.966469907914389e-06,0.42273050022169045,9.050542618394818e-06,-3.4315178307175895e-05,0.05302029079249844,-0.09350710027451274,-6.990470803951423e-05,-0.040487935231153245,-7.043314079644297e-05,-4.2079337379509775e-05,0.0006157218177646936,-0.0033849113999281227,-9.658307970378733e-05,-0.0027595526040612743,-9.854523623685295e-05,0.0,True,False,1,True,True,0.0031726000015623868,3,1.6901857505910288e-09,1.1350188742376104e-10,`gtol` termination condition is satisfied.,True,True,0.009999999999999787,0.01032626180531826,1.0,0.0011683531554823059,5.623326019059871e-07,0.0011683548289250815,5.623255677416933e-07
6.859999999999898,1786132510.6919122,0.006621399996220134,0.006685599990305491,0.01,TELEOP,0,,0.0,6.859999999999898,686,0.0,0.0035000000000025427,0.04649999999999746,0.0,0.0,0.0,1.0,4.544143907059844e-11,0.005986407418668261,0.04401359254833504,0.0,0.0,0.0,1.0,-0.015999999986367575,-0.21980930422717015,0.29252218340510144,-0.1305261922200515,0.0,0.0,0.9914448613738105,-0.015999999981412705,-0.21966867924426792,0.2922786137839524,-0.1305261922200515,0.0,0.0,0.9914448613738105,-0.015999999928503587,-0.21966867860978245,0.29227861221671886,-0.13052619227625636,-4.539560628663287e-13,-3.514407362762475e-12,0.991444861366411,-0.01599963300407684,-0.21908590924865967,0.291265920182079,-0.13052618549176817,-8.230987250678705e-08,2.445772909779268e-07,0.9914448622595722,-0.01599963300407684,-0.21908590924865967,0.291265920182079,-0.13052618549176817,-8.230987250678705e-08,2.445772909779268e-07,0.9914448622595722,8.352633321188145e-10,-0.5438558011658946,0.6998885915085313,2.0057406660042664e-09,0.41783217825516566,2.049387650699705e-09,3.986347576530239e-06,-0.5496972910963691,0.7102232615462059,8.263423527501854e-06,0.42232534469063737,8.342068735880605e-06,3.986347576530239e-06,-0.5496972910963691,0.7102232615462059,8.263423527501854e-06,0.42232534469063737,8.342068735880605e-06,-3.446262075431489e-05,0.05302676487872195,-0.0935412883916303,-7.030463804125497e-05,-0.040515553105310464,-7.08473882514228e-05,-1.4744244713899616e-05,0.0006474086223513809,-0.003418811711756199,-3.99930001740749e-05,-0.002761787415722118,-4.142474549798354e-05,0.0,True,False,1,True,True,0.0034041000035358593,3,1.6916241387314501e-09,1.1360098811862027e-10,`gtol` termination condition is satisfied.,True,True,0.009999999999999787,0.010330461860675433,1.0,0.0011684029356005818,5.163000591212989e-07,0.0011684046104535103,5.162906961948359e-07
6.869999999999898,1786132510.6982877,0.006906599999638274,0.0061544999916804954,0.01,TELEOP,0,,0.0,6.869999999999898,687,0.0,0.0032500000000025495,0.04674999999999745,0.0,0.0,0.0,1.0,4.129046843022479e-11,0.005736407425494282,0.04426359254492283,0.0,0.0,0.0,1.0,-0.015999999987612867,-0.21986233723404605,0.29261403926893703,-0.1305261922200515,0.0,0.0,0.9914448613738105,-0.01599999998311061,-0.21972171224950363,0.29237046964552443,-0.1305261922200515,0.0,0.0,0.9914448613738105,-0.01599999993015167,-0.21972171161452922,0.2923704680769352,-0.1305261922763058,-4.5458069710711763e-13,-3.519244742865051e-12,0.9914448613664044,-0.015999664525322397,-0.2191388968403507,0.2913577448868549,-0.13052618086140078,-7.485762310225278e-08,2.227112109078103e-07,0.9914448628691773,-0.015999664525322397,-0.2191388968403507,0.2913577448868549,-0.13052618086140078,-7.485762310225278e-08,2.227112109078103e-07,0.9914448628691773,8.156204844568944e-10,-0.5433243317452556,0.6989486199118685,1.960810846195866e-09,0.4174236760792415,2.00356406939994e-09,3.6427629143653753e-06,-0.5491669557561537,0.7092875036134886,7.5615930765913675e-06,0.42191991275514845,7.634717224327223e-06,3.6427629143653753e-06,-0.5491669557561537,0.7092875036134886,7.5615930765913675e-06,0.42191991275514845,7.634717224327223e-06,-3.4358466216487113e-05,0.053033534021546154,-0.0935757932717287,-7.018304509105016e-05,-0.04054319354889282,-7.07351511553398e-05,1.0415453782778082e-05,0.0006769142824200602,-0.003450488009840274,1.2159295020481782e-05,-0.0027640443582356107,1.1223709608300726e-05,0.0,True,False,1,True,True,0.0028691999905277044,3,1.693065092728713e-09,1.13701251291179e-10,`gtol` termination condition is satisfied.,True,True,0.009999999999999787,0.01033467003767452,1.0,0.0011684525806482378,4.70480626972047e-07,0.00116845425691393,4.704687121101998e-07
6.879999999999898,1786132510.7043777,0.006373600001097657,0.005870499997399747,0.01,TELEOP,0,,0.0,6.879999999999898,688,0.0,0.003000000000002556,0.04699999999999745,0.0,0.0,0.0,1.0,3.751867938325661e-11,0.005486407431649473,0.04451359254184597,0.0,0.0,0.0,1.0,-0.015999999988744403,-0.2199153702410903,0.29270589513292183,-0.1305261922200515,0.0,0.0,0.9914448613738105,-0.01599999998465342,-0.21977474525506216,0.2924623255074585,-0.1305261922200515,0.0,0.0,0.9914448613738105,-0.01599999993164448,-0.21977474461959756,0.29246232393751104,-0.130526192276355,-4.552073407092126e-13,-3.524097905602237e-12,0.991444861366398,-0.01599969578233862,-0.2191918848430504,0.29144956987250525,-0.1305261766961104,-6.746500804189151e-08,2.0098402976147928e-07,0.9914448634175532,-0.01599969578233862,-0.2191918848430504,0.29144956987250525,-0.1305261766961104,-6.746500804189151e-08,2.0098402976147928e-07,0.9914448634175532,7.978036109737901e-10,-0.5427927905324306,0.698008297245105,1.9201543903403994e-09,0.4170148946254024,1.9621052666669607e-09,3.3025188830006786e-06,-0.548636549991347,0.7083513976864951,6.865750767963693e-06,0.4215142041883826,6.933306428187591e-06,3.3025188830006786e-06,-0.548636549991347,0.7083513976864951,6.865750767963693e-06,0.4215142041883826,6.933306428187591e-06,-3.402440313647042e-05,0.05304057648066949,-0.09361059269935099,-6.958423086276893e-05,-0.04057085667658649,-7.014107961396466e-05,3.34063080016703e-05,0.0007042459123333608,-0.0034799427622283358,5.988142282812441e-05,-0.002766312769367519,5.940715413751519e-05,0.0,True,False,1,True,True,0.0026191999932052568,3,1.6945088366447792e-09,1.1380090125051097e-10,`gtol` termination condition is satisfied.,True,True,0.009999999999999787,0.01033888370162006,1.0,0.0011685017791210816,4.2517955715061334e-07,0.0011685034568023665,4.2516480173825235e-07
6.8899999999998975,1786132510.7112634,0.0061486000049626455,0.0066076000075554475,0.01,TELEOP,0,,0.0,6.8899999999998975,689,0.0,0.002750000000002563,0.04724999999999744,0.0,0.0,0.0,1.0,3.409143456570159e-11,0.005236407437197911,0.04476359253907242,0.0,0.0,0.0,1.0,-0.015999999989772577,-0.21996840324828684,0.2927977509970417,-0.1305261922200515,0.0,0.0,0.9914448613738105,-0.015999999986055294,-0.21982777826091304,0.29255418136972056,-0.1305261922200515,0.0,0.0,0.9914448613738105,-0.01599999993299617,-0.21982777762495678,0.2925541797984125,-0.1305261922764043,-4.558360018136028e-13,-3.5289669109701265e-12,0.9914448613663914,-0.015999726582050657,-0.21924487351616972,0.2915413953153614,-0.13052617298606195,-6.017599578778171e-08,1.7952664303339143e-07,0.991444863905995,-0.015999726582050657,-0.21924487351616972,0.2915413953153614,-0.13052617298606195,-6.017599578778171e-08,1.7952664303339143e-07,0.991444863905995,7.816450376631208e-10,-0.5422611770915459,0.6970676229724653,1.8833828020364796e-09,0.41660583379374694,1.9246147057140647e-09,2.967699790097186e-06,-0.5481060712840257,0.7074149410401259,6.180229572658037e-06,0.42110821876332893,6.242211935799305e-06,2.967699790097186e-06,-0.5481060712840257,0.7074149410401259,6.180229572658037e-06,0.42110821876332893,6.242211935799305e-06,-3.348190929034999e-05,0.05304787073214229,-0.09364566463692581,-6.855211953056713e-05,-0.04059854250536793,-6.910944923883005e-05,5.424938461204407e-05,0.0007294251472798307,-0.0035071937574820966,0.00010321113322018158,-0.002768582878144056,0.00010316303751346407,0.0,True,False,1,True,True,0.0028596000047400594,3,1.6959554029373295e-09,1.1390072956743335e-10,`gtol` termination condition is satisfied.,True,True,0.009999999999999787,0.010343100441390085,1.0,0.0011685502487572509,3.806875104945272e-07,0.0011685519278570554,3.8066953825651233e-07
6.899999999999897,1786132510.7180262,0.006828600002336316,0.006542300005094148,0.01,TELEOP,0,,0.0,6.899999999999897,690,0.0,0.0025000000000025696,0.04749999999999743,0.0,0.0,0.0,1.0,3.0977260656886117e-11,0.004986407442197655,0.04501359253657315,0.0,0.0,0.0,1.0,-0.01599999999070683,-0.2200214362556211,0.2928896068612836,-0.1305261922200515,0.0,0.0,0.9914448613738105,-0.01599999998732911,-0.21988081126702866,0.2926460372322798,-0.1305261922200515,0.0,0.0,0.9914448613738105,-0.015999999934219623,-0.2198808106305795,0.2926460356596088,-0.13052619227645365,-4.564666876598395e-13,-3.5338518186639393e-12,0.991444861366385,-0.015999756750242504,-0.2192978630930085,0.29163322137356534,-0.1305261697190801,-5.3030681864223105e-08,1.584588517700119e-07,0.9914448643361052,-0.015999756750242504,-0.2192978630930085,0.29163322137356534,-0.1305261697190801,-5.3030681864223105e-08,1.584588517700119e-07,0.9914448643361052,7.669926681018432e-10,-0.5417294909864867,0.6961265965567498,1.8501433846594684e-09,0.41619649348319004,1.890732366937274e-09,2.640178588286838e-06,-0.5475755173280259,0.7064781311664863,5.508929730924564e-06,0.42070195625369544,5.565373087197319e-06,2.640178588286838e-06,-0.5475755173280259,0.7064781311664863,5.508929730924564e-06,0.42070195625369544,5.565373087197319e-06,-3.275212018103549e-05,0.05305539559997693,-0.09368098736397096,-6.712998417334864e-05,-0.04062625096335039,-6.768388486020005e-05,7.297891093145241e-05,0.0007524867834641606,-0.0035322727045157543,0.00014221353572185265,-0.0027708457982457647,0.00014255643786300256,0.0,True,False,1,True,True,0.0027326000126777217,3,1.69740455368136e-09,1.1400069763078849e-10,`gtol` termination condition is satisfied.,True,True,0.009999999999999787,0.010347318067660649,1.0,0.001168597736054716,3.3728437143193284e-07,0.0011685994165757455,3.3726268591377214e-07
6.909999999999897,1786132510.7249706,0.006817899993620813,0.006668499991064891,0.01,TELEOP,0,,0.0,6.909999999999897,691,0.0,0.0022500000000025694,0.04774999999999743,0.0,0.0,0.0,1.0,2.814755935139402e-11,0.004736407446701304,0.04526359253432188,0.0,0.0,0.0,1.0,-0.01599999999155574,-0.22007446926307983,0.29298146272563597,-0.1305261922200515,0.0,0.0,0.9914448613738105,-0.015999999988486568,-0.21993384427338394,0.2927378930951081,-0.1305261922200515,0.0,0.0,0.9914448613738105,-0.0159999999353265,-0.21993384363644036,0.29273789152107177,-0.1305261922765031,-4.570994075458096e-13,-3.538752690224681e-12,0.9914448613663784,-0.015999786131218094,-0.2193508537813013,0.29172504818750344,-0.13052616688092925,-4.6065303240362635e-08,1.3788936335734075e-07,0.9914448647097582,-0.015999786131218094,-0.2193508537813013,0.29172504818750344,-0.13052616688092925,-4.6065303240362635e-08,1.3788936335734075e-07,0.9914448647097582,7.537082128185046e-10,-0.5411977317809049,0.6951852174593398,1.8201151699698988e-09,0.41578687359146155,1.860130594905623e-09,2.3216214805157274e-06,-0.5470448860242823,0.7055409657704613,4.855327725892809e-06,0.42029541643471036,4.90630196933576e-06,2.3216214805157274e-06,-0.5470448860242823,0.7055409657704613,4.855327725892809e-06,0.42029541643471036,4.90630196933576e-06,-3.185571077711173e-05,0.053063130374368425,-0.09371653960249175,-6.536020050317698e-05,-0.040653981898511396,-6.590711178615732e-05,8.964094039237771e-05,0.0007734774391495355,-0.0035552238520801527,0.00017697836701716958,-0.0027730935161005463,0.00017767730740427727,0.0,True,False,1,True,True,0.0033859000104712322,3,1.6988565377751292e-09,1.1410091527803238e-10,`gtol` termination condition is satisfied.,True,True,0.009999999999999787,0.010351534609736479,1.0,0.0011686440156271041,2.9524590336314146e-07,0.0011686456975723621,2.9521983912338074e-07
6.919999999999897,1786132510.7323258,0.006894899997860193,0.007129099991288967,0.01,TELEOP,0,,0.0,6.919999999999897,692,0.0,0.002000000000002576,0.04799999999999743,0.0,0.0,0.0,1.0,2.5576344733052464e-11,0.004486407450756506,0.045513592532294776,0.0,0.0,0.0,1.0,-0.015999999992327103,-0.2201275022706511,0.293073318590088,-0.1305261922200515,0.0,0.0,0.9914448613738105,-0.015999999989538292,-0.21998687727995622,0.29282974895818015,-0.1305261922200515,0.0,0.0,0.9914448613738105,-0.01599999993632748,-0.21998687664251684,0.2928297473827761,-0.13052619227655277,-4.577341690878048e-13,-3.543669586873407e-12,0.9914448613663719,-0.015999814587362812,-0.21940384576389493,0.29181687588032673,-0.13052616445558332,-3.931227747023625e-08,1.1791586581586639e-07,0.9914448650290638,-0.015999814587362812,-0.21940384576389493,0.29181687588032673,-0.13052616445558332,-3.931227747023625e-08,1.1791586581586639e-07,0.9914448650290638,7.416661025343081e-10,-0.5406658990382098,0.6942434851401899,1.7930064613823042e-09,0.4153769740151067,1.8325115956574577e-09,2.0134935774587846e-06,-0.5465141754751139,0.7046034427641727,4.222487452395426e-06,0.41988859908383785,4.2680946289505804e-06,2.0134935774587846e-06,-0.5465141754751139,0.7046034427641727,4.222487452395426e-06,0.41988859908383785,4.2680946289505804e-06,-3.081279030569493e-05,0.05307105491683246,-0.09375230062886152,-6.328402734973966e-05,-0.040681735087249093,-6.382073403851932e-05,0.00010429204714168153,0.0007924542464034928,-0.003576102636976622,0.0002076173153437369,-0.002775318873769808,0.00020863777476380385,0.0,True,False,1,True,True,0.003820900004939176,3,1.7003112092705862e-09,1.1420148518324487e-10,`gtol` termination condition is satisfied.,True,True,0.009999999999999787,0.010355748311121515,1.0,0.0011686888894205127,2.548554724406107e-07,0.001168690572792877,2.548241208362067e-07
6.929999999999897,1786132510.7385547,0.007354900008067489,0.006003000002237968,0.01,TELEOP,0,,0.0,6.929999999999897,693,0.0,0.0017500000000025828,0.04824999999999742,0.0,0.0,0.0,1.0,2.324000463919874e-11,0.004236407454406419,0.04576359253047027,0.0,0.0,0.0,1.0,-0.015999999993028008,-0.2201805352783241,0.2931651744546303,-0.1305261922200515,0.0,0.0,0.9914448613738105,-0.015999999990493948,-0.22003991028672487,0.2929216048214729,-0.1305261922200515,0.0,0.0,0.9914448613738105,-0.015999999937232175,-0.22003990964878833,0.2929216032446987,-0.13052619227660225,-4.583709796252937e-13,-3.5486025711965314e-12,0.9914448613663654,-0.01599984199861634,-0.2194568391995416,0.29190870455854895,-0.13052616242548673,-3.280026454171853e-08,9.862516990083897e-08,0.9914448652963335,-0.01599984199861634,-0.2194568391995416,0.29190870455854895,-0.13052616242548673,-3.280026454171853e-08,9.862516990083897e-08,0.9914448652963335,7.307522854241748e-10,-0.5401339923215701,0.6933013990578287,1.7685520860374612e-09,0.4149667946494853,1.8076046350309815e-09,1.7170654800373277e-06,-0.5459833839775878,0.7036655602604475,3.613073320437343e-06,0.41948150398141065,3.653444240373086e-06,1.7170654800373277e-06,-0.5459833839775878,0.7036655602604475,3.613073320437343e-06,0.41948150398141065,3.653444240373086e-06,-2.9642809742146326e-05,0.053079149752612964,-0.09378825037252862,-6.094141319580959e-05,-0.040709510242723145,-6.146503885775078e-05,0.00011699805635486331,0.0008094835780509194,-0.0035949743667112086,0.00023426141539301188,-0.0027775155474053332,0.00023556951807685898,0.0,True,False,1,True,True,0.0027320999943185598,3,1.701768713651066e-09,1.1430171998734187e-10,`gtol` termination condition is satisfied.,True,True,0.009999999999999787,0.010359957623982896,1.0,0.0011687321858035989,2.164253695475927e-07,0.001168733870606101,2.1638746515175827e-07
6.9399999999998965,1786132510.7463136,0.006261399990762584,0.007500399995478801,0.01,TELEOP,0,,0.0,6.9399999999998965,694,0.0,0.0015000000000025895,0.04849999999999741,0.0,0.0,0.0,1.0,2.1117083823771107e-11,0.003986407457690127,0.04601359252882883,0.0,0.0,0.0,1.0,-0.015999999993664884,-0.22023356828608898,0.29325703031925404,-0.1305261922200515,0.0,0.0,0.9914448613738105,-0.015999999991362306,-0.22009294329367127,0.2930134606849654,-0.1305261922200515,0.0,0.0,0.9914448613738105,-0.01599999993804939,-0.2200929426552362,0.29301345910681864,-0.13052619227665194,-4.590098498309401e-13,-3.5535517059744926e-12,0.9914448613663589,-0.015999868261868194,-0.2195098342237944,0.29200053431270934,-0.13052616077180298,-2.6554249378534303e-08,8.009341325046704e-08,0.9914448655140469,-0.015999868261868194,-0.2195098342237944,0.29200053431270934,-0.13052616077180298,-2.6554249378534303e-08,8.009341325046704e-08,0.9914448655140469,7.208633139259973e-10,-0.5396020111939118,0.6923589586693568,1.7465113262079608e-09,0.4145563353887719,1.7851639309774673e-09,1.4334206642293019e-06,-0.5454525100160801,0.7027273165654279,3.029365041079162e-06,0.4190741309111813,3.064655973923979e-06,1.4334206642293019e-06,-0.5454525100160801,0.7027273165654279,3.029365041079162e-06,0.4190741309111813,3.064655973923979e-06,-2.8364481580803188e-05,0.053087396150781334,-0.09382436950196418,-5.8370827935819355e-05,-0.04073730702293979,-5.8878826644911954e-05,0.0001278328161343165,0.0008246398168370908,-0.0036119129435565243,0.00025705852599902884,-0.0027796780216648885,0.0002586212212838879,0.0,True,False,1,True,True,0.0028323000005912036,3,1.7032289468196163e-09,1.1440236683558728e-10,`gtol` termination condition is satisfied.,True,True,0.009999999999999787,0.010364161202618738,1.0,0.0011687737585514741,1.8033731390760817e-07,0.0011687754447870693,1.802910635448575e-07
6.949999999999896,1786132510.756942,0.007871800000430085,0.010257499990984797,0.01,TELEOP,0,,0.0,6.949999999999896,695,0.0,0.0012500000000025963,0.048749999999997407,0.0,0.0,0.0,1.0,1.918808692795136e-11,0.0037364074606430235,0.04626359252735275,0.0,0.0,0.0,1.0,-0.01599999999424358,-0.2202866012939369,0.2933488861839514,-0.1305261922200515,0.0,0.0,0.9914448613738105,-0.015999999992151338,-0.22014597630077848,0.2931053165486388,-0.1305261922200515,0.0,0.0,0.9914448613738105,-0.01599999993878711,-0.22014597566184352,0.29310531496911696,-0.13052619227670154,-4.596507853578804e-13,-3.558517054823382e-12,0.9914448613663523,-0.015999893290285692,-0.21956283094998819,0.29209236521809206,-0.13052615947465193,-2.0595642947010155e-08,6.238632081285193e-08,0.9914448656848214,-0.015999893290285692,-0.21956283094998819,0.29209236521809206,-0.13052615947465193,-2.0595642947010155e-08,6.238632081285193e-08,0.9914448656848214,7.119050321840354e-10,-0.5390699552179185,0.6914161634304473,1.726664880802786e-09,0.414145596125956,1.764965552561978e-09,1.163463550021965e-06,-0.5449215522541552,0.7017887101704448,2.473273851832785e-06,0.41866647966079584,2.503663319898607e-06,1.163463550021965e-06,-0.5449215522541552,0.7017887101704448,2.473273851832785e-06,0.41866647966079584,2.503663319898607e-06,-2.6995711420734282e-05,0.053095776192495135,-0.09386063949831477,-5.5609118924638884e-05,-0.04076512503854572,-5.609926540253839e-05,0.00013687701600689339,0.0008380041713800778,-0.003626999635058618,0.000276170901118053,-0.00278180156059298,0.00027795612423736236,0.0,True,False,1,True,True,0.004687599997851066,3,1.7046920215779208e-09,1.1450283527269541e-10,`gtol` termination condition is satisfied.,True,True,0.009999999999999787,0.010368357896071045,1.0,0.001168813485736769,1.4712283643243025e-07,0.0011688151734085396,1.470656933405954e-07
6.959999999999896,1786132510.764988,0.01062820000515785,0.007674400010728277,0.01,TELEOP,0,,0.0,6.959999999999896,696,0.0,0.001000000000002596,0.04899999999999741,0.0,0.0,0.0,1.0,1.7435299448984897e-11,0.003486407463297152,0.04651359252602603,0.0,0.0,0.0,1.0,-0.015999999994769417,-0.2203396343018598,0.29344074204871523,-0.1305261922200515,0.0,0.0,0.9914448613738105,-0.015999999992868295,-0.22019900930803116,0.2931971724124759,-0.1305261922200515,0.0,0.0,0.9914448613738105,-0.015999999939452548,-0.22019900866859482,0.2931971708315767,-0.13052619227675136,-4.602937970775509e-13,-3.5634986819928245e-12,0.9914448613663458,-0.0159999170125851,-0.21961582947029426,0.2921841973354916,-0.13052615851333504,-1.4942399940249933e-08,4.5559515810989174e-08,0.9914448658113821,-0.0159999170125851,-0.21961582947029426,0.2921841973354916,-0.13052615851333504,-1.4942399940249933e-08,4.5559515810989174e-08,0.9914448658113821,7.037922668698308e-10,-0.538537823956025,0.690473012795338,1.7088142208357492e-09,0.41373457675284053,1.7468067675675786e-09,9.079281414586065e-07,-0.5443905095258759,0.700849739743272,1.9463599489290783e-06,0.4182585500221928,1.9720456334786056e-06,9.079281414586065e-07,-0.5443905095258759,0.700849739743272,1.9463599489290783e-06,0.4182585500221928,1.9720456334786056e-06,-2.5553540856336382e-05,0.053104272827933154,-0.09389704271727933,-5.269139029037178e-05,-0.040792963860302546,-5.316176864200125e-05,0.00014421705643979295,0.0008496635438020109,-0.0036403218964559114,0.00029177286342671645,-0.002783882175682225,0.00029374967605372005,0.0,True,False,1,True,True,0.0037346000026445836,3,1.7061577647662089e-09,1.1460385525517638e-10,`gtol` termination condition is satisfied.,True,True,0.009999999999999787,0.010372546739997435,1.0,0.0011688512685445478,1.176262281127416e-07,0.001168852957655439,1.175547459335234e-07
6.969999999999896,1786132510.7709045,0.007886899998993613,0.005704499999410473,0.01,TELEOP,0,,0.0,6.969999999999896,697,0.0,0.0007500000000026028,0.0492499999999974,0.0,0.0,0.0,1.0,1.5842625063086277e-11,0.003236407465681522,0.04676359252483415,0.0,0.0,0.0,1.0,-0.01599999999524722,-0.2203926673098504,0.2935325979135391,-0.1305261922200515,0.0,0.0,0.9914448613738105,-0.01599999999351976,-0.22025204231541545,0.29328902827646114,-0.1305261922200515,0.0,0.0,0.9914448613738105,-0.01599999994005231,-0.22025204167547643,0.293289026694182,-0.1305261922768012,-4.609388918689606e-13,-3.568496651941977e-12,0.9914448613663392,-0.015999939372255093,-0.21966882985683311,0.29227603071201447,-0.13052615786654728,-9.609151045974735e-09,2.9658875571089172e-08,0.991444865896534,-0.015999939372255093,-0.21966882985683311,0.29227603071201447,-0.13052615786654728,-9.609151045974735e-09,2.9658875571089172e-08,0.991444865896534,6.964472775497528e-10,-0.5380056169704194,0.6895295062168355,1.6927779583890724e-09,0.4133232771600441,1.7305023334193632e-09,6.673871301770483e-07,-0.5438593808266514,0.6999104041188745,1.4498509048022728e-06,0.4178503417919307,1.4710466769606515e-06,6.673871301770483e-07,-0.5438593808266514,0.6999104041188745,1.4498509048022728e-06,0.4178503417919307,1.4710466769606515e-06,-2.405410112815634e-05,0.05311286992245017,-0.09393356243975363,-4.965090441268162e-05,-0.040820823026213954,-5.009989565179648e-05,0.00014994397281800758,0.0008597094517021758,-0.003651972247430482,0.00030404858776902254,-0.002785916591140717,0.00030618729902048364,0.0,True,False,1,True,True,0.00260990000970196,3,1.7076264215669011e-09,1.1470483395310283e-10,`gtol` termination condition is satisfied.,True,True,0.009999999999999787,0.010376726947934012,1.0,0.0011688870300252572,9.331185893483798e-08,0.0011688887205784312,9.322237852486933e-08
6.979999999999896,1786132510.7772985,0.005913899993174709,0.0061846000025980175,0.01,TELEOP,0,,0.0,6.979999999999896,698,0.0,0.0005000000000026095,0.04949999999999739,0.0,0.0,0.0,1.0,1.4395437808522274e-11,0.0029864074678223923,0.04701359252376399,0.0,0.0,0.0,1.0,-0.015999999995681375,-0.22044570031790212,0.2936244537784171,-0.1305261922200515,0.0,0.0,0.9914448613738105,-0.015999999994111717,-0.22030507532291876,0.29338088414058044,-0.1305261922200515,0.0,0.0,0.9914448613738105,-0.01599999994059235,-0.2203050746824756,0.29338088255691896,-0.13052619227685106,-4.61586079283967e-13,-3.5735110298089974e-12,0.9914448613663327,-0.01599996032674222,-0.21972183216283506,0.2923678653819089,-0.1305261575125745,-4.607347849114538e-09,1.472092663945745e-08,0.9914448659431357,-0.01599996032674222,-0.21972183216283506,0.2923678653819089,-0.1305261575125745,-4.607347849114538e-09,1.472092663945745e-08,0.9914448659431357,6.897999815631771e-10,-0.5374733338230392,0.6885856431463059,1.6783924668429925e-09,0.4129116972369952,1.7158851377165524e-09,4.4226136059815095e-07,-0.5433281653037261,0.6989707022897562,9.846608607948157e-07,0.4174418547714478,1.0015939474315339e-06,4.4226136059815095e-07,-0.5433281653037261,0.6989707022897562,9.846608607948157e-07,0.4174418547714478,1.0015939474315339e-06,-2.251257695789021e-05,0.05312155229253226,-0.09397018291183572,-4.6519004400746714e-05,-0.040848702048290206,-4.6945272952912766e-05,0.00015415241702661635,0.0008682370082088258,-0.0036620472082077075,0.0003131900011934976,-0.0027879022076253194,0.00031546226988837795,0.0,True,False,1,True,True,0.0029276999994181097,3,1.7090978496987685e-09,1.1480575990384713e-10,`gtol` termination condition is satisfied.,True,True,0.009999999999999787,0.010380897902038999,1.0,0.0011689207138002454,7.661687428797043e-08,0.0011689224057987641,7.650937272262011e-08
6.989999999999895,1786132510.7832074,0.006402099999831989,0.005691300000762567,0.01,TELEOP,0,,0.0,6.989999999999895,699,0.0,0.0002500000000026162,0.04974999999999739,0.0,0.0,0.0,1.0,1.3080447771429422e-11,0.002736407469743526,0.047263592522803675,0.0,0.0,0.0,1.0,-0.015999999996075872,-0.22049873332600897,0.29371630964334405,-0.1305261922200515,0.0,0.0,0.9914448613738105,-0.0159999999946496,-0.22035810833052968,0.29347274000482104,-0.1305261922200515,0.0,0.0,0.9914448613738105,-0.01599999994107813,-0.22035810768958106,0.29347273841977484,-0.13052619227690088,-4.622353663408184e-13,-3.5785418812897946e-12,0.9914448613663261,-0.015999979846606605,-0.21977483642383486,0.2924597013674154,-0.13052615742947918,5.458152471903243e-11,7.732737443198989e-10,0.9914448659540755,-0.015999979846606605,-0.21977483642383486,0.2924597013674154,-0.13052615742947918,5.458152471903243e-11,7.732737443198989e-10,0.9914448659540755,6.837863293395879e-10,-0.536940974075568,0.6876414230336757,1.6655080484913245e-09,0.4124998368719369,1.702802281555838e-09,2.3282956088507253e-07,-0.5427968622464046,0.6980306333960083,5.514102971716854e-07,0.41703308876725853,5.643185901885229e-07,2.3282956088507253e-07,-0.5427968622464046,0.6980306333960083,5.514102971716854e-07,0.41703308876725853,5.643185901885229e-07,-2.094317997130829e-05,0.053130305732153264,-0.0940068893747942,-4.332505636231395e-05,-0.04087660041892635,-4.3727535724302034e-05,0.00015693969865819543,0.0008753439621004763,-0.003670646295849308,0.00031939480384328347,-0.0027898370636146356,0.00032177372286108015,0.0,True,False,1,True,True,0.0025928999966708943,3,1.710571985848186e-09,1.14906729649733e-10,`gtol` termination condition is satisfied.,True,True,0.009999999999999787,0.010385059143450337,1.0,0.0011689522827310244,7.031349153803789e-08,0.0011689539761778724,7.01986803625403e-08
6.999999999999895,1786132510.790144,0.0059016000013798475,0.006727100000716746,0.01,TELEOP,0,,0.0,6.999999999999895,700,0.0,2.6229018956769323e-15,0.04999999999999738,0.0,0.0,0.0,1.0,1.1885579040922427e-11,0.0024864074714664257,0.047513592521942455,0.0,0.0,0.0,1.0,-0.015999999996434335,-0.22055176633416557,0.29380816550831507,-0.1305261922200515,0.0,0.0,0.9914448613738105,-0.015999999995138348,-0.2204111413382379,0.29356459586917133,-0.1305261922200515,0.0,0.0,0.9914448613738105,-0.015999999941514596,-0.22041114069678225,0.2935645942827378,-0.13052619227695114,-4.628867632069549e-13,-3.583589273271704e-12,0.9914448613663195,-0.015999997914656446,-0.21982784265889022,0.2925515386796274,-0.13052615759527064,4.3710678546339055e-09,-1.2164942682085127e-08,0.9914448659322487,-0.015999997914656446,-0.21982784265889022,0.2925515386796274,-0.13052615759527064,4.3710678546339055e-09,-1.2164942682085127e-08,0.9914448659322487,6.783480127655835e-10,-0.5364085372894364,0.6866968453274325,1.6539882955678644e-09,0.41208769595192646,1.691114430123875e-09,3.923824994758153e-08,-0.5422654710761031,0.697090196715152,1.5044619503884238e-07,0.4166240435910897,1.595757108007733e-07,3.923824994758153e-08,-0.5422654710761031,0.697090196715152,1.5044619503884238e-07,0.4166240435910897,1.595757108007733e-07,-1.9359131093749512e-05,0.05313911703014617,-0.09404366808562793,-4.009641021328516e-05,-0.040904517616885315,-4.047428793877582e-05,0.00015840488775588108,0.0008811297992903274,-0.00367787108337322,0.00032286461490288584,-0.002791719795896576,0.0003253247785526281,0.0,True,False,1,True,True,0.0025954000011552125,3,1.712049129004226e-09,1.150085361403438e-10,`gtol` termination condition is satisfied.,True,True,0.009999999999999787,0.010389210362332646,1.0,0.001168981717567105,7.458352655791545e-08,0.0011689834124655883,7.447810073658105e-08
7.009999999999895,1786132510.7974396,0.0070214000006671995,0.0070001999993110076,0.01,TELEOP,0,,0.0,7.009999999999895,701,0.0,0.0,0.04983333333333509,0.000581776384506958,0.0,0.0,0.999999830768105,1.0799858812721986e-11,0.0022592495448418744,0.047725522614393015,5.314600966065737e-05,0.0,0.0,0.9999999985877509,-0.01599999999676005,-0.22060113618331048,0.2938872159725118,-0.130499846504868,0.0,0.0,0.9914483294969062,-0.015999999995588817,-0.2204639171778973,0.2936542117050025,-0.130499846504868,0.0,0.0,0.9914483294969062,-0.015999999941117265,-0.22046391656522515,0.29365421007195647,-0.13049984656636293,-4.790807992572605e-13,-3.639726083667757e-12,0.9914483294888119,-0.0160000145250681,-0.21988084913944167,0.29264336174242844,-0.1305259750320555,8.339221375515042e-09,-2.4082613334170926e-08,0.9914448899671281,-0.0160000145250681,-0.21988084913944167,0.29264336174242844,-0.1305259750320555,8.339221375515042e-09,-2.4082613334170926e-08,0.9914448899671281,6.825908418183679e-10,-0.5358819370486908,0.6857491123610074,1.666340672085197e-09,0.4116134172258309,1.703794545892666e-09,-1.384881993777978e-07,-0.5417340324059142,0.6961493722274633,-2.181374253493669e-07,0.4162142894965095,-2.1253492805643452e-07,-1.384881993777978e-07,-0.5417340324059142,0.6961493722274633,-2.181374253493669e-07,0.4162142894965095,-2.1253492805643452e-07,-1.777264493253831e-05,0.053143867018892545,-0.09408244876887047,-3.685836203882171e-05,-0.04097540945801903,-3.7211063885721576e-05,0.0001586486161211235,0.00047499887463742,-0.0038780683242536458,0.0003238048174463515,-0.00708918411337142,0.00032632240530543183,0.0,True,False,1,True,True,0.0036131000088062137,4,1.745042588901496e-09,1.2426774802992744e-10,`gtol` termination condition is satisfied.,True,True,0.009999999999999787,0.010393351387719574,1.0,0.0011669541415720108,5.2707786075653593e-05,0.0011669558622825291,5.2707910132602653e-05
7.019999999999895,1786132510.8043597,0.007229299997561611,0.006691200003842823,0.01,TELEOP,0,,0.0,7.019999999999895,702,0.0,0.0,0.04966666666666842,0.001163552572109773,0.0,0.0,0.9999993230724769,9.813316622910483e-12,0.002052846372368862,0.047902862006218176,0.0001545868015236126,0.0,0.0,0.9999999880514604,-0.01599999999705601,-0.220647177586171,0.29395463130368815,-0.1304495596849198,0.0,0.0,0.9914549472255463,-0.01599999999600707,-0.22051615904573732,0.2937398520302584,-0.1304495596849198,0.0,0.0,0.9914549472255463,-0.015999999941790265,-0.22051615846667805,0.29373985038814165,-0.1304495597491416,-4.789106811896221e-13,-3.639863497635867e-12,0.9914549472170963,-0.01600002968254452,-0.21993385058225945,0.292735128713574,-0.13052527702338768,1.1958614089127238e-08,-3.497647755795471e-08,0.9914449818613066,-0.01600002968254452,-0.21993385058225945,0.292735128713574,-0.13052527702338768,1.1958614089127238e-08,-3.497647755795471e-08,0.9914449818613066,6.744498338061236e-10,-0.5353662264544258,0.6848161282637366,1.648689741023623e-09,0.4110947029358713,1.6857871176948685e-09,-3.0043770397320416e-07,-0.5412026594169113,0.6952082466973339,-5.544794515726539e-07,0.4158031288920288,-5.521487031534999e-07,-3.0043770397320416e-07,-0.5412026594169113,0.6952082466973339,-5.544794515726539e-07,0.4158031288920288,-5.521487031534999e-07,-1.619495045954098e-05,0.053137298900296254,-0.09411255301294147,-3.363420262232942e-05,-0.041116060448071756,-3.396137750970726e-05,0.0001577694472997362,-0.0006568118596289816,-0.0030104244071004855,0.0003224159416492358,-0.014065099005272814,0.00032496863760143885,0.0,True,False,1,True,True,0.0034808999917004257,4,1.7420667112999571e-09,1.2975852165154279e-10,`gtol` termination condition is satisfied.,True,True,0.009999999999999787,0.010400259866455874,1.0,0.0011612700446005787,0.00015274050286968573,0.001161271755709456,0.00015274063242350279
7.0299999999998946,1786132510.8118398,0.006905200003529899,0.007266300002811477,0.01,TELEOP,0,,0.0,7.0299999999998946,703,0.0,0.0,0.04950000000000176,0.0017453283658921744,0.0,0.0,0.9999984769132877,8.916892786451713e-12,0.0018653014165563365,0.048048771823222695,0.00029991349314798833,0.0,0.0,0.9999999550259474,-0.01599999999732494,-0.22069019466924142,0.29401147478376743,-0.1303775169049878,0.0,0.0,0.9914644235098351,-0.015999999996396563,-0.220567594836427,0.2938201294517123,-0.1303775169049878,0.0,0.0,0.9914644235098351,-0.015999999943349618,-0.22056759429514977,0.2938201278316384,-0.13037751697038696,-4.701902719796034e-13,-3.575597159557102e-12,0.9914644235012351,-0.01600004340143304,-0.21998683656656653,0.29282676430813026,-0.13052361108045837,1.523105692234554e-08,-4.485069431823384e-08,0.9914452011838653,-0.01600004340143304,-0.21998683656656653,0.29282676430813026,-0.13052361108045837,1.523105692234554e-08,-4.485069431823384e-08,0.9914452011838653,6.560537544167167e-10,-0.5348658048492022,0.6839125990988038,1.6059795506162733e-09,0.41054626868303096,1.6421365134885913e-09,-4.4680048764588525e-07,-0.5406715615758272,0.6942671062975033,-8.589312712278673e-07,0.4153897256975812,-8.596155606059009e-07,-4.4680048764588525e-07,-0.5406715615758272,0.6942671062975033,-8.589312712278673e-07,0.4153897256975812,-8.596155606059009e-07,-1.4636278367268418e-05,0.05310978410840285,-0.09411403998306453,-3.0445181965521987e-05,-0.04134031944475872,-3.0746685745240757e-05,0.00015586720922725964,-0.002751479189340318,-0.00014869701230648368,0.0003189020656807501,-0.022425899668697114,0.00032146917644665694,0.0,True,False,1,True,True,0.004046100002597086,4,1.7089278724185672e-09,1.3212140075020682e-10,`gtol` termination condition is satisfied.,True,True,0.009999999999999787,0.01039211843359733,1.0,0.0011506739899008291,0.00029470655754610997,0.0011506756616784374,0.0002947066894725998
7.039999999999894,1786132510.8187008,0.007490400006645359,0.006637200000113808,0.01,TELEOP,0,,0.0,7.039999999999894,704,0.0,0.0,0.049333333333335096,0.002327103568944122,0.0,0.0,0.9999972922908239,8.1023551996407e-12,0.001694891476885675,0.04816612420729971,0.0004851192760296515,0.0,0.0,0.9999998823296372,-0.015999999997569302,-0.2207304637681805,0.29405871249469284,-0.13028570386652435,0.0,0.0,0.9914764925947586,-0.015999999996759252,-0.22061796456920943,0.29389391494285516,-0.13028570386652435,0.0,0.0,0.9914764925947586,-0.01599999994565494,-0.22061796406931536,0.29389391337097304,-0.13028570393179603,-4.542570550308808e-13,-3.456910514766127e-12,0.9914764925861815,-0.016000055704833677,-0.22003979021470296,0.29291815525759063,-0.1305204318583533,1.8160383186117803e-08,-5.371625186336518e-08,0.9914456197227893,-0.016000055704833677,-0.22003979021470296,0.29291815525759063,-0.1305204318583533,1.8160383186117803e-08,-5.371625186336518e-08,0.9914456197227893,6.290465765998456e-10,-0.5343845266949608,0.6830508006761757,1.5420914095837644e-09,0.40998054261697187,1.5768105548496923e-09,-5.778592231359649e-07,-0.5401410619237164,0.693326503253066,-1.1320365964490536e-06,0.4149732089979445,-1.135479677359764e-06,-5.778592231359649e-07,-0.5401410619237164,0.693326503253066,-1.1320365964490536e-06,0.4149732089979445,-1.135479677359764e-06,-1.3105873549008246e-05,0.053049965211082024,-0.09406030444373109,-2.7310532522119213e-05,-0.0416516699636742,-2.7586411675386905e-05,0.0001530404818260205,-0.005981889732082843,0.005373553933344516,0.000313464944340284,-0.031135051891547905,0.00031602740698539176,0.0,True,False,1,True,True,0.003402500005904585,4,1.650248207297441e-09,1.318500397035282e-10,`gtol` termination condition is satisfied.,True,True,0.009999999999999787,0.01035450719869957,1.0,0.001134190859202294,0.00047349904615146053,0.0011341924663388918,0.0004734991778185268
7.049999999999894,1786132510.826528,0.006852899998193607,0.007611599998199381,0.01,TELEOP,0,,0.0,7.049999999999894,705,0.0,0.0,0.049166666666668433,0.002908877984355775,0.0,0.0,0.9999957692054863,7.36222374245784e-12,0.0015400508424357475,0.04825752874883469,0.0007065628008818075,0.0,0.0,0.9999997503844732,-0.01599999999779134,-0.22076823596766532,0.2940972222084309,-0.13017592502376654,0.0,0.0,0.9914909119826599,-0.015999999997096174,-0.22066702039187341,0.29396028422715587,-0.1302070908002093,0.0,0.0,0.9914868196326899,-0.015999999950946323,-0.2206670199116213,0.2939602828247243,-0.13020709085686086,-4.0816189377377875e-13,-3.1080417408919962e-12,0.9914868196252501,-0.016000066623682304,-0.220092686999403,0.29300914781131354,-0.13051534163512832,2.075226145438491e-08,-6.158985343954102e-08,0.9914462898200092,-0.016000066623682304,-0.220092686999403,0.29300914781131354,-0.13051534163512832,2.075226145438491e-08,-6.158985343954102e-08,0.9914462898200092,5.674777414081621e-10,-0.5339257822535869,0.6822682033092072,1.3927080306665965e-09,0.4094981127284858,1.4240811791821305e-09,-6.939795452457787e-07,-0.5396116089115722,0.692387490046055,-1.3745121077318103e-06,0.4145533805214062,-1.3804599527276188e-06,-6.939795452457787e-07,-0.5396116089115722,0.692387490046055,-1.3745121077318103e-06,0.4145533805214062,-1.3804599527276188e-06,-1.1612032210981637e-05,0.052945301214415104,-0.09390132070109987,-2.4247551128276205e-05,-0.041982847653825435,-2.4498027536786018e-05,0.00014938413380266406,-0.01046639966669257,0.01589837426312276,0.00030629813938430736,-0.03311776901512408,0.00030883841386009547,0.0,True,False,1,True,True,0.004100599995581433,4,1.4831001933112805e-09,1.1444779907778648e-10,`gtol` termination condition is satisfied.,True,True,0.009999999999999787,0.010275702576890255,1.0,0.001111087805818386,0.0006218077272519696,0.001111089254599771,0.0006218078415291825
7.059999999999894,1786132510.8336728,0.007871399997384287,0.006884499991429038,0.01,TELEOP,0,,0.0,7.059999999999894,706,0.0,0.0,0.04900000000000177,0.003490651415217561,0.0,0.0,0.9999939076577904,6.689701586593652e-12,0.0013993568940796164,0.04832535649940677,0.0009609348889944855,0.0,0.0,0.999999538301963,-0.0159999999979931,-0.2208037394090709,0.29412780146324546,-0.13004982012024147,0.0,0.0,0.9915074605300219,-0.015999999997407803,-0.2207145225176388,0.29401848699206534,-0.13010371347320324,0.0,0.0,0.9915003901867527,-0.015999999953794093,-0.22071452209148404,0.2940184856518528,-0.13010371352968453,-3.8740960227418727e-13,-2.9523969385356674e-12,0.9915003901793412,-0.01600007619587384,-0.22014549405941772,0.2930995470183327,-0.1305078171413475,2.301399408759158e-08,-6.849354098594545e-08,0.9914472803255832,-0.01600007619587384,-0.22014549405941772,0.2930995470183327,-0.1305078171413475,2.301399408759158e-08,-6.849354098594545e-08,0.9914472803255832,5.342928086366665e-10,-0.5334926472167691,0.681538979414072,1.3129962964454715e-09,0.4089934953903646,1.3425476948314399e-09,-7.956001610821751e-07,-0.5390837841942262,0.6914513910602396,-1.5872269854074753e-06,0.41412992743783617,-1.5954293544507752e-06,-7.956001610821751e-07,-0.5390837841942262,0.6914513910602396,-1.5872269854074753e-06,0.41412992743783617,-1.5954293544507752e-06,-1.0162061583639855e-05,0.05278247173460488,-0.09360989858155197,-2.127148776756696e-05,-0.042345308357007755,-2.14969401723161e-05,0.00014499706273418138,-0.016282947981022894,0.02914221195479058,0.0002976063360709306,-0.03624607031823309,0.0003001087364469981,0.0,True,False,1,True,True,0.0036737000045832247,4,1.4070109138253956e-09,1.1408650098334355e-10,`gtol` termination condition is satisfied.,True,True,0.009999999999999787,0.01011928673684781,1.0,0.0010808520339370803,0.0008151573910491955,0.0010808533977350644,0.0008151575049811273
7.069999999999894,1786132510.841453,0.007102200004737824,0.007563100007246248,0.01,TELEOP,0,,0.0,7.069999999999894,707,0.0,0.0,0.04883333333333511,0.0040724236646202385,0.0,0.0,0.9999917076483664,6.0786127783270574e-12,0.0012715170235548085,0.04837176178658567,0.001245228268901005,0.0,0.0,0.9999992247029786,-0.015999999998176424,-0.2208371813872071,0.29415117490081877,-0.12990887921704203,0.0,0.0,0.9915259366756737,-0.015999999997694234,-0.220760232057083,0.29406793391115305,-0.12998271286601346,0.0,0.0,0.9915162602579908,-0.01599999995750812,-0.22076023168299422,0.29406793266661124,-0.12998271292021274,-3.5798039250847276e-13,-2.730707245204129e-12,0.9915162602508855,-0.016000084465443563,-0.22019816944779452,0.29318911743225323,-0.13049727324772814,2.495434651049681e-08,-7.445404679501899e-08,0.9914486681996711,-0.016000084465443563,-0.22019816944779452,0.29318911743225323,-0.13049727324772814,2.495434651049681e-08,-7.445404679501899e-08,0.9914486681996711,4.91129140954724e-10,-0.5330878479877249,0.680875177945831,1.2084895252516007e-09,0.4084904193370717,1.2356502565522522e-09,-8.832239805278783e-07,-0.5385583064241138,0.6905198543988365,-1.7711848213675807e-06,0.4137025988605305,-1.7813966879420907e-06,-8.832239805278783e-07,-0.5385583064241138,0.6905198543988365,-1.7711848213675807e-06,0.4137025988605305,-1.7813966879420907e-06,-8.762381944570501e-06,0.05254777701123593,-0.0931536661403175,-1.8395783596010936e-05,-0.04273285773056576,-1.8596733349131956e-05,0.00013996796390693838,-0.023469472336895156,0.04562324412344734,0.00028757041715560846,-0.03875493735580118,0.0002900206823184208,0.0,True,False,1,True,True,0.004031599994050339,4,1.3001698520621282e-09,1.0946474957906156e-10,`gtol` termination condition is satisfied.,True,True,0.009999999999999787,0.009912411646167518,1.0,0.001043182716267382,0.001037961518075186,0.0010431839662690585,0.0010379616274019967
7.0799999999998935,1786132510.848726,0.0078495999914594,0.00698569999076426,0.01,TELEOP,0,,0.0,7.0799999999998935,708,0.0,0.0,0.04866666666666845,0.004654194535654967,0.0,0.0,0.9999891691779588,5.523345523063773e-12,0.0011553567488718295,0.04839870203224949,0.0015567100645228653,0.0,0.0,0.9999987883261535,-0.015999999998343003,-0.22086875025540137,0.29416800093194645,-0.129754456350431,0.0,0.0,0.9915461567961444,-0.015999999997955306,-0.22080390090569832,0.2941082019182719,-0.12984714137456538,0.0,0.0,0.9915340235598846,-0.015999999961701872,-0.22080390058457744,0.29410820078708316,-0.12984714142546996,-3.2379256031656543e-13,-2.4725448119494013e-12,0.9915340235532183,-0.01600009148174723,-0.220250661467645,0.2932775852039095,-0.1304830933819714,2.65833950885986e-08,-7.950215273871406e-08,0.9914505344904831,-0.01600009148174723,-0.220250661467645,0.2932775852039095,-0.1304830933819714,2.65833950885986e-08,-7.950215273871406e-08,0.9914505344904831,4.424701168307049e-10,-0.5327138746550198,0.6802838764457206,1.0901347904900612e-09,0.40799963064143147,1.1145867145704078e-09,-9.574092424458517e-07,-0.5380360321364477,0.6895948626123203,-1.927505372691025e-06,0.41327127705203437,-1.939488193124015e-06,-9.574092424458517e-07,-0.5380360321364477,0.6895948626123203,-1.927505372691025e-06,0.41327127705203437,-1.939488193124015e-06,-7.418526191797496e-06,0.05222742876661488,-0.0924991786516215,-1.5632055132344757e-05,-0.04313218084961516,-1.5809150518192783e-05,0.0001343855752773034,-0.03203482446210541,0.06544874886960303,0.00027637284636662386,-0.03993231190494139,0.0002787582830939233,0.0,True,False,1,True,True,0.0035579000104917213,4,1.1764441880813328e-09,1.0279953472855703e-10,`gtol` termination condition is satisfied.,True,True,0.009999999999999787,0.009644676453005485,1.0,0.000997995879696416,0.0012828177356207597,0.0009979969991763746,0.0012828178382997871
7.089999999999893,1786132510.8577936,0.007203400004073046,0.008850599988363683,0.01,TELEOP,0,,0.0,7.089999999999893,709,0.0,0.0,0.04850000000000178,0.005235963831413372,0.0,0.0,0.9999862922474269,5.018800650701314e-12,0.001049808916571334,0.04840795575735322,0.0018928967855473984,0.0,0.0,0.9999982084692749,-0.015999999998494368,-0.22089861715645123,0.29417887779231716,-0.12958778194377485,0.0,0.0,0.9915679536828995,-0.015999999998190694,-0.220845259837433,0.29413906334518325,-0.12969877916898645,0.0,0.0,0.9915534411629434,-0.015999999966185893,-0.22084525957087758,0.2941390623377344,-0.12969877921604195,-2.8672199245471564e-13,-2.1920161902872477e-12,0.9915534411567883,-0.016000097298676092,-0.22030290799592575,0.2933646416309531,-0.13046464879366154,2.7912392387247202e-08,-8.367208976762921e-08,0.9914529617763713,-0.016000097298676092,-0.22030290799592575,0.2933646416309531,-0.13046464879366154,2.7912392387247202e-08,-8.367208976762921e-08,0.9914529617763713,3.905108309222293e-10,-0.5323730022638223,0.6797694089605868,9.632996014599308e-10,0.4075267805488298,9.848510310780477e-10,-1.0187610120284613e-06,-0.5375179541097493,0.6886787211576545,-2.057407067846596e-06,0.41283600639075174,-2.0709298989563694e-06,-1.0187610120284613e-06,-0.5375179541097493,0.6886787211576545,-2.057407067846596e-06,0.41283600639075174,-2.0709298989563694e-06,-6.135176958261083e-06,0.05180780266983125,-0.09161414546657909,-1.2990169515557413e-05,-0.043527066128261516,-1.3144170583235737e-05,0.000128334923353644,-0.04196260967836377,0.08850331850424262,0.00026418856167874,-0.03948852786463594,0.0002664979934957102,0.0,True,False,1,True,True,0.004000500004622154,4,1.0426069613762754e-09,9.501557366655326e-11,`gtol` termination condition is satisfied.,True,True,0.009999999999999787,0.009310986166599644,1.0,0.0009454483970148727,0.0015448654999813288,0.0009454493751253129,0.0015448655948944996
7.099999999999893,1786132510.8650427,0.009203099994920194,0.006895899990922771,0.01,TELEOP,0,,0.0,7.099999999999893,710,0.0,0.0,0.048333333333335116,0.0058177313549876136,0.0,0.0,0.9999830768577442,4.560344788564059e-12,0.0009539038913720032,0.04840113893928574,0.0022515315932095602,0.0,0.0,0.9999974652995302,-0.015999999998631904,-0.22092693759536738,0.2941843490442426,-0.12940997408740343,0.0,0.0,0.9915911751355484,-0.015999999998400023,-0.22088401135253172,0.2941605488694586,-0.12953888876454733,0.0,0.0,0.9915743422949418,-0.015999999970795705,-0.22088401114212125,0.2941605479901845,-0.12953888880752942,-2.483513920059457e-13,-1.9010550812011484e-12,0.9915743422893266,-0.016000101973909997,-0.22035483574625825,0.29344994845391104,-0.13044131270273013,2.895364860462592e-08,-8.700099714822173e-08,0.9914560322779726,-0.016000101973909997,-0.22035483574625825,0.29344994845391104,-0.13044131270273013,2.895364860462592e-08,-8.700099714822173e-08,0.9914560322779726,3.3715194551271896e-10,-0.532067221285773,0.6793334945887769,8.326625957482257e-10,0.4070741456813855,8.512326575871593e-10,-1.0679230635627012e-06,-0.537005196940665,0.6877740274174825,-2.162190290277799e-06,0.4123969953629832,-2.177030760333154e-06,-1.0679230635627012e-06,-0.537005196940665,0.6877740274174825,-2.162190290277799e-06,0.4123969953629832,-2.177030760333154e-06,-4.9162051534240925e-06,0.05127571690844001,-0.09046937401719585,-1.0478322243120499e-05,-0.04390110277685516,-1.0610086137678677e-05,0.00012189718048370169,-0.053208576139125316,0.11447714493832603,0.0002511847272436968,-0.037403664859365165,0.00025340844455571147,0.0,True,False,1,True,True,0.0035039000067627057,4,9.045205925248289e-10,8.677933692153748e-11,`gtol` termination condition is satisfied.,True,True,0.009999999999999787,0.008909312197067698,1.0,0.0008859900174062008,0.0018202925160594602,0.0008859908482880867,0.0018202926027544393
7.109999999999893,1786132510.8721476,0.007142700007534586,0.00685840001096949,0.01,TELEOP,0,,0.0,7.109999999999893,711,0.0,0.0,0.04816666666666845,0.0063994969094704505,0.0,0.0,0.9999795230099993,4.143767811882683e-12,0.0008667606428620981,0.04837971987270715,0.002630563635082037,0.0,0.0,0.9999965400614954,-0.015999999998756877,-0.22095385286837177,0.29418490857507756,-0.12922204878962676,0.0,0.0,0.9916156826647163,-0.015999999998583134,-0.22091984847037988,0.29417304833529223,-0.12936847988924957,0.0,0.0,0.9915965895519937,-0.015999999975330755,-0.2209198483170294,0.29417304758175516,-0.12936847992827677,-2.1055759112095484e-13,-1.613915990785893e-12,0.9915965895469019,-0.0160001055682113,-0.2204063596071012,0.2935331454160372,-0.13041247149892798,2.9720427698148217e-08,-8.952845203901056e-08,0.99145982635583,-0.0160001055682113,-0.2204063596071012,0.2935331454160372,-0.13041247149892798,2.9720427698148217e-08,-8.952845203901056e-08,0.99145982635583,2.8470645178263693e-10,-0.5317979218697956,0.6789745378866409,7.039528013600859e-10,0.406640778478754,7.195937883893701e-10,-1.1055701679550986e-06,-0.5364990079032343,0.6868836172561384,-2.24322147859613e-06,0.41195459485916597,-2.259166616913808e-06,-1.1055701679550986e-06,-0.5364990079032343,0.6868836172561384,-2.24322147859613e-06,0.41195459485916597,-2.259166616913808e-06,-3.764710439239829e-06,0.050618903743062646,-0.08904101613440292,-8.103118831833313e-06,-0.04424005038172082,-8.213585658065544e-06,0.00011514947141842882,-0.06568131653773776,0.14283578827929574,0.00023752034112872354,-0.03389476048656608,0.0002396500479613184,0.0,True,False,1,True,True,0.003584599995519966,4,7.69334225231294e-10,7.878313998636061e-11,`gtol` termination condition is satisfied.,True,True,0.009999999999999787,0.008440532828705605,1.0,0.0008204544155918301,0.0021058230517702046,0.0008204550992755699,0.0021058231304863775
7.119999999999893,1786132510.8794143,0.007100399991031736,0.007024899998214096,0.01,TELEOP,0,,0.0,7.119999999999893,712,0.0,0.0,0.04800000000000179,0.006981260297955307,0.0,0.0,0.9999756307053949,3.7652441810741745e-12,0.000787578647162585,0.04834503267091478,0.0030281292610949825,0.0,0.0,0.999995415206079,-0.015999999998870435,-0.2209794913612923,0.29418100513841655,-0.12902492929272366,0.0,0.0,0.9916413502980842,-0.0159999999987406,-0.2209525385829851,0.29417740943828596,-0.1291884173963925,0.0,0.0,0.9916200647478931,-0.01599999997953082,-0.22095253848586233,0.2941774087996229,-0.1291884174319622,-1.757092851496788e-13,-1.3487153370695121e-12,0.991620064743259,-0.016000108144762416,-0.22045738262906123,0.2936138605309616,-0.13037753390970097,3.022685550149418e-08,-9.129607076446529e-08,0.9914644212737115,-0.016000108144762416,-0.22045738262906123,0.2936138605309616,-0.13037753390970097,3.022685550149418e-08,-9.129607076446529e-08,0.9914644212737115,2.3617197738296707e-10,-0.5315651367189731,0.6786866266057875,5.846225406120095e-10,0.4062224797312881,5.975559921031409e-10,-1.1324008029541546e-06,-0.5360007382912545,0.6860104843953901,-2.301918081074485e-06,0.4115092547089455,-2.3187650120231167e-06,-1.1324008029541546e-06,-0.5360007382912545,0.6860104843953901,-2.301918081074485e-06,0.4115092547089455,-2.3187650120231167e-06,-2.683063499905643e-06,0.049826961197988864,-0.08731328607483532,-5.8696602478356245e-06,-0.044534015022048144,-5.959839510931024e-06,0.00010816469393342091,-0.07919425450737955,0.1727730059567636,0.0002233458583997736,-0.0293964640327333,0.00022537461471345673,0.0,True,False,1,True,True,0.0036982000019634143,4,6.462912374066302e-10,7.179212725137008e-11,`gtol` termination condition is satisfied.,True,True,0.009999999999999787,0.007909079369497585,1.0,0.0007501773025993787,0.002398518766960025,0.0007501778464792876,0.002398518838700831
7.129999999999892,1786132510.8871748,0.007250500013469718,0.007534999997005798,0.01,TELEOP,0,,0.0,7.129999999999892,713,0.0,0.0,0.04783333333333513,0.007563021323536344,0.0,0.0,0.9999713999452483,3.4212978107721343e-12,0.0007156305290055807,0.04829828953221669,0.0034425349499641734,0.0,0.0,0.9999940744590032,-0.01599999999897362,-0.2210039697292934,0.294173046479927,-0.12881945453916016,0.0,0.0,0.9916680634830555,-0.015999999998874432,-0.22098207757675292,0.29417490361430526,-0.12899947026228298,0.0,0.0,0.9916446625036867,-0.01599999998312525,-0.22098207753198046,0.29417490307155164,-0.12899947029520378,-1.461868797035365e-13,-1.1237779768692544e-12,0.9916446624994041,-0.016000109768547897,-0.22050779766805187,0.29369172252213155,-0.13033593858243023,3.04878337709183e-08,-9.234716749968537e-08,0.9914698901700584,-0.016000109768547897,-0.22050779766805187,0.29369172252213155,-0.13033593858243023,3.04878337709183e-08,-9.234716749968537e-08,0.9914698901700584,1.9466154598505587e-10,-0.531366547300568,0.678459431003265,4.824364985504523e-10,0.4058127905105164,4.930567428685692e-10,-1.1491303054220385e-06,-0.5355118092650598,0.6851576747355922,-2.3397344075298316e-06,0.4110614674587543,-2.3572909153957758e-06,-1.1491303054220385e-06,-0.5355118092650598,0.6851576747355922,-2.3397344075298316e-06,0.4110614674587543,-2.3572909153957758e-06,-1.6729502467884308e-06,0.048892902619466556,-0.0852809659797971,-3.7816326455347587e-06,-0.044778725019119905,-3.852590337265994e-06,0.00010101132531172337,-0.09340585785223253,0.20323200950382628,0.00020880276023009105,-0.024470999707176522,0.00021072491736650752,0.0,True,False,1,True,True,0.0035399000043980777,4,5.448248361579276e-10,6.643503503083303e-11,`gtol` termination condition is satisfied.,True,True,0.009999999999999787,0.00732385778960265,1.0,0.0006770560129847919,0.0026956951862963396,0.0006770564316813199,0.0026956952526929357
7.139999999999892,1786132510.8945277,0.007761099986964837,0.0071269000036409125,0.01,TELEOP,0,,0.0,7.139999999999892,714,0.0,0.0,0.04766666666666847,0.008144779789308517,0.0,0.0,0.9999668307309917,3.1087701479901425e-12,0.0006502553764984418,0.048240591884377,0.0038722417906479787,0.0,0.0,0.9999925028436538,-0.01599999999906738,-0.22102739396879023,0.2941614030858412,-0.12860638686552212,0.0,0.0,0.991695718079591,-0.01599999999898815,-0.22100878595450207,0.2941669467316449,-0.12880233605545757,0.0,0.0,0.9916702870544509,-0.015999999985968665,-0.2210087859550332,0.29416694626228457,-0.1288023360866063,-1.2317598471716176e-13,-9.483602228856395e-13,0.9916702870504052,-0.01600011050578047,-0.22055749119603557,0.2937663732193333,-0.13028716033054596,3.051895050441112e-08,-9.272644004700103e-08,0.9914763012059306,-0.01600011050578047,-0.22055749119603557,0.2937663732193333,-0.13028716033054596,3.051895050441112e-08,-9.272644004700103e-08,0.9914763012059306,1.6184018601576523e-10,-0.5311973400642395,0.6782803751034271,4.015883978125604e-10,0.40540535656587345,4.103802057104396e-10,-1.1564844872286542e-06,-0.535033662732709,0.6843281735222208,-2.3581484290310693e-06,0.4106117172648785,-2.3762334011568147e-06,-1.1564844872286542e-06,-0.535033662732709,0.6843281735222208,-2.3581484290310693e-06,0.4106117172648785,-2.3762334011568147e-06,-7.354181806615994e-07,0.04781465323508072,-0.08295012133715093,-1.841402150123817e-06,-0.044975019387582735,-1.8942485761039483e-06,9.375320661268514e-05,-0.10782493843858604,0.23308446426462162,0.00019402304954109828,-0.019629436846283627,0.00019583417611620873,0.0,True,False,1,True,True,0.003803100000368431,4,4.695411663978546e-10,6.284984194762191e-11,`gtol` termination condition is satisfied.,True,True,0.009999999999999787,0.0066982437323271915,1.0,0.0006034283175759984,0.002994884953905336,0.0006034286287513541,0.002994885016726157
7.149999999999892,1786132510.9018104,0.007349400009843521,0.00705980000202544,0.01,TELEOP,0,,0.0,7.149999999999892,715,0.0,0.0,0.047500000000001805,0.008726535498367653,0.0,0.0,0.9999619230641714,2.8247911662712683e-12,0.0005908526670444685,0.048172940509832146,0.004315851377511642,0.0,0.0,0.9999906866700745,-0.01599999999915257,-0.22104986039140206,0.2941464115886454,-0.12838641899457948,0.0,0.0,0.99172421943691,-0.01599999999908588,-0.2210332003157312,0.29415474078466375,-0.12859765437204815,0.0,0.0,0.9916968504991873,-0.015999999988122855,-0.22103320035323162,0.2941547403690229,-0.1285976544021078,-1.060257439359998e-13,-8.176369207679066e-13,0.9916968504952892,-0.016000110423367502,-0.22060634832254608,0.29383747733058174,-0.13023071520490787,3.0336378494322045e-08,-9.247965498141754e-08,0.9914837168694243,-0.016000110423367502,-0.22060634832254608,0.29383747733058174,-0.13023071520490787,3.0336378494322045e-08,-9.247965498141754e-08,0.9914837168694243,1.3698370807246655e-10,-0.5310516121625741,0.6781380671848668,3.4034733207429566e-10,0.40499598018889527,3.4775362356320116e-10,-1.155193727003214e-06,-0.5345677086157615,0.6835248105603986,-2.3586495544602385e-06,0.4101604480796869,-2.377093310640682e-06,-1.155193727003214e-06,-0.5345677086157615,0.6835248105603986,-2.3586495544602385e-06,0.4101604480796869,-2.377093310640682e-06,1.2907602254402026e-07,0.04659541169475103,-0.08033629618221755,-5.0112542916909274e-08,-0.04512691851916141,-8.599094838672845e-08,8.644942032056381e-05,-0.12192415403297133,0.26138251549334446,0.0001791289607206946,-0.015189913157868131,0.00018082576277172585,0.0,True,False,1,True,True,0.003609499995945953,4,4.174731006779593e-10,6.064510478023881e-11,`gtol` termination condition is satisfied.,True,True,0.009999999999999787,0.0060477984187936595,1.0,0.0005318444357678533,0.0032938209730602316,0.0005318446536120109,0.003293821033683019
7.159999999999892,1786132510.9089763,0.007324599995627068,0.00690129998838529,0.01,TELEOP,0,,0.0,7.159999999999892,716,0.0,0.0,0.04733333333333514,0.009308288253810509,0.0,0.0,0.9999566769464485,2.5667530094551214e-12,0.0005368767485234556,0.048096243917204594,0.004772092990673449,0.0,0.0,0.9999886134994181,-0.01599999999922998,-0.22107145657317112,0.2941283776214702,-0.12816018038948046,0.0,0.0,0.9917534815479782,-0.015999999999171243,-0.22105586305434946,0.2941391234316714,-0.1283860149821101,0.0,0.0,0.9917242717393849,-0.01599999998977102,-0.2210558631214256,0.2941391230560499,-0.1283860150114898,-9.308401065843364e-14,-7.190368816235356e-13,0.9917242717355815,-0.016000109588414045,-0.22065425744103917,0.29390472868964157,-0.13016616450983984,2.995676052084563e-08,-9.165332457400934e-08,0.9914921934220099,-0.016000109588414045,-0.22065425744103917,0.29390472868964157,-0.13016616450983984,2.995676052084563e-08,-9.165332457400934e-08,0.9914921934220099,1.1797196600051605e-10,-0.5309240922681107,0.6780242126763957,2.93502596620643e-10,0.40458282872304985,2.9984837551405295e-10,-1.1459875322203857e-06,-0.5341152811172565,0.6827501959156449,-2.342727370429638e-06,0.40970805119217346,-2.361371886285504e-06,-1.1459875322203857e-06,-0.5341152811172565,0.6827501959156449,-2.342727370429638e-06,0.40970805119217346,-2.361371886285504e-06,9.206194782828451e-07,0.04524274985050158,-0.07746146447536818,1.5922184030600613e-06,-0.04523968875134034,1.5721424355178218e-06,7.915434557388417e-05,-0.13526618442494825,0.2874831706849433,0.00016423309459770056,-0.011277023217893221,0.00016581333839045856,0.0,True,False,1,True,True,0.0036376999923959374,4,3.816793298582209e-10,5.926746933528542e-11,`gtol` termination condition is satisfied.,True,True,0.009999999999999787,0.0053867433755317995,1.0,0.0004650030683065179,0.0035904280830768814,0.00046500319971305395,0.0035904281423267074
7.169999999999892,1786132510.9157107,0.007123400006094016,0.0065122000087285414,0.01,TELEOP,0,,0.0,7.169999999999892,717,0.0,0.0,0.04716666666666847,0.009890037858734841,0.0,0.0,0.9999510923795988,2.332286043025996e-12,0.00048783182495137017,0.04801132827345486,0.005239811944652731,0.0,0.0,0.9999862720911648,-0.01599999999930032,-0.221092262036418,0.2941075790855499,-0.12792824302824007,0.0,0.0,0.9917834262759726,-0.01599999999924691,-0.22107720044325005,0.2941206318711233,-0.12816796329280822,0.0,0.0,0.9917524757646806,-0.015999999991089323,-0.22107720053434327,0.29412063152705903,-0.12816796332171573,-8.28229805258454e-14,-6.408807593131041e-13,0.9917524757609448,-0.01600010806776053,-0.220701113659966,0.29396785367533146,-0.13009311786196334,2.9397084277045173e-08,-9.029438249587888e-08,0.991501780474924,-0.01600010806776053,-0.220701113659966,0.29396785367533146,-0.13009311786196334,2.9397084277045173e-08,-9.029438249587888e-08,0.991501780474924,1.0276897930933909e-10,-0.5308108597142449,0.677933413361665,2.560320367524845e-10,0.40416552564731095,2.615298745859879e-10,-1.1295895599111289e-06,-0.5336776085394394,0.6820066826124402,-2.3118613169955717e-06,0.409254864284558,-2.3305603485699243e-06,-1.1295895599111289e-06,-0.5336776085394394,0.6820066826124402,-2.3118613169955717e-06,0.409254864284558,-2.3305603485699243e-06,1.6397972309257141e-06,0.04376725778171785,-0.07435133032046248,3.086605343406684e-06,-0.045318690761549825,3.0811537715580337e-06,7.191777526428844e-05,-0.1475492068783763,0.31101341549057643,0.0001494386940346655,-0.00790020102094923,0.0001509011336040244,0.0,True,False,1,True,True,0.003388900004210882,4,3.5601228492334966e-10,5.831013882874766e-11,`gtol` termination condition is satisfied.,True,True,0.009999999999999787,0.005125222469123614,1.0,0.0004059340103242364,0.0038828182152193373,0.0004059340554192971,0.003882818273515206
7.179999999999891,1786132510.9230173,0.006724899998516776,0.007093500011251308,0.01,TELEOP,0,,0.0,7.179999999999891,718,0.0,0.0,0.04700000000000181,0.010471784116239476,0.0,0.0,0.9999451693655123,2.1192370931151194e-12,0.00044326740048570483,0.04791894432400477,0.005717958999036434,0.0,0.0,0.9999836523388198,-0.015999999999364238,-0.22111234903264937,0.2940842685092731,-0.12769112665138327,0.0,0.0,0.9918139826472001,-0.015999999999314705,-0.22109751064289948,0.2940996197294777,-0.12794400437358724,0.0,0.0,0.9917813931229258,-0.015999999992196628,-0.22109751075408168,0.2940996194118175,-0.12794400440212136,-7.424018962413204e-14,-5.754896221756935e-13,0.9917813931192448,-0.016000105927555432,-0.22074682101534768,0.29402661283196907,-0.1300112353784483,2.8674551063784237e-08,-8.844986732228044e-08,0.9915125206851203,-0.016000105927555432,-0.22074682101534768,0.29402661283196907,-0.1300112353784483,2.8674551063784237e-08,-8.844986732228044e-08,0.9915125206851203,9.000246026268451e-11,-0.5307092115175944,0.6778621919605506,2.2454660705949158e-10,0.4037443162552196,2.2933353155261975e-10,-1.106713088333398e-06,-0.533255794808233,0.6812963475660868,-2.267511282850438e-06,0.4088011752579289,-2.2861303995382724e-06,-1.106713088333398e-06,-0.533255794808233,0.6812963475660868,-2.267511282850438e-06,0.4088011752579289,-2.2861303995382724e-06,2.287647157773135e-06,0.042181373120633706,-0.07103350463534734,4.435003414513481e-06,-0.04536890266290565,4.4429949031653056e-06,6.478499268474346e-05,-0.15858846610841773,0.33178256851152077,0.00013483980711068258,-0.005021190135582644,0.00013618411316073005,0.0,True,False,1,True,True,0.003568000000086613,4,3.366305638448259e-10,5.755281664560541e-11,`gtol` termination condition is satisfied.,True,True,0.009999999999999787,0.005089338637247032,1.0,0.00035820840969579595,0.004169286690909863,0.0003582083655877504,0.004169286748451007
7.189999999999891,1786132510.9300125,0.007323400001041591,0.006765300000552088,0.01,TELEOP,0,,0.0,7.189999999999891,719,0.0,0.0,0.04683333333333515,0.011053526829424365,0.0,0.0,0.9999389079061937,1.925649673319856e-12,0.0004027741398645592,0.04781977425036394,0.00620558073452218,0.0,0.0,0.9999807451985001,-0.015999999999422313,-0.2211317832096455,0.2940586753567898,-0.12744930353078623,0.0,0.0,0.9918450862052589,-0.015999999999375885,-0.2211169956437913,0.29407634160314855,-0.1277146061650792,0.0,0.0,0.9918109594938437,-0.015999999993161786,-0.22111699577226213,0.29407634130854665,-0.1277146061932885,-6.676916445018084e-14,-5.185213103695164e-13,0.9918109594902111,-0.01600010323286333,-0.2207912937729202,0.294080801421974,-0.1299202290744614,2.7806441737735693e-08,-8.616662005837808e-08,0.9915244495609936,-0.01600010323286333,-0.2207912937729202,0.294080801421974,-0.1299202290744614,2.7806441737735693e-08,-8.616662005837808e-08,0.9915244495609936,7.887758352845817e-11,-0.530617287450229,0.67780817110289,1.9708333781468598e-10,0.4033196280307352,2.012526508427257e-10,-1.0780569340682776e-06,-0.53285080925353,0.6806209836592684,-2.2111091101188698e-06,0.4083472273499968,-2.2295256431190564e-06,-1.0780569340682776e-06,-0.53285080925353,0.6806209836592684,-2.2111091101188698e-06,0.4083472273499968,-2.2295256431190564e-06,2.865615426512116e-06,0.04049855547030599,-0.067536390681844,5.640217273156952e-06,-0.04539479079321472,5.660475641921723e-06,5.779682687389935e-05,-0.16828176503277512,0.3497113953503411,0.00012052138586434966,-0.002588813030907078,0.00012174807387564436,0.0,True,False,1,True,True,0.0035401999921305105,4,3.2145550933883986e-10,5.689403434365772e-11,`gtol` termination condition is satisfied.,True,True,0.009999999999999787,0.005056859002709302,1.0,0.000325732552327134,0.004448308568873506,0.0003257324198326741,0.004448308625757961
7.199999999999891,1786132510.9374053,0.006983300001593307,0.007175300008384511,0.01,TELEOP,0,,0.0,7.199999999999891,720,0.0,0.0,0.04666666666666849,0.01163526580139067,0.0,0.0,0.9999323080037623,1.7497460177573653e-12,0.000365980107202317,0.04771443793050337,0.006701810806466832,0.0,0.0,0.9999775426137901,-0.015999999999475083,-0.2211506242152823,0.29403100813416966,-0.12720320280337927,0.0,0.0,0.9918766784215477,-0.01599999999943134,-0.22113579470132025,0.29405099926912914,-0.12748020219439044,0.0,0.0,0.991841115324666,-0.01599999999402301,-0.22113579484499232,0.2940509989951873,-0.12748020222230247,-6.010308224634757e-14,-4.676257563671122e-13,0.9918411153210785,-0.016000100047309233,-0.22083445711833619,0.2941302493204832,-0.12981986354498695,2.6809982799575555e-08,-8.349099935455002e-08,0.991537595368503,-0.016000100047309233,-0.22083445711833619,0.2941302493204832,-0.12981986354498695,2.6809982799575555e-08,-8.349099935455002e-08,0.991537595368503,6.895273692230287e-11,-0.5305337554676092,0.6777695799099278,1.7255278544075695e-10,0.40289189728112135,1.761734374562777e-10,-1.0443018073335478e-06,-0.5324634818437611,0.6799820986630922,-2.1440509957892083e-06,0.40789322419780294,-2.162153909342022e-06,-1.0443018073335478e-06,-0.5324634818437611,0.6799820986630922,-2.1440509957892083e-06,0.40789322419780294,-2.162153909342022e-06,3.3755126734730398e-06,0.03873274097689222,-0.06388849961762136,6.705811432966288e-06,-0.04540031521938811,6.737173377703579e-06,5.0989724696093475e-05,-0.17658144934138034,0.3647891064222719,0.00010655941598093588,-0.0005524426173385741,0.00010766977357818793,0.0,True,False,1,True,True,0.003920999995898455,4,3.0937851031408126e-10,5.629106221211678e-11,`gtol` termination condition is satisfied.,True,True,0.009999999999999787,0.005027599319261611,1.0,0.00031158473899801274,0.0047185345419925254,0.0003115845303731818,0.0047185345982758585
7.209999999999891,1786132510.9444683,0.007419699992169626,0.006818099995143712,0.01,TELEOP,0,,0.0,7.209999999999891,721,0.0,0.0,0.046500000000001825,0.012217000835240814,0.0,0.0,0.9999253696604521,1.5899107553573718e-12,0.00033254734854839787,0.047603498627809285,0.0072058619960481225,0.0,0.0,0.9999740374394197,-0.015999999999523035,-0.22116892624610696,0.29400145630328384,-0.1269532144093939,0.0,0.0,0.9919087061575388,-0.015999999999481748,-0.22115400791186898,0.2940237643039635,-0.1272411939700817,0.0,0.0,0.9918718055056652,-0.015999999994802068,-0.22115400806910068,0.29402376404879377,-0.1272411939977159,-5.407133763459731e-14,-4.214996844230996e-13,0.9918718055021202,-0.016000096432758973,-0.22087624744491643,0.2941748204671924,-0.12970995600266647,2.5702215122905986e-08,-8.04686165805124e-08,0.9915519791285675,-0.016000096432758973,-0.22087624744491643,0.2941748204671924,-0.12970995600266647,2.5702215122905986e-08,-8.04686165805124e-08,0.9915519791285675,5.997667854584477e-11,-0.5304576082459412,0.6777449929016351,1.5033661696242046e-10,0.402461516340772,1.534636161493405e-10,-1.0061070954377396e-06,-0.532094502040377,0.6793809186265872,-2.0676907706230875e-06,0.4074393344481736,-2.085380463289754e-06,-1.0061070954377396e-06,-0.532094502040377,0.6793809186265872,-2.0676907706230875e-06,0.4074393344481736,-2.085380463289754e-06,3.819471189580898e-06,0.03689798033841506,-0.060118003650498186,7.636022516612252e-06,-0.045388974962932815,7.677344605226991e-06,4.439585161078673e-05,-0.1834760638477202,0.37704959671232513,9.302110836459837e-05,0.0011340256455290763,9.401712275234321e-05,0.0,True,False,1,True,True,0.0035801999911200255,4,2.997587232933796e-10,5.572775273951083e-11,`gtol` termination condition is satisfied.,True,True,0.009999999999999787,0.005001326916681592,1.0,0.0003161787709301891,0.004978786178882133,0.0003161785108929993,0.0049787862346034805
7.2199999999998905,1786132510.9516628,0.007037300005322322,0.006975600001169369,0.01,TELEOP,0,,0.0,7.2199999999998905,722,0.0,0.0,0.04633333333333516,0.012798731734078547,0.0,0.0,0.9999180928786113,1.4446760754706282e-12,0.00030216878678017103,0.04748746816074594,0.007717018986404019,0.0,0.0,0.9999702233656578,-0.015999999999566604,-0.22118673854572665,0.29397019202095653,-0.12669969267122097,0.0,0.0,0.9919411211745475,-0.015999999999527646,-0.22117171081456824,0.2939947888518665,-0.1269979531529834,0.0,0.0,0.9919029790735346,-0.015999999995512184,-0.22117171098400676,0.29399478861387895,-0.12699795318035587,-4.85720293582152e-14,-3.793683446887911e-13,0.9919029790700299,-0.016000092449035726,-0.2209166123716474,0.2942144119926807,-0.12959037574023122,2.4499867551915817e-08,-7.714409209752501e-08,0.9915676146967988,-0.016000092449035726,-0.2209166123716474,0.2942144119926807,-0.12959037574023122,2.4499867551915817e-08,-7.714409209752501e-08,0.9915676146967988,5.1796781524876104e-11,-0.5303880431335252,0.6777331970032603,1.3006056342259115e-10,0.4020288250085198,1.327403546953494e-10,-9.641080616706152e-07,-0.5317444201448662,0.6788183944151845,-1.983334030670904e-06,0.4069856958621269,-2.000522073827644e-06,-9.641080616706152e-07,-0.5317444201448662,0.6788183944151845,-1.983334030670904e-06,0.4069856958621269,-2.000522073827644e-06,4.199903376712526e-06,0.035008189551083174,-0.05625242114026713,8.435673995218513e-06,-0.04536385860467024,8.485838946211149e-06,3.804321871316368e-05,-0.1889790787331923,0.38655825102311425,7.996514786062776e-05,0.0025116358262580857,8.084943409841741e-05,0.0,True,False,1,True,True,0.0036540000000968575,4,2.921704888850652e-10,5.5197106124356553e-11,`gtol` termination condition is satisfied.,True,True,0.009999999999999787,0.00497781810740161,1.0,0.0003366151201173741,0.005228050454731163,0.0003366148364357536,0.005228050509923001
7.22999999999989,1786132510.958659,0.007201899992651306,0.006769899991923012,0.01,TELEOP,0,,0.0,7.22999999999989,723,0.0,0.0,0.0461666666666685,0.013380458301009028,0.0,0.0,0.9999104776607028,1.3127082485648317e-12,0.0002745654002759895,0.047366811600604436,0.008234631797714923,0.0,0.0,0.9999660948447983,-0.015999999999606194,-0.22120410585760622,0.29393737171933193,-0.1264429595456583,0.0,0.0,0.9919738796870284,-0.015999999999569477,-0.2211889630633354,0.293964210881872,-0.12675082355788397,0.0,0.0,0.9919345889358825,-0.015999999996162133,-0.22118896324382564,0.2939642106596691,-0.12675082358500936,-4.3538192432884866e-14,-3.4072583120750604e-13,0.9919345889324164,-0.01600008815367186,-0.22095551057388368,0.2942489530901728,-0.12946104308318193,2.3219237350211993e-08,-7.356083355657518e-08,0.9915845089168187,-0.01600008815367186,-0.22095551057388368,0.2942489530901728,-0.12946104308318193,2.3219237350211993e-08,-7.356083355657518e-08,0.9915845089168187,4.4311356231101895e-11,-0.5303243929442116,0.6777331230604065,1.1147634507631177e-10,0.40159411531049655,1.1374958423578035e-10,-9.189134447936205e-07,-0.5314136504406434,0.6782952106147684,-1.8922330919160142e-06,0.40653241895997555,-1.9088419124914615e-06,-9.189134447936205e-07,-0.5314136504406434,0.6782952106147684,-1.8922330919160142e-06,0.40653241895997555,-1.9088419124914615e-06,4.519461687699564e-06,0.03307697042228086,-0.05231838004161863,9.110093875489165e-06,-0.04532769021513547,9.168016133618456e-06,3.195583109870439e-05,-0.19312191288023517,0.3934041098648584,6.74419880270666e-05,0.00361683895347698,6.821771874073209e-05,0.0,True,False,1,True,True,0.003622799995355308,4,2.8629088945251447e-10,5.4696188374793156e-11,`gtol` termination condition is satisfied.,True,True,0.009999999999999787,0.0049568708536071315,1.0,0.00036820973453172807,0.005465473592999543,0.00036820944826328433,0.00546547364769146
7.23999999999989,1786132510.9659982,0.0069900000089546666,0.0071192000032169744,0.01,TELEOP,0,,0.0,7.23999999999989,724,0.0,0.0,0.04600000000000183,0.01396218033913888,0.0,0.0,0.9999025240093043,1.1927953782238751e-12,0.00024948365942598967,0.047241951540395836,0.008758109821196468,0.0,0.0,0.9999616470207044,-0.01599999999964217,-0.2212210688364492,0.2939031375419486,-0.12618330757933732,0.0,0.0,0.9920069419557196,-0.01599999999960763,-0.2212058135707141,0.29393215693439745,-0.12650012301865324,0.0,0.0,0.9919665916129765,-0.015999999996758364,-0.2212058137612452,0.29393215672671996,-0.12650012304554512,-3.892132353376929e-14,-3.052081913418082e-13,0.9919665916095471,-0.016000083601695463,-0.22099291147920105,0.2942784036817652,-0.12932192789548194,2.1876079227273705e-08,-6.976083668263897e-08,0.9916026618385968,-0.016000083601695463,-0.22099291147920105,0.2942784036817652,-0.12932192789548194,2.1876079227273705e-08,-6.976083668263897e-08,0.9916026618385968,3.7445913753473505e-11,-0.5302660855857045,0.6777438090387469,9.440284778341162e-11,0.4011576388374795,9.630588394053195e-11,-8.711034425820188e-07,-0.5311024756780576,0.6778117962867757,-1.7955827348992837e-06,0.4060795902710417,-1.8115452491945765e-06,-8.711034425820188e-07,-0.5311024756780576,0.6778117962867757,-1.7955827348992837e-06,0.4060795902710417,-1.8115452491945765e-06,4.781000221160271e-06,0.03111747625857613,-0.04834143279927655,9.66503570167325e-06,-0.045282868893385314,9.729666329688713e-06,2.6153853346071274e-05,-0.19594941637047716,0.3976947242342167,5.5494182618409585e-05,0.004482132175015243,5.61650196070269e-05,0.0,True,False,1,True,True,0.0033618000015849248,4,2.8185131509043527e-10,5.422285458698858e-11,`gtol` termination condition is satisfied.,True,True,0.009999999999999787,0.004938303649479003,1.0,0.00040646567206531416,0.005690354279111649,0.0004064653953569677,0.00569035433333101
7.24999999999989,1786132510.9734192,0.007340299998759292,0.007200000007287599,0.01,TELEOP,0,,0.0,7.24999999999989,725,0.0,0.0,0.04583333333333517,0.014543897651576253,0.0,0.0,0.9998942319271077,1.0838362719737165e-12,0.00022669319741093415,0.04711327197402101,0.009286916397429542,0.0,0.0,0.9999568756620594,-0.015999999999674858,-0.22123766442195322,0.29386761864869027,-0.12592100259440547,0.0,0.0,0.9920402719172341,-0.015999999999642436,-0.22122230362118078,0.29389874371161245,-0.1262461451367858,0.0,0.0,0.991998946994452,-0.015999999997305874,-0.22122230382085334,0.2938987435173103,-0.12624614516345817,-3.468327965790934e-14,-2.725309370018662e-13,0.9919989469910576,-0.016000078845450637,-0.22102879486332003,0.29430275291719415,-0.12917304769806098,2.0485504394357486e-08,-6.578450870836042e-08,0.9916220669934639,-0.016000078845450637,-0.22102879486332003,0.29430275291719415,-0.12917304769806098,2.0485504394357486e-08,-6.578450870836042e-08,0.9916220669934639,3.114255366722059e-11,-0.5302126197503523,0.67776437891946,7.869981428510965e-11,0.4007196134803898,8.026559709453102e-11,-8.212280614912752e-07,-0.5308110525906338,0.6773683371988426,-1.6945167032262147e-06,0.4056272752451395,-1.7097759084308234e-06,-8.212280614912752e-07,-0.5308110525906338,0.6773683371988426,-1.6945167032262147e-06,0.4056272752451395,-1.7097759084308234e-06,4.9875381090744705e-06,0.029142308742379063,-0.04434590879330618,1.0106603167307114e-05,-0.04523150259022256,1.0176934076375526e-05,2.065378879142038e-05,-0.19751675161971105,0.3995524005970458,4.4156746563387434e-05,0.005136630316275824,4.4726774668682336e-05,0.0,True,False,1,True,True,0.0033727999980328605,4,2.7861785108903307e-10,5.3777712745588064e-11,`gtol` termination condition is satisfied.,True,True,0.009999999999999787,0.004921951433562166,1.0,0.00044796129080217675,0.005902136326676033,0.0004479610293097283,0.005902136380451041
7.25999999999989,1786132510.9808311,0.007455699989804998,0.007156399995437823,0.01,TELEOP,0,,0.0,7.25999999999989,726,0.0,0.0,0.04566666666666851,0.0151256100414309,0.0,0.0,0.9998856014169194,9.848303287326335e-13,0.00020598469383485774,0.04698112182128144,0.00982056388941801,0.0,0.0,0.9999517770997229,-0.01599999999970456,-0.22125392617838427,0.29383093240158287,-0.125656286129068,0.0,0.0,0.9920738368469606,-0.01599999999967419,-0.2212384688169045,0.2938640791178588,-0.1259891609261796,0.0,0.0,0.9920316181095828,-0.01599999999780887,-0.22123846902490976,0.29386407893587374,-0.12598916095264534,-3.079218731228904e-14,-2.424574483677233e-13,0.9920316181062216,-0.01600007393445014,-0.2210631503706838,0.2943220175371836,-0.12901446545690146,1.9061890812666247e-08,-6.167051436690012e-08,0.9916427117177163,-0.01600007393445014,-0.2210631503706838,0.2943220175371836,-0.12901446545690146,1.9061890812666247e-08,-6.167051436690012e-08,0.9916427117177163,2.535267420311811e-11,-0.5301635496298096,0.6777940295893474,6.424977805256769e-11,0.40028022892729054,6.550837084251718e-11,-7.698058134486112e-07,-0.5305394182121562,0.6769647892320603,-1.5901049175744833e-06,0.4051755208719663,-1.6046134473362607e-06,-7.698058134486112e-07,-0.5305394182121562,0.6769647892320603,-1.5901049175744833e-06,0.4051755208719663,-1.6046134473362607e-06,5.14222480426651e-06,0.027163437847753186,-0.04035479667823573,1.0441178565173367e-05,-0.04517543731732133,1.0516246109456493e-05,1.54686695192043e-05,-0.1978870894625919,0.3991112115070535,3.345753978662595e-05,0.0056065272901229795,3.393120330809742e-05,0.0,True,False,1,True,True,0.0034158999915234745,4,2.7638418614944016e-10,5.3358856067031676e-11,`gtol` termination condition is satisfied.,True,True,0.009999999999999787,0.00490766176474966,1.0,0.0004903513011667035,0.006100400885164316,0.0004903510568412496,0.006100400938520949
7.269999999999889,1786132510.9908712,0.007524200002080761,0.009672100000898354,0.01,TELEOP,0,,0.0,7.269999999999889,727,0.0,0.0,0.045500000000001845,0.01570731731181425,0.0,0.0,0.9998766324816607,8.948683500195702e-13,0.0001871679517555067,0.04684581813105192,0.010358609205278375,0.0,0.0,0.9999463481684067,-0.01599999999973155,-0.2212698846030978,0.2937931854423125,-0.12538937765535613,0.0,0.0,0.9921076070523814,-0.01599999999970317,-0.22125434034157423,0.29382826302484627,-0.1257294203628136,0.0,0.0,0.9920645709101958,-0.01599999999827102,-0.2212543405571796,0.2938282628542005,-0.1257294203890855,-2.7220296826541244e-14,-2.1478238076091927e-13,0.9920645709068663,-0.016000068915259163,-0.221095976977982,0.29433624012960197,-0.12884628709436305,1.761880550117852e-08,-5.745564413341052e-08,0.9916645775170118,-0.016000068915259163,-0.221095976977982,0.29433624012960197,-0.12884628709436305,1.761880550117852e-08,-5.745564413341052e-08,0.9916645775170118,2.0034034105731635e-11,-0.5301184748153582,0.6778320219698587,5.0950780820964674e-11,0.3998396510217497,5.192971648378833e-11,-7.17322739913095e-07,-0.5302874968138518,0.6766008927120778,-1.4833513649745957e-06,0.4047243580448199,-1.497071015103379e-06,-7.17322739913095e-07,-0.5302874968138518,0.6766008927120778,-1.4833513649745957e-06,0.4047243580448199,-1.497071015103379e-06,5.2483073535517404e-06,0.025192139830439067,-0.03638965199824504,1.0675355259988987e-05,-0.045116282714639425,1.0754243223288409e-05,1.0608254928523316e-05,-0.19712980173141612,0.3965144679990775,2.341766948156253e-05,0.00591546026819072,2.379971138319204e-05,0.0,True,False,1,True,True,0.005706299998564646,4,2.7496855440069287e-10,5.2965817013768655e-11,`gtol` termination condition is satisfied.,True,True,0.009999999999999787,0.00489529194467575,1.0,0.0005320901618054306,0.006284858280049611,0.0005320899347230507,0.006284858333013736
7.279999999999889,1786132510.9987073,0.00990220000676345,0.007605999999213964,0.01,TELEOP,0,,0.0,7.279999999999889,728,0.0,0.0,0.04533333333333518,0.01628901926583944,0.0,0.0,0.9998673251243673,8.131241905374081e-13,0.00017007015043560807,0.04670764899198831,0.010900649729569611,0.0,0.0,0.9999405861527341,-0.01599999999975607,-0.22128556740684863,0.29375447467135046,-0.12512047659444242,0.0,0.0,0.99214155559415,-0.015999999999729606,-0.22126994581604728,0.29379138788923015,-0.12546715384555812,0.0,0.0,0.9920977740655884,-0.015999999998695495,-0.22126994603858638,0.29379138772901836,-0.12546715387164853,-2.3942804351096373e-14,-1.893225481535247e-13,0.9920977740622887,-0.016000063831408878,-0.22112728241492344,0.29434548730386867,-0.12866865877421244,1.6168939478560196e-08,-5.317470421321285e-08,0.9916876404640941,-0.016000063831408878,-0.22112728241492344,0.29434548730386867,-0.12866865877421244,1.6168939478560196e-08,-5.317470421321285e-08,0.9916876404640941,1.514963490312768e-11,-0.5300770332705836,0.6778776745058074,3.8713616417551217e-11,0.39939802522917317,3.943819345722808e-11,-6.642317427170107e-07,-0.5300551073130223,0.6762761874423281,-1.375192621767817e-06,0.4042738036976048,-1.3880938518531207e-06,-6.642317427170107e-07,-0.5300551073130223,0.6762761874423281,-1.375192621767817e-06,0.4042738036976048,-1.3880938518531207e-06,5.309099719608537e-06,0.023238950082949843,-0.03247052697496804,1.0815874320678105e-05,-0.04505543472150746,1.0897716325026064e-05,6.079236605679804e-06,-0.19531897474892648,0.39191250232770775,1.4051906068912146e-05,0.0060847993131961375,1.434731017376577e-05,0.0,True,False,1,True,True,0.0034537000028649345,4,2.742125758286364e-10,5.259785213284523e-11,`gtol` termination condition is satisfied.,True,True,0.009999999999999787,0.0048847070230702005,1.0,0.000572170649754555,0.006455339574925063,0.0005721704391153539,0.0064553396275215755
7.289999999999889,1786132511.0106642,0.00798670000222046,0.011576100005186163,0.01,TELEOP,0,,0.0,7.289999999999889,729,0.0,0.0,0.04516666666666852,0.016870715706621433,0.0,0.0,0.9998576793481893,7.388471714561944e-13,0.00015453425775428253,0.0465668761774644,0.011446319626002923,0.0,0.0,0.999934488737647,-0.015999999999778355,-0.22130099976847067,0.2937148881376666,-0.12484976414797697,0.0,0.0,0.992175658032485,-0.015999999999753725,-0.22128530990243486,0.29375353928382153,-0.12520257357292405,0.0,0.0,0.9921311987689515,-0.01599999999908524,-0.22128531013129948,0.2937535391332049,-0.1252025735988448,-2.0937171179523037e-14,-1.6591165669359249e-13,0.9921311987656803,-0.016000058723337828,-0.22115708255388344,0.29434984780678075,-0.12848176400760233,1.4724055630990432e-08,-4.8860427610054367e-08,0.9917118716227472,-0.016000058723337828,-0.22115708255388344,0.29434984780678075,-0.12848176400760233,1.4724055630990432e-08,-4.8860427610054367e-08,0.9917118716227472,1.0665596315898644e-11,-0.5300388961891516,0.6779303580419812,2.7456568006654465e-11,0.39895547943623094,2.795003327191632e-11,-6.109522007850911e-07,-0.5298419710266795,0.6759900282408885,-1.2664969677287155e-06,0.4038238627386203,-1.2785583841383954e-06,-6.109522007850911e-07,-0.5298419710266795,0.6759900282408885,-1.2664969677287155e-06,0.4038238627386203,-1.2785583841383954e-06,5.32795419319208e-06,0.021313628634280962,-0.02861592014396168,1.0869565403910362e-05,-0.044994095898447016,1.0953546771472774e-05,1.8854473583543162e-06,-0.19253214486689207,0.3854606831006445,5.369108323225766e-06,0.006133882306044667,5.583044644671185e-06,0.0,True,False,1,True,True,0.0060095999942859635,4,2.739796183212885e-10,5.225369345053234e-11,`gtol` termination condition is satisfied.,True,True,0.009999999999999787,0.004875778468431624,1.0,0.00060993962753728,0.0066117879414744184,0.0006099394321724039,0.006611787993727133
7.299999999999889,1786132511.0225754,0.011915399998542853,0.011571600000024773,0.01,TELEOP,0,,0.0,7.299999999999889,730,0.0,0.0,0.04500000000000186,0.017452406437277048,0.0,0.0,0.9998476951563914,6.713551867254475e-13,0.0001404175876863253,0.04642373754899662,0.011995286477663797,0.0,0.0,0.9999280539630433,-0.015999999999798602,-0.22131620456627182,0.29367450584719373,-0.1245774049622306,0.0,0.0,0.9922098921966442,-0.015999999999775725,-0.22130045474817292,0.2937147963730007,-0.12493587483971584,0.0,0.0,0.9921648185548786,-0.01599999999944291,-0.22130045498280737,0.29371479623120145,-0.12493587486547805,-1.818270802535008e-14,-1.4439709287433098e-13,0.9921648185516344,-0.016000053628359823,-0.22118540077816579,0.2943494306009084,-0.12828582062397442,1.3294949532243068e-08,-4.454340546845475e-08,0.991737237491278,-0.016000053628359823,-0.22118540077816579,0.2943494306009084,-0.12828582062397442,1.3294949532243068e-08,-4.454340546845475e-08,0.991737237491278,6.551186683202128e-12,-0.5300037640534238,0.6779894915662383,1.7105501394293676e-11,0.3985121262542019,1.7389234589082287e-11,-5.578698515699164e-07,-0.5296477196602176,0.6757416008015504,-1.158064048239886e-06,0.40337452980063165,-1.1692718736403627e-06,-5.578698515699164e-07,-0.5296477196602176,0.6757416008015504,-1.158064048239886e-06,0.40337452980063165,-1.1692718736403627e-06,5.308234921517584e-06,0.0194251366461852,-0.024842743933805343,1.0843291948883186e-05,-0.04493329379886699,1.0928651049803505e-05,-1.9719271674496632e-06,-0.1888491988095802,0.37731762101564165,-2.627345502717609e-06,0.006080209958002521,-2.4895721669269673e-06,0.0,True,False,1,True,True,0.005978399989544414,4,2.74154081554732e-10,5.193212669461169e-11,`gtol` termination condition is satisfied.,True,True,0.009999999999999787,0.0048683833023893675,1.0,0.0006449792679575925,0.006754249918281332,0.0006449790865775802,0.006754249970212703
7.309999999999889,1786132511.0317638,0.012107499991543591,0.008652399992570281,0.01,TELEOP,0,,0.0,7.309999999999889,731,0.0,0.0,0.044833333333335196,0.018034091260925027,0.0,0.0,0.9998373725523529,6.100284391089321e-13,0.00012759048959116634,0.046278449240202496,0.012547248233963006,0.0,0.0,0.9999212801824728,-0.015999999999817,-0.22133120258827374,0.2936334004974612,-0.12430354864030094,0.0,0.0,0.9922442379754233,-0.01599999999979579,-0.22131540032493408,0.293675232348278,-0.12466723725706493,0.0,0.0,0.9921986091275733,-0.015999999999770975,-0.22131540056482935,0.2936752322145754,-0.12466723728267952,-1.5660305800315568e-14,-1.2463785218916846e-13,0.9921986091243548,-0.016000048580656248,-0.2212122673372023,0.2943443629248448,-0.12808107764759782,1.1891422999350105e-08,-4.025203776811484e-08,0.9917637004592517,-0.016000048580656248,-0.2212122673372023,0.2943443629248448,-0.12808107764759782,1.1891422999350105e-08,-4.025203776811484e-08,0.9917637004592517,2.777957771486357e-12,-0.5299713634883652,0.6780545385283966,7.591728417884907e-12,0.39806806494808555,7.68538068929778e-12,-5.053369159731751e-07,-0.5294719034342119,0.6755299377163715,-1.0506250412086793e-06,0.40292579082377716,-1.0609725754128534e-06,-5.053369159731751e-07,-0.5294719034342119,0.6755299377163715,-1.0506250412086793e-06,0.40292579082377716,-1.0609725754128534e-06,5.253293559674237e-06,0.01758162260056735,-0.021166308517900703,1.0743900703120912e-05,-0.04487389768545176,1.0829929822751168e-05,-5.494136184334875e-06,-0.18435140456178883,0.3676435415904719,-9.939124576227661e-06,0.005939611341523529,-9.87212270523392e-06,0.0,True,False,1,True,True,0.0046501000033458695,4,2.746381761464509e-10,5.1632636739806594e-11,`gtol` termination condition is satisfied.,True,True,0.009999999999999787,0.00486240354642975,1.0,0.0006770320320534706,0.006882866633853319,0.0006770318633677001,0.006882866685485326
7.319999999999888,1786132511.0396237,0.008886499999789521,0.007626699996762909,0.01,TELEOP,0,,0.0,7.319999999999888,732,0.0,0.0,0.044666666666668534,0.01861576998068613,0.0,0.0,0.9998267115395679,5.543037484182087e-13,0.00011593515726537956,0.04613120764132716,0.013101930436337367,0.0,0.0,0.9999141660256852,-0.015999999999833717,-0.22134601272323207,0.2935916381451388,-0.12402833111624727,0.0,0.0,0.9922786771268032,-0.015999999999814083,-0.221330164696119,0.2936349148327394,-0.12439682589904055,0.0,0.0,0.9922325481993844,-0.016000000000071696,-0.22133016494080915,0.2936349147064657,-0.12439682592451774,-1.335225041303561e-14,-1.0650312315643336e-13,0.9922325481961904,-0.016000043611291183,-0.22123771869589925,0.2943347883528306,-0.12786781211719786,1.0522269950607246e-08,-3.6012502354251764e-08,0.9917912192716568,-0.016000043611291183,-0.22123771869589925,0.2943347883528306,-0.12786781211719786,1.0522269950607246e-08,-3.6012502354251764e-08,0.9917912192716568,-6.80171527751271e-13,-0.5299414446633111,0.6781250035664588,-1.1477652637914949e-12,0.39762338307689216,-1.2261287885954184e-12,-4.536724455942065e-07,-0.5293139992633532,0.6753539345122497,-9.448432855033828e-07,0.4024776244856405,-9.543303621120529e-07,-4.536724455942065e-07,-0.5293139992633532,0.6753539345122497,-9.448432855033828e-07,0.4024776244856405,-9.543303621120529e-07,5.166447037896974e-06,0.015790417085867925,-0.01760032041218177,1.0578175570529878e-05,-0.04481663381366759,1.0664221330080286e-05,-8.684652177726466e-06,-0.17912055146994643,0.35659881057190074,-1.6572513259103736e-05,0.0057263871784169265,-1.6570849267088565e-05,0.0,True,False,1,True,True,0.0035510000016074628,4,2.7535139382827276e-10,5.135373983778686e-11,`gtol` termination condition is satisfied.,True,True,0.009999999999999787,0.00485772587569161,1.0,0.0007059528532246418,0.0069978650632225945,0.0007059526959955955,0.006997865114575861
7.329999999999888,1786132511.0510185,0.007873399998061359,0.011147400000481866,0.01,TELEOP,0,,0.0,7.329999999999888,733,0.0,0.0,0.044500000000001864,0.019197442399683167,0.0,0.0,0.9998157121216444,5.036693796759187e-13,0.00010534454681381225,0.04598219120254428,0.013659083697270067,0.0,0.0,0.9999067103647976,-0.015999999999848906,-0.2213606521341946,0.2935492788126154,-0.12375187590375354,0.0,0.0,0.9923131931050307,-0.015999999999830757,-0.22134476423422886,0.2935939062594287,-0.12412479237887765,0.0,0.0,0.992266615339295,-0.01600000000034714,-0.2213447644832871,0.29359390613996605,-0.1241247924042274,-1.1242087451532571e-14,-8.987126251514125e-14,0.992266615336124,-0.016000038748247215,-0.2212617968844244,0.29432086486958603,-0.1276463258829125,9.195273945285973e-09,-3.1848741213603395e-08,0.991819749495135,-0.016000038748247215,-0.2212617968844244,0.29432086486958603,-0.1276463258829125,9.195273945285973e-09,-3.1848741213603395e-08,0.991819749495135,-3.847310965900214e-12,-0.5299137790862944,0.678200429538856,-9.171288673403109e-12,0.39717815790521993,-9.405067773350799e-12,-4.031628713698517e-07,-0.5291734189110587,0.6752123655683784,-8.413153280914812e-07,0.40203000349109563,-8.499477710512894e-07,-4.031628713698517e-07,-0.5291734189110587,0.6752123655683784,-8.413153280914812e-07,0.40203000349109563,-8.499477710512894e-07,5.05095742243559e-06,0.014058035229447553,-0.01415689438713456,1.0352795741190387e-05,-0.044762099454487364,1.0438259106076571e-05,-1.1548961546138624e-05,-0.1732381856420409,0.3443426025047284,-2.2537982933949716e-05,0.005453435918023319,-2.2596222400371856e-05,0.0,True,False,1,True,True,0.00621379999211058,4,2.762274502715837e-10,5.109494898304326e-11,`gtol` termination condition is satisfied.,True,True,0.009999999999999787,0.00485424140874835,1.0,0.0007316779472781245,0.007099549381285284,0.0007316778003444322,0.007099549432379902
7.339999999999888,1786132511.0589972,0.011380400013877079,0.0077459000021917745,0.01,TELEOP,0,,0.0,7.339999999999888,734,0.0,0.0,0.0443333333333352,0.01977910832104108,0.0,0.0,0.9998043743023055,4.576603437144234e-13,9.572139339489735e-05,0.04583156207257639,0.014218481409517737,0.0,0.0,0.9998989122838405,-0.01599999999986271,-0.22137513641619475,0.2935063770391808,-0.12347429523077151,0.0,0.0,0.99234777090356,-0.01599999999984596,-0.22135921380192247,0.29355226422677655,-0.12385127585777816,0.0,0.0,0.9923007918309854,-0.01600000000059931,-0.22135921405495765,0.29355226411355284,-0.1238512758830094,-9.314517502870554e-15,-7.462901128911404e-14,0.9923007918278363,-0.016000034016480428,-0.22128454885394278,0.2943027629745632,-0.1274169424116453,7.917216627680367e-09,-2.778246285005897e-08,0.991849243981396,-0.016000034016480428,-0.22128454885394278,0.2943027629745632,-0.1274169424116453,7.917216627680367e-09,-2.778246285005897e-08,0.991849243981396,-6.746245590583667e-12,-0.5298881576905988,0.678280394799424,-1.653404800624551e-11,0.39673245762912984,-1.690802015677352e-11,-3.540627330174969e-07,-0.529049517051869,0.6751038997950453,-7.405723477274917e-07,0.40158289573316586,-7.483614315856511e-07,-3.540627330174969e-07,-0.529049517051869,0.6751038997950453,-7.405723477274917e-07,0.40158289573316586,-7.483614315856511e-07,4.910013835235586e-06,0.012390185918979673,-0.010846577333313935,1.0074298036399163e-05,-0.04471077579297855,1.0158633946564038e-05,-1.4094358720000669e-05,-0.16678493104679154,0.3310317053820696,-2.7849770479123018e-05,0.005132366150881427,-2.796251595125388e-05,0.0,True,False,1,True,True,0.003907100006472319,4,2.772128712684376e-10,5.085420948564507e-11,`gtol` termination condition is satisfied.,True,True,0.009999999999999787,0.004851845585875703,1.0,0.0007542038409989191,0.007188292469807278,0.0007542037032813339,0.007188292520661234
7.349999999999888,1786132511.0653565,0.007982399998581968,0.006122899998445064,0.01,TELEOP,0,,0.0,7.349999999999888,735,0.0,0.0,0.04416666666666854,0.02036076754788703,0.0,0.0,0.9997926980853886,4.158541270539181e-13,8.69773178047081e-05,0.04567946758766982,0.014779917664537925,0.0,0.0,0.9998907710514332,-0.015999999999875253,-0.2213894797395313,0.29346298238186697,-0.12319569107055085,0.0,0.0,0.9923823969124248,-0.015999999999859814,-0.2213735269059302,0.2935100418331171,-0.12357640398919743,0.0,0.0,0.9923350605400874,-0.016000000000758186,-0.2213735271624339,0.2935100417211831,-0.12357640401458306,2.92729503862024e-14,-2.0724834358987265e-13,0.992335060536926,-0.01600002943799163,-0.2213060258431247,0.2942806638282491,-0.12718000362879356,6.693896414128046e-09,-2.383316064926544e-08,0.9918796533234158,-0.01600002943799163,-0.2213060258431247,0.2942806638282491,-0.12718000362879356,6.693896414128046e-09,-2.383316064926544e-08,0.9918796533234158,-8.396080172677265e-12,-0.5298643891560599,0.6783645107131661,-2.0040562813168345e-11,0.39628634247825756,-2.0437325344626975e-11,-3.065955621879958e-07,-0.5289415991816685,0.6750271159675324,-6.430818913718578e-07,0.40113626533523783,-6.500438079486751e-07,-3.065955621879958e-07,-0.5289415991816685,0.6750271159675324,-6.430818913718578e-07,0.40113626533523783,-6.500438079486751e-07,4.746717082950211e-06,0.010791787020043237,-0.007678382751287287,9.7490456355636e-06,-0.044663039792805545,9.83176236369781e-06,-1.6329675228537924e-05,-0.159839889893647,0.3168194582026716,-3.2525240083557016e-05,0.004773600017300532,-3.2687158286623474e-05,0.0,True,False,1,True,True,0.0028110999992350116,3,2.7986453239483043e-10,5.1165128400783077e-11,`gtol` termination condition is satisfied.,True,True,0.009999999999999787,0.0048504381040360145,1.0,0.0007735727896415569,0.007264527628308491,0.0007735726557523261,0.007264527679471877
7.3599999999998875,1786132511.1019182,0.03609739999228623,0.006584300004760735,0.01,TELEOP,0,,0.0,7.3599999999998875,736,0.0,0.0,0.04400000000000188,0.020942419883350417,0.0,0.0,0.9997806834748456,3.7786681184632907e-13,7.903201469019101e-05,0.04552604162458711,0.01534320536102544,0.0,0.0,0.9998822860963432,-0.015999999999886647,-0.2214036949799518,0.293419139870547,-0.12291615607851282,0.0,0.0,0.9924170587887347,-0.015999999999872436,-0.22138771583007336,0.29346728799174004,-0.1233002938015008,0.0,0.0,0.9923694057902348,-0.01600000000097009,-0.22138771608995228,0.29346728788506565,-0.12330029382678177,1.6635538676676167e-14,-1.4102996695985066e-13,0.9923694057870937,-0.016000025031914566,-0.22132628275963795,0.2942547574518124,-0.12693586682130525,5.5301553402222616e-09,-2.001814123855217e-08,0.9919109263005038,-0.016000025031914566,-0.22132628275963795,0.2942547574518124,-0.12693586682130525,5.5301553402222616e-09,-2.001814123855217e-08,0.9919109263005038,-1.0897682008379678e-11,-0.5298422983641667,0.6784524191504628,-2.6688199497048424e-11,0.3958398655353927,-2.722355572413464e-11,-2.609549287574393e-07,-0.5288489293227521,0.6749805176199715,-5.492499785793854e-07,0.40069007358297154,-5.554053155564961e-07,-2.609549287574393e-07,-0.5288489293227521,0.6749805176199715,-5.492499785793854e-07,0.40069007358297154,-5.554053155564961e-07,4.564063343055744e-06,0.009266985891638109,-0.004659834756089494,9.383191279247448e-06,-0.04461917522663088,9.463849239218105e-06,-1.8265373989447073e-05,-0.1524801128405161,0.3018547995197857,-3.658543563161606e-05,0.004386456617466901,-3.679131244797126e-05,0.0,True,False,1,True,True,0.0028605999978026375,3,2.8092291782567535e-10,5.095150476177262e-11,`gtol` termination condition is satisfied.,True,True,0.009999999999999787,0.004849922856980271,1.0,0.000789862249542517,0.007328740536712885,0.0007898621229786689,0.007328740587663639
7.369999999999887,1786132511.1088996,0.006806000004871748,0.006762300006812438,0.01,TELEOP,0,,0.0,7.369999999999887,737,0.0,0.0,0.043833333333335216,0.021524065130563003,0.0,0.0,0.9997683304747432,3.4334955025338666e-13,7.18125149323732e-05,0.04537140583003305,0.015908174486206624,0.0,0.0,0.9998734569856911,-0.015999999999897003,-0.22141779383693805,0.2933748904214685,-0.12263577444356302,0.0,0.0,0.9924517453391009,-0.015999999999883933,-0.2214017917517501,0.29342404772757913,-0.12302305252185732,0.0,0.0,0.9924038132475128,-0.01600000000116426,-0.22140179201469973,0.2934240476257179,-0.12302305254704125,5.307091684470891e-15,-8.121360605614431e-14,0.992403813244391,-0.016000020814615688,-0.22134537758026634,0.2942252409896476,-0.12668490162413196,4.429914829611534e-09,-1.6352569602198907e-08,0.9919430103087998,-0.016000020814615688,-0.22134537758026634,0.2942252409896476,-0.12668490162413196,4.429914829611534e-09,-1.6352569602198907e-08,0.9919430103087998,-1.3188209765525854e-11,-0.5298217250953894,0.6785437905288775,-3.278835862700631e-11,0.39539307374805616,-3.344832339853078e-11,-2.1730558602562593e-07,-0.5287707374782776,0.6749625474187969,-4.5942338358753033e-07,0.40024427975565163,-4.6479661511899107e-07,-2.1730558602562593e-07,-0.5287707374782776,0.6749625474187969,-4.5942338358753033e-07,0.40024427975565163,-4.6479661511899107e-07,4.3649342731814315e-06,0.00781918444744794,-0.0017970201174529218,8.982659499185695e-06,-0.04457938273199177,9.0608700437507e-06,-1.991290698743163e-05,-0.14478014441901996,0.2862814638636633,-4.005317800617607e-05,0.003979249463911238,-4.029791954674132e-05,0.0,True,False,1,True,True,0.003579099997295998,3,2.819926629575606e-10,5.075362712547638e-11,`gtol` termination condition is satisfied.,True,True,0.009999999999999787,0.004850208047578852,1.0,0.0008031770634490398,0.007381461500599982,0.0008031769433701046,0.00738146155135337
7.379999999999887,1786132511.1149995,0.00698579999152571,0.005876499999430962,0.01,TELEOP,0,,0.0,7.379999999999887,738,0.0,0.0,0.04366666666666855,0.02210570309265892,0.0,0.0,0.9997556390892622,3.119853608821278e-13,6.525251542209387e-05,0.04521567073779691,0.01647467055412266,0.0,0.0,0.9998642834055695,-0.015999999999906412,-0.2214317869411807,0.29333027121301614,-0.1223546226616538,0.0,0.0,0.9924864464129092,-0.015999999999894404,-0.22141576484500597,0.2933803624564382,-0.12274477834421696,0.0,0.0,0.9924382698129033,-0.01600000000134197,-0.22141576511074695,0.2933803623589773,-0.12274477836931108,-4.846643188581013e-15,-2.7197103678124768e-14,0.9924382698097997,-0.016000016799805953,-0.2213633707727993,0.29419231704333537,-0.12642748710932022,3.39621792089127e-09,-1.2849523817858192e-08,0.9919758517742367,-0.016000016799805953,-0.2213633707727993,0.29419231704333537,-0.12642748710932022,3.39621792089127e-09,-1.2849523817858192e-08,0.9919758517742367,-1.5283523009056564e-11,-0.5298025227563301,0.6786383216021059,-3.8382060992815776e-11,0.39494600853906753,-3.9153825291652297e-11,-1.757847280874177e-07,-0.5287062267963847,0.6749716009439932,-3.738921645566178e-07,0.3997988418638265,-3.785111573478496e-07,-1.757847280874177e-07,-0.5287062267963847,0.6749716009439932,-3.738921645566178e-07,0.3997988418638265,-3.785111573478496e-07,4.152085793820912e-06,0.006451068189290865,0.0009053525196326805,8.553121903091436e-06,-0.044543789182509196,8.62854577711433e-06,-2.1284847936052422e-05,-0.1368116258157104,0.270237263708566,-4.2953759609426805e-05,0.003559354948257388,-4.323242666363781e-05,0.0,True,False,1,True,True,0.002672400005394593,3,2.83052996732547e-10,5.0570628215586914e-11,`gtol` termination condition is satisfied.,True,True,0.009999999999999787,0.004851206007595477,1.0,0.0008136433963243238,0.007423258022945721,0.0008136432819534302,0.007423258073516339
7.389999999999887,1786132511.121907,0.006096299999626353,0.006688199995551258,0.01,TELEOP,0,,0.0,7.389999999999887,739,0.0,0.0,0.043500000000001884,0.02268733357277478,0.0,0.0,0.9997426093226984,2.8348621785862593e-13,5.929177007023214e-05,0.04505893678386379,0.017042553186571142,0.0,0.0,0.9998547651438597,-0.01599999999991496,-0.22144568395223213,0.293285316027154,-0.1220727702386934,0.0,0.0,0.992521152805446,-0.015999999999903942,-0.2214296443724726,0.29333627024754033,-0.12246556114419163,0.0,0.0,0.9924727635223237,-0.016000000001504467,-0.2214296446407487,0.2933362701540979,-0.12246556116920254,-1.3947454653573081e-14,2.1571126611290274e-14,0.9924727635192375,-0.016000012998662563,-0.221380324742355,0.29415619208408333,-0.12616400899431665,2.4312772212264643e-09,-9.520059848972902e-09,0.9920093965454571,-0.016000012998662563,-0.221380324742355,0.29415619208408333,-0.12616400899431665,2.4312772212264643e-09,-9.520059848972902e-09,0.9920093965454571,-1.719821070025098e-11,-0.5297845572632868,0.6787357335764826,-4.350706116411208e-11,0.3944987064836711,-4.437889339544616e-11,-1.3650333379769402e-07,-0.5286545804106697,0.6750060398187043,-2.928923758790073e-07,0.3993537173006247,-2.9678791287392513e-07,-1.3650333379769402e-07,-0.5286545804106697,0.6750060398187043,-2.928923758790073e-07,0.3993537173006247,-2.9678791287392513e-07,3.928139428972451e-06,0.005164638571501314,0.0034438874711142263,8.099978867761224e-06,-0.04451245632018582,8.172324447392627e-06,-2.239463648484667e-05,-0.12864296177895784,0.25385349514815997,-4.5314303533022135e-05,0.0031332862323372665,-4.56221329721712e-05,0.0,True,False,1,True,True,0.0026768000097945333,3,2.840882364421976e-10,5.0401176860438154e-11,`gtol` termination condition is satisfied.,True,True,0.009999999999999787,0.004852833324758998,1.0,0.00082140393462505,0.007454727722123829,0.0008214038252430738,0.007454727772525057
7.399999999999887,1786132511.128834,0.007035500006168149,0.006578900007298216,0.01,TELEOP,0,,0.0,7.399999999999887,740,0.0,0.0,0.04333333333333522,0.023268956374049733,0.0,0.0,0.9997292411794618,2.575904058081211e-13,5.387553645719746e-05,0.04490129522881198,0.0176116948236821,0.0,0.0,0.9998449020750356,-0.015999999999922732,-0.22145949364723463,0.2932400555596813,-0.12179028032925335,0.0,0.0,0.99255585616998,-0.015999999999912626,-0.22144343876788758,0.29329180607011435,-0.12218548314362548,0.0,0.0,0.9925072834538591,-0.016000000001652918,-0.2214434390384641,0.29329180598033844,-0.12218548316855972,-2.2105230902971295e-14,6.55936057405203e-14,0.9925072834507894,-0.01600000941995851,-0.221396303304366,0.29411707494952494,-0.1258948569835032,1.5365274842666708e-09,-6.3732852043701955e-09,0.992043590264613,-0.01600000941995851,-0.221396303304366,0.29411707494952494,-0.1258948569835032,1.5365274842666708e-09,-6.3732852043701955e-09,0.992043590264613,-1.8946485942754885e-11,-0.5297677060109888,0.6788357703095333,-4.8200097280740444e-11,0.39405119988135273,-4.916129070783295e-11,-9.954758078689347e-08,-0.528614967929322,0.6750642041378203,-2.1660892948160227e-07,0.39890886341338916,-2.1981425299794412e-07,-9.954758078689347e-08,-0.528614967929322,0.6750642041378203,-2.1660892948160227e-07,0.39890886341338916,-2.1981425299794412e-07,3.6955753010801343e-06,0.0039612481347657685,0.005816431911597032,7.628344639740664e-06,-0.04448538872355364,7.697365987598264e-06,-2.3256412789232137e-05,-0.12033904367355713,0.2372544440482856,-4.716342280205697e-05,0.002706759663218157,-4.749584597943736e-05,0.0,True,False,1,True,True,0.0029243000026326627,3,2.8508665852226087e-10,5.0245090508687627e-11,`gtol` termination condition is satisfied.,True,True,0.009999999999999787,0.004855010816953609,1.0,0.0008266139661412815,0.007476491622084565,0.0008266138610825148,0.007476491672329531
7.4099999999998865,1786132511.1353455,0.006858799999463372,0.006231500010471791,0.01,TELEOP,0,,0.0,7.4099999999998865,741,0.0,0.0,0.04316666666666856,0.02385057129962552,0.0,0.0,0.9997155346640771,2.340601164516134e-13,4.8954073037793145e-05,0.044742828995962824,0.018181979552292806,0.0,0.0,0.9998346941467675,-0.01599999999992979,-0.22147322400154074,0.293194517702149,-0.121507210316935,0.0,0.0,0.9925905489379778,-0.01599999999992053,-0.22145715571051183,0.29324700202469617,-0.12190461952759593,0.0,0.0,0.9925418196417882,-0.01600000000178836,-0.22145715598317364,0.2932470019382618,-0.12190461955245928,-2.941881834756192e-14,1.0532664177820977e-13,0.9925418196387346,-0.016000006070198768,-0.22141137118604703,0.2940751754296047,-0.12562042225456999,7.126817403505576e-10,-3.416440304151347e-09,0.9920783787143955,-0.016000006070198768,-0.22141137118604703,0.2940751754296047,-0.12562042225456999,7.126817403505576e-10,-3.416440304151347e-09,0.9920783787143955,-2.0540747956743785e-11,-0.5297518569260037,0.6789381966229923,-5.249326205021692e-11,0.3936035172613498,-5.3534013801573406e-11,-6.498031386005587e-08,-0.5285865515505637,0.6751444241559348,-1.4517857281023407e-07,0.39846423800181185,-1.4772894867423826e-07,-6.498031386005587e-08,-0.5285865515505637,0.6751444241559348,-1.4517857281023407e-07,0.39846423800181185,-1.4772894867423826e-07,3.4567266926838344e-06,0.002841637875839736,0.008022001811444421,7.1430356671369745e-06,-0.04446254115772929,7.20853043237074e-06,-2.3884860839630512e-05,-0.11196102589260563,0.2205569899847436,-4.853089726036998e-05,0.00228475658243521,-4.8883555522753415e-05,0.0,True,False,1,True,True,0.0028446000069379807,3,2.860399445019772e-10,5.010083430373544e-11,`gtol` termination condition is satisfied.,True,True,0.009999999999999787,0.004857663532036427,1.0,0.0008294381106796553,0.007489187832078642,0.0008294380093262657,0.007489187882178945
7.419999999999886,1786132511.1462934,0.0064611999987391755,0.01071869999577757,0.01,TELEOP,0,,0.0,7.419999999999886,742,0.0,0.0,0.0430000000000019,0.024432178152646537,0.0,0.0,0.9997014897811833,2.1267926474781385e-13,4.448218228216408e-05,0.04458361343297639,0.01875330204136536,0.0,0.0,0.9998241413681436,-0.015999999999936204,-0.22148688226196597,0.2931487277980268,-0.12122361234172246,0.0,0.0,0.9926252242467063,-0.015999999999927725,-0.22147080219247928,0.2932018875597984,-0.12162303901653242,0.0,0.0,0.9925763629970155,-0.016000000001911846,-0.22147080246702966,0.29320188747640635,-0.12162303904133054,-3.5976872809786056e-14,1.411837816014669e-13,0.9925763629939769,-0.016000002953761375,-0.22142559355779035,0.29403070294519645,-0.12534109509904365,-4.021004555814455e-11,-6.54986425333811e-10,0.9921137081400361,-0.016000002953761375,-0.22142559355779035,0.29403070294519645,-0.12534109509904365,-4.021004555814455e-11,-6.54986425333811e-10,0.9921137081400361,-2.199343589841073e-11,-0.5297369075964676,0.6790427967240525,-5.6418688379254e-11,0.39315568382939664,-5.753007165892975e-11,-3.2842553063064705e-08,-0.5285684917870206,0.6752450312042627,-7.869295312452245e-08,0.39801979974833535,-8.062525708165656e-08,-3.2842553063064705e-08,-0.5285684917870206,0.6752450312042627,-7.869295312452245e-08,0.39801979974833535,-8.062525708165656e-08,3.213776079699185e-06,0.0018059763543086923,0.010060704832794675,6.648561968571303e-06,-0.0444438253476513,6.7103691592583135e-06,-2.4295061298465463e-05,-0.10356615215310656,0.20387030213502977,-4.9447369856568206e-05,0.001871581007798634,-4.981612731124372e-05,0.0,True,False,1,True,True,0.004989599998225458,3,2.869426540943537e-10,4.996800126432435e-11,`gtol` termination condition is satisfied.,True,True,0.009999999999999787,0.004860720740462066,1.0,0.0008300475448967222,0.007493465629280258,0.0008300474466749758,0.007493465679247443
7.429999999999886,1786132511.156009,0.01106459999573417,0.009369399995193817,0.01,TELEOP,0,,0.0,7.429999999999886,743,0.0,0.0,0.042833333333335236,0.025013776736259943,0.0,0.0,0.9996871065355343,1.932515045254902e-13,4.0418795555671055e-05,0.044423717003884214,0.019325566574672475,0.0,0.0,0.9998132437993448,-0.015999999999942033,-0.22150047501334824,0.2931027088754711,-0.12093953377916235,0.0,0.0,0.9926598758735435,-0.015999999999934275,-0.22148438457991207,0.2931564896745904,-0.12134080439607568,0.0,0.0,0.9926109052335227,-0.016000000002024284,-0.2214843848561708,0.2931564895939651,-0.12134080442081381,-4.185873645072566e-14,1.735391541331627e-13,0.9926109052304986,-0.016000000073041906,-0.22143903559557968,0.2939838653220935,-0.12505726272416826,-7.227007515108699e-10,1.9073008589811223e-09,0.9921495255453879,-0.016000000073041906,-0.22143903559557968,0.2939838653220935,-0.12505726272416826,-7.227007515108699e-10,1.9073008589811223e-09,0.9921495255453879,-2.3315617311719886e-11,-0.5297227644712139,0.6791493727292394,-6.000498723702019e-11,0.3927077218623251,-6.117885680500773e-11,-3.1550276280050298e-09,-0.5285599527863019,0.675364367814709,-1.7201739606111118e-08,0.39757550858621793,-1.855406702300621e-08,-3.1550276280050298e-09,-0.5285599527863019,0.675364367814709,-1.7201739606111118e-08,0.39757550858621793,-1.855406702300621e-08,2.968752543506031e-06,0.0008539000718709571,0.011933661044628865,6.149121351841264e-06,-0.044429116211743024,6.207119005865167e-06,-2.4502353619315918e-05,-0.09520762824377556,0.18729562118342294,-4.994406167300492e-05,0.001470913590827817,-5.0325015339315704e-05,0.0,True,False,1,True,True,0.004540699999779463,3,2.8779106131704365e-10,4.984579925046668e-11,`gtol` termination condition is satisfied.,True,True,0.009999999999999787,0.004864115918938705,1.0,0.0008286176144230174,0.007489979953512052,0.0008286175187993009,0.007489980003356641
7.439999999999886,1786132511.1631854,0.009671899999375455,0.006873799997265451,0.01,TELEOP,0,,0.0,7.439999999999886,744,0.0,0.0,0.04266666666666857,0.025595366853615662,0.0,0.0,0.9996723849319981,1.7559842538322076e-13,3.67265959240803e-05,0.0442632019179118,0.019898686171868817,0.0,0.0,0.9998020015426222,-0.015999999999947327,-0.22151400823902503,0.29305648185883104,-0.12065501767576943,0.0,0.0,0.9926944981763824,-0.015999999999940232,-0.22149790866848548,0.29311083310822206,-0.12105797300722786,0.0,0.0,0.9926454388004718,-0.016000000002179555,-0.2214979089458258,0.29311083303413776,-0.12105797303167365,2.6015514095220978e-15,2.1331728922206125e-14,0.9926454387974906,-0.015999997428600556,-0.2214517620751916,0.2939348676621,-0.12476930722133424,-1.3358848525790284e-09,4.2682325294824825e-09,0.992185778962543,-0.015999997428600556,-0.2214517620751916,0.2939348676621,-0.12476930722133424,-1.3358848525790284e-09,4.2682325294824825e-09,0.992185778962543,-2.4897885216426098e-11,-0.5297093421181978,0.6792577432518927,-6.333386492628677e-11,0.39225965102628313,-6.450734664033168e-11,2.4080274366235757e-08,-0.5285601072393368,0.675500797037043,3.9284222825635374e-08,0.39713132601011075,3.847292358406481e-08,2.4080274366235757e-08,-0.5285601072393368,0.675500797037043,3.9284222825635374e-08,0.39713132601011075,3.847292358406481e-08,2.7235301994241367e-06,-1.5445303490423763e-05,0.013642922233398445,5.64859624317477e-06,-0.04441825761071916,5.702699060707223e-06,-2.4522234408189938e-05,-0.08693453753613994,0.1709261188769616,-5.005251086665048e-05,0.0010858601023862788,-5.044199451579543e-05,0.0,True,False,1,True,True,0.0034368999913567677,4,2.870734206917306e-10,4.925388654058304e-11,`gtol` termination condition is satisfied.,True,True,0.009999999999999787,0.00486778672389282,1.0,0.000825325754933634,0.007479386319821423,0.0008253256654582,0.00747938636907523
7.449999999999886,1786132511.1726456,0.007100100003299303,0.009234299999661744,0.01,TELEOP,0,,0.0,7.449999999999886,745,0.0,0.0,0.04250000000000191,0.0261769483078665,0.0,0.0,0.9996573249755575,1.5955791429819612e-13,3.3371675418945636e-05,0.04410212470086374,0.020472581789875835,0.0,0.0,0.9997904147344367,-0.01599999999995214,-0.2215274873757846,0.29301006576083544,-0.12037010314465556,0.0,0.0,0.9927290860395626,-0.015999999999945655,-0.22151137973401683,0.2930649405164215,-0.1207745971992626,0.0,0.0,0.9926799568195965,-0.016000000002270164,-0.22151138001270293,0.29306494044457826,-0.12077459722366005,3.268368266310066e-15,2.68633332225678e-14,0.9926799568166281,-0.01599999501930898,-0.22146383699866493,0.2938839113119386,-0.1244776037044241,-1.8813383584849515e-09,6.42710725277603e-09,0.9922224176947446,-0.01599999501930898,-0.22146383699866493,0.2938839113119386,-0.1244776037044241,-1.8813383584849515e-09,6.42710725277603e-09,0.9922224176947446,-2.593740454003283e-11,-0.5296965625625333,0.6793677422516582,-6.608348704568399e-11,0.39181148880451827,-6.729490131830038e-11,4.8878563612548367e-08,-0.528568140872141,0.6756527109437285,9.078975570534282e-08,0.39668721533475143,9.048002456773153e-08,4.8878563612548367e-08,-0.528568140872141,0.6756527109437285,9.078975570534282e-08,0.39668721533475143,9.048002456773153e-08,2.479828924631314e-06,-0.0008033632804193342,0.01519139066854241,5.150553287970854e-06,-0.044411067535931784,5.200710098366783e-06,-2.437012747928279e-05,-0.07879179769289273,0.15484684351439978,-4.98042955203926e-05,0.0007190074787373144,-5.019889623404514e-05,0.0,True,False,1,True,True,0.004555499996058643,4,2.8780687944655074e-10,4.915472059108361e-11,`gtol` termination condition is satisfied.,True,True,0.009999999999999787,0.004871674983827623,1.0,0.0008203496936024113,0.007462336147780895,0.0008203496057288087,0.007462336196935585
7.459999999999885,1786132511.1796439,0.00954970000020694,0.006682299994281493,0.01,TELEOP,0,,0.0,7.459999999999885,746,0.0,0.0,0.04233333333333525,0.026758520902168206,0.0,0.0,0.9996419266713098,1.449826668982776e-13,3.032322361469794e-05,0.0439405367143171,0.021047181597244818,0.0,0.0,0.9997784835386351,-0.015999999999956514,-0.22154091736379639,0.29296347785722393,-0.12008482572501417,0.0,0.0,0.9927636348248222,-0.01599999999995059,-0.22152480257856774,0.29301883263598916,-0.12049072474777718,0.0,0.0,0.9927144530275338,-0.016000000002352285,-0.22152480285846543,0.29301883256617545,-0.12049072477213045,3.869455608432567e-15,3.1879899999861834e-14,0.9927144530245778,-0.01599999284249793,-0.22147532325321317,0.2938311929301867,-0.12418251861972779,-2.3610585777846465e-09,8.384606315842658e-09,0.9922593925326487,-0.01599999284249793,-0.22147532325321317,0.2938311929301867,-0.12418251861972779,-2.3610585777846465e-09,8.384606315842658e-09,0.9922593925326487,-2.6879140595488347e-11,-0.5296843546349314,0.6794792176316985,-6.85882218599896e-11,0.39136325058727234,-6.983244311275255e-11,7.127070762477149e-08,-0.5285832565200087,0.675818538321301,1.3737220012335807e-07,0.39624314190492566,1.3752438201796196e-07,7.127070762477149e-08,-0.5285832565200087,0.675818538321301,1.3737220012335807e-07,0.39624314190492566,1.3752438201796196e-07,2.2392144012223594e-06,-0.0015115647867665716,0.016582737757254138,4.658244441801625e-06,-0.044407342982575725,4.704435745023142e-06,-2.406145234089594e-05,-0.07082015063472524,0.1391347088711759,-4.923088461692398e-05,0.00037245533560560884,-4.962743533436516e-05,0.0,True,False,1,True,True,0.003431100005400367,4,2.8848299473738383e-10,4.906402665191101e-11,`gtol` termination condition is satisfied.,True,True,0.009999999999999787,0.00487572653023316,1.0,0.0008138658319426599,0.007439472513144582,0.0008138657452415172,0.007439472562208619
7.469999999999885,1786132511.186957,0.006899500003783032,0.007096399989677593,0.01,TELEOP,0,,0.0,7.469999999999885,747,0.0,0.0,0.04216666666666858,0.027340084439679505,0.0,0.0,0.9996261900244667,1.3173883472591894e-13,2.7553244656654225e-05,0.043778484627389716,0.021622420314832337,0.0,0.0,0.9997662081405477,-0.015999999999960487,-0.22155430269197915,0.29291673384542644,-0.11979921770876183,0.0,0.0,0.9927981403268082,-0.015999999999955078,-0.22153818157248428,0.29297252843780613,-0.12020639924017544,0.0,0.0,0.9927489217227645,-0.016000000002426625,-0.22153818185347143,0.2929725283698282,-0.12020639926448794,4.4104632880063825e-15,3.6424461199861624e-14,0.9927489217198207,-0.015999990894103356,-0.22148628230253525,0.29377690365142084,-0.12388440822754644,-2.7774057185900754e-09,1.014268812131143e-08,0.9922966559442346,-0.015999990894103356,-0.22148628230253525,0.29377690365142084,-0.12388440822754644,-2.7774057185900754e-09,1.014268812131143e-08,0.9922966559442346,-2.7731365088914274e-11,-0.5296726534140441,0.6795920302601649,-7.086847237782675e-11,0.390914950031051,-7.21408451600668e-11,9.130171158743538e-08,-0.5286046777867627,0.6759967515558735,1.7911830841906845e-07,0.3957990732617946,1.796928449385683e-07,9.130171158743538e-08,-0.5286046777867627,0.6759967515558735,1.7911830841906845e-07,0.3957990732617946,1.796928449385683e-07,2.0031003962664313e-06,-0.0021421266753939424,0.017821323457249526,4.174610829571127e-06,-0.044406864313107385,4.216846292060723e-06,-2.36114004955933e-05,-0.06305618886273841,0.12385856999954148,-4.8363361223050757e-05,4.7866946834007607e-05,-4.8758945296243e-05,0.0,True,False,1,True,True,0.0039117999986046925,4,2.891035968549338e-10,4.898022720619385e-11,`gtol` termination condition is satisfied.,True,True,0.009999999999999787,0.004879891317653318,1.0,0.0008060478627895572,0.007411426307777287,0.0008060477768605665,0.00741142635675747
7.479999999999885,1786132511.1960585,0.007323300000280142,0.00887489999877289,0.01,TELEOP,0,,0.0,7.479999999999885,748,0.0,0.0,0.04200000000000192,0.02792163872356219,0.0,0.0,0.9996101150403546,1.197047960714083e-13,2.503630014056284e-05,0.04361601084541492,0.022198238616730894,0.0,0.0,0.9997535887419033,-0.015999999999964095,-0.22156764743922405,0.292869847988748,-0.1195133084373357,0.0,0.0,0.992832598732718,-0.01599999999995916,-0.2215515206927475,0.29292604526896665,-0.11992166043077354,0.0,0.0,0.9927833577168417,-0.01600000000249384,-0.22155152097471253,0.2929260452026469,-0.11992166045504898,4.896571351131568e-15,4.053652894234367e-14,0.9927833577139094,-0.01599998916881008,-0.2214967739102315,0.29372122834624165,-0.12358361725418951,-3.1330465336859144e-09,1.1704481881702161e-08,0.9923341622388951,-0.01599998916881008,-0.2214967739102315,0.29372122834624165,-0.12358361725418951,-3.1330465336859144e-09,1.1704481881702161e-08,0.9923341622388951,-2.8501687135150387e-11,-0.5296613996921973,0.6797060528993408,-7.294303251403349e-11,0.3904665992384153,-7.423933121927368e-11,1.0902922762769282e-07,-0.5286316522945194,0.6761858727246723,2.161411906661671e-07,0.3953549792693176,2.1709888675280624e-07,1.0902922762769282e-07,-0.5286316522945194,0.6761858727246723,2.161411906661671e-07,0.3953549792693176,2.1709888675280624e-07,1.7727516040257818e-06,-0.002697450775662907,0.0189121168798866,3.7022882247099442e-06,-0.04440939924769515,3.7406041814238757e-06,-2.303487922406544e-05,-0.055532410026897634,0.10907934226370977,-4.723226048611929e-05,-0.000253493458776966,-4.762421106368571e-05,0.0,True,False,1,True,True,0.005570499997702427,4,2.896705225091125e-10,4.8903846099976723e-11,`gtol` termination condition is satisfied.,True,True,0.009999999999999787,0.004884123230743609,1.0,0.0007970655387380929,0.007378812807923446,0.0007970654532080164,0.007378812856827272
7.489999999999885,1786132511.2032652,0.009099499991862103,0.006981900005484931,0.01,TELEOP,0,,0.0,7.489999999999885,749,0.0,0.0,0.041833333333335256,0.028503183556981213,0.0,0.0,0.9995937017244142,1.0877003908765826e-13,2.2749275481815214e-05,0.04345315389945859,0.02277458258595036,0.0,0.0,0.9997406255564669,-0.015999999999967377,-0.22158095531185124,0.29282283324738256,-0.11922712457137319,0.0,0.0,0.9928670065856969,-0.015999999999962874,-0.2215648235579647,0.2928793989846343,-0.1196365445676195,0.0,0.0,0.9928177562896023,-0.016000000002554523,-0.2215648238408059,0.29287939891981046,-0.11963654459186096,5.332540723144736e-15,4.4252505664784285e-14,0.9928177562866811,-0.01599998766019248,-0.22150685589482785,0.2936643449752217,-0.12328047771180273,-3.4309004676081386e-09,1.3074181285909921e-08,0.9923718677064307,-0.01599998766019248,-0.22150685589482785,0.2936643449752217,-0.12328047771180273,-3.4309004676081386e-09,1.3074181285909921e-08,0.9923718677064307,-2.9197023107508594e-11,-0.5296505394882496,0.6798211692435087,-7.482900244146989e-11,0.390018208942721,-7.614539052447553e-11,1.2452210049340942e-07,-0.5286634545321416,0.6763844789107855,2.485773325894201e-07,0.3949108322045013,2.4987959847041805e-07,1.2452210049340942e-07,-0.5286634545321416,0.6763844789107855,2.485773325894201e-07,0.3949108322045013,2.4987959847041805e-07,1.5492872865716934e-06,-0.0031802237622258643,0.01986061861131014,3.2436141923253695e-06,-0.04441470648163488,3.2780711717612494e-06,-2.2346431745409317e-05,-0.04827729865629678,0.09485017314235593,-4.5867403238458466e-05,-0.0005307233939729969,-4.62533009662636e-05,0.0,True,False,1,True,True,0.003717800005688332,4,2.9018612115821617e-10,4.8833718456589864e-11,`gtol` termination condition is satisfied.,True,True,0.009999999999999787,0.004888380030902306,1.0,0.000787083599637873,0.007342228638433083,0.0007870835141591349,0.007342228687266739
7.4999999999998845,1786132511.2104309,0.007200800013379194,0.006946800000150688,0.01,TELEOP,0,,0.0,7.4999999999998845,750,0.0,0.0,0.04166666666666859,0.029084718743104695,0.0,0.0,0.9995769500822008,9.88341469298832e-14,2.067116762826276e-05,0.043289948800254933,0.023351403219848535,0.0,0.0,0.9997273188063154,-0.015999999999970357,-0.22159422967764444,0.2927757013974588,-0.11894069033575069,0.0,0.0,0.9929013607516384,-0.01599999999996625,-0.2215780934602977,0.2928326040702093,-0.11935108469301689,0.0,0.0,0.9928521131480763,-0.016000000002609257,-0.2215780937439223,0.29283260400673283,-0.11935108471722726,5.722743403205652e-15,4.760590053405179e-14,0.992852113145166,-0.015999986360851263,-0.22151658391572243,0.293606424034286,-0.12297530788233295,-3.6740886772667504e-09,1.4256938853214255e-08,0.992409730731841,-0.015999986360851263,-0.22151658391572243,0.293606424034286,-0.12297530788233295,-3.6740886772667504e-09,1.4256938853214255e-08,0.992409730731841,-2.982369607596937e-11,-0.5296400235998168,0.6799372730269987,-7.654203374542847e-11,0.38956978867056924,-7.787502847817197e-11,1.3785895670233385e-07,-0.528699388312932,0.6765912067627518,2.7658369966751906e-07,0.3944666068149896,2.7819276842337556e-07,1.3785895670233385e-07,-0.528699388312932,0.6765912067627518,2.7658369966751906e-07,0.3944666068149896,2.7819276842337556e-07,1.3336856208924699e-06,-0.0035933780790370204,0.0206727851966268,2.8006367078099555e-06,-0.04442253895117368,2.8313169952958104e-06,-2.1560166567922822e-05,-0.04131543168111651,0.0812166585316677,-4.4297748451542353e-05,-0.000783246953879833,-4.467541764654487e-05,0.0,True,False,1,True,True,0.0036780000082217157,4,2.906529824367204e-10,4.8769418812170655e-11,`gtol` termination condition is satisfied.,True,True,0.009999999999999787,0.0048926232617803045,1.0,0.0007762608415949183,0.007302249121826804,0.0007762607558440476,0.007302249170596147
7.509999999999884,1786132511.2176535,0.00721019999764394,0.006959000005736016,0.01,TELEOP,0,,0.0,7.509999999999884,751,0.0,0.0,0.04150000000000193,0.029666244085104033,0.0,0.0,0.9995598601193842,8.980587560042623e-14,1.8782892166663843e-05,0.04312642735981099,0.023928655980765753,0.0,0.0,0.9997136687186758,-0.015999999999973067,-0.22160747359677593,0.2927284631392113,-0.11865402774223191,0.0,0.0,0.9929356583890749,-0.015999999999969323,-0.22159133339459428,0.2927856737543811,-0.11906531091963847,0.0,0.0,0.992886424388817,-0.01600000000265853,-0.22159133367891776,0.2927856736921163,-0.11906531094382046,6.071190977044213e-15,5.062753440533652e-14,0.992886424385917,-0.0159999852625456,-0.2215260112892036,0.2935476280885621,-0.12266841146093872,-3.86588621574514e-09,1.525876163184572e-08,0.9924477118869536,-0.0159999852625456,-0.2215260112892036,0.2935476280885621,-0.12266841146093872,-3.86588621574514e-09,1.525876163184572e-08,0.9924477118869536,-3.0387838682368484e-11,-0.5296298071919283,0.6800542671983053,-7.80973534616731e-11,0.3891213468845959,-7.944380968829764e-11,1.4912684333453534e-07,-0.528738788854205,0.6768047563245233,3.003349403431309e-07,0.3940222803473094,3.022140616286349e-07,1.4912684333453534e-07,-0.528738788854205,0.6768047563245233,3.003349403431309e-07,0.3940222803473094,3.022140616286349e-07,1.126788663220174e-06,-0.003940054127309181,0.02135495617715341,2.375124067561232e-06,-0.04443264676801594,2.4021293205259853e-06,-2.0689695767230046e-05,-0.034667604827216786,0.06821709805266248,-4.255126402487329e-05,-0.0010107816842261595,-4.291876747698341e-05,0.0,True,False,1,True,True,0.003744000001461245,4,2.9107383907064387e-10,4.8710610141344716e-11,`gtol` termination condition is satisfied.,True,True,0.009999999999999787,0.004896818144420334,1.0,0.0007647493164942142,0.0072594259988225385,0.0007647492301709834,0.007259426047533035
7.519999999999884,1786132511.2252905,0.0071730999916326255,0.007423200004268438,0.01,TELEOP,0,,0.0,7.519999999999884,752,0.0,0.0,0.04133333333333527,0.030247759386153955,0.0,0.0,0.999542431841749,8.160231603033387e-14,1.7067108050952887e-05,0.042962618483632906,0.024506300387733427,0.0,0.0,0.9996996755232576,-0.015999999999975527,-0.22162068984990638,0.2926811281952705,-0.11836715679177093,0.0,0.0,0.9929698969218717,-0.015999999999972116,-0.22160454608496521,0.292738620113623,-0.11877925068401406,0.0,0.0,0.9929206864633974,-0.016000000002702835,-0.2216045463699106,0.29273862005244594,-0.11877925070816996,6.381561487954026e-15,5.334573396631731e-14,0.9929206864605077,-0.015999984356320458,-0.22153518883353734,0.2934881113913311,-0.12236007685328482,-4.009677592095737e-09,1.6086408840964314e-08,0.9924857740000398,-0.015999984356320458,-0.22153518883353734,0.2934881113913311,-0.12236007685328482,-4.009677592095737e-09,1.6086408840964314e-08,0.9924857740000398,-3.089468064879797e-11,-0.5296198494193883,0.6801720631562815,-7.950793544982455e-11,0.38867289110894354,-8.086499773746643e-11,1.58419921788948e-07,-0.5287810244931858,0.6770238941647011,3.2002069951606284e-07,0.3935778325488917,3.2213431007632847e-07,1.58419921788948e-07,-0.5287810244931858,0.6770238941647011,3.2002069951606284e-07,0.3935778325488917,3.2213431007632847e-07,9.293078454412858e-07,-0.004223563898077392,0.021913784017778278,1.9685759172932346e-06,-0.044444779841768686,1.9920248447694033e-06,-1.974808177788924e-05,-0.02835097707682167,0.05588278406248772,-4.06548150268006e-05,-0.0012133073752744472,-4.1010447575659066e-05,0.0,True,False,1,True,True,0.004064900000230409,4,2.9145146323419953e-10,4.865639913941921e-11,`gtol` termination condition is satisfied.,True,True,0.009999999999999787,0.00490093346271353,1.0,0.0007526936529295333,0.007214285505382276,0.0007526935657562297,0.0072142855540385615
7.529999999999884,1786132511.232571,0.007651699997950345,0.007051499997032806,0.01,TELEOP,0,,0.0,7.529999999999884,753,0.0,0.0,0.0411666666666686,0.030829264449432594,0.0,0.0,0.9995246652551937,7.414813270284605e-14,1.550805834240981e-05,0.042798548436257355,0.025084299645503752,0.0,0.0,0.9996853394500165,-0.015999999999977765,-0.22163388096371725,0.2926337053999734,-0.11808009565832916,0.0,0.0,0.9930040740144623,-0.015999999999974656,-0.2216177340090259,0.29269145416866865,-0.11849292897907457,0.0,0.0,0.9929548961468291,-0.01600000000274257,-0.22161773429452294,0.29269145410846586,-0.11849292900320688,6.657224703758432e-15,5.5786514284649576e-14,0.9929548961439493,-0.01599998363262797,-0.2215441647419963,0.2934280195843524,-0.12205057662040711,-4.108915849039435e-09,1.674729199734581e-08,0.9925238822046681,-0.01599998363262797,-0.2215441647419963,0.2934280195843524,-0.12205057662040711,-4.108915849039435e-09,1.674729199734581e-08,0.9925238822046681,-3.134900301218062e-11,-0.5296101130803009,0.680290580044565,-8.078565369936389e-11,0.3882244280395086,-8.215073007268224e-11,1.6583822099165994e-07,-0.5288254980552175,0.6772474558368076,3.3584305177757166e-07,0.3931332456468048,3.3815692350889217e-07,1.6583822099165994e-07,-0.5288254980552175,0.6772474558368076,3.3584305177757166e-07,0.3931332456468048,3.3815692350889217e-07,7.418299202712103e-07,-0.004447356203178693,0.022356167210646673,1.5822352261509162e-06,-0.044458690208692926,1.6022613432564049e-06,-1.874779251700795e-05,-0.022379230510130608,0.04423831928684043,-3.8634069114232664e-05,-0.0013910366924243384,-3.897635015130066e-05,0.0,True,False,1,True,True,0.003866400002152659,4,2.917886192296363e-10,4.8607199966179066e-11,`gtol` termination condition is satisfied.,True,True,0.009999999999999787,0.004904941439948185,1.0,0.0007402304908573301,0.007167326790030957,0.0007402304025778122,0.007167326838638027
7.539999999999884,1786132511.239524,0.007269200010341592,0.006735600007232279,0.01,TELEOP,0,,0.0,7.539999999999884,754,0.0,0.0,0.04100000000000194,0.03141075907812153,0.0,0.0,0.9995065603657318,6.737487182687391e-14,1.409142549890086e-05,0.042634241082526496,0.0256626203074904,0.0,0.0,0.9996706607272986,-0.015999999999979794,-0.22164704923411102,0.292586202780516,-0.1177928608558941,0.0,0.0,0.9930381875493933,-0.015999999999976963,-0.22163089942000389,0.2926441859734899,-0.11820636856733405,0.0,0.0,0.9929890505086769,-0.016000000002778143,-0.22163089970598868,0.292644185914158,-0.1182063685914447,6.901265810446748e-15,5.797375079858126e-14,0.9929890505058068,-0.01599998308144312,-0.22155298448259095,0.29336748947554403,-0.1217401670642079,-4.167085236097055e-09,1.72493780112854e-08,0.9925620039691115,-0.01599998308144312,-0.22155298448259095,0.29336748947554403,-0.1217401670642079,-4.167085236097055e-09,1.72493780112854e-08,0.9925620039691115,-3.175568341077348e-11,-0.529600564298382,0.6804097441004877,-8.194267820370221e-11,0.3877759636407887,-8.331343849561916e-11,1.7148645375612464e-07,-0.5288716478915464,0.6774743477047362,3.4801406222245644e-07,0.39268850430596114,3.504954286210522e-07,1.7148645375612464e-07,-0.5288716478915464,0.6774743477047362,3.4801406222245644e-07,0.39268850430596114,3.504954286210522e-07,5.648232764464807e-07,-0.004614983632889131,0.022689186792870658,1.2171010444885037e-06,-0.04447413408436858,1.2338505112160263e-06,-1.7700664382473333e-05,-0.01676274297104419,0.033301958222399015,-3.651341816624203e-05,-0.0015443875675655652,-3.684108320403864e-05,0.0,True,False,1,True,True,0.0033977000130107626,4,2.9208804362975846e-10,4.8561902728069063e-11,`gtol` termination condition is satisfied.,True,True,0.009999999999999787,0.004908817607296223,1.0,0.0007274880234321411,0.007119020654153134,0.000727487933812009,0.007119020702714902
7.5499999999998835,1786132511.246688,0.006961099992622621,0.006938499995158054,0.01,TELEOP,0,,0.0,7.5499999999998835,755,0.0,0.0,0.040833333333335275,0.03199224307540591,0.0,0.0,0.9994881171794912,6.122033270723456e-14,1.2804199884013978e-05,0.04246971810682206,0.026241231969521397,0.0,0.0,0.9996556395803116,-0.01599999999998164,-0.22166019674729148,0.29253862763069205,-0.11750546739023505,0.0,0.0,0.9930722356069585,-0.015999999999979062,-0.22164404436689508,0.2925968246972759,-0.11791959017619441,0.0,0.0,0.9930231468866566,-0.016000000002809912,-0.22164404465330942,0.2925968246387205,-0.11791959020028533,7.116507608034782e-15,5.992934148551632e-14,0.9930231468837959,-0.015999982692372978,-0.2215616907231701,0.2933066488897515,-0.12142908794611262,-4.1876674981973624e-09,1.760109568047749e-08,0.9926001091076784,-0.015999982692372978,-0.2215616907231701,0.2933066488897515,-0.12142908794611262,-4.1876674981973624e-09,1.760109568047749e-08,0.9926001091076784,-3.211848262262643e-11,-0.5295911722318517,0.6805294880549179,-8.298835436017713e-11,0.3873275032309858,-8.436267545938859e-11,1.754728992607816e-07,-0.5289189486049889,0.677703548169436,3.567534811679286e-07,0.3922435955693893,3.593711430898621e-07,1.754728992607816e-07,-0.5289189486049889,0.677703548169436,3.567534811679286e-07,0.3922435955693893,3.593711430898621e-07,3.9864455046570307e-07,-0.004730071344249278,0.022920046469979777,8.739418945472353e-07,-0.04449087365718185,8.875714468810095e-07,-1.661787259807812e-05,-0.011508771136014943,0.02308596771091242,-3.431591499412758e-05,-0.0016739572813268453,-3.462790643350242e-05,0.0,True,False,1,True,True,0.003467400005320087,4,2.923523880969563e-10,4.852045502822444e-11,`gtol` termination condition is satisfied.,True,True,0.009999999999999787,0.004912540665172438,1.0,0.000714585640396419,0.007069808597090011,0.00071458554922276,0.007069808645610391
7.559999999999883,1786132511.2534957,0.00719770000432618,0.006548699995619245,0.01,TELEOP,0,,0.0,7.559999999999883,756,0.0,0.0,0.04066666666666861,0.03257371624447443,0.0,0.0,0.999469335702714,5.5627996538764703e-14,1.1634560288351168e-05,0.0423049992122719,0.02682010699158874,0.0,0.0,0.9996402762298845,-0.01599999999998332,-0.2216733253989187,0.2924909865778959,-0.1172179288967901,0.0,0.0,0.9931062164467339,-0.01599999999998097,-0.22165717071283708,0.29254937869989056,-0.11763261267676181,0.0,0.0,0.9930571828625172,-0.016000000002838237,-0.22165717099962798,0.29254937864202546,-0.11763261270083468,7.305531231993176e-15,6.167335747556356e-14,0.9930571828596657,-0.015999982454759535,-0.22157032328048243,0.2932456165881493,-0.12111756233101141,-4.174111749288144e-09,1.781124595649473e-08,0.9926381697753685,-0.015999982454759535,-0.22157032328048243,0.2932456165881493,-0.12111756233101141,-4.174111749288144e-09,1.781124595649473e-08,0.9926381697753685,-3.2441650464057076e-11,-0.5295819088068395,0.6806497505795835,-8.393332474444857e-11,0.3868790515567868,-8.530930708178832e-11,1.7790835388372243e-07,-0.5289669114826018,0.6779341083343702,3.6228657760063463e-07,0.3917985087829999,3.650109893224036e-07,1.7790835388372243e-07,-0.5289669114826018,0.6779341083343702,3.6228657760063463e-07,0.3917985087829999,3.650109893224036e-07,2.435454622940883e-07,-0.004796287761291446,0.023056016493417247,5.533096432706162e-07,-0.04450867863894621,5.639846232541656e-07,-1.5509908817161806e-05,-0.006621641704216956,0.01359700234374742,-3.2063225127662587e-05,-0.0017804981764360517,-3.235868236268507e-05,0.0,True,False,1,True,True,0.0033937000116566196,4,2.9258426533195524e-10,4.848249834695313e-11,`gtol` termination condition is satisfied.,True,True,0.009999999999999787,0.0049160923384035105,1.0,0.0007016336681285005,0.0070201021472584306,0.0007016335752096037,0.007020102195740755
7.569999999999883,1786132511.2603457,0.0067626999953063205,0.006636000005528331,0.01,TELEOP,0,,0.0,7.569999999999883,757,0.0,0.0,0.04050000000000195,0.03315517838851948,0.0,0.0,0.9994502159417574,5.054650737877442e-14,1.0571765365583373e-05,0.04214010230175835,0.027399220245036045,0.0,0.0,0.9996245708914743,-0.015999999999984842,-0.22168643691151374,0.2924432856440039,-0.11693025776595102,0.0,0.0,0.993140128490833,-0.015999999999982705,-0.22167028015185272,0.2925018556012642,-0.11734545324747275,0.0,0.0,0.9930911562400228,-0.016000000002863404,-0.2216702804389718,0.29250185554401104,-0.11734545327152932,7.470695480489458e-15,6.322418559342725e-14,0.9930911562371801,-0.015999982357775586,-0.22157891909173025,0.29318450225167153,-0.12080579654827893,-4.12980785706005e-09,1.7888916305665092e-08,0.9926761604472707,-0.015999982357775586,-0.22157891909173025,0.29318450225167153,-0.12080579654827893,-4.12980785706005e-09,1.7888916305665092e-08,0.9926761604472707,-3.272846882172265e-11,-0.5295727484733791,0.6807704757786085,-8.478577855064786e-11,0.38643061285909897,-8.616169925214093e-11,1.7890515199397002e-07,-0.5290150846550717,0.678165152148367,3.648421148627043e-07,0.3913532355071158,3.676454514868053e-07,1.7890515199397002e-07,-0.5290150846550717,0.678165152148367,3.648421148627043e-07,0.3913532355071158,3.676454514868053e-07,9.967981102476166e-08,-0.004817317247001409,0.023104381399686864,2.5555372620697033e-07,-0.04452732758840966,2.6344621644017505e-07,-1.4386565126932969e-05,-0.0021029485709962653,0.00483649062696179,-2.9775591706365226e-05,-0.0018648949463448995,-3.00538406813997e-05,0.0,True,False,1,True,True,0.003492399991955608,4,2.927859055297565e-10,4.844799279291072e-11,`gtol` termination condition is satisfied.,True,True,0.009999999999999787,0.004919457226213064,1.0,0.0006887332020171917,0.0069702824600215854,0.0006887331071832701,0.006970282508469431
7.579999999999883,1786132511.2678044,0.006855700004962273,0.0072388999979011714,0.01,TELEOP,0,,0.0,7.579999999999883,758,0.0,0.0,0.04033333333333529,0.0337366293107372,0.0,0.0,0.9994307579030925,4.592920053146989e-14,9.606054986133987e-06,0.04197504364239083,0.02797854888285966,0.0,0.0,0.9996085237743872,-0.01599999999998623,-0.22169953285027363,0.2923955303006947,-0.11664246525689814,0.0,0.0,0.9931739703087236,-0.015999999999984284,-0.2216833742241053,0.2924542623451515,-0.1170581275237398,0.0,0.0,0.9931250650248618,-0.01600000000288566,-0.22168337451150882,0.29245426228843857,-0.1170581275477812,7.614154798149291e-15,6.459865996146332e-14,0.993125065022028,-0.015999982390513978,-0.22158751220710152,0.2931234065237687,-0.12049398026145121,-4.058063228260901e-09,1.7843399435415302e-08,0.9927140578841184,-0.015999982390513978,-0.22158751220710152,0.2931234065237687,-0.12049398026145121,-4.058063228260901e-09,1.7843399435415302e-08,0.9927140578841184,-3.298201928992582e-11,-0.529563667982201,0.6808916127211454,-8.55534201947202e-11,0.38598219093085834,-8.69277204884125e-11,1.7857625766438274e-07,-0.529063053002941,0.6783958760651752,3.64650470767637e-07,0.39090776941688693,3.6750667805967856e-07,1.7857625766438274e-07,-0.529063053002941,0.6783958760651752,3.64650470767637e-07,0.39090776941688693,3.6750667805967856e-07,-3.288943295872949e-08,-0.004796834786924388,0.023072391680809046,-1.9164409506729017e-08,-0.04454660902288766,-1.3877342712676484e-08,-1.32569243983494e-05,0.0020482460077020518,-0.003198971887781744,-2.747181357137052e-05,-0.001928143447799934,-2.7732355915285743e-05,0.0,True,False,1,True,True,0.003905200006556697,4,2.9295998762821184e-10,4.841581903442482e-11,`gtol` termination condition is satisfied.,True,True,0.009999999999999787,0.00492262264801685,1.0,0.0006759760272317741,0.006920700162809525,0.000675975930334411,0.006920700211225169
7.589999999999883,1786132511.2749681,0.00745469999674242,0.0069478999939747155,0.01,TELEOP,0,,0.0,7.589999999999883,759,0.0,0.0,0.04016666666666863,0.0343180688143275,0.0,0.0,0.9994109615933053,4.1733674013371303e-14,8.728560602456904e-06,0.04180983801495304,0.028558072131010692,0.0,0.0,0.999592135081184,-0.015999999999987486,-0.2217126146374416,0.2923477255197151,-0.11635456160103103,0.0,0.0,0.9932077406034611,-0.015999999999985717,-0.22169645432979437,0.2924066052576658,-0.11677064973474248,0.0,0.0,0.9931589074063255,-0.016000000002905287,-0.22169645461744225,0.2924066052014281,-0.11677064975877027,7.737875985155805e-15,6.581218541976967e-14,0.9931589074035004,-0.015999982542069927,-0.22159613380173498,0.2930624211077299,-0.1201822866379846,-3.962082854061918e-09,1.768411660825457e-08,0.9927518410854069,-0.015999982542069927,-0.22159613380173498,0.2930624211077299,-0.1201822866379846,-3.962082854061918e-09,1.768411660825457e-08,0.9927518410854069,-3.320533045909945e-11,-0.5295546461806641,0.6810131150121489,-8.624384792683554e-11,0.3855337891678927,-8.761512704160165e-11,1.7703442770257472e-07,-0.5291104378299998,0.678625548259381,3.6194190316232846e-07,0.39046210619355914,3.648267309376825e-07,1.7703442770257472e-07,-0.5291104378299998,0.678625548259381,3.6194190316232846e-07,0.39046210619355914,3.648267309376825e-07,-1.5418299618080629e-07,-0.004738482705877268,0.022967219420584505,-2.7085676053086004e-07,-0.04456632233278189,-2.6799471219961485e-07,-1.2129356322207937e-05,0.005835208104712201,-0.010517226022454303,-2.5169235102413638e-05,-0.0019713309894233448,-2.5411736948694378e-05,0.0,True,False,1,True,True,0.003718099993420765,4,2.9310835622630616e-10,4.8386795104421567e-11,`gtol` termination condition is satisfied.,True,True,0.009999999999999787,0.004925578486028592,1.0,0.0006634446241605426,0.006871675427840364,0.0006634445250736219,0.006871675476226972
7.599999999999882,1786132511.2842588,0.0071715000085532665,0.009066900005564094,0.01,TELEOP,0,,0.0,7.599999999999882,760,0.0,0.0,0.040000000000001965,0.034899496702494134,0.0,0.0,0.999390827019096,3.7921399164376195e-14,7.931223802650898e-06,0.04164449884969739,0.029137771098778707,0.0,0.0,0.9995754050072437,-0.01599999999998863,-0.22172568356536462,0.2922998758185546,-0.116066556095945,0.0,0.0,0.9932414381992059,-0.01599999999998702,-0.22170952174181063,0.29235889010097693,-0.11648303282840916,0.0,0.0,0.9931926817406056,-0.016000000002922527,-0.22170952202966643,0.2923588900451548,-0.11648303285242455,7.843653688894428e-15,6.687885227887833e-14,0.993192681737789,-0.015999982801616488,-0.22160481220555653,0.29300162891378856,-0.11987087261046411,-3.8449524511192726e-09,1.7420545718838933e-08,0.9927894912314522,-0.015999982801616488,-0.22160481220555653,0.29300162891378856,-0.11987087261046411,-3.8449524511192726e-09,1.7420545718838933e-08,0.9927894912314522,-3.3401035370041876e-11,-0.529545663826265,0.6811349403984852,-8.686366660378933e-11,0.38508541061369833,-8.823066141421063e-11,1.7439144587134834e-07,-0.5291568963242221,0.678853507438369,3.569449608655948e-07,0.3900162434084263,3.59835981064748e-07,1.7439144587134834e-07,-0.5291568963242221,0.678853507438369,3.569449608655948e-07,0.3900162434084263,3.59835981064748e-07,-2.6429818312264283e-07,-0.004645849422238345,0.022795917898802587,-4.996942296733753e-07,-0.04458627851328674,-4.990749872934592e-07,-1.101151869418389e-05,0.009263328363892473,-0.01713015217819228,-2.288374691425202e-05,-0.00199561805048516,-2.3108027509384927e-05,0.0,True,False,1,True,True,0.005419399996753782,4,2.932331587256853e-10,4.836018485522097e-11,`gtol` termination condition is satisfied.,True,True,0.009999999999999787,0.004928317025666429,1.0,0.0006512122548091419,0.006823498252869948,0.0006512121534283846,0.006823498301229934
7.609999999999882,1786132511.2921174,0.009316600000602193,0.007609199994476512,0.01,TELEOP,0,,0.0,7.609999999999882,761,0.0,0.0,0.0398333333333353,0.035480912778444854,0.0,0.0,0.9993703541872795,3.445736682860395e-14,7.206722304365092e-06,0.04147903834973378,0.02971762860651286,0.0,0.0,0.9995583337404603,-0.015999999999989672,-0.22173874080835795,0.2922519853019467,-0.11577845719081888,0.0,0.0,0.9932750620299061,-0.015999999999988204,-0.2217225776172583,0.292311122122536,-0.11619528858555932,0.0,0.0,0.9932263865355766,-0.016000000002937585,-0.22172257790528901,0.2923111220670753,-0.1161952886095634,7.933124750627991e-15,6.781154258601298e-14,0.9932263865327684,-0.01599998315847301,-0.22161357294941852,0.2929411042512513,-0.11955987922063833,-3.7096245158885403e-09,1.706215426515675e-08,0.9928269916157326,-0.01599998315847301,-0.22161357294941852,0.2929411042512513,-0.11955987922063833,-3.7096245158885403e-09,1.706215426515675e-08,0.9928269916157326,-3.357171997923298e-11,-0.529536703416302,0.681257050407744,-8.74193856579538e-11,0.3846370579988892,-8.878096540127021e-11,1.7075742768167333e-07,-0.5292021208265099,0.6790791612897287,3.4988503889739977e-07,0.38957018040115493,3.527616495004599e-07,1.7075742768167333e-07,-0.5292021208265099,0.6790791612897287,3.4988503889739977e-07,0.38957018040115493,3.527616495004599e-07,-3.634018189675091e-07,-0.004522450228773939,0.022565385135968313,-7.059921968195151e-07,-0.04460630072713582,-7.074331564288258e-07,-9.910363584486838e-06,0.012339919346440822,-0.023053276283427813,-2.0629796714614426e-05,-0.0020022213849077083,-2.0835816913537094e-05,0.0,True,False,1,True,True,0.0040237999928649515,4,2.9333645747898685e-10,4.833571468367245e-11,`gtol` termination condition is satisfied.,True,True,0.009999999999999787,0.004930832794727946,1.0,0.0006393431262375496,0.006776428930555213,0.0006393430224810035,0.006776428978890772
7.619999999999882,1786132511.3039083,0.007988699988345616,0.011411300001782365,0.01,TELEOP,0,,0.0,7.619999999999882,762,0.0,0.0,0.03966666666666863,0.03606231684539135,0.0,0.0,0.9993495431047851,3.1309765855803994e-14,6.548402709291032e-06,0.04131346760314597,0.030297629029095944,0.0,0.0,0.9995409214610552,-0.015999999999990615,-0.22175178743348625,0.29220405769957924,-0.11549027256399669,0.0,0.0,0.9933086111290357,-0.01599999999998928,-0.22173562300794425,0.2922633061001709,-0.11590742772410392,0.0,0.0,0.9932600204369356,-0.0160000000029506,-0.22173562329611968,0.2922633060450224,-0.11590742774809773,8.007781467615194e-15,6.862202914561212e-14,0.9932600204341356,-0.015999983602167114,-0.22162243882598212,0.2928809130609337,-0.11924943203772344,-3.55890709692318e-09,1.661833730277318e-08,0.9928643275688175,-0.015999983602167114,-0.22162243882598212,0.2928809130609337,-0.11924943203772344,-3.55890709692318e-09,1.661833730277318e-08,0.9928643275688175,-3.371916299097063e-11,-0.529527749032359,0.681379410017265,-8.791544534552941e-11,0.38418873377597024,-8.927057521874505e-11,1.6624019471027223e-07,-0.5292458379272587,0.6793019846029719,3.409830760213965e-07,0.38912391815403685,3.4382649195489254e-07,1.6624019471027223e-07,-0.5292458379272587,0.6793019846029719,3.409830760213965e-07,0.38912391815403685,3.4382649195489254e-07,-4.5172329714012055e-07,-0.00437171007488246,0.022282331324315622,-8.901962876003469e-07,-0.04462622471180831,-8.93515754556752e-07,-8.832147817261333e-06,0.015074015389148258,-0.028305381165269716,-1.8420409078083575e-05,-0.001992398467249729,-1.8608259812793023e-05,0.0,True,False,1,True,True,0.005817800003569573,4,2.934198519562028e-10,4.8313396559714484e-11,`gtol` termination condition is satisfied.,True,True,0.009999999999999787,0.004933122402265733,1.0,0.0006278926266904437,0.0067306986873225914,0.000627892520498518,0.006730698735635829
7.629999999999882,1786132511.3125048,0.011781799999880604,0.008225700003094971,0.01,TELEOP,0,,0.0,7.629999999999882,763,0.0,0.0,0.03950000000000197,0.03664370870654941,0.0,0.0,0.9993283937786566,2.844969097091866e-14,5.950219400633801e-06,0.041147796684865325,0.030877758153731328,0.0,0.0,0.9995231683414846,-0.015999999999991472,-0.22176482441035944,0.2921560964003594,-0.11520200919347859,0.0,0.0,0.9933420846202912,-0.015999999999990258,-0.22174865886992498,0.2922154463833715,-0.11561945999413406,0.0,0.0,0.993293582215583,-0.016000000002961836,-0.22174865915821768,0.2922154463284903,-0.11561946001811851,8.068983841089798e-15,6.932106624944742e-14,0.9932935822127911,-0.0159999841224899,-0.22163142996379812,0.29282111318327403,-0.11893964164255971,-3.395455081731589e-09,1.609836043161436e-08,0.9929014863751284,-0.0159999841224899,-0.22163142996379812,0.29282111318327403,-0.11893964164255971,-3.395455081731589e-09,1.609836043161436e-08,0.9929014863751284,-3.384601675434314e-11,-0.5295187861983793,0.6815019873510635,-8.835857394368614e-11,0.38374044015002967,-8.970634840589996e-11,1.6094471698143912e-07,-0.5292878074103834,0.6795215171036398,3.304543917559259e-07,0.38867745916359525,3.332476239387941e-07,1.6094471698143912e-07,-0.5292878074103834,0.6795215171036398,3.304543917559259e-07,0.38867745916359525,3.332476239387941e-07,-5.295477728833218e-07,-0.004196948312476061,0.021953250066797398,-1.0528684265470786e-06,-0.04464589904416261,-1.0578868016098654e-06,-7.782447574320285e-06,0.01747617624064018,-0.03290812575182303,-1.626721389467351e-05,-0.0019674332354294166,-1.6437104705311684e-05,0.0,True,False,1,True,True,0.0043043000041507185,4,2.9348501786033996e-10,4.8292972088866035e-11,`gtol` termination condition is satisfied.,True,True,0.009999999999999787,0.004935184378066615,1.0,0.0006169076294390326,0.006686510473053238,0.0006169075207743678,0.006686510521346044
7.6399999999998816,1786132511.319384,0.00846000001183711,0.006645300003583543,0.01,TELEOP,0,,0.0,7.6399999999998816,764,0.0,0.0,0.03933333333333531,0.037225088165138934,0.0,0.0,0.9993069062160522,2.5850877329087638e-14,5.4066790223779035e-06,0.04098203474923753,0.0314580030507345,0.0,0.0,0.9995050745464278,-0.015999999999992253,-0.22177785262003422,0.29210810448354835,-0.11491367342096784,0.0,0.0,0.9933754817091568,-0.01599999999999115,-0.22176168607219462,0.292167546931065,-0.11533139426466392,0.0,0.0,0.9933270707561376,-0.016000000002971415,-0.22176168636057983,0.2921675468764104,-0.1153313942886399,8.117970862317162e-15,6.99184752214706e-14,0.9933270707533538,-0.01599998470954478,-0.22164056391306977,0.29276175465759663,-0.11863060416938354,-3.2217637908312433e-09,1.5511307827549225e-08,0.9929384571837304,-0.01599998470954478,-0.22164056391306977,0.29276175465759663,-0.11863060416938354,-3.2217637908312433e-09,1.5511307827549225e-08,0.9929384571837304,-3.395378744778547e-11,-0.5295098017511842,0.6816247534024528,-8.875254522691714e-11,0.38329217910583724,-9.009213835900878e-11,1.549726216274471e-07,-0.5293278210639477,0.6797373610368828,3.1850765934382e-07,0.3882308073108449,3.212354830068348e-07,1.549726216274471e-07,-0.5293278210639477,0.6797373610368828,3.1850765934382e-07,0.3882308073108449,3.212354830068348e-07,-5.97209535399215e-07,-0.0040013653564369735,0.02158439332429549,-1.1946732412106196e-06,-0.044665185275036566,-1.2012140931959522e-06,-6.766176251589465e-06,0.019558295603909183,-0.03688567425019169,-1.4180481466354407e-05,-0.0019286230873958566,-1.4332729158608981e-05,0.0,True,False,1,True,True,0.003446799993980676,4,2.935337034594438e-10,4.82742653125535e-11,`gtol` termination condition is satisfied.,True,True,0.009999999999999787,0.00493701901356558,1.0,0.0006064268585303508,0.006644039883397144,0.0006064267473774121,0.0066440399316712116
7.649999999999881,1786132511.3271906,0.00686199999472592,0.007589699991513044,0.01,TELEOP,0,,0.0,7.649999999999881,765,0.0,0.0,0.03916666666666865,0.03780645502438402,0.0,0.0,0.9992850804242448,2.348945931844041e-14,4.912790030431985e-06,0.040816190114132574,0.0320383519561404,0.0,0.0,0.9994866402328421,-0.01599999999999296,-0.22179087286310198,0.2920600847470517,-0.11462527101006263,0.0,0.0,0.9934088016752568,-0.015999999999991958,-0.22177470540459002,0.2921196113461613,-0.11504323860273503,0.0,0.0,0.9933604850464882,-0.01600000000297947,-0.22177470569304497,0.29211961129169595,-0.11504323862670314,8.155870915852015e-15,7.042322161097598e-14,0.9933604850437124,-0.015999985353790054,-0.2216498557416166,0.29270288004813505,-0.11832240189721183,-3.0401646712183443e-09,1.4866035296757687e-08,0.9929752309142835,-0.015999985353790054,-0.2216498557416166,0.29270288004813505,-0.11832240189721183,-3.0401646712183443e-09,1.4866035296757687e-08,0.9929752309142835,-3.404402435947935e-11,-0.5295007837224077,0.6817476817803567,-8.910125976124469e-11,0.38284395243180314,-9.043192512072374e-11,1.4842176570815022e-07,-0.5293657013759544,0.6799491785364074,3.053440104618647e-07,0.38778396773138596,3.0799292385440034e-07,1.4842176570815022e-07,-0.5293657013759544,0.6799491785364074,3.053440104618647e-07,0.38778396773138596,3.0799292385440034e-07,-6.550855919297004e-07,-0.0037880312006644576,0.021181749952461124,-1.3163648881955523e-06,-0.044683957945895865,-1.3242559152434782e-06,-5.787605653048665e-06,0.02133341557725204,-0.04026433718343749,-1.2169164698493535e-05,-0.0018772670859300636,-1.2304182204752868e-05,0.0,True,False,1,True,True,0.00441369999316521,4,2.9356713574037386e-10,4.825683710955604e-11,`gtol` termination condition is satisfied.,True,True,0.009999999999999787,0.004938628205007678,1.0,0.0005964813097023928,0.00660343619713073,0.0005964811960667339,0.006603436245387338
7.659999999999881,1786132511.3341534,0.007923800003482029,0.006628600007388741,0.01,TELEOP,0,,0.0,7.659999999999881,766,0.0,0.0,0.039000000000001984,0.03838780908751303,0.0,0.0,0.9992629164106215,2.134375139569723e-14,4.4640168523207e-06,0.040650270337370495,0.03261879416504648,0.0,0.0,0.9994678655500728,-0.015999999999993606,-0.2218038858670384,0.29201203973312534,-0.11433680719912881,0.0,0.0,0.9934420438654231,-0.015999999999992694,-0.22178771758498236,0.29207164290712795,-0.1147550003455325,0.0,0.0,0.9933938241682888,-0.016000000002986122,-0.22178771787348656,0.29207164285281806,-0.11475500036949343,8.18371133121612e-15,7.084348740945456e-14,0.9933938241655208,-0.015999986046075592,-0.22165931813960033,0.2926445247925736,-0.11801510388310775,-2.8528228841635752e-09,1.417112829899045e-08,0.9930118001592222,-0.015999986046075592,-0.22165931813960033,0.2926445247925736,-0.11801510388310775,-2.8528228841635752e-09,1.417112829899045e-08,0.9930118001592222,-3.411837777455219e-11,-0.529491721230844,0.6818707484773756,-8.94088971158047e-11,0.38239576174117124,-9.072996976981194e-11,1.413858708093092e-07,-0.529401300133175,0.6801566888133395,2.9115626690785735e-07,0.38733694668639435,2.937144414797787e-07,1.413858708093092e-07,-0.529401300133175,0.6801566888133395,2.9115626690785735e-07,0.38733694668639435,2.937144414797787e-07,-7.035894898841166e-07,-0.0035598757220601887,0.02075102769320622,-1.4187743554007683e-06,-0.044702104499164765,-1.4278482374621931e-06,-4.850389795441716e-06,0.02281554786042737,-0.04307222592549133,-1.0240946720521824e-05,-0.0018146553268902472,-1.0359232221871722e-05,0.0,True,False,1,True,True,0.0034118000039597973,4,2.9358677421788783e-10,4.82407562542155e-11,`gtol` termination condition is satisfied.,True,True,0.009999999999999787,0.004940015299582823,1.0,0.0005870947187250949,0.006564823511637834,0.0005870946026330574,0.006564823559878368
7.669999999999881,1786132511.3443935,0.006845500000054017,0.01002370000060182,0.01,TELEOP,0,,0.0,7.669999999999881,767,0.0,0.0,0.03883333333333532,0.0389691501577587,0.0,0.0,0.9992404141826842,1.9394048941932365e-14,4.0562382344202755e-06,0.040484282286164866,0.0331993199347099,0.0,0.0,0.9994487506400079,-0.01599999999999419,-0.22181689229288137,0.2919639717517326,-0.11404828674933837,0.0,0.0,0.9934752076874092,-0.01599999999999336,-0.22180072326581918,0.29202364459683633,-0.11446668616611219,0.0,0.0,0.9934270872883167,-0.016000000002991555,-0.22180072355435365,0.29202364454265106,-0.11446668619006681,8.202427183805631e-15,7.118673757209016e-14,0.9934270872855566,-0.01599998677767356,-0.2216689615316266,0.2925867175690394,-0.11770876662990425,-2.661736587462202e-09,1.3434864856643569e-08,0.9930481590831668,-0.01599998677767356,-0.2216689615316266,0.2925867175690394,-0.11770876662990425,-2.661736587462202e-09,1.3434864856643569e-08,0.9930481590831668,-3.417846144115898e-11,-0.529482604384358,0.6819939316578918,-8.96795586252428e-11,0.38194760849079695,-9.099045158424102e-11,1.339542168098803e-07,-0.5294344969401493,0.6803596651980588,2.7612829402177783e-07,0.38688975143546034,2.7858551713685225e-07,1.339542168098803e-07,-0.5294344969401493,0.6803596651980588,2.7612829402177783e-07,0.38688975143546034,2.7858551713685225e-07,-7.431653999429049e-07,-0.0033196806974322775,0.02029763847193372,-1.502797288607982e-06,-0.04471952509339922,-1.5128924342926772e-06,-3.957591005878914e-06,0.024019502462791636,-0.04533892212725088,-8.40229332072156e-06,-0.0017420594234459144,-8.504419683048595e-06,0.0,True,False,1,True,True,0.005036000002291985,4,2.9359355428277664e-10,4.822641687910736e-11,`gtol` termination condition is satisfied.,True,True,0.009999999999999787,0.004941184945223109,1.0,0.0005782840684768867,0.006528301960330533,0.0005782839499743102,0.006528302008556742
7.679999999999881,1786132511.3555908,0.010400999992270954,0.010819799994351342,0.01,TELEOP,0,,0.0,7.679999999999881,768,0.0,0.0,0.03866666666666865,0.0395504780383581,0.0,0.0,0.9992175737480489,1.7622447309703976e-14,3.685709394195409e-06,0.04031823220022191,0.0337799203965072,0.0,0.0,0.999429295637268,-0.01599999999999472,-0.22182989274129908,0.29191588290176784,-0.11375971398831661,0.0,0.0,0.9935082926041918,-0.015999999999993967,-0.2218137230400745,0.29197561912890413,-0.11417830213328971,0.0,0.0,0.9934602736506173,-0.016000000002995837,-0.2218137233286222,0.2919756190748158,-0.11417830215723866,8.212869348380405e-15,7.145978105428427e-14,0.9934602736478648,-0.015999987540303916,-0.22167879419489056,0.29252948067766477,-0.11740343478129862,-2.4687377195360824e-09,1.26651832400252e-08,0.9930843033204951,-0.015999987540303916,-0.22167879419489056,0.29252948067766477,-0.11740343478129862,-2.4687377195360824e-09,1.26651832400252e-08,0.9930843033204951,-3.4225426258421916e-11,-0.5294734241904988,0.6821172114645245,-8.991615202450367e-11,0.38149949399779043,-9.121633617531213e-11,1.2621139201709734e-07,-0.5294651976746699,0.6805579320664575,2.6043447019444247e-07,0.3864423901121204,2.6278208139560706e-07,1.2621139201709734e-07,-0.5294651976746699,0.6805579320664575,2.6043447019444247e-07,0.3864423901121204,2.6278208139560706e-07,-7.742824792783141e-07,-0.0030700734520556243,0.019826686839873795,-1.569382382733567e-06,-0.044736132333997834,-1.5803435741245552e-06,-3.111707933540984e-06,0.024960724537665836,-0.04709516320599371,-6.6585094125586476e-06,-0.0016607240598613452,-6.7451139831879376e-06,0.0,True,False,1,True,True,0.005771500000264496,4,2.935887314645944e-10,4.821345256307639e-11,`gtol` termination condition is satisfied.,True,True,0.009999999999999787,0.004942142944663386,1.0,0.0005700601252458669,0.006493948996606127,0.000570060004397295,0.006493949044819371
7.6899999999998805,1786132511.3630707,0.011154399995575659,0.007144699993659742,0.01,TELEOP,0,,0.0,7.6899999999998805,769,0.0,0.0,0.03850000000000199,0.040131792532552786,0.0,0.0,0.9991943951144463,1.6012677399811273e-14,3.3490276298423618e-06,0.04015212574907481,0.03436058747594631,0.0,0.0,0.9994095006694242,-0.015999999999995206,-0.2218428877581039,0.29186777509034084,-0.11347109284979842,0.0,0.0,0.9935412981288058,-0.01599999999999452,-0.22182671744666022,0.29192756897174077,-0.11388985376619618,0.0,0.0,0.9934933825693629,-0.016000000002999063,-0.22182671773520576,0.29192756891772376,-0.11388985379013977,8.21581190558269e-15,7.166882682331471e-14,0.9934933825666181,-0.015999988326154478,-0.2216888223820983,0.29247283043304073,-0.11709914183759577,-2.27549410163971e-09,1.1869654295328132e-08,0.9931202298719418,-0.015999988326154478,-0.2216888223820983,0.29247283043304073,-0.11709914183759577,-2.27549410163971e-09,1.1869654295328132e-08,0.9931202298719418,-3.426031262171857e-11,-0.5294641724750951,0.6822405698414631,-9.012130709826066e-11,0.3810514194542924,-9.141030549995886e-11,1.1823709670475659e-07,-0.5294933328952056,0.6807513616803716,2.442392664672911e-07,0.38599487160282386,2.4647008827376355e-07,1.1823709670475659e-07,-0.5294933328952056,0.6807513616803716,2.442392664672911e-07,0.38599487160282386,2.4647008827376355e-07,-7.974295312340923e-07,-0.002813522053568502,0.01934296139141595,-1.6195203727151718e-06,-0.044751850929656355,-1.6311993121843876e-06,-2.314705195577875e-06,0.02565513984871277,-0.04837254484578533,-5.013798998160606e-06,-0.0015718595658520407,-5.0855738059833636e-06,0.0,True,False,1,True,True,0.003459199986536987,4,2.935734977608156e-10,4.8201004112151225e-11,`gtol` termination condition is satisfied.,True,True,0.009999999999999787,0.004942896114329964,1.0,0.000562427994174137,0.006461820729766951,0.0005624278710606202,0.006461820777967785
7.69999999999988,1786132511.3699825,0.0073604000062914565,0.006696500000543892,0.01,TELEOP,0,,0.0,7.69999999999988,770,0.0,0.0,0.03833333333333533,0.04071309344358887,0.0,0.0,0.9991708782897216,1.4549956257735594e-14,3.043101071497626e-06,0.03998596808417985,0.034941313819994414,0.0,0.0,0.9993893658572383,-0.015999999999995643,-0.22185587783926236,0.29181965005029936,-0.11318242690965928,0.0,0.0,0.99357422381966,-0.015999999999995018,-0.22183970697534716,0.2918794963704883,-0.1136013460839654,0.0,0.0,0.9935264134223666,-0.016000000003001356,-0.22183970726387647,0.29187949631651944,-0.11360134610790402,8.21195891313004e-15,7.181953536417305e-14,0.9935264134196293,-0.01599998912789624,-0.22169905044795768,0.2924167775640918,-0.1167959108857568,-2.0835126844784774e-09,1.10554582605078e-08,0.9931559370010161,-0.01599998912789624,-0.22169905044795768,0.2924167775640918,-0.1167959108857568,-2.0835126844784774e-09,1.10554582605078e-08,0.9931559370010161,-3.428445359550415e-11,-0.5294548418081189,0.6823639903732359,-9.029843150050864e-11,0.38060338594059734,-9.157582921009785e-11,1.101059969659557e-07,-0.5295188562148141,0.6809398709701601,2.2769692996116077e-07,0.385547205429981,2.298051941335808e-07,1.101059969659557e-07,-0.5295188562148141,0.6809398709701601,2.2769692996116077e-07,0.385547205429981,2.298051941335808e-07,-8.131099738801066e-07,-0.002552331960849774,0.018850928978842597,-1.6542336506130677e-06,-0.04476661728428675,-1.6664894140183086e-06,-1.5680442646014594e-06,0.026119009271873352,-0.04920324125733634,-3.4713277897896537e-06,-0.0014766354630390995,-3.5290101833921625e-06,0.0,True,False,1,True,True,0.0033290999999735504,4,2.9354870504659933e-10,4.818949050239997e-11,`gtol` termination condition is satisfied.,True,True,0.009999999999999787,0.00494345214853148,1.0,0.0005553876834928773,0.006431953299184239,0.0005553875582108741,0.006431953347373469
7.70999999999988,1786132511.3773913,0.006945999994059093,0.007159400003729388,0.01,TELEOP,0,,0.0,7.70999999999988,771,0.0,0.0,0.03816666666666867,0.04129438057471704,0.0,0.0,0.9991470232818344,1.3220851317751963e-14,2.765120287024938e-06,0.03981976388625293,0.035522092731053105,0.0,0.0,0.9993688913149171,-0.01599999999999604,-0.2218688634354479,0.29177150935615115,-0.11289371941865116,0.0,0.0,0.9936070692762924,-0.015999999999995473,-0.22185269207123964,0.291831403367035,-0.11331278365097701,0.0,0.0,0.9935593656451873,-0.016000000003002765,-0.22185269235973978,0.29183140331309343,-0.11331278367491132,8.201950612320772e-15,7.191706650104708e-14,0.9935593656424576,-0.01599998993869405,-0.22170948097810683,0.2923613276181251,-0.11649375533780981,-1.8941437764435623e-09,1.0229365895435711e-08,0.9931914241309651,-0.01599998993869405,-0.22170948097810683,0.2923613276181251,-0.11649375533780981,-1.8941437764435623e-09,1.0229365895435711e-08,0.9931914241309651,-3.4298381023546785e-11,-0.5294454254361902,0.6824874581376384,-9.044884360987342e-11,0.3801553944368229,-9.171425570846774e-11,1.018876257099231e-07,-0.5295417426551592,0.6811234182855737,2.1095126469995266e-07,0.3850994016396448,2.1293253486348772e-07,1.018876257099231e-07,-0.5295417426551592,0.6811234182855737,2.1095126469995266e-07,0.3850994016396448,2.1293253486348772e-07,-8.218371256032775e-07,-0.0022886440345123867,0.0183547315413546,-1.6745665261208468e-06,-0.04478037903362265,-1.6872659270093444e-06,-8.727151723171158e-07,0.026368792633739303,-0.04961974374880071,-2.0332875507779553e-06,-0.0013761749335901644,-2.0776512991036286e-06,0.0,True,False,1,True,True,0.003836000003502704,4,2.935150220815116e-10,4.8179109020596724e-11,`gtol` termination condition is satisfied.,True,True,0.009999999999999787,0.004943819489383661,1.0,0.0005489346673273786,0.006404364273880838,0.0005489345399871796,0.006404364322059796
7.71999999999988,1786132511.384029,0.007378700000117533,0.00641830000677146,0.01,TELEOP,0,,0.0,7.71999999999988,772,0.0,0.0,0.038000000000002004,0.041875653729192656,0.0,0.0,0.9991228300988587,1.2013157048027883e-14,2.5125324816108595e-06,0.03965351740828135,0.03610291810697276,0.0,0.0,0.9993480771503798,-0.015999999999996403,-0.22188184495617735,0.2917233544385308,-0.11260497333214615,0.0,0.0,0.9936398341355215,-0.015999999999995886,-0.2218656731388438,0.29178329181826484,-0.11302417061804605,0.0,0.0,0.9935922387257777,-0.01600000000300339,-0.2218656734273031,0.2917832917643314,-0.11302417064197641,8.186369107840725e-15,7.196612204767868e-14,0.9935922387230556,-0.01599999075221303,-0.22172011491941693,0.2923064813660293,-0.11619267967208495,-1.708586102014974e-09,9.397723736576628e-09,0.9932266917429375,-0.01599999075221303,-0.22172011491941693,0.2923064813660293,-0.11619267967208495,-1.708586102014974e-09,9.397723736576628e-09,0.9932266917429375,-3.430345391724236e-11,-0.5294359172211426,0.6826109595716225,-9.057604071538687e-11,0.37970744583330573,-9.182914258515456e-11,9.364632755047767e-08,-0.5295619869932949,0.6813020001391892,1.941355032053684e-07,0.38465147069429256,1.959865946714158e-07,9.364632755047767e-08,-0.5295619869932949,0.6813020001391892,1.941355032053684e-07,0.38465147069429256,1.959865946714158e-07,-8.241298159445601e-07,-0.002024433813569274,0.017858185361553452,-1.6815761494584622e-06,-0.044793094535222885,-1.6945940192072273e-06,-2.2926903412826692e-07,0.026421022094311852,-0.04965461798011555,-7.00962333761558e-07,-0.0012715501600234099,-7.328092197883023e-07,0.0,True,False,1,True,True,0.0033364999981131405,4,2.9347337664514107e-10,4.816959214854239e-11,`gtol` termination condition is satisfied.,True,True,0.009999999999999787,0.004944007202821898,1.0,0.0005430604373626225,0.006379054065593734,0.000543060308085803,0.006379054113763142
7.72999999999988,1786132511.3914483,0.006623400011449121,0.007214400000520982,0.01,TELEOP,0,,0.0,7.72999999999988,773,0.0,0.0,0.03783333333333534,0.04245691271027578,0.0,0.0,0.999098298748983,1.0915782863907797e-14,2.283018054221397e-06,0.039487232514605786,0.03668378438655411,0.0,0.0,0.9993269234655298,-0.015999999999996732,-0.22189482277357006,0.2916751865973454,-0.11231619133715963,0.0,0.0,0.9936725180679571,-0.015999999999996264,-0.2218786505457667,0.2917351634126935,-0.11273551075991509,0.0,0.0,0.9936250321996226,-0.01600000000300332,-0.22187865083417452,0.29173516335875066,-0.1127355107838419,8.165743554466899e-15,7.197098654521679e-14,0.993625032196908,-0.015999991562620858,-0.22173095171067989,0.2922522352058295,-0.11589268017215433,-1.5278925505307323e-09,8.56644327244093e-09,0.9932617412759411,-0.015999991562620858,-0.22173095171067989,0.2922522352058295,-0.11589268017215433,-1.5278925505307323e-09,8.56644327244093e-09,0.9932617412759411,-3.430030090904432e-11,-0.5294263115841106,0.6827344823490314,-9.068161292641927e-11,0.3792595409398574,-9.192211141012521e-11,8.544124432201808e-08,-0.5295796021129111,0.681475647964794,1.773722622185391e-07,0.3842034233710917,1.7909115979546917e-07,8.544124432201808e-08,-0.5295796021129111,0.681475647964794,1.773722622185391e-07,0.3842034233710917,1.7909115979546917e-07,-8.205083228459765e-07,-0.001761511961616038,0.01736478256048114,-1.676324098682962e-06,-0.04480473232008983,-1.6895434875946986e-06,3.621493098583686e-07,0.02629218519532415,-0.049340280107232425,5.252050775500464e-07,-0.0011637784866942377,5.050531612528712e-07,0.0,True,False,1,True,True,0.00391150001087226,4,2.934245170843595e-10,4.816083929605234e-11,`gtol` termination condition is satisfied.,True,True,0.009999999999999787,0.004944024860986829,1.0,0.0005377530345742712,0.00635600734429013,0.0005377529034919739,0.0063560073924507935
7.739999999999879,1786132511.3981478,0.00743769999826327,0.006475800008047372,0.01,TELEOP,0,,0.0,7.739999999999879,774,0.0,0.0,0.03766666666666868,0.043038157321231306,0.0,0.0,0.9990734292405103,9.918651280060462e-15,2.0744692956180616e-06,0.039320912716431664,0.037264686500035206,0.0,0.0,0.9993054303565323,-0.01599999999999703,-0.22190779722576318,0.2916270070137187,-0.11202737587690265,0.0,0.0,0.993705120774838,-0.015999999999996604,-0.22189162462607878,0.29168701968562977,-0.11244680750937558,0.0,0.0,0.993657745645325,-0.016000000003002533,-0.22189162491442552,0.29168701963166205,-0.11244680753329907,8.140554898888591e-15,7.193556311684799e-14,0.9936577456426178,-0.01599999236458671,-0.22174198941276854,0.2921985815620355,-0.11559374565877163,-1.3529764870924594e-09,7.74099382469984e-09,0.9932965750291175,-0.01599999236458671,-0.22174198941276854,0.2921985815620355,-0.11559374565877163,-1.3529764870924594e-09,7.74099382469984e-09,0.9932965750291175,-3.4289351332358015e-11,-0.5294166034546576,0.6828580152691722,-9.076663109175828e-11,0.37881168049402003,-9.199425641459126e-11,7.732633793430964e-08,-0.5295946173707659,0.6816444249112121,1.607735758358232e-07,0.38375527066595566,1.6235935036715782e-07,7.732633793430964e-08,-0.5295946173707659,0.6816444249112121,1.607735758358232e-07,0.38375527066595566,1.6235935036715782e-07,-8.114906387708609e-07,-0.0015015257854719762,0.016877694641814833,-1.6598686382716258e-06,-0.04481527051360434,-1.6731809428311712e-06,9.0176840751158e-07,0.025998617614406746,-0.0487087918666317,1.6455460411336482e-06,-0.001053819351450741,1.636254476352782e-06,0.0,True,False,1,True,True,0.0033685999951558188,4,2.9336903402515295e-10,4.8152596406785165e-11,`gtol` termination condition is satisfied.,True,True,0.009999999999999787,0.004943882431234281,1.0,0.0005329975534858288,0.006335194446018534,0.0005329974207371373,0.006335194494170898
7.749999999999879,1786132511.4061794,0.006683599989628419,0.00782440000330098,0.01,TELEOP,0,,0.0,7.749999999999879,775,0.0,0.0,0.03750000000000202,0.04361938736532899,0.0,0.0,0.9990482215818581,9.012605366192696e-15,1.8849710323002096e-06,0.03915456120409602,0.03784561982410784,0.0,0.0,0.9992835979140903,-0.015999999999997305,-0.22192076862001536,0.2915788167608444,-0.11173852917308934,0.0,0.0,0.9937376419851643,-0.015999999999996916,-0.22190459568337098,0.2916388620329886,-0.11215806398831706,0.0,0.0,0.9936903786805992,-0.016000000003001207,-0.22190459597164786,0.2916388619789814,-0.11215806401223752,8.111240217582514e-15,7.18634067663791e-14,0.9936903786778993,-0.015999993153276475,-0.2217532248374326,0.29214550927845256,-0.11529585821053172,-1.184618508775974e-09,6.926398910652284e-09,0.9933311960667988,-0.015999993153276475,-0.2217532248374326,0.29214550927845256,-0.11529585821053172,-1.184618508775974e-09,6.926398910652284e-09,0.9933311960667988,-3.427187907108904e-11,-0.5294067882244954,0.6829815481553062,-9.083439840022062e-11,0.37836386516844855,-9.204893427848656e-11,6.935044728853955e-08,-0.5296070769880613,0.6818084226901794,1.4444099935837378e-07,0.38330702370362607,1.4589372367383466e-07,6.935044728853955e-08,-0.5296070769880613,0.6818084226901794,1.4444099935837378e-07,0.38330702370362607,1.4589372367383466e-07,-7.975890645770261e-07,-0.0012459617295503805,0.016399777896728935,-1.6332576477449793e-06,-0.04482469623296169,-1.6465626693323495e-06,1.3901574193835122e-06,0.02555640559216011,-0.04779167450859069,2.661099052664698e-06,-0.0009425719357351869,2.661827349882239e-06,0.0,True,False,1,True,True,0.003943500007153489,4,2.9330761753689306e-10,4.814485777352571e-11,`gtol` termination condition is satisfied.,True,True,0.009999999999999787,0.00494359017193563,1.0,0.0005287766129301992,0.006316572763881859,0.0005287764786591705,0.00631657281202656
7.759999999999879,1786132511.41488,0.008262000003014691,0.008262000003014691,0.01,TELEOP,0,,0.0,7.759999999999879,776,0.0,0.0,0.037333333333335356,0.04420060264584349,0.0,0.0,0.9990226757815581,8.189324656470215e-15,1.7127830386120986e-06,0.038988180876386315,0.038426580141049375,0.0,0.0,0.9992614262237203,-0.01599999999999755,-0.2219337372355269,0.2915306168138477,-0.11144965324620403,0.0,0.0,0.9937700814531,-0.015999999999997197,-0.2219175639935334,0.2915906917238743,-0.11186928303597679,0.0,0.0,0.9937229309586333,-0.01600000000299933,-0.2219175642817324,0.29159069166981477,-0.11186928305989453,8.07819665575725e-15,7.175775572381422e-14,0.9937229309559407,-0.01599999392434526,-0.22176465367396586,0.2920930040023505,-0.11499899386937644,-1.0234735403975366e-09,6.127235855531447e-09,0.9933656081267517,-0.01599999392434526,-0.22176465367396586,0.2920930040023505,-0.11499899386937644,-1.0234735403975366e-09,6.127235855531447e-09,0.9933656081267517,-3.4248050623646054e-11,-0.5293968617053809,0.6831050717621587,-9.088530699954068e-11,0.3779160955774887,-9.208654915815686e-11,6.155737603450612e-08,-0.5296170384755636,0.6819677584950103,1.2846577727720227e-07,0.382858693653948,1.2978644218951768e-07,6.155737603450612e-08,-0.5296170384755636,0.6819677584950103,1.2846577727720227e-07,0.382858693653948,1.2978644218951768e-07,-7.793071254033599e-07,-0.0009961487502264702,0.015933580483098304,-1.5975222081171856e-06,-0.04483300496781029,-1.6107281484317328e-06,1.8281939173666613e-06,0.024981297932391552,-0.046619741363064036,3.573543962779458e-06,-0.0008308734848606429,3.583452090061744e-06,0.0,True,False,1,True,True,0.0043895000126212835,4,2.932406952258774e-10,4.813785776999151e-11,`gtol` termination condition is satisfied.,True,True,0.009999999999999787,0.0049431585351775165,1.0,0.000525070788962749,0.006300088113799557,0.0005250706533173465,0.006300088161937235
7.769999999999879,1786132511.4226732,0.008481199998641387,0.007575099996756762,0.01,TELEOP,0,,0.0,7.769999999999879,777,0.0,0.0,0.03716666666666869,0.04478180296605448,0.0,0.0,0.9989967918482568,7.441248740418876e-15,1.5563240554920348e-06,0.03882177436718047,0.03900756360159348,0.0,0.0,0.9992389153660238,-0.015999999999997776,-0.2219467033260021,0.2914824080587457,-0.11116074993391503,0.0,0.0,0.9938024389556154,-0.015999999999997454,-0.22193052980728137,0.29154250991203934,-0.11158046723463913,0.0,0.0,0.9937554021647882,-0.016000000002996936,-0.22193053009539523,0.2915425098579157,-0.11158046725855444,8.04178504406578e-15,7.162155844538718e-14,0.9937554021621028,-0.01599999467392703,-0.22177627061306127,0.292041048558116,-0.11470312332749137,-8.700781746273926e-10,5.3476384183358776e-09,0.9933998155319531,-0.01599999467392703,-0.22177627061306127,0.292041048558116,-0.11470312332749137,-8.700781746273926e-10,5.3476384183358776e-09,0.9933998155319531,-3.4218438069173466e-11,-0.5293868200908279,0.6832285776917111,-9.092082252696604e-11,0.37746837228307567,-9.210859296283617e-11,5.3986007978915934e-08,-0.5296245711003245,0.6821225720049714,1.1292906885488027e-07,0.38241029165444534,1.1411949978179323e-07,5.3986007978915934e-08,-0.5296245711003245,0.6821225720049714,1.1292906885488027e-07,0.38241029165444534,1.1411949978179323e-07,-7.571368055590354e-07,-0.0007532624760855945,0.015481350996104521,-1.553670842232233e-06,-0.044840199950265204,-1.5666942407724786e-06,2.2170319844324926e-06,0.02428862741408809,-0.04522294869937924,4.385136588495349e-06,-0.0007194982454912282,4.403390765925516e-06,0.0,True,False,1,True,True,0.0036657000018749386,4,2.9316883569701026e-10,4.8131377083837075e-11,`gtol` termination condition is satisfied.,True,True,0.009999999999999787,0.004942598076459304,1.0,0.0005218590073149857,0.006285676067612747,0.00052185887044466,0.0062856761157439826
7.779999999999879,1786132511.4297688,0.007932699998491444,0.006736800001817755,0.01,TELEOP,0,,0.0,7.779999999999879,778,0.0,0.0,0.037000000000002024,0.04536298812924674,0.0,0.0,0.9989705697907151,6.761507833620845e-15,1.4141572690964047e-06,0.03865534406965297,0.03958856669119793,0.0,0.0,0.9992160654169531,-0.015999999999997978,-0.22195966712197795,0.2914341913005896,-0.11087182090780454,0.0,0.0,0.9938347142903531,-0.015999999999997686,-0.22194349335245114,0.2914943176463182,-0.1112916189330122,0.0,0.0,0.9937877920136016,-0.016000000002994105,-0.22194349364047328,0.29149431759211974,-0.11129161895692534,8.002333180989451e-15,7.145749967721627e-14,0.9937877920109235,-0.015999995398621677,-0.22178806946723842,0.29198962330873435,-0.11440821259253368,-7.248581712896834e-10,4.591302191728021e-09,0.9934338231061904,-0.015999995398621677,-0.22178806946723842,0.29198962330873435,-0.11440821259253368,-7.248581712896834e-10,4.591302191728021e-09,0.9934338231061904,-3.418367530936764e-11,-0.5293766599212893,0.6833520583165192,-9.094258041677108e-11,0.37702069580000686,-9.211672882878525e-11,4.667044704147058e-08,-0.5296297544009453,0.6822730224884881,9.790222494389555e-08,0.38196182873924545,9.896499968227761e-08,4.667044704147058e-08,-0.5296297544009453,0.6822730224884881,9.790222494389555e-08,0.38196182873924545,9.896499968227761e-08,-7.315560937445506e-07,-0.0005183300620818628,0.015045048351670713,-1.5026843910985043e-06,-0.04484629151999205,-1.515450009951594e-06,2.5580711814485383e-06,0.02349324140037368,-0.04363026444338178,5.098645113372982e-06,-0.0006091569726850501,5.124423082088572e-06,0.0,True,False,1,True,True,0.0034202000097138807,4,2.9309248247890195e-10,4.812543896001114e-11,`gtol` termination condition is satisfied.,True,True,0.009999999999999787,0.004941919371369674,1.0,0.0005191188944336782,0.006273263246930593,0.0005191187564876322,0.006273263295055862
7.789999999999878,1786132511.4400365,0.006951500006834976,0.010053999998490326,0.01,TELEOP,0,,0.0,7.789999999999878,779,0.0,0.0,0.03683333333333536,0.04594415793871007,0.0,0.0,0.9989440096178078,6.143859690617496e-15,1.2849771159388383e-06,0.03848889215826928,0.040169586199398796,0.0,0.0,0.9991928764480705,-0.015999999999998165,-0.22197262883293975,0.2913859672708626,-0.11058286768856818,0.0,0.0,0.9938669072736916,-0.015999999999997898,-0.22195645483608695,0.2914461158801263,-0.11100274026748956,0.0,0.0,0.9938201002460698,-0.016000000002990854,-0.22195645512401127,0.29144611582584323,-0.11100274029140057,7.960138827513296e-15,7.126802373140152e-14,0.9938201002433992,-0.015999996095480216,-0.22180004328730588,0.29193870650365744,-0.11411422362852336,-5.881360400984222e-10,3.861492535353654e-09,0.9934676360937278,-0.015999996095480216,-0.22180004328730588,0.29193870650365744,-0.11411422362852336,-5.881360400984222e-10,3.861492535353654e-09,0.9934676360937278,-3.414428335215142e-11,-0.5293663780524919,0.6834755067099055,-9.095192368599166e-11,0.37657306660066636,-9.211232270591728e-11,3.964017874238997e-08,-0.5296326767574279,0.6824192860165826,8.344710985280135e-08,0.3815133157743498,8.438547797990925e-08,3.964017874238997e-08,-0.5296326767574279,0.6824192860165826,8.344710985280135e-08,0.3815133157743498,8.438547797990925e-08,-7.030268299080767e-07,-0.00029223564826017445,0.014626352809460277,-1.4455115091094507e-06,-0.04485129648956152,-1.4579521702368677e-06,2.852926383647454e-06,0.022609441382169318,-0.04186955422104459,5.717288198905483e-06,-0.000500496956947101,5.749783971472761e-06,0.0,True,False,1,True,True,0.005016700000851415,4,2.9301198999626215e-10,4.811956294724846e-11,`gtol` termination condition is satisfied.,True,True,0.009999999999999787,0.0049411329392385905,1.0,0.0005168270876669345,0.006262768571945958,0.0005168269487924625,0.006262768620065343
7.799999999999878,1786132511.4478781,0.010408500005723909,0.007486500006052665,0.01,TELEOP,0,,0.0,7.799999999999878,780,0.0,0.0,0.0366666666666687,0.046525312197739574,0.0,0.0,0.9989171113385249,5.582632280673109e-15,1.1675972933673686e-06,0.038322420608770696,0.04075061919196869,0.0,0.0,0.9991693485268007,-0.01599999999999833,-0.22198558864924378,0.29133773663420176,-0.1102938916598245,0.0,0.0,0.9938990177389909,-0.015999999999998092,-0.2219694144463375,0.2913979054801052,-0.11071383318148643,0.0,0.0,0.9938523266271816,-0.016000000002987232,-0.22196941473415865,0.29139790542572874,-0.1107138332053957,7.915472438724852e-15,7.105535578542261e-14,0.9938523266245182,-0.015999996761987923,-0.22181218447438739,0.29188827461183114,-0.11382111497010816,-4.6013863984358833e-10,3.161054802453863e-09,0.9935012600832278,-0.015999996761987923,-0.22181218447438739,0.29188827461183114,-0.11382111497010816,-4.6013863984358833e-10,3.161054802453863e-09,0.9935012600832278,-3.410061143559783e-11,-0.5293559716266508,0.6835989165824242,-9.094974483555465e-11,0.3761254851192609,-9.209628343075118e-11,3.292025030605339e-08,-0.5296334340207954,0.6825615527962655,6.961646227209253e-08,0.38106476339920187,7.043426659813173e-08,3.292025030605339e-08,-0.5296334340207954,0.6825615527962655,6.961646227209253e-08,0.38106476339920187,7.043426659813173e-08,-6.719928436336721e-07,-7.572633675443949e-05,0.014226677968284139,-1.3830647580709123e-06,-0.044855237514798696,-1.3951211381777827e-06,3.1033986274405304e-06,0.021650931150573958,-0.0399674841176146,6.24467510385397e-06,-0.00039410252371720883,6.2831032059086196e-06,0.0,True,False,1,True,True,0.003620600007707253,4,2.9292789344467005e-10,4.8114514092685495e-11,`gtol` termination condition is satisfied.,True,True,0.009999999999999787,0.004940249173683464,1.0,0.0005149595064439306,0.006254104460246476,0.0005149593667849765,0.006254104508360781
7.809999999999878,1786132511.4554377,0.007743999987724237,0.007302900005015545,0.01,TELEOP,0,,0.0,7.809999999999878,781,0.0,0.0,0.03650000000000204,0.047106450709635574,0.0,0.0,0.9988898749619703,5.072671699975314e-15,1.0609398652721463e-06,0.038155931216333205,0.04133166298562269,0.0,0.0,0.9991454817166732,-0.015999999999998488,-0.2219985467438642,0.29128949999450626,-0.11000489408066162,0.0,0.0,0.9939310455350021,-0.01599999999999827,-0.22198237235417992,0.29134968723399135,-0.11042489944302297,0.0,0.0,0.9938844709436799,-0.016000000002983274,-0.2219823726418929,0.29134968717951343,-0.11042489946693057,7.868579648302481e-15,7.082152128175514e-14,0.9938844709410236,-0.01599999739604589,-0.22182448488711032,0.2918383026388486,-0.11352884230827574,-3.410047351458556e-10,2.4924266217510567e-09,0.9935347009360784,-0.01599999739604589,-0.22182448488711032,0.2918383026388486,-0.11352884230827574,-3.410047351458556e-10,2.4924266217510567e-09,0.9935347009360784,-3.405295539315802e-11,-0.529345438046302,0.6837222822240407,-9.093679783564598e-11,0.37567795175561625,-9.206937904938481e-11,2.6531466577873704e-08,-0.5296321282068372,0.682700024632001,5.645428949623493e-08,0.380616181974458,5.71558899427719e-08,2.6531466577873704e-08,-0.5296321282068372,0.682700024632001,5.645428949623493e-08,0.380616181974458,5.71558899427719e-08,-6.388783728179824e-07,0.00013058139581778114,0.013847183573548824,-1.3162172775857877e-06,-0.04485814247438882,-1.3278376655360113e-06,3.311447081569035e-06,0.020630773257222502,-0.03794943947353232,6.684748048512591e-06,-0.00029049595901229724,6.728347264177279e-06,0.0,True,False,1,True,True,0.0034497000015107915,4,2.928404347187936e-10,4.81095808957277e-11,`gtol` termination condition is satisfied.,True,True,0.009999999999999787,0.004939278279940951,1.0,0.0005134915872907608,0.006247177971418187,0.0005134914469864405,0.006247178019527604
7.819999999999878,1786132511.4627028,0.007619200012413785,0.006947799993213266,0.01,TELEOP,0,,0.0,7.819999999999878,782,0.0,0.0,0.036333333333335376,0.047687573277703725,0.0,0.0,0.9988623004973627,4.609294841935869e-15,9.640253629747048e-07,0.03798942561206726,0.041912715125038906,0.0,0.0,0.9991212760775577,-0.015999999999998626,-0.2220115032739805,0.29124125790048727,-0.1097158760970356,0.0,0.0,0.9939629905244259,-0.01599999999999843,-0.2219953287149865,0.29130146185777556,-0.11013594066071257,0.0,0.0,0.9939165330020324,-0.016000000002979003,-0.22199532900258662,0.29130146180318883,-0.11013594068461872,7.819683532876796e-15,7.056836368156733e-14,0.9939165329993833,-0.015999997995951316,-0.22183693594362336,0.29178876442739,-0.11323735904593249,-2.307924593488034e-10,1.857652000153961e-09,0.9935679647192247,-0.015999997995951316,-0.22183693594362336,0.29178876442739,-0.11323735904593249,-2.307924593488034e-10,1.857652000153961e-09,0.9935679647192247,-3.4001739174575274e-11,-0.5293347749505113,0.6838455984515219,-9.091418062386371e-11,0.37523046687859096,-9.203272552217629e-11,2.0490599074840595e-08,-0.52962886625754,0.6828349125218385,4.399628942616505e-08,0.3801675815358326,4.458648965682889e-08,2.0490599074840595e-08,-0.52962886625754,0.6828349125218385,4.399628942616505e-08,0.3801675815358326,4.458648965682889e-08,-6.040867503033237e-07,0.0003261949297259901,0.013488788983753764,-1.2458000070070144e-06,-0.04486004386254187,-1.2569400285943272e-06,3.4791622514659452e-06,0.019561353390821316,-0.03583945897950673,7.041727057877482e-06,-0.00019013881530499654,7.089763694168561e-06,0.0,True,False,1,True,True,0.003539700002875179,4,2.927497527936864e-10,4.810515582875779e-11,`gtol` termination condition is satisfied.,True,True,0.009999999999999787,0.004938230218841766,1.0,0.0005123984862244435,0.00624189189395458,0.0005123983454080865,0.0062418919420595565
7.8299999999998775,1786132511.4697583,0.00716499998816289,0.006838600005721673,0.01,TELEOP,0,,0.0,7.8299999999998775,783,0.0,0.0,0.03616666666666871,0.048268679705255065,0.0,0.0,0.9988343879540349,4.188246390950279e-15,8.759637903893389e-07,0.03782290527800988,0.04249377336198185,0.0,0.0,0.9990967316658886,-0.01599999999999875,-0.22202445838241996,0.2911930108507104,-0.10942683875212685,0.0,0.0,0.9939948525826057,-0.01599999999999857,-0.22200828366994851,0.29125323000221714,-0.10984695829829867,0.0,0.0,0.9939485126265908,-0.016000000002974423,-0.22200828395743177,0.2912532299475152,-0.10984695832220327,7.76898666943535e-15,7.02975608461543e-14,0.9939485126239488,-0.015999998560376674,-0.22184952871816682,0.29173963294029326,-0.11294661682210318,-1.294866389354994e-10,1.2583970166915018e-09,0.9936010576425737,-0.015999998560376674,-0.22184952871816682,0.29173963294029326,-0.11294661682210318,-1.294866389354994e-10,1.2583970166915018e-09,0.9936010576425737,-3.3947040336236247e-11,-0.5293239801932493,0.6839688605605678,-9.088207242777249e-11,0.37478303082913794,-9.198650799378536e-11,1.4810605626815957e-08,-0.5296237588730155,0.6829664343933474,3.2270295115416314e-08,0.37971897175385166,3.275427219912542e-08,1.4810605626815957e-08,-0.5296237588730155,0.6829664343933474,3.2270295115416314e-08,0.37971897175385166,3.275427219912542e-08,-5.679993448024759e-07,0.0005107384524506871,0.013152187150891894,-1.1725994310748986e-06,-0.04486097819809021,-1.1832217457703728e-06,3.6087405500848627e-06,0.01845435227247009,-0.0336601832861877,7.32005759321173e-06,-9.34335548341316e-05,7.371828282395596e-06,0.0,True,False,1,True,True,0.003698199987411499,4,2.92656428492043e-10,4.810052900295772e-11,`gtol` termination condition is satisfied.,True,True,0.009999999999999787,0.004937114657241615,1.0,0.0005116552524694972,0.0062381457717006795,0.0005116551112676933,0.006238145819800965
7.839999999999877,1786132511.477398,0.0070583000051556155,0.00742059999902267,0.01,TELEOP,0,,0.0,7.839999999999877,784,0.0,0.0,0.036000000000002044,0.048849769795606145,0.0,0.0,0.9988061373414344,3.805659744678268e-15,7.959464508518042e-07,0.03765637156074701,0.0430748356363365,0.0,0.0,0.9990718485348803,-0.015999999999998866,-0.2220374121989682,0.2911447592981782,-0.10913778299574872,0.0,0.0,0.9940266315963435,-0.015999999999998703,-0.22202123734737034,0.29120499225877017,-0.10955795368787077,0.0,0.0,0.99398040965792,-0.016000000002969597,-0.222021237634733,0.2912049922039468,-0.10955795371177404,7.716673013864174e-15,7.001063944288618e-14,0.9939804096552853,-0.015999999088347913,-0.2218622540319859,0.29169088052576886,-0.11265656600381455,-3.700594104152263e-11,6.959668842574271e-10,0.9936339860009964,-0.015999999088347913,-0.2218622540319859,0.29169088052576886,-0.11265656600381455,-3.700594104152263e-11,6.959668842574271e-10,0.9936339860009964,-3.388948343409659e-11,-0.5293130518237423,0.6840920642822743,-9.084211262835565e-11,0.37433564392305896,-9.193238972937997e-11,9.500858194527742e-09,-0.5296169194160258,0.6830948129831259,2.1296736877590763e-08,0.379270361899322,2.1679974219919066e-08,9.500858194527742e-09,-0.5296169194160258,0.6830948129831259,2.1296736877590763e-08,0.379270361899322,2.1679974219919066e-08,-5.309747432288329e-07,0.0006839456989639332,0.01283785897785018,-1.0973558237825786e-06,-0.04486098545296651,-1.1074297979206591e-06,3.7024601573643787e-06,0.017320724651324986,-0.0314328173041721,7.524360729232165e-06,-7.254876306187765e-07,7.579194784971525e-06,0.0,True,False,1,True,True,0.004239000001689419,4,2.9256063831596096e-10,4.8096250443492137e-11,`gtol` termination condition is satisfied.,True,True,0.009999999999999787,0.004935940924713722,1.0,0.0005112369775616217,0.006235836867695132,0.0005112368360930687,0.006235836915791169
7.849999999999877,1786132511.4859395,0.007646400001249276,0.008315200000652112,0.01,TELEOP,0,,0.0,7.849999999999877,785,0.0,0.0,0.03583333333333538,0.04943084335207897,0.0,0.0,0.9987775486691229,3.4580215059837843e-15,7.232385205565343e-07,0.03748982568379115,0.04365590005887808,0.0,0.0,0.9990466267347333,-0.01599999999999897,-0.22205036484156035,0.29109650365449324,-0.1088487096928956,0.0,0.0,0.9940583274628264,-0.01599999999999882,-0.2220341898638455,0.2911567491649738,-0.10926892804187906,0.0,0.0,0.9940122239512846,-0.016000000002964542,-0.222034190151084,0.2911567491100238,-0.10926892806578145,7.662909600523415e-15,6.970898895790239e-14,0.9940122239486571,-0.015999999579222237,-0.2218751025384273,0.2916424791644348,-0.11236715614502042,4.679018872047628e-11,1.7132416282981239e-10,0.9936667561209245,-0.015999999579222237,-0.2218751025384273,0.2916424791644348,-0.11236715614502042,4.679018872047628e-11,1.7132416282981239e-10,0.9936667561209245,-3.382924964207675e-11,-0.529301988068608,0.6842152057435236,-9.079476325072495e-11,0.37388830645347726,-9.187084132125265e-11,4.567376607679024e-09,-0.5296084628905394,0.68322027386237,1.1089117300967039e-08,0.3788217608142959,1.1377341037165726e-08,4.567376607679024e-09,-0.5296084628905394,0.68322027386237,1.1089117300967039e-08,0.3788217608142959,1.1377341037165726e-08,-4.933481586848822e-07,0.000845652548646026,0.012546087924416601,-1.0207619576623942e-06,-0.04486010850261149,-1.030263318275356e-06,3.762658454395148e-06,0.016170684968209625,-0.029177105343358482,7.659386612018608e-06,8.769503550236138e-05,7.716647964530471e-06,0.0,True,False,1,True,True,0.004782199990586378,4,2.924624058839383e-10,4.809299121472299e-11,`gtol` termination condition is satisfied.,True,True,0.009999999999999787,0.004934717976263048,1.0,0.0005111189237927862,0.006234861063903597,0.0005111187821683712,0.006234861111996361
7.859999999999877,1786132511.4934967,0.008579500004998408,0.007292800000868738,0.01,TELEOP,0,,0.0,7.859999999999877,786,0.0,0.0,0.03566666666666872,0.0500119001780012,0.0,0.0,0.9987486219467768,3.142139218454375e-15,6.571723004002256e-07,0.03732326875882803,0.044236964895618874,0.0,0.0,0.99902106631283,-0.015999999999999064,-0.22206331641736307,0.2910482442936413,-0.10855961963150891,0.0,0.0,0.9940899400886533,-0.01599999999999893,-0.2220471413253253,0.29110850120935533,-0.10897988246405622,0.0,0.0,0.9940439553752745,-0.016000000002959248,-0.2220471416124367,0.29110850115427367,-0.10897988248795738,7.607848097048934e-15,6.939387359765827e-14,0.9940439553726541,-0.01600000003266523,-0.22188806480211543,0.29159440069799886,-0.11207833641220291,1.220948258400516e-10,-3.1489208396117765e-10,0.9936993743115033,-0.01600000003266523,-0.22188806480211543,0.29159440069799886,-0.11207833641220291,1.220948258400516e-10,-3.1489208396117765e-10,0.9936993743115033,-3.376647559671348e-11,-0.5292907873156228,0.6843382814309671,-9.07403688299667e-11,0.37344101869306734,-9.180221421438983e-11,1.3066103878277904e-11,-0.5295985049951288,0.6833430436097925,1.654494788577243e-09,0.37837317688829125,1.8536137915072297e-09,1.3066103878277904e-11,-0.5295985049951288,0.6833430436097925,1.654494788577243e-09,0.37837317688829125,1.8536137915072297e-09,-4.554310503800843e-07,0.0009957895410620317,0.012276974742240942,-9.434622512389998e-07,-0.04485839260046927,-9.523727245658698e-07,3.7917108304798706e-06,0.015013699241600901,-0.026911318217566482,7.729970642339604e-06,0.00017159021422237058,7.789059370948793e-06,0.0,True,False,1,True,True,0.00406999999540858,4,2.9236228093411034e-10,4.8088920952206884e-11,`gtol` termination condition is satisfied.,True,True,0.009999999999999787,0.0049334543608186565,1.0,0.0005112766356624695,0.006235113695904589,0.0005112764939840111,0.0062351137439933275
7.869999999999877,1786132511.5005167,0.00751539999328088,0.006797399997594766,0.01,TELEOP,0,,0.0,7.869999999999877,787,0.0,0.0,0.03550000000000206,0.05059294007670616,0.0,0.0,0.9987193571841866,2.855112049206438e-15,5.971410842599183e-07,0.03715670179593566,0.04481802855358779,0.0,0.0,0.9989951673139215,-0.01599999999999915,-0.22207626702375813,0.2909999815554286,-0.10827051352953239,0.0,0.0,0.9941214693889532,-0.015999999999999025,-0.22206009182809036,0.2910602488358892,-0.10869081795934511,0.0,0.0,0.9940756038105596,-0.016000000002953756,-0.22206009211507177,0.29106024878067155,-0.10869081798324537,7.55162621282962e-15,6.906644360634821e-14,0.9940756038079464,-0.0160000004486278,-0.22190113137215486,0.2915466170395552,-0.11179005597653888,1.8914712701142025e-10,-7.623463881098653e-10,0.9937318468202387,-0.0160000004486278,-0.22190113137215486,0.2915466170395552,-0.11179005597653888,1.8914712701142025e-10,-7.623463881098653e-10,0.9937318468202387,-3.370122785889688e-11,-0.5292794480989744,0.6844612881582677,-9.067908729711397e-11,0.372993780896058,-9.17266708561749e-11,-4.162043297742811e-09,-0.5295871612514458,0.6834633481320719,-7.006028444140325e-09,0.37792461803950755,-6.8899788257794865e-09,-4.162043297742811e-09,-0.5295871612514458,0.6834633481320719,-7.006028444140325e-09,0.37792461803950755,-6.8899788257794865e-09,-4.175109401621178e-07,0.0011343743683029793,0.012030452227939758,-8.660523232717753e-07,-0.04485588487836992,-8.743592617286902e-07,3.7920110217967327e-06,0.013858482724095062,-0.02465225143011895,7.740992796722613e-06,0.0002507722099349038,7.801346283718123e-06,0.0,True,False,1,True,True,0.0036244000075384974,4,2.922602453312825e-10,4.808559455608102e-11,`gtol` termination condition is satisfied.,True,True,0.009999999999999787,0.004932158195223912,1.0,0.0005116860375644509,0.006236490322116923,0.0005116858959251292,0.0062364903702023045
7.879999999999876,1786132511.50933,0.0070130999956745654,0.008597899999585934,0.01,TELEOP,0,,0.0,7.879999999999876,788,0.0,0.0,0.035333333333335395,0.05117396285153284,0.0,0.0,0.9986897543912574,2.5943041497485845e-15,5.42593587394838e-07,0.03699012571286965,0.04539908956791161,0.0,0.0,0.9989689297803034,-0.01599999999999923,-0.22208921674923573,0.2909517157486053,-0.10798139204132226,0.0,0.0,0.9941529152865862,-0.015999999999999116,-0.22207304145963308,0.291011992448052,-0.10840173544292261,0.0,0.0,0.9941071691487607,-0.016000000002948097,-0.2220730417464819,0.29101199239269426,-0.10840173546682198,7.494368981552201e-15,6.872774527231259e-14,0.9941071691461546,-0.016000000827323155,-0.2219142928493471,0.2914991003655882,-0.11150226437275203,2.482261697446985e-10,-1.1709864218527767e-09,0.9937641797930478,-0.016000000827323155,-0.2219142928493471,0.2914991003655882,-0.11150226437275203,2.482261697446985e-10,-1.1709864218527767e-09,0.9937641797930478,-3.363414538651605e-11,-0.5292679690858565,0.684584223036313,-9.061261245193813e-11,0.37254659330003687,-9.164592752963585e-11,-7.96055740789301e-09,-0.5295745462074753,0.6835814111309964,-1.4896817686411389e-08,0.37747609170076507,-1.4857728079832259e-08,-7.96055740789301e-09,-0.5295745462074753,0.6835814111309964,-1.4896817686411389e-08,0.37747609170076507,-1.4857728079832259e-08,-3.7985141101502805e-07,0.0012615043970480673,0.0118062998924456,-7.890789242271232e-07,-0.044852633874249294,-7.967749254052942e-07,3.7659529147090577e-06,0.012713002874509077,-0.022415233549416318,7.697339904465378e-06,0.0003251004120626127,7.75843363233977e-06,0.0,True,False,1,True,True,0.003699099994264543,4,2.921564998975965e-10,4.8082295510380516e-11,`gtol` termination condition is satisfied.,True,True,0.009999999999999787,0.004930837143449551,1.0,0.0005123235204429099,0.006238887427664112,0.0005123233789266955,0.006238887475746216
7.889999999999876,1786132511.5183415,0.008968400012236089,0.008640800006105565,0.01,TELEOP,0,,0.0,7.889999999999876,789,0.0,0.0,0.03516666666666873,0.05175496830582611,0.0,0.0,0.9986598135780087,2.357320450268683e-15,4.930288838052435e-07,0.03682354134350009,0.04598014659007884,0.0,0.0,0.9989423537519845,-0.0159999999999993,-0.22210216567420668,0.290903447153703,-0.10769225576347047,0.0,0.0,0.9941842777114187,-0.0159999999999992,-0.2220859902994598,0.2909637324125095,-0.1081126357484013,0.0,0.0,0.9941386512914251,-0.01600000000294227,-0.22208599058617362,0.290963732357008,-0.10811263577229992,7.436189924109469e-15,6.837873083473642e-14,0.9941386512888261,-0.01600000116920376,-0.22192753994745595,0.29145182328989777,-0.11121491182499411,2.996450867187381e-10,-1.5410221669719592e-09,0.9937963792386038,-0.01600000116920376,-0.22192753994745595,0.29145182328989777,-0.11121491182499411,2.996450867187381e-10,-1.5410221669719592e-09,0.9937963792386038,-3.356511487804825e-11,-0.5292563490642886,0.6847070834461305,-9.05406255213086e-11,0.37209945612757606,-9.155966362396034e-11,-1.138748011794032e-08,-0.5295607727147859,0.6836974527155322,-2.202721979001481e-08,0.37702760480988173,-2.205895539315698e-08,-1.138748011794032e-08,-0.5295607727147859,0.6836974527155322,-2.202721979001481e-08,0.37702760480988173,-2.205895539315698e-08,-3.4269227100473834e-07,0.0013773492689514932,0.011604158453584973,-7.130402103603575e-07,-0.044848689088332006,-7.201227313324877e-07,3.715914001029051e-06,0.01158448719034283,-0.020214143886063116,7.603871386676726e-06,0.0003944785917291832,7.665219407280806e-06,0.0,True,False,1,True,True,0.004784000004292466,4,2.920511796106589e-10,4.807924220221231e-11,`gtol` termination condition is satisfied.,True,True,0.009999999999999787,0.004929498400728205,1.0,0.0005131660196082694,0.006242203063401906,0.0005131658782900136,0.006242203111480959
7.899999999999876,1786132511.528554,0.008867199998348951,0.009987099998397753,0.01,TELEOP,0,,0.0,7.899999999999876,790,0.0,0.0,0.03500000000000207,0.05233595624293664,0.0,0.0,0.9986295347545743,2.14198466505694e-15,4.4799180605559847e-07,0.03665694944547748,0.0465611983772779,0.0,0.0,0.998915439266844,-0.015999999999999365,-0.22211511387174007,0.2908551760256139,-0.10740310524009539,0.0,0.0,0.9942155565996666,-0.015999999999999272,-0.2220989384198198,0.2909154690624697,-0.10782351963528373,0.0,0.0,0.9941700501490979,-0.016000000002936287,-0.2220989387063966,0.29091546900682125,-0.10782351965918158,7.377192111282184e-15,6.802026621700891e-14,0.994170050146506,-0.016000001474938522,-0.22194086354859202,0.29140475901976365,-0.11092794954028569,3.437455067693794e-10,-1.8729048772710148e-09,0.9938284509968448,-0.016000001474938522,-0.22194086354859202,0.29140475901976365,-0.11092794954028569,3.437455067693794e-10,-1.8729048772710148e-09,0.9938284509968448,-3.3494400002885477e-11,-0.5292445869320526,0.684829867014265,-9.046381955597345e-11,0.3716523695876974,-9.146858214500213e-11,-1.4449978812442466e-08,-0.5295459512785515,0.683811688156209,-2.8411083135189782e-08,0.37657916380419576,-2.850752843862819e-08,-1.4449978812442466e-08,-0.5295459512785515,0.683811688156209,-2.8411083135189782e-08,0.37657916380419576,-2.850752843862819e-08,-3.06249869450221e-07,0.0014821436234369856,0.011423544067683998,-6.383863345175106e-07,-0.044844100568599034,-6.448573045471348e-07,3.644240155451808e-06,0.010479435448549465,-0.01806143859009791,7.465387584284844e-06,0.00045885197329723304,7.526542678535453e-06,0.0,True,False,1,True,True,0.004982600003131665,4,2.9194456745158647e-10,4.8076180611675915e-11,`gtol` termination condition is satisfied.,True,True,0.009999999999999787,0.0049281486823056775,1.0,0.000514191085378077,0.006246337421054296,0.0005141909443237928,0.006246337469130296
7.909999999999876,1786132511.5356407,0.010347599993110634,0.0067245000100228935,0.01,TELEOP,0,,0.0,7.909999999999876,791,0.0,0.0,0.03483333333333541,0.05291692646622106,0.0,0.0,0.9985989179312026,1.9463193070828493e-15,4.0706876531647726e-07,0.03649035070719827,0.04714224378271147,0.0,0.0,0.9988881863607816,-0.015999999999999424,-0.22212806140823366,0.2908069025959333,-0.10711394096764808,0.0,0.0,0.994246751893301,-0.01599999999999934,-0.22211188588636774,0.2908672027007306,-0.1075343877957371,0.0,0.0,0.9942013656404805,-0.01600000000293015,-0.22211188617280536,0.2908672026449321,-0.10753438781963438,7.31746912246454e-15,6.765313931307384e-14,0.9942013656378956,-0.016000001745390506,-0.22195425475282135,0.29135788149476166,-0.11064132997023009,3.8089231134709994e-10,-2.1673059917223763e-09,0.9938604007114976,-0.016000001745390506,-0.22195425475282135,0.29135788149476166,-0.11064132997023009,3.8089231134709994e-10,-2.1673059917223763e-09,0.9938604007114976,-3.3421891966731693e-11,-0.5292326816866382,0.6849525715903899,-9.03818876715018e-11,0.3712053338771914,-9.137237448140842e-11,-1.7157154303788362e-08,-0.5295301894787262,0.6839243267784556,-3.406628633182576e-08,0.37613077461893496,-3.4221385979864687e-08,-1.7157154303788362e-08,-0.5295301894787262,0.6839243267784556,-3.406628633182576e-08,0.37613077461893496,-3.4221385979864687e-08,-2.707175491345952e-07,0.0015761799825348437,0.011263862224669328,-5.655203196636097e-07,-0.04483891852607992,-5.713857541236621e-07,3.553232031562657e-06,0.009403635909785995,-0.01596818430146732,7.286601485390248e-06,0.0005182042519114374,7.347155042347427e-06,0.0,True,False,1,True,True,0.0034121999924536794,4,2.918365499603323e-10,4.8073515546162745e-11,`gtol` termination condition is satisfied.,True,True,0.009999999999999787,0.004926794216498387,1.0,0.0005153769477181473,0.006251193345767355,0.0005153768069849143,0.006251193393840691
7.919999999999876,1786132511.5429864,0.006940599996596575,0.00713019999966491,0.01,TELEOP,0,,0.0,7.919999999999876,792,0.0,0.0,0.03466666666666875,0.05349787877904196,0.0,0.0,0.9985679631182561,1.768527528194431e-15,3.69883953238728e-07,0.03632374575413382,0.04772328174679764,0.0,0.0,0.9988605950678583,-0.015999999999999476,-0.2221410083440232,0.2907586270750887,-0.10682476339927896,0.0,0.0,0.9942778635395079,-0.0159999999999994,-0.2221248327587655,0.29081893360245176,-0.10724524086074994,0.0,0.0,0.9942325976916668,-0.016000000002923908,-0.22212483304506236,0.29081893354650057,-0.10724524088464654,7.257105922258281e-15,6.72780664794416e-14,0.9942325976890891,-0.016000001981594947,-0.22196770492213608,0.29131116550873326,-0.11035500704186663,4.1146871254961096e-10,-2.4250961443409347e-09,0.9938922338064573,-0.016000001981594947,-0.22196770492213608,0.29131116550873326,-0.11035500704186663,4.1146871254961096e-10,-2.4250961443409347e-09,0.9938922338064573,-3.33481002011613e-11,-0.5292206324161055,0.6850751952269559,-9.029618807509194e-11,0.37075834918180983,-9.127241586507544e-11,-1.9519816516663863e-08,-0.5295135914603959,0.6840355709908519,-3.901427821941049e-08,0.37568244268913253,-3.922207404847039e-08,-1.9519816516663863e-08,-0.5295135914603959,0.6840355709908519,-3.901427821941049e-08,0.37568244268913253,-3.922207404847039e-08,-2.3626622128755523e-07,0.001659801833032426,0.011124421239627664,-4.947991887584835e-07,-0.04483319298024349,-5.000688068605809e-07,3.4451327847040713e-06,0.008362185049758407,-0.013944098504166651,7.072113090512767e-06,0.0005725545836432016,7.131694726308269e-06,0.0,True,False,1,True,True,0.0039296000031754375,4,2.9172759363628525e-10,4.807067936631626e-11,`gtol` termination condition is satisfied.,True,True,0.009999999999999787,0.004925440741743559,1.0,0.0005167025756290554,0.0062566767877189865,0.0005167024352654911,0.006256676835789436
7.929999999999875,1786132511.5509624,0.007356800007983111,0.00774950000050012,0.01,TELEOP,0,,0.0,7.929999999999875,793,0.0,0.0,0.03450000000000208,0.05407881298476806,0.0,0.0,0.9985366703262122,1.6069766181733797e-15,3.3609589078000317e-07,0.036157135154581146,0.04830431128917662,0.0,0.0,0.9988326654204288,-0.015999999999999525,-0.2221539547339359,0.2907103496542745,-0.10653557294880463,0.0,0.0,0.9943088914901999,-0.015999999999999456,-0.2221377790912293,0.2907706620176739,-0.10695607940572718,0.0,0.0,0.9942637462354523,-0.016000000002917555,-0.2221377793773837,0.2907706619615676,-0.10695607942962329,7.196179653101254e-15,6.689569960870511e-14,0.9942637462328817,-0.01600000218473809,-0.22198120571894966,0.29126458681547873,-0.11006893635867021,4.3587165632455883e-10,-2.6473244054347976e-09,0.993923955465845,-0.01600000218473809,-0.22198120571894966,0.29126458681547873,-0.11006893635867021,4.3587165632455883e-10,-2.6473244054347976e-09,0.993923955465845,-3.327303234894031e-11,-0.5292084382907918,0.6851977361606909,-9.020673078393452e-11,0.37031141567733533,-9.116871772715758e-11,-2.1550266993158674e-08,-0.5294962574910264,0.6841456154436724,-4.327963139769216e-08,0.3752341729547873,-4.353429571322881e-08,-2.1550266993158674e-08,-0.5294962574910264,0.6841456154436724,-4.327963139769216e-08,0.3752341729547873,-4.353429571322881e-08,-2.0304504764948542e-07,0.0017333969369492438,0.011004445282046907,-4.2653531782817626e-07,-0.044826973434526816,-4.312221664758512e-07,3.3221173638070525e-06,0.007359510391681937,-0.011997595758076053,6.8263870930308736e-06,0.0006219545716677882,6.884664038473122e-06,0.0,True,False,1,True,True,0.004518200003076345,4,2.916174869564749e-10,4.806814009005956e-11,`gtol` termination condition is satisfied.,True,True,0.009999999999999787,0.004924093507322702,1.0,0.0005181477316666727,0.006262697194706985,0.0005181475917133668,0.006262697242774965
7.939999999999875,1786132511.5583913,0.007968199992319569,0.007210399999166839,0.01,TELEOP,0,,0.0,7.939999999999875,794,0.0,0.0,0.034333333333335415,0.05465972888677414,0.0,0.0,0.9985050395656621,1.4601830111134612e-15,3.053942922900197e-07,0.035990519424888075,0.04888533150144949,0.0,0.0,0.9988043974492671,-0.01599999999999957,-0.22216690062779343,0.2906620705072091,-0.10624636999431178,0.0,0.0,0.9943398357015734,-0.015999999999999508,-0.22215072493302687,0.2907223881736087,-0.10666690395557459,0.0,0.0,0.9942948112107054,-0.016000000002911068,-0.22215072521903723,0.2907223881173451,-0.1066669039794703,7.134760356239633e-15,6.650663147137846e-14,0.9942948112081419,-0.016000002356136522,-0.22199474913930667,0.2912181222188123,-0.10978307537282185,4.545075521985319e-10,-2.8351978772118343e-09,0.993955570617563,-0.016000002356136522,-0.22199474913930667,0.2912181222188123,-0.10978307537282185,4.545075521985319e-10,-2.8351978772118343e-09,0.993955570617563,-3.3196581598825084e-11,-0.5291960985557679,0.6853201927957809,-9.011321613938642e-11,0.36986453353055065,-9.106097847780386e-11,-2.326208916319865e-08,-0.529478283582054,0.6842546463125919,-4.6889611268189593e-08,0.37478596986896917,-4.718547644248828e-08,-2.326208916319865e-08,-0.529478283582054,0.6842546463125919,-4.6889611268189593e-08,0.37478596986896917,-4.718547644248828e-08,-1.711822170040013e-07,0.001797390897244081,0.010903086891951732,-3.609979870497513e-07,-0.044820308581813906,-3.651180729259546e-07,3.1862830645484795e-06,0.006399396029483844,-0.010135839009517655,6.553733077842634e-06,0.0006664852712910096,6.610409354989802e-06,0.0,True,False,1,True,True,0.003952500002924353,4,2.915064204717467e-10,4.806583373675764e-11,`gtol` termination condition is satisfied.,True,True,0.009999999999999787,0.00492275727745195,1.0,0.0005196930217072302,0.006269167847895762,0.0005196928821969447,0.006269167895961438
7.949999999999875,1786132511.5656419,0.007441100009600632,0.007019399999990128,0.01,TELEOP,0,,0.0,7.949999999999875,795,0.0,0.0,0.03416666666666875,0.0552406262884412,0.0,0.0,0.9984730708473117,1.3267986614316526e-15,2.774972160561016e-07,0.03582389903420102,0.04946634154058178,0.0,0.0,0.9987757911836823,-0.01599999999999961,-0.22217984607086902,0.2906137897917322,-0.10595715488143118,0.0,0.0,0.9943706961337067,-0.015999999999999553,-0.22216367032892897,0.29067411227672096,-0.10637771498931892,0.0,0.0,0.9943257925617998,-0.016000000002904496,-0.22216367061479408,0.29067411222029804,-0.10637771501321391,7.072911630684835e-15,6.61114010197771e-14,0.9943257925592434,-0.01600000249721748,-0.22200832754101574,0.29117174964767045,-0.10949738352997855,4.67788328838964e-10,-2.9900617551491344e-09,0.9939870839201528,-0.01600000249721748,-0.22200832754101574,0.29117174964767045,-0.10949738352997855,4.67788328838964e-10,-2.9900617551491344e-09,0.9939870839201528,-3.311901095049508e-11,-0.529183612523989,0.6854425636885885,-9.001634368464981e-11,0.36941770290011544,-9.094990660501757e-11,-2.466994719301136e-08,-0.5294597611720371,0.6843628407019904,-4.987376229583654e-08,0.3743378374085744,-5.0205346787810286e-08,-2.466994719301136e-08,-0.5294597611720371,0.6843628407019904,-4.987376229583654e-08,0.3743378374085744,-5.0205346787810286e-08,-1.4078580298127396e-07,0.001852241001685483,0.01081943893984225,-2.9841510276470046e-07,-0.04481324603947784,-3.0198703453220743e-07,3.0396414022728e-06,0.005485010444140321,-0.008364795210948463,6.258288428505216e-06,0.0007062542336068225,6.313103839374849e-06,0.0,True,False,1,True,True,0.0038075999909779057,4,2.913946560296742e-10,4.806289125818915e-11,`gtol` termination condition is satisfied.,True,True,0.009999999999999787,0.004921436338418517,1.0,0.0005213199398631876,0.0062760061431077355,0.00052131980082135,0.006276006191170444
7.959999999999875,1786132511.5735245,0.007278099990799092,0.007624499994562939,0.01,TELEOP,0,,0.0,7.959999999999875,796,0.0,0.0,0.034000000000002084,0.055821504993156544,0.0,0.0,0.9984407641819815,1.2055986643992392e-15,2.5214847514127225e-07,0.03565727440877887,0.05004734062291125,0.0,0.0,0.9987468466516299,-0.015999999999999646,-0.2221927911043028,0.29056550765125594,-0.1056679279263119,0.0,0.0,0.9944014727501965,-0.015999999999999594,-0.22217661531962013,0.2906258345146211,-0.10608851294430634,0.0,0.0,0.9943566902380985,-0.016000000002897825,-0.22217661560533847,0.2906258344580369,-0.10608851296820102,7.010691223877401e-15,6.571049851392186e-14,0.9943566902355492,-0.016000002609499877,-0.22202193366693207,0.2911254482170103,-0.10921182238785791,4.761278128809114e-10,-3.113379955106965e-09,0.9940184997527577,-0.016000002609499877,-0.22202193366693207,0.2911254482170103,-0.10921182238785791,4.761278128809114e-10,-3.113379955106965e-09,0.9940184997527577,-3.3040443125861767e-11,-0.5291709795700783,0.6855648475337571,-8.99164360953721e-11,0.3689709239373498,-9.08358293530103e-11,-2.578939409013215e-08,-0.529440776868397,0.6844703661619373,-5.226351291937583e-08,0.37388977908744014,-5.262554383381064e-08,-2.578939409013215e-08,-0.529440776868397,0.6844703661619373,-5.226351291937583e-08,0.37388977908744014,-5.262554383381064e-08,-1.1194468971208125e-07,0.0018984303640163975,0.010752545994693413,-2.389750623539342e-07,-0.04480583211342732,-2.4201970460004055e-07,2.8841113269193317e-06,0.004618936233091554,-0.00668929451488372,5.944004041076751e-06,0.000741392605052224,5.996732993216818e-06,0.0,True,False,1,True,True,0.003388299999642186,4,2.9128188746751743e-10,4.8060786105817895e-11,`gtol` termination condition is satisfied.,True,True,0.009999999999999787,0.004920134508458962,1.0,0.0005230109083293385,0.0062831338202313115,0.0005230107697745578,0.0062831338682919095
7.9699999999998745,1786132511.5841463,0.007997100008651614,0.010248599995975383,0.01,TELEOP,0,,0.0,7.9699999999998745,797,0.0,0.0,0.03383333333333542,0.056402364804313695,0.0,0.0,0.9984081195806057,1.095470007508837e-15,2.2911528473756042e-07,0.035490645935912654,0.05062832801870442,0.0,0.0,0.9987175638798141,-0.015999999999999678,-0.22220573576547906,0.29051722421608345,-0.10537868941832342,0.0,0.0,0.9944321655178279,-0.015999999999999633,-0.22218955994207146,0.290577555057785,-0.10579929822001728,0.0,0.0,0.9943875041934869,-0.016000000002891084,-0.22218956022764225,0.29057755500103827,-0.10579929824391153,6.94815157097166e-15,6.530436972575006e-14,0.9943875041909446,-0.016000002694576358,-0.2220355606636335,0.29107919827527207,-0.10892635571002052,4.799384267631696e-10,-3.20671639482573e-09,0.9940498222079888,-0.016000002694576358,-0.2220355606636335,0.29107919827527207,-0.10892635571002052,4.799384267631696e-10,-3.20671639482573e-09,0.9940498222079888,-3.296089190854128e-11,-0.5291581991246639,0.6856870431515781,-8.981352183133625e-11,0.3685241967869468,-9.071877651280897e-11,-2.6636689626394108e-08,-0.5294214122446176,0.6845773803126501,-5.4091800300692807e-08,0.37344179797153587,-5.4479232618635306e-08,-2.6636689626394108e-08,-0.5294214122446176,0.6845773803126501,-5.4091800300692807e-08,0.37344179797153587,-5.4479232618635306e-08,-8.472955362619755e-08,0.0019364623779407812,0.010701415071275065,-1.8282873813170166e-07,-0.04479811159042875,-1.8536887848247045e-07,2.7215136085884274e-06,0.00380320139243844,-0.005113092341834982,5.614632422223375e-06,0.0007720522998573681,5.665082611757131e-06,0.0,True,False,1,True,True,0.005946799996308982,4,2.9116872463895334e-10,4.8058325883764706e-11,`gtol` termination condition is satisfied.,True,True,0.009999999999999787,0.004918855150090329,1.0,0.0005247493118681857,0.006290477143473536,0.0005247491738130337,0.006290477191531776
7.979999999999874,1786132511.5911667,0.010472199996002018,0.006797099995310418,0.01,TELEOP,0,,0.0,7.979999999999874,798,0.0,0.0,0.03366666666666876,0.0569832055253127,0.0,0.0,0.9983751370542338,9.954013493780898e-16,2.0818612442922024e-07,0.035324013967487106,0.051209303047211704,0.0,0.0,0.9986879428937845,-0.01599999999999971,-0.22221868008836942,0.2904689396046068,-0.1050894396225102,0.0,0.0,0.9944627744062755,-0.015999999999999667,-0.22220250422987975,0.2905292740611176,-0.10551007118153277,0.0,0.0,0.9944182343859489,-0.016000000002884256,-0.22220250451530163,0.29052927400420675,-0.10551007120542663,6.885340294637013e-15,6.489341995248059e-14,0.9944182343834137,-0.01600000275409628,-0.22204920209574006,0.2910329814392055,-0.10864094953628796,4.796281997801535e-10,-3.271717007355638e-09,0.9940810550874882,-0.01600000275409628,-0.22204920209574006,0.2910329814392055,-0.10864094953628796,4.796281997801535e-10,-3.271717007355638e-09,0.9940810550874882,-3.2880546150269726e-11,-0.5291452706692584,0.6858091494765268,-8.970810499163526e-11,0.368077521587616,-9.059925838236558e-11,-2.722862852713255e-08,-0.5294017436896575,0.684684030569997,-5.5392715871096575e-08,0.3729938966959575,-5.58007484952784e-08,-2.722862852713255e-08,-0.5294017436896575,0.684684030569997,-5.5392715871096575e-08,0.3729938966959575,-5.58007484952784e-08,-5.919389007384562e-08,0.0019668554960006854,0.010665025734694284,-1.300915570403796e-07,-0.04479012755783739,-1.3215158766431229e-07,2.5535663552352465e-06,0.0030393118059904877,-0.003638933658078056,5.273718109132318e-06,0.0007984032591355772,5.32172908181593e-06,0.0,True,False,1,True,True,0.003539099998306483,4,2.9105466377615014e-10,4.8056188544249355e-11,`gtol` termination condition is satisfied.,True,True,0.009999999999999787,0.00491760118458906,1.0,0.0005265195266312498,0.00629796703527354,0.0005265193890822205,0.006297967083329503
7.989999999999874,1786132511.598464,0.0070220000052358955,0.007072300009895116,0.01,TELEOP,0,,0.0,7.989999999999874,799,0.0,0.0,0.0335000000000021,0.05756402695955998,0.0,0.0,0.9983418166140288,9.044737323269346e-16,1.8916879573418567e-07,0.03515737882321666,0.05179026507217549,0.0,0.0,0.9986579837180264,-0.015999999999999737,-0.22223162410384428,0.29042065392439537,-0.10480017878182159,0.0,0.0,0.9944932993878332,-0.0159999999999997,-0.22221544821357547,0.290480991665374,-0.10522083216268396,0.0,0.0,0.9944488807771832,-0.016000000002877355,-0.22221544849884767,0.29048099160829777,-0.10522083218657756,6.8223006369292646e-15,6.447801778307986e-14,0.9944488807746551,-0.016000002789749633,-0.22206285195614267,0.29098678061688243,-0.1083555722312765,4.755980851525035e-10,-3.3100925532238207e-09,0.9941122018999831,-0.016000002789749633,-0.22206285195614267,0.29098678061688243,-0.1083555722312765,4.755980851525035e-10,-3.3100925532238207e-09,0.9941122018999831,-3.279929879549495e-11,-0.5291321937315827,0.6859311655468192,-8.959988697797913e-11,0.3676308984726604,-9.047697416808648e-11,-2.7582379260946016e-08,-0.5293818423062353,0.6847904539654597,-5.6201172394077e-08,0.37254607748346,-5.6625261163304656e-08,-2.7582379260946016e-08,-0.5293818423062353,0.6847904539654597,-5.6201172394077e-08,0.37254607748346,-5.6625261163304656e-08,-3.537507338134715e-08,0.001990138342219254,0.01064233954626293,-8.084565229804444e-08,-0.044781921249751715,-8.245126680262738e-08,2.3818816692498983e-06,0.002328284621856912,-0.0022686188431355796,4.924590474233621e-06,0.0008206308085678104,4.970032086168596e-06,0.0,True,False,1,True,True,0.0035685000038938597,4,2.9094020405981624e-10,4.805410205441643e-11,`gtol` termination condition is satisfied.,True,True,0.009999999999999787,0.004916375108341531,1.0,0.0005283069430343929,0.0063055391668146756,0.00052830680599277,0.006305539214868615
7.999999999999874,1786132511.6052938,0.007295899995369837,0.006606499999179505,0.01,TELEOP,0,,0.0,7.999999999999874,800,0.0,0.0,0.033333333333335435,0.05814482891046852,0.0,0.0,0.9983081582712687,8.218521433395102e-16,1.7188865708541108e-07,0.03499074079358581,0.05237121349774974,0.0,0.0,0.9986276863760454,-0.01599999999999976,-0.222244567839956,0.29037236727318533,-0.1045109071191376,0.0,0.0,0.9945237404371677,-0.015999999999999726,-0.22222839192090268,0.2904327079984507,-0.10493158146891392,0.0,0.0,0.9944794433322555,-0.0160000000028704,-0.22222839220602422,0.2904327079412078,-0.10493158149280715,6.7590718756910525e-15,6.40584981749667e-14,0.9944794433297344,-0.01600000280325211,-0.22207650467240828,0.29094058001973017,-0.10807019451255118,4.682395746698848e-10,-3.323602287650972e-09,0.9941432658616259,-0.01600000280325211,-0.22207650467240828,0.29094058001973017,-0.10807019451255118,4.682395746698848e-10,-3.323602287650972e-09,0.9941432658616259,-3.271732587293396e-11,-0.5291189678813365,0.6860530904949409,-8.948933867287785e-11,0.3671843275705011,-9.035240039952262e-11,-2.7715333670170358e-08,-0.529361773854592,0.6848967770538663,-5.655259307447988e-08,0.3720983421642751,-5.698846090925301e-08,-2.7715333670170358e-08,-0.529361773854592,0.6848967770538663,-5.655259307447988e-08,0.3720983421642751,-5.698846090925301e-08,-1.3295440922434605e-08,0.002006845164325154,0.010632308840658532,-3.514206804028884e-08,-0.04477353191849386,-3.63199745948364e-08,2.2079632458913013e-06,0.001670682210590026,-0.0010030705604396665,4.5703584257756575e-06,0.0008389331257849705,4.613129220779196e-06,0.0,True,False,1,True,True,0.003358800007845275,4,2.9082517985222594e-10,4.805194776404004e-11,`gtol` termination condition is satisfied.,True,True,0.009999999999999787,0.004915179010799631,1.0,0.0005300979824696708,0.006313134008107108,0.0005300978459317936,0.006313134056158827
8.009999999999874,1786132511.6129594,0.006964800006244332,0.007307200008654036,0.01,TELEOP,0,,0.0,8.009999999999874,801,0.0,0.0,0.03316666666666877,0.058725611181457874,0.0,0.0,0.9982741620373455,7.467778459127277e-16,1.5618702004326058e-07,0.03482410014252074,0.05295214776479335,0.0,0.0,0.9985970508904458,-0.015999999999999785,-0.2222575113221962,0.29032407973977814,-0.10422162483910903,0.0,0.0,0.9945540975310976,-0.015999999999999754,-0.2222413353770734,0.29038442317655966,-0.10464231937987763,0.0,0.0,0.9945099220192828,-0.016000000002863373,-0.22224133566204352,0.29038442311914914,-0.10464231940377067,6.695689683096792e-15,6.36351657470514e-14,0.9945099220167687,-0.016000002796331163,-0.22209015510963498,0.2908943651644248,-0.10778478945991952,4.579326013156178e-10,-3.314038529142818e-09,0.9941742498984174,-0.016000002796331163,-0.22209015510963498,0.2908943651644248,-0.10778478945991952,4.579326013156178e-10,-3.314038529142818e-09,0.9941742498984174,-3.263461371504253e-11,-0.5291055927263458,0.6861749235390264,-8.937641577571271e-11,0.3667378090051473,-9.022549310247656e-11,-2.7644967579622852e-08,-0.5293415987383062,0.6850031159021638,-5.6482623026941536e-08,0.3716506921969728,-5.692626737487131e-08,-2.7644967579622852e-08,-0.5293415987383062,0.6850031159021638,-5.6482623026941536e-08,0.3716506921969728,-5.692626737487131e-08,7.036609054750704e-09,0.00201751162858015,0.010633884829742623,6.997004753834456e-09,-0.044764996730235915,6.219353438170257e-09,2.033204997718574e-06,0.0010666464254996495,0.00015759890840905707,4.213907279412419e-06,0.0008535188257945022,4.2539328033007566e-06,0.0,True,False,1,True,True,0.003809599991654977,4,2.9070969687058444e-10,4.805004998603207e-11,`gtol` termination condition is satisfied.,True,True,0.009999999999999787,0.0049140145937739965,1.0,0.0005318801077068727,0.0063206968406513625,0.0005318799716650581,0.00632069688870125
8.019999999999873,1786132511.619798,0.007531899987952784,0.006613899997319095,0.01,TELEOP,0,,0.0,8.019999999999873,802,0.0,0.0,0.03300000000000211,0.059306373575954294,0.0,0.0,0.9982398279237658,6.785614123727853e-16,1.419196920107652e-07,0.034657457109816825,0.05353306734750321,0.0,0.0,0.9985660772830047,-0.015999999999999803,-0.2222704545737296,0.29027579140485704,-0.10393233212982934,0.0,0.0,0.9945843706483904,-0.015999999999999775,-0.22225427860499875,0.29033613730529473,-0.10435304615180438,0.0,0.0,0.9945403168091476,-0.01600000000285629,-0.22225427888981672,0.29033613724771556,-0.10435304617569717,6.6321864671656165e-15,6.320829733176919e-14,0.9945403168066405,-0.016000002770713145,-0.2221037985700318,0.2908481228654852,-0.107499332507389,4.450437192834992e-10,-3.2832121661279574e-09,0.9942051566505103,-0.016000002770713145,-0.2221037985700318,0.2908481228654852,-0.107499332507389,4.450437192834992e-10,-3.2832121661279574e-09,0.9942051566505103,-3.255129051363521e-11,-0.5290920679090716,0.6862966639750395,-8.926146106748183e-11,0.36629134289662624,-9.009659915579149e-11,-2.738871243905772e-08,-0.5293213720287301,0.685109576152498,-5.602686325026839e-08,0.37120312869013766,-5.6474561004634524e-08,-2.738871243905772e-08,-0.5293213720287301,0.685109576152498,-5.602686325026839e-08,0.37120312869013766,-5.6474561004634524e-08,2.5625514056513596e-08,0.0020226709576114037,0.010646025033427778,4.557597766731552e-08,-0.04475635068351246,4.5170637023679906e-08,1.8588905001763287e-06,0.0005159329031253619,0.0012140203685155587,3.8578972913481885e-06,0.0008646046723451961,3.895128358551048e-06,0.0,True,False,1,True,True,0.003424299997277558,4,2.905938721042654e-10,4.8048066166530495e-11,`gtol` termination condition is satisfied.,True,True,0.009999999999999787,0.004912883191825479,1.0,0.0005336418269337752,0.006328177735714375,0.0005336416913762551,0.006328177783762289
8.029999999999873,1786132511.6282692,0.006831999999121763,0.00825319999421481,0.01,TELEOP,0,,0.0,8.029999999999873,803,0.0,0.0,0.03283333333333545,0.05988711589739072,0.0,0.0,0.9982051559421503,6.165763926734955e-16,1.2895565206896636e-07,0.034490811913344264,0.054113971750355705,0.0,0.0,0.9985347655747404,-0.015999999999999823,-0.2222833976156065,0.2902275023417292,-0.10364302916435315,0.0,0.0,0.9946145597695808,-0.015999999999999796,-0.22226722162549886,0.29028785048060146,-0.10406376201964408,0.0,0.0,0.9945706276752391,-0.01600000000284916,-0.22226722191016404,0.290287850422853,-0.10406376204353655,6.568591664238842e-15,6.277814453010351e-14,0.9945706276727391,-0.016000002728111466,-0.22211743078949855,0.29080184121940084,-0.10721380141930084,4.2992454990368687e-10,-3.2329391291975544e-09,0.9942359884781996,-0.016000002728111466,-0.22211743078949855,0.29080184121940084,-0.10721380141930084,4.2992454990368687e-10,-3.2329391291975544e-09,0.9942359884781996,-3.2467519924836704e-11,-0.5290783931034297,0.6864183111696476,-8.914491595060525e-11,0.3658449293613617,-8.996616480328427e-11,-2.6963837970490157e-08,-0.5293011435246374,0.6852162531529236,-5.522062707766304e-08,0.37075565242464453,-5.5668937145529766e-08,-2.6963837970490157e-08,-0.5293011435246374,0.6852162531529236,-5.522062707766304e-08,0.37075565242464453,-5.5668937145529766e-08,4.248744685675716e-08,0.0020228504092690237,0.01066770004255155,8.062361726053694e-08,-0.044747626549314176,8.056238591047753e-08,1.6861932800243927e-06,1.794516576199409e-05,0.0021675009123771987,3.5047639593222174e-06,0.000872413419828894,3.5391748886798374e-06,0.0,True,False,1,True,True,0.005006899998988956,4,2.9047765809209963e-10,4.804595178890184e-11,`gtol` termination condition is satisfied.,True,True,0.009999999999999787,0.004911785793511425,1.0,0.0005353726914715957,0.006335531501217222,0.0005353725563835344,0.006335531549263058
8.039999999999873,1786132511.6351333,0.008477499999571592,0.0066393000015523285,0.01,TELEOP,0,,0.0,8.039999999999873,804,0.0,0.0,0.03266666666666879,0.06046783794920692,0.0,0.0,0.9981701461042344,5.602535615352812e-16,1.171758477720622e-07,0.03432416475105217,0.0546948605053285,0.0,0.0,0.9985031157859763,-0.01599999999999984,-0.2222963404669557,0.2901792126169998,-0.10335371610207574,0.0,0.0,0.9946446648768049,-0.015999999999999816,-0.222280164457494,0.29023956278965785,-0.10377446719901719,0.0,0.0,0.9946008545932183,-0.016000000002841987,-0.22228016474200574,0.2902395627317391,-0.10377446722290937,6.504932024145302e-15,6.234493621684264e-14,0.9946008545907254,-0.01600000267021582,-0.22213104793147734,0.29075550958111696,-0.10692817625213953,4.129104812200317e-10,-3.165027847875197e-09,0.9942667474694059,-0.01600000267021582,-0.22213104793147734,0.29075550958111696,-0.10692817625213953,4.129104812200317e-10,-3.165027847875197e-09,0.9942667474694059,-3.2383001218787866e-11,-0.5290645680119112,0.6865398645537688,-8.902595234553247e-11,0.36539856851252994,-8.983335466444867e-11,-2.6387345714794403e-08,-0.5292809578437141,0.6853232321491528,-5.4098718911626776e-08,0.3703082638763306,-5.454448260946941e-08,-2.6387345714794403e-08,-0.5292809578437141,0.6853232321491528,-5.4098718911626776e-08,0.3703082638763306,-5.454448260946941e-08,5.7649225569576636e-08,0.0020185680923342905,0.010697899622925897,1.1219081660362868e-07,-0.04473885483139535,1.1244545360603797e-07,1.51617787128198e-06,-0.0004282316934733216,0.003019958037434884,3.1567199343092414e-06,0.000877171791882625,3.1883067695561126e-06,0.0,True,False,1,True,True,0.0034270000032847747,4,2.903611391816017e-10,4.804390103667225e-11,`gtol` termination condition is satisfied.,True,True,0.009999999999999787,0.004910723063282829,1.0,0.0005370632873062466,0.006342717600222086,0.0005370631526695487,0.00634271764826584
8.049999999999873,1786132511.6433563,0.0068623000115621835,0.008000500005437061,0.01,TELEOP,0,,0.0,8.049999999999873,805,0.0,0.0,0.032500000000002124,0.0610485395348495,0.0,0.0,0.9981347984218675,5.090756910947529e-16,1.064721018528973e-07,0.0341575158027895,0.05527573316937699,0.0,0.0,0.9984711279364006,-0.015999999999999855,-0.22230928314516007,0.2901309222911846,-0.10306439308998626,0.0,0.0,0.9946746859536504,-0.015999999999999834,-0.22229310711817768,0.2901912743116752,-0.10348516188798633,0.0,0.0,0.9946309975408053,-0.016000000002834754,-0.22229310740253536,0.2901912742535858,-0.10348516191187844,6.441231851361113e-15,6.190887998784354e-14,0.9946309975383194,-0.016000002598682596,-0.22214464657834523,0.2907091185336816,-0.10664243930348627,3.943196083223985e-10,-3.0812677026383696e-09,0.9942974354484689,-0.016000002598682596,-0.22214464657834523,0.2907091185336816,-0.10664243930348627,3.943196083223985e-10,-3.0812677026383696e-09,0.9942974354484689,-3.22980836629822e-11,-0.5290505923629591,0.6866613236166875,-8.89055199830756e-11,0.3649522604603652,-8.969912804956956e-11,-2.5675873316301555e-08,-0.5292608545425846,0.6854305885308875,-5.269523494420713e-08,0.3698609632388764,-5.3135574399459795e-08,-2.5675873316301555e-08,-0.5292608545425846,0.6854305885308875,-5.269523494420713e-08,0.3698609632388764,-5.3135574399459795e-08,7.114723984928623e-08,0.0020103301129418124,0.01073563817347007,1.4034839674196715e-07,-0.04473006374542169,1.4089082100096466e-07,1.349801427970988e-06,-0.0008237979392478364,0.0037738550544174467,2.815758013833907e-06,0.0008791085973659796,2.8445367394927292e-06,0.0,True,False,1,True,True,0.004691299996920861,4,2.902442064119686e-10,4.804235205528112e-11,`gtol` termination condition is satisfied.,True,True,0.009999999999999787,0.004909695363800648,1.0,0.0005387052206484122,0.00634970004393916,0.0005387050864429544,0.006349700091981333
8.059999999999873,1786132511.650517,0.008285499992780387,0.0068752999941352755,0.01,TELEOP,0,,0.0,8.059999999999873,806,0.0,0.0,0.03233333333333546,0.061629220457772,0.0,0.0,0.9980991129070136,4.625728010606891e-16,9.67461187986882e-08,0.03399086523195959,0.055856589322142,0.0,0.0,0.9984388020451217,-0.01599999999999987,-0.22232222566601595,0.2900826314192663,-0.102775060263806,0.0,0.0,0.9947046229850202,-0.015999999999999848,-0.22230604962317463,0.2901429851186257,-0.10319584626866576,0.0,0.0,0.9946610564975861,-0.016000000002827496,-0.22230604990737782,0.2901429850603648,-0.1031958462925575,6.3775132354141764e-15,6.147016482605677e-14,0.9946610564951073,-0.01600000251512612,-0.22215822372061167,0.2906626598518431,-0.10635657504955326,3.744519009703246e-10,-2.9834184754437497e-09,0.9943280539860719,-0.01600000251512612,-0.22215822372061167,0.2906626598518431,-0.10635657504955326,3.744519009703246e-10,-2.9834184754437497e-09,0.9943280539860719,-3.2212690083041715e-11,-0.5290364659085905,0.6867826879007222,-8.878340265216776e-11,0.3645060053124478,-8.956326719692322e-11,-2.4845609307778822e-08,-0.5292408682621466,0.6855383881264348,-5.1043385393922786e-08,0.369413750446721,-5.1475700129643615e-08,-2.4845609307778822e-08,-0.5292408682621466,0.6855383881264348,-5.1043385393922786e-08,0.369413750446721,-5.1475700129643615e-08,8.302640085227498e-08,0.0019986280438036752,0.010779959554732781,1.651849550284381e-07,-0.04472127921554529,1.6598742698162185e-07,1.1879161002989006e-06,-0.0011702069138137662,0.004432138126271218,2.4836558286471466e-06,0.0008784529876394605,2.5096605980657716e-06,0.0,True,False,1,True,True,0.0035777000011876225,4,2.901271791977967e-10,4.804005188733925e-11,`gtol` termination condition is satisfied.,True,True,0.009999999999999787,0.004908702778511187,1.0,0.0005402910978335137,0.006356447262118746,0.0005402909640364685,0.006356447310158701
8.069999999999872,1786132511.6599767,0.007095900000422262,0.009240200000931509,0.01,TELEOP,0,,0.0,8.069999999999872,807,0.0,0.0,0.0321666666666688,0.06220988052143496,0.0,0.0,0.9980630895717509,4.2031784275731005e-16,8.79085821740246e-08,0.03382421318702346,0.056437428563867596,0.0,0.0,0.9984061381307201,-0.015999999999999882,-0.22233516804387785,0.2900343400512009,-0.10248571774902263,0.0,0.0,0.9947344759570103,-0.01599999999999986,-0.22231899198668367,0.29009469527590354,-0.1029065205086836,0.0,0.0,0.9946910314448382,-0.016000000002820192,-0.22231899227073176,0.2900946952174707,-0.10290652053257508,6.313796255621645e-15,6.102896223834372e-14,0.9946910314423664,-0.01600000242111093,-0.22217177674417712,0.2906161264603577,-0.1060705700726955,3.5358858463219866e-10,-2.873200794877405e-09,0.994358604410126,-0.01600000242111093,-0.22217177674417712,0.2906161264603577,-0.1060705700726955,3.5358858463219866e-10,-2.873200794877405e-09,0.994358604410126,-3.2126913064148217e-11,-0.5290221884222375,0.6869039569963724,-8.865984959042272e-11,0.3640598031739571,-8.942602407995148e-11,-2.3912218116669695e-08,-0.5292210288950789,0.6856466875395055,-4.9175337712104285e-08,0.36896662519785095,-4.959729958991238e-08,-2.3912218116669695e-08,-0.5292210288950789,0.6856466875395055,-4.9175337712104285e-08,0.36896662519785095,-4.959729958991238e-08,9.333911911091482e-08,0.001983936706756901,0.010829941307072868,1.8680476818185418e-07,-0.04471252488700256,1.8784005397312767e-07,1.0312718258640055e-06,-0.0014691337046774224,0.004998175234008854,2.1619813153416527e-06,0.000875432854273786,2.1852626991506283e-06,0.0,True,False,1,True,True,0.004186000005574897,4,2.90009768473712e-10,4.8038125265984126e-11,`gtol` termination condition is satisfied.,True,True,0.009999999999999787,0.004907745134273167,1.0,0.0005418144999197554,0.00636293195360447,0.0005418143665070391,0.006362932001642508
8.079999999999872,1786132511.6719506,0.009633699999540113,0.01158009999198839,0.01,TELEOP,0,,0.0,8.079999999999872,808,0.0,0.0,0.03200000000000213,0.06279051952930598,0.0,0.0,0.9980267284282721,3.8192277742024305e-16,7.987833440155443e-08,0.03365755980286572,0.05701825051350984,0.0,0.0,0.998373136211296,-0.015999999999999893,-0.2223481102917902,0.2899860482323762,-0.10219636566182916,0.0,0.0,0.994764244856797,-0.015999999999999875,-0.22233193422160805,0.2900464048429259,-0.10261718476251008,0.0,0.0,0.9947209223653724,-0.01600000000281285,-0.22233193450550062,0.2900464047843207,-0.1026171847864015,6.250099165089587e-15,6.058542817106446e-14,0.9947209223629075,-0.01600000231814517,-0.22218530341590198,0.290569512387744,-0.10578441298024355,3.319917207291866e-10,-2.752287565629531e-09,0.9943890878174525,-0.01600000231814517,-0.22218530341590198,0.290569512387744,-0.10578441298024355,3.319917207291866e-10,-2.752287565629531e-09,0.9943890878174525,-3.204052144689821e-11,-0.5290077596967788,0.6870251305379105,-8.853422013466557e-11,0.36361365414790425,-8.928675281109953e-11,-2.2890774958186176e-08,-0.529201361772501,0.6857555345223093,-4.712208009063199e-08,0.3685195869763177,-4.753162678379e-08,-2.2890774958186176e-08,-0.529201361772501,0.6857555345223093,-4.712208009063199e-08,0.3685195869763177,-4.753162678379e-08,1.0214431584835422e-07,0.001966712257791128,0.010884698280375787,2.0532576214723373e-07,-0.04470382215332644,2.0656728061224252e-07,8.805196737439597e-07,-0.0017224448965773378,0.005475697330292045,1.8520993965379946e-06,0.0008702733676117444,1.8727226639115252e-06,0.0,True,False,1,True,True,0.005931899999268353,4,2.8989217700616754e-10,4.8036557768802314e-11,`gtol` termination condition is satisfied.,True,True,0.009999999999999787,0.004906822023893864,1.0,0.0005432699524191374,0.006369130919738719,0.0005432698193651169,0.006369130967775148
8.089999999999872,1786132511.6792417,0.011913099995581433,0.006957000005058944,0.01,TELEOP,0,,0.0,8.089999999999872,809,0.0,0.0,0.03183333333333547,0.06337113728485974,0.0,0.0,0.9979900294888839,3.4703501273110427e-16,7.25816314680013e-08,0.0334909052020357,0.05759905480701883,0.0,0.0,0.9983397963045137,-0.015999999999999903,-0.22236105242160698,0.2899377560040305,-0.10190700410997763,0.0,0.0,0.9947939296725373,-0.01599999999999989,-0.22234487633967367,0.28999811387367885,-0.10232783917266448,0.0,0.0,0.9947507292433886,-0.01600000000280548,-0.22234487662341032,0.2899981138149008,-0.10232783919655572,6.186438564098511e-15,6.01397039271468e-14,0.9947507292409309,-0.01600000220767474,-0.22219880186772561,0.29052281271618685,-0.10549809431595612,3.099039716738703e-10,-2.6222963659920027e-09,0.9944195050861089,-0.01600000220767474,-0.22219880186772561,0.29052281271618685,-0.10549809431595612,3.099039716738703e-10,-2.6222963659920027e-09,0.9944195050861089,-3.195401884057674e-11,-0.528993179542761,0.6871462081993762,-8.840789529915808e-11,0.36316755833533804,-8.914684702546495e-11,-2.1795710250830833e-08,-0.5291818878668758,0.6858649683793034,-4.491330454737036e-08,0.36807263507434984,-4.5308631711950294e-08,-2.1795710250830833e-08,-0.5291818878668758,0.6858649683793034,-4.491330454737036e-08,0.36807263507434984,-4.5308631711950294e-08,1.0950647073553677e-07,0.0019473905625168335,0.010943385699418714,2.208775543261673e-07,-0.04469519019678512,2.2229950718397512e-07,7.362154887182705e-07,-0.0019321695274295047,0.005868741904292852,1.5551792178933881e-06,0.0008631956541323265,1.573222657173294e-06,0.0,True,False,1,True,True,0.003489299997454509,4,2.8977441736788613e-10,4.803478996875245e-11,`gtol` termination condition is satisfied.,True,True,0.009999999999999787,0.004905932828413451,1.0,0.0005446528906229921,0.0063750248832010956,0.0005446527579008586,0.006375024931235748
8.099999999999872,1786132511.6861486,0.007187400013208389,0.006677199999103323,0.01,TELEOP,0,,0.0,8.099999999999872,810,0.0,0.0,0.031666666666668807,0.0639517335915782,0.0,0.0,0.9979529927660079,3.1533416486642635e-16,6.595146571123035e-08,0.03332424949587507,0.058179841095778465,0.0,0.0,0.9983061184276444,-0.015999999999999914,-0.22237399444410028,0.2898894634036307,-0.1016176331935538,0.0,0.0,0.9948235303932755,-0.0159999999999999,-0.2223578183515365,0.2899498224172137,-0.10203848387081126,0.0,0.0,0.9947804520643468,-0.016000000002798057,-0.2223578186351169,0.2899498223582626,-0.10203848389470219,6.122829548507134e-15,5.969191838282598e-14,0.9947804520618962,-0.016000002091078512,-0.22221227057956597,0.29047602352826585,-0.10521160646532585,2.875485361500376e-10,-2.484782791862175e-09,0.9944498568882121,-0.016000002091078512,-0.22221227057956597,0.29047602352826585,-0.10521160646532585,2.875485361500376e-10,-2.484782791862175e-09,0.9944498568882121,-3.1866877804244305e-11,-0.5289784477867779,0.6872671896909387,-8.827941786490674e-11,0.36272151583553436,-8.900483720975354e-11,-2.0640763134553533e-08,-0.5291626240083854,0.6859750203962123,-4.257730873598121e-08,0.3676257686139431,-4.2956861042800433e-08,-2.0640763134553533e-08,-0.5291626240083854,0.6859750203962123,-4.257730873598121e-08,0.3676257686139431,-4.2956861042800433e-08,1.154947116277326e-07,0.001926385849041731,0.011005201690880524,2.3359958113892075e-07,-0.04468664604067489,2.3517706691499118e-07,5.988240892195956e-07,-0.0021004713475102814,0.006181599146181174,1.272202681275374e-06,0.0008544156110229864,1.2877559731016343e-06,0.0,True,False,1,True,True,0.0034081999910995364,4,2.896565045227766e-10,4.803269483417449e-11,`gtol` termination condition is satisfied.,True,True,0.009999999999999787,0.004905076739011804,1.0,0.0005459596210268585,0.006380598294744115,0.0005459594886092742,0.006380598342776685
8.109999999999872,1786132511.6979241,0.006931399999302812,0.011521300009917468,0.01,TELEOP,0,,0.0,8.109999999999872,811,0.0,0.0,0.03150000000000214,0.06453230825295053,0.0,0.0,0.9979156182721794,2.8652911632594705e-16,5.992695046929251e-08,0.03315759278554245,0.05876060904518902,0.0,0.0,0.9982721025976027,-0.01599999999999992,-0.2223869363690592,0.2898411704652181,-0.10132825300568132,0.0,0.0,0.9948530470088619,-0.01599999999999991,-0.22237076026688032,0.2899015305180975,-0.10174911897875602,0.0,0.0,0.9948100908148485,-0.016000000002790647,-0.222370760550304,0.2899015304589731,-0.10174911900264687,6.059285856004477e-15,5.924218786255022e-14,0.9948100908124049,-0.016000001969664304,-0.22222570836121802,0.29042914185114344,-0.10492494355591722,2.6512924011177233e-10,-2.3412347207146296e-09,0.9944801437031248,-0.016000001969664304,-0.22222570836121802,0.29042914185114344,-0.10492494355591722,2.6512924011177233e-10,-2.3412347207146296e-09,0.9944801437031248,-3.1779750793455163e-11,-0.5289635642700007,0.6873880747555898,-8.815058329898369e-11,0.3622755267461668,-8.886253455478502e-11,-1.9438943671134345e-08,-0.5291435831121415,0.6860857142892077,-4.0140915643925304e-08,0.3671789865678218,-4.050337682866136e-08,-1.9438943671134345e-08,-0.5291435831121415,0.6860857142892077,-4.0140915643925304e-08,0.3671789865678218,-4.050337682866136e-08,1.201819463419215e-07,0.0019040896243887704,0.011069389299541557,2.4363930920559534e-07,-0.04467820461212995,2.453484214139123e-07,4.687234714189003e-07,-0.0022296224652961156,0.006418760866103447,1.0039728066674815e-06,0.0008441428544939932,1.0171354498921323e-06,0.0,True,False,1,True,True,0.005931599996984005,4,2.8953836498882833e-10,4.8031099087476905e-11,`gtol` termination condition is satisfied.,True,True,0.009999999999999787,0.004904252778408724,1.0,0.0005471872793755548,0.006385839130179255,0.0005471871472344948,0.006385839178210246
8.119999999999871,1786132511.7098694,0.011887100001331419,0.01157940000121016,0.01,TELEOP,0,,0.0,8.119999999999871,812,0.0,0.0,0.031333333333335475,0.0651128610724732,0.0,0.0,0.9978779060200486,2.6035534252149656e-16,5.445276094047766e-08,0.03299093516294438,0.05934135833337992,0.0,0.0,0.9982377488309834,-0.01599999999999993,-0.2223998782053795,0.28979287721972086,-0.1010388636331611,0.0,0.0,0.9948824795098763,-0.01599999999999992,-0.2223837020945054,0.28985323821682335,-0.10145974460935017,0.0,0.0,0.9948396454825298,-0.01600000000278317,-0.2223837023777721,0.2898532381575252,-0.10145974463324076,5.9958199815874205e-15,5.879061873030362e-14,0.9948396454800933,-0.016000001844665594,-0.2222391143334609,0.29038216559881624,-0.10463810135384684,2.428307690093462e-10,-2.1930674649924e-09,0.9945103658308757,-0.016000001844665594,-0.2222391143334609,0.29038216559881624,-0.10463810135384684,2.428307690093462e-10,-2.1930674649924e-09,0.9945103658308757,-3.169194596672688e-11,-0.5289485288468377,0.6875088631661361,-8.801947692924257e-11,0.3618295911634576,-8.871800861441385e-11,-1.8202503248241982e-08,-0.5291247744137422,0.6861970666694321,-3.762941019726993e-08,0.3667322877796803,-3.7973692279450226e-08,-1.8202503248241982e-08,-0.5291247744137422,0.6861970666694321,-3.762941019726993e-08,0.3667322877796803,-3.7973692279450226e-08,1.2364404228923881e-07,0.001880869839928423,0.011135238022446706,2.5115054466554283e-07,-0.044669878814149806,2.529684549211187e-07,3.462095947317389e-07,-0.002321978446034804,0.006584872290515083,7.511235459947655e-07,0.000832579798014319,7.620033507206579e-07,0.0,True,False,1,True,True,0.006045400004950352,4,2.894202006051255e-10,4.802911096595317e-11,`gtol` termination condition is satisfied.,True,True,0.009999999999999787,0.004903459821654965,1.0,0.0005483337858566154,0.0063907386798323935,0.0005483336539636384,0.006390738727861414
8.129999999999871,1786132511.7176461,0.011988099999143742,0.007367400001385249,0.01,TELEOP,0,,0.0,8.129999999999871,813,0.0,0.0,0.031166666666668816,0.06569339185365014,0.0,0.0,0.9978398560223795,2.3657248257582315e-16,4.947862611961372e-08,0.03282427671158115,0.05992208865004055,0.0,0.0,0.9982030571440947,-0.015999999999999938,-0.2224128199611451,0.28974458369523876,-0.10074946515705233,0.0,0.0,0.994911827887561,-0.015999999999999927,-0.22239664384240904,0.28980494555018194,-0.10117036086731274,0.0,0.0,0.9948691160559653,-0.01600000000277567,-0.22239664412551852,0.28980494549070984,-0.10117036089120302,5.9324433065872205e-15,5.83373067559048e-14,0.9948691160535359,-0.016000001717239306,-0.22225248790856822,0.29033509351299486,-0.10435107715745269,2.2081902698052512e-10,-2.0416197803638003e-09,0.9945405234056979,-0.016000001717239306,-0.22225248790856822,0.29033509351299486,-0.10435107715745269,2.2081902698052512e-10,-2.0416197803638003e-09,0.9945405234056979,-3.160394721085344e-11,-0.5289333413837284,0.6876295547224738,-8.78874313161639e-11,0.36138370918231627,-8.857260347699464e-11,-1.6942912726555716e-08,-0.5291062037108344,0.6863090875183396,-3.506649185196116e-08,0.36628567098362447,-3.5391723667145766e-08,-1.6942912726555716e-08,-0.5291062037108344,0.6863090875183396,-3.506649185196116e-08,0.36628567098362447,-3.5391723667145766e-08,1.2595905216862936e-07,0.0018570702907772965,0.011202084890743948,2.5629183453088204e-07,-0.04466167960558457,2.581968612304512e-07,2.315009879390605e-07,-0.0023799549151126993,0.006684686829724404,5.141289865339324e-07,0.0008199208565233772,5.228406309332632e-07,0.0,True,False,1,True,True,0.003528600005665794,4,2.893019400782923e-10,4.802706301117754e-11,`gtol` termination condition is satisfied.,True,True,0.009999999999999787,0.004902696616222724,1.0,0.0005493977979761783,0.006395291332549542,0.0005493976663029773,0.0063952913805765095
8.139999999999871,1786132511.7258496,0.00758289999794215,0.007989000005181879,0.01,TELEOP,0,,0.0,8.139999999999871,814,0.0,0.0,0.03100000000000215,0.06627390039999266,0.0,0.0,0.9978014682920505,2.149621320233421e-16,4.4958867144899544e-08,0.03265761750731537,0.06050279969535824,0.0,0.0,0.9981680275529885,-0.015999999999999945,-0.22242576164370237,0.28969628991730195,-0.10046005765319985,0.0,0.0,0.9949410921337584,-0.015999999999999934,-0.2224095855178591,0.2897566525516005,-0.10088096784997692,0.0,0.0,0.9948985025245801,-0.016000000002768144,-0.22240958580081086,0.2897566524919543,-0.10088096787386701,5.869166188241873e-15,5.788233934117746e-14,0.9948985025221577,-0.01600000158846395,-0.22226582877040707,0.2902879251031381,-0.10406386968912902,1.9924160895473848e-10,-1.888150691314373e-09,0.994570616409576,-0.01600000158846395,-0.22226582877040707,0.2902879251031381,-0.10406386968912902,1.9924160895473848e-10,-1.888150691314373e-09,0.994570616409576,-3.151566681100322e-11,-0.5289180017580335,0.6877501492491009,-8.775420028480927e-11,0.3609378808964645,-8.842607121990901e-11,-1.5670847824317303e-08,-0.5290878736084967,0.6864217806696351,-3.247424213506927e-08,0.36583913482274577,-3.277975731700609e-08,-1.5670847824317303e-08,-0.5290878736084967,0.6864217806696351,-3.247424213506927e-08,0.36583913482274577,-3.277975731700609e-08,1.2720649022384406e-07,0.0018330102337686977,0.01126931512954397,2.592249716891948e-07,-0.044653616087869163,2.611966350139732e-07,1.247438055214717e-07,-0.0024060057008599223,0.0067230238800022445,2.933137158312856e-07,0.0008063517715404974,2.999773783522022e-07,0.0,True,False,1,True,True,0.00438919999578502,4,2.891833667522255e-10,4.8025265594027363e-11,`gtol` termination condition is satisfied.,True,True,0.009999999999999787,0.004901961801308197,1.0,0.0005503786616385844,0.00639949435621126,0.0005503785301570241,0.0063994944042364225
8.14999999999987,1786132511.7330248,0.008235899993451312,0.006927700000233017,0.01,TELEOP,0,,0.0,8.14999999999987,815,0.0,0.0,0.03083333333333549,0.06685438651501965,0.0,0.0,0.9977627428420548,1.9532583714257945e-16,4.085197781576391e-08,0.032490957619070296,0.0610834911790538,0.0,0.0,0.9981326600734887,-0.01599999999999995,-0.22243870325972726,0.28964799590910556,-0.10017064119271361,0.0,0.0,0.9949702722408548,-0.01599999999999994,-0.22242252712746033,0.2897083592514498,-0.10059156564796824,0.0,0.0,0.9949278048785704,-0.0160000000027606,-0.2224225274102542,0.2897083591916294,-0.10059156567185826,5.805998064989727e-15,5.74257956060656e-14,0.994927804876155,-0.016000001459338716,-0.22227913685429726,0.29024066058613185,-0.1037764789862366,1.7822837198407006e-10,-1.7338370936953152e-09,0.9946006446857046,-0.016000001459338716,-0.22227913685429726,0.29024066058613185,-0.1037764789862366,1.7822837198407006e-10,-1.7338370936953152e-09,0.9946006446857046,-3.142705101688792e-11,-0.5289025098570388,0.6878706465928695,-8.761963067487298e-11,0.36049210639854884,-8.827825780069691e-11,-1.4396181241895285e-08,-0.5290697837664132,0.6865351442939006,-2.987310612719341e-08,0.36539267786677226,-3.0158430669244685e-08,-1.4396181241895285e-08,-0.5290697837664132,0.6865351442939006,-2.987310612719341e-08,0.36539267786677226,-3.0158430669244685e-08,1.2746665824220456e-07,0.0018089842083559911,0.011336362426550265,2.6011360078759135e-07,-0.04464569559735016,2.621326647761458e-07,2.601680183605067e-08,-0.0024026025412707186,0.006704729700629679,8.886290983965416e-08,0.0007920490519005424,9.360297621726489e-08,0.0,True,False,1,True,True,0.003660899994429201,4,2.8906482293596555e-10,4.8023780271114686e-11,`gtol` termination condition is satisfied.,True,True,0.009999999999999787,0.004901253926281268,1.0,0.0005512763609379674,0.006403347676567439,0.0005512762296201651,0.006403347724591048
8.15999999999987,1786132511.7449033,0.007188200004748069,0.011618500007898547,0.01,TELEOP,0,,0.0,8.15999999999987,816,0.0,0.0,0.030666666666668826,0.06743485000225762,0.0,0.0,0.9977236796854995,1.7748327250172039e-16,3.7120243429513876e-08,0.032324297109464266,0.061664162819505486,0.0,0.0,0.9980969547212183,-0.015999999999999955,-0.2224516448152866,0.2895997016917235,-0.09988121584240378,0.0,0.0,0.9949993682017306,-0.01599999999999995,-0.22243546867721503,0.28966006567732355,-0.10030215434582047,0.0,0.0,0.9949570231088313,-0.016000000002753048,-0.22243546895985072,0.28966006561732865,-0.10030215436971032,5.742947537693736e-15,5.69677471985212e-14,0.9949570231064229,-0.01600000133078308,-0.22229241232678895,0.2901933008260612,-0.10348890629192481,1.5789209252022004e-10,-1.5797720916435955e-09,0.9946306079517668,-0.01600000133078308,-0.22229241232678895,0.2901933008260612,-0.10348890629192481,1.5789209252022004e-10,-1.5797720916435955e-09,0.9946306079517668,-3.13383474072064e-11,-0.5288868655770449,0.687991046620935,-8.74844065565362e-11,0.3600463857802417,-8.81298528950333e-11,-1.3127981021241158e-08,-0.529051931145966,0.686649171382304,-2.7281886858025012e-08,0.3649462986287512,-2.7546726375349863e-08,-1.3127981021241158e-08,-0.529051931145966,0.686649171382304,-2.7281886858025012e-08,0.3649462986287512,-2.7546726375349863e-08,1.2682002206541537e-07,0.0017852620447209998,0.011402708840333859,2.5912192691684546e-07,-0.044637923802106114,2.6117042938948764e-07,-6.46636176789214e-08,-0.0023722163634991825,0.006634641378359504,-9.916738707458909e-08,0.0007771795244047285,-9.622353866582297e-08,0.0,True,False,1,True,True,0.005860400007804856,4,2.8894619236894245e-10,4.80219730129212e-11,`gtol` termination condition is satisfied.,True,True,0.009999999999999787,0.004900571468223425,1.0,0.0005520914671472315,0.006406853656062383,0.0005520913359655886,0.006406853704084243
8.16999999999987,1786132511.75704,0.012011400001938455,0.011743800001568161,0.01,TELEOP,0,,0.0,8.16999999999987,817,0.0,0.0,0.030500000000002164,0.06801529066524065,0.0,0.0,0.9976842788356058,1.6127058498116752e-16,3.372939443643024e-08,0.03215763603538722,0.06224481434295335,0.0,0.0,0.9980609115116228,-0.01599999999999996,-0.2224645863158937,0.28955140728430195,-0.09959178166517609,0.0,0.0,0.995028380009714,-0.015999999999999952,-0.22244841017257797,0.2896117718542924,-0.10001273402253529,0.0,0.0,0.9949861572068919,-0.016000000002745457,-0.22244841045505534,0.2896117717941232,-0.100012734046425,5.680022444130582e-15,5.65082593062855e-14,0.9949861572044906,-0.016000001203636996,-0.22230565556550724,0.29014584727449,-0.10320115394663722,1.3832919682106891e-10,-1.4269640245744547e-09,0.9946605058129545,-0.016000001203636996,-0.22230565556550724,0.29014584727449,-0.10320115394663722,1.3832919682106891e-10,-1.4269640245744547e-09,0.9946605058129545,-3.1249279836003036e-11,-0.5288710688225398,0.6881113492188912,-8.734775703335027e-11,0.35960071913233027,-8.798007990862629e-11,-1.187451462632623e-08,-0.5290343102555323,0.6867638502260944,-2.4717751561974875e-08,0.364499995580729,-2.4961978367783494e-08,-1.187451462632623e-08,-0.5290343102555323,0.6867638502260944,-2.4717751561974875e-08,0.364499995580729,-2.4961978367783494e-08,1.2534663949149548e-07,0.0017620890433736182,0.011467884379047145,2.5641352960501927e-07,-0.04463030480222293,2.5847480075664236e-07,-1.4733825739199218e-07,-0.0023173001347382197,0.006517553871328774,-2.708397311826246e-07,0.0007618999883183519,-2.6956286328453324e-07,0.0,True,False,1,True,True,0.0060000000084983185,4,2.88827523049013e-10,4.802027008464346e-11,`gtol` termination condition is satisfied.,True,True,0.009999999999999787,0.004899912848509547,1.0,0.0005528250873652406,0.006410016874188432,0.0005528249562932475,0.006410016922208601
8.17999999999987,1786132511.7692614,0.012130199989769608,0.011834999997518025,0.01,TELEOP,0,,0.0,8.17999999999987,818,0.0,0.0,0.030333333333335502,0.0685957083075106,0.0,0.0,0.9976445403057098,1.4653888906581865e-16,3.0648291732717474e-08,0.03199097444852445,0.06282544548277669,0.0,0.0,0.9980245304599936,-0.015999999999999962,-0.22247752776655882,0.289503112704236,-0.09930233872039099,0.0,0.0,0.9950573076585393,-0.015999999999999955,-0.22246135161850636,0.28956347780513414,-0.09972330475209043,0.0,0.0,0.9950152071648563,-0.016000000002737838,-0.22246135190082506,0.2895634777447903,-0.09972330477597988,5.617229940407745e-15,5.604739072803974e-14,0.995015207162462,-0.016000001078661626,-0.22231886713919533,0.2900983019116196,-0.10291322528099915,1.1962055222539786e-10,-1.276336138515521e-09,0.9946903377746575,-0.016000001078661626,-0.22231886713919533,0.2900983019116196,-0.10291322528099915,1.1962055222539786e-10,-1.276336138515521e-09,0.9946903377746575,-3.1160063151536124e-11,-0.5288551195054528,0.68823155428909,-8.721027628650637e-11,0.35915510654480515,-8.782953781076799e-11,-1.0643258246521057e-08,-0.5290169133924258,0.6868791648888953,-2.2196248781667192e-08,0.3640537671684036,-2.241988888286174e-08,-1.0643258246521057e-08,-0.5290169133924258,0.6868791648888953,-2.2196248781667192e-08,0.3640537671684036,-2.241988888286174e-08,1.2312563798051999e-07,0.0017396863106476496,0.011531466280095692,2.5215027803077355e-07,-0.04462284123254035,2.542089484921811e-07,-2.2210015109755292e-07,-0.0022402732725969056,0.006358190104854862,-4.2632515742457954e-07,0.0007463569682578108,-4.2658522644613586e-07,0.0,True,False,1,True,True,0.00614419998601079,4,2.887087137178494e-10,4.801836709091152e-11,`gtol` termination condition is satisfied.,True,True,0.009999999999999787,0.004899276448398715,1.0,0.0005534788132553152,0.006412843910766284,0.0005534786822667049,0.006412843958784564
8.18999999999987,1786132511.777656,0.012210900007630698,0.008018500011530705,0.01,TELEOP,0,,0.0,8.18999999999987,819,0.0,0.0,0.03016666666666884,0.06917610273261714,0.0,0.0,0.9976044641092614,1.3315289958892365e-16,2.7848640701256325e-08,0.031824312395832575,0.06340605597883776,0.0,0.0,0.9979878115814885,-0.01599999999999997,-0.22249046917183515,0.2894548179673297,-0.09901288706418969,0.0,0.0,0.9950861511423089,-0.015999999999999962,-0.22247429301950533,0.28951518355054373,-0.09943386660390142,0.0,0.0,0.9950441729753497,-0.01600000000273022,-0.22247429330166524,0.2895151834900253,-0.09943386662779066,5.5545765494939886e-15,5.558519492712255e-14,0.9950441729729624,-0.016000000956540607,-0.22233204778808063,0.29005066718866496,-0.10262512451071873,1.0183230759777721e-10,-1.128726855236175e-09,0.9947201032547596,-0.016000000956540607,-0.22233204778808063,0.29005066718866496,-0.10262512451071873,1.0183230759777721e-10,-1.128726855236175e-09,0.9947201032547596,-3.1070544599640383e-11,-0.5288390175444679,0.6883516617490912,-8.707153517810332e-11,0.35870954810692746,-8.767779452685353e-11,-9.440910817102973e-09,-0.5289997308800786,0.6869950956691031,-1.97313352799512e-08,0.36360761182473395,-1.9934555389125583e-08,-9.440910817102973e-09,-0.5289997308800786,0.6869950956691031,-1.97313352799512e-08,0.36360761182473395,-1.9934555389125583e-08,1.2023474294181105e-07,0.0017182512347311166,0.011593078020779317,2.464913501716044e-07,-0.04461553436696487,2.485333493736209e-07,-2.8908950387090154e-07,-0.002143507591653359,0.006161174068362588,-5.658927859169262e-07,0.0007306865575486612,-5.67559911856031e-07,0.0,True,False,1,True,True,0.003921700001228601,4,2.8858992838211634e-10,4.801654091783194e-11,`gtol` termination condition is satisfied.,True,True,0.009999999999999787,0.00489866062359845,1.0,0.0005540546702669842,0.00641534313340572,0.0005540545393366295,0.006415343181422169
8.19999999999987,1786132511.7849684,0.008256100001744926,0.00707459999830462,0.01,TELEOP,0,,0.0,8.19999999999987,820,0.0,0.0,0.030000000000002174,0.06975647374411774,0.0,0.0,0.9975640502598248,1.2098968937163608e-16,2.5304731374107928e-08,0.03165764991997187,0.06398664557688581,0.0,0.0,0.997950754891151,-0.015999999999999973,-0.22250341053586048,0.28940652308794124,-0.09872342674979055,0.0,0.0,0.9951149104554603,-0.015999999999999966,-0.22248723437966905,0.2894668891093234,-0.09914441964324089,0.0,0.0,0.9950730546314703,-0.016000000002722562,-0.22248723466166992,0.2894668890486304,-0.09914441966713,5.492068233970832e-15,5.512172013799605e-14,0.9950730546290901,-0.01600000083788168,-0.2223451984046699,0.2900029459717467,-0.10233685663406608,8.501677189115127e-11,-9.848905920109071e-10,0.994749801595486,-0.01600000083788168,-0.2223451984046699,0.2900029459717467,-0.10233685663406608,8.501677189115127e-11,-9.848905920109071e-10,0.994749801595486,-3.098086129876116e-11,-0.5288227628644108,0.6884716715302768,-8.69319127216478e-11,0.3582640439072989,-8.752523209786325e-11,-8.273412270998867e-09,-0.5289827512992069,0.6871116195499962,-1.7335411768883558e-08,0.363161527982499,-1.751850642155475e-08,-8.273412270998867e-09,-0.5289827512992069,0.6871116195499962,-1.7335411768883558e-08,0.363161527982499,-1.751850642155475e-08,1.1674985461041313e-07,0.0016979580871617184,0.011652388089307198,2.3959235110676913e-07,-0.04460838422349215,2.4160489675708855e-07,-3.4848883313979953e-07,-0.002029314756939862,0.005931006852788193,-6.898999064835398e-07,0.0007150143472720721,-6.928452616532489e-07,0.0,True,False,1,True,True,0.0037638000067090616,4,2.884710428736615e-10,4.8014859884927924e-11,`gtol` termination condition is satisfied.,True,True,0.009999999999999787,0.004898063717806489,1.0,0.0005545550677112243,0.0064175244902770654,0.0005545549368149027,0.006417524538291851
8.20999999999987,1786132511.7922382,0.007339399991906248,0.007005299994489178,0.01,TELEOP,0,,0.0,8.20999999999987,821,0.0,0.0,0.029833333333335512,0.07033682114557785,0.0,0.0,0.9975232987710788,1.0993756034932593e-16,2.2993202330602724e-08,0.03149098705969921,0.06456721402801577,0.0,0.0,0.9979133604039283,-0.015999999999999976,-0.2225163518623951,0.2893582280791154,-0.09843395782775789,0.0,0.0,0.9951435855927341,-0.01599999999999997,-0.22250017570271835,0.28941859449855567,-0.09885496393161942,0.0,0.0,0.9951018521267451,-0.016000000002714905,-0.22250017598456004,0.289418594437688,-0.09885496395550844,5.429710439421748e-15,5.465701015507249e-14,0.9951018521243719,-0.016000000723218718,-0.22235832001507383,0.2899551414875646,-0.10204842733243343,6.921332042440518e-11,-8.454990847523904e-10,0.9947794320747575,-0.016000000723218718,-0.22235832001507383,0.2899551414875646,-0.10204842733243343,6.921332042440518e-11,-8.454990847523904e-10,0.9947794320747575,-3.089092397479532e-11,-0.528806355395682,0.6885915835765785,-8.679115611862304e-11,0.35781859403392346,-8.737159615423574e-11,-7.145965538826881e-09,-0.5289659617118557,0.6872287106354439,-1.5019366462816243e-08,0.36271551408580743,-1.518274532054954e-08,-7.145965538826881e-09,-0.5289659617118557,0.6872287106354439,-1.5019366462816243e-08,0.36271551408580743,-1.518274532054954e-08,1.1274467321720106e-07,0.0016789587351238794,0.011709108544769262,2.3160453060673643e-07,-0.044601389669156374,2.3357611010052614e-07,-4.005181393212155e-07,-0.001899935203783945,0.00567204554620646,-7.987820500032889e-07,0.0006994554335772059,-8.028786656562578e-07,0.0,True,False,1,True,True,0.0037302999990060925,4,2.88352178044677e-10,4.8013286615565906e-11,`gtol` termination condition is satisfied.,True,True,0.009999999999999787,0.004897484075200131,1.0,0.0005549827500118139,0.006419399309192182,0.0005549826191262215,0.006419399357205385
8.21999999999987,1786132511.8000164,0.007243000000016764,0.007540199992945418,0.01,TELEOP,0,,0.0,8.21999999999987,822,0.0,0.0,0.02966666666666885,0.0709171447405709,0.0,0.0,0.9974822096568163,9.989501781789951e-17,2.0892826162819106e-08,0.03132432385022499,0.06514776108817673,0.0,0.0,0.9978756281346879,-0.015999999999999976,-0.22252929315485634,0.2893099329527036,-0.0981444803462464,0.0,0.0,0.9951721765491464,-0.015999999999999973,-0.22251311699203472,0.28937029973376066,-0.09856549952713155,0.0,0.0,0.99513056545509,-0.01600000000270721,-0.22251311727371695,0.2893702996727183,-0.09856549955102029,5.367508146126713e-15,5.419110446534228e-14,0.9951305654527238,-0.01600000061301415,-0.22237141376094385,0.28990725727108146,-0.10175984287440677,5.44493191730987e-11,-7.111431673690371e-10,0.9948089939170113,-0.01600000061301415,-0.22237141376094385,0.28990725727108146,-0.10175984287440677,5.44493191730987e-11,-7.111431673690371e-10,0.9948089939170113,-3.0800770199078726e-11,-0.5287897950737508,0.6887113978433256,-8.664936678634505e-11,0.3573731985742585,-8.721698909282933e-11,-6.0630618345537555e-09,-0.5289493478773525,0.6873463405693813,-1.2792625507976551e-08,0.36226956860056553,-1.2936800920104092e-08,-6.0630618345537555e-09,-0.5289493478773525,0.6873463405693813,-1.2792625507976551e-08,0.36226956860056553,-1.2936800920104092e-08,1.0829037042731481e-07,0.0016613834503253172,0.01176299339373411,2.226740954839738e-07,-0.04459454852419123,2.2459444004454963e-07,-4.4543027898863366e-07,-0.0017575284798562608,0.005388484896484937,-8.93043512276283e-07,0.0006841144965144541,-8.981670055976683e-07,0.0,True,False,1,True,True,0.0042646000074455515,4,2.882331982693771e-10,4.80113556299306e-11,`gtol` termination condition is satisfied.,True,True,0.009999999999999787,0.004896920051883968,1.0,0.0005553407494255394,0.0064209801038530275,0.000555340618528474,0.006420980151864315
8.229999999999869,1786132511.8068845,0.007760200009215623,0.006648599999607541,0.01,TELEOP,0,,0.0,8.229999999999869,823,0.0,0.0,0.029500000000002184,0.07149744433267832,0.0,0.0,0.9974407829309445,9.07698383803518e-17,1.8984314538316848e-08,0.031157660323537485,0.0657282865177255,0.0,0.0,0.9978375580982327,-0.01599999999999998,-0.22254223441634974,0.28926163771947294,-0.09785499435122313,0.0,0.0,0.9952006833199635,-0.015999999999999976,-0.22252605825069127,0.28932200482903886,-0.09827602648476991,0.0,0.0,0.9951591946107743,-0.016000000002699497,-0.22252605853221397,0.2893220047678219,-0.09827602650865833,5.3054659111086696e-15,5.3724038812040525e-14,0.9951591946084152,-0.01600000050766158,-0.22238448088209828,0.2898592971154133,-0.1014711100237299,4.074105807628801e-11,-5.823349607092165e-10,0.9948384863034563,-0.01600000050766158,-0.22238448088209828,0.2898592971154133,-0.1014711100237299,4.074105807628801e-11,-5.823349607092165e-10,0.9948384863034563,-3.0710381854713407e-11,-0.5287730818386878,0.6888311142961974,-8.650649035075332e-11,0.3569278576152664,-8.706135642396384e-11,-5.028508776104092e-09,-0.5289328944593449,0.6874644789374823,-1.06632093617511e-08,0.3618236900239181,-1.0788784250503541e-08,-5.028508776104092e-09,-0.5289328944593449,0.6874644789374823,-1.06632093617511e-08,0.3618236900239181,-1.0788784250503541e-08,1.0345530584496857e-07,0.0016453418007598179,0.011813836810100783,2.1294161462254966e-07,-0.04458785766474413,2.1480166696005967e-07,-4.835064582346344e-07,-0.0016041649565499646,0.005084341636667284,-9.732480861424345e-07,0.0006690859447102775,-9.792773084490157e-07,0.0,True,False,1,True,True,0.003359399997862056,4,2.881142704198278e-10,4.800932007649273e-11,`gtol` termination condition is satisfied.,True,True,0.009999999999999787,0.004896370026307051,1.0,0.0005556323404849983,0.006422280388024115,0.0005556322095554347,0.0064222804360334045
8.239999999999869,1786132511.8141584,0.006881499997689389,0.007040500000584871,0.01,TELEOP,0,,0.0,8.239999999999869,824,0.0,0.0,0.029333333333335522,0.07207771972548976,0.0,0.0,0.9973990186074848,8.247822303425112e-17,1.7250141069958282e-08,0.03099099650869754,0.06630879008102128,0.0,0.0,0.9977991503093151,-0.015999999999999983,-0.22255517564969762,0.28921334238920554,-0.09756549988666886,0.0,0.0,0.9952291059006788,-0.01599999999999998,-0.22253899948148093,0.2892737097972009,-0.09798654485671071,0.0,0.0,0.9951877395883874,-0.016000000002691788,-0.22253899976284386,0.28927370973580935,-0.09798654488059902,5.243587909406989e-15,5.325584536458407e-14,0.9951877395860353,-0.016000000407488824,-0.2223975226998986,0.2898112650240932,-0.10118223595147513,2.809468509178194e-11,-4.595104251861314e-10,0.994867908381741,-0.016000000407488824,-0.2223975226998986,0.2898112650240932,-0.10118223595147513,2.809468509178194e-11,-4.595104251861314e-10,0.994867908381741,-3.062001948037344e-11,-0.5287562156347482,0.6889507329102735,-8.636325528747918e-11,0.3564825712434561,-8.69054316448225e-11,-4.045460911715346e-09,-0.5289165852232227,0.6875830936497193,-8.63779424086066e-09,0.3613778768926825,-8.745450367127627e-09,-4.045460911715346e-09,-0.5289165852232227,0.6875830936497193,-8.63779424086066e-09,0.3613778768926825,-8.745450367127627e-09,9.830478643887666e-08,0.001630923612221993,0.011861471223697403,2.0254151208904825e-07,-0.044581313123558515,2.0433338833759571e-07,-5.150519406092021e-07,-0.0014418188537825146,0.00476344135966219,-1.0400102533501624e-06,0.0006544541185617264,-1.0468278622464196e-06,0.0,True,False,1,True,True,0.0035091000027023256,4,2.879952592117906e-10,4.8007721576763586e-11,`gtol` termination condition is satisfied.,True,True,0.009999999999999787,0.004895832408651712,1.0,0.0005558609963846443,0.006423314498255186,0.0005558608654027534,0.0064233145462628365
8.249999999999869,1786132511.8208854,0.007266300002811477,0.0065015000000130385,0.01,TELEOP,0,,0.0,8.249999999999869,825,0.0,0.0,0.02916666666666886,0.07265797072260301,0.0,0.0,0.9973569167005729,7.494402762272851e-17,1.5674380366178167e-08,0.030824332432106277,0.06688927154605749,0.0,0.0,0.9977604047826502,-0.015999999999999986,-0.2225681168574649,0.2891650469707884,-0.09727599699476125,0.0,0.0,0.9952574442869921,-0.015999999999999983,-0.22255194068694198,0.28922541464988555,-0.09769705469257285,0.0,0.0,0.9952162003828096,-0.016000000002684048,-0.2225519409681451,0.28922541458831935,-0.09769705471646081,5.181877965534093e-15,5.278655344868527e-14,0.9952162003804645,-0.016000000312761005,-0.22241054060143034,0.28976316516584016,-0.10089322815268202,1.6507133448358228e-11,-3.430322322576037e-10,0.9948972592750123,-0.016000000312761005,-0.22241054060143034,0.28976316516584016,-0.10089322815268202,1.6507133448358228e-11,-3.430322322576037e-10,0.9948972592750123,-3.052929210872584e-11,-0.5287391964099846,0.6890702536691677,-8.621856044410126e-11,0.3560373395449261,-8.674810653651776e-11,-3.1164522331117275e-09,-0.5289004032233521,0.6877021513027382,-6.721777771152642e-09,0.3609321277908016,-6.812264430556711e-09,-3.1164522331117275e-09,-0.5289004032233521,0.6877021513027382,-6.721777771152642e-09,0.3609321277908016,-6.812264430556711e-09,9.290086786036387e-08,0.0016181999870633161,0.011905765301895178,1.9160164697080596e-07,-0.044574910188092814,1.933185936570957e-07,-5.403918578512902e-07,-0.0012723625158677161,0.004429407819777608,-1.0939865118242521e-06,0.0006402935465699954,-1.101479468050026e-06,0.0,True,False,1,True,True,0.0033626000076765195,4,2.8787635090345506e-10,4.8005680603713245e-11,`gtol` termination condition is satisfied.,True,True,0.009999999999999787,0.004895305649226411,1.0,0.0005560303474911516,0.006424097425672453,0.0005560302164381467,0.006424097473678023
8.259999999999868,1786132511.8281093,0.006740799988619983,0.006984299994655885,0.01,TELEOP,0,,0.0,8.259999999999868,826,0.0,0.0,0.029000000000002194,0.07323819712762408,0.0,0.0,0.9973144772244588,6.809806358199388e-17,1.424256178365337e-08,0.030657668117748393,0.06746973068412751,0.0,0.0,0.9977213215329276,-0.015999999999999986,-0.22258105804198247,0.28911675147229526,-0.09698648571604102,0.0,0.0,0.9952856984747909,-0.015999999999999983,-0.22256488186938123,0.2891771193976668,-0.09740755603965341,0.0,0.0,0.995244576989185,-0.01600000000267632,-0.22256488215042422,0.2891771193359261,-0.09740755606354126,5.120339591053031e-15,5.2316189033707487e-14,0.9952445769868471,-0.016000000223683843,-0.22242353602453147,0.2897150018319408,-0.10060409436767373,5.967035298353881e-12,-2.3319291105415513e-10,0.9949265380903558,-0.016000000223683843,-0.22242353602453147,0.2897150018319408,-0.10060409436767373,5.967035298353881e-12,-2.3319291105415513e-10,0.9949265380903558,-3.0438553282002995e-11,-0.5287220241159043,0.6891896765642398,-8.607339678198665e-11,0.35559216260539345,-8.659037867389031e-11,-2.2434302938373697e-09,-0.5288843309796689,0.6878216175212104,-4.919348060209383e-09,0.3604864413558454,-4.993471252228628e-09,-2.2434302938373697e-09,-0.5288843309796689,0.6878216175212104,-4.919348060209383e-09,0.3604864413558454,-4.993471252228628e-09,8.730219392743764e-08,0.0016072243683134422,0.011946621847224498,1.8024297109432978e-07,-0.04456864349561851,1.8187931783281216e-07,-5.598673932926347e-07,-0.0010975618749874128,0.004085654532932076,-1.1358675876476431e-06,0.0006266692474307205,-1.1439275824283794e-06,0.0,True,False,1,True,True,0.0035380000044824556,4,2.8775726656748417e-10,4.8004058663287504e-11,`gtol` termination condition is satisfied.,True,True,0.009999999999999787,0.00489478824587547,1.0,0.0005561441421286063,0.006424644657246007,0.0005561440109871376,0.006424644705249966
8.269999999999868,1786132511.834924,0.007230000002891757,0.006569100005435757,0.01,TELEOP,0,,0.0,8.269999999999868,827,0.0,0.0,0.028833333333335532,0.07381839874416735,0.0,0.0,0.9972717001935065,6.187746256395364e-17,1.2941536539340105e-08,0.03049100358741317,0.06805016726952104,0.0,0.0,0.9976819005748228,-0.01599999999999999,-0.2225939992053688,0.2890684559010611,-0.09669696608956281,0.0,0.0,0.9953138684601326,-0.015999999999999986,-0.2225778230308952,0.2891288240501512,-0.0971180489431414,0.0,0.0,0.9952728694028978,-0.01600000000266854,-0.222577823311778,0.28912882398823614,-0.0971180489670291,5.0589760111705946e-15,5.184477601156999e-14,0.9952728694005668,-0.016000000140407148,-0.22243651044370188,0.28966677939632307,-0.10031484250820676,-3.544384336203149e-12,-1.3021822805310337e-10,0.9949557439266099,-0.016000000140407148,-0.22243651044370188,0.28966677939632307,-0.10031484250820676,-3.544384336203149e-12,-1.3021822805310337e-10,0.9949557439266099,-3.0347430147845804e-11,-0.5287046987071504,0.6893090015938894,-8.592671090159396e-11,0.3551470405102353,-8.64311882319656e-11,-1.4277915518380302e-09,-0.5288683506432891,0.6879414572775369,-3.2335553991412003e-09,0.3600408162845966,-3.2921675049834624e-09,-1.4277915518380302e-09,-0.5288683506432891,0.6879414572775369,-3.2335553991412003e-09,0.3600408162845966,-3.2921675049834624e-09,8.156387419993568e-08,0.0015980336379807201,0.011983975632649546,1.6857926610682184e-07,-0.04456250712487952,1.701303747245202e-07,-5.738319727502078e-07,-0.0009190730332722335,0.0037353785425048736,-1.1663704987508186e-06,0.0006136370738989613,-1.174894310829222e-06,0.0,True,False,1,True,True,0.0033700000058161095,4,2.876382104642249e-10,4.800240977823573e-11,`gtol` termination condition is satisfied.,True,True,0.009999999999999787,0.0048942787504519525,1.0,0.0005562062097584799,0.0064249720268523365,0.0005562060785124195,0.006424972074854658
8.279999999999868,1786132511.8418763,0.006779900009860285,0.006741800010786392,0.01,TELEOP,0,,0.0,8.279999999999868,828,0.0,0.0,0.02866666666666887,0.07439857537585559,0.0,0.0,0.9972285856221949,5.622509909908638e-17,1.1759356961529705e-08,0.03032433886089529,0.06863058107924853,0.0,0.0,0.9976421419230067,-0.01599999999999999,-0.222606940349549,0.2890201602637498,-0.09640743815303236,0.0,0.0,0.9953419542392299,-0.015999999999999986,-0.22259076417338933,0.2890805286160664,-0.0968285334463119,0.0,0.0,0.9953010776195496,-0.016000000002660754,-0.22259076445411177,0.2890805285539769,-0.09682853347019935,4.9977901917285144e-15,5.1372335375704645e-14,0.9953010776172256,-0.01600000006302842,-0.2224494653569185,0.28961850227837316,-0.10002548058856879,-1.2052438687876316e-11,-3.427075916152163e-11,0.9949848758815513,-0.01600000006302842,-0.2224494653569185,0.28961850227837316,-0.10002548058856879,-1.2052438687876316e-11,-3.427075916152163e-11,0.9949848758815513,-3.025623796119943e-11,-0.528687220141218,0.6894282287628987,-8.577938793345506e-11,0.3547019733445078,-8.627142607302902e-11,-6.704175986589345e-10,-0.5288524441508987,0.6880616351894845,-1.6663859041953106e-09,0.3595952513377568,-1.710375902794069e-09,-6.704175986589345e-10,-0.5288524441508987,0.6880616351894845,-1.6663859041953106e-09,0.3595952513377568,-1.710375902794069e-09,7.573739531791119e-08,0.00159064923903165,0.012017791194763337,1.5671694949459232e-07,-0.044556494683979,1.581791602189427e-07,-5.826478882024618e-07,-0.0007384398949070268,0.0033815562113790674,-1.1862316612229776e-06,0.0006012440900518903,-1.1951214505577772e-06,0.0,True,False,1,True,True,0.0035216999967815354,4,2.8751917676689475e-10,4.8000506430603354e-11,`gtol` termination condition is satisfied.,True,True,0.009999999999999787,0.004893775774361286,1.0,0.0005562204266371302,0.0064250955763437605,0.0005562202952713777,0.006425095624344195
8.289999999999868,1786132511.8495462,0.006974299991270527,0.007436999992933124,0.01,TELEOP,0,,0.0,8.289999999999868,829,0.0,0.0,0.028500000000002204,0.07497872682632005,0.0,0.0,0.9971851335251164,5.108906599773315e-17,1.0685166771050175e-08,0.030157673956177296,0.06921097189279092,0.0,0.0,0.9976020455921566,-0.015999999999999993,-0.2226198814762728,0.28897186456641516,-0.09611790194293089,0.0,0.0,0.9953699558084367,-0.01599999999999999,-0.2226037052985953,0.2890322331033415,-0.09653900959070248,0.0,0.0,0.9953292016349397,-0.01600000000265296,-0.22260370557915726,0.28903223304107756,-0.0965390096145897,4.936784864945187e-15,5.0898886356100895e-14,0.9953292016326227,-0.01599999999159645,-0.22246240227337244,0.289570174908529,-0.09973601666168962,-1.9588140138654838e-11,5.4546384512702145e-11,0.9950139330584569,-0.01599999999159645,-0.22246240227337244,0.289570174908529,-0.09973601666168962,-1.9588140138654838e-11,5.4546384512702145e-11,0.9950139330584569,-3.016492273797606e-11,-0.5286695883781923,0.689547358081852,-8.563127309102066e-11,0.35425696119298156,-8.611093658640713e-11,2.8288057560244488e-11,-0.528836593367786,0.6881821157955224,-2.1883640444557398e-10,0.359149745343815,-2.491206496329031e-10,2.8288057560244488e-11,-0.528836593367786,0.6881821157955224,-2.1883640444557398e-10,0.359149745343815,-2.491206496329031e-10,6.987056562191938e-08,0.0015850783112695546,0.012048060603788253,1.4475494997497675e-07,-0.0445505993941858,1.461255253161197e-07,-5.866829695991933e-07,-0.0005570927762095365,0.003026940902491667,-1.1961999519615827e-06,0.0005895289793200985,-1.2053634902823238e-06,0.0,True,False,1,True,True,0.004137300013098866,4,2.8740015371435746e-10,4.7998682550429804e-11,`gtol` termination condition is satisfied.,True,True,0.009999999999999787,0.004893277993249012,1.0,0.0005561906840130025,0.006425031426756581,0.000556190552513735,0.006425031474755239
8.299999999999867,1786132511.856586,0.007658600006834604,0.006819000001996756,0.01,TELEOP,0,,0.0,8.299999999999867,830,0.0,0.0,0.028333333333335542,0.07555885289920043,0.0,0.0,0.9971413439169781,4.642219767226965e-17,9.709101385033944e-09,0.029991008889595373,0.06979133949187225,0.0,0.0,0.9975616115969631,-0.015999999999999993,-0.22263282258713024,0.28892356881455694,-0.0958283574946283,0.0,0.0,0.9953978731642347,-0.01599999999999999,-0.22261664640808698,0.2889839375191799,-0.0962494774162734,0.0,0.0,0.9953572414450474,-0.016000000002645145,-0.22261664668848846,0.2889839374567417,-0.09624947744016017,4.87596254535173e-15,5.0424446044163e-14,0.9953572414427375,-0.01599999992611495,-0.2224753227021381,0.2895218016966557,-0.09944645876029301,-2.618739489812331e-11,1.361857140977192e-10,0.9950429145720487,-0.01599999992611495,-0.2224753227021381,0.2895218016966557,-0.09944645876029301,-2.618739489812331e-11,1.361857140977192e-10,0.9950429145720487,-3.007339735383546e-11,-0.5286518033805127,0.6896663895665885,-8.548211688339595e-11,0.3538120041401532,-8.594946900175243e-11,6.683629545464787e-10,-0.5288207802194655,0.6883028638078006,1.1090100417664244e-09,0.35870429720212066,1.0914964656303289e-09,6.683629545464787e-10,-0.5288207802194655,0.6883028638078006,1.1090100417664244e-09,0.35870429720212066,1.0914964656303289e-09,6.400748969862478e-08,0.0015813148320480204,0.012074801227824087,1.3278464462120267e-07,-0.04454481416943547,1.3406171152632606e-07,-5.863075923294726e-07,-0.00037634792215342883,0.002674062403583407,-1.1970305353774329e-06,0.0005785224750332399,-1.20638137897939e-06,0.0,True,False,1,True,True,0.003435099992202595,4,2.8728124071716746e-10,4.799648987735884e-11,`gtol` termination condition is satisfied.,True,True,0.009999999999999787,0.00489278415083344,1.0,0.0005561208588932829,0.006424795659708408,0.0005561207272480157,0.006424795707704817
8.309999999999867,1786132511.86448,0.0071161999949254096,0.007595999995828606,0.01,TELEOP,0,,0.0,8.309999999999867,831,0.0,0.0,0.02816666666666888,0.07613895339814505,0.0,0.0,0.9970972168126011,4.218163700269839e-17,8.822197327712496e-09,0.02982434367598994,0.07037168366025341,0.0,0.0,0.9975208399521392,-0.015999999999999993,-0.22264576368356645,0.2888752730131716,-0.09553880484248548,0.0,0.0,0.9954257063032226,-0.01599999999999999,-0.2226295875032948,0.2889356418701259,-0.09595993696155286,0.0,0.0,0.9953851970460155,-0.016000000002637325,-0.22262958778353542,0.2889356418075136,-0.09595993698543955,4.815325561690648e-15,4.9949029734325155e-14,0.9953851970437126,-0.015999999866546297,-0.22248822814177438,0.28947338700319303,-0.09915681484308012,-3.189023483554726e-11,2.1065143847473943e-10,0.9950718195538326,-0.015999999866546297,-0.22248822814177438,0.28947338700319303,-0.09915681484308012,-3.189023483554726e-11,2.1065143847473943e-10,0.9950718195538326,-2.998175003192201e-11,-0.5286338651127594,0.6897853232377303,-8.533216586130429e-11,0.3533671022702793,-8.578727148480764e-11,1.2502486607798447e-09,-0.5288049868119308,0.6884238443428746,2.317908574352233e-09,0.3582589058852075,2.312219906447217e-09,1.2502486607798447e-09,-0.5288049868119308,0.6884238443428746,2.317908574352233e-09,0.3582589058852075,2.312219906447217e-09,5.818857062333784e-08,0.0015793407534788091,0.012098053507401072,1.2088985325858345e-07,-0.0445391316913168,1.2207234408169142e-07,-5.818919075287066e-07,-0.0001974078569211341,0.0023252279576985776,-1.189479136261948e-06,0.0005682478118669565,-1.1989367444634907e-06,0.0,True,False,1,True,True,0.004000199987785891,4,2.8716207066125737e-10,4.799495683003522e-11,`gtol` termination condition is satisfied.,True,True,0.009999999999999787,0.004892293061967479,1.0,0.000556014787388932,0.006424404208955159,0.0005560146555864202,0.00642440425695004
8.319999999999867,1786132511.8715775,0.00789019999501761,0.006803099997341633,0.01,TELEOP,0,,0.0,8.319999999999867,832,0.0,0.0,0.028000000000002218,0.07671902812681096,0.0,0.0,0.9970527522269209,3.832844176806989e-17,8.016309916331114e-09,0.029657678328842522,0.07095200418354475,0.0,0.0,0.9974797306724275,-0.015999999999999997,-0.22265870476689478,0.28882697716679817,-0.09524924401994787,0.0,0.0,0.9954534552221056,-0.015999999999999993,-0.22264252858551883,0.28888734616212486,-0.09567038826376921,0.0,0.0,0.9954130684341349,-0.01600000000262948,-0.22264252886559865,0.2888873460993386,-0.09567038828765564,4.75487606136169e-15,4.94726511319941e-14,0.9954130684318392,-0.01599999981281516,-0.22250112007085335,0.28942493511304324,-0.09886709274589944,-3.674008922697466e-11,2.7799549062320903e-10,0.995100647156846,-0.01599999981281516,-0.22250112007085335,0.28942493511304324,-0.09886709274589944,-3.674008922697466e-11,2.7799549062320903e-10,0.995100647156846,-2.988995208282297e-11,-0.5286157735414558,0.6899041591202285,-8.518133581558451e-11,0.35292225566738517,-8.562425951117263e-11,1.774754040015552e-09,-0.5287891955406456,0.6885450231304241,3.4093774381797285e-09,0.35781357044041334,3.4145646982657676e-09,1.774754040015552e-09,-0.5287891955406456,0.6885450231304241,3.4093774381797285e-09,0.35781357044041334,3.4145646982657676e-09,5.245053792357185e-08,0.001579127128518729,0.012117878754946736,1.0914688638275188e-07,-0.04453354447941701,1.1023447918185739e-07,-5.738032699766116e-07,-2.1362496008017133e-05,0.0019825247545664894,-1.174296687583183e-06,0.0005587211899792457,-1.1837864899834277e-06,0.0,True,False,1,True,True,0.003449499999987893,4,2.870430917117597e-10,4.79930806582114e-11,`gtol` termination condition is satisfied.,True,True,0.009999999999999787,0.004891803614928192,1.0,0.0005558762406213261,0.0064238727620222775,0.0005558761086514293,0.006423872810015273
8.329999999999867,1786132511.8790598,0.007023700003628619,0.007261899998411536,0.01,TELEOP,0,,0.0,8.329999999999867,833,0.0,0.0,0.027833333333335555,0.07729907688886378,0.0,0.0,0.9970079501749871,3.4827227029485574e-17,7.284038466269842e-09,0.029491012860400057,0.07153230084903589,0.0,0.0,0.9974382837726067,-0.015999999999999997,-0.22267164583830892,0.28877868127956013,-0.09495967505962988,0.0,0.0,0.9954811199176856,-0.015999999999999993,-0.22265546965594066,0.288839050400578,-0.09538083135897091,0.0,0.0,0.9954408556058324,-0.01600000000262162,-0.2226554699358595,0.28883905033761775,-0.09538083138285706,4.694616037536724e-15,4.8995322463605276e-14,0.9954408556035437,-0.015999999764812135,-0.22251399993940715,0.2893764502121542,-0.09857730013782706,-4.0783098590989475e-11,3.3831353540416885e-10,0.9951293965598327,-0.015999999764812135,-0.22251399993940715,0.2893764502121542,-0.09857730013782706,-4.0783098590989475e-11,3.3831353540416885e-10,0.9951293965598327,-2.97979513958906e-11,-0.5285975286348956,0.6900228972429696,-8.502947547618582e-11,0.3524774644152868,-8.546028118561227e-11,2.243019026596817e-09,-0.5287733891884554,0.6886663667003482,4.3856238486767695e-09,0.3573682899908442,4.400741695075474e-09,2.243019026596817e-09,-0.5287733891884554,0.6886663667003482,4.3856238486767695e-09,0.3573682899908442,4.400741695075474e-09,4.682649865812748e-08,0.0015806352190241193,0.01213435699241334,9.762464104970619e-08,-0.044528044956914564,9.861769968097273e-08,-5.624039265444489e-07,0.00015080905053904906,0.0016478237466604432,-1.152224533304593e-06,0.0005499522502445491,-1.1616779500884907e-06,0.0,True,False,1,True,True,0.0038905999972485006,4,2.8692406955596967e-10,4.799123266213737e-11,`gtol` termination condition is satisfied.,True,True,0.009999999999999787,0.004891314773028177,1.0,0.0005557089031570943,0.006423216671738485,0.0005557087710107237,0.006423216719729593
8.339999999999867,1786132511.8858693,0.00748810000368394,0.006583399997907691,0.01,TELEOP,0,,0.0,8.339999999999867,834,0.0,0.0,0.027666666666668893,0.07787909948797808,0.0,0.0,0.9969628106719637,3.164584018058849e-17,6.61865832850788e-09,0.029324347281787868,0.07211257344554148,0.0,0.0,0.9973964992674986,-0.015999999999999997,-0.22268458689889364,0.28873038535520357,-0.09467009799339178,0.0,0.0,0.9955087003868534,-0.015999999999999993,-0.22266841071563417,0.2887907545903922,-0.09509126628213535,0.0,0.0,0.9954685585576574,-0.016000000002613757,-0.2226684109953919,0.2887907545272581,-0.09509126630602135,4.634547336020161e-15,4.851705451310514e-14,0.9954685585553756,-0.01599999972239726,-0.22252686916127373,0.2893279363667352,-0.09828744448205541,-4.406747223826492e-11,3.9174098718868265e-10,0.9951580669708642,-0.01599999972239726,-0.22252686916127373,0.2893279363667352,-0.09828744448205541,-4.406747223826492e-11,3.9174098718868265e-10,0.9951580669708642,-2.970582218691403e-11,-0.5285791303629772,0.6901415376384025,-8.487679250983461e-11,0.352032728597602,-8.52955454808637e-11,2.6564791195130906e-09,-0.5287575510126596,0.6887878425487374,5.24947124829082e-09,0.3569230637357305,5.273584239091622e-09,2.6564791195130906e-09,-0.5287575510126596,0.6887878425487374,5.24947124829082e-09,0.3569230637357305,5.273584239091622e-09,4.1346009291628274e-08,0.0015838175795764068,0.012147584838916583,8.638473996140689e-08,-0.04452262551136766,8.728425440161667e-08,-5.480489366499324e-07,0.00031823605522876357,0.0013227846503243285,-1.123990108829955e-06,0.0005419445546904489,-1.1333445279356297e-06,0.0,True,False,1,True,True,0.0034199000074295327,4,2.8680503430275827e-10,4.798961387239527e-11,`gtol` termination condition is satisfied.,True,True,0.009999999999999787,0.004890825575557367,1.0,0.0005555163539173334,0.00642245087747589,0.0005555162215866018,0.00642245092546536
8.349999999999866,1786132511.8938048,0.006794799992348999,0.007724700000835583,0.01,TELEOP,0,,0.0,8.349999999999866,835,0.0,0.0,0.027500000000002228,0.07845909572783721,0.0,0.0,0.9969173337331286,2.875506568144201e-17,6.014059135312068e-09,0.029157681603112297,0.07269282176326075,0.0,0.0,0.9973543771719734,-0.016,-0.22269752794963488,0.2886820893971315,-0.09438051285240953,0.0,0.0,0.9955361966265799,-0.015999999999999997,-0.2226813517655755,0.2887424587360252,-0.09480169306726784,0.0,0.0,0.9954961772862715,-0.01600000000260587,-0.22268135204517198,0.28874245867271736,-0.09480169309115345,4.574671675628225e-15,4.803785693191337e-14,0.9954961772839969,-0.015999999685403547,-0.22253972910732292,0.28927939750503173,-0.09799753300146169,-4.664289065193677e-11,4.3844906348977747e-10,0.9951866576304303,-0.015999999685403547,-0.22253972910732292,0.28927939750503173,-0.09799753300146169,-4.664289065193677e-11,4.3844906348977747e-10,0.9951866576304303,-2.961357751079309e-11,-0.5285605786970612,0.6902600803422149,-8.472332127944416e-11,0.3515880482977678,-8.513008708221481e-11,3.016830783179233e-09,-0.528741664821544,0.6889094192833266,6.004288346759465e-09,0.3564778909502238,6.036476610507999e-09,3.016830783179233e-09,-0.528741664821544,0.6889094192833266,6.004288346759465e-09,0.3564778909502238,6.036476610507999e-09,3.6035166366615e-08,0.0015886191115550767,0.012157673458921794,7.548170984686609e-08,-0.044517278550672244,7.628923714163924e-08,-5.310842925013387e-07,0.0004801531978670088,0.0010088620005210623,-1.0903030114541037e-06,0.0005346960695415983,-1.0995017259977665e-06,0.0,True,False,1,True,True,0.004362100007710978,4,2.8668601278471845e-10,4.798743543543883e-11,`gtol` termination condition is satisfied.,True,True,0.009999999999999787,0.004890335138128532,1.0,0.0005553020494939834,0.006421589835827478,0.0005553019169720667,0.006421589883814812
8.359999999999866,1786132511.9013255,0.008061700005782768,0.007183199995779432,0.01,TELEOP,0,,0.0,8.359999999999866,836,0.0,0.0,0.027333333333335565,0.07903906541213342,0.0,0.0,0.9968715193738743,2.6128356764287645e-17,5.464688687042028e-09,0.02899101583355395,0.07327304559365035,0.0,0.0,0.9973119175009546,-0.016,-0.2227104689914287,0.28863379340843537,-0.09409091966723794,0.0,0.0,0.9955636086339101,-0.015999999999999997,-0.2226942928066517,0.28869416284152655,-0.0945121117474913,0.0,0.0,0.9955237117884385,-0.016000000002597988,-0.2226942930860869,0.2886941627780452,-0.09451211177137672,4.514990656002111e-15,4.755773821631017e-14,0.9955237117861708,-0.015999999653640323,-0.22255258109953596,0.2892308374015714,-0.09770757264870501,-4.855995333867418e-11,4.786408985321118e-10,0.9952151678140251,-0.015999999653640323,-0.22255258109953596,0.2892308374015714,-0.09770757264870501,-4.855995333867418e-11,4.786408985321118e-10,0.9952151678140251,-2.9521217187744715e-11,-0.5285418736098368,0.6903785253930282,-8.456905853690362e-11,0.3511434235990507,-8.496390286061708e-11,3.3259979193150946e-09,-0.528725715040718,0.6890310667491285,6.653920288374501e-09,0.3560327709846817,6.69328461407462e-09,3.3259979193150946e-09,-0.528725715040718,0.6890310667491285,6.653920288374501e-09,0.3560327709846817,6.69328461407462e-09,3.091671361358679e-08,0.0015949780826110507,0.012164746580193335,6.496319416150499e-08,-0.044511996554208656,6.568080035666354e-08,-5.118452753028319e-07,0.0006358971055974202,0.0007073121271541222,-1.051851568536132e-06,0.0005281996463589803,-1.060843678497592e-06,0.0,True,False,1,True,True,0.003612699991208501,4,2.865670225597542e-10,4.798573303530263e-11,`gtol` termination condition is satisfied.,True,True,0.009999999999999787,0.004889842652456011,1.0,0.0005550693097887087,0.0064206474604118265,0.0005550691770699584,0.006420647508397468
8.369999999999866,1786132511.908759,0.007491600001230836,0.007124999989173375,0.01,TELEOP,0,,0.0,8.369999999999866,837,0.0,0.0,0.027166666666668903,0.07961900834456793,0.0,0.0,0.9968253676097071,2.374159164736295e-17,4.965501964768568e-09,0.0288243499814524,0.07385324472930874,0.0,0.0,0.997269120269425,-0.016,-0.22272341002508955,0.28858549739192346,-0.09380131846786842,0.0,0.0,0.9955909364059566,-0.015999999999999997,-0.22270723383966917,0.28864586691057514,-0.09422252235512797,0.0,0.0,0.995551162061015,-0.016000000002590078,-0.22270723411894291,0.28864586684692034,-0.09422252237901309,4.455505769059529e-15,4.7076705872229676e-14,0.9955511620587545,-0.015999999626896542,-0.22256542640590904,0.28918225966378747,-0.09741757008068597,-4.986967235603556e-11,5.125477384552428e-10,0.9952435968342498,-0.015999999626896542,-0.22256542640590904,0.28918225966378747,-0.09741757008068597,-4.986967235603556e-11,5.125477384552428e-10,0.9952435968342498,-2.942863197259654e-11,-0.5285230150752012,0.6904968728321236,-8.441368918801885e-11,0.3506988545845566,-8.479667636006256e-11,3.5860995541668046e-09,-0.5287096867696446,0.6891527561350232,7.202622248899658e-09,0.3555877032634895,7.248288608382674e-09,3.5860995541668046e-09,-0.5287096867696446,0.6891527561350232,7.202622248899658e-09,0.3555877032634895,7.248288608382674e-09,2.6010163485171544e-08,0.0016028271073356894,0.012168938589479355,5.487019605251693e-08,-0.044506772119222625,5.55003994308066e-08,-4.906550128415352e-07,0.0007849024724638844,0.0004192009286020244,-1.0092998108988277e-06,0.0005224434986034315,-1.0180400925857159e-06,0.0,True,False,1,True,True,0.003908300001057796,4,2.864480163790104e-10,4.7983746165993994e-11,`gtol` termination condition is satisfied.,True,True,0.009999999999999787,0.0048893473856310155,1.0,0.000554821305883876,0.006419637070476649,0.0005548211729633875,0.006419637118460349
8.379999999999866,1786132511.9157002,0.007349099993007258,0.006717299998854287,0.01,TELEOP,0,,0.0,8.379999999999866,838,0.0,0.0,0.027000000000002237,0.08019892432885115,0.0,0.0,0.9967788784562478,2.1572852018024805e-17,4.511914800473804e-09,0.028657684054383174,0.07443341896387129,0.0,0.0,0.9972259854924304,-0.016,-0.22273635105135758,0.288537201350147,-0.09351170928378104,0.0,0.0,0.9956181799398932,-0.015999999999999997,-0.22272017486536078,0.288597570946513,-0.09393292492177333,0.0,0.0,0.9955785281009432,-0.01600000000258215,-0.22272017514447304,0.2885975708826848,-0.09393292494565812,4.3962184124816576e-15,4.6594766372204354e-14,0.9955785280986896,-0.015999999604943832,-0.22257826623614865,0.28913366772091187,-0.09712753163717919,-5.062301132019132e-11,5.404252376596209e-10,0.9952719440424657,-0.015999999604943832,-0.22257826623614865,0.28913366772091187,-0.09712753163717919,-5.062301132019132e-11,5.404252376596209e-10,0.9952719440424657,-2.933592165156645e-11,-0.5285040030681495,0.6906151227031949,-8.425749488928854e-11,0.3502543413372432,-8.462869079827849e-11,3.7994188619765795e-09,-0.5286935658287891,0.6892744600621502,7.654995714493632e-09,0.3551426872834644,7.70611923303186e-09,3.7994188619765795e-09,-0.5286935658287891,0.6892744600621502,7.654995714493632e-09,0.3551426872834644,7.70611923303186e-09,2.1331930780977923e-08,0.0016120940855404208,0.012170392712697512,4.5237346559398394e-08,-0.04450159800251399,4.5783062464919484e-08,-4.67823270419372e-07,0.0009266978204731642,0.0001454123218157302,-9.632849493118736e-07,0.0005174116708633071,-9.717336965887324e-07,0.0,True,False,1,True,True,0.003516900003887713,4,2.8632911750597734e-10,4.798183705033687e-11,`gtol` termination condition is satisfied.,True,True,0.009999999999999787,0.004888848678932911,1.0,0.0005545610500378238,0.006418571347905733,0.000554560916911647,0.006418571395887489
8.389999999999866,1786132511.923453,0.006933399999979883,0.007589100001496263,0.01,TELEOP,0,,0.0,8.389999999999866,839,0.0,0.0,0.026833333333335575,0.08077881316870245,0.0,0.0,0.9967320519292313,1.960222175092837e-17,4.099761779373343e-09,0.028491018059227678,0.07501356809191509,0.0,0.0,0.9971825131850838,-0.016,-0.22274929207090552,0.2884889052854234,-0.09322209214399199,0.0,0.0,0.9956453392329505,-0.015999999999999997,-0.22273311588439262,0.2885492749523762,-0.09364331947836331,0.0,0.0,0.9956058099052422,-0.016000000002574222,-0.2227331161633432,0.2885492748883748,-0.09364331950224788,4.337129893695904e-15,4.6111925409405954e-14,0.9956058099029956,-0.0159999995875396,-0.22259110173812405,0.2890850648150289,-0.09683746332344378,-5.08704693461157e-11,5.625498736002341e-10,0.9953002088300197,-0.0159999995875396,-0.22259110173812405,0.2890850648150289,-0.09683746332344378,-5.08704693461157e-11,5.625498736002341e-10,0.9953002088300197,-2.9243153930915664e-11,-0.5284848375646772,0.6907332750521199,-8.410066683054306e-11,0.3498098839399238,-8.44601383683823e-11,3.9683736301361836e-09,-0.5286773387978375,0.6893961526550025,8.015927666417804e-09,0.354697722611889,8.071696059992225e-09,3.9683736301361836e-09,-0.5286773387978375,0.6893961526550025,8.015927666417804e-09,0.354697722611889,8.071696059992225e-09,1.6895476815960764e-08,0.0016227030951564206,0.012169259285229451,3.609319519241804e-08,-0.044496467157541006,3.6557682696037334e-08,-4.436453965017254e-07,0.001060900961599993,-0.00011334274680619105,-9.144151366980544e-07,0.0005130844972984124,-9.225379768882347e-07,0.0,True,False,1,True,True,0.0033436000085202977,4,2.86210126628776e-10,4.7980062532431186e-11,`gtol` termination condition is satisfied.,True,True,0.009999999999999787,0.004888345946221173,1.0,0.0005542913876964914,0.006417462302242878,0.0005542912543617666,0.006417462350222856
8.399999999999865,1786132511.9307175,0.00785560000804253,0.006945299988728948,0.01,TELEOP,0,,0.0,8.399999999999865,840,0.0,0.0,0.026666666666668913,0.08135867466785049,0.0,0.0,0.9966848880445067,1.7811604012836085e-17,3.7252579877656987e-09,0.028324352002236725,0.07559369190887243,0.0,0.0,0.9971387033625696,-0.016000000000000004,-0.2227622330843448,0.28844060919985803,-0.09293246707709665,0.0,0.0,0.9956724142824107,-0.016,-0.2227460568973702,0.28850097893092275,-0.09335370605523549,0.0,0.0,0.9956330074710023,-0.016000000002566264,-0.22274605717615906,0.28850097886674825,-0.0933537060791198,4.278241442265757e-15,4.56281880045027e-14,0.9956330074687627,-0.015999999574429755,-0.22260393399503664,0.2890364539941708,-0.0965473707966003,-5.0661709051438123e-11,5.792154952114899e-10,0.9953283906290746,-0.015999999574429755,-0.22260393399503664,0.2890364539941708,-0.0965473707966003,-5.0661709051438123e-11,5.792154952114899e-10,0.9953283906290746,-2.9150125275976816e-11,-0.5284655185416883,0.6908513299267582,-8.394261862544348e-11,0.34936548247528054,-8.429043020166696e-11,4.0954882526476825e-09,-0.5286609930454642,0.689517809596171,8.290532856479943e-09,0.3542528088842184,8.350169356301772e-09,4.0954882526476825e-09,-0.5286609930454642,0.689517809596171,8.290532856479943e-09,0.3542528088842184,8.350169356301772e-09,1.2711462251150122e-08,0.0016345752373303204,0.012165694116846235,2.7460519006214468e-08,-0.044491372767057336,2.7847329630955316e-08,-4.184014564810731e-07,0.0011872142173900125,-0.0003565168383215869,-8.632676186203758e-07,0.000509439048367033,-8.710353065082204e-07,0.0,True,False,1,True,True,0.0036377999931573868,4,2.8609120338708997e-10,4.7978196969491535e-11,`gtol` termination condition is satisfied.,True,True,0.009999999999999787,0.004887838671965183,1.0,0.0005540149914043543,0.006416321243301088,0.0005540148578589142,0.006416321291279234
8.409999999999865,1786132511.937872,0.007215799996629357,0.0068839000014122576,0.01,TELEOP,0,,0.0,8.409999999999865,841,0.0,0.0,0.026500000000002247,0.08193850863003312,0.0,0.0,0.9966373868180373,1.618455507448045e-17,3.38496425512869e-09,0.028157685889088263,0.07617379021095241,0.0,0.0,0.9970945560401471,-0.016000000000000004,-0.22277517409223116,0.2883923130953632,-0.09264283411130846,0.0,0.0,0.9956994050856035,-0.016,-0.2227589979048438,0.2884526828846581,-0.09306408468218431,0.0,0.0,0.9956601207953784,-0.016000000002558305,-0.2227589981834708,0.2884526828203106,-0.0930640847060683,4.219554216450194e-15,4.5143558255784255e-14,0.9956601207931459,-0.01599999956535155,-0.2226167640232699,0.2889878381073336,-0.09625725935555453,-5.0045227463673063e-11,5.907300181248507e-10,0.9953564889130716,-0.01599999956535155,-0.2226167640232699,0.2889878381073336,-0.09625725935555453,-5.0045227463673063e-11,5.907300181248507e-10,0.9953564889130716,-2.905695291234524e-11,-0.528446045976914,0.6909692873767628,-8.378368272285949e-11,0.3489211370258673,-8.411990045051814e-11,4.1833673149112794e-09,-0.528644516751146,0.6896394081657184,8.484099304736886e-09,0.35380794580150404,8.546865091413636e-09,4.1833673149112794e-09,-0.528644516751146,0.6896394081657184,8.484099304736886e-09,0.35380794580150404,8.546865091413636e-09,8.787906226359899e-09,0.0016476294318237563,0.0121598569547422,1.9356644825694822e-08,-0.044486308271435265,1.966957351118679e-08,-3.9235560247903073e-07,0.0013054194493436087,-0.000583716210403578,-8.103874180519818e-07,0.0005064495622073122,-8.1777561197687e-07,0.0,True,False,1,True,True,0.003351799998199567,4,2.8597229401687287e-10,4.79762636874503e-11,`gtol` termination condition is satisfied.,True,True,0.009999999999999787,0.004887326408937853,1.0,0.0005537343564895391,0.006415158760913461,0.0005537342227320128,0.006415158808889665
8.419999999999865,1786132511.9457555,0.0075422000081744045,0.0072247999924002215,0.01,TELEOP,0,,0.0,8.419999999999865,842,0.0,0.0,0.026333333333335585,0.08251831485899756,0.0,0.0,0.9965895482659004,1.4706133303329778e-17,3.0757555712712232e-09,0.02799101972493982,0.0767538627950697,0.0,0.0,0.9970500712331531,-0.016000000000000004,-0.2227881150950697,0.28834401697367606,-0.0923531932744947,0.0,0.0,0.9957263116399023,-0.016,-0.22277193890731367,0.28840438681585817,-0.09277445538851158,0.0,0.0,0.9956871498755848,-0.016000000002550342,-0.22277193918577873,0.2884043867513379,-0.09277445541239543,4.161069309670023e-15,4.4658039699200346e-14,0.9956871498733594,-0.015999999560035946,-0.2226295927708768,0.2889392198012866,-0.09596713393424405,-4.9068068434163136e-11,5.974122777945195e-10,0.9953845031968536,-0.015999999560035946,-0.2226295927708768,0.2889392198012866,-0.09596713393424405,-4.9068068434163136e-11,5.974122777945195e-10,0.9953845031968536,-2.896384232186568e-11,-0.5284264198488372,0.6910871474534099,-8.362444735700493e-11,0.3484768476741183,-8.394913991893483e-11,4.234670822283237e-09,-0.5286278989195327,0.6897609272661903,8.602037134027325e-09,0.3533631331275757,8.66723330532637e-09,4.234670822283237e-09,-0.5286278989195327,0.6897609272661903,8.602037134027325e-09,0.3533631331275757,8.66723330532637e-09,5.130350737195857e-09,0.0016617831613306541,0.012151910047188326,1.1793782929044101e-08,-0.04448126739283354,1.2036821391273767e-08,-3.6575554891641205e-07,0.0014153729506898233,-0.0007946907553874206,-7.562861896650883e-07,0.0005040878601725076,-7.632752119913184e-07,0.0,True,False,1,True,True,0.0035361000045668334,4,2.858533859307821e-10,4.79746591842006e-11,`gtol` termination condition is satisfied.,True,True,0.009999999999999787,0.004886808775636742,1.0,0.0005534517984008036,0.006413984711372515,0.0005534516644306024,0.006413984759347109
8.429999999999865,1786132511.9524827,0.007446799994795583,0.0065055000013671815,0.01,TELEOP,0,,0.0,8.429999999999865,843,0.0,0.0,0.026166666666668923,0.0830980931585004,0.0,0.0,0.9965413724042878,1.3362761950516457e-17,2.794792388506327e-09,0.02782435351447614,0.07733390945877985,0.0,0.0,0.9970052489570059,-0.016000000000000004,-0.2228010560933195,0.28829572083637467,-0.09206354459420851,0.0,0.0,0.9957531339427209,-0.016,-0.2227848799052345,0.2883560907265905,-0.09248481820307199,0.0,0.0,0.9957140947088903,-0.01600000000254236,-0.22278488018353748,0.2883560906618975,-0.09248481822695559,4.102787754522706e-15,4.417163551109353e-14,0.9957140947066718,-0.015999999558210156,-0.22264242111666258,0.2888906015190523,-0.09567699909797932,-4.7775574954174e-11,5.995890497098258e-10,0.9954124330364803,-0.015999999558210156,-0.22264242111666258,0.2888906015190523,-0.09567699909797932,-4.7775574954174e-11,5.995890497098258e-10,0.9954124330364803,-2.8870469844787403e-11,-0.5284066401366275,0.6912049102094472,-8.346397893023396e-11,0.34803261450235135,-8.377721125190006e-11,4.252091111734421e-09,-0.5286111293878948,0.6898823474342843,8.649830830925802e-09,0.35291837068602183,8.716799928381254e-09,4.252091111734421e-09,-0.5286111293878948,0.6898823474342843,8.649830830925802e-09,0.35291837068602183,8.716799928381254e-09,1.7420289451184798e-09,0.001676953163792774,0.012142016809406572,4.779369689847825e-09,-0.04447624415539212,4.9566623054884145e-09,-3.3883217920774493e-07,0.0015170002462120194,-0.0009893237781755048,-7.014413239196426e-07,0.0005023237441421104,-7.080159085785503e-07,0.0,True,False,1,True,True,0.003362200004630722,4,2.8573450399948743e-10,4.797290012185432e-11,`gtol` termination condition is satisfied.,True,True,0.009999999999999787,0.0048862854534574285,1.0,0.0005531694515710922,0.006412808210100597,0.0005531693173881943,0.006412808258073415
8.439999999999864,1786132511.964174,0.006719199998769909,0.011478300002636388,0.01,TELEOP,0,,0.0,8.439999999999864,844,0.0,0.0,0.026000000000002257,0.08367784333230766,0.0,0.0,0.996492859249505,1.214210447186277e-17,2.5394945453052708e-09,0.02765768726195247,0.07791393000022072,0.0,0.0,0.9969600892272071,-0.016000000000000004,-0.22281399708739782,0.28824742468489245,-0.09177388809771804,0.0,0.0,0.9957798719915097,-0.016,-0.22279782089901953,0.28830779461873324,-0.0921951731543147,0.0,0.0,0.9957409552926132,-0.016000000002534365,-0.22279782117716035,0.28830779455386774,-0.09219517317819795,4.044710533578414e-15,4.368434798332269e-14,0.9957409552904019,-0.015999999559599676,-0.22265524986982185,0.2888419854999236,-0.0953868590426437,-4.621117957399299e-11,5.975922441224087e-10,0.995440278028762,-0.015999999559599676,-0.22265524986982185,0.2888419854999236,-0.0953868590426437,-4.621117957399299e-11,5.975922441224087e-10,0.995440278028762,-2.877695201902985e-11,-0.5283867068200779,0.6913225756989515,-8.330260918508523e-11,0.34758843759277336,-8.360444776098792e-11,4.238331459955276e-09,-0.5285941988271724,0.6900036508402085,8.632994959748639e-09,0.3524736583570054,8.701122080236134e-09,4.238331459955276e-09,-0.5285941988271724,0.6900036508402085,8.632994959748639e-09,0.3524736583570054,8.701122080236134e-09,-1.3759651779145575e-09,0.0016930560722384113,0.012130340592419334,-1.6835871177163603e-09,-0.04447123290164311,-1.567784814512038e-09,-3.117994123033104e-07,0.0016102908445637589,-0.0011676216987238613,-6.462956807564324e-07,0.0005011253749014645,-6.524447120000592e-07,0.0,True,False,1,True,True,0.00609089998761192,4,2.8561559800989277e-10,4.7970826654470195e-11,`gtol` termination condition is satisfied.,True,True,0.009999999999999787,0.004885756183670487,1.0,0.0005528892696774745,0.006411637630069654,0.0005528891352826924,0.0064116376780404445
8.449999999999864,1786132511.973938,0.011852600000565872,0.009389099999680184,0.01,TELEOP,0,,0.0,8.449999999999864,845,0.0,0.0,0.025833333333335595,0.0842575651841949,0.0,0.0,0.9964440088179722,1.1032951238043413e-17,2.3075175719663953e-09,0.0274910209712339,0.07849392421805915,0.0,0.0,0.9969145920593447,-0.016000000000000004,-0.22282693807768397,0.2881991285205314,-0.09148422381203312,0.0,0.0,0.9958065257837538,-0.016,-0.2228107618890445,0.2882594984939923,-0.091905520270321,0.0,0.0,0.9957677316241181,-0.016000000002526358,-0.2228107621670232,0.28825949842895443,-0.09190552029420385,3.9868385800583995e-15,4.319617912954824e-14,0.9957677316219138,-0.015999999563930438,-0.22266807977008513,0.28879337378089437,-0.09509671759652423,-4.4416230998549315e-11,5.917562808798018e-10,0.9954680378105402,-0.015999999563930438,-0.22266807977008513,0.28879337378089437,-0.09509671759652423,-4.4416230998549315e-11,5.917562808798018e-10,0.9954680378105402,-2.8683265954772155e-11,-0.5283666198795474,0.6914401439772031,-8.314026873846545e-11,0.34714431702748744,-8.343077997575127e-11,4.1960863991166855e-09,-0.5285770987371518,0.690124821275757,8.557033360971748e-09,0.352028996073952,8.625746880129417e-09,4.1960863991166855e-09,-0.5285770987371518,0.690124821275757,8.557033360971748e-09,0.352028996073952,8.625746880129417e-09,-4.224506083859151e-09,0.0017100090020692655,0.012117043554852838,-7.596159877689248e-09,-0.0444662283053381,-7.53752001067194e-09,-2.848540905944654e-07,0.0016952929830854656,-0.0013297037566496143,-5.912572759973014e-07,0.0005004596305011738,-5.969735196160028e-07,0.0,True,False,1,True,True,0.005311500004609115,4,2.854968676735753e-10,4.796872352755394e-11,`gtol` termination condition is satisfied.,True,True,0.009999999999999787,0.0048852207642320344,1.0,0.0005526130271765034,0.006410480605515308,0.0005526128925710112,0.006410480653484044
8.459999999999864,1786132511.9810724,0.009669599996414036,0.0068537999904947355,0.01,TELEOP,0,,0.0,8.459999999999864,846,0.0,0.0,0.025666666666668933,0.08483725851794727,0.0,0.0,0.9963948211262236,1.0025116593513322e-17,2.0967311607070155e-09,0.027324354645831075,0.07907389191144269,0.0,0.0,0.9968687574690951,-0.016000000000000004,-0.22283987906452263,0.28815083234447425,-0.0911945517639293,0.0,0.0,0.9958330953169693,-0.016,-0.22282370287565084,0.28821120235391745,-0.09161585957883837,0.0,0.0,0.9957944237008113,-0.01600000000251832,-0.22282370315346703,0.2882112022887072,-0.09161585960272098,3.9291727846776456e-15,4.2707130450326285e-14,0.9957944236986139,-0.015999999570930606,-0.22268091148833294,0.2887447681993728,-0.09480657822453828,-4.2429854808706305e-11,5.824156483517988e-10,0.9954957120577439,-0.015999999570930606,-0.22268091148833294,0.2887447681993728,-0.09480657822453828,-4.2429854808706305e-11,5.824156483517988e-10,0.9954957120577439,-2.8589447931350348e-11,-0.5283463792959157,0.6915576151005701,-8.297705904373313e-11,0.346700252888492,-8.325630990486939e-11,4.128023733299034e-09,-0.5285598214362909,0.6902458441321266,8.427401823065049e-09,0.35158438382014295,8.49617375787858e-09,4.128023733299034e-09,-0.5285598214362909,0.6902458441321266,8.427401823065049e-09,0.35158438382014295,8.49617375787858e-09,-6.806266581765302e-09,0.001727730086088558,0.01210228563695753,-1.2963153790670226e-08,-0.04446122538090715,-1.2957312225084085e-08,-2.5817604979062067e-07,0.0017721084019292847,-0.0014757917895309755,-5.366993912981092e-07,0.0005002924430948935,-5.41979221441226e-07,0.0,True,False,1,True,True,0.0035833000001730397,4,2.853779058090609e-10,4.796697903702008e-11,`gtol` termination condition is satisfied.,True,True,0.009999999999999787,0.004884679046464557,1.0,0.0005523423219854849,0.006409344040469781,0.0005523421871709757,0.006409344088436768
8.469999999999864,1786132511.988054,0.007073300002957694,0.006762599994544871,0.01,TELEOP,0,,0.0,8.469999999999864,847,0.0,0.0,0.02550000000000227,0.0854169231373596,0.0,0.0,0.9963452961909072,9.109345318864967e-18,1.905199602463254e-09,0.027157688288932665,0.0796538328799558,0.0,0.0,0.9968225854722255,-0.016000000000000004,-0.22285282004822715,0.28810253615779535,-0.09090487197996963,0.0,0.0,0.9958595805887019,-0.016,-0.22283664385914895,0.28816290619991647,-0.09132619110731159,0.0,0.0,0.9958210315201377,-0.016000000002510284,-0.22283664413680276,0.2881629061345341,-0.09132619113119379,3.871713997923562e-15,4.2217203071403544e-14,0.9958210315179473,-0.015999999580332293,-0.2226937456276346,0.28869617039705503,-0.09451644403463054,-4.028884617419581e-11,5.699026488653391e-10,0.9955233004842471,-0.015999999580332293,-0.2226937456276346,0.28869617039705503,-0.09451644403463054,-4.028884617419581e-11,5.699026488653391e-10,0.9955233004842471,-2.8495480344399466e-11,-0.5283259850505305,0.6916749891264021,-8.281292597472776e-11,0.3462562452576878,-8.308098338966944e-11,4.036768239538108e-09,-0.5285423600467117,0.6903667063684812,8.249474199782245e-09,0.3511398216252454,8.31782023788984e-09,4.036768239538108e-09,-0.5285423600467117,0.6903667063684812,8.249474199782245e-09,0.3511398216252454,8.31782023788984e-09,-9.12554937609275e-09,0.0017461389579147579,0.012086223635457936,-1.7792762328280784e-08,-0.04445621948975876,-1.783535199887437e-08,-2.319282794327498e-07,0.0018408871826200294,-0.00160620014995937,-4.82960853761066e-07,0.0005005891148390669,-4.878039773790388e-07,0.0,True,False,1,True,True,0.0035697000130312517,4,2.8525917550115177e-10,4.7964913531333e-11,`gtol` termination condition is satisfied.,True,True,0.009999999999999787,0.004884130931650965,1.0,0.0005520785791938025,0.006408234121659931,0.0005520784441725066,0.006408234169624782
8.479999999999864,1786132511.9951982,0.006991500005824491,0.006914800003869459,0.01,TELEOP,0,,0.0,8.479999999999864,848,0.0,0.0,0.02533333333333561,0.08599655884623635,0.0,0.0,0.9962954340287854,8.277227637633546e-18,1.7311640107435013e-09,0.026991021903434845,0.08023374692357996,0.0,0.0,0.9967760760845954,-0.016000000000000004,-0.22286576102908237,0.2880542399614705,-0.09061518448652456,0.0,0.0,0.9958859815965245,-0.016,-0.222849584839821,0.28811461003326805,-0.0910365148829109,0.0,0.0,0.9958475550795782,-0.01600000000250223,-0.22284958511731232,0.28811460996771376,-0.09103651490679285,3.81446303490141e-15,4.1726397708996035e-14,0.9958475550773951,-0.015999999591873062,-0.22270658272466926,0.2886475818248324,-0.09422631778611198,-3.802759236137829e-11,5.54545331624734e-10,0.9955508028405535,-0.015999999591873062,-0.22270658272466926,0.2886475818248324,-0.09422631778611198,-3.802759236137829e-11,5.54545331624734e-10,0.9955508028405535,-2.8401379671615994e-11,-0.5283054371251696,0.6917922661129329,-8.264791399716076e-11,0.3458122942168771,-8.29048452151255e-11,3.924887025679415e-09,-0.5285247084748645,0.6904873964722538,8.02851191931621e-09,0.35069530956180894,8.095991142600823e-09,3.924887025679415e-09,-0.5285247084748645,0.6904873964722538,8.02851191931621e-09,0.35069530956180894,8.095991142600823e-09,-1.1188121385869508e-08,0.0017651571847149812,0.012069010377261226,-2.2096228046604105e-08,-0.04445120634364572,-2.2182909528902084e-08,-2.0625720097768016e-07,0.001901822680022377,-0.0017213258196711561,-4.3034657183234115e-07,0.0005013146113033602,-4.3475575300278066e-07,0.0,True,False,1,True,True,0.0034690999891608953,4,2.8514040610678193e-10,4.796309275204582e-11,`gtol` termination condition is satisfied.,True,True,0.009999999999999787,0.004883576367557596,1.0,0.00055182305568208,0.006407156335305853,0.0005518229204567062,0.006407156383268928
8.489999999999863,1786132512.0023196,0.007139399996958673,0.0068971000000601634,0.01,TELEOP,0,,0.0,8.489999999999863,849,0.0,0.0,0.025166666666668946,0.08657616544839185,0.0,0.0,0.9962452346567349,7.52112198703445e-18,1.5730261692922173e-09,0.026824355491968096,0.08081363384265768,0.0,0.0,0.996729229322159,-0.016000000000000004,-0.22287870200734713,0.28800594375638605,-0.09032548930978997,0.0,0.0,0.995912298338035,-0.016,-0.2228625258179235,0.28806631385513365,-0.09074683093255753,0.0,0.0,0.9958739943766469,-0.01600000000249417,-0.22286252609525214,0.28806631378940745,-0.09074683095643915,3.7574206825604154e-15,4.1234714801190266e-14,0.9958739943744708,-0.015999999605297317,-0.22271942325148833,0.28859900374861497,-0.09393620189972404,-3.5678022804346235e-11,5.366656127403586e-10,0.9955782189123336,-0.015999999605297317,-0.22271942325148833,0.28859900374861497,-0.09393620189972404,-3.5678022804346235e-11,5.366656127403586e-10,0.9955782189123336,-2.8307153476560624e-11,-0.528284735502005,0.6919094461192029,-8.248204191892935e-11,0.3453683998477727,-8.272791440243458e-11,3.794876508953698e-09,-0.5285068613883598,0.6906079044121491,7.769636815269323e-09,0.35025084774175586,7.835851145134482e-09,3.794876508953698e-09,-0.5285068613883598,0.6906079044121491,7.769636815269323e-09,0.35025084774175586,7.835851145134482e-09,-1.3001051672571993e-08,0.001784708650474491,0.012050793989537472,-2.5887510404689197e-08,-0.044446182005311544,-2.601399974663465e-08,-1.8129302867025238e-07,0.0019551465759510183,-0.001821638772375372,-3.791282358085172e-07,0.0005024338334181158,-3.8310902177326447e-07,0.0,True,False,1,True,True,0.0033573999971849844,4,2.850216216720027e-10,4.7961252667229596e-11,`gtol` termination condition is satisfied.,True,True,0.009999999999999787,0.004883015344931851,1.0,0.0005515768455382803,0.006406115487391607,0.0005515767101116863,0.006406115535352739
8.499999999999863,1786132512.0098264,0.00712349999230355,0.007280499994521961,0.01,TELEOP,0,,0.0,8.499999999999863,850,0.0,0.0,0.02500000000000228,0.08715574274765026,0.0,0.0,0.9961946980917462,6.834084843415713e-18,1.42933385523269e-09,0.02665768905692154,0.08139349343785969,0.0,0.0,0.9966820452009664,-0.016000000000000007,-0.2228916429832568,0.287957647543347,-0.09003578647580336,0.0,0.0,0.9959385308108546,-0.016000000000000004,-0.22287546679368964,0.2880180176665683,-0.09045713928294695,0.0,0.0,0.9959003494088882,-0.016000000002486116,-0.22287546707085554,0.2880180176006705,-0.09045713930682815,3.7005876945958224e-15,4.0742154376723146e-14,0.9959003494067191,-0.015999999620357468,-0.22273226761757886,0.28855043725595336,-0.0936460984692138,-3.326958449224792e-11,5.165775807562895e-10,0.9956055485188371,-0.015999999620357468,-0.22273226761757886,0.28855043725595336,-0.0936460984692138,-3.326958449224792e-11,5.165775807562895e-10,0.9956055485188371,-2.82129065747258e-11,-0.5282638801635632,0.6920265292049684,-8.231561156258898e-11,0.34492456223199286,-8.255049383532021e-11,3.6491509699028443e-09,-0.5284888141894472,0.6907282215847812,7.477807189151125e-09,0.3498064363128894,7.542400580519714e-09,3.6491509699028443e-09,-0.5284888141894472,0.6907282215847812,7.477807189151125e-09,0.3498064363128894,7.542400580519714e-09,-1.45725539050857e-08,0.0018047198912659228,0.012031717263200523,-2.9182962611820522e-08,-0.04444114288664877,-2.9345056461477384e-08,-1.5715022325137396e-07,0.002001124079143216,-0.0019076726336949169,-3.2954522071313955e-07,0.0005039118662770089,-3.331056714842808e-07,0.0,True,False,1,True,True,0.0040213000029325485,4,2.8490286642423514e-10,4.795904661124175e-11,`gtol` termination condition is satisfied.,True,True,0.009999999999999787,0.004882447893983177,1.0,0.0005513408861588593,0.006405115726967683,0.0005513407505344503,0.006405115774926706
8.509999999999863,1786132512.0168717,0.007561200007330626,0.006764600009773858,0.01,TELEOP,0,,0.0,8.509999999999863,851,0.0,0.0,0.02483333333333562,0.08773529054784564,0.0,0.0,0.9961438243509243,6.209806957993495e-18,1.2987675029071106e-09,0.026491022600465042,0.08197332551015525,0.0,0.0,0.9966345237371652,-0.016000000000000007,-0.22290458395702523,0.2879093513230847,-0.08974607601045888,0.0,0.0,0.995964679012627,-0.016000000000000004,-0.22288840776733132,0.2879697214685304,-0.09016743996056985,0.0,0.0,0.9959266201738747,-0.01600000000247801,-0.2228884080443344,0.287969721402461,-0.09016743998445086,3.643964799993473e-15,4.024871638189105e-14,0.9959266201717125,-0.015999999636815015,-0.22274511617218895,0.2885018832633469,-0.09335600927421354,-3.08292404376017e-11,4.945859849036108e-10,0.9956327915112042,-0.015999999636815015,-0.22274511617218895,0.2885018832633469,-0.09335600927421354,-3.08292404376017e-11,4.945859849036108e-10,0.9956327915112042,-2.811839051523521e-11,-0.5282428710926962,0.6921435154306368,-8.214789731327446e-11,0.3444807814510693,-8.237185581650436e-11,3.4900326329922147e-09,-0.5284705629856054,0.6908483407558457,7.157797010442331e-09,0.34936207545544357,7.220454421037177e-09,3.4900326329922147e-09,-0.5284705629856054,0.6908483407558457,7.157797010442331e-09,0.34936207545544357,7.220454421037177e-09,-1.5911833691063308e-08,0.0018251203841819336,0.01201191710644464,-3.200101787088014e-08,-0.04443608574458087,-3.219461594825436e-08,-1.339279785977636e-07,0.002040049291601117,-0.001980015675588252,-2.8180552590596783e-07,0.0005057142067902444,-2.8495594867770365e-07,0.0,True,False,1,True,True,0.0033992000098805875,4,2.847841511478547e-10,4.7957404153853535e-11,`gtol` termination condition is satisfied.,True,True,0.009999999999999787,0.00488187408089652,1.0,0.0005511159649335345,0.006404160572074628,0.0005511158291148224,0.006404160620032013
8.519999999999863,1786132512.0251777,0.007140100002288818,0.007930399995530024,0.01,TELEOP,0,,0.0,8.519999999999863,852,0.0,0.0,0.024666666666668953,0.08831480865282205,0.0,0.0,0.996092613451488,5.642555417306042e-18,1.1801280859443183e-09,0.026324356124569317,0.08255312986078524,0.0,0.0,0.9965866649470022,-0.016000000000000007,-0.22291752492884687,0.2878610550962633,-0.08945635793952052,0.0,0.0,0.9959907429410157,-0.016000000000000004,-0.22290134873904122,0.28792142526189035,-0.08987773299173131,0.0,0.0,0.9959528066692052,-0.01600000000246991,-0.2229013490158814,0.28792142519564956,-0.08987773301561171,3.58755270732069e-15,3.9754400231954626e-14,0.9959528066670501,-0.015999999654441443,-0.22275796920687735,0.28845334252413,-0.09306593579422724,-2.838148900189591e-11,4.709849023416126e-10,0.9956599477706959,-0.015999999654441443,-0.22275796920687735,0.28845334252413,-0.09306593579422724,-2.838148900189591e-11,4.709849023416126e-10,0.9956599477706959,-2.8023732524085503e-11,-0.5282217082725553,0.6922604048572006,-8.197926546566273e-11,0.3440370575864439,-8.219236796445968e-11,3.3197432105080527e-09,-0.5284521045576875,0.690968255996692,6.814178122487687e-09,0.3489177653786946,6.874624283254564e-09,3.3197432105080527e-09,-0.5284521045576875,0.690968255996692,6.814178122487687e-09,0.3489177653786946,6.874624283254564e-09,-1.702894224841655e-08,0.0018458427917848474,0.011991524084626316,-3.4361888795465076e-08,-0.044431007674893365,-3.458301377826203e-08,-1.1171085573532663e-07,0.0020722407602914205,-0.0020393021818323684,-2.360870924584985e-07,0.0005078069687507875,-2.3883978300077185e-07,0.0,True,False,1,True,True,0.00418780000472907,4,2.846654762907331e-10,4.7954932110021087e-11,`gtol` termination condition is satisfied.,True,True,0.009999999999999787,0.004881294004374259,1.0,0.0005509027264117945,0.006403252937891842,0.0005509025904025065,0.00640325298584673
8.529999999999863,1786132512.032912,0.008161999998264946,0.007504100009100512,0.01,TELEOP,0,,0.0,8.529999999999863,853,0.0,0.0,0.024500000000002294,0.08889429686643356,0.0,0.0,0.9960410654107703,5.127120996311513e-18,1.0723261062728937e-09,0.02615768963102417,0.08313290629123757,0.0,0.0,0.9965384688468241,-0.016000000000000007,-0.22293046589889848,0.28781275886348595,-0.08916663228863461,0.0,0.0,0.996016722593704,-0.016000000000000004,-0.22291428970899455,0.2878731290474388,-0.08958801840256816,0.0,0.0,0.9959789088925032,-0.016000000002461816,-0.22291428998567175,0.2878731289810268,-0.08958801842644828,3.5313521033565796e-15,3.9259205209555617e-14,0.9959789088903552,-0.01599999967301895,-0.22277082695825134,0.28840481563683457,-0.09277587922353582,-2.5948401907104337e-11,4.460565796641112e-10,0.995687017206863,-0.01599999967301895,-0.22277082695825134,0.28840481563683457,-0.09277587922353582,-2.5948401907104337e-11,4.460565796641112e-10,0.995687017206863,-2.7929152463367156e-11,-0.528200391686562,0.6923771975461781,-8.181035486357221e-11,0.3435933907194759,-8.201267097723127e-11,3.140396848488048e-09,-0.5284334363260467,0.6910879626171169,6.4513053329921036e-09,0.34847350631765245,6.5093033447716714e-09,3.140396848488048e-09,-0.5284334363260467,0.6910879626171169,6.4513053329921036e-09,0.34847350631765245,6.5093033447716714e-09,-1.793463620200086e-08,0.001866823164084426,0.01197066204249504,-3.62872789495591e-08,-0.04442590610422079,-3.653209384829001e-08,-9.056939535843292e-08,0.0020980372299579113,-0.0020862042131276153,-1.9253901540940628e-07,0.0005101570672571531,-1.9490800700280216e-07,0.0,True,False,1,True,True,0.0035032000014325604,4,2.845468159633785e-10,4.7953088141785225e-11,`gtol` termination condition is satisfied.,True,True,0.009999999999999787,0.004880707792250749,1.0,0.0005507016798601495,0.006402395166722591,0.0005507015436642932,0.006402395214675647
8.539999999999862,1786132512.0403194,0.007764599999063648,0.007145900002797134,0.01,TELEOP,0,,0.0,8.539999999999862,854,0.0,0.0,0.02433333333333563,0.08947375499254445,0.0,0.0,0.9959891802462184,4.65877032065888e-18,9.743715889626724e-10,0.02599102312145506,0.08371265460322518,0.0,0.0,0.9964899354530787,-0.016000000000000007,-0.22294340686734068,0.28776446262530064,-0.08887689908334062,0.0,0.0,0.9960426179683928,-0.016000000000000004,-0.2229272306773505,0.2878248328258938,-0.08929829621906467,0.0,0.0,0.9960049268414148,-0.016000000002453683,-0.22292723095386452,0.28782483275931064,-0.08929829624294451,3.47536365249655e-15,3.876313065863072e-14,0.9960049268392739,-0.015999999692341085,-0.22278368961085893,0.28835630305392934,-0.09248584048683857,-2.3549678820146036e-11,4.200704431064242e-10,0.9957139997556744,-0.015999999692341085,-0.22278368961085893,0.28835630305392934,-0.09248584048683857,-2.3549678820146036e-11,4.200704431064242e-10,0.9957139997556744,-2.7834201389178873e-11,-0.5281789213183876,0.6924938935595604,-8.163985169516849e-11,0.3431497809314387,-8.183144764792656e-11,2.9539944121233413e-09,-0.528414556315045,0.6912074570951623,6.0733042677274916e-09,0.3480292985298484,6.128654048437219e-09,2.9539944121233413e-09,-0.528414556315045,0.6912074570951623,6.0733042677274916e-09,0.3480292985298484,6.128654048437219e-09,-1.864024363647107e-08,0.0018880011001739532,0.011949447804539522,-3.7800106526461975e-08,-0.04442077878040637,-3.806492963344608e-08,-7.056074344702248e-08,0.0021177936089527534,-0.002121423795551974,-1.512827576902903e-07,0.0005127323814420905,-1.5328357851561091e-07,0.0,True,False,1,True,True,0.00351290000253357,4,2.844280736045781e-10,4.7951330060033413e-11,`gtol` termination condition is satisfied.,True,True,0.009999999999999787,0.0048801155981765265,1.0,0.0005505132071204375,0.006401589059465167,0.0005505130707420272,0.006401589107416417
8.549999999999862,1786132512.047216,0.007383199990727007,0.006659000006038696,0.01,TELEOP,0,,0.0,8.549999999999862,855,0.0,0.0,0.024166666666668963,0.09005318283502912,0.0,0.0,0.9959369579753936,4.233202398825026e-18,8.853649910145441e-10,0.025824356597338192,0.08429237459866586,0.0,0.0,0.9964410647823173,-0.016000000000000007,-0.22295634783431956,0.28771616638220493,-0.08858715834908146,0.0,0.0,0.9960684290628002,-0.016000000000000004,-0.2229401716442539,0.28777653659790764,-0.08900856646706685,0.0,0.0,0.9960308605136077,-0.016000000002445555,-0.22294017192060472,0.28777653653115365,-0.08900856649094636,3.4195880076933565e-15,3.826617515062929e-14,0.9960308605114737,-0.015999999712213234,-0.2227965573002017,0.288307805090847,-0.09219582025546404,-2.120271644026445e-11,3.932822712904993e-10,0.9957408953776189,-0.015999999712213234,-0.2227965573002017,0.288307805090847,-0.09219582025546404,-2.120271644026445e-11,3.932822712904993e-10,0.9957408953776189,-2.7739268018636773e-11,-0.5281572971519272,0.6926104929597572,-8.146888832399862e-11,0.3427062283035217,-8.164983346742896e-11,2.762419028232486e-09,-0.5283954631163272,0.6913267370046525,5.684061810984574e-09,0.3475851422922341,5.7365984165063e-09,2.762419028232486e-09,-0.5283954631163272,0.6913267370046525,5.684061810984574e-09,0.3475851422922341,5.7365984165063e-09,-1.9157538389085954e-08,0.0019093198717690446,0.011927990949018794,-3.892424567429254e-08,-0.044415623761432696,-3.920556319309267e-08,-5.1729475261489575e-08,0.002131877159509192,-0.0021456855520729195,-1.1241391478305927e-07,0.0005155018973680009,-1.14063355964661e-07,0.0,True,False,1,True,True,0.0033988999930443242,4,2.8430944042791016e-10,4.7949394632586734e-11,`gtol` termination condition is satisfied.,True,True,0.009999999999999787,0.004879517598409655,1.0,0.0005503375706893567,0.0064008359082170325,0.0005503374341326502,0.006400835956166339
8.559999999999862,1786132512.0549018,0.006924100001924671,0.0074210000020684674,0.01,TELEOP,0,,0.0,8.559999999999862,856,0.0,0.0,0.024000000000002304,0.09063258019777215,0.0,0.0,0.9958843986159711,3.846509124940843e-18,8.04488940611454e-10,0.025657690060014178,0.08487206607966397,0.0,0.0,0.9963918568511936,-0.016000000000000007,-0.22296928879996786,0.2876678701346508,-0.08829741011121227,0.0,0.0,0.9960941558746605,-0.016000000000000004,-0.2229531126098363,0.28772824036407274,-0.08871882917229543,0.0,0.0,0.9960567099067689,-0.016000000002437398,-0.22295311288602385,0.2877282402971479,-0.08871882919617458,3.3640258040776243e-15,3.776833766026578e-14,0.9960567099046419,-0.015999999732453047,-0.22280943011583873,0.28825932193520865,-0.091905818963989,-1.8922690129937114e-11,3.6593352355272937e-10,0.9957677040557996,-0.015999999732453047,-0.22280943011583873,0.28825932193520865,-0.091905818963989,-1.8922690129937114e-11,3.6593352355272937e-10,0.9957677040557996,-2.764410612190706e-11,-0.5281355191712866,0.6927269958095628,-8.129674114917579e-11,0.3422627329168344,-8.146710317966723e-11,2.567432821232852e-09,-0.5283761558512177,0.6914458009411637,5.287219013469306e-09,0.3471410378982029,5.336810854460696e-09,2.567432821232852e-09,-0.5283761558512177,0.6914458009411637,5.287219013469306e-09,0.3471410378982029,5.336810854460696e-09,-1.949862069996378e-08,0.001930726510955364,0.011906393651121559,-3.96842797515277e-08,-0.04441043940311864,-3.99787562045613e-08,-3.4108231087783246e-08,0.002140663918631994,-0.002159729789723474,-7.600340772351703e-08,0.0005184358314055023,-7.731930114686442e-08,0.0,True,False,1,True,True,0.003545500003383495,4,2.8419084624609364e-10,4.7947408611134475e-11,`gtol` termination condition is satisfied.,True,True,0.009999999999999787,0.0048789139887123745,1.0,0.0005501749219415963,0.006400136529698399,0.0005501747852106775,0.00640013657764579
8.569999999999862,1786132512.0620468,0.007652400003280491,0.006913499993970618,0.01,TELEOP,0,,0.0,8.569999999999862,857,0.0,0.0,0.02383333333333564,0.0912119468846686,0.0,0.0,0.9958315021857405,3.495139389593059e-18,7.310007309698709e-10,0.02549102351070047,0.08545172884849393,0.0,0.0,0.9963423116764658,-0.016000000000000007,-0.2229822297644063,0.28761957388304865,-0.08800765439500909,0.0,0.0,0.9961197984017227,-0.016000000000000004,-0.2229660535742174,0.2876799441249272,-0.08842908436035757,0.0,0.0,0.9960824750186046,-0.01600000000242922,-0.2229660538502416,0.28767994405783176,-0.08842908438423627,3.308677662677873e-15,3.726961662191073e-14,0.9960824750164846,-0.015999999752890546,-0.22282230810455167,0.28821085365616866,-0.09161583682711531,-1.672264618948835e-11,3.3825081650765305e-10,0.9957944257940328,-0.015999999752890546,-0.22282230810455167,0.28821085365616866,-0.09161583682711531,-1.672264618948835e-11,3.3825081650765305e-10,0.9957944257940328,-2.7548710781439285e-11,-0.5281135873607595,0.6928434021721039,-8.112339130092571e-11,0.3418192948524023,-8.128323813323936e-11,2.3706747597330892e-09,-0.5283566341325724,0.6915646484470694,4.886166293491629e-09,0.34669698565474516,4.932713269164768e-09,2.3706747597330892e-09,-0.5283566341325724,0.6915646484470694,4.886166293491629e-09,0.34669698565474516,4.932713269164768e-09,-1.967580614997672e-08,0.001952171864527234,0.011884750590569928,-4.01052719977686e-08,-0.04440522434577582,-4.040975852959364e-08,-1.7718545001294298e-08,0.0021445353571870477,-0.0021643060551631574,-4.209922462409084e-08,0.0005215057342820272,-4.3100232503234625e-08,0.0,True,False,1,True,True,0.003599699994083494,4,2.8407227974316963e-10,4.7945294799022865e-11,`gtol` termination condition is satisfied.,True,True,0.009999999999999787,0.0048783049813684864,1.0,0.0005500253094270009,0.006399491299190369,0.0005500251725262319,0.006399491347135595
8.579999999999862,1786132512.0697076,0.00713690000702627,0.00743690000672359,0.01,TELEOP,0,,0.0,8.579999999999862,858,0.0,0.0,0.023666666666668973,0.09179128269962382,0.0,0.0,0.9957782687026052,3.1758664690215235e-18,6.642254998606962e-10,0.025324356950502655,0.08603136270758525,0.0,0.0,0.9962924292749976,-0.016000000000000007,-0.22299517072774452,0.2875712776277713,-0.08771789122567596,0.0,0.0,0.9961453566417506,-0.016000000000000004,-0.22297899453750591,0.28763164788095963,-0.08813933205675763,0.0,0.0,0.9961081558468382,-0.016000000002421064,-0.22297899481336664,0.28763164781369366,-0.08813933208063592,3.253544197637139e-15,3.677001032714476e-14,0.9961081558447252,-0.015999999773368443,-0.2228351912735449,0.2881624002138024,-0.09132587385666818,-1.4613602979420526e-11,3.104455410109967e-10,0.9958210606149661,-0.015999999773368443,-0.2228351912735449,0.2881624002138024,-0.09132587385666818,-1.4613602979420526e-11,3.104455410109967e-10,0.9958210606149661,-2.7453407186519165e-11,-0.5280915017048144,0.6929597121108134,-8.09497905194853e-11,0.3413759141911732,-8.109919224346034e-11,2.1736595355324762e-09,-0.5283368980263993,0.691683279936259,4.48404077181757e-09,0.3462529858797452,4.5274723405503886e-09,2.1736595355324762e-09,-0.5283368980263993,0.691683279936259,4.48404077181757e-09,0.3462529858797452,4.5274723405503886e-09,-1.970152242006172e-08,0.0019736106173152013,0.011863148918955752,-4.021255216740671e-08,-0.04439997749999726,-4.052409286143877e-08,-2.571627008500156e-09,0.002143875278796763,-0.0021601671614175587,-1.0728016963811282e-08,0.0005246845778561609,-1.1433433184513379e-08,0.0,True,False,1,True,True,0.004138100004638545,4,2.8395371261280405e-10,4.7943204637074086e-11,`gtol` termination condition is satisfied.,True,True,0.009999999999999787,0.004877690802342849,1.0,0.0005498886871781516,0.006398900184711391,0.0005498885501116958,0.00639890023265459
8.589999999999861,1786132512.0767796,0.007659499999135733,0.006849299999885261,0.01,TELEOP,0,,0.0,8.589999999999861,859,0.0,0.0,0.023500000000002314,0.09237058744655356,0.0,0.0,0.9957246981845829,2.885758393238095e-18,6.035500321652792e-10,0.025157690380424712,0.08661096745950893,0.0,0.0,0.9962422096637584,-0.016000000000000007,-0.22300811169008236,0.28752298136915727,-0.08742812062835205,0.0,0.0,0.9961708305925217,-0.016000000000000004,-0.22299193549980081,0.2875833516326139,-0.08784957228690674,0.0,0.0,0.9961337523892099,-0.01600000000241288,-0.22299193577549797,0.28758335156517756,-0.08784957231078466,3.1986260051321575e-15,3.626951724895229e-14,0.996133752387104,-0.015999999793742073,-0.22284807959365532,0.2881139614684706,-0.09103592987858623,-1.2604659204153982e-11,2.8271361128174123e-10,0.9958476085582277,-0.015999999793742073,-0.22284807959365532,0.2881139614684706,-0.09103592987858623,-1.2604659204153982e-11,2.8271361128174123e-10,0.9958476085582277,-2.7357910673466607e-11,-0.5280692621880793,0.6930759256893911,-8.077509994570975e-11,0.34093259101401474,-8.091412497216774e-11,1.9777774033054846e-09,-0.52831694801353,0.6918016966190795,4.083725600062439e-09,0.34580903889942766,4.12399880553219e-09,1.9777774033054846e-09,-0.52831694801353,0.6918016966190795,4.083725600062439e-09,0.34580903889942766,4.12399880553219e-09,-1.9588213222699595e-08,0.001995001286927832,0.011841668282051203,-4.003151717551399e-08,-0.044394698031754734,-4.0347353501820653e-08,1.1330919736212743e-08,0.0021390669612631006,-0.002148063690455016,1.8103499189272586e-08,0.0005279468242522697,1.7673935961812244e-08,0.0,True,False,1,True,True,0.003528900007950142,4,2.838351721210085e-10,4.794129401541268e-11,`gtol` termination condition is satisfied.,True,True,0.009999999999999787,0.004877071688571988,1.0,0.0005497649229689602,0.006398362781175437,0.0005497647857410395,0.006398362829116666
8.599999999999861,1786132512.084916,0.007072599997627549,0.007913500012364239,0.01,TELEOP,0,,0.0,8.599999999999861,860,0.0,0.0,0.02333333333333565,0.09294986092938418,0.0,0.0,0.9956707906498052,2.6221510209495135e-18,5.484171285537089e-10,0.02499102380137833,0.0871905429069651,0.0,0.0,0.9961916528598244,-0.016000000000000007,-0.22302105265151043,0.28747468510751406,-0.08713834262811758,0.0,0.0,0.9961962202518262,-0.016000000000000004,-0.223004876461192,0.2875350553802931,-0.08755980507613162,0.0,0.0,0.9961592646434755,-0.01600000000240468,-0.22300487673672545,0.28753505531268664,-0.08755980510000919,3.1439236762974748e-15,3.5768135403814846e-14,0.9961592646413767,-0.015999999813879413,-0.2228609730025486,0.28806553719009464,-0.09074600454978661,-1.0703107754743403e-11,2.552353377777072e-10,0.9958740696786166,-0.015999999813879413,-0.2228609730025486,0.28806553719009464,-0.09074600454978661,-1.0703107754743403e-11,2.552353377777072e-10,0.9958740696786166,-2.72621923918084e-11,-0.5280468687953285,0.693192042971773,-8.059923045356347e-11,0.3404893254017126,-8.072794725438795e-11,1.784294896016178e-09,-0.5282967849516068,0.6919199004280031,3.68785110351943e-09,0.345365145045958,3.724948573760047e-09,1.784294896016178e-09,-0.5282967849516068,0.6919199004280031,3.68785110351943e-09,0.345365145045958,3.724948573760047e-09,-1.9348250728931086e-08,0.002016306192323808,0.01182038089236181,-3.958744965430172e-08,-0.044389385346966174,-3.990502317721518e-08,2.399624937685128e-08,0.0021304905395976926,-0.0021287389689394077,4.440675212122748e-08,0.0005312684788561298,4.423303246054865e-08,0.0,True,False,1,True,True,0.004621000000042841,4,2.837165911274625e-10,4.793928829386071e-11,`gtol` termination condition is satisfied.,True,True,0.009999999999999787,0.004876447885412916,1.0,0.0005496538064713125,0.006397878344293455,0.0005496536690861577,0.006397878392232714
8.60999999999986,1786132512.0924,0.008178799995221198,0.007218899991130456,0.01,TELEOP,0,,0.0,8.60999999999986,861,0.0,0.0,0.023166666666668986,0.09352910295205256,0.0,0.0,0.995616546116518,2.3826235740239556e-18,4.983204885714072e-10,0.024824357214191368,0.08777008885277182,0.0,0.0,0.9961407588803787,-0.016000000000000007,-0.22303399361211118,0.2874263888431209,-0.08684855724999965,0.0,0.0,0.996221525617467,-0.016000000000000004,-0.22301781742176122,0.28748675912436333,-0.08727003044968265,0.0,0.0,0.9961846926074058,-0.016000000002396465,-0.223017817697131,0.2874867590565869,-0.08727003047355976,3.0894377958022932e-15,3.526586273088942e-14,0.9961846926053141,-0.015999999833660888,-0.22287387140788173,0.28801712706728855,-0.09045609737479905,-8.914553626337032e-12,2.2817541517132283e-10,0.9959004440443436,-0.015999999833660888,-0.22287387140788173,0.28801712706728855,-0.09045609737479905,-8.914553626337032e-12,2.2817541517132283e-10,0.9959004440443436,-2.716644174093839e-11,-0.5280243215114698,0.6933080640221085,-8.042273683138447e-11,0.3400461174349783,-8.054121503124703e-11,1.594356338377667e-09,-0.5282764100376207,0.6920378939444755,3.298797580019236e-09,0.3449213046552012,3.3327255155467547e-09,1.594356338377667e-09,-0.5282764100376207,0.6920378939444755,3.298797580019236e-09,0.3449213046552012,3.3327255155467547e-09,-1.89938557638515e-08,0.002037491398614173,0.011799351647238207,-3.8905352350020215e-08,-0.04438403907567711,-3.92223058213301e-08,3.5439496507959315e-08,0.0021185206290365278,-0.0021029245123602653,6.820973042815219e-08,0.0005346271289064532,6.827173558850881e-08,0.0,True,False,1,True,True,0.003944299998693168,4,2.8359814436203286e-10,4.793712235699603e-11,`gtol` termination condition is satisfied.,True,True,0.009999999999999787,0.004875819644245383,1.0,0.0005495550572638781,0.006397445824006904,0.0005495549197255394,0.0063974458719440255
8.61999999999986,1786132512.100004,0.007446100004017353,0.007376399997156113,0.01,TELEOP,0,,0.0,8.61999999999986,862,0.0,0.0,0.023000000000002324,0.09410831331850625,0.0,0.0,0.9955619646030808,2.164976406827634e-18,4.528000611440057e-10,0.024657690619615556,0.0883496050998551,0.0,0.0,0.9960895277427124,-0.016000000000000007,-0.2230469345719596,0.2873780925762312,-0.08655876451897711,0.0,0.0,0.9962467466872594,-0.016000000000000004,-0.22303075838158282,0.287438462865157,-0.08698024843274092,0.0,0.0,0.9962100362787853,-0.016000000002388232,-0.2230307586567888,0.2874384627972107,-0.08698024845661764,3.035168934992976e-15,3.4762697290362277e-14,0.9962100362767006,-0.015999999852979244,-0.22288677469041224,0.28796873071629314,-0.09016620772207103,-7.243034541349136e-12,2.0168301662248717e-10,0.9959267317353322,-0.015999999852979244,-0.22288677469041224,0.28796873071629314,-0.09016620772207103,-7.243034541349136e-12,2.0168301662248717e-10,0.9959267317353322,-2.7070361744953556e-11,-0.5280016203215362,0.6934239889047306,-8.02447388836203e-11,0.3396029671944408,-8.035304682203963e-11,1.4089860862359583e-09,-0.5282558247712161,0.6921556803273546,2.9186996118183444e-09,0.3444775180646411,2.9494857777236756e-09,1.4089860862359583e-09,-0.5282558247712161,0.6921556803273546,2.9186996118183444e-09,0.3444775180646411,2.9494857777236756e-09,-1.8537025214171262e-08,0.0020585266404550212,0.011778638287923289,-3.8009796820089976e-08,-0.04437865905600988,-3.832397378230872e-08,4.5683054968024963e-08,0.002103524184084843,-0.0020713359314918573,8.955555299302567e-08,0.0005380019667234129,8.983320390214013e-08,0.0,True,False,1,True,True,0.004188999999314547,4,2.8347971022464487e-10,4.793514632331983e-11,`gtol` termination condition is satisfied.,True,True,0.009999999999999787,0.0048751872202228985,1.0,0.0005494683326467369,0.0063970638972561875,0.0005494681949591444,0.00639706394519131
8.62999999999986,1786132512.1069005,0.007592199995997362,0.006680899998173118,0.01,TELEOP,0,,0.0,8.62999999999986,863,0.0,0.0,0.022833333333335662,0.09468749183270356,0.0,0.0,0.9955070461279678,1.967210806281214e-18,4.114378198029164e-10,0.024491024018333474,0.08892909145123958,0.0,0.0,0.996037959464225,-0.016000000000000007,-0.22305987553112372,0.28732979630707534,-0.08626896445998522,0.0,0.0,0.9962718834590294,-0.016000000000000004,-0.22304369934072438,0.28739016660297606,-0.08669045905042491,0.0,0.0,0.9962352956554122,-0.016000000002380006,-0.22304369961576648,0.28739016653486005,-0.08669045907430131,2.9811176669264786e-15,3.42586365866612e-14,0.9962352956533346,-0.015999999871739248,-0.22289968270703675,0.28792034768967034,-0.08987633483986043,-5.691142998177307e-12,1.758919856059241e-10,0.9959529328415843,-0.015999999871739248,-0.22289968270703675,0.28792034768967034,-0.08987633483986043,-5.691142998177307e-12,1.758919856059241e-10,0.9959529328415843,-2.697443403278076e-11,-0.5279787652106726,0.6935398176841354,-8.006665675170725e-11,0.3391598747606538,-8.016486509215473e-11,1.229091407048637e-09,-0.5282350309189526,0.692273263243305,2.549451708546902e-09,0.34403378561146114,2.577143444144077e-09,1.229091407048637e-09,-0.5282350309189526,0.692273263243305,2.549451708546902e-09,0.34403378561146114,2.577143444144077e-09,-1.7989467918732516e-08,0.002079385226350144,0.011758291595027445,-3.6924790327145036e-08,-0.04437324531800025,-3.7234233357960676e-08,5.475572954387586e-08,0.002085858589512319,-0.002034669289584408,1.0850064929449621e-07,0.0005413738009629512,1.0897404243480664e-07,0.0,True,False,1,True,True,0.003351099992869422,4,2.833612755853876e-10,4.7933294282222623e-11,`gtol` termination condition is satisfied.,True,True,0.009999999999999787,0.004874550870200334,1.0,0.0005493932352296128,0.0063967309999178185,0.0005493930973966288,0.006396731047851082
8.63999999999986,1786132512.1142774,0.006906900001922622,0.007150699995690957,0.01,TELEOP,0,,0.0,8.63999999999986,864,0.0,0.0,0.022666666666668996,0.09526663829861345,0.0,0.0,0.9954517907097667,1.7875106371344818e-18,3.7385392383433467e-10,0.024324357410964892,0.0895085477100403,0.0,0.0,0.9959860540624249,-0.016000000000000007,-0.2230728164896656,0.2872815000358624,-0.08597915709791984,0.0,0.0,0.9962969359306146,-0.016000000000000004,-0.22305664029924738,0.2873418703380947,-0.08640066232779638,0.0,0.0,0.9962604707350976,-0.01600000000237178,-0.22305664057412541,0.28734187026980906,-0.08640066235167235,2.927284551535937e-15,3.375367859741904e-14,0.9962604707330269,-0.01599999988985733,-0.22291259529374435,0.28787197748471394,-0.08958647787163844,-4.260148605105569e-12,1.5092111640862035e-10,0.9959790474616192,-0.01599999988985733,-0.22291259529374435,0.28787197748471394,-0.08958647787163844,-4.260148605105569e-12,1.5092111640862035e-10,0.9959790474616192,-2.6878408588698752e-11,-0.5279557561641308,0.6936555504249636,-7.988774927068713e-11,0.33871684021409243,-7.997592758048678e-11,1.0554659385183332e-09,-0.5282140304796915,0.6923906467994654,2.192715162091013e-09,0.3435901076307866,2.21737742050358e-09,1.0554659385183332e-09,-0.5282140304796915,0.6923906467994654,2.192715162091013e-09,0.3435901076307866,2.21737742050358e-09,-1.7362546853030747e-08,0.00210004392611389,0.011738355616038124,-3.5673654645589634e-08,-0.044367798067450726,-3.597660236405048e-08,6.269210657017821e-08,0.0020658699763746484,-0.001993597898932162,1.2511356815554274e-07,0.0005447250549527166,1.2576309939102204e-07,0.0,True,False,1,True,True,0.0033648999960860237,4,2.8324281317235113e-10,4.793118993609202e-11,`gtol` termination condition is satisfied.,True,True,0.009999999999999787,0.00487391085080735,1.0,0.0005493293202572324,0.006396445357753047,0.0005493291822824891,0.00639644540568423
8.64999999999986,1786132512.1211824,0.007369900005869567,0.006686100008664653,0.01,TELEOP,0,,0.0,8.64999999999986,865,0.0,0.0,0.022500000000002338,0.09584575252021589,0.0,0.0,0.9953961983671796,1.6242256639028275e-18,3.3970323009845485e-10,0.024157690798072545,0.09008797367945513,0.0,0.0,0.9959338115549295,-0.016000000000000007,-0.22308575744764148,0.2872332037627822,-0.08568934245764133,0.0,0.0,0.9963219040998633,-0.016000000000000004,-0.22306958125720766,0.287293574070762,-0.08611085828986578,0.0,0.0,0.9962855615156645,-0.016000000002363485,-0.22306958153192158,0.287293574002307,-0.08611085831374127,2.8736701439443988e-15,3.3247821003193017e-14,0.9962855615136008,-0.01599999990726125,-0.22292551226847152,0.2878236195515448,-0.0892966358709368,-2.9501196442478585e-12,1.268745146084909e-10,0.9960050757009893,-0.01599999990726125,-0.22292551226847152,0.2878236195515448,-0.0892966358709368,-2.9501196442478585e-12,1.268745146084909e-10,0.9960050757009893,-2.6781788244268185e-11,-0.5279325931672569,0.6937711871919751,-7.970653753246098e-11,0.3382738636351529,-7.978475382154055e-11,8.887936498185922e-10,-0.5281928256512547,0.6925078354786715,1.8499259549257298e-09,0.3431464844540875,1.871639383733644e-09,8.887936498185922e-10,-0.5281928256512547,0.6925078354786715,1.8499259549257298e-09,0.3431464844540875,1.871639383733644e-09,-1.666722886997445e-08,0.0021204828436839638,0.011718867920611113,-3.427892071652905e-08,-0.04436231766990882,-3.457380367699431e-08,6.953179830563114e-08,0.002043891757007426,-0.0019487695427012307,1.3947339290606126e-07,0.0005480397541907216,1.4027986870562064e-07,0.0,True,False,1,True,True,0.0034614000032888725,4,2.8312437659842975e-10,4.792906953381664e-11,`gtol` termination condition is satisfied.,True,True,0.009999999999999787,0.004873267416694194,1.0,0.000549276102645887,0.0063962050162358775,0.0005492759645330517,0.006396205064164867
8.65999999999986,1786132512.1285052,0.006946199995581992,0.007062899996526539,0.01,TELEOP,0,,0.0,8.65999999999986,866,0.0,0.0,0.022333333333335672,0.09642483430150166,0.0,0.0,0.9953402691190224,1.4758563963063597e-18,3.0867212348597895e-10,0.02399102418016736,0.09066736916275796,0.0,0.0,0.9958812319594663,-0.016000000000000007,-0.2230986984051026,0.2871849074880072,-0.08539952056397775,0.0,0.0,0.9963467879646337,-0.016000000000000004,-0.22308252221465608,0.28724527780120396,-0.08582104696159717,0.0,0.0,0.9963105679949478,-0.016000000002355227,-0.22308252248920588,0.2872452777325797,-0.08582104698547234,2.8202750073614345e-15,3.274106082555088e-14,0.9963105679928912,-0.015999999923889615,-0.22293843343384553,0.2877752733008579,-0.08900680781558201,-1.7600429073733219e-12,1.0384202902504729e-10,0.9960310176708757,-0.015999999923889615,-0.22293843343384553,0.2877752733008579,-0.08900680781558201,-1.7600429073733219e-12,1.0384202902504729e-10,0.9960310176708757,-2.6685479834469028e-11,-0.5279092762054874,0.6938867280500394,-7.952570822381346e-11,0.3378309451041572,-7.959403385650885e-11,7.296532245545722e-10,-0.5281714187984808,0.6926248340774671,1.5223035451412373e-09,0.34270291640773887,1.5411626179612713e-09,7.296532245545722e-10,-0.5281714187984808,0.6926248340774671,1.5223035451412373e-09,0.34270291640773887,1.5411626179612713e-09,-1.5914042526402333e-08,0.0021406852773820013,0.011699859879565686,-3.276224097844996e-08,-0.04435680463486805,-3.3047676577237973e-08,7.531863435721339e-08,0.0020202433698038114,-0.001900804104542752,1.516679738079127e-07,0.0005513035040774494,1.5261270997563642e-07,0.0,True,False,1,True,True,0.0035748999944189563,4,2.83006060629515e-10,4.7927219700127086e-11,`gtol` termination condition is satisfied.,True,True,0.009999999999999787,0.0048726208189346365,1.0,0.000549233063707186,0.00639600786914725,0.0005492329254595886,0.006396007917074437
8.66999999999986,1786132512.1354856,0.007305299994186498,0.006737699994118884,0.01,TELEOP,0,,0.0,8.66999999999986,867,0.0,0.0,0.022166666666669006,0.09700388344647255,0.0,0.0,0.9952840029842253,1.3410403190431963e-18,2.804756369051331e-10,0.023824357557713217,0.0912467339632925,0.0,0.0,0.9958283152938725,-0.016000000000000007,-0.22311163936209555,0.28713661121169387,-0.08510969144172814,0.0,0.0,0.9963715875227946,-0.016000000000000004,-0.22309546317163884,0.2871969815296259,-0.08553122836791263,0.0,0.0,0.9963354901707939,-0.016000000002346932,-0.22309546344602432,0.28719698146083245,-0.08553122839178723,2.767099683226905e-15,3.223339609751486e-14,0.9963354901687443,-0.015999999939691416,-0.222951358579809,0.28772693811129935,-0.08871699262127095,-6.879409985642072e-13,8.189974655310483e-11,0.9960568734867691,-0.015999999939691416,-0.222951358579809,0.28772693811129935,-0.08871699262127095,-6.879409985642072e-13,8.189974655310483e-11,0.9960568734867691,-2.6588819406624378e-11,-0.5278858052643414,0.6940021730641165,-7.934328687981164e-11,0.33738808470134746,-7.940179114116923e-11,5.785228205350456e-10,-0.5281498124227845,0.6927416476471038,1.2108604553941951e-09,0.342259403811736,1.2269716631622737e-09,5.785228205350456e-10,-0.5281498124227845,0.6927416476471038,1.2108604553941951e-09,0.342259403811736,1.2269716631622737e-09,-1.5113040401952987e-08,0.002160637569641468,0.011681356963663948,-3.114430897470489e-08,-0.044351259600289746,-3.1419095479900425e-08,8.010021244493635e-08,0.0019952292259467117,-0.001850291590173838,1.6179320037451015e-07,0.0005545034578302346,1.6285810973375808e-07,0.0,True,False,1,True,True,0.003439100008108653,4,2.8288768963075117e-10,4.7924895627489244e-11,`gtol` termination condition is satisfied.,True,True,0.009999999999999787,0.00487197130358169,1.0,0.0005491996575390758,0.006395851685844512,0.0005491995191598726,0.006395851733769312
8.67999999999986,1786132512.1425245,0.006954900003620423,0.006821499991929159,0.01,TELEOP,0,,0.0,8.67999999999986,868,0.0,0.0,0.022000000000002348,0.09758289975914133,0.0,0.0,0.995227399981832,1.2185393794412006e-18,2.548548343512446e-10,0.023657690931131264,0.09182606788446677,0.0,0.0,0.9957750615760957,-0.016000000000000007,-0.2231245803186626,0.2870883149339844,-0.0848198551156652,0.0,0.0,0.996396302772224,-0.016000000000000004,-0.22310840412819796,0.28714868525621434,-0.08524140253369625,0.0,0.0,0.9963603280410599,-0.016000000002338654,-0.22310840440241914,0.28714868518725206,-0.08524140255757047,2.714144724435298e-15,3.172482379701334e-14,0.9963603280390173,-0.01599999995462559,-0.22296428748611444,0.2876786133364503,-0.08842718915444503,2.6901366225617587e-13,6.111054183604802e-11,0.9960826432672362,-0.01599999995462559,-0.22296428748611444,0.2876786133364503,-0.08842718915444503,2.6901366225617587e-13,6.111054183604802e-11,0.9960826432672362,-2.6492210600600075e-11,-0.5278621803294136,0.6941175222992416,-7.916047052465074e-11,0.33694528250688965,-7.920922399285805e-11,4.3578512357870405e-10,-0.5281280091333033,0.6928582814376884,9.16412477807192e-10,0.34181594697856077,9.298925873246151e-10,4.3578512357870405e-10,-0.5281280091333033,0.6928582814376884,9.16412477807192e-10,0.34181594697856077,9.298925873246151e-10,-1.4273769695634455e-08,0.002180328948123362,0.011663379058454344,-2.9444797758700938e-08,-0.044345683317519986,-2.970790758376649e-08,8.392707063185506e-08,0.001969137848189451,-0.0017977905209604652,1.6995112160039868e-07,0.0005576282769756298,1.711187896133972e-07,0.0,True,False,1,True,True,0.003601499993237667,4,2.827693714209822e-10,4.7922900684463446e-11,`gtol` termination condition is satisfied.,True,True,0.009999999999999787,0.004871319110388517,1.0,0.0005491753170689948,0.0063957341371139185,0.0005491751785614348,0.006395734185036801
8.68999999999986,1786132512.149818,0.007043300007353537,0.007071600004564971,0.01,TELEOP,0,,0.0,8.68999999999986,869,0.0,0.0,0.021833333333335682,0.09816188304353204,0.0,0.0,0.9951704601310009,1.107228618083867e-18,2.3157443302689206e-10,0.023491024300803846,0.09240537072974801,0.0,0.0,0.9957214708241948,-0.016000000000000007,-0.2231375212748423,0.2870400186550079,-0.08453001161053804,0.0,0.0,0.99642093371081,-0.016000000000000004,-0.22312134508437165,0.28710038898113854,-0.08495156948379783,0.0,0.0,0.9963850816036136,-0.016000000002330324,-0.22312134535842837,0.2871003889120074,-0.08495156950767146,2.6614106714304824e-15,3.121534156803907e-14,0.996385081601578,-0.01599999996866041,-0.22297721992468522,0.2876302983114036,-0.08813739624443616,1.1143887522592731e-12,4.152467372597248e-11,0.9961083271327729,-0.01599999996866041,-0.22297721992468522,0.2876302983114036,-0.08813739624443616,1.1143887522592731e-12,4.152467372597248e-11,0.9961083271327729,-2.6395195465590533e-11,-0.5278384013863703,0.6942327758205148,-7.897589099806337e-11,0.3365025386008719,-7.901496333122682e-11,3.0173264915313887e-10,-0.5281060116197028,0.692974740845605,6.39589412457958e-10,0.341372546212194,6.505637987049846e-10,3.0173264915313887e-10,-0.5281060116197028,0.692974740845605,6.39589412457958e-10,0.341372546212194,6.505637987049846e-10,-1.3405247442556807e-08,0.0021997513600387655,0.011645940791657067,-2.7682306534923992e-08,-0.04434007663667724,-2.7932878861963653e-08,8.685222530776668e-08,0.0019422411915403863,-0.001743826679727782,1.7624912237769842e-07,0.0005606680842745622,1.7750287218028727e-07,0.0,True,False,1,True,True,0.003465000001597218,4,2.826510788540058e-10,4.79205421146751e-11,`gtol` termination condition is satisfied.,True,True,0.009999999999999787,0.004870664471671116,1.0,0.0005491594597383072,0.006395652819564746,0.0005491593211050633,0.006395652867485268
8.699999999999859,1786132512.156792,0.007287399988854304,0.006757800001651049,0.01,TELEOP,0,,0.0,8.699999999999859,870,0.0,0.0,0.021666666666669016,0.09874083310367976,0.0,0.0,0.9951131834510039,1.0060858380023058e-18,2.104206426759078e-10,0.023324357667078074,0.092984642302658,0.0,0.0,0.9956675430563392,-0.016000000000000007,-0.2231504622306696,0.28699172237488146,-0.0842401609510743,0.0,0.0,0.9964454803364493,-0.016000000000000004,-0.22313428604019464,0.2870520927045523,-0.08466172924303614,0.0,0.0,0.9964097508563328,-0.016000000002321997,-0.22313428631408683,0.2870520926352525,-0.08466172926690947,2.6088980730191488e-15,3.070494633777342e-14,0.9964097508543042,-0.01599999998177296,-0.22299015566183483,0.28758199235892146,-0.08784761269485593,1.8523864396185464e-12,2.3180420984907116e-11,0.9961339252047461,-0.01599999998177296,-0.22299015566183483,0.28758199235892146,-0.08784761269485593,1.8523864396185464e-12,2.3180420984907116e-11,0.9961339252047461,-2.629820636832246e-11,-0.527814468420944,0.6943479336930898,-7.879083376619205e-11,0.336059853063307,-7.882029572362386e-11,1.7657322221080491e-10,-0.5280838226266888,0.6930910313643027,3.808461841779366e-10,0.34092920180726827,3.8944724181456873e-10,1.7657322221080491e-10,-0.5280838226266888,0.6930910313643027,3.808461841779366e-10,0.34092920180726827,3.8944724181456873e-10,-1.2515942694233662e-08,0.002218899301395807,0.01162905186977233,-2.5874322828002692e-08,-0.044334440492570105,-2.6111655689042143e-08,8.893047483231636e-08,0.001914794135704208,-0.0016888921884736288,1.8079837069213396e-07,0.0005636144107135204,1.8212231729215488e-07,0.0,True,False,1,True,True,0.0034802000009221956,4,2.825327984990259e-10,4.791875243530491e-11,`gtol` termination condition is satisfied.,True,True,0.009999999999999787,0.004870007611322058,1.0,0.000549151492816895,0.006395605278493031,0.000549151354060707,0.006395605326411805
8.709999999999859,1786132512.1640928,0.007118699999409728,0.006940299994312227,0.01,TELEOP,0,,0.0,8.709999999999859,871,0.0,0.0,0.021500000000002358,0.09931974974363084,0.0,0.0,0.9950555699612271,9.141822175627078e-19,1.911992022892464e-10,0.02315769103026905,0.09356388240676901,0.0,0.0,0.9956132782908093,-0.016000000000000007,-0.22316340318617633,0.28694342609371154,-0.08395030316198238,0.0,0.0,0.9964699426470481,-0.016000000000000004,-0.22314722699569856,0.2870037964265951,-0.08437188183620195,0.0,0.0,0.9964343357971052,-0.016000000002313677,-0.22314722726942604,0.2870037963571269,-0.08437188186007478,2.5566074668207557e-15,3.019363550217383e-14,0.9964343357950837,-0.015999999993948577,-0.22300309446034314,0.2875336947951653,-0.08755783729421768,2.4877426986067593e-12,6.104749818028813e-12,0.9961594376044225,-0.015999999993948577,-0.22300309446034314,0.2875336947951653,-0.08755783729421768,2.4877426986067593e-12,6.104749818028813e-12,0.9961594376044225,-2.620113380422994e-11,-0.5277903814189282,0.6944629959821608,-7.860496949866558e-11,0.3356172259741287,-7.862489168413271e-11,6.043559226356089e-11,-0.5280614449302611,0.6932071585385108,1.4047425857627357e-10,0.34048591404835626,1.4683989707127952e-10,6.043559226356089e-11,-0.5280614449302611,0.6932071585385108,1.4047425857627357e-10,0.34048591404835626,1.4683989707127952e-10,-1.161376299472465e-08,0.0022377696427799388,0.011612717420803834,-2.4037192560166814e-08,-0.04432877589120286,-2.4260734474329437e-08,9.02179699509031e-08,0.001887034138413234,-0.0016334448968495711,1.8371302678359173e-07,0.0005664601367243751,1.850921214712747e-07,0.0,True,False,1,True,True,0.0035665999894263223,4,2.8241444944178325e-10,4.7916567121273664e-11,`gtol` termination condition is satisfied.,True,True,0.009999999999999787,0.004869348743961277,1.0,0.0005491508183455785,0.006395589029210354,0.0005491506794690185,0.006395589077126879
8.719999999999859,1786132512.1710117,0.0071635000058449805,0.006695799995213747,0.01,TELEOP,0,,0.0,8.719999999999859,872,0.0,0.0,0.021333333333335692,0.099898632767443,0.0,0.0,0.9949976196811707,8.306737808448853e-19,1.7373359615325298e-10,0.022991024390662813,0.09414309084570005,0.0,0.0,0.9955586765459976,-0.016000000000000007,-0.22317634414139148,0.28689512981159476,-0.08366043826795319,0.0,0.0,0.9964943206405213,-0.016000000000000004,-0.22316016795091215,0.2869555001473938,-0.08408202728806069,0.0,0.0,0.9964588364238284,-0.016000000002305323,-0.22316016822447501,0.2869555000777572,-0.08408202731193308,2.5045393929469745e-15,2.968140618519402e-14,0.996458836421814,-0.01600000000518027,-0.22301603608138545,0.28748540493499375,-0.0872680688257755,3.0256319250978167e-12,-9.685993699821242e-12,0.9961848644520854,-0.01600000000518027,-0.22301603608138545,0.28748540493499375,-0.0872680688257755,3.0256319250978167e-12,-9.685993699821242e-12,0.9961848644520854,-2.6103911614373703e-11,-0.5277661403661716,0.6945779627529527,-7.841809697277394e-11,0.3351746574131951,-7.842855002881845e-11,-4.662487063167642e-11,-0.5280388813157294,0.6933231279219129,-8.138675902767518e-11,0.3400426832093872,-7.71145331593755e-11,-4.662487063167642e-11,-0.5280388813157294,0.6933231279219129,-8.138675902767518e-11,0.3400426832093872,-7.71145331593755e-11,-1.070604628952396e-08,0.002256361453165942,0.011596938340210399,-2.2186101760395347e-08,-0.044323083896909005,-2.239544302306598e-08,9.077167052007108e-08,0.0018591810386003767,-0.0015779080593436203,1.8510907997715072e-07,0.0005691994293857694,1.8652914512634964e-07,0.0,True,False,1,True,True,0.0034616999910213053,4,2.8229631430168505e-10,4.7914485515533696e-11,`gtol` termination condition is satisfied.,True,True,0.009999999999999787,0.004868688074227578,1.0,0.0005491568377016313,0.006395601576789479,0.0005491566987068564,0.006395601624703952
8.729999999999858,1786132512.1785004,0.006917299993801862,0.007267399996635504,0.01,TELEOP,0,,0.0,8.729999999999858,873,0.0,0.0,0.021166666666669026,0.10047748197918527,0.0,0.0,0.9949393326304486,7.547936471820567e-19,1.5786343285781504e-10,0.02282435774851902,0.09472226742311349,0.0,0.0,0.9955037378404082,-0.016000000000000007,-0.22318928509634134,0.2868468335286187,-0.08337056629366209,0.0,0.0,0.9965186143147925,-0.016000000000000004,-0.22317310890586153,0.28690720386706337,-0.08379216562335502,0.0,0.0,0.9964832527344092,-0.016000000002296934,-0.22317310917925956,0.2869072037972586,-0.08379216564722686,2.452694390843819e-15,2.916825555397227e-14,0.9964832527324018,-0.016000000015468127,-0.2230289802863139,0.28743712209682987,-0.08697830607658272,3.4715771432803236e-12,-2.4185372922477706e-11,0.996210205866236,-0.016000000015468127,-0.2230289802863139,0.28743712209682987,-0.08697830607658272,3.4715771432803236e-12,-2.4185372922477706e-11,0.996210205866236,-2.6006325480038495e-11,-0.5277417452485801,0.694692834070717,-7.822956920073556e-11,0.33473214746028623,-7.823062384310418e-11,-1.446204439443133e-10,-0.528016134557498,0.6934389450382871,-2.8473743356860814e-10,0.3395995095531857,-2.824138448338911e-10,-1.446204439443133e-10,-0.528016134557498,0.6934389450382871,-2.8473743356860814e-10,0.3395995095531857,-2.824138448338911e-10,-9.7995573312639e-09,0.0022746758231446946,0.01158171163741798,-2.0335067454093732e-08,-0.044317365620153364,-2.0529931167452e-08,9.064889582600785e-08,0.0018314369978752964,-0.0015226702792420887,1.851034306301654e-07,0.0005718276755643908,1.8655118556140203e-07,0.0,True,False,1,True,True,0.004030799987958744,4,2.821780698293733e-10,4.791219197063046e-11,`gtol` termination condition is satisfied.,True,True,0.009999999999999787,0.00486802579619211,1.0,0.0005491689557888826,0.006395640434247235,0.0005491688166780487,0.006395640482159403
8.739999999999858,1786132512.185287,0.0074874000129057094,0.0065663999994285405,0.01,TELEOP,0,,0.0,8.739999999999858,874,0.0,0.0,0.021000000000002367,0.10105629718293814,0.0,0.0,0.9948807088287891,6.858449886872928e-19,1.4344297237838776e-10,0.02265769110407336,0.0953014119427119,0.0,0.0,0.9954484621926569,-0.016000000000000007,-0.22320222605104983,0.2867985372448631,-0.08308068726377028,0.0,0.0,0.9965428236677939,-0.016000000000000004,-0.2231860498605705,0.28685890758570837,-0.08350229686680696,0.0,0.0,0.9965075847267636,-0.016000000002288548,-0.2231860501338036,0.2868589075157356,-0.08350229689067838,2.4010730019466528e-15,2.8654180428335475e-14,0.9965075847247632,-0.01600000002481876,-0.22304192683829113,0.28738884560709677,-0.086688547845768,3.831366029318872e-12,-3.739613784016225e-11,0.9962354619628796,-0.01600000002481876,-0.22304192683829113,0.28738884560709677,-0.086688547845768,3.831366029318872e-12,-3.739613784016225e-11,0.9962354619628796,-2.5908722008759965e-11,-0.5277171960521064,0.694807610000718,-7.804042143155676e-11,0.33428969619510546,-7.803214879371904e-11,-2.3362533252301153e-10,-0.5279932074006095,0.6935546153460914,-4.697068226468453e-10,0.3391563933311254,-4.691855632019185e-10,-2.3362533252301153e-10,-0.5279932074006095,0.6935546153460914,-4.697068226468453e-10,0.3391563933311254,-4.691855632019185e-10,-8.900488857870015e-09,0.0022927156888489786,0.011567030780432407,-1.8496938907824118e-08,-0.04431162220602963,-1.8677171836803142e-08,8.990684733939038e-08,0.0018039865704284341,-0.0014680856985573062,1.8381285462696524e-07,0.0005743414123732596,1.852759330648897e-07,0.0,True,False,1,True,True,0.0033984000037889928,4,2.8205983695536e-10,4.791015979396428e-11,`gtol` termination condition is satisfied.,True,True,0.009999999999999787,0.004867362092899452,1.0,0.0005491865848551589,0.006395703139149627,0.0005491864456302531,0.006395703187059797
8.749999999999858,1786132512.1926806,0.006778399998438545,0.0071820000011939555,0.01,TELEOP,0,,0.0,8.749999999999858,875,0.0,0.0,0.020833333333335702,0.10163507818279367,0.0,0.0,0.994821748296034,6.231946310936771e-19,1.3033978770568448e-10,0.022491024457539765,0.09588052420823541,0.0,0.0,0.9953928496214718,-0.016000000000000007,-0.2232151670055387,0.2867502409604002,-0.08279080120292623,0.0,0.0,0.9965669486974659,-0.016000000000000004,-0.22319899081506064,0.2868106113034236,-0.08321242104311997,0.0,0.0,0.9965318323988164,-0.016000000002280187,-0.22319899108812874,0.286810611233283,-0.083212421066991,2.349675763245882e-15,2.8139177953974785e-14,0.9965318323968231,-0.01600000003324469,-0.22305487550377687,0.2873405748042288,-0.08639879295203855,4.110972891370243e-12,-4.932949607562904e-11,0.9962606328548924,-0.01600000003324469,-0.22305487550377687,0.2873405748042288,-0.08639879295203855,4.110972891370243e-12,-4.932949607562904e-11,0.9962606328548924,-2.5811097063705065e-11,-0.5276924927627518,0.6949222906082296,-7.785063904676676e-11,0.33384730369727894,-7.783311028182173e-11,-3.137699926405733e-10,-0.5279701025440322,0.6936701442064547,-6.365408724713404e-10,0.3387133347828907,-6.376752463384434e-10,-3.137699926405733e-10,-0.5279701025440322,0.6936701442064547,-6.365408724713404e-10,0.3387133347828907,-6.376752463384434e-10,-8.014466011756347e-09,0.002310485657734998,0.011552886036325687,-1.668340498244987e-08,-0.0443058548234761,-1.6848968313652853e-08,8.860228461136863e-08,0.0017769968886020078,-0.0014144744106719463,1.8135339253742868e-07,0.0005767382553535418,1.828203523150329e-07,0.0,True,False,1,True,True,0.003977100001065992,4,2.8194164323131145e-10,4.7908250178495285e-11,`gtol` termination condition is satisfied.,True,True,0.009999999999999787,0.0048666971360199485,1.0,0.0005492091479415836,0.00639578726866702,0.000549209008604303,0.00639578731657522
8.759999999999858,1786132512.1995518,0.0074471999978413805,0.006605600006878376,0.01,TELEOP,0,,0.0,8.759999999999858,876,0.0,0.0,0.02066666666666904,0.1022138247828554,0.0,0.0,0.9947624510521392,5.662672391429548e-19,1.1843354873241278e-10,0.022324357809112398,0.09645960402345911,0.0,0.0,0.9953369001456931,-0.016000000000000007,-0.2232281079598278,0.28670194467529553,-0.08250090813576698,0.0,0.0,0.9965909894017574,-0.016000000000000004,-0.22321193176935167,0.2867623150202952,-0.08292253817698068,0.0,0.0,0.9965559957485015,-0.016000000002271766,-0.22321193204225476,0.28676231494998683,-0.08292253820085117,2.298503211660849e-15,2.7623245184946167e-14,0.9965559957465152,-0.016000000040763775,-0.2230678260538689,0.2872923090422654,-0.08610904024042275,4.316486693906846e-12,-6.000438307616648e-11,0.9962857186514686,-0.016000000040763775,-0.2230678260538689,0.2872923090422654,-0.08610904024042275,4.316486693906846e-12,-6.000438307616648e-11,0.9962857186514686,-2.5713202991143838e-11,-0.5276676353665605,0.6950368759585275,-7.76594734784965e-11,0.33340497004635594,-7.763275992991159e-11,-3.8523553670910633e-10,-0.5279468226256594,0.6937855368545104,-7.855909639841223e-10,0.33827033413633845,-7.882349386135324e-10,-3.8523553670910633e-10,-0.5279468226256594,0.6937855368545104,-7.855909639841223e-10,0.33827033413633845,-7.882349386135324e-10,-7.146554406853455e-09,0.0023279918372791177,0.011539264805571327,-1.49050091512785e-08,-0.04430006465522443,-1.5055969227509227e-08,8.679116049029106e-08,0.0017506179544119946,-0.0013621230754360762,1.7783958311714085e-07,0.000579016825166638,1.792999086143663e-07,0.0,True,False,1,True,True,0.0034173999883932993,4,2.8182356861208016e-10,4.790600420123723e-11,`gtol` termination condition is satisfied.,True,True,0.009999999999999787,0.004866031085611733,1.0,0.0005492360819709777,0.006395890453098449,0.0005492359425228193,0.006395890501004428
8.769999999999857,1786132512.2070875,0.006825199990998954,0.007316500006709248,0.01,TELEOP,0,,0.0,8.769999999999857,877,0.0,0.0,0.020500000000002377,0.10279253678723858,0.0,0.0,0.9947028171171751,5.14540033125516e-19,1.0761491722915646e-10,0.022157691158967492,0.09703865119219086,0.0,0.0,0.9952806137842736,-0.016000000000000007,-0.2232410489139351,0.2866536483896087,-0.08221100808691936,0.0,0.0,0.9966149457786254,-0.016000000000000004,-0.22322487272346148,0.2867140187364013,-0.08263264829306073,0.0,0.0,0.9965800747737612,-0.016000000002263357,-0.22322487299619942,0.28671401866592544,-0.08263264831693069,2.2475558895022983e-15,2.7106378837810087e-14,0.9965800747717819,-0.016000000047398696,-0.2230807782655022,0.28724404769403666,-0.0858192885882677,4.454045161886703e-12,-6.94467364643889e-11,0.9963107194576417,-0.016000000047398696,-0.2230807782655022,0.28724404769403666,-0.0858192885882677,4.454045161886703e-12,-6.94467364643889e-11,0.9963107194576417,-2.561531919554424e-11,-0.527642623849619,0.6951513661168823,-7.746776258171561e-11,0.3329626953218083,-7.74319355965465e-11,-4.4824825615030653e-10,-0.527923370208984,0.6939007983739945,-9.173026923055449e-10,0.33782739160745356,-9.213118579003021e-10,-4.4824825615030653e-10,-0.527923370208984,0.6939007983739945,-9.173026923055449e-10,0.33782739160745356,-9.213118579003021e-10,-6.301271944120156e-09,0.0023452416675338967,0.0115261519484209,-1.3171172832142546e-08,-0.044294252888490565,-1.3307691928677255e-08,8.452824627333172e-08,0.001724983025477935,-0.0013112857150428202,1.7338363191359907e-07,0.0005811766733862985,1.7482772988320092e-07,0.0,True,False,1,True,True,0.0033448000031057745,4,2.817054375890482e-10,4.7903701965702425e-11,`gtol` termination condition is satisfied.,True,True,0.009999999999999787,0.004865364089982505,1.0,0.0005492668404839589,0.0063960103878979045,0.0005492667009264438,0.006396010435801664
8.779999999999857,1786132512.214231,0.007565500010969117,0.0068940000055590644,0.01,TELEOP,0,,0.0,8.779999999999857,878,0.0,0.0,0.020333333333335715,0.10337121400007014,0.0,0.0,0.9946428465113253,4.675379880522637e-19,9.778454276166522e-11,0.021991024507264985,0.09761766551826918,0.0,0.0,0.9952239905562785,-0.016000000000000007,-0.22325398986787692,0.28660535210339383,-0.08192110108100097,0.0,0.0,0.9966388178260349,-0.016000000000000004,-0.2232378136774063,0.28666572245181293,-0.0823427514160181,0.0,0.0,0.9966040694725464,-0.01600000000225494,-0.22323781394997894,0.28666572238116966,-0.08234275143988752,2.1968343332231337e-15,2.6588575948191122e-14,0.9966040694705741,-0.016000000053176342,-0.22309373192250853,0.28719579015395413,-0.08552953691051389,4.529774928918516e-12,-7.76887791938595e-11,0.9963356353738799,-0.016000000053176342,-0.22309373192250853,0.28719579015395413,-0.08552953691051389,4.529774928918516e-12,-7.76887791938595e-11,0.9963356353738799,-2.5517320836794784e-11,-0.5276174581980528,0.6952657611485548,-7.7275127233433e-11,0.3325204796030292,-7.723025832258973e-11,-5.030742841428409e-10,-0.5278997477714001,0.6940159336750117,-1.0322049185094042e-09,0.33738450740038944,-1.0374373561383296e-09,-5.030742841428409e-10,-0.5278997477714001,0.6940159336750117,-1.0322049185094042e-09,0.33738450740038944,-1.0374373561383296e-09,-5.482602799253555e-09,0.0023622437583860852,0.01151353010171931,-1.1490222620386181e-08,-0.044288420706411036,-1.1612549823802997e-08,8.186691448666183e-08,0.0017002090852188956,-0.0012621846701589615,1.680950211756401e-07,0.0005832182079528135,1.6951421048742938e-07,0.0,True,False,1,True,True,0.0035509000008460134,4,2.8158727853869646e-10,4.7901532108162146e-11,`gtol` termination condition is satisfied.,True,True,0.009999999999999787,0.004864696285645287,1.0,0.0005493008960348364,0.0063961448442506055,0.0005493007563691119,0.006396144892152172
8.789999999999857,1786132512.221579,0.00712579999526497,0.007116699998732656,0.01,TELEOP,0,,0.0,8.789999999999857,879,0.0,0.0,0.02016666666666905,0.10394985622548884,0.0,0.0,0.9945825392548877,4.2482947137105613e-19,8.885215032878716e-11,0.021824357854150024,0.09819664680556148,0.0,0.0,0.9951670304808857,-0.016000000000000007,-0.22326693082166824,0.28655705581669993,-0.0816311871426211,0.0,0.0,0.996662605541959,-0.016000000000000004,-0.22325075463120098,0.2866174261665945,-0.08205284757049854,0.0,0.0,0.996627979842816,-0.01600000000224649,-0.22325075490360824,0.28661742609578406,-0.08205284759436751,2.1463390820532774e-15,2.6069833427772083e-14,0.9966279798408509,-0.016000000058127316,-0.22310668681654153,0.28714753584041774,-0.0852397841642678,4.549737659417551e-12,-8.476831566819911e-11,0.9963604664957503,-0.016000000058127316,-0.22310668681654153,0.28714753584041774,-0.0852397841642678,4.549737659417551e-12,-8.476831566819911e-11,0.9963604664957503,-2.541892617017897e-11,-0.5275921383980245,0.6953800611187912,-7.708071141081224e-11,0.3320783229693354,-7.702687270991676e-11,-5.500144253722986e-10,-0.5278759576940776,0.6941309474748593,-1.1308991522025355e-09,0.33694168170758726,-1.137216212277158e-09,-5.500144253722986e-10,-0.5278759576940776,0.6941309474748593,-1.1308991522025355e-09,0.33694168170758726,-1.137216212277158e-09,-4.694014122945871e-09,0.0023790077322536295,0.011501379984756284,-9.869423369313344e-09,-0.04428256928021985,-9.97788561388305e-09,7.885886763077004e-08,0.0016763973867544774,-0.0012150116963024749,1.6207992510728707e-07,0.0005851426191185357,1.6346642099199811e-07,0.0,True,False,1,True,True,0.0035644000017782673,4,2.814691569791873e-10,4.7899494304284433e-11,`gtol` termination condition is satisfied.,True,True,0.009999999999999787,0.004864027797360226,1.0,0.0005493377422557636,0.006396291678236827,0.0005493376024829482,0.006396291726136286
8.799999999999857,1786132512.2286391,0.0073585999925853685,0.006818199995905161,0.01,TELEOP,0,,0.0,8.799999999999857,880,0.0,0.0,0.02000000000000239,0.10452846326764521,0.0,0.0,0.9945218953682743,3.8602227916768995e-19,8.07357113425742e-11,0.02165769119975433,0.09877559485796235,0.0,0.0,0.9951097335773859,-0.016000000000000007,-0.22327987177532252,0.28650875952957156,-0.08134126629638162,0.0,0.0,0.9966863089243783,-0.016000000000000004,-0.22326369558485895,0.2865691298808045,-0.08176293678113683,0.0,0.0,0.9966518058825379,-0.016000000002238033,-0.22326369585710087,0.2865691298098269,-0.0817629368050052,2.096070681638878e-15,2.5550147821821894e-14,0.9966518058805798,-0.01600000006228538,-0.22311964274787108,0.28709928419785724,-0.0849500293527026,4.519882036937981e-12,-9.072804454464738e-11,0.9963852129136477,-0.01600000006228538,-0.22311964274787108,0.28709928419785724,-0.0849500293527026,4.519882036937981e-12,-9.072804454464738e-11,0.9963852129136477,-2.5320547314802128e-11,-0.5275666644357306,0.6954942660928194,-7.688575696528538e-11,0.33163622549996713,-7.68230201628052e-11,-5.893991806794581e-10,-0.5278520022533489,0.6942458442817887,-1.2140493289543143e-09,0.3364989147099657,-1.221316322125846e-09,-5.893991806794581e-10,-0.5278520022533489,0.6942458442817887,-1.2140493289543143e-09,0.3364989147099657,-1.221316322125846e-09,-3.938475530716026e-09,0.002395544072862315,0.01148968069294335,-8.315017675178064e-09,-0.04427669976215995,-8.410010984868973e-09,7.555385922298618e-08,0.0016536340608685907,-0.001169929181293348,1.5544056941353138e-07,0.0005869518059897424,1.5678746290141103e-07,0.0,True,False,1,True,True,0.0035094000049866736,4,2.813511954110059e-10,4.78971157200075e-11,`gtol` termination condition is satisfied.,True,True,0.009999999999999787,0.004863358738251833,1.0,0.000549376895606827,0.006396448838647405,0.0005493767557277038,0.006396448886544503
8.809999999999857,1786132512.2357104,0.007084300013957545,0.006804899996495806,0.01,TELEOP,0,,0.0,8.809999999999857,881,0.0,0.0,0.019833333333335725,0.1051070349307017,0.0,0.0,0.9944609148720106,3.507600344507792e-19,7.33606903374448e-11,0.02149102454419743,0.09935450947939208,0.0,0.0,0.9950520998651827,-0.016000000000000007,-0.22329281272885215,0.2864604632420491,-0.08105133856687789,0.0,0.0,0.9967099279712817,-0.016000000000000004,-0.2232766365383925,0.286520833594496,-0.08147301907255786,0.0,0.0,0.9966755475896871,-0.016000000002229564,-0.22327663681046883,0.28652083352335145,-0.08147301909642578,2.0460296709510597e-15,2.5029516111545983e-14,0.996675547587736,-0.01600000006568704,-0.2231325995260534,0.287051034698422,-0.08466027152831312,4.446001451226689e-12,-9.561489165587561e-11,0.9964098747125866,-0.01600000006568704,-0.2231325995260534,0.287051034698422,-0.08466027152831312,4.446001451226689e-12,-9.561489165587561e-11,0.9964098747125866,-2.5222085065753763e-11,-0.5275410362974045,0.6956083761358444,-7.668996102452106e-11,0.33119418727408506,-7.661839803953675e-11,-6.215839765470371e-10,-0.5278278836135425,0.6943606283815716,-1.2823719953661553e-09,0.3360562065771745,-1.2904587983476554e-09,-6.215839765470371e-10,-0.5278278836135425,0.6943606283815716,-1.2823719953661553e-09,0.3360562065771745,-1.2904587983476554e-09,-3.2184795867579664e-09,0.002411863980640793,0.011478409978292279,-6.832266641184234e-09,-0.044270813279119275,-6.914247622181097e-09,7.199959439580746e-08,0.0016319907778478355,-0.0011270714651071107,1.482751033993862e-07,0.0005886483040676987,1.4957633626879073e-07,0.0,True,False,1,True,True,0.003376000007847324,4,2.8123308324117156e-10,4.7895062391936485e-11,`gtol` termination condition is satisfied.,True,True,0.009999999999999787,0.00486268920999855,1.0,0.0005494178968217123,0.006396614373500082,0.0005494177568371528,0.006396614421395153
8.819999999999856,1786132512.2429678,0.007069999992381781,0.006992299997364171,0.01,TELEOP,0,,0.0,8.819999999999856,882,0.0,0.0,0.01966666666666906,0.10568557101883276,0.0,0.0,0.9943995977867365,3.187189144450024e-19,6.66593604907291e-11,0.021324357887587783,0.09993339047379532,0.0,0.0,0.9949941293637928,-0.016000000000000007,-0.2233057536822683,0.28641216695416927,-0.0807614039786992,0.0,0.0,0.9967334626806654,-0.016000000000000004,-0.22328957749181277,0.28647253730771716,-0.08118309446937765,0.0,0.0,0.9966992049622475,-0.016000000002221074,-0.22328957776372355,0.28647253723640587,-0.08118309449324514,1.9962165914262145e-15,2.4507935033140407e-14,0.9966992049603034,-0.016000000068370983,-0.22314555697048125,0.28700278684333763,-0.08437050979555707,4.3336972028349035e-12,-9.94793659838021e-11,0.9964344519720492,-0.016000000068370983,-0.22314555697048125,0.28700278684333763,-0.08437050979555707,4.3336972028349035e-12,-9.94793659838021e-11,0.9964344519720492,-2.5123414999477684e-11,-0.5275152539693061,0.6957223913130403,-7.649294240957912e-11,0.3307522083707724,-7.641262560933742e-11,-6.469446188593489e-10,-0.5278036038211905,0.6944753038267301,-1.3366269461537003e-09,0.3356135574679048,-1.3454085253514096e-09,-6.469446188593489e-10,-0.5278036038211905,0.6944753038267301,-1.3366269461537003e-09,0.3356135574679048,-1.3454085253514096e-09,-2.536064231231234e-09,0.002427979235196001,0.011467544515843349,-5.4254950787546224e-09,-0.0442649109269719,-5.494972700375538e-09,6.824153555267468e-08,0.0016115254555208324,-0.0010865462448930805,1.406771562429642e-07,0.0005902352147374099,1.41927492180559e-07,0.0,True,False,1,True,True,0.003698100001201965,4,2.8111510279409306e-10,4.789305823046413e-11,`gtol` termination condition is satisfied.,True,True,0.009999999999999787,0.004862019303089438,1.0,0.0005494603120676116,0.00639678643532676,0.0005494601719782238,0.006396786483219833
8.829999999999856,1786132512.2496896,0.007223299995530397,0.0064907000050880015,0.01,TELEOP,0,,0.0,8.829999999999856,883,0.0,0.0,0.0195000000000024,0.1062640713362249,0.0,0.0,0.9943379441332055,2.8960467683856197e-19,6.057018166883494e-11,0.021157691230023798,0.10051223764513989,0.0,0.0,0.9949358220928459,-0.016000000000000007,-0.22331869463558113,0.28636387066596536,-0.08047146255642955,0.0,0.0,0.9967569130505337,-0.016000000000000004,-0.22330251844512988,0.2864242410205117,-0.08089316299620422,0.0,0.0,0.9967227779982104,-0.016000000002212574,-0.22330251871687495,0.28642424094903374,-0.08089316302007107,1.946631990881364e-15,2.39854012714307e-14,0.9967227779962733,-0.01600000007037767,-0.22315851491082112,0.28695454016394784,-0.0840807433129165,4.188347011427654e-12,-1.0237494125625317e-10,0.9964589447658883,-0.01600000007037767,-0.22315851491082112,0.28695454016394784,-0.0840807433129165,4.188347011427654e-12,-1.0237494125625317e-10,0.9964589447658883,-2.5024568507040608e-11,-0.5274893174377308,0.6958363116895567,-7.629479195584555e-11,0.3303102888690353,-7.620579383358423e-11,-6.658729850737439e-10,-0.5277791648005383,0.6945898744282838,-1.3776083444159097e-09,0.3351709675302487,-1.386965200580422e-09,-6.658729850737439e-10,-0.5277791648005383,0.6945898744282838,-1.3776083444159097e-09,0.3351709675302487,-1.386965200580422e-09,-1.892836621439542e-09,0.002443902065221168,0.011457060155374923,-4.098139826221033e-09,-0.044258993765605825,-4.1556675229013365e-09,6.432276097917058e-08,0.0015922830025167224,-0.0010484360468425782,1.327355252533618e-07,0.0005917161366073819,1.3393051774742294e-07,0.0,True,False,1,True,True,0.00333880000107456,4,2.8099712116477603e-10,4.789067702593975e-11,`gtol` termination condition is satisfied.,True,True,0.009999999999999787,0.0048613490971323725,1.0,0.0005495037338330881,0.006396963285293908,0.0005495035936392877,0.006396963333184594
8.839999999999856,1786132512.2574773,0.006707799999276176,0.007571000009193085,0.01,TELEOP,0,,0.0,8.839999999999856,884,0.0,0.0,0.019333333333335735,0.1068425356870767,0.0,0.0,0.9942759539322853,2.63149957676078e-19,5.503723528746347e-11,0.020991024571594765,0.10109105079741565,0.0,0.0,0.9948771780720846,-0.016000000000000007,-0.22333163558879998,0.28631557437746763,-0.08018151432464836,0.0,0.0,0.9967802790788982,-0.016000000000000004,-0.2233154593983531,0.28637594473291944,-0.08060322467763852,0.0,0.0,0.996746266695575,-0.01600000000220408,-0.22331545966993238,0.286375944661275,-0.08060322470150487,1.8972764147050546e-15,2.346191142319014e-14,0.996746266693645,-0.01600000007174891,-0.2231714731873436,0.2869062942224601,-0.08379097129441077,4.015078587879409e-12,-1.0435746537478424e-10,0.996483353162279,-0.01600000007174891,-0.2231714731873436,0.2869062942224601,-0.08379097129441077,4.015078587879409e-12,-1.0435746537478424e-10,0.996483353162279,-2.4925748710601473e-11,-0.5274632266889996,0.6959501373305051,-7.609612428361358e-11,0.32986842884780115,-7.599851679419095e-11,-6.787729649621956e-10,-0.527754568350277,0.6947043437498623,-1.4061363468497947e-09,0.3347284369021026,-1.4159548842362794e-09,-6.787729649621956e-10,-0.527754568350277,0.6947043437498623,-1.4061363468497947e-09,0.3347284369021026,-1.4159548842362794e-09,-1.2899979888451887e-09,0.0024596450261324164,0.01144693215785851,-2.8528002433885455e-09,-0.04425306281461615,-2.8989683655858135e-09,6.028386325943664e-08,0.0015742960911248733,-0.0010127997516414199,1.245339582832514e-07,0.0005930950989675374,1.2566991573155498e-07,0.0,True,False,1,True,True,0.0036604000051738694,4,2.808791498306475e-10,4.788854665138508e-11,`gtol` termination condition is satisfied.,True,True,0.009999999999999787,0.0048606786612134245,1.0,0.0005495477815600441,0.006397143296221503,0.0005495476412622732,0.006397143344110026
8.849999999999856,1786132512.2641878,0.007795299999997951,0.006485899997642264,0.01,TELEOP,0,,0.0,8.849999999999856,885,0.0,0.0,0.01916666666666907,0.10742096387559891,0.0,0.0,0.9942136272049571,2.391118160827334e-19,5.000971079604157e-11,0.020824357912381686,0.10166982973463352,0.0,0.0,0.9948181973213652,-0.016000000000000007,-0.2233445765419332,0.2862672780887034,-0.07989155930793075,0.0,0.0,0.9968035607637783,-0.016000000000000004,-0.22332840035149076,0.28632764844497627,-0.08031327953827508,0.0,0.0,0.9967696710523485,-0.016000000002195557,-0.22332840062290418,0.2863276483731655,-0.08031327956214078,1.8481504075663178e-15,2.2937462369071043e-14,0.9967696710504255,-0.01600000007252747,-0.22318443165115326,0.28685804861241604,-0.08350119301059968,3.818748003512871e-12,-1.0548459956007257e-10,0.9965076772237165,-0.01600000007252747,-0.22318443165115326,0.28685804861241604,-0.08350119301059968,3.818748003512871e-12,-1.0548459956007257e-10,0.9965076772237165,-2.482661583981678e-11,-0.5274369817094637,0.6960638683009628,-7.58959008956394e-11,0.32942662838591885,-7.578975731218811e-11,-6.860566524354821e-10,-0.5277298161414207,0.6948187151040254,-1.4230492348728412e-09,0.33428596571160624,-1.4332220586505099e-09,-6.860566524354821e-10,-0.5277298161414207,0.6948187151040254,-1.4230492348728412e-09,0.33428596571160624,-1.4332220586505099e-09,-7.283687473286719e-10,0.002475220885630598,0.011437135416301165,-1.6912888023046946e-09,-0.04424711904963684,-1.7267174414230683e-09,5.616292415165288e-08,0.0015575859498182067,-0.0009796741557345184,1.1615114410838757e-07,0.0005943764979313843,1.1722509241627702e-07,0.0,True,False,1,True,True,0.0033691999997245148,4,2.807612024563059e-10,4.7886117048674115e-11,`gtol` termination condition is satisfied.,True,True,0.009999999999999787,0.0048600080543014235,1.0,0.00054959210203938,0.00639732495458186,0.0005495919616379158,0.006397325002467939
8.859999999999856,1786132512.2743278,0.006723800004692748,0.009902299992972985,0.01,TELEOP,0,,0.0,8.859999999999856,886,0.0,0.0,0.01900000000000241,0.1079993557060145,0.0,0.0,0.9941509639723163,2.1726950327220375e-19,4.54414390706179e-11,0.02065769125245805,0.10224857426082462,0.0,0.0,0.9947588798606568,-0.016000000000000007,-0.22335751749498856,0.2862189817996976,-0.07960159753084803,0.0,0.0,0.9968267581032006,-0.016000000000000004,-0.22334134130455055,0.28627935215671496,-0.08002332760270273,0.0,0.0,0.9967929910665457,-0.016000000002187025,-0.22334134157579802,0.28627935208473815,-0.08002332762656805,1.799254522081079e-15,2.241205055041527e-14,0.9967929910646298,-0.016000000072756655,-0.22319739016432472,0.28680980295890307,-0.0832114077891092,3.6039225923752746e-12,-1.058152886570767e-10,0.9965319170070543,-0.016000000072756655,-0.22319739016432472,0.28680980295890307,-0.0832114077891092,3.6039225923752746e-12,-1.058152886570767e-10,0.9965319170070543,-2.4727312625012744e-11,-0.5274105824854998,0.696177504665968,-7.569455182803686e-11,0.3289848875621604,-7.557994514840384e-11,-6.881408010928668e-10,-0.5277049097162474,0.6949329915506327,-1.4291960858172677e-09,0.3338435540776134,-1.4396222316309012e-09,-6.881408010928668e-10,-0.5277049097162474,0.6949329915506327,-1.4291960858172677e-09,0.3338435540776134,-1.4396222316309012e-09,-2.0841486573846763e-10,0.002490642517328675,0.011427644660736189,-6.146850944426565e-10,-0.04424116339928228,-6.400172980391508e-10,5.199538815902153e-08,0.0015421631698077256,-0.0009490755564975478,1.076603707862061e-07,0.0005955650354556285,1.0867001433839406e-07,0.0,True,False,1,True,True,0.005124699993757531,4,2.806432506416299e-10,4.788423305867667e-11,`gtol` termination condition is satisfied.,True,True,0.009999999999999787,0.004859337325687385,1.0,0.000549636369582192,0.006397506861535881,0.000549636229077316,0.006397506909420102
8.869999999999855,1786132512.286208,0.01028750000114087,0.01149499999883119,0.01,TELEOP,0,,0.0,8.869999999999855,887,0.0,0.0,0.018833333333335745,0.10857771098255888,0.0,0.0,0.9940879642555723,1.9742243535056726e-19,4.129046843024247e-11,0.020491024591890526,0.1028272841800395,0.0,0.0,0.9946992257100422,-0.016000000000000007,-0.22337045844797299,0.28617068551047287,-0.07931162901796836,0.0,0.0,0.9968498710951996,-0.016000000000000004,-0.22335428225753942,0.28623105586816516,-0.07973336889550522,0.0,0.0,0.996816226736189,-0.01600000000217847,-0.22335428252862086,0.2862310557960223,-0.0797333689193699,1.7505893090851713e-15,2.1885672583333633e-14,0.99681622673428,-0.016000000072480036,-0.22321034859995137,0.2867615569185309,-0.08292161501471769,3.37486809299443e-12,-1.0540926380827607e-10,0.9965560725635818,-0.016000000072480036,-0.22321034859995137,0.2867615569185309,-0.08292161501471769,3.37486809299443e-12,-1.0540926380827607e-10,0.9965560725635818,-2.4627948132135377e-11,-0.5273840290035101,0.696291046490518,-7.549240650682472e-11,0.3285432064552187,-7.536940940296709e-11,-6.85443542549909e-10,-0.5276798504882223,0.6950471758971053,-1.4254299791877808e-09,0.3334012021101867,-1.4360150789307886e-09,-6.85443542549909e-10,-0.5276798504882223,0.6950471758971053,-1.4254299791877808e-09,0.3334012021101867,-1.4360150789307886e-09,2.6972585429579137e-10,0.0025059228025077307,0.011418434647261838,3.766106629486849e-10,-0.04423519674267176,3.60715270011267e-10,4.7814072003426914e-08,0.0015280285179055902,-0.0009210013474350345,9.912957573913624e-08,0.0005966656610516148,1.0007325680504391e-07,0.0,True,False,1,True,True,0.00578049999603536,4,2.805253652809071e-10,4.7881856463845146e-11,`gtol` termination condition is satisfied.,True,True,0.009999999999999787,0.004858666515453025,1.0,0.0005496802859891344,0.006397687733092719,0.0005496801453807667,0.006397687780974526
8.879999999999855,1786132512.2980206,0.011882599996170029,0.011424800002714619,0.01,TELEOP,0,,0.0,8.879999999999855,888,0.0,0.0,0.01866666666666908,0.10915602950947961,0.0,0.0,0.9940246280760481,1.7938835129990025e-19,3.751867938327267e-11,0.02032435793073958,0.10340595929634738,0.0,0.0,0.9946392348897173,-0.016000000000000007,-0.2233833994008928,0.28612238922104966,-0.07902165379385699,0.0,0.0,0.996872899737817,-0.016000000000000004,-0.22336722321046368,0.28618275957935374,-0.0794434034412618,0.0,0.0,0.9968393780593084,-0.016000000002169903,-0.22336722348137897,0.2861827595070449,-0.07944340346512588,1.7021553210706287e-15,2.1358325100674692e-14,0.9968393780574066,-0.01600000007174105,-0.22322330684211475,0.28671331017919066,-0.08263181412903796,3.1355397328297068e-12,-1.0432657836358697e-10,0.9965801439391335,-0.01600000007174105,-0.22322330684211475,0.28671331017919066,-0.08263181412903796,3.1355397328297068e-12,-1.0432657836358697e-10,0.9965801439391335,-2.4528496761148784e-11,-0.5273573212499235,0.6964044938395674,-7.528938357137037e-11,0.328101585143709,-7.51580689118305e-11,-6.783813677342203e-10,-0.5276546397428222,0.6951612707004168,-1.412601738418971e-09,0.33295890991111166,-1.4232581263861096e-09,-6.783813677342203e-10,-0.5276546397428222,0.6951612707004168,-1.412601738418971e-09,0.33295890991111166,-1.4232581263861096e-09,7.062174815688829e-10,0.0025210745400062427,0.011409480331144238,1.2828240768810046e-09,-0.04422921990750306,1.2756952544679185e-09,4.364916272731008e-08,0.0015151737498512344,-0.0008954316117599365,9.06213413932339e-08,0.0005976835168700531,9.14979984456671e-08,0.0,True,False,1,True,True,0.005931899999268353,4,2.804075055847753e-10,4.7879488420408196e-11,`gtol` termination condition is satisfied.,True,True,0.009999999999999787,0.004857995654968028,1.0,0.000549723580330529,0.006397866399451934,0.0005497234396185651,0.006397866447331406
8.889999999999855,1786132512.3054197,0.011654000001726672,0.0071696999948471785,0.01,TELEOP,0,,0.0,8.889999999999855,889,0.0,0.0,0.018500000000002424,0.10973431109103687,0.0,0.0,0.9939609554551806,1.6300163922582245e-19,3.409143456571619e-11,0.020157691269060068,0.10398459941383557,0.0,0.0,0.9945789074199916,-0.016000000000000007,-0.22339634035375383,0.2860740929314465,-0.07873167188307639,0.0,0.0,0.996895844029102,-0.016000000000000004,-0.22338016416332906,0.2861344632903052,-0.07915343126454762,0.0,0.0,0.9968624450339418,-0.01600000000216133,-0.22338016443407818,0.2861344632178307,-0.07915343128841114,1.6539531112660498e-15,2.0830004707673588e-14,0.9968624450320469,-0.01600000007058281,-0.22323626478578038,0.28666506245961715,-0.08234200462983142,2.889576954291716e-12,-1.026271775974024e-10,0.9966041311742295,-0.01600000007058281,-0.22323626478578038,0.28666506245961715,-0.08234200462983142,2.889576954291716e-12,-1.026271775974024e-10,0.9966041311742295,-2.4428779599586093e-11,-0.5273304592111918,0.6965178467780243,-7.508493079957454e-11,0.32766002370616637,-7.49453725194527e-11,-6.673663700689041e-10,-0.5276292786391803,0.6952752782706578,-1.3915542065502056e-09,0.3325166775744252,-1.4022009702071913e-09,-6.673663700689041e-10,-0.5276292786391803,0.6952752782706578,-1.3915542065502056e-09,0.3325166775744252,-1.4022009702071913e-09,1.1014997665316302e-09,0.0025361103641935094,0.01140075702410967,2.1047531868765955e-09,-0.04422323366864536,2.105715617891864e-09,3.952822849627557e-08,0.0015035824187267022,-0.000872330703456861,8.219291099956083e-08,0.0005986238857695267,8.30020363423963e-08,0.0,True,False,1,True,True,0.0034586999972816557,4,2.8028968037689605e-10,4.787727434578383e-11,`gtol` termination condition is satisfied.,True,True,0.009999999999999787,0.004857324767402638,1.0,0.0005497660085569016,0.006398041803613812,0.0005497658677414067,0.006398041851491121
8.899999999999855,1786132512.315414,0.007478600004105829,0.00968529999954626,0.01,TELEOP,0,,0.0,8.899999999999855,890,0.0,0.0,0.018333333333335755,0.11031255553150333,0.0,0.0,0.993896946414521,1.4811181549846797e-19,3.0977260656899384e-11,0.01999102460690173,0.10456320433660889,0.0,0.0,0.994518243321288,-0.016000000000000007,-0.22340928130656135,0.2860257966416802,-0.07844168331018699,0.0,0.0,0.996918703967111,-0.016000000000000004,-0.22339310511614088,0.28608616700104167,-0.07886345238993427,0.0,0.0,0.996885427658134,-0.016000000002152747,-0.22339310538672363,0.2860861669284016,-0.07886345241379711,1.6059832405845141e-15,2.0300707747371572e-14,0.9968854276562462,-0.016000000069047705,-0.22324922233662609,0.2866168135087721,-0.08205218606998871,2.6403014849044817e-12,-1.0037050249598766e-10,0.9966280343042413,-0.016000000069047705,-0.22324922233662609,0.2866168135087721,-0.08205218606998871,2.6403014849044817e-12,-1.0037050249598766e-10,0.9966280343042413,-2.4329086705046533e-11,-0.5273034428737899,0.6966311053707507,-7.487993384258817e-11,0.3272185222210486,-7.473220448727562e-11,-6.528037521856711e-10,-0.5276037682124711,0.6953892006760184,-1.3631170643322568e-09,0.3320745051869531,-1.3736800439479061e-09,-6.528037521856711e-10,-0.5276037682124711,0.6953892006760184,-1.3631170643322568e-09,0.3320745051869531,-1.3736800439479061e-09,1.4562617883233324e-09,0.002551042670920688,0.011392240536053902,2.843714221794931e-09,-0.04421723874721424,2.8520926259285787e-09,3.547620217917097e-08,0.0014932306727178902,-0.0008516488055767899,7.389610349183515e-08,0.0005994921431118813,7.463770080367307e-08,0.0,True,False,1,True,True,0.005710800003726035,4,2.8017180026127294e-10,4.787480946539824e-11,`gtol` termination condition is satisfied.,True,True,0.009999999999999787,0.004856653868258842,1.0,0.0005498073529558156,0.006398212999317995,0.0005498072120365621,0.006398213047192805
8.909999999999854,1786132512.3226743,0.009942499993485399,0.007003099992289208,0.01,TELEOP,0,,0.0,8.909999999999854,891,0.0,0.0,0.018166666666669093,0.1108907626351641,0.0,0.0,0.9938326009757336,1.3458214282042004e-19,2.8147559351406074e-11,0.019824357944309683,0.10514177386878915,0.0,0.0,0.994457242614143,-0.016000000000000007,-0.22342222225932007,0.2859775003517662,-0.07815168809974705,0.0,0.0,0.9969414795499082,-0.016000000000000004,-0.22340604606890385,0.28603787071158326,-0.07857346684199017,0.0,0.0,0.9969083259299377,-0.01600000000214413,-0.22340604633932018,0.28603787063877784,-0.07857346686585248,1.5582462633772247e-15,1.9770430985855776e-14,0.9969083259280569,-0.016000000067177306,-0.22326217941081203,0.28656856310507106,-0.08176235805621383,2.3907184363853273e-12,-9.761512772336741e-11,0.9966518533595808,-0.016000000067177306,-0.22326217941081203,0.28656856310507106,-0.08176235805621383,2.3907184363853273e-12,-9.761512772336741e-11,0.9966518533595808,-2.4229049692197303e-11,-0.5272762722242164,0.69674426968256,-7.467325735519811e-11,0.3267770807667344,-7.451743171302038e-11,-6.350895836920585e-10,-0.5275781093769581,0.6955030397490332,-1.3281021575284634e-09,0.3316323928288521,-1.3385138989585972e-09,-6.350895836920585e-10,-0.5275781093769581,0.6955030397490332,-1.3281021575284634e-09,0.3316323928288521,-1.3385138989585972e-09,1.7714168493612936e-09,0.0025658835512986627,0.011383907301481068,3.501490680379408e-09,-0.044211235810098254,3.5166144989309647e-09,3.1515506103796804e-08,0.0014840880377975179,-0.0008333234572834084,6.57776458584491e-08,0.0006002937115986406,6.645218730024003e-08,0.0,True,False,1,True,True,0.003348700003698468,4,2.800539559397728e-10,4.787265338481989e-11,`gtol` termination condition is satisfied.,True,True,0.009999999999999787,0.004855982965904504,1.0,0.0005498474214714117,0.0063983791483864655,0.000549847280448236,0.00639837919625911
8.919999999999854,1786132512.3315806,0.0072428999992553145,0.008667000001878478,0.01,TELEOP,0,,0.0,8.919999999999854,892,0.0,0.0,0.01800000000000243,0.11146893220631705,0.0,0.0,0.9937679191605974,1.2228837453095217e-19,2.5576344733063418e-11,0.019657691281324843,0.10572030781451465,0.0,0.0,0.9943959053192065,-0.016000000000000007,-0.2234351632120344,0.28592920406171835,-0.07786168627631332,0.0,0.0,0.9969641707755645,-0.016000000000000004,-0.22341898702162233,0.2859895744219482,-0.07828347464528092,0.0,0.0,0.9969311398474128,-0.016000000002135535,-0.2234189872918722,0.2859895743489776,-0.07828347466914277,1.5107427473004605e-15,1.923917057018329e-14,0.996931139845539,-0.016000000065012007,-0.22327513593469606,0.28652031105546805,-0.08147252024744242,2.1435201478641904e-12,-9.44184334869422e-11,0.9966755883659086,-0.016000000065012007,-0.22327513593469606,0.28652031105546805,-0.08147252024744242,2.1435201478641904e-12,-9.44184334869422e-11,0.9966755883659086,-2.4129124332073802e-11,-0.5272489472489912,0.6968573397782157,-7.446629901287621e-11,0.3263356994215238,-7.430244927466357e-11,-6.146088149384696e-10,-0.5275523029296271,0.6956167970939439,-1.2872993550519616e-09,0.3311903405741531,-1.2974990198733703e-09,-6.146088149384696e-10,-0.5275523029296271,0.6956167970939439,-1.2872993550519616e-09,0.3311903405741531,-1.2974990198733703e-09,2.0480768753589472e-09,0.0025806447331119435,0.011375734491067768,4.080280247650269e-09,-0.04420522546990139,4.10148790852277e-09,2.766600259976594e-08,0.0014761181813281118,-0.0008172810413300282,5.787895672708737e-08,0.0006010340196867364,5.84873409591818e-08,0.0,True,False,1,True,True,0.003496999997878447,4,2.799361888814389e-10,4.787063423156622e-11,`gtol` termination condition is satisfied.,True,True,0.009999999999999787,0.0048553120621177,1.0,0.0005498860469022268,0.0063985395175370245,0.0005498859057748524,0.006398539565407643
8.929999999999854,1786132512.3435893,0.009036600007675588,0.011639200005447492,0.01,TELEOP,0,,0.0,8.929999999999854,893,0.0,0.0,0.01783333333333577,0.11204706404927273,0.0,0.0,0.9937029009910046,1.111176136151802e-19,2.3240004639208692e-11,0.01949102461798431,0.10629880597793995,0.0,0.0,0.9943342314572422,-0.016000000000000007,-0.22344810416470828,0.2858809077715491,-0.07757167786444091,0.0,0.0,0.9969867776421588,-0.016000000000000004,-0.22343192797430025,0.28594127813215314,-0.0779934758243697,0.0,0.0,0.996953869408627,-0.016000000002126896,-0.22343192824438352,0.2859412780590174,-0.07799347584823094,1.4634732489625019e-15,1.870692333858415e-14,0.9969538694067602,-0.01600000006259096,-0.22328809184450246,0.2864720571944196,-0.08118267235303105,1.9010924587883196e-12,-9.083631099941856e-11,0.9966992393443573,-0.01600000006259096,-0.22328809184450246,0.2864720571944196,-0.08118267235303105,1.9010924587883196e-12,-9.083631099941856e-11,0.9966992393443573,-2.4028806494123663e-11,-0.5272214679346567,0.6969703157224305,-7.425750256194603e-11,0.32589437826363715,-7.408570427075152e-11,-5.917335268557051e-10,-0.5275263495543306,0.6957304740950321,-1.2414728843617656e-09,0.3307483484913004,-1.2514061215757834e-09,-5.917335268557051e-10,-0.5275263495543306,0.6957304740950321,-1.2414728843617656e-09,0.3307483484913004,-1.2514061215757834e-09,2.2875288082764924e-09,0.002595337529637566,0.011367700108816738,4.582647069019692e-09,-0.044199208285267896,4.609289829758792e-09,2.3945193291755022e-08,0.0014692796525623054,-0.000803438225102952,5.023668213694329e-08,0.0006017184633494779,5.0780192123603234e-08,0.0,True,False,1,True,True,0.006002300011459738,4,2.7981837896790394e-10,4.7868242365398355e-11,`gtol` termination condition is satisfied.,True,True,0.009999999999999787,0.004854641152629291,1.0,0.0005499230859938703,0.006398693474735535,0.0005499229447619587,0.006398693522603795
8.939999999999854,1786132512.3509073,0.011987899997620843,0.006968500005314127,0.01,TELEOP,0,,0.0,8.939999999999854,894,0.0,0.0,0.0176666666666691,0.11262515796835444,0.0,0.0,0.9936375464889616,1.0096727594009622e-19,2.111708382378015e-11,0.01932435795432172,0.10687726816323534,0.0,0.0,0.994272221049127,-0.016000000000000007,-0.22346104511734532,0.28583261148127,-0.07728166288868364,0.0,0.0,0.9970093001477769,-0.016000000000000004,-0.22344486892694124,0.28589298184221296,-0.07770347040381748,0.0,0.0,0.9969765146116548,-0.01600000000211825,-0.22344486919685785,0.2858929817689123,-0.07770347042767811,1.4164383420301508e-15,1.8173685362625054e-14,0.9969765146097951,-0.016000000059951888,-0.2233010470859501,0.28642380138274387,-0.0808928141307457,1.6655231432581005e-12,-8.692290082168143e-11,0.9967228063117692,-0.016000000059951888,-0.2233010470859501,0.28642380138274387,-0.0808928141307457,1.6655231432581005e-12,-8.692290082168143e-11,0.9967228063117692,-2.3928501226591378e-11,-0.5271938342677762,0.6970831975798654,-7.40481122081173e-11,0.3254531173712178,-7.386843839742526e-11,-5.668214223240801e-10,-0.5275002498263746,0.6958440719257853,-1.191358169755797e-09,0.3303064166436849,-1.200976953114257e-09,-5.668214223240801e-10,-0.5275002498263746,0.6958440719257853,-1.191358169755797e-09,0.3303064166436849,-1.200976953114257e-09,2.4912104531625537e-09,0.0026099727956083413,0.011359783075327347,5.011471460596964e-09,-0.04419318476155295,5.042916846152743e-09,2.0368164488606575e-08,0.0014635265970775427,-0.0007917033489391462,4.288243915772815e-08,0.00060235237149484,4.336270163939606e-08,0.0,True,False,1,True,True,0.003631100000347942,4,2.7970064591489573e-10,4.786601537346917e-11,`gtol` termination condition is satisfied.,True,True,0.009999999999999787,0.004853970227663262,1.0,0.0005499584184411087,0.006398840485145302,0.0005499582771043005,0.006398840533011314
8.949999999999854,1786132512.35887,0.007187700000940822,0.007744299990008585,0.01,TELEOP,0,,0.0,8.949999999999854,895,0.0,0.0,0.017500000000002444,0.11320321376789827,0.0,0.0,0.9935718556765885,9.174414819659911e-20,1.9188086927959578e-11,0.01915769129036757,0.10745569417458661,0.0,0.0,0.9942098741158518,-0.016000000000000007,-0.2234739860699488,0.28578431519089137,-0.07699164137359432,0.0,0.0,0.997031738290512,-0.016000000000000004,-0.22345780987954855,0.2858446855521414,-0.07741345840818335,0.0,0.0,0.9969990754545787,-0.01600000000210958,-0.22345781014929847,0.2858446854786759,-0.07741345843204336,1.369638587559652e-15,1.7639453336742827e-14,0.996999075452726,-0.016000000057130828,-0.22331400161384538,0.2863755435063911,-0.08060294538458242,1.4386122080863756e-12,-8.273036340526748e-11,0.9967462892809434,-0.016000000057130828,-0.22331400161384538,0.2863755435063911,-0.08060294538458242,1.4386122080863756e-12,-8.273036340526748e-11,0.9967462892809434,-2.3827859616527206e-11,-0.5271660462349325,0.6971959854151245,-7.383704629060803e-11,0.3250119168223273,-7.36495726402118e-11,-5.402145378735103e-10,-0.5274740042174743,0.6959575915587629,-1.1376591180095956e-09,0.32986454509016677,-1.146921552993455e-09,-5.402145378735103e-10,-0.5274740042174743,0.6959575915587629,-1.1376591180095956e-09,0.32986454509016677,-1.146921552993455e-09,2.660688445057027e-09,0.0026245608900313227,0.01135196329775782,5.369905174620258e-09,-0.04418715535181076,5.405540012080316e-09,1.6947799189447666e-08,0.0014588094422981898,-0.000781977756952705,3.584337140233011e-08,0.000602940974218924,3.6262316592758056e-08,0.0,True,False,1,True,True,0.004226899996865541,4,2.795829772513317e-10,4.7863650230166983e-11,`gtol` termination condition is satisfied.,True,True,0.009999999999999787,0.004853299272467082,1.0,0.0005499919458126859,0.006398980106742969,0.0005499918043705449,0.006398980154606623
8.959999999999853,1786132512.3708878,0.008208300001570024,0.011553700009244494,0.01,TELEOP,0,,0.0,8.959999999999853,896,0.0,0.0,0.017333333333335775,0.11378123125225333,0.0,0.0,0.9935058285761192,8.33635318963476e-20,1.7435299448992364e-11,0.01899102462614951,0.1080340838161948,0.0,0.0,0.994147190678521,-0.016000000000000007,-0.22348692702252174,0.28573601890042255,-0.07670161334372476,0.0,0.0,0.9970540920684644,-0.016000000000000004,-0.2234707508321252,0.2857963892619507,-0.07712343986202477,0.0,0.0,0.9970215519354879,-0.01600000000210093,-0.22347075110170816,0.28579638918832073,-0.07712343988588417,1.3230745647992552e-15,1.7104223324644174e-14,0.9970215519336423,-0.016000000054162185,-0.2233269553916458,0.28632728347514275,-0.08031306596244792,1.2218838022330975e-12,-7.83086808014435e-11,0.9967696882608899,-0.016000000054162185,-0.2233269553916458,0.28632728347514275,-0.08031306596244792,1.2218838022330975e-12,-7.83086808014435e-11,0.9967696882608899,-2.372736888991347e-11,-0.5271381038227307,0.6973086792927613,-7.362580782066777e-11,0.32457077669494916,-7.343060648637063e-11,-5.122381773425466e-10,-0.5274476131010188,0.696071033776034,-1.0810458670325993e-09,0.3294227338855862,-1.0899159713097542e-09,-5.122381773425466e-10,-0.5274476131010188,0.696071033776034,-1.0810458670325993e-09,0.3294227338855862,-1.0899159713097542e-09,2.7976360530964363e-09,0.0026391116455450427,0.011344221727110217,5.661325097699763e-09,-0.04418112045806098,5.700558168370204e-09,1.3694760803941227e-08,0.0014550755513720163,-0.0007741570647602578,2.9141992307951167e-08,0.0006034893749776403,2.9501815628989335e-08,0.0,True,False,1,True,True,0.005924199998844415,4,2.794651420078339e-10,4.786138101335311e-11,`gtol` termination condition is satisfied.,True,True,0.009999999999999787,0.004852628267839498,1.0,0.0005500235904146294,0.006399111985652181,0.0005500234488669068,0.006399112033513531
8.969999999999853,1786132512.3830981,0.011923400001251139,0.011840100007248111,0.01,TELEOP,0,,0.0,8.969999999999853,897,0.0,0.0,0.017166666666669113,0.1143592102257816,0.0,0.0,0.9934394652099017,7.574846556252594e-20,1.5842625063093063e-11,0.0188243579616926,0.10861243689227586,0.0,0.0,0.9940841707583526,-0.016000000000000007,-0.22349986797506682,0.28568772260987213,-0.07641157882362597,0.0,0.0,0.9970763614797419,-0.016000000000000004,-0.22348369178467387,0.2857480929716522,-0.07683341478989769,0.0,0.0,0.9970439440524794,-0.016000000002092233,-0.22348369205409,0.2857480928978577,-0.0768334148137565,1.2767468386152463e-15,1.6567992090862196e-14,0.9970439440506408,-0.016000000051078506,-0.22333990839100015,0.2862790212212528,-0.08002317575372972,1.0165994602843828e-12,-7.370548856731787e-11,0.9967930032570893,-0.016000000051078506,-0.22333990839100015,0.2862790212212528,-0.08002317575372972,1.0165994602843828e-12,-7.370548856731787e-11,0.9967930032570893,-2.36265005687323e-11,-0.5271100070177934,0.6974212792772719,-7.341275672440661e-11,0.32412969706698924,-7.3209904112227e-11,-4.832000435449006e-10,-0.527421076757579,0.6961843991800688,-1.0221529348154347e-09,0.32898098308125817,-1.0306003959663791e-09,-4.832000435449006e-10,-0.527421076757579,0.6961843991800688,-1.0221529348154347e-09,0.32898098308125817,-1.0306003959663791e-09,2.9038133797646575e-09,0.002653634343989495,0.01133654040348851,5.889293221716579e-09,-0.04417508043280378,5.9315575343376314e-09,1.0617732666822355e-08,0.0014522698444452587,-0.0007681323621707102,2.2796812401682018e-08,0.000604002525720603,2.309993659674325e-08,0.0,True,False,1,True,True,0.006068799993954599,4,2.793475607249597e-10,4.785905989714155e-11,`gtol` termination condition is satisfied.,True,True,0.009999999999999787,0.004851957190637024,1.0,0.0005500532941040343,0.006399235851257545,0.0005500531524501008,0.006399235899116618
8.979999999999853,1786132512.3922334,0.012214799993671477,0.008760999990045093,0.01,TELEOP,0,,0.0,8.979999999999853,898,0.0,0.0,0.01700000000000245,0.11493715049285812,0.0,0.0,0.9933727656003974,6.8829017971689e-20,1.439543780852844e-11,0.01865769129701956,0.10919075320706054,0.0,0.0,0.9940208143766784,-0.016000000000000007,-0.22351280892758651,0.2856394263192477,-0.07612153783784838,0.0,0.0,0.9970985465224593,-0.016000000000000004,-0.22349663273719703,0.28569979668125595,-0.07654338321635694,0.0,0.0,0.9970662518036573,-0.01600000000208354,-0.22349663300644612,0.2856997966072971,-0.07654338324021505,1.230655992151724e-15,1.6030755636307398e-14,0.9970662518018257,-0.016000000047910502,-0.2233528605912698,0.286230756698047,-0.07973327468677846,8.237724551395922e-13,-6.896593655730842e-11,0.9968162342717553,-0.016000000047910502,-0.2233528605912698,0.286230756698047,-0.07973327468677846,8.237724551395922e-13,-6.896593655730842e-11,0.9968162342717553,-2.3525575676833263e-11,-0.5270817558067656,0.6975337854330975,-7.319888324847698e-11,0.3236886780162715,-7.298845337891788e-11,-4.5338957042575257e-10,-0.5273943953806006,0.6962976882049691,-9.615777882582635e-10,0.3285392927254506,-9.69577702300317e-10,-4.5338957042575257e-10,-0.5273943953806006,0.6962976882049691,-9.615777882582635e-10,0.3285392927254506,-9.69577702300317e-10,2.98104731191487e-09,0.0026681376978329734,0.0113289024900233,6.057514655717248e-09,-0.04416903558075532,6.1022693666063395e-09,7.723393215021425e-09,0.0014503353843478735,-0.0007637913465211178,1.682214340006725e-08,0.0006044852048453394,1.7071183226871207e-08,0.0,True,False,1,True,True,0.004252899991115555,4,2.7922988070672074e-10,4.785661245983315e-11,`gtol` termination condition is satisfied.,True,True,0.009999999999999787,0.00485128601426893,1.0,0.0005500810170645347,0.00639935151114243,0.0005500808753040428,0.00639935155899906
8.989999999999853,1786132512.3991022,0.00899260000733193,0.006636999998590909,0.01,TELEOP,0,,0.0,8.989999999999853,899,0.0,0.0,0.01683333333333579,0.11551505185787109,0.0,0.0,0.9933057297701818,6.254164595633442e-20,1.3080447771435025e-11,0.018491024632150972,0.10976903256479414,0.0,0.0,0.9939571215549438,-0.016000000000000007,-0.22352574988008309,0.2855911300285564,-0.0758314904109419,0.0,0.0,0.9971206471947391,-0.016000000000000004,-0.22350957368969696,0.2856515003907712,-0.07625334516595624,0.0,0.0,0.997088475187133,-0.01600000000207483,-0.2235095739587789,0.28565150031664815,-0.07625334518981375,1.1848026005763137e-15,1.5492510427272062e-14,0.9970884751853083,-0.016000000044686883,-0.22336581197903574,0.2861824898784919,-0.07944336272633241,6.441830145375863e-13,-6.413257737406093e-11,0.9968393813040958,-0.016000000044686883,-0.22336581197903574,0.2861824898784919,-0.07944336272633241,6.441830145375863e-13,-6.413257737406093e-11,0.9968393813040958,-2.3424528089546917e-11,-0.5270533501763088,0.6976461978246206,-7.298397859233399e-11,0.323247719620542,-7.276604614884128e-11,-4.2307743505030995e-10,-0.5273675690822296,0.6964109011279307,-8.998797802359544e-10,0.32809766286384295,-9.074123743831528e-10,-4.2307743505030995e-10,-0.5273675690822296,0.6964109011279307,-8.998797802359544e-10,0.32809766286384295,-9.074123743831528e-10,3.031213537544328e-09,0.0026826298371050794,0.011321292296168229,6.169800802231037e-09,-0.04416298616076782,6.216532791716556e-09,5.01662256294592e-09,0.001449213927210639,-0.000761019385507036,1.1228614651379153e-08,0.0006049419987504713,1.1426342511021881e-08,0.0,True,False,1,True,True,0.003406500007258728,4,2.7911221141390753e-10,4.7854393721052523e-11,`gtol` termination condition is satisfied.,True,True,0.009999999999999787,0.004850614709179135,1.0,0.0005501067365581542,0.006399458845911726,0.0005501065946906203,0.00639945889376608
8.999999999999853,1786132512.4067879,0.006851400001323782,0.007471800010534935,0.01,TELEOP,0,,0.0,8.999999999999853,900,0.0,0.0,0.016666666666669126,0.11609291412522173,0.0,0.0,0.993238357741944,5.682861087072833e-20,1.1885579040927518e-11,0.018324357967105496,0.1103472747697364,0.0,0.0,0.9938930923147078,-0.016000000000000007,-0.22353869083255856,0.28554283373780454,-0.07554143656745595,0.0,0.0,0.9971426634947103,-0.016000000000000004,-0.22352251464217568,0.2856032041002063,-0.07596330066324844,0.0,0.0,0.9971106142010249,-0.016000000002066105,-0.22352251491109046,0.2856032040259192,-0.07596330068710525,1.1391872456297642e-15,1.495325276447909e-14,0.9971106141992073,-0.016000000041434412,-0.22337876254759723,0.2861342207537462,-0.07915343987090004,4.78394188886574e-13,-5.924528106299306e-11,0.9968624443505754,-0.016000000041434412,-0.22337876254759723,0.2861342207537462,-0.07915343987090004,4.78394188886574e-13,-5.924528106299306e-11,0.9968624443505754,-2.3323294024449147e-11,-0.5270247901131052,0.6977585165161673,-7.276784007908477e-11,0.3228068219574668,-7.254248048268575e-11,-3.9251524053236357e-10,-0.527340597899215,0.6965240380808416,-8.375794399644151e-10,0.3276560935399639,-8.446297828625547e-10,-3.9251524053236357e-10,-0.527340597899215,0.6965240380808416,-8.375794399644151e-10,0.3276560935399639,-8.446297828625547e-10,3.056219451794704e-09,0.002697118301460475,0.011313695291096278,6.2300340271540535e-09,-0.0441569323879095,6.2782591520599435e-09,2.5005914250375987e-09,0.0014488464355396078,-0.0007597005071950774,6.023322492301751e-09,0.000605377285831793,6.172636034338915e-09,0.0,True,False,1,True,True,0.0034109999978682026,4,2.789946183167789e-10,4.7851879562672364e-11,`gtol` termination condition is satisfied.,True,True,0.009999999999999787,0.004849943243300958,1.0,0.0005501304456599392,0.006399557803932551,0.0005501303036849094,0.006399557851784435
9.009999999999852,1786132512.4137075,0.007763399989926256,0.00662719999672845,0.01,TELEOP,0,,0.0,9.009999999999852,901,0.0,0.0,0.016500000000002464,0.11667073709932464,0.0,0.0,0.9931706495384871,5.163744836123184e-20,1.0799858812726612e-11,0.01815769130190004,0.11092547962616131,0.0,0.0,0.9938287266776434,-0.016000000000000007,-0.22355163178501486,0.2854945374469978,-0.07525137633193978,0.0,0.0,0.9971645954205097,-0.016000000000000004,-0.22353545559463509,0.2855549078095689,-0.07567324973278566,0.0,0.0,0.9971326688434592,-0.01600000000205736,-0.2235354558633826,0.285554907735118,-0.07567324975664197,1.0938105119948092e-15,1.4412978857110445e-14,0.9971326688416486,-0.016000000038177854,-0.22339171229646465,0.2860859493317079,-0.0788635061501301,3.2676816911306714e-13,-5.4341174583536536e-11,0.9968854234051717,-0.016000000038177854,-0.22339171229646465,0.2860859493317079,-0.0788635061501301,3.2676816911306714e-13,-5.4341174583536536e-11,0.9968854234051717,-2.3221942834642e-11,-0.5269960756038551,0.6978707415720037,-7.255067931457159e-11,0.3223659851046314,-7.231796750999549e-11,-3.6193535876801193e-10,-0.5273134817988449,0.6966370990619208,-7.751580949887693e-10,0.32721458479560717,-7.817157974731694e-10,-3.6193535876801193e-10,-0.5273134817988449,0.6966370990619208,-7.751580949887693e-10,0.32721458479560717,-7.817157974731694e-10,3.0579881764352294e-09,0.002711610037005339,0.011306098107923018,6.242134497564718e-09,-0.044150874435675724,6.29139853893867e-09,1.7687246405257726e-10,0.0014491735544864214,-0.000759718317325907,1.210047041066465e-09,0.0006057952233771864,1.313938687872646e-09,0.0,True,False,1,True,True,0.0033954999962588772,4,2.7887703295491856e-10,4.7849848151740736e-11,`gtol` termination condition is satisfied.,True,True,0.009999999999999787,0.0048492715824970944,1.0,0.0005501521519898358,0.0063996483960483104,0.0005501520099069266,0.006399648443898112
9.019999999999852,1786132512.4202712,0.006845800002338365,0.006345100002363324,0.01,TELEOP,0,,0.0,9.019999999999852,902,0.0,0.0,0.016333333333335802,0.11724852058460769,0.0,0.0,0.9931026051827277,4.6920486571884966e-20,9.813316622914685e-12,0.017991024636549918,0.11150364693835703,0.0,0.0,0.9937640246655371,-0.016000000000000007,-0.22356457273745364,0.2854462411561415,-0.07496130972894227,0.0,0.0,0.997186442970281,-0.016000000000000004,-0.22354839654707684,0.28550661151886575,-0.0753831923991194,0.0,0.0,0.9971546391125689,-0.016000000002048587,-0.2235483968156569,0.2855066114442511,-0.07538319242297502,1.048672985032599e-15,1.387168507773074e-14,0.9971546391107654,-0.016000000034939954,-0.22340466123085126,0.28603767563556465,-0.07857356162218149,1.8948286308116989e-13,-4.945460456457156e-11,0.9969083184596291,-0.016000000034939954,-0.22340466123085126,0.28603767563556465,-0.07857356162218149,1.8948286308116989e-13,-4.945460456457156e-11,0.9969083184596291,-2.3120282013799674e-11,-0.5269672066352777,0.6979828730563398,-7.233189087040622e-11,0.32192520913954326,-7.209190389153813e-11,-3.315509180065632e-10,-0.5272862206848697,0.6967500839473159,-7.130577912324942e-10,0.32677313667122415,-7.191167004941382e-10,-3.315509180065632e-10,-0.5272862206848697,0.6967500839473159,-7.130577912324942e-10,0.32677313667122415,-7.191167004941382e-10,3.0384440761449414e-09,0.002726111397509832,0.011298488539498136,6.210030375627633e-09,-0.044144812438302684,6.259909697903247e-09,-1.9544100290288366e-09,0.0014501360504493507,-0.0007609568424882975,-3.210412193708543e-09,0.0006061997373038818,-3.1488841035422985e-09,0.0,True,False,1,True,True,0.0032916000054683536,4,2.787593926034485e-10,4.784737801149851e-11,`gtol` termination condition is satisfied.,True,True,0.009999999999999787,0.004848599690975786,1.0,0.0005501718764485651,0.006399730690296646,0.0005501717342572677,0.006399730738144007
9.029999999999852,1786132512.4277182,0.006548799996380694,0.0072438000061083585,0.01,TELEOP,0,,0.0,9.029999999999852,903,0.0,0.0,0.016166666666669133,0.11782626438551207,0.0,0.0,0.9930342246976966,4.263440836079916e-20,8.916892786455531e-12,0.01782435797106901,0.1120817765106258,0.0,0.0,0.9936989863002892,-0.016000000000000007,-0.22357751368987647,0.2853979448652402,-0.07467123678301225,0.0,0.0,0.9972082061421754,-0.016000000000000004,-0.22356133749950252,0.28545831522810317,-0.0750931286868007,0.0,0.0,0.9971765250064943,-0.016000000002039837,-0.22356133776791515,0.285458315153325,-0.07509312871065572,1.0037752590366862e-15,1.3329367373388813e-14,0.997176525004698,-0.016000000031741467,-0.22341760936116772,0.2859893997023596,-0.07828360637111595,6.654856767821684e-14,-4.461712173660258e-11,0.9969311295037045,-0.016000000031741467,-0.22341760936116772,0.2859893997023596,-0.07828360637111595,6.654856767821684e-14,-4.461712173660258e-11,0.9969311295037045,-2.3018769428661022e-11,-0.526938183194109,0.6980949110333231,-7.211290098928133e-11,0.3214844941396296,-7.186571137925594e-11,-3.0155592961011085e-10,-0.5272588144033734,0.6968629925025808,-6.516815066069977e-10,0.32633174920629254,-6.572393963945065e-10,-3.0155592961011085e-10,-0.5272588144033734,0.6968629925025808,-6.516815066069977e-10,0.32633174920629254,-6.572393963945065e-10,2.999498839645296e-09,0.0027406281496345215,0.011290855526489438,6.137628462549786e-09,-0.04413874649316257,6.187730409963313e-09,-3.894523649964635e-09,0.001451675212468976,-0.0007633013008698954,-7.2401913077849355e-09,0.000606594514011502,-7.21792879399357e-09,0.0,True,False,1,True,True,0.004007900002761744,4,2.7864184031882127e-10,4.7845086980398135e-11,`gtol` termination condition is satisfied.,True,True,0.009999999999999787,0.004847927531680896,1.0,0.000550189651965074,0.0063998048066696315,0.000550189509665,0.006399804854514799
9.039999999999852,1786132512.4336245,0.007475200007320382,0.005674700005329214,0.01,TELEOP,0,,0.0,9.039999999999852,904,0.0,0.0,0.016000000000002478,0.1184039683064924,0.0,0.0,0.992965508106538,3.87398535070724e-20,8.102355199644171e-12,0.01765769130546988,0.11265986814728383,0.0,0.0,0.9936336116039135,-0.016000000000000007,-0.22359045464228472,0.28534964857429834,-0.07438115751869848,0.0,0.0,0.9972298849343509,-0.016000000000000004,-0.22357427845191352,0.28541001893728674,-0.07480305862038017,0.0,0.0,0.9971983265233832,-0.016000000001954458,-0.2235742787207805,0.2854100188579981,-0.07480305864449605,-3.900332128863346e-14,1.7083967672085212e-13,0.9971983265215743,-0.016000000028600605,-0.22343055670252687,0.2859411215815502,-0.07799364050432861,-4.2459677773237443e-14,-3.9856406279143024e-11,0.9969538565254069,-0.016000000028600605,-0.22343055670252687,0.2859411215815502,-0.07799364050432861,-4.2459677773237443e-14,-3.9856406279143024e-11,0.9969538565254069,-2.2250392834613006e-11,-0.5269090052701254,0.6982068556027596,-7.07835947582871e-11,0.3210438402154577,-7.058983169574065e-11,-2.721209017968664e-10,-0.5272312627485765,0.6969758243942137,-5.913858990902321e-10,0.3258904224398911,-5.964445789927693e-10,-2.721209017968664e-10,-0.5272312627485765,0.6969758243942137,-5.913858990902321e-10,0.3258904224398911,-5.964445789927693e-10,2.9435027813245072e-09,0.0027551654796983127,0.011283189163295087,6.029560751676688e-09,-0.04413267664014546,6.0794817401738495e-09,-5.599605832079004e-09,0.0014537330063791598,-0.0007666363194351832,-1.0806771087309971e-08,0.0006069853017112714,-1.0824866978946654e-08,0.0,True,False,1,True,True,0.0025782000011531636,3,2.803211767606832e-10,4.836852289484177e-11,`gtol` termination condition is satisfied.,True,True,0.009999999999999787,0.004847255066662948,1.0,0.0005502055265947174,0.006399870911430644,0.0005502053798268622,0.0063998709597979245
9.049999999999851,1786132512.4410515,0.005885399994440377,0.007216800004243851,0.01,TELEOP,0,,0.0,9.049999999999851,905,0.0,0.0,0.01583333333333581,0.11898163215201683,0.0,0.0,0.9928964554325099,3.520105725518501e-20,7.362223742460994e-12,0.01749102463976392,0.11323792165266126,0.0,0.0,0.9935679005985378,-0.016000000000000007,-0.22360339559467973,0.28530135228331976,-0.07409107196054968,0.0,0.0,0.9972514793449728,-0.016000000000000004,-0.22358721940431117,0.2853617226464216,-0.07451298222440819,0.0,0.0,0.9972200436613903,-0.01600000000194533,-0.22358721967300776,0.2853617225669643,-0.0745129822485238,-3.838773535341773e-14,1.6762205590824124e-13,0.9972200436595884,-0.016000000025534252,-0.22344350327424298,0.28589284133369075,-0.07770366415002641,-1.3778585909133447e-13,-3.5198562962304445e-11,0.9969764995112271,-0.016000000025534252,-0.22344350327424298,0.28589284133369075,-0.07770366415002641,-1.3778585909133447e-13,-3.5198562962304445e-11,0.9969764995112271,-2.2141429105031987e-11,-0.5268796728440825,0.6983187067572982,-7.052172190273926e-11,0.32060324737788365,-7.032033871797643e-11,-2.4340282440769906e-10,-0.5272035654684536,0.6970885792001764,-5.324978131916172e-10,0.32544915641053695,-5.370623558170464e-10,-2.4340282440769906e-10,-0.5272035654684536,0.6970885792001764,-5.324978131916172e-10,0.32544915641053695,-5.370623558170464e-10,2.871807738916796e-09,0.0027697280122886683,0.011275480596273658,5.888808589861615e-09,-0.04412660293541628,5.938222317572415e-09,-7.16950424077128e-09,0.0014562532590355688,-0.0007708567021429309,-1.4075216181507621e-08,0.0006073704729182376,-1.4125942260143687e-08,0.0,True,False,1,True,True,0.0025714000075822696,3,2.802054790289828e-10,4.836694745667626e-11,`gtol` termination condition is satisfied.,True,True,0.009999999999999787,0.0048465822244334045,1.0,0.0005502195449481531,0.0063999292141464,0.0005502193980661352,0.0063999292625120715
9.059999999999851,1786132512.4685812,0.02443920000223443,0.010304699986591004,0.01,TELEOP,0,,0.0,9.059999999999851,906,0.0,0.0,0.015666666666669146,0.11955925572656712,0.0,0.0,0.9928270666989842,3.1985521877531073e-20,6.689701586596518e-12,0.017324357973961434,0.11381593683110205,0.0,0.0,0.9935018533064035,-0.016000000000000007,-0.22361633654706264,0.28525305599230794,-0.07380098013311462,0.0,0.0,0.9972729893722139,-0.016000000000000004,-0.2236001603566966,0.28531342635551243,-0.0742228995234349,0.0,0.0,0.9972416764186774,-0.016000000001936184,-0.22360016062522278,0.28531342627588674,-0.07422289954755022,-3.7768741548459324e-14,1.6438754767662272e-13,0.9972416764168825,-0.01600000002255738,-0.22345644909935694,0.2858445590290578,-0.07741367745477637,-2.197934158058921e-13,-3.0666965859158066e-11,0.9969990584463598,-0.01600000002255738,-0.22345644909935694,0.2858445590290578,-0.07741367745477637,-2.197934158058921e-13,-3.0666965859158066e-11,0.9969990584463598,-2.203231452541779e-11,-0.5268501859057692,0.6984304645965702,-7.025848782636107e-11,0.32016271573728433,-7.004956292423224e-11,-2.1554062492677984e-10,-0.5271757222702668,0.697201256420895,-4.753070724695171e-10,0.32500795115673137,-4.793855068442114e-10,-2.1554062492677984e-10,-0.5271757222702668,0.697201256420895,-4.753070724695171e-10,0.32500795115673137,-4.793855068442114e-10,2.7862199480919825e-09,0.0027843198186843633,0.011267722071857654,5.719074072210135e-09,-0.044120525380557024,5.767684897283616e-09,-8.558779082481544e-09,0.001459180639569544,-0.0007758524416003604,-1.6973451765148453e-08,0.0006077554859256508,-1.705374202888026e-08,0.0,True,False,1,True,True,0.004344199987826869,3,2.8008981765110126e-10,4.8365203409860026e-11,`gtol` termination condition is satisfied.,True,True,0.009999999999999787,0.004845909032653306,1.0,0.0005502317731263531,0.006399979959619855,0.0005502316261299488,0.006399980007983915
9.069999999999851,1786132512.4754071,0.010623099995427765,0.006509700004244223,0.01,TELEOP,0,,0.0,9.069999999999851,907,0.0,0.0,0.015500000000002484,0.12013683883463852,0.0,0.0,0.9927573419294466,2.906371823895498e-20,6.078612778329662e-12,0.017157691308071765,0.1143939134869641,0.0,0.0,0.9934354697498662,-0.016000000000000007,-0.2236292774994345,0.2852047597012661,-0.0735108820609422,0.0,0.0,0.9972944150142536,-0.016000000000000004,-0.2236131013090709,0.2852651300645634,-0.07393281054201034,0.0,0.0,0.997263224793414,-0.016000000001927053,-0.22361310157742664,0.28526512998476944,-0.07393281056612529,-3.714614693548855e-14,1.611349361510533e-13,0.9972632247916262,-0.016000000019683106,-0.22346939420417042,0.2857962747463529,-0.07712368058112973,-2.8894977272225995e-13,-2.628231321538791e-11,0.9970215333149128,-0.016000000019683106,-0.22346939420417042,0.2857962747463529,-0.07712368058112973,-2.8894977272225995e-13,-2.628231321538791e-11,0.9970215333149128,-2.192318806951824e-11,-0.5268205444419923,0.6985421291844833,-6.999431695667627e-11,0.3197222453707691,-6.977792706824177e-11,-1.886557098688729e-10,-0.5271477328258991,0.6973138554896342,-4.200675548943084e-10,0.3245668067172293,-4.2367056487066853e-10,-1.886557098688729e-10,-0.5271477328258991,0.6973138554896342,-4.200675548943084e-10,0.3245668067172293,-4.2367056487066853e-10,2.6884915057907512e-09,0.0027989444367623557,0.011259906873916946,5.523951757520989e-09,-0.044114443950206625,5.5714941973544095e-09,-9.772844230123355e-09,0.0014624618077992877,-0.0007815197940709534,-1.9512231468914955e-08,0.0006081430350398053,-1.961906999292113e-08,0.0,True,False,1,True,True,0.002849399999831803,3,2.7997428222592763e-10,4.836343010464316e-11,`gtol` termination condition is satisfied.,True,True,0.009999999999999787,0.004845235419447036,1.0,0.0005502422801691453,0.006400023425216086,0.0005502421330579305,0.006400023473578343
9.07999999999985,1786132512.4814866,0.006736200011800975,0.005853000009665266,0.01,TELEOP,0,,0.0,9.07999999999985,908,0.0,0.0,0.015333333333335822,0.12071438128074011,0.0,0.0,0.9926872811474962,2.6408814622679082e-20,5.5233455230661395e-12,0.01699102464210336,0.11497185142461888,0.0,0.0,0.9933687499513941,-0.016000000000000007,-0.22364221845179633,0.28515646341019707,-0.07322077776858145,0.0,0.0,0.997315756269279,-0.016000000000000004,-0.223626042261435,0.2852168337735783,-0.07364271530468446,0.0,0.0,0.9972846887837762,-0.01600000000191789,-0.2236260425296202,0.28521683369361633,-0.0736427153287992,-3.6519934262585773e-14,1.578641302129108e-13,0.9972846887819954,-0.016000000016922748,-0.2234823386177957,0.2857479885714538,-0.07683367370533216,-3.458114016963619e-13,-2.2062696172234405e-11,0.9970439241001083,-0.016000000016922748,-0.2234823386177957,0.2857479885714538,-0.07683367370533216,-3.458114016963619e-13,-2.2062696172234405e-11,0.9970439241001083,-2.1813871892184774e-11,-0.5267907484395791,0.6986537005848821,-6.972864479876804e-11,0.3192818363553636,-6.95048688597032e-11,-1.6285258052428675e-10,-0.5271195967769905,0.6974263757824732,-3.6699842135248137e-10,0.3241257231312839,-3.7013905072817804e-10,-1.6285258052428675e-10,-0.5271195967769905,0.6974263757824732,-3.6699842135248137e-10,0.3241257231312839,-3.7013905072817804e-10,2.5803129344586687e-09,0.0028136048908655176,0.011252029283901555,5.306913354182815e-09,-0.04410835859454059,5.353151414249162e-09,-1.0817857133208475e-08,0.0014660454103162155,-0.0007877590015390307,-2.170384033381794e-08,0.0006085355666035399,-2.1834278310525264e-08,0.0,True,False,1,True,True,0.0026590999914333224,3,2.798587076880062e-10,4.8361847877105604e-11,`gtol` termination condition is satisfied.,True,True,0.009999999999999787,0.004844561346460219,1.0,0.0005502511413201954,0.006400059915740674,0.0005502509940939129,0.006400059964101458
9.08999999999985,1786132512.4878936,0.0060717999876942486,0.006188500003190711,0.01,TELEOP,0,,0.0,9.08999999999985,909,0.0,0.0,0.015166666666669153,0.12129188286939468,0.0,0.0,0.9926168843768461,2.3996430327357363e-20,5.0188006507034646e-12,0.01682435797606387,0.11554975044845187,0.0,0.0,0.9933016939335705,-0.016000000000000007,-0.22365515940414896,0.2851081671191036,-0.07293066728058172,0.0,0.0,0.9973370131354843,-0.016000000000000004,-0.22363898321378983,0.28516853748256066,-0.07335261383600726,0.0,0.0,0.9973060683879477,-0.016000000001908706,-0.2236389834818044,0.2851685374024308,-0.07335261386012165,-3.589009327698736e-14,1.5457503952741067e-13,0.997306068386174,-0.016000000014285917,-0.223495282371723,0.2856997005962206,-0.07654365701512968,-3.9100949169489403e-13,-1.8023679778814587e-11,0.9970662307844701,-0.016000000014285917,-0.223495282371723,0.2856997005962206,-0.07654365701512968,-3.9100949169489403e-13,-1.8023679778814587e-11,0.9970662307844701,-2.1704333472596538e-11,-0.5267607978853722,0.6987651788615503,-6.946136226947025e-11,0.31884148876801477,-6.923027984220184e-11,-1.3821951579833494e-10,-0.5270913137398546,0.697538816627847,-3.1628548602884125e-10,0.3236847004388668,-3.1897885185529804e-10,-1.3821951579833494e-10,-0.5270913137398546,0.697538816627847,-3.1628548602884125e-10,0.3236847004388668,-3.1897885185529804e-10,2.4633064725952337e-09,0.002828303713583858,0.011244084537379953,5.07129353236412e-09,-0.04410226924171022,5.116019887288109e-09,-1.1700646186343752e-08,0.0014698822718340703,-0.0007944746521603395,-2.3561982181869905e-08,0.0006089352830371611,-2.371315269610578e-08,0.0,True,False,1,True,True,0.0026203000015811995,3,2.7974316300108253e-10,4.8360053821898353e-11,`gtol` termination condition is satisfied.,True,True,0.009999999999999787,0.004843886775920292,1.0,0.0005502584369871705,0.006400089759037819,0.0005502582896455199,0.006400089807396882
9.09999999999985,1786132512.494802,0.006537500012200326,0.0065590000012889504,0.01,TELEOP,0,,0.0,9.09999999999985,910,0.0,0.0,0.015000000000002497,0.12186934340513884,0.0,0.0,0.9925461516413231,2.1804411772469793e-20,4.560344788566013e-12,0.016657691309960223,0.11612761036286215,0.0,0.0,0.9932343017190916,-0.016000000000000007,-0.22366810035649323,0.28505987082798784,-0.07264055062149236,0.0,0.0,0.9973581856110705,-0.016000000000000004,-0.2236519241661362,0.2851202411915135,-0.07306250616052881,0.0,0.0,0.9973273636041191,-0.01600000000189951,-0.22365192443397994,0.2851202411112159,-0.0730625061846429,-3.52566040358626e-14,1.512675703765537e-13,0.9973273636023525,-0.01600000001178058,-0.22350822549940763,0.2856514109173602,-0.0762536307076783,-4.252362992499478e-13,-1.417839479208519e-11,0.997088453350001,-0.01600000001178058,-0.22350822549940763,0.2856514109173602,-0.0762536307076783,-4.252362992499478e-13,-1.417839479208519e-11,0.997088453350001,-2.1594628108677454e-11,-0.5267306927662334,0.6988765640782113,-6.919263718484301e-11,0.3184012026855904,-6.895432733588649e-11,-1.1482931141281203e-10,-0.5270628833101633,0.6976511773156228,-2.680827060874211e-10,0.32324373868086453,-2.703457214682177e-10,-1.1482931141281203e-10,-0.5270628833101633,0.6976511773156228,-2.680827060874211e-10,0.32324373868086453,-2.703457214682177e-10,2.33902043855234e-09,0.0028430429691332706,0.0112360687775735,4.820277994142114e-09,-0.044096175800231875,4.863313038708141e-09,-1.2428603404289622e-08,0.0014739255549412772,-0.0008015759806453248,-2.5101553822201123e-08,0.0006093441478343306,-2.5270684857997326e-08,0.0,True,False,1,True,True,0.002833300008205697,3,2.796275842866195e-10,4.835842030244318e-11,`gtol` termination condition is satisfied.,True,True,0.009999999999999787,0.0048432116708520545,1.0,0.0005502642517523261,0.006400113301792619,0.0005502641042950012,0.006400113350150047
9.10999999999985,1786132512.5010211,0.006814599997596815,0.005963900010101497,0.01,TELEOP,0,,0.0,9.10999999999985,911,0.0,0.0,0.014833333333335828,0.12244676269252315,0.0,0.0,0.9924750829648676,1.9812629055972464e-20,4.143767811884459e-12,0.01649102464379868,0.11670543097226264,0.0,0.0,0.9931665733307674,-0.016000000000000007,-0.22368104130882985,0.2850115745368521,-0.07235042781586311,0.0,0.0,0.997379273694246,-0.016000000000000004,-0.2236648651184748,0.28507194490043974,-0.07277239230279925,0.0,0.0,0.9973485744304885,-0.016000000001890318,-0.22366486538614788,0.28507194481997455,-0.07277239232691302,-3.4619454487734995e-14,1.479416261956036e-13,0.9973485744287289,-0.016000000009413165,-0.22352116803587682,0.28560311963535057,-0.07596359498756133,-4.4923223850511095e-13,-1.0537638803406933e-11,0.9971105917783473,-0.016000000009413165,-0.22352116803587682,0.28560311963535057,-0.07596359498756133,-4.4923223850511095e-13,-1.0537638803406933e-11,0.9971105917783473,-2.1484882600985102e-11,-0.526700433069039,0.6989878562985231,-6.892286458920768e-11,0.3179609781848768,-6.867740486116697e-11,-9.274006552600056e-11,-0.5270343050673828,0.6977634571056873,-2.2251377001960396e-10,0.3228028378992514,-2.24364877525845e-10,-9.274006552600056e-11,-0.5270343050673828,0.6977634571056873,-2.2251377001960396e-10,0.3228028378992514,-2.24364877525845e-10,2.2089245886811943e-09,0.00285782427804178,0.01122797900645651,4.556893606781814e-09,-0.044090078161315154,4.598084394237365e-09,-1.3009584987114851e-08,0.0014781308908509293,-0.0008089771116991483,-2.6338438736030575e-08,0.0006097638916719925,-2.6522864447078212e-08,0.0,True,False,1,True,True,0.002723800003877841,3,2.795122481489361e-10,4.8356649910038215e-11,`gtol` termination condition is satisfied.,True,True,0.009999999999999787,0.004842535995274122,1.0,0.0005502686734356813,0.006400130905553998,0.000550268525862377,0.006400130953909787
9.11999999999985,1786132512.5083482,0.006188899991684593,0.007101600000169128,0.01,TELEOP,0,,0.0,9.11999999999985,912,0.0,0.0,0.014666666666669166,0.12302414053611206,0.0,0.0,0.992403678371534,1.8002791095937057e-20,3.765244181075788e-12,0.016324357977584917,0.11728321208107996,0.0,0.0,0.9930985087915218,-0.016000000000000007,-0.2236939822611595,0.2849632782456983,-0.07206029888824404,0.0,0.0,0.9974002773832265,-0.016000000000000004,-0.22367780607080634,0.2850236486093419,-0.07248227228736892,0.0,0.0,0.9973697008652609,-0.016000000001881093,-0.22367780633830847,0.28502364852870926,-0.07248227231148223,-3.3978626937344576e-14,1.4459711588086262e-13,0.9973697008635084,-0.016000000007188573,-0.2235341100173583,0.2855548268534292,-0.07567355006492145,-4.63773762072301e-13,-7.10998530513451e-12,0.9971326460509514,-0.016000000007188573,-0.2235341100173583,0.2855548268534292,-0.07567355006492145,-4.63773762072301e-13,-7.10998530513451e-12,0.9971326460509514,-2.1374820987720514e-11,-0.5266700187806856,0.6990990555860834,-6.865116534663819e-11,0.31752081534257937,-6.839863713557449e-11,-7.199599815379641e-11,-0.5270055785789542,0.697875655236027,-1.7967375498054258e-10,0.32236199813724026,-1.8113267168707092e-10,-7.199599815379641e-11,-0.5270055785789542,0.697875655236027,-1.7967375498054258e-10,0.32236199813724026,-1.8113267168707092e-10,2.074406737220459e-09,0.0028726488428557685,0.01121981303397132,4.284001503906228e-09,-0.0440839762011167,4.3232205838775005e-09,-1.3451785146073837e-08,0.0014824564813988817,-0.0008165972485191561,-2.728921028755916e-08,0.0006101960198457458,-2.7486381035987036e-08,0.0,True,False,1,True,True,0.002973299997393042,3,2.7939675544417537e-10,4.835469493469899e-11,`gtol` termination condition is satisfied.,True,True,0.009999999999999787,0.004841859714374619,1.0,0.0005502717922144458,0.006400142942986065,0.0005502716445249936,0.006400142991339883
9.12999999999985,1786132512.5145307,0.007336900001973845,0.005946999997831881,0.01,TELEOP,0,,0.0,9.12999999999985,913,0.0,0.0,0.014500000000002504,0.12360147674048404,0.0,0.0,0.9923319378854898,1.6358277658575116e-20,3.4212978107736e-12,0.016157691311324062,0.11786095349375457,0.0,0.0,0.9930301081243927,-0.016000000000000007,-0.22370692321348276,0.28491498195452813,-0.07177016386318544,0.0,0.0,0.9974211966762344,-0.016000000000000004,-0.22369074702313144,0.28497535231822224,-0.07219214613878833,0.0,0.0,0.9973907429066483,-0.01600000000187187,-0.22369074729046248,0.2849753522374224,-0.07219214616290143,-3.33341079452808e-14,1.41233943259289e-13,0.997390742904903,-0.016000000005110336,-0.22354705148093187,0.28550653267664655,-0.0753834961537081,-4.696620587903292e-13,-3.901899286404137e-12,0.9971546161491928,-0.016000000005110336,-0.22354705148093187,0.28550653267664655,-0.0753834961537081,-4.696620587903292e-13,-3.901899286404137e-12,0.9971546161491928,-2.1264675829121414e-11,-0.5266394498880843,0.6992101620044258,-6.837826922888535e-11,0.3170807142353241,-6.811875097253774e-11,-5.2628302213132344e-11,-0.5269767034042081,0.6979877709302856,-1.3963085587701643e-10,0.32192121943941115,-1.407183307743437e-10,-5.2628302213132344e-11,-0.5269767034042081,0.6979877709302856,-1.3963085587701643e-10,0.32192121943941115,-1.407183307743437e-10,1.9367695940664478e-09,0.0028875174746108,0.011211569425861727,4.004289910352699e-09,-0.044077869782909875,4.041434091272808e-09,-1.3763714315401395e-08,0.0014868631755031773,-0.000824360810959141,-2.7971159355353483e-08,0.0006106418206822696,-2.8178649260469925e-08,0.0,True,False,1,True,True,0.0027184999926248565,3,2.792812392871951e-10,4.83532141015255e-11,`gtol` termination condition is satisfied.,True,True,0.009999999999999787,0.004841182794660892,1.0,0.0005502736997995148,0.0064001497943509,0.0005502735519937378,0.006400149842703247
9.13999999999985,1786132512.521039,0.006158800009870902,0.0062972000014269724,0.01,TELEOP,0,,0.0,9.13999999999985,914,0.0,0.0,0.014333333333335842,0.12417877111023175,0.0,0.0,0.9922598615310169,1.486398673011483e-20,3.1087701479914746e-12,0.01599102464502076,0.11843865501474064,0.0,0.0,0.9929613713525312,-0.016000000000000007,-0.22371986416580025,0.2848666856633433,-0.071480022765238,0.0,0.0,0.9974420315715,-0.016000000000000004,-0.22370368797545065,0.284927056027083,-0.07190201388160823,0.0,0.0,0.9974117005528705,-0.016000000001862635,-0.22370368824261072,0.28492705594611606,-0.07190201390572094,-3.268587897058821e-14,1.3785201254029904e-13,0.9974117005511324,-0.016000000003180696,-0.22355999246420252,0.28545823721098557,-0.07509343347004638,-4.677126019604849e-13,-9.17858112074961e-13,0.9971765020545158,-0.016000000003180696,-0.22355999246420252,0.28545823721098557,-0.07509343347004638,-4.677126019604849e-13,-9.17858112074961e-13,0.9971765020545158,-2.115439896139557e-11,-0.5266087263781635,0.6993211756170207,-6.810401794711714e-11,0.3166406749396557,-6.783758886559196e-11,-3.4656012161608756e-11,-0.52694767909801,0.6980998034047917,-1.0242815087982645e-10,0.32148050185181953,-1.031657353410885e-10,-3.4656012161608756e-11,-0.52694767909801,0.6980998034047917,-1.0242815087982645e-10,0.32148050185181953,-1.031657353410885e-10,1.7972290051523973e-09,0.002902430619813115,0.011203247450605917,3.7202704997190772e-09,-0.044071758759164234,3.755259543325602e-09,-1.3954058891405343e-08,0.0014913145202315457,-0.0008321975255810363,-2.8401941063362822e-08,0.0006111023745643956,-2.861745479472119e-08,0.0,True,False,1,True,True,0.0031156999903032556,3,2.791659385458342e-10,4.835139652513595e-11,`gtol` termination condition is satisfied.,True,True,0.009999999999999787,0.0048405052040870755,1.0,0.0005502744886697068,0.006400151844239162,0.0005502743407473918,0.006400151892589707
9.14999999999985,1786132512.5271661,0.006531499995617196,0.005892599991057068,0.01,TELEOP,0,,0.0,9.14999999999985,915,0.0,0.0,0.01416666666666918,0.12475602344996194,0.0,0.0,0.9921874493325102,1.3506195830904761e-20,2.8247911662724783e-12,0.015824357978679197,0.11901631644850623,0.0,0.0,0.9928922984992024,-0.016000000000000007,-0.22373280511811242,0.28481838937214504,-0.0711898756189528,0.0,0.0,0.9974627820672599,-0.016000000000000004,-0.22371662892776445,0.284878759735926,-0.07161187554037968,0.0,0.0,0.997432573802154,-0.01600000000185337,-0.2237166291947533,0.2848787596547921,-0.0716118755644919,-3.203392805292981e-14,1.344512276757626e-13,0.9974325738004228,-0.016000000001400692,-0.2235729330049981,0.285409940562548,-0.07480336223072509,-4.587455601276675e-13,1.839523564166686e-12,0.9971983037485468,-0.016000000001400692,-0.2235729330049981,0.285409940562548,-0.07480336223072509,-4.587455601276675e-13,1.839523564166686e-12,0.9971983037485468,-2.1043930220378382e-11,-0.5265778482378707,0.6994320964872782,-6.782821411009239e-11,0.3162006975320395,-6.755495446903244e-11,-1.8086884600898002e-11,-0.526918505214133,0.6982117518750507,-6.808539396039021e-11,0.3210398454220843,-6.849522577121523e-11,-1.8086884600898002e-11,-0.526918505214133,0.6982117518750507,-6.808539396039021e-11,0.3210398454220843,-6.849522577121523e-11,1.6569127560711106e-09,0.0029173883877032084,0.011194847025893273,3.4342756919436977e-09,-0.044065642973525575,3.467050956987402e-09,-1.4031624908128981e-08,0.0014957767890093575,-0.0008400424712644381,-2.8599480777538557e-08,0.000611578563866159,-2.8820858633820565e-08,0.0,True,False,1,True,True,0.002675200012163259,3,2.790505237835837e-10,4.834938516323594e-11,`gtol` termination condition is satisfied.,True,True,0.009999999999999787,0.004839826912163836,1.0,0.0005502742513642967,0.006400149478534685,0.0005502741033252996,0.006400149526883258
9.15999999999985,1786132512.5331106,0.006156999996164814,0.005679900001268834,0.01,TELEOP,0,,0.0,9.15999999999985,916,0.0,0.0,0.014000000000002517,0.12533323356429557,0.0,0.0,0.992114701314479,1.2272435998154306e-20,2.566753009456221e-12,0.015657691312303178,0.11959393759953316,0.0,0.0,0.9928228895877851,-0.016000000000000007,-0.22374574607041975,0.28477009308093487,-0.07089972244888121,0.0,0.0,0.9974834481617586,-0.016000000000000004,-0.22372956988007334,0.284830463444753,-0.07132173113965395,0.0,0.0,0.9974533626527323,-0.0160000000018441,-0.223729570146891,0.2848304633634523,-0.0713217311637658,-3.1378238082396095e-14,1.310314943676154e-13,0.9974533626510081,-0.015999999999770222,-0.22358587314108913,0.28536164283680804,-0.07451328265180701,-4.4357707507469005e-13,4.369366023130982e-12,0.9972200212131984,-0.015999999999770222,-0.22358587314108913,0.28536164283680804,-0.07451328265180701,-4.4357707507469005e-13,4.369366023130982e-12,0.9972200212131984,-2.0933355062274296e-11,-0.5265468154541673,0.6995429246785421,-6.755112337023312e-11,0.3157607820888597,-6.72711123294532e-11,-2.9182848262282266e-12,-0.526889181308357,0.6983236155617012,-3.660082323847528e-11,0.3205992501994574,-3.670542454437464e-11,-2.9182848262282266e-12,-0.526889181308357,0.6983236155617012,-3.660082323847528e-11,0.3205992501994574,-3.670542454437464e-11,1.5168599774670098e-09,0.0029323905775930172,0.011186368665048955,3.1484570721915605e-09,-0.044059522262693294,3.178980122684126e-09,-1.4005277860410386e-08,0.0015002189889808917,-0.0008478360844317087,-2.858186197521435e-08,0.0006120710832278539,-2.880708343032821e-08,0.0,True,False,1,True,True,0.0025812999956542626,3,2.7893522846768816e-10,4.834757974959724e-11,`gtol` termination condition is satisfied.,True,True,0.009999999999999787,0.004839147890044804,1.0,0.0005502730798348183,0.006400143081628402,0.000550272931679058,0.0064001431299752255
9.169999999999849,1786132512.5393968,0.0058908000064548105,0.006076100005884655,0.01,TELEOP,0,,0.0,9.169999999999849,917,0.0,0.0,0.013833333333335855,0.1259104012578679,0.0,0.0,0.9920416175015455,1.1151377280060092e-20,2.3322860430269956e-12,0.015491024645896126,0.12017151827231717,0.0,0.0,0.9927531446417717,-0.016000000000000007,-0.22375868702272267,0.2847217967897138,-0.07060956327957504,0.0,0.0,0.9975040298532472,-0.016000000000000004,-0.22374251083237773,0.2847821671535655,-0.0710315807039827,0.0,0.0,0.9974740671028464,-0.016000000001834824,-0.22374251109902402,0.2847821670720983,-0.07103158072809437,-3.0718792719362004e-14,1.2759271247633376e-13,0.9974740671011293,-0.015999999998288158,-0.2235988129099335,0.28531334413793225,-0.07422319494735978,-4.230114086296577e-13,6.672394910316796e-12,0.9972416544307635,-0.015999999998288158,-0.2235988129099335,0.28531334413793225,-0.07422319494735978,-4.230114086296577e-13,6.672394910316796e-12,0.9972416544307635,-2.0822560643547515e-11,-0.5265156280140327,0.6996536602540928,-6.727237989424762e-11,0.3153209286864191,-6.698569849297646e-11,1.0861929718487715e-11,-0.5268597069412964,0.6984353936959391,-7.952963664607162e-12,0.3201587162348755,-7.775053099969328e-12,1.0861929718487715e-11,-0.5268597069412964,0.6984353936959391,-7.952963664607162e-12,0.3201587162348755,-7.775053099969328e-12,1.3780214544716236e-09,0.002947436706074372,0.011177813423789056,2.8647859573868725e-09,-0.044053396458189904,2.893037144440593e-09,-1.3883852299538921e-08,0.0015046128481355262,-0.0008555241259899869,-2.8367111480469418e-08,0.0006125804503393067,-2.8594297824353954e-08,0.0,True,False,1,True,True,0.0026415000029373914,3,2.788198664221413e-10,4.8346187915730597e-11,`gtol` termination condition is satisfied.,True,True,0.009999999999999787,0.004838468110597682,1.0,0.0005502710648542695,0.006400133033873785,0.0005502709165817435,0.006400133082219249
9.179999999999849,1786132512.5454378,0.006306800001766533,0.005809499998576939,0.01,TELEOP,0,,0.0,9.179999999999849,918,0.0,0.0,0.013666666666669186,0.12648752633532864,0.0,0.0,0.9919681979184461,1.0132724689779789e-20,2.1192370931160278e-12,0.015324357979461141,0.12074905827136785,0.0,0.0,0.9926830636847683,-0.016000000000000007,-0.22377162797502154,0.28467350049848306,-0.07031939813558655,0.0,0.0,0.9975245271399842,-0.016000000000000004,-0.223755451784678,0.284733870862365,-0.07074142425791789,0.0,0.0,0.9974946871507443,-0.016000000001825516,-0.22375545205115285,0.28473387078073126,-0.07074142428202909,-3.0055576896471026e-14,1.2413478403926752e-13,0.9974946871490344,-0.01599999999695245,-0.22361175234844274,0.28526504456816476,-0.07393309932830572,-3.978339453187895e-13,8.750810911444829e-12,0.9972632033839968,-0.01599999999695245,-0.22361175234844274,0.28526504456816476,-0.07393309932830572,-3.978339453187895e-13,8.750810911444829e-12,0.9972632033839968,-2.0711560574273805e-11,-0.5264842859044644,0.6997643032771503,-6.699201998680843e-11,0.3148811374009409,-6.669874928313447e-11,2.327453270188874e-11,-0.5268300816809571,0.6985470855244156,1.7897580831423393e-11,0.3197182435809954,1.8335261722796962e-11,2.327453270188874e-11,-0.5268300816809571,0.6985470855244156,1.7897580831423393e-11,0.3197182435809954,1.8335261722796962e-11,1.2412602983401291e-09,0.002962526033923708,0.011169182847647771,2.5850544496031105e-09,-0.044047265388017544,2.6110314822766846e-09,-1.3676115613149748e-08,0.0015089327849336252,-0.0008630576141285789,-2.7973150778376804e-08,0.0006131070172357585,-2.8200566216391407e-08,0.0,True,False,1,True,True,0.002667499997187406,3,2.7870458198859137e-10,4.834415206095946e-11,`gtol` termination condition is satisfied.,True,True,0.009999999999999787,0.004837787548456429,1.0,0.0005502682954845084,0.006400119709282048,0.0005502681470950057,0.006400119757625542
9.189999999999849,1786132512.5519645,0.00601969999843277,0.0063166000036289915,0.01,TELEOP,0,,0.0,9.189999999999849,919,0.0,0.0,0.01350000000000253,0.12706460860134172,0.0,0.0,0.9918944425900308,9.207123663770404e-21,1.925649673320681e-12,0.015157691313001025,0.12132655740120882,0.0,0.0,0.9926126467404953,-0.016000000000000007,-0.22378456892731674,0.2846252042072435,-0.07002922704146829,0.0,0.0,0.9975449400202352,-0.016000000000000004,-0.22376839273697455,0.28468557457115273,-0.07045126182601187,0.0,0.0,0.9975152227946814,-0.016000000001816218,-0.22376839300327786,0.28468557448935256,-0.07045126185012253,-2.9388572132664833e-14,1.2065761177762278e-13,0.9975152227929786,-0.015999999995760246,-0.2236246914927727,0.2852167442272781,-0.07364299600139039,-3.688050344116582e-13,1.0608159618916094e-11,0.9972846680561871,-0.015999999995760246,-0.2236246914927727,0.2852167442272781,-0.07364299600139039,-3.688050344116582e-13,1.0608159618916094e-11,0.9972846680561871,-2.0600560801286265e-11,-0.5264527891124734,0.6998748538108668,-6.671069587295303e-11,0.3144414083085674,-6.641091376210397e-11,3.4348063954012115e-11,-0.5268003051050317,0.6986586903136194,4.100635580900441e-11,0.31927783229221335,4.168120186946543e-11,3.4348063954012115e-11,-0.5268003051050317,0.6986586903136194,4.100635580900441e-11,0.31927783229221335,4.168120186946543e-11,1.107353125212361e-09,0.002977657592543769,0.011160478920379349,2.3108774977581513e-09,-0.044041128878202156,2.3345940146668965e-09,-1.339071731277712e-08,0.0015131558620061565,-0.0008703927268423166,-2.7417695184496504e-08,0.0006136509815386423,-2.7643746760979384e-08,0.0,True,False,1,True,True,0.0025854999985313043,3,2.785893430929691e-10,4.834211137377743e-11,`gtol` termination condition is satisfied.,True,True,0.009999999999999787,0.004837106180054451,1.0,0.000550264858599352,0.006400103473451671,0.0005502647100927952,0.006400103521793083
9.199999999999848,1786132512.5582461,0.00653759999840986,0.006060700005036779,0.01,TELEOP,0,,0.0,9.199999999999848,920,0.0,0.0,0.013333333333335862,0.12764164786058588,0.0,0.0,0.9918203515412629,8.366074156289275e-21,1.749746017758115e-12,0.01499102464651831,0.12190401546637758,0.0,0.0,0.9925418938327859,-0.016000000000000007,-0.22379750987960853,0.284576907915996,-0.0697390500217734,0.0,0.0,0.997565268492273,-0.016000000000000004,-0.22378133368926761,0.2846372782799298,-0.0701610934328173,0.0,0.0,0.9975356740329198,-0.016000000001806895,-0.22378133395539934,0.2846372781979636,-0.07016109345692761,-2.8717764256921977e-14,1.1716109626247483e-13,0.997535674031224,-0.015999999994707848,-0.22363763037813594,0.2851684432120859,-0.07335288516826545,-3.3665465637627035e-13,1.2249202417209147e-11,0.9973060484312182,-0.015999999994707848,-0.22363763037813594,0.2851684432120859,-0.07335288516826545,-3.3665465637627035e-13,1.2249202417209147e-11,0.9973060484312182,-2.0489244936285633e-11,-0.5264211376250905,0.6999853119183325,-6.642738903087964e-11,0.31400174148535925,-6.612117871195205e-11,4.411798629005373e-11,-0.5267703768029338,0.6987702073537556,6.144333186595456e-11,0.31883748242467114,6.23330193609851e-11,4.411798629005373e-11,-0.5267703768029338,0.6987702073537556,6.144333186595456e-11,0.31883748242467114,6.23330193609851e-11,9.769922336041824e-10,0.002992830209791001,0.011151704013620712,2.0436976056950582e-09,-0.04403498675422288,2.06518174915201e-09,-1.3036089160818129e-08,0.0015172617247232421,-0.0008774906758636514,-2.6717989206309877e-08,0.0006142123979280614,-2.6941226551489244e-08,0.0,True,False,1,True,True,0.0028381000010995194,3,2.7847409434983357e-10,4.8340334604636067e-11,`gtol` termination condition is satisfied.,True,True,0.009999999999999787,0.004836423983645921,1.0,0.000550260838462866,0.006400084681732197,0.0005502606898394645,0.006400084730071944
9.209999999999848,1786132512.5642393,0.006325599999399856,0.005728300006012432,0.01,TELEOP,0,,0.0,9.209999999999848,921,0.0,0.0,0.0131666666666692,0.12821864391775403,0.0,0.0,0.9917459247972196,7.60185258116423e-21,1.589910755358053e-12,0.014824357980015279,0.12248143227142573,0.0,0.0,0.9924708049855876,-0.016000000000000007,-0.22381045083189727,0.2845286116247414,-0.06944886710105529,0.0,0.0,0.9975855125543774,-0.016000000000000004,-0.22379427464155754,0.2845889819886973,-0.06987091910288733,0.0,0.0,0.9975560408637291,-0.01600000000179754,-0.2237942749075177,0.284588981906565,-0.06987091912699726,-2.804313686454669e-14,1.1364513640594384e-13,0.9975560408620403,-0.01599999999379097,-0.22365056903863628,0.2851201416160171,-0.07306276702468287,-3.020778750980463e-13,1.3679789247151821e-11,0.9973273444936206,-0.01599999999379097,-0.22365056903863628,0.2851201416160171,-0.07306276702468287,-3.020778750980463e-13,1.3679789247151821e-11,0.9973273444936206,-2.0377854113147348e-11,-0.5263893314293607,0.7000956776625741,-6.614286492683028e-11,0.31356213700729807,-6.583030580871296e-11,5.262586065084746e-11,-0.5267402963775831,0.6988816359621361,7.929121132932016e-11,0.3183971940362479,8.037382897008862e-11,5.262586065084746e-11,-0.5267402963775831,0.6988816359621361,7.929121132932016e-11,0.3183971940362479,8.037382897008862e-11,8.507874360793915e-10,0.0030080425350675045,0.011142860838054032,1.7847879463365971e-09,-0.04402883884232449,1.8040809609103908e-09,-1.2620479752479373e-08,0.0015212325276503847,-0.0008843175566680105,-2.5890965935846657e-08,0.0006147911898386992,-2.6110078824162447e-08,0.0,True,False,1,True,True,0.00261210001190193,3,2.7835901918260694e-10,4.833859201346846e-11,`gtol` termination condition is satisfied.,True,True,0.009999999999999787,0.004835740939311883,1.0,0.0005502563163619397,0.006400063677610237,0.0005502561676214848,0.006400063725948263
9.219999999999848,1786132512.5703595,0.00593970000045374,0.005908600011025555,0.01,TELEOP,0,,0.0,9.219999999999848,922,0.0,0.0,0.013000000000002537,0.12879559657755402,0.0,0.0,0.9916711623830916,6.907440884002978e-21,1.4446760754712472e-12,0.014657691313493995,0.12305880762091888,0.0,0.0,0.9923993802229614,-0.016000000000000007,-0.2238233917841832,0.28448031533348034,-0.06915867830386803,0.0,0.0,0.9976056722048358,-0.016000000000000004,-0.22380721559384462,0.28454068569745616,-0.06958073886077543,0.0,0.0,0.9975763232853858,-0.016000000001788216,-0.22380721585963292,0.28454068561515805,-0.069580738884885,-2.7364672968721363e-14,1.1010963433085455e-13,0.9975763232837042,-0.01599999999300472,-0.22366350750712452,0.2850718395287494,-0.07277264175979808,-2.657310532910324e-13,1.4906733915137578e-11,0.9973485562286137,-0.01599999999300472,-0.22366350750712452,0.2850718395287494,-0.07277264175979808,-2.657310532910324e-13,1.4906733915137578e-11,0.9973485562286137,-2.0266342567756603e-11,-0.5263573705123483,0.7002059511065535,-6.58569710856497e-11,0.31312259495028194,-6.553814345336796e-11,5.991854962589034e-11,-0.5267100634469476,0.698992975486099,9.464379401507918e-11,0.3179569671865407,9.589796019215959e-11,5.991854962589034e-11,-0.5267100634469476,0.698992975486099,9.464379401507918e-11,0.3179569671865407,9.589796019215959e-11,7.29268897504303e-10,0.003023293063558272,0.011133952396283788,1.5352582685759348e-09,-0.04402268497071825,1.55241312220713e-09,-1.2151853857509102e-08,0.0015250528490768148,-0.0008908441770244409,-2.495296777606677e-08,0.0006153871606243838,-2.516678387032663e-08,0.0,True,False,1,True,True,0.002626300003612414,3,2.7824378115664034e-10,4.8336819950501717e-11,`gtol` termination condition is satisfied.,True,True,0.009999999999999787,0.0048350570289498185,1.0,0.0005502513702882658,0.006400040791312523,0.0005502512214309593,0.006400040839648829
9.229999999999848,1786132512.5766242,0.006118699995568022,0.0060545000014826655,0.01,TELEOP,0,,0.0,9.229999999999848,923,0.0,0.0,0.012833333333335875,0.1293725056447082,0.0,0.0,0.9915960643241833,6.276462093492558e-21,1.312708248565394e-12,0.014491024646956324,0.1236361413194368,0.0,0.0,0.9923276195690818,-0.016000000000000007,-0.22383633273646655,0.2844320190422135,-0.06886848365476592,0.0,0.0,0.997625747441942,-0.016000000000000004,-0.22382015654612905,0.2844923894062073,-0.06929055273103553,0.0,0.0,0.9975965212961739,-0.016000000001778855,-0.22382015681174544,0.2844923893237435,-0.0692905527551447,-2.6682356959978803e-14,1.0655448434741832e-13,0.9975965212944994,-0.015999999992343732,-0.22367644581507487,0.28502353703589883,-0.07248250955557653,-2.282287926338797e-13,1.5937692609941972e-11,0.9973696836221391,-0.015999999992343732,-0.22367644581507487,0.28502353703589883,-0.07248250955557653,-2.282287926338797e-13,1.5937692609941972e-11,0.9973696836221391,-2.0154604569824637e-11,-0.5263252548611316,0.7003161323131681,-6.556936103640546e-11,0.31268311539012994,-6.524434719370893e-11,6.60474509488761e-11,-0.5266796776453524,0.6991042253054751,1.0760440345583416e-10,0.31751680193683407,1.0900937001110063e-10,6.60474509488761e-11,-0.5266796776453524,0.6991042253054751,1.0760440345583416e-10,0.31751680193683407,1.0900937001110063e-10,6.128901322985892e-10,0.003038580159522875,0.01112498193761374,1.2960609440755255e-09,-0.04401652497066587,1.3111409818941322e-09,-1.1637876520571621e-08,0.001528709596460306,-0.0008970458670049641,-2.391973245004145e-08,0.0006160000052376931,-2.4127214031300286e-08,0.0,True,False,1,True,True,0.0027502000011736527,3,2.781285880518292e-10,4.83350047120314e-11,`gtol` termination condition is satisfied.,True,True,0.009999999999999787,0.004834372236258766,1.0,0.0005502460746719647,0.006400016338618022,0.0005502459256978271,0.006400016386952551
9.239999999999847,1786132512.5832884,0.006278000000747852,0.006440799988922663,0.01,TELEOP,0,,0.0,9.239999999999847,924,0.0,0.0,0.012666666666669206,0.12994937092395387,0.0,0.0,0.9915206306459129,5.703121759938901e-21,1.192795378224386e-12,0.014324357980403943,0.12421343317157346,0.0,0.0,0.9922555230482374,-0.016000000000000007,-0.22384927368874755,0.2843837227509415,-0.06857828317830382,0.0,0.0,0.9976457382639974,-0.016000000000000004,-0.22383309749841107,0.28444409311495145,-0.069000360738222,0.0,0.0,0.9976166348943843,-0.01600000000176947,-0.2238330977638555,0.2844440930323221,-0.06900036076233074,-2.5996171445830204e-14,1.0297958889618541e-13,0.9976166348927168,-0.015999999991802186,-0.2236893839924809,0.28497523421876364,-0.07219237058629918,-1.9014155801205437e-13,1.6781046211799003e-11,0.9973907266608861,-0.015999999991802186,-0.2236893839924809,0.28497523421876364,-0.07219237058629918,-1.9014155801205437e-13,1.6781046211799003e-11,0.9973907266608861,-2.0042656463462626e-11,-0.5262929844628064,0.7004262213452519,-6.528007996691562e-11,0.31224369840258004,-6.494896216039247e-11,7.106776252680518e-11,-0.5266491386245669,0.6992153848346239,1.1828437541942387e-10,0.3170766983500595,1.1982011837171686e-10,7.106776252680518e-11,-0.5266491386245669,0.6992153848346239,1.1828437541942387e-10,0.3170766983500595,1.1982011837171686e-10,5.020311577929183e-10,0.003053902078552932,0.011115952914879806,1.0679971963589937e-09,-0.044010358677453454,1.0810748360616448e-09,-1.1085897450567324e-08,0.0015321919030057206,-0.0009029022733933179,-2.280637477165367e-08,0.0006166293212411685,-2.3006614583249234e-08,0.0,True,False,1,True,True,0.0031829000072320923,3,2.780134499517916e-10,4.83331236628965e-11,`gtol` termination condition is satisfied.,True,True,0.009999999999999787,0.00483368654670413,1.0,0.0005502405001608273,0.00639999061986783,0.000550240351069947,0.006399990668200498
9.249999999999847,1786132512.5896711,0.00667309999698773,0.00615089999337215,0.01,TELEOP,0,,0.0,9.249999999999847,925,0.0,0.0,0.01250000000000255,0.1305261922200428,0.0,0.0,0.9914448613738116,5.182154743260723e-21,1.0838362719741808e-12,0.014157691313838372,0.12479068298193699,0.0,0.0,0.9921830906848301,-0.016000000000000007,-0.2238622146410264,0.2843354264596648,-0.06828807689903708,0.0,0.0,0.9976656446693106,-0.016000000000000004,-0.2238460384506909,0.28439579682368926,-0.06871016290688955,0.0,0.0,0.997636664078315,-0.01600000000176007,-0.2238460387159633,0.2843957967408947,-0.06871016293099781,-2.5306100418573105e-14,9.938484390575763e-14,0.9976366640766546,-0.0159999999913739,-0.22370232206777046,0.2849269311541195,-0.07190222501816382,-1.519939454126252e-13,1.744578689210999e-11,0.9974116853323092,-0.0159999999913739,-0.22370232206777046,0.2849269311541195,-0.07190222501816382,-1.519939454126252e-13,1.744578689210999e-11,0.9974116853323092,-1.993057979918128e-11,-0.5262605593044845,0.7005362182655729,-6.49893838340197e-11,0.3118043440632885,-6.465224302050484e-11,7.503778187375419e-11,-0.5266184460546796,0.6993264535240585,1.2680161528012115e-10,0.31663665649074696,1.2844891297039137e-10,7.503778187375419e-11,-0.5266184460546796,0.6993264535240585,1.2680161528012115e-10,0.31663665649074696,1.2844891297039137e-10,3.9700193469490897e-10,0.0030692569887307464,0.01110686894346553,8.517239860697463e-10,-0.04400418593125666,8.628794598674694e-10,-1.0502922309801157e-08,0.0015354910177814748,-0.0009083971414275416,-2.1627321028925198e-08,0.000617274619679406,-2.1819537619417993e-08,0.0,True,False,1,True,True,0.002669699999387376,3,2.778983436777399e-10,4.8331105974125436e-11,`gtol` termination condition is satisfied.,True,True,0.009999999999999787,0.004832999947479488,1.0,0.0005502347134445578,0.006399963919168029,0.0005502345642371976,0.006399963967498756
9.259999999999847,1786132512.5968497,0.006484400000772439,0.006844699993962422,0.01,TELEOP,0,,0.0,9.259999999999847,926,0.0,0.0,0.012333333333335882,0.13110296933774201,0.0,0.0,0.9913687565335247,4.7087768617774194e-21,9.848303287330553e-13,0.013991024647260975,0.12536789055514982,0.0,0.0,0.9921103225033757,-0.016000000000000007,-0.2238751555933033,0.2842871301683839,-0.0679978648415215,0.0,0.0,0.9976854666561973,-0.016000000000000004,-0.2238589794029687,0.2843475005324214,-0.06841995926159349,0.0,0.0,0.9976566088462713,-0.016000000001750662,-0.22385897966806897,0.28434750044946155,-0.0684199592857013,-2.461212694085226e-14,9.577014735685745e-14,0.9976566088446179,-0.015999999991052474,-0.2237152600677384,0.28487862791406277,-0.07161207300897382,-1.142635529596327e-13,1.7941409422399238e-11,0.9974325596246383,-0.015999999991052474,-0.2237152600677384,0.28487862791406277,-0.07161207300897382,-1.142635529596327e-13,1.7941409422399238e-11,0.9974325596246383,-1.981823502960452e-11,-0.5262279793732957,0.7006461231368386,-6.469681515246342e-11,0.3113650524478326,-6.43537350704281e-11,7.801824393551748e-11,-0.5265875996247732,0.6994374308616846,1.3327923494108968e-10,0.316196676424968,1.350197340744485e-10,7.801824393551748e-11,-0.5265875996247732,0.6994374308616846,1.3327923494108968e-10,0.316196676424968,1.350197340744485e-10,2.980462061763362e-10,0.0030846429906308728,0.011097733762607342,6.477619660968658e-10,-0.04399800657789804,6.570821104057268e-10,-9.895572851857485e-09,0.0015386001900126694,-0.0009135180858188483,-2.039620199728848e-08,0.0006179353358625022,-2.057973494617471e-08,0.0,True,False,1,True,True,0.002684499995666556,3,2.777832954232575e-10,4.832925973066677e-11,`gtol` termination condition is satisfied.,True,True,0.009999999999999787,0.004832312427458463,1.0,0.0005502287771217457,0.006399936503766853,0.0005502286277977874,0.006399936552095719
9.269999999999847,1786132512.6031413,0.0071632000035606325,0.005972900005872361,0.01,TELEOP,0,,0.0,9.269999999999847,927,0.0,0.0,0.01216666666666922,0.13167970208183336,0.0,0.0,0.9912923161508111,4.278640957768648e-21,8.948683500199536e-13,0.013824357980672988,0.12594505569584874,0.0,0.0,0.9920372185285035,-0.016000000000000007,-0.22388809654557837,0.28423883387709925,-0.06770764703031328,0.0,0.0,0.9977052042229801,-0.016000000000000004,-0.22387192035524467,0.28429920424114846,-0.06812974982688941,0.0,0.0,0.9976764691965655,-0.016000000001741253,-0.2238719206201728,0.2842992041580236,-0.06812974985099682,-2.391423224792916e-14,9.213539198488117e-14,0.9976764691949193,-0.01599999999083125,-0.22372819801749563,0.28483032456590046,-0.07132191470791334,-7.738040403888091e-14,1.82778075989538e-11,0.9974533495268825,-0.01599999999083125,-0.22372819801749563,0.28483032456590046,-0.07132191470791334,-7.738040403888091e-14,1.82778075989538e-11,0.9974533495268825,-1.970589573479213e-11,-0.5261952446563837,0.700755936021686,-6.44032515772284e-11,0.31092582363170534,-6.405431096269303e-11,8.007169429997895e-11,-0.5265565990434119,0.6995483163736752,1.3784425791837814e-10,0.315756758220273,1.3966052810707634e-10,8.007169429997895e-11,-0.5265565990434119,0.6995483163736752,1.3784425791837814e-10,0.315756758220273,1.3966052810707634e-10,2.053450364461507e-10,0.0031000581361265767,0.011088551199057644,4.5650229772885464e-10,-0.043991820469505616,4.6407940326279426e-10,-9.270116973018749e-09,0.0015415145495704277,-0.0009182563549698312,-1.9125966836801525e-08,0.0006186108392426439,-1.9300270714293664e-08,0.0,True,False,1,True,True,0.0026510000025155023,3,2.7766830524734167e-10,4.8327452433234416e-11,`gtol` termination condition is satisfied.,True,True,0.009999999999999787,0.004831623977135435,1.0,0.0005502227496056123,0.006399908623606759,0.0005502226001653486,0.00639990867193385
9.279999999999847,1786132512.6096115,0.006184099998790771,0.00625910000235308,0.01,TELEOP,0,,0.0,9.279999999999847,928,0.0,0.0,0.012000000000002557,0.1322563902571136,0.0,0.0,0.9912155402515429,3.8877969763436975e-21,8.131241905377564e-13,0.013657691314075522,0.1265221782086849,0.0,0.0,0.9919637787849565,-0.016000000000000007,-0.2239010374978518,0.2841905375858112,-0.06741742348996918,0.0,0.0,0.9977248573679891,-0.016000000000000004,-0.22388486130751892,0.28425090794987096,-0.06783953462733347,0.0,0.0,0.9976962451275172,-0.016000000001731813,-0.2238848615722747,0.2842509078665812,-0.06783953465144053,-2.321240135753313e-14,8.848047577318675e-14,0.9976962451258781,-0.01599999999070344,-0.22374113594043493,0.2847820211720809,-0.07103175025539857,-4.1726886869600404e-14,1.846517603030047e-11,0.9974740550288287,-0.01599999999070344,-0.22374113594043493,0.2847820211720809,-0.07103175025539857,-4.1726886869600404e-14,1.846517603030047e-11,0.9974740550288287,-1.959328382038749e-11,-0.5261623551409123,0.7008656569826933,-6.410778682796044e-11,0.31048665769032074,-6.375306988648201e-11,8.126190589712166e-11,-0.5265254440389523,0.699659109625007,1.4062641755904304e-10,0.3153169019456223,1.4250199487314112e-10,8.126190589712166e-11,-0.5265254440389523,0.699659109625007,1.4062641755904304e-10,0.3153169019456223,1.4250199487314112e-10,1.1902115971427438e-10,0.0031155004459630055,0.011079325133176532,2.782159640664965e-10,-0.04398562746506921,2.8414667660648305e-10,-8.632387673187814e-09,0.0015442309836428963,-0.000922606588111341,-1.782863336623619e-08,0.0006193004436406506,-1.7993272665631506e-08,0.0,True,False,1,True,True,0.003033399989362806,3,2.775532439172007e-10,4.832576588125571e-11,`gtol` termination condition is satisfied.,True,True,0.009999999999999787,0.004830934588567648,1.0,0.0005502166850674057,0.006399880511027615,0.0005502165355109355,0.0063998805593530675
9.289999999999846,1786132512.6162562,0.006477899994933978,0.006425899991882034,0.01,TELEOP,0,,0.0,9.289999999999846,929,0.0,0.0,0.011833333333335895,0.13283303366839477,0.0,0.0,0.9911384288617061,3.532655691014044e-21,7.388471714565109e-13,0.013491024647469579,0.12709925789832388,0.0,0.0,0.9918900032975911,-0.016000000000000007,-0.22391397845012376,0.2841422412945201,-0.06712719424504637,0.0,0.0,0.9977444260895612,-0.016000000000000004,-0.22389780225979164,0.28420261165858934,-0.06754931368748225,0.0,0.0,0.9977159366374531,-0.016000000001722362,-0.2238978025243751,0.28420261157513493,-0.06754931371158884,-2.2506617841360577e-14,8.480529463841076e-14,0.9977159366358209,-0.015999999990662213,-0.22375407385821033,0.2847337177901653,-0.07074157978300522,-7.638154928257247e-15,1.851391758904055e-11,0.9974946761210332,-0.015999999990662213,-0.22375407385821033,0.2847337177901653,-0.07074157978300522,-7.638154928257247e-15,1.851391758904055e-11,0.9974946761210332,-1.9480462941326873e-11,-0.5261293108140574,0.7009752860823685,-6.381061924334013e-11,0.3100475546990101,-6.345020919854608e-11,8.165333341090218e-11,-0.5264941343596914,0.6997698102196817,1.4175702891852495e-10,0.3148771076713132,1.4367644910264717e-10,8.165333341090218e-11,-0.5264941343596914,0.6997698102196817,1.4175702891852495e-10,0.3148771076713132,1.4367644910264717e-10,3.914275137805284e-11,0.0031309679260875085,0.011070059467468408,1.1306113594819255e-10,-0.04397942743090526,1.17445422950608e-10,-7.987840833622325e-09,0.0015467480124503508,-0.0009265665708124676,-1.651548281183075e-08,0.0006200034163954839,-1.667012536558786e-08,0.0,True,False,1,True,True,0.0032309999951394275,3,2.7743830969509564e-10,4.832384617997563e-11,`gtol` termination condition is satisfied.,True,True,0.009999999999999787,0.004830244255301541,1.0,0.0005502106334136109,0.006399852380623944,0.0005502104837411904,0.006399852428947481
9.299999999999846,1786132512.623403,0.006647200003499165,0.006926100002601743,0.01,TELEOP,0,,0.0,9.299999999999846,930,0.0,0.0,0.011666666666669226,0.13340963212050383,0.0,0.0,0.9910609820073999,3.2099557428511824e-21,6.713551867257351e-13,0.01332435798085606,0.12767629456944585,0.0,0.0,0.9918158920913781,-0.016000000000000007,-0.22392691940239431,0.28409394500322627,-0.06683695932010258,0.0,0.0,0.9977639103860407,-0.016000000000000004,-0.22391074321206295,0.284154315367304,-0.06725908703189279,0.0,0.0,0.9977355437247069,-0.0160000000017129,-0.22391074347647394,0.284154315283685,-0.06725908705599871,-2.1796862148700346e-14,8.110973808632705e-14,0.9977355437230818,-0.01599999999070061,-0.2237670117907313,0.2846854144728351,-0.07045140341346,2.4597055148854784e-14,1.8434556700270738e-11,0.9975152127948095,-0.01599999999070061,-0.2237670117907313,0.2846854144728351,-0.07045140341346,2.4597055148854784e-14,1.8434556700270738e-11,0.9975152127948095,-1.9367655476804796e-11,-0.5260961116630156,0.7010848233831612,-6.351246450888099e-11,0.309608514733026,-6.314644026193005e-11,8.13106073201475e-11,-0.5264626697738642,0.6998804178006576,1.4136794007147089e-10,0.31443737546890294,1.4331676208132934e-10,8.13106073201475e-11,-0.5264626697738642,0.6998804178006576,1.4136794007147089e-10,0.31443737546890294,1.4331676208132934e-10,-3.427260907546874e-11,0.0031464585827161674,0.01106075809759576,-3.8908884705407736e-11,-0.043973220241029294,-3.5968702131784677e-11,-7.341536045352314e-09,0.001549065662865938,-0.0009301369872648756,-1.5197002065360352e-08,0.0006207189875964461,-1.5341412508239595e-08,0.0,True,False,1,True,True,0.002641099999891594,3,2.7732335738736653e-10,4.8321575194218265e-11,`gtol` termination condition is satisfied.,True,True,0.009999999999999787,0.004829552972303142,1.0,0.0005502046402951139,0.006399824429229222,0.000550204490506857,0.006399824477550483
9.309999999999846,1786132512.630327,0.007226300003821962,0.00662360001297202,0.01,TELEOP,0,,0.0,9.309999999999846,931,0.0,0.0,0.01150000000000257,0.1339861854182832,0.0,0.0,0.9909831997148375,2.9167336905413472e-21,6.100284391091935e-13,0.013157691314235777,0.1282532880267455,0.0,0.0,0.9917414451914011,-0.016000000000000007,-0.2239398603546636,0.28404564871193,-0.06654671873969589,0.0,0.0,0.9977833102557788,-0.016000000000000004,-0.22392368416433292,0.28410601907601535,-0.06696885468512259,0.0,0.0,0.9977550663876196,-0.016000000001703426,-0.2239236844285713,0.28410601899223187,-0.06696885470922809,-2.1083117004861514e-14,7.739370564968283e-14,0.9977550663860016,-0.015999999990811784,-0.2237799497561685,0.2846371112679323,-0.07016122126069779,5.4735226861102745e-14,1.823765855925032e-11,0.9975356650422117,-0.015999999990811784,-0.2237799497561685,0.2846371112679323,-0.07016122126069779,5.4735226861102745e-14,1.823765855925032e-11,0.9975356650422117,-1.9254537816652917e-11,-0.5260627576749964,0.7011942689474505,-6.321226419649815e-11,0.30916953786753754,-6.284071135642795e-11,8.029807267350573e-11,-0.5264310500695027,0.699990932049516,1.395905794320327e-10,0.3139977054111285,1.4155539985735917e-10,8.029807267350573e-11,-0.5264310500695027,0.699990932049516,1.395905794320327e-10,0.3139977054111285,1.4155539985735917e-10,-1.0125346466417854e-10,0.003161970436148018,0.011051424885846768,-1.777360639438215e-10,-0.04396700577744727,-1.7613622239701997e-10,-6.698085558871123e-09,0.0015511853431850716,-0.0009333211748991285,-1.3882717923841673e-08,0.0006214463582024956,-1.4016752026523829e-08,0.0,True,False,1,True,True,0.0031260999967344105,3,2.772083968424719e-10,4.831974318390605e-11,`gtol` termination condition is satisfied.,True,True,0.009999999999999787,0.004828860735876961,1.0,0.0005501987471445121,0.0063997968360316685,0.0005501985972405918,0.006399796884351153
9.319999999999846,1786132512.6364782,0.006848999997600913,0.005925499994191341,0.01,TELEOP,0,,0.0,9.319999999999846,932,0.0,0.0,0.011333333333335902,0.13456269336659038,0.0,0.0,0.9909050820103452,2.6502967962986515e-21,5.543037484184463e-13,0.012991024647609461,0.12883023807493213,0.0,0.0,0.9916666626228576,-0.016000000000000007,-0.22395280130693174,0.28399735242063157,-0.06625647252838499,0.0,0.0,0.9978026256971343,-0.016000000000000004,-0.22393662511660173,0.28405772278472374,-0.06667861667172964,0.0,0.0,0.9977745046245392,-0.016000000001693944,-0.22393662538066744,0.2840577227007761,-0.06667861669583472,-2.0365367259986072e-14,7.365708484508309e-14,0.9977745046229283,-0.0159999999909889,-0.2237928877709718,0.28458880821853116,-0.06987103342997215,8.257654402188933e-14,1.793375442548037e-11,0.9975560328560135,-0.0159999999909889,-0.2237928877709718,0.28458880821853116,-0.06987103342997215,8.257654402188933e-14,1.793375442548037e-11,0.9975560328560135,-1.9141288488528183e-11,-0.5260292488372273,0.7013036228375524,-6.291059153451442e-11,0.30873062417763275,-6.253359227356615e-11,7.867936479490334e-11,-0.5263992750541695,0.7001013526858866,1.365550740475023e-10,0.31355809757182485,1.3852353315114404e-10,7.867936479490334e-11,-0.5263992750541695,0.7001013526858866,1.365550740475023e-10,0.31355809757182485,1.3852353315114404e-10,-1.6187078786024147e-10,0.003177501533326933,0.011042063637051496,-3.03550538453047e-10,-0.043960783930365364,-3.0318667062151934e-10,-6.061732319606423e-09,0.0015531097178915574,-0.0009361248795272843,-1.2581447450922816e-08,0.0006221847081904741,-1.2705044822450204e-08,0.0,True,False,1,True,True,0.002674099989235401,3,2.770934402372831e-10,4.8317921288131153e-11,`gtol` termination condition is satisfied.,True,True,0.009999999999999787,0.004828167543590944,1.0,0.0005501929912404929,0.006399769762800102,0.0005501928412212861,0.00639976981111781
9.329999999999846,1786132512.6441257,0.006147199994302355,0.007426099997246638,0.01,TELEOP,0,,0.0,9.329999999999846,933,0.0,0.0,0.01116666666666924,0.13513915577029842,0.0,0.0,0.9908266289203632,2.40819829772228e-21,5.036693796761346e-13,0.01282435798097777,0.12940714451872978,0.0,0.0,0.9915915444110588,-0.016000000000000007,-0.22396574225919882,0.2839490561293312,-0.0659662207107289,0.0,0.0,0.9978218567084726,-0.016000000000000004,-0.22394956606886943,0.2840094264934295,-0.06638837301627236,0.0,0.0,0.9977938584338213,-0.016000000001684427,-0.2239495663327625,0.2840094264093177,-0.06638837304037694,-1.9643593432588654e-14,6.989976969014105e-14,0.9977938584322174,-0.015999999991225238,-0.22380582584989844,0.28454050536303527,-0.06958084001801851,1.0796308341460851e-13,1.75332729797426e-11,0.9975763162296842,-0.015999999991225238,-0.22380582584989844,0.28454050536303527,-0.06958084001801851,1.0796308341460851e-13,1.75332729797426e-11,0.9975763162296842,-1.902784334425149e-11,-0.5259955851369522,0.7014128851157201,-6.260723041829564e-11,0.30829177373832006,-6.222486842444944e-11,7.651702696077372e-11,-0.5263673445545778,0.7002116794666556,1.3238945588622587e-10,0.3131185520258416,1.3435023588172748e-10,7.651702696077372e-11,-0.5263673445545778,0.7002116794666556,1.3238945588622587e-10,0.3131185520258416,1.3435023588172748e-10,-2.162337834129666e-10,0.0031930499591728044,0.011032678076903807,-4.165618161276504e-10,-0.04395455459832435,-4.1732972694166355e-10,-5.436299555272628e-09,0.0015548425845871546,-0.0009385560147689726,-1.1301127767460577e-08,0.0006229332041014432,-1.1414305632014663e-08,0.0,True,False,1,True,True,0.003934599997592159,3,2.7697866739742176e-10,4.831596203110904e-11,`gtol` termination condition is satisfied.,True,True,0.009999999999999787,0.004827473394192094,1.0,0.0005501874057952788,0.006399743354211532,0.0005501872556608294,0.0063997434025272965
9.339999999999845,1786132512.6506264,0.007654300003196113,0.006272400001762435,0.01,TELEOP,0,,0.0,9.339999999999845,934,0.0,0.0,0.011000000000002577,0.1357155724342955,0.0,0.0,0.9907478404714449,2.1882149385124844e-21,4.576603437146195e-13,0.012657691314341293,0.1299840071628772,0.0,0.0,0.9915160905814294,-0.016000000000000007,-0.22397868321146494,0.2839007598380291,-0.06567596331128729,0.0,0.0,0.9978410032881664,-0.016000000000000004,-0.22396250702113613,0.2839611302021328,-0.06609812374330967,0.0,0.0,0.9978131278138278,-0.016000000001674917,-0.22396250728485634,0.2839611301178572,-0.06609812376741389,-1.8917777084394838e-14,6.612165254829982e-14,0.997813127812231,-0.015999999991514236,-0.22381876400605005,0.2844922027353006,-0.06929064111326304,1.307767659994246e-13,1.7046477757600985e-11,0.9975965151573621,-0.015999999991514236,-0.22381876400605005,0.2844922027353006,-0.06929064111326304,1.307767659994246e-13,1.7046477757600985e-11,0.9975965151573621,-1.8914249279749025e-11,-0.5259617665614318,0.7015220558441398,-6.230232673948638e-11,0.30785298662452437,-6.191468488198566e-11,7.387216675004019e-11,-0.5263352584161107,0.700321912184982,1.2721894630348843e-10,0.3126790688489589,1.2916176254612547e-10,7.387216675004019e-11,-0.5263352584161107,0.700321912184982,1.2721894630348843e-10,0.3126790688489589,1.2916176254612547e-10,-2.6448602107335917e-10,0.003208613846704237,0.011023271832636971,-5.170509582737554e-10,-0.04394831768826762,-5.188473335602125e-10,-4.825223766039358e-09,0.0015563887531433091,-0.0009406244266836212,-1.0048914214610708e-08,0.0006236910056730526,-1.0151760661855106e-08,0.0,True,False,1,True,True,0.0028344000020297244,3,2.768637563271719e-10,4.8314239718826677e-11,`gtol` termination condition is satisfied.,True,True,0.009999999999999787,0.004826778287521538,1.0,0.0005501820200626513,0.006399717738271247,0.0005501818698133451,0.006399717786585348
9.349999999999845,1786132512.6578271,0.006517900008475408,0.006955100005143322,0.01,TELEOP,0,,0.0,9.349999999999845,935,0.0,0.0,0.010833333333335915,0.13629194316348558,0.0,0.0,0.9906687166902574,1.9883265517038388e-21,4.1585412705409625e-13,0.012491024647700563,0.13056082581212797,0.0,0.0,0.9914403011595078,-0.016000000000000007,-0.22399162416373017,0.2838524635467254,-0.06538570035462019,0.0,0.0,0.9978600654345958,-0.016000000000000004,-0.2239754479734019,0.283912833910834,-0.06580786887740095,0.0,0.0,0.9978323127629286,-0.016000000001665363,-0.22397544823694926,0.2839128338263946,-0.06580786890150452,-1.8187902881280616e-14,6.232262126781332e-14,0.9978323127613389,-0.0159999999918495,-0.22383170225091892,0.284443900364779,-0.06900043679607037,1.5093710486480696e-13,1.648341059479597e-11,0.9976166296338246,-0.0159999999918495,-0.22383170225091892,0.284443900364779,-0.06900043679607037,1.5093710486480696e-13,1.648341059479597e-11,0.9976166296338246,-1.8800428645320138e-11,-0.525927793097941,0.7016311350849321,-6.199561918776729e-11,0.3074142629110902,-6.160278222763405e-11,7.080415186662224e-11,-0.5263030165022509,0.7004320506691419,1.2116532248117878e-10,0.31223964811780347,1.2308090820533922e-10,7.080415186662224e-11,-0.5263030165022509,0.7004320506691419,1.2116532248117878e-10,0.31223964811780347,1.2308090820533922e-10,-3.068014883418008e-10,0.003224191385985626,0.01101384841599373,-6.053623822309792e-10,-0.04394207311554303,-6.08085434078637e-10,-4.231546726844253e-09,0.0015577539281388985,-0.0009423416643241477,-8.831142395722573e-09,0.0006244572724585506,-8.923810051842642e-09,0.0,True,False,1,True,True,0.003134200000204146,3,2.7674896872734133e-10,4.831207901557973e-11,`gtol` termination condition is satisfied.,True,True,0.009999999999999787,0.004826082224434536,1.0,0.0005501768594656111,0.006399693026813395,0.0005501767091016232,0.0063996930751252755
9.359999999999845,1786132512.6654031,0.007236099991132505,0.007294800001545809,0.01,TELEOP,0,,0.0,9.359999999999845,936,0.0,0.0,0.010666666666669253,0.13686826776278802,0.0,0.0,0.9905892576035811,1.806697507923042e-21,3.77866811846491e-13,0.012324357981056057,0.13113760027125054,0.0,0.0,0.9913641761709457,-0.016000000000000007,-0.2240045651159946,0.2838041672554203,-0.0650954318652881,0.0,0.0,0.997879043146148,-0.016000000000000004,-0.22398838892566686,0.2838645376195333,-0.06551760844310604,0.0,0.0,0.9978514132795002,-0.01600000000165584,-0.2239883891890412,0.28386453753493024,-0.06551760846720918,-1.7453951391486742e-14,5.850256807413252e-14,0.9978514132779176,-0.015999999992224845,-0.2238446405944412,0.28439559827668043,-0.06871022713902836,1.6839879311896068e-13,1.5853841023702088e-11,0.9976366596544571,-0.015999999992224845,-0.2238446405944412,0.28439559827668043,-0.06871022713902836,1.6839879311896068e-13,1.5853841023702088e-11,0.9976366596544571,-1.868662266069996e-11,-0.525893664733774,0.7017401229001549,-6.168789114176146e-11,0.3069756026727814,-6.12899386228076e-11,6.737034117816052e-11,-0.5262706186939315,0.7005420947812261,1.1434635332723565e-10,0.311800289909765,1.1622643862331197e-10,6.737034117816052e-11,-0.5262706186939315,0.7005420947812261,1.1434635332723565e-10,0.311800289909765,1.1622643862331197e-10,-3.433810688461793e-10,0.003239780831929112,0.011004411208419895,-6.818969153943267e-10,-0.04393582080384644,-6.854469582027398e-10,-3.6579580504379246e-09,0.0015589445943486374,-0.0009437207573835451,-7.653453316334913e-09,0.0006252311696592721,-7.736152412410445e-09,0.0,True,False,1,True,True,0.003816299999016337,3,2.766341728901173e-10,4.831020376467297e-11,`gtol` termination condition is satisfied.,True,True,0.009999999999999787,0.004825385206713273,1.0,0.0005501719457385465,0.006399669316070126,0.0005501717952600949,0.0063996693643802015
9.369999999999845,1786132512.6714702,0.007511400006478652,0.005850600005942397,0.01,TELEOP,0,,0.0,9.369999999999845,937,0.0,0.0,0.01050000000000259,0.13744454603713774,0.0,0.0,0.9905094632383101,1.641659858305572e-21,3.4334955025353377e-13,0.012157691314408203,0.13171433034502836,0.0,0.0,0.9912877156415089,-0.016000000000000007,-0.22401750606825824,0.283755870964114,-0.06480515786785201,0.0,0.0,0.9978979364212168,-0.016000000000000004,-0.22400132987793103,0.28381624132823086,-0.06522734246498528,0.0,0.0,0.9978704293619266,-0.016000000001646274,-0.22400133014113224,0.2838162412434643,-0.06522734248908789,-1.6715902536573462e-14,5.466137911105415e-14,0.9978704293603511,-0.01599999999263431,-0.22385757904505624,0.2843472964921514,-0.06842001220726193,1.8314916015364982e-13,1.51672214499123e-11,0.9976566052152205,-0.01599999999263431,-0.22385757904505624,0.2843472964921514,-0.06842001220726193,1.8314916015364982e-13,1.51672214499123e-11,0.9976566052152205,-1.85725597745239e-11,-0.52585938145624,0.7018490193517999,-6.13782457122087e-11,0.30653700598427913,-6.097526339577567e-11,6.362585567934366e-11,-0.5262380648888215,0.70065204441571,1.0687532188723614e-10,0.31136099430291386,1.0871260746465447e-10,6.362585567934366e-11,-0.5262380648888215,0.70065204441571,1.0687532188723614e-10,0.31136099430291386,1.0871260746465447e-10,-3.744485498816945e-10,0.0032553805109985894,0.010994963448394485,-7.471031439999678e-10,-0.043929560685113306,-7.513831158657653e-10,-3.1067481035515906e-09,0.0015599679069478096,-0.0009447760025409608,-6.520622860564247e-09,0.0006260118733132532,-6.5936157663027e-09,0.0,True,False,1,True,True,0.0026120000111404806,3,2.7651936843160024e-10,4.8308219534036035e-11,`gtol` termination condition is satisfied.,True,True,0.009999999999999787,0.004824687236983594,1.0,0.0005501672970844427,0.0063996466873061835,0.0005501671464917508,0.006399646735614316
9.379999999999844,1786132512.678493,0.006111199996666983,0.0067620999907376245,0.01,TELEOP,0,,0.0,9.379999999999844,938,0.0,0.0,0.010333333333335928,0.1380207777914855,0.0,0.0,0.990429333621452,1.4916980172680179e-21,3.1198536088226147e-13,0.011991024647757384,0.1322910158382598,0.0,0.0,0.9912109195970762,-0.016000000000000007,-0.22403044702052125,0.28370757467280655,-0.06451487838687345,0.0,0.0,0.9979167452582038,-0.016000000000000004,-0.22401427083019448,0.28376794503692687,-0.06493707096759946,0.0,0.0,0.9978893610085986,-0.016000000001636698,-0.22401427109322258,0.28376794495199703,-0.06493707099170155,-1.5973741474635814e-14,5.079894741875034e-14,0.9978893610070301,-0.015999999993072195,-0.22387051760977159,0.2842989950284667,-0.0681297920587733,1.9520553910524842e-13,1.4432648007859394e-11,0.997676466312616,-0.015999999993072195,-0.22387051760977159,0.2842989950284667,-0.0681297920587733,1.9520553910524842e-13,1.4432648007859394e-11,0.997676466312616,-1.8458218157814893e-11,-0.5258249432526633,0.7019578245017911,-6.106660251892816e-11,0.30609847292018305,-6.065867695861776e-11,5.962338234822573e-11,-0.526205355000553,0.7007618994979181,9.886061303663825e-11,0.31092176137592026,1.006487394273902e-10,5.962338234822573e-11,-0.526205355000553,0.7007618994979181,9.886061303663825e-11,0.31092176137592026,1.006487394273902e-10,-4.0024733311180175e-10,0.003270988826858605,0.010985508220806796,-8.014708850598056e-10,-0.04392329269936137,-8.06386803726445e-10,-2.579878323010779e-09,0.0015608315860015805,-0.0009455227587689373,-5.436774105983899e-09,0.0006267985751933977,-5.500368786068084e-09,0.0,True,False,1,True,True,0.00293059999239631,3,2.7640466289788534e-10,4.830626645900253e-11,`gtol` termination condition is satisfied.,True,True,0.009999999999999787,0.004823988318634731,1.0,0.0005501629283427849,0.006399625207499921,0.0005501627776361979,0.006399625255806055
9.389999999999844,1786132512.6845229,0.006981200000154786,0.005810699993162416,0.01,TELEOP,0,,0.0,9.389999999999844,939,0.0,0.0,0.01016666666666926,0.13859696283079767,0.0,0.0,0.9903488687801276,1.3554348444738257e-21,2.834862178587474e-13,0.011824357981103945,0.13286765655575838,0.0,0.0,0.9911337880636404,-0.016000000000000007,-0.2240433879727836,0.2836592783814981,-0.06422459344691435,0.0,0.0,0.9979354696555177,-0.016000000000000004,-0.2240272117824573,0.28371964874562156,-0.06464679397550983,0.0,0.0,0.9979082082179143,-0.01600000000162711,-0.2240272120453121,0.2837196486605286,-0.06464679399961158,-1.5227447487387888e-14,4.6915154723414346e-14,0.9979082082163528,-0.015999999993533073,-0.22388345629423265,0.2842506938992318,-0.06783956674480324,2.046125775762534e-13,1.3658826915642948e-11,0.9976962429436514,-0.015999999993533073,-0.22388345629423265,0.2842506938992318,-0.06783956674480324,2.046125775762534e-13,1.3658826915642948e-11,0.9976962429436514,-1.834385516564547e-11,-0.525790350110387,0.7020665384119918,-6.075380064873852e-11,0.3056600035550122,-6.034101259024616e-11,5.541300931196576e-11,-0.5261724889579028,0.700871659982401,9.040536316188622e-11,0.3104825912079754,9.213887600421994e-11,5.541300931196576e-11,-0.5261724889579028,0.700871659982401,9.040536316188622e-11,0.3104825912079754,9.213887600421994e-11,-4.210373036260062e-10,0.003286604265013438,0.010976048448290764,-8.455249874752214e-10,-0.043917016794489616,-8.509863423170433e-10,-2.0789970514204857e-09,0.001561543815483367,-0.0009459772516031469,-4.405410241541674e-09,0.0006275904871751633,-4.459953859059927e-09,0.0,True,False,1,True,True,0.0026437000051373616,3,2.762898787944169e-10,4.83046608252566e-11,`gtol` termination condition is satisfied.,True,True,0.009999999999999787,0.004823288455737207,1.0,0.0005501588511673046,0.006399604930069684,0.0005501587003471223,0.006399604978374208
9.399999999999844,1786132512.6924272,0.006021499997586943,0.00769399999990128,0.01,TELEOP,0,,0.0,9.399999999999844,940,0.0,0.0,0.010000000000002604,0.13917310096005645,0.0,0.0,0.9902680687415716,1.2316189981793669e-21,2.575904058082315e-13,0.011657691314448196,0.13344425230235274,0.0,0.0,0.9910563210673076,-0.016000000000000007,-0.22405632892504537,0.28361098209018887,-0.06393430307253714,0.0,0.0,0.9979541096115738,-0.016000000000000004,-0.2240401527347195,0.283671352454315,-0.06435651151327816,0.0,0.0,0.997926970988279,-0.01600000000161751,-0.22404015299740104,0.283671352369059,-0.06435651153737927,-1.4477003077151002e-14,4.300989273532044e-14,0.9979269709867247,-0.015999999994011804,-0.2238963951027958,0.284202393114594,-0.06754933631020839,2.1143951431687508e-13,1.2854046084154718e-11,0.9977159351058048,-0.015999999994011804,-0.2238963951027958,0.284202393114594,-0.06754933631020839,2.1143951431687508e-13,1.2854046084154718e-11,0.9977159351058048,-1.822927719864816e-11,-0.5257556020167681,0.7021751611441963,-6.043919595557609e-11,0.30522159796320314,-6.002163082670745e-11,5.104209592795931e-11,-0.5261394667039379,0.700981325851245,8.160718578282562e-11,0.310043483878715,8.328149767998802e-11,5.104209592795931e-11,-0.5261394667039379,0.700981325851245,8.160718578282562e-11,0.310043483878715,8.328149767998802e-11,-4.370913384006539e-10,0.00330222539649477,0.010966586884402187,-8.798177379060789e-10,-0.043910732926040655,-8.857378324232108e-10,-1.6054034774648046e-09,0.0015621131481332175,-0.0009461563888577863,-3.429275043085815e-09,0.0006283868448961338,-3.4751490106168198e-09,0.0,True,False,1,True,True,0.0028501000051619485,3,2.761753051201072e-10,4.830240807931709e-11,`gtol` termination condition is satisfied.,True,True,0.009999999999999787,0.004822587652963173,1.0,0.000550155074210633,0.0063995858956329135,0.0005501549232769317,0.006399585943935273
9.409999999999844,1786132512.7028494,0.008177199997589923,0.009938699993654154,0.01,TELEOP,0,,0.0,9.409999999999844,941,0.0,0.0,0.009833333333335935,0.13974919198426008,0.0,0.0,0.9901869335331317,1.1191134438226693e-21,2.340601164517137e-13,0.011491024647790412,0.1340208028828867,0.0,0.0,0.9909785186342974,-0.016000000000000007,-0.22406926987730663,0.2835626857988788,-0.06364400728830462,0.0,0.0,0.997972665124795,-0.016000000000000004,-0.22405309368698115,0.28362305616300737,-0.0640662236054666,0.0,0.0,0.9979456493181051,-0.016000000001607888,-0.22405309394948925,0.2836230560775886,-0.06406622362956711,-1.3722390355932998e-14,3.9083044698725296e-14,0.9979456493165579,-0.015999999994503567,-0.22390933403860422,0.2841540926814598,-0.06725910079385251,2.1577745698565284e-13,1.2026151804392671e-11,0.9977355427969891,-0.015999999994503567,-0.22390933403860422,0.2841540926814598,-0.06725910079385251,2.1577745698565284e-13,1.2026151804392671e-11,0.9977355427969891,-1.811453444570802e-11,-0.5257206989591823,0.7022836927601364,-6.012294618032861e-11,0.3047832562191116,-5.970068841399624e-11,4.6555170948358503e-11,-0.5261062881951314,0.7010908971123304,7.25579528244982e-11,0.3096044394681457,7.41693023682339e-11,4.6555170948358503e-11,-0.5261062881951314,0.7010908971123304,7.25579528244982e-11,0.3096044394681457,7.41693023682339e-11,-4.4869249796009036e-10,0.003317850880644912,0.010957126108543259,-9.049232958327622e-10,-0.0439044410569285,-9.112195311754318e-10,-1.160115955943671e-09,0.0015625484150142157,-0.0009460775858928228,-2.5105557926683868e-09,0.00062918691121529,-2.5481698752221516e-09,0.0,True,False,1,True,True,0.004502200012211688,3,2.760606013782416e-10,4.8300344379902706e-11,`gtol` termination condition is satisfied.,True,True,0.009999999999999787,0.004821885915511859,1.0,0.0005501516033138005,0.006399568132789156,0.0005501514522670451,0.006399568181089378
9.419999999999844,1786132512.7103474,0.010299000001396053,0.007137499997043051,0.01,TELEOP,0,,0.0,9.419999999999844,942,0.0,0.0,0.009666666666669273,0.14032523570842245,0.0,0.0,0.9901054631822692,1.0168850123260597e-21,2.1267926474790495e-13,0.01132435798113084,0.13459730810221934,0.0,0.0,0.9909003807909432,-0.016000000000000007,-0.2240822108295674,0.2835143895075681,-0.0633537061187803,0.0,0.0,0.9979911361936114,-0.016000000000000004,-0.2240660346392423,0.2835747598716988,-0.06377593027663786,0.0,0.0,0.9979642432058122,-0.01600000000159825,-0.22406603490157684,0.2835747597861173,-0.06377593030073785,-1.2963590703863376e-14,3.5134497796553563e-14,0.997964243204272,-0.015999999995003813,-0.22392227310366672,0.2841057926037178,-0.06696886022900671,2.1773668223874714e-13,1.1182530250633744e-11,0.9977550660155166,-0.015999999995003813,-0.22392227310366672,0.2841057926037178,-0.06696886022900671,2.1773668223874714e-13,1.1182530250633744e-11,0.9977550660155166,-1.799954973892567e-11,-0.5256856409250201,0.7023921333214769,-5.980478848745494e-11,0.3043449783970113,-5.937792460692627e-11,4.199385971228497e-11,-0.5260729534004608,0.7012003737975556,6.334363690914284e-11,0.3091654580565743,6.488904536735403e-11,4.199385971228497e-11,-0.5260729534004608,0.7012003737975556,6.334363690914284e-11,0.3091654580565743,6.488904536735403e-11,-4.561311236073633e-10,0.0033334794670573237,0.010947668522516364,-9.214315915355547e-10,-0.0438981411571389,-9.280257000880067e-10,-7.438625647273145e-10,0.0015628586412412145,-0.00094575860268956,-1.650829570279282e-09,0.0006299899789598852,-1.680616891257525e-09,0.0,True,False,1,True,True,0.003281299999798648,3,2.759459324460435e-10,4.829838062516516e-11,`gtol` termination condition is satisfied.,True,True,0.009999999999999787,0.004821183249034078,1.0,0.0005501484417019714,0.006399551658925092,0.000550148290542338,0.0063995517072233995
9.429999999999843,1786132512.7163434,0.00735690000874456,0.00577680001151748,0.01,TELEOP,0,,0.0,9.429999999999843,943,0.0,0.0,0.00950000000000261,0.14090123193757365,0.0,0.0,0.9900236577165589,9.23994912223772e-22,1.9325150452557298e-13,0.011157691314469701,0.1351737677652251,0.0,0.0,0.9908219075636918,-0.016000000000000007,-0.22409515178182773,0.2834660932162567,-0.0630633995885279,0.0,0.0,0.9980095228164597,-0.016000000000000004,-0.22407897559150297,0.28352646358038935,-0.06348563155135506,0.0,0.0,0.997982752649827,-0.0160000000015886,-0.22407897585366393,0.28352646349464533,-0.06348563157545466,-1.2200582043117266e-14,3.116413657318276e-14,0.9979827526482938,-0.01599999999550831,-0.2239352122989365,0.2840574928824619,-0.06667861464375412,2.1744398355751105e-13,1.0330093562823048e-11,0.9977745047600634,-0.01599999999550831,-0.2239352122989365,0.2840574928824619,-0.06667861464375412,2.1744398355751105e-13,1.0330093562823048e-11,0.9977745047600634,-1.788436966068366e-11,-0.5256504279016883,0.7025004828898169,-5.948486868310558e-11,0.303906764571094,-5.905348429200519e-11,3.739683670857195e-11,-0.5260394623004935,0.7013097559610416,5.404420492012095e-11,0.3087265397245403,5.5521431105024174e-11,3.739683670857195e-11,-0.5260394623004935,0.7013097559610416,5.404420492012095e-11,0.3087265397245403,5.5521431105024174e-11,-4.597023003713112e-10,0.0033491099967279145,0.010938216348599239,-9.299431989022086e-10,-0.04389183320340531,-9.367614262330054e-10,-3.571176763947933e-10,0.0015630529670591226,-0.000945217391712513,-8.51160736665408e-10,0.0006307953733586276,-8.735726144998892e-10,0.0,True,False,1,True,True,0.002643200001330115,3,2.7583134314795875e-10,4.8296619074812416e-11,`gtol` termination condition is satisfied.,True,True,0.009999999999999787,0.004820479659563004,1.0,0.0005501455901783714,0.006399536481026947,0.000550145438906122,0.006399536529323589
9.439999999999843,1786132512.7239957,0.005990999998175539,0.007438900007400662,0.01,TELEOP,0,,0.0,9.439999999999843,944,0.0,0.0,0.009333333333335948,0.1414771804767599,0.0,0.0,0.989941517163689,8.395901084848124e-22,1.7559842538329598e-13,0.010991024647807194,0.13575018167679384,0.0,0.0,0.9907430989791034,-0.016000000000000007,-0.22410809273408763,0.28341779692494484,-0.06277308772211172,0.0,0.0,0.9980278249917846,-0.016000000000000004,-0.22409191654376323,0.28347816728907915,-0.06319532745418181,0.0,0.0,0.9980011776485832,-0.01600000000157894,-0.22409191680575052,0.28347816720317276,-0.0631953274782807,-1.1433348874384337e-14,2.7171848933242107e-14,0.9980011776470571,-0.015999999996013193,-0.22394815162439224,0.28400919351621734,-0.06638836406139793,2.1504008606439888e-13,9.475270238023088e-12,0.9977938590296351,-0.015999999996013193,-0.22394815162439224,0.28400919351621734,-0.06638836406139793,2.1504008606439888e-13,9.475270238023088e-12,0.9977938590296351,-1.776908094489841e-11,-0.5256150598766107,0.7026087415266924,-5.916346674570312e-11,0.30346861481547044,-5.872764544670898e-11,3.279980230479704e-11,-0.5260058148864687,0.7014190436773319,4.473356121028268e-11,0.30828768455275163,4.6141054999612566e-11,3.279980230479704e-11,-0.5260058148864687,0.7014190436773319,4.473356121028268e-11,0.30828768455275163,4.6141054999612566e-11,-4.5970344037750077e-10,0.0033647414024747216,0.01092877162902901,-9.310643709838468e-10,-0.043885517178864485,-9.380376105411807e-10,-1.140006189597576e-13,0.0015631405746807572,-0.0009444719570229014,-1.1211720816382251e-10,0.0006316024540828127,-1.2761843081753636e-10,0.0,True,False,1,True,True,0.0026019000069936737,3,2.75716780575466e-10,4.829434176526285e-11,`gtol` termination condition is satisfied.,True,True,0.009999999999999787,0.004819775153446282,1.0,0.0005501430473219667,0.006399522596499868,0.0005501428959373772,0.006399522644794205
9.449999999999843,1786132512.7313225,0.007814999989932403,0.006949899994651787,0.01,TELEOP,0,,0.0,9.449999999999843,945,0.0,0.0,0.00916666666666928,0.1420530811310434,0.0,0.0,0.9898590415514611,7.628954888604672e-22,1.5955791429826448e-13,0.010824357981143493,0.13632654964183086,0.0,0.0,0.9906639550638519,-0.016000000000000007,-0.2241210336863472,0.2833695006336325,-0.0624827705440965,0.0,0.0,0.9980460427180371,-0.016000000000000004,-0.2241048574960231,0.2834298709977683,-0.06290501800968216,0.0,0.0,0.9980195182005218,-0.01600000000156926,-0.22410485775783662,0.28342987091169963,-0.06290501803378062,-1.0661871401944797e-14,2.315751138701377e-14,0.9980195181990029,-0.015999999996514858,-0.22396109107911777,0.2839608945011646,-0.06609810850086827,2.1067714541039904e-13,8.62399955224478e-12,0.9978131288235326,-0.015999999996514858,-0.22396109107911777,0.2839608945011646,-0.06609810850086827,2.1067714541039904e-13,8.62399955224478e-12,0.9978131288235326,-1.7653707558188495e-11,-0.5255795368372272,0.7027169092935717,-5.884065556395468e-11,0.3030305292041696,-5.840048045200808e-11,2.8235482505065978e-11,-0.5259720111593819,0.7015282370395997,3.5479539081998746e-11,0.3078488926220247,3.681639401790458e-11,2.8235482505065978e-11,-0.5259720111593819,0.7015282370395997,3.5479539081998746e-11,0.3078488926220247,3.681639401790458e-11,-4.564319799731157e-10,0.0033803727086861657,0.010919336226776447,-9.254022128284134e-10,-0.043879193072696616,-9.32466098170819e-10,3.271460404385108e-10,0.001563130621144433,-0.0009435402252562914,5.662158155433512e-10,0.0006324106167866425,5.571512370361828e-10,0.0,True,False,1,True,True,0.003038200011360459,3,2.7560223557547605e-10,4.829257916927907e-11,`gtol` termination condition is satisfied.,True,True,0.009999999999999787,0.00481906973728119,1.0,0.0005501408096824652,0.006399509993981576,0.0005501406581857644,0.006399510042274166
9.459999999999843,1786132512.737532,0.007198500010417774,0.005960599999525584,0.01,TELEOP,0,,0.0,9.459999999999843,946,0.0,0.0,0.009000000000002624,0.14262893370550264,0.0,0.0,0.9897762309077903,6.932067458178962e-22,1.4498266689833972e-13,0.010657691314478756,0.13690287146525695,0.0,0.0,0.9905844758447245,-0.016000000000000007,-0.22413397463860638,0.2833212043423197,-0.06219244807904747,0.0,0.0,0.9980641759936758,-0.016000000000000004,-0.22411779844828258,0.28338157470645686,-0.06261470324242066,0.0,0.0,0.998037774304091,-0.016000000001559565,-0.22411779870992216,0.2833815746202263,-0.06261470326651855,-9.886129278998475e-15,1.9121008307740322e-14,0.9980377743025791,-0.015999999997010024,-0.22397403066138277,0.2839125958313611,-0.0658078479771259,2.0451634498620363e-13,7.781729725578743e-12,0.9978323141413188,-0.015999999997010024,-0.22397403066138277,0.2839125958313611,-0.0658078479771259,2.0451634498620363e-13,7.781729725578743e-12,0.9978323141413188,-1.7538034745068682e-11,-0.5255438587709944,0.7028249862518574,-5.851571370319665e-11,0.30259250781113634,-5.807127360214622e-11,2.3733651041075465e-11,-0.5259380511290773,0.7016373361578747,2.6343940653396848e-11,0.3074101640132271,2.7609845981755243e-11,2.3733651041075465e-11,-0.5259380511290773,0.7016373361578747,2.6343940653396848e-11,0.3074101640132271,2.7609845981755243e-11,-4.5018314639906086e-10,0.0033960030304536017,0.01090991182750185,-9.135598428602093e-10,-0.04387286087975548,-9.206548036149531e-10,6.248833574055022e-10,0.0015630321767436393,-0.0009424399274597679,1.1842369968204308e-09,0.0006332192941134809,1.1811294555866313e-09,0.0,True,False,1,True,True,0.0025781000003917143,3,2.754875859821296e-10,4.829056304091532e-11,`gtol` termination condition is satisfied.,True,True,0.009999999999999787,0.004818363417855076,1.0,0.000550138871973149,0.006399498654156429,0.0005501387203647926,0.006399498702446965
9.469999999999843,1786132512.7443662,0.006190999993123114,0.006603699992410839,0.01,TELEOP,0,,0.0,9.469999999999843,947,0.0,0.0,0.008833333333335955,0.14320473800523237,0.0,0.0,0.9896930852607049,6.298839086926713e-22,1.3173883472597539e-13,0.010491024647813124,0.13747914695200852,0.0,0.0,0.9905046613486218,-0.016000000000000007,-0.22414691559086528,0.28327290805100663,-0.061902120351530296,0.0,0.0,0.9980822248171665,-0.016000000000000004,-0.22413073940054176,0.28333327841514494,-0.06232438317696226,0.0,0.0,0.998055945957746,-0.016000000001549865,-0.22413073966200742,0.2833332783287524,-0.06232438320105955,-9.106103886148181e-15,1.5062218061734985e-14,0.9980559459562413,-0.015999999997495785,-0.2239869703687213,0.28386429749895975,-0.0655175825015588,1.9672561100124188e-13,6.95341958610636e-12,0.9978514149827876,-0.015999999997495785,-0.2239869703687213,0.28386429749895975,-0.0655175825015588,1.9672561100124188e-13,6.95341958610636e-12,0.9978514149827876,-1.7422227126843083e-11,-0.5255080256653837,0.702932972462889,-5.818918040373595e-11,0.30215455071023817,-5.7740560075687297e-11,1.9321167489584733e-11,-0.5259039348133558,0.7017463411573005,1.738260653094836e-11,0.3069714988072253,1.857779912877501e-11,1.9321167489584733e-11,-0.5259039348133558,0.7017463411573005,1.738260653094836e-11,0.3069714988072253,1.857779912877501e-11,-4.412483551490828e-10,0.0034116315721474952,0.010900499942581058,-8.961334122448678e-10,-0.04386652060018486,-9.032046852980425e-10,8.934791249978302e-10,0.0015628541693894012,-0.0009411884920792573,1.7426430615341887e-09,0.000634027957062353,1.7450118316910993e-09,0.0,True,False,1,True,True,0.0029020999936619774,3,2.7537313781802424e-10,4.828844612836583e-11,`gtol` termination condition is satisfied.,True,True,0.009999999999999787,0.004817656202090792,1.0,0.0005501372272621711,0.006399488550547868,0.000550137075542187,0.00639948859883631
9.479999999999842,1786132512.7504098,0.006833599996753037,0.005814000003738329,0.01,TELEOP,0,,0.0,9.479999999999842,948,0.0,0.0,0.008666666666669293,0.14378049383534372,0.0,0.0,0.9896096046383467,5.723454666642608e-22,1.197047960714596e-13,0.01032435798114672,0.13805537590703773,0.0,0.0,0.9904245116025585,-0.016000000000000007,-0.22415985654312387,0.28322461175969316,-0.061611787386111054,0.0,0.0,0.9981001891869817,-0.016000000000000004,-0.2241436803528006,0.2832849821238325,-0.06203405783787243,0.0,0.0,0.9980740331599494,-0.01600000000154014,-0.22414368061409226,0.2832849820372783,-0.06203405786196919,-8.321776272959331e-15,1.0981022112099926e-14,0.9980740331584516,-0.01599999999796947,-0.22399991019800958,0.2838159994944216,-0.06522731208237179,1.8747744986772385e-13,6.143543406824202e-12,0.9978704313479325,-0.01599999999796947,-0.22399991019800958,0.2838159994944216,-0.06522731208237179,1.8747744986772385e-13,6.143543406824202e-12,0.9978704313479325,-1.7306175185447933e-11,-0.5254720375078845,0.7030408679879384,-5.786068269272288e-11,0.30171665797525704,-5.740797000157657e-11,1.5022034354363837e-11,-0.525869662237101,0.7018552521764314,8.645527410206204e-12,0.30653289708483494,9.770743894582363e-12,1.5022034354363837e-11,-0.525869662237101,0.7018552521764314,8.645527410206204e-12,0.30653289708483494,9.770743894582363e-12,-4.299133135220988e-10,0.0034272576254902936,0.01089110191308674,-8.737079120742342e-10,-0.0438601722390363,-8.807055234192836e-10,1.1335041626984211e-09,0.001562605334279856,-0.0009398029494317306,2.242550017063395e-09,0.0006348361148561059,2.249916187875938e-09,0.0,True,False,1,True,True,0.0026531999901635572,3,2.752586637072651e-10,4.8286525211604284e-11,`gtol` termination condition is satisfied.,True,True,0.009999999999999787,0.004816948096987128,1.0,0.0005501358671560272,0.006399479650301121,0.0005501357153248448,0.006399479698587644
9.489999999999842,1786132512.7597218,0.006038400009856559,0.009088000006158836,0.01,TELEOP,0,,0.0,9.489999999999842,949,0.0,0.0,0.00850000000000263,0.14435620100096413,0.0,0.0,0.9895257890689708,5.200630285841463e-22,1.0877003908770487e-13,0.010157691314479656,0.13863155813531236,0.0,0.0,0.9903440266336622,-0.016000000000000007,-0.2241727974953822,0.28317631546837946,-0.06132144920735636,0.0,0.0,0.9981180691016016,-0.016000000000000004,-0.22415662130505917,0.2832366858325197,-0.061743727249717065,0.0,0.0,0.9980920359091704,-0.016000000001530398,-0.2241566215661767,0.28323668574580385,-0.06174372727381315,-7.533126101953992e-15,6.877300396043736e-15,0.9980920359076797,-0.01599999999842873,-0.22401285014554168,0.2837677018067234,-0.0649370367249654,1.7694692221088085e-13,5.3560986641579125e-12,0.9978893632369175,-0.01599999999842873,-0.22401285014554168,0.2837677018067234,-0.0649370367249654,1.7694692221088085e-13,5.3560986641579125e-12,0.9978893632369175,-1.7189991939283356e-11,-0.5254358942860022,0.7031486728882135,-5.753058959673027e-11,0.30127882967989494,-5.707386957302029e-11,1.0857467686705466e-11,-0.5258352334314291,0.7019640693655776,1.7698184808883855e-13,0.30609435892677617,1.233411225269644e-12,1.0857467686705466e-11,-0.5258352334314291,0.7019640693655776,1.7698184808883855e-13,0.30609435892677617,1.233411225269644e-12,-4.1645666676584585e-10,0.003442880567184664,0.010881718914622614,-8.468545562117545e-10,-0.0438538158058805,-8.537332669312901e-10,1.3456646756253237e-09,0.0015622941694370777,-0.0009382998464125958,2.68533558624803e-09,0.0006356433155803078,2.6972256487994e-09,0.0,True,False,1,True,True,0.0043191000004298985,3,2.751442155192168e-10,4.8284296125267823e-11,`gtol` termination condition is satisfied.,True,True,0.009999999999999787,0.004816239109577902,1.0,0.000550134781981577,0.006399471914943857,0.0005501346300393159,0.0063994719632281755
9.499999999999842,1786132512.769695,0.009448800003156066,0.009612099995138124,0.01,TELEOP,0,,0.0,9.499999999999842,950,0.0,0.0,0.008333333333335968,0.1449318593072377,0.0,0.0,0.9894416385809459,4.725564706163215e-22,9.883414692992556e-14,0.009991024647812027,0.13920769344181605,0.0,0.0,0.9902632064691738,-0.016000000000000007,-0.22418573844764028,0.2831280191770655,-0.06103110583983324,0.0,0.0,0.9981358645595133,-0.016000000000000004,-0.2241695622573175,0.2831883895412065,-0.061453391437062514,0.0,0.0,0.9981099542038859,-0.016000000001520655,-0.22416956251826087,0.2831883894543293,-0.061453391461158094,-6.740134075093382e-15,2.75093221736628e-15,0.9981099542024023,-0.01599999999887153,-0.22402579020710311,0.28371940442355736,-0.06464675643230205,1.653097571302554e-13,4.594616415398404e-12,0.9979082106500491,-0.01599999999887153,-0.22402579020710311,0.28371940442355736,-0.06464675643230205,1.653097571302554e-13,4.594616415398404e-12,0.9979082106500491,-1.707368069192467e-11,-0.525399595987258,0.7032563872248553,-5.7198904875040877e-11,0.30084106589777154,-5.673826259696006e-11,6.84598193316703e-12,-0.5258006484328677,0.7020727928852066,-7.98429524165159e-12,0.30565588441363195,-6.9950581231436076e-12,6.84598193316703e-12,-0.5258006484328677,0.7020727928852066,-7.98429524165159e-12,0.30565588441363195,-6.9950581231436076e-12,-4.0114857535385217e-10,0.00345849985614919,0.010872351962902422,-8.161277089740602e-10,-0.04384745131442145,-8.228469348413427e-10,1.5308091411994004e-09,0.0015619288964526308,-0.0009366951720192619,3.0726847237695015e-09,0.0006364491459052296,3.0886332089947993e-09,0.0,True,False,1,True,True,0.004392100003315136,3,2.750298376422724e-10,4.8282429110157704e-11,`gtol` termination condition is satisfied.,True,True,0.009999999999999787,0.004815529246881223,1.0,0.0005501339609585502,0.0063994653011188035,0.0005501338089055584,0.006399465349401221
9.509999999999842,1786132512.776571,0.00987489998806268,0.006613200006540865,0.01,TELEOP,0,,0.0,9.509999999999842,951,0.0,0.0,0.008166666666669306,0.14550746855932475,0.0,0.0,0.9893571532027537,4.293895271296386e-22,8.980587560046472e-14,0.009824357981143924,0.13978378163154828,0.0,0.0,0.9901820511364482,-0.016000000000000007,-0.22419867939989813,0.28307972288575134,-0.06074075730810907,0.0,0.0,0.9981535755592109,-0.016000000000000004,-0.22418250320957558,0.28314009324989303,-0.06116305042447556,0.0,0.0,0.9981277880425798,-0.016000000001510875,-0.22418250347034457,0.28314009316285443,-0.06116305044857046,-5.94277776469948e-15,-1.3982048019851843e-15,0.9981277880411034,-0.015999999999296084,-0.22403873037804187,0.2836711073315242,-0.0643564712052591,1.527406118247362e-13,3.862174016931083e-12,0.9979269735877504,-0.015999999999296084,-0.22403873037804187,0.2836711073315242,-0.0643564712052591,1.527406118247362e-13,3.862174016931083e-12,0.9979269735877504,-1.6957077708117577e-11,-0.5253631425991899,0.7033640110589399,-5.686507202604883e-11,0.300403366702424,-5.640059730453366e-11,3.0034876338034316e-12,-0.5257659072825636,0.7021814229044063,-1.580491574602752e-11,0.3052174736258108,-1.488091571461541e-11,3.0034876338034316e-12,-0.5257659072825636,0.7021814229044063,-1.580491574602752e-11,0.3052174736258108,-1.488091571461541e-11,-3.8424942993636803e-10,0.0034741150304129676,0.010863001919975298,-7.820620504376095e-10,-0.04384107878211407,-7.885857591471968e-10,1.6899145417484482e-09,0.0015615174263777672,-0.0009350042927123356,3.4065658536451377e-09,0.0006372532307386108,3.4261175694146583e-09,0.0,True,False,1,True,True,0.003381300004548393,3,2.749153803938687e-10,4.8280191541186464e-11,`gtol` termination condition is satisfied.,True,True,0.009999999999999787,0.004814818515860408,1.0,0.0005501333923679775,0.006399459761294116,0.0005501332402043967,0.006399459809574298
9.519999999999841,1786132512.7825894,0.006841800000984222,0.005789699993329123,0.01,TELEOP,0,,0.0,9.519999999999841,952,0.0,0.0,0.008000000000002644,0.14608302856240252,0.0,0.0,0.9892723329629897,3.901657843519677e-22,8.160231603036884e-14,0.009657691314475421,0.14035982250952442,0.0,0.0,0.9901005606629535,-0.016000000000000007,-0.22421162035215578,0.283031426594437,-0.06045040363675187,0.0,0.0,0.998171202099196,-0.016000000000000004,-0.22419544416183343,0.2830917969585793,-0.060872704236523474,0.0,0.0,0.9981455374237431,-0.016000000001501105,-0.22419544442242803,0.2830917968713796,-0.060872704260617735,-5.141043519927445e-15,-5.570233731386264e-15,0.9981455374222736,-0.015999999999700934,-0.22405167065333645,0.2836228105163165,-0.06406618104296768,1.3941148550646674e-13,3.161409946423876e-12,0.9979456520505361,-0.015999999999700934,-0.22405167065333645,0.2836228105163165,-0.06406618104296768,1.3941148550646674e-13,3.161409946423876e-12,0.9979456520505361,-1.684041911969074e-11,-0.5253265341093519,0.7034715444514766,-5.652987445171778e-11,0.2999657321673075,-5.6061650700612486e-11,-6.566037152902438e-13,-0.5257310100255264,0.7022899595994163,-2.325663008827275e-11,0.3047791266435129,-2.2395595833089543e-11,-6.566037152902438e-13,-0.5257310100255264,0.7022899595994163,-2.325663008827275e-11,0.3047791266435129,-2.2395595833089543e-11,-3.6600913490937537e-10,0.0034897257037199646,0.010853669500998406,-7.451714342245389e-10,-0.043834698229787424,-7.514680118474292e-10,1.824029502699305e-09,0.0015610673306997427,-0.000933241897689216,3.689061621307144e-09,0.0006380552326642452,3.711774729976843e-09,0.0,True,False,1,True,True,0.0026313999987905845,3,2.7480099323200516e-10,4.827807448471397e-11,`gtol` termination condition is satisfied.,True,True,0.009999999999999787,0.004814106923386796,1.0,0.0005501330637109337,0.00639945524444025,0.0005501329114371047,0.006399455292718323
9.529999999999841,1786132512.7921326,0.006005200004437938,0.00932809998630546,0.01,TELEOP,0,,0.0,9.529999999999841,953,0.0,0.0,0.007833333333335982,0.14665853912166474,0.0,0.0,0.9891871778903623,3.5452503999480647e-22,7.414813270287782e-14,0.009491024647806587,0.1409358158807759,0.0,0.0,0.9900187350762713,-0.016000000000000007,-0.22422456130441323,0.28298313030312244,-0.06016004485032999,0.0,0.0,0.9981887441779768,-0.016000000000000004,-0.22420838511409108,0.28304350066726525,-0.06058235289777396,0.0,0.0,0.9981632023458737,-0.016000000001491304,-0.22420838537451118,0.2830435005799047,-0.06058235292186771,-4.334904208400458e-15,-9.765276953750502e-15,0.9981632023444114,-0.01600000000008478,-0.22406461102766081,0.28357451396289407,-0.06377588594313435,1.25490280935599e-13,2.4945404106094087e-12,0.9979642460389893,-0.01600000000008478,-0.22406461102766081,0.28357451396289407,-0.06377588594313435,1.25490280935599e-13,2.4945404106094087e-12,0.9979642460389893,-1.672347385929828e-11,-0.5252897705053141,0.7035789874634112,-5.619252850173633e-11,0.2995281623657972,-5.572064584087311e-11,-4.123262939070615e-12,-0.5256959567099074,0.702398403152231,-3.0316089752091046e-11,0.3043408435467002,-2.951547656674489e-11,-4.123262939070615e-12,-0.5256959567099074,0.702398403152231,-3.0316089752091046e-11,0.3043408435467002,-2.951547656674489e-11,-3.466659223780445e-10,0.0035053315618906924,0.010844355281467202,-7.059459663818445e-10,-0.04382830968127438,-7.119880733655496e-10,1.9343212531331256e-09,0.0015605858170728189,-0.0009314219531204697,3.922546784269519e-09,0.0006388548513042968,3.9479938481880515e-09,0.0,True,False,1,True,True,0.004462099997908808,3,2.7468658792726433e-10,4.827620863566683e-11,`gtol` termination condition is satisfied.,True,True,0.009999999999999787,0.004813394476205435,1.0,0.0005501329618611151,0.006399451696676506,0.0005501328094773497,0.006399451744952677
9.539999999999841,1786132512.7983668,0.009556000004522502,0.006006000010529533,0.01,TELEOP,0,,0.0,9.539999999999841,954,0.0,0.0,0.007666666666669313,0.14723400004232198,0.0,0.0,0.9891016880136934,3.221399954177844e-22,6.737487182690278e-14,0.00932435798113748,0.1415117615503502,0.0,0.0,0.9899365744040963,-0.016000000000000007,-0.2242375022566705,0.28293483401180786,-0.05986968097341217,0.0,0.0,0.9982062017940692,-0.016000000000000004,-0.22422132606634854,0.28299520437595105,-0.060291996432795154,0.0,0.0,0.9981807828074771,-0.0160000000014815,-0.2242213263265941,0.28299520428842967,-0.06029199645688837,-3.5243418397866073e-15,-1.3983460376697214e-14,0.9981807828060218,-0.016000000000446695,-0.22407755149544678,0.28352621765564956,-0.06348558590234615,1.1113952303591387e-13,1.8633775408493285e-12,0.9979827555537399,-0.016000000000446695,-0.22407755149544678,0.28352621765564956,-0.06348558590234615,1.1113952303591387e-13,1.8633775408493285e-12,0.9979827555537399,-1.660644734044901e-11,-0.5252528517746635,0.7036863401556218,-5.585371640886154e-11,0.29909065737118384,-5.537825927184694e-11,-7.387722674767752e-12,-0.5256607473863175,0.7025067537492791,-3.696460574015206e-11,0.30390262441506966,-3.622163656360328e-11,-7.387722674767752e-12,-0.5256607473863175,0.7025067537492791,-3.696460574015206e-11,0.30390262441506966,-3.622163656360328e-11,-3.2644597356972066e-10,0.0035209323589858493,0.010835059704810772,-6.648515988061157e-10,-0.04382191316305455,-6.706159996858533e-10,2.0219948808324268e-09,0.0015600797095157476,-0.0009295576656430382,4.109436757572976e-09,0.0006396518219830422,4.1372073679697155e-09,0.0,True,False,1,True,True,0.002745900012087077,3,2.7457229643685843e-10,4.827423573631456e-11,`gtol` termination condition is satisfied.,True,True,0.009999999999999787,0.004812681180903,1.0,0.000550133073208337,0.006399449061882624,0.0005501329207147608,0.006399449110156867
9.54999999999984,1786132512.8051658,0.0062344999896595255,0.006570800003828481,0.01,TELEOP,0,,0.0,9.54999999999984,955,0.0,0.0,0.007500000000002657,0.1478094111296015,0.0,0.0,0.9890158633619183,2.927132499563088e-22,6.122033270726079e-14,0.009157691314468155,0.1420876593233109,0.0,0.0,0.9898540786742371,-0.016000000000000007,-0.22425044320892762,0.2828865377204931,-0.05957931203056769,0.0,0.0,0.9982235749459959,-0.016000000000000004,-0.22423426701860583,0.2829469080846367,-0.06000163486615564,0.0,0.0,0.9981982788070658,-0.01600000000147166,-0.22423426727867674,0.2829469079969545,-0.06000163489024816,-2.7093386908020595e-15,-1.8224907531021883e-14,0.9981982788056176,-0.016000000000785875,-0.22409049205094178,0.28347792157856355,-0.06319528091635827,9.651522481602934e-14,1.2693488749910547e-12,0.9980011805954453,-0.016000000000785875,-0.22409049205094178,0.28347792157856355,-0.06319528091635827,9.651522481602934e-14,1.2693488749910547e-12,0.9980011805954453,-1.6489111117770586e-11,-0.5252157779050032,0.7037936025889222,-5.55126605741074e-11,0.29865321725667715,-5.5033720239692945e-11,-1.044334818556654e-11,-0.5256253821071843,0.7026150115801818,-4.3187884665554905e-11,0.3034644693280306,-4.2499589364029654e-11,-1.044334818556654e-11,-0.5256253821071843,0.7026150115801818,-4.3187884665554905e-11,0.3034644693280306,-4.2499589364029654e-11,-3.0556255107988523e-10,0.00353652791331643,0.010825783090273166,-6.223278925402981e-10,-0.043815508703905916,-6.27795280042651e-10,2.0883422489835863e-09,0.0015595554330581304,-0.0009276614537606035,4.252370626581843e-09,0.0006404459148639612,4.282071964320328e-09,0.0,True,False,1,True,True,0.0028178000065963715,3,2.744580312231368e-10,4.827202228293422e-11,`gtol` termination condition is satisfied.,True,True,0.009999999999999787,0.004811967043885812,1.0,0.0005501333837929883,0.006399447282275003,0.000550133231189698,0.006399447330546999
9.55999999999984,1786132512.8117442,0.006915100006153807,0.0062335000111488625,0.01,TELEOP,0,,0.0,9.55999999999984,956,0.0,0.0,0.007333333333335988,0.1483847721887475,0.0,0.0,0.9889297039640854,2.659745698104468e-22,5.562799653878854e-14,0.008991024647798657,0.14266350900473782,0.0,0.0,0.9897712479146155,-0.016000000000000007,-0.22426338416118458,0.28283824142917824,-0.05928893804636622,0.0,0.0,0.998240863632287,-0.016000000000000004,-0.22424720797086295,0.28289861179332215,-0.05971126822242445,0.0,0.0,0.9982156903431592,-0.016000000001461817,-0.22424720823075917,0.2828986117054796,-0.05971126824651641,-1.8898704383668225e-15,-2.2489745130537124e-14,0.998215690341718,-0.0160000000011018,-0.2241034326882641,0.28342962571535046,-0.0629049709803633,8.176590729476969e-14,7.135179457077367e-13,0.9980195211647714,-0.0160000000011018,-0.2241034326882641,0.28342962571535046,-0.0629049709803633,8.176590729476969e-14,7.135179457077367e-13,0.9980195211647714,-1.637168152893547e-11,-0.5251785488839521,0.7039007748240582,-5.517008176317174e-11,0.29821584209540447,-5.468774335932523e-11,-1.3285507218683271e-11,-0.5255898609261509,0.7027231768365918,-4.897576671590764e-11,0.30302637836468493,-4.8339019389387836e-11,-1.3285507218683271e-11,-0.5255898609261509,0.7027231768365918,-4.897576671590764e-11,0.30302637836468493,-4.8339019389387836e-11,-2.842159033116792e-10,0.0035521181033402313,0.010816525640997913,-5.787882050352859e-10,-0.0438090963345708,-5.839430025358307e-10,2.1346647768206456e-09,0.0015590190023801569,-0.0009257449275253792,4.353968750501316e-09,0.0006412369335113619,4.385227750682121e-09,0.0,True,False,1,True,True,0.002741300006164238,3,2.7434375573572053e-10,4.827008297993207e-11,`gtol` termination condition is satisfied.,True,True,0.009999999999999787,0.004811252071353467,1.0,0.0005501338794319964,0.006399446298945479,0.0005501337267194839,0.00639944634721553
9.56999999999984,1786132512.8182046,0.006452799992985092,0.006241700000828132,0.01,TELEOP,0,,0.0,9.56999999999984,957,0.0,0.0,0.007166666666669326,0.14896008302502106,0.0,0.0,0.9888432098493567,2.416784064145079e-22,5.0546507378796076e-14,0.008824357981129027,0.14323931039972695,0.0,0.0,0.9896880821532665,-0.016000000000000007,-0.22427632511344142,0.2827899451378633,-0.05899855904537791,0.0,0.0,0.9982580678514795,-0.016000000000000004,-0.22426014892311996,0.2828503155020075,-0.05942089652617106,0.0,0.0,0.9982330174142839,-0.016000000001451953,-0.22426014918284135,0.2828503154140047,-0.059420896550262406,-1.0659187844676818e-15,-2.677810118164833e-14,0.9982330174128499,-0.016000000001394156,-0.22411637340145418,0.28338133004959404,-0.06261465608924244,6.703176253435643e-14,1.9660570414043928e-13,0.998037777262377,-0.016000000001394156,-0.22411637340145418,0.28338133004959404,-0.06261465608924244,6.703176253435643e-14,1.9660570414043928e-13,0.998037777262377,-1.6254110326687257e-11,-0.525141164699146,0.7040078569217119,-5.482580961607348e-11,0.2977785319604115,-5.4340159834825504e-11,-1.5911434965068086e-11,-0.5255541838975161,0.7028312497111143,-5.432195055998214e-11,0.3025883516038106,-5.373350483239283e-11,-1.5911434965068086e-11,-0.5255541838975161,0.7028312497111143,-5.432195055998214e-11,0.3025883516038106,-5.373350483239283e-11,-2.6259277463848694e-10,0.0035677028634819763,0.010807287452248128,-5.346183844074615e-10,-0.04380267608743535,-5.394485443005108e-10,2.162312867319272e-09,0.0015584760141745357,-0.0009238188749784276,4.416982062782532e-09,0.0006420247135449295,4.4494458235320845e-09,0.0,True,False,1,True,True,0.00290839999797754,3,2.742294708796287e-10,4.826803570848559e-11,`gtol` termination condition is satisfied.,True,True,0.009999999999999787,0.004810536269280463,1.0,0.000550134545837275,0.006399446052366749,0.0005501343930157356,0.006399446100634719
9.57999999999984,1786132512.824917,0.006464700010837987,0.006489200008218177,0.01,TELEOP,0,,0.0,9.57999999999984,958,0.0,0.0,0.007000000000002664,0.14953534344370034,0.0,0.0,0.9887563810470072,2.1960164149784035e-22,4.5929200531489575e-14,0.0086576913144593,0.14381506331339075,0.0,0.0,0.9896045814183388,-0.016000000000000007,-0.2242892660656981,0.28274164884654834,-0.058708175052173184,0.0,0.0,0.9982751876021178,-0.016000000000000004,-0.2242730898753768,0.28280201921069276,-0.05913051980196535,0.0,0.0,0.9982502600189741,-0.01600000000144209,-0.22427309013492328,0.28280201912252956,-0.059130519826056,-2.374619074599227e-16,-3.1090101748965424e-14,0.9982502600175471,-0.01600000000166276,-0.22412931418452206,0.2833330345648719,-0.062324336237797096,5.244395859570864e-14,-2.809874141694469e-13,0.9980559488888977,-0.01600000000166276,-0.22412931418452206,0.2833330345648719,-0.062324336237797096,5.244395859570864e-14,-2.809874141694469e-13,0.9980559488888977,-1.6136360612350887e-11,-0.5251036253382375,0.7041148489425012,-5.4479711235666545e-11,0.2973412869246627,-5.399083804830638e-11,-1.8320097382915857e-11,-0.525518351075717,0.7029392303963112,-5.922371464396492e-11,0.30215038912384834,-5.868023685803571e-11,-1.8320097382915857e-11,-0.525518351075717,0.7029392303963112,-5.922371464396492e-11,0.30215038912384834,-5.868023685803571e-11,-2.408662417847821e-10,0.003583282179913032,0.01079806851969056,-4.901764083982882e-10,-0.04379624799622398,-4.94673202564298e-10,2.17265328537053e-09,0.001557931643105596,-0.0009218932557567411,4.4441976009174286e-09,0.0006428091211367615,4.477534173621371e-09,0.0,True,False,1,True,True,0.0030654000001959503,3,2.7411530080226023e-10,4.826580404892088e-11,`gtol` termination condition is satisfied.,True,True,0.009999999999999787,0.004809819643399105,1.0,0.0005501353687228421,0.006399446482855086,0.0005501352157922379,0.006399446531120835
9.58999999999984,1786132512.831135,0.00671679999504704,0.005990199992083944,0.01,TELEOP,0,,0.0,9.58999999999984,959,0.0,0.0,0.006833333333336002,0.15011055325008055,0.0,0.0,0.9886692175864256,1.9954153812912213e-22,4.173367401338919e-14,0.008491024647789506,0.14439076755085797,0.0,0.0,0.9895207457380943,-0.016000000000000007,-0.2243022070179547,0.2826933525552333,-0.05841778609132312,0.0,0.0,0.9982922228827532,-0.016000000000000004,-0.22428603082763354,0.2827537229193779,-0.05884013807437765,0.0,0.0,0.9982674181557707,-0.01600000000143221,-0.22428603108700507,0.2827537228310548,-0.058840138098467616,5.955211426870381e-16,-3.5425878000622037e-14,0.9982674181543507,-0.016000000001907655,-0.22414225503149116,0.2832847392448698,-0.0620340114209624,3.8124081247024e-14,-7.191589806004418e-13,0.9980740360449338,-0.016000000001907655,-0.22414225503149116,0.2832847392448698,-0.0620340114209624,3.8124081247024e-14,-7.191589806004418e-13,0.9980740360449338,-1.6018426505117708e-11,-0.5250659307888943,0.7042217509469721,-5.413175818511619e-11,0.29690410706103654,-5.3639749936205924e-11,-2.0512054107069385e-11,-0.5254823625148537,0.703047119083788,-6.36816375788738e-11,0.3017124910028912,-6.317973783347342e-11,-2.0512054107069385e-11,-0.5254823625148537,0.703047119083788,-6.36816375788738e-11,0.3017124910028912,-6.317973783347342e-11,-2.1919567241535754e-10,0.0035988560863249217,0.010788868747675316,-4.4579229349089795e-10,-0.04378981209571351,-4.499500975437813e-10,2.1670569369425003e-09,0.001557390641189016,-0.0009199772015244656,4.4384114907391186e-09,0.0006435900510469092,4.472310502051774e-09,0.0,True,False,1,True,True,0.002737700007855892,3,2.7400110162587894e-10,4.82635901126223e-11,`gtol` termination condition is satisfied.,True,True,0.009999999999999787,0.004809102199185622,1.0,0.0005501363339028415,0.0063994475309982505,0.0005501361808637054,0.006399447579261807
9.59999999999984,1786132512.8374865,0.006368400005158037,0.00597310000739526,0.01,TELEOP,0,,0.0,9.59999999999984,960,0.0,0.0,0.0066666666666693325,0.15068571224947397,0.0,0.0,0.9885817194971132,1.813138789280292e-22,3.7921399164392445e-14,0.00832435798111967,0.14496642291727382,0.0,0.0,0.9894365751409083,-0.016000000000000007,-0.22431514797021118,0.2826450562639182,-0.05812739218739908,0.0,0.0,0.9983091736919442,-0.016000000000000004,-0.22429897177989014,0.282705426628063,-0.05854975136797874,0.0,0.0,0.9982844918232218,-0.0160000000014223,-0.22429897203908652,0.28270542653958,-0.0585497513920681,1.4330530348367943e-15,-3.978555614564246e-14,0.9982844918218088,-0.01600000000212903,-0.2241551959364387,0.28323644407348675,-0.06174368163400197,2.418370536022061e-14,-1.1180818162531263e-12,0.9980920387310376,-0.01600000000212903,-0.2241551959364387,0.28323644407348675,-0.06174368163400197,2.418370536022061e-14,-1.1180818162531263e-12,0.9980920387310376,-1.590022387728687e-11,-0.5250280810388017,0.704328562995612,-5.3781655894972845e-11,0.2964669924423346,-5.3286603764169833e-11,-2.2489321172058857e-11,-0.5254462182682564,0.7031549159633628,-6.769931706306876e-11,0.30127465731867664,-6.723557807436562e-11,-2.2489321172058857e-11,-0.5254462182682564,0.7031549159633628,-6.769931706306876e-11,0.30127465731867664,-6.723557807436562e-11,-1.9772670649895147e-10,0.003614424659722828,0.010779687957469,-4.0176794841950395e-10,-0.04378336842145726,-4.055840240892285e-10,2.1468965916406544e-09,0.001556857339790683,-0.0009180790206315872,4.402434507139494e-09,0.0006443674256253334,4.436607345455371e-09,0.0,True,False,1,True,True,0.0026768999960040674,3,2.738868941750873e-10,4.8261564626005035e-11,`gtol` termination condition is satisfied.,True,True,0.009999999999999787,0.004808383941854677,1.0,0.0005501374273843117,0.006399449138046007,0.0005501372742366796,0.006399449186307537
9.60999999999984,1786132512.8441303,0.0062873999995645136,0.006329900003038347,0.01,TELEOP,0,,0.0,9.60999999999984,961,0.0,0.0,0.006500000000002677,0.15126082024721005,0.0,0.0,0.988493886808685,1.647512743469733e-22,3.445736682861872e-14,0.00815769131444982,0.14554202921780007,0.0,0.0,0.9893520696552696,-0.016000000000000007,-0.22432808892246756,0.28259675997260314,-0.05783699336497293,0.0,0.0,0.9983260400282565,-0.016000000000000004,-0.22431191273214665,0.28265713033674794,-0.0582593597073398,0.0,0.0,0.9983014810198825,-0.016000000001412364,-0.22431191299116793,0.28265713024810524,-0.05825935973142853,2.2751518433490056e-15,-4.4169268427931276e-14,0.9983014810184767,-0.016000000002327257,-0.22416813689353193,0.2831881490349282,-0.06145334687268394,1.0724091045253365e-14,-1.4781811496422354e-12,0.9981099569477031,-0.016000000002327257,-0.22416813689353193,0.2831881490349282,-0.06145334687268394,1.0724091045253365e-14,-1.4781811496422354e-12,0.9981099569477031,-1.5781769993824008e-11,-0.5249900760756601,0.704435285148838,-5.342945319126293e-11,0.2960299431412734,-5.2931448105471216e-11,-2.4255235765117026e-11,-0.5254099183880937,0.7032626212223165,-7.128309364669327e-11,0.30083688814858134,-7.08540973926217e-11,-2.4255235765117026e-11,-0.5254099183880937,0.7032626212223165,-7.128309364669327e-11,0.30083688814858134,-7.08540973926217e-11,-1.7659145930582064e-10,0.0036299880162711864,0.010770525895371062,-3.5837765836245885e-10,-0.04377691700953252,-3.6185193182561704e-10,2.113524719313127e-09,0.0015563356548358776,-0.0009162062097937673,4.339029005704605e-09,0.0006451411924741912,4.373209226361238e-09,0.0,True,False,1,True,True,0.0028669000021182,3,2.737727991252549e-10,4.825948842278017e-11,`gtol` termination condition is satisfied.,True,True,0.009999999999999787,0.004807664876342044,1.0,0.0005501386354460074,0.006399451246263033,0.0005501384821901215,0.0063994512945224685
9.61999999999984,1786132512.8527532,0.006550299993250519,0.008402399995247833,0.01,TELEOP,0,,0.0,9.61999999999984,962,0.0,0.0,0.006333333333336008,0.15183587704863555,0.0,0.0,0.9884057195508693,1.4970162548740028e-22,3.130976585581741e-14,0.007991024647779971,0.1461175862576151,0.0,0.0,0.9892672293097798,-0.016000000000000007,-0.22434102987472385,0.282548463681288,-0.057546589648616885,0.0,0.0,0.9983428218902631,-0.016000000000000004,-0.22432485368440305,0.2826088340454329,-0.057968963117032486,0.0,0.0,0.9983183857443156,-0.016000000001402424,-0.224324853943249,0.2826088339566306,-0.057968963141120496,3.1218422968480757e-15,-4.8577145840592235e-14,0.9983183857429169,-0.016000000002502762,-0.2241810778970611,0.28313985411379095,-0.06116300713343897,-2.164002503316938e-15,-1.80011184989129e-12,0.9981277906953573,-0.016000000002502762,-0.2241810778970611,0.28313985411379095,-0.06116300713343897,-2.164002503316938e-15,-1.80011184989129e-12,0.9981277906953573,-1.5663225107976766e-11,-0.5249519158871869,0.7045419174670016,-5.307568676209581e-11,0.29559295923048656,-5.257481476124383e-11,-2.58143240680791e-11,-0.5253734629250216,0.7033702350447233,-7.444178185609493e-11,0.3003991835696183,-7.404413397163857e-11,-2.58143240680791e-11,-0.5253734629250216,0.7033702350447233,-7.444178185609493e-11,0.3003991835696183,-7.404413397163857e-11,-1.5590883029621084e-10,0.003645546307211624,0.01076138224067697,-3.1586882094017326e-10,-0.04377045789630396,-3.19003657901693e-10,2.0682629009610235e-09,0.0015558290940438234,-0.0009143654694091705,4.250883742228648e-09,0.0006459113228559956,4.284827392392495e-09,0.0,True,False,1,True,True,0.003460899999481626,3,2.736586160501988e-10,4.825727481828409e-11,`gtol` termination condition is satisfied.,True,True,0.009999999999999787,0.004806945007307939,1.0,0.0005501399447122615,0.0063994537992449665,0.0005501397913483178,0.006399453847502139
9.62999999999984,1786132512.8598084,0.008770500004175119,0.006687099987175316,0.01,TELEOP,0,,0.0,9.62999999999984,963,0.0,0.0,0.006166666666669346,0.1524108824591147,0.0,0.0,0.9883172177535076,1.3602672733427366e-22,2.8449690970930854e-14,0.007824357981110142,0.1466930938419139,0.0,0.0,0.9891820541331547,-0.016000000000000007,-0.22435397082698003,0.28250016738997286,-0.05725618106290357,0.0,0.0,0.998359519276544,-0.016000000000000004,-0.22433779463665934,0.2825605377541178,-0.0576785616216288,0.0,0.0,0.9983352059950906,-0.016000000001392473,-0.22433779489532996,0.2825605376651561,-0.057678561645716116,3.97314317291766e-15,-5.3009322372980765e-14,0.998335205993699,-0.01600000000265618,-0.2241940189414688,0.2830915592951366,-0.060872662413500166,-1.4400396481828707e-14,-2.0847359047609995e-12,0.9981455399743527,-0.01600000000265618,-0.2241940189414688,0.2830915592951366,-0.060872662413500166,-1.4400396481828707e-14,-2.0847359047609995e-12,0.9981455399743527,-1.5544556130556396e-11,-0.5249136004611157,0.7046484600103893,-5.272023627045772e-11,0.29515604078252683,-5.221658457001005e-11,-2.717217051289488e-11,-0.5253368519278728,0.7034777576108577,-7.718640198147955e-11,0.2999615436584363,-7.681675396489272e-11,-2.717217051289488e-11,-0.5253368519278728,0.7034777576108577,-7.718640198147955e-11,0.2999615436584363,-7.681675396489272e-11,-1.3578464448158071e-10,0.0036610997148786737,0.010752256613444157,-2.744620125384672e-10,-0.04376399111820327,-2.772619993254219e-10,2.012418581463056e-09,0.001555340766704993,-0.0009125627232812582,4.140680840170695e-09,0.0006466778100689893,4.174165857627201e-09,0.0,True,False,1,True,True,0.002859200001694262,3,2.735445369550898e-10,4.825506674301493e-11,`gtol` termination condition is satisfied.,True,True,0.009999999999999787,0.004806224339131748,1.0,0.000550141342216536,0.006399456742198396,0.0005501411887447222,0.006399456790453363
9.639999999999839,1786132512.8681812,0.006909000003361143,0.008151200003339909,0.01,TELEOP,0,,0.0,9.639999999999839,964,0.0,0.0,0.006000000000002684,0.15298583628402884,0.0,0.0,0.9882283814465543,1.2360099958186607e-22,2.5850877329098717e-14,0.0076576913144403465,0.14726855177590828,0.0,0.0,0.989096544154223,-0.016000000000000007,-0.22436691177923615,0.2824518710986577,-0.05696576763240615,0.0,0.0,0.9983761321856862,-0.016000000000000004,-0.22435073558891558,0.28251224146280274,-0.057388155245701226,0.0,0.0,0.9983519417707842,-0.016000000001382516,-0.22435073584741078,0.2825122413736818,-0.05738815526978804,4.829077863358744e-15,-5.746593001065544e-14,0.9983519417693997,-0.016000000002788145,-0.22420696002137558,0.2830432645645575,-0.060582312711026536,-2.591547215225699e-14,-2.333100272095165e-12,0.9981632047849607,-0.016000000002788145,-0.22420696002137558,0.2830432645645575,-0.060582312711026536,-2.591547215225699e-14,-2.333100272095165e-12,0.9981632047849607,-1.542559450252628e-11,-0.5248751297851958,0.7047549128392208,-5.23625173657214e-11,0.2947191878698644,-5.1856178848581345e-11,-2.83352896427929e-11,-0.5253000854433845,0.7035851890966779,-7.95299156754727e-11,0.299523968491321,-7.918498496484577e-11,-2.83352896427929e-11,-0.5253000854433845,0.7035851890966779,-7.95299156754727e-11,0.299523968491321,-7.918498496484577e-11,-1.1631191298980454e-10,0.003676648448831169,0.010743148582020355,-2.343513693993193e-10,-0.04375751671152793,-2.3682309999531027e-10,1.947273149177659e-09,0.001554873395249567,-0.000910803142380121,4.011064313914875e-09,0.0006474406675337451,4.043889933011251e-09,0.0,True,False,1,True,True,0.0033510000066598877,3,2.734304648858005e-10,4.82532878138154e-11,`gtol` termination condition is satisfied.,True,True,0.009999999999999787,0.004805502875909473,1.0,0.0005501428154578405,0.006399460022188147,0.0005501426618784157,0.006399460070441296
9.649999999999839,1786132512.8786898,0.008509899998898618,0.01014980000036303,0.01,TELEOP,0,,0.0,9.649999999999839,965,0.0,0.0,0.0058333333333360216,0.153560738328777,0.0,0.0,0.9881392106600775,1.123103333956868e-22,2.3489459318450477e-14,0.007491024647770597,0.14784395986482668,0.0,0.0,0.9890106994019264,-0.016000000000000007,-0.22437985273149222,0.2824035748073425,-0.056675349381698055,0.0,0.0,0.9983926606162841,-0.016000000000000004,-0.22436367654117173,0.2824639451714876,-0.05709774401382264,0.0,0.0,0.9983685930699804,-0.016000000001372517,-0.22436367679949137,0.2824639450822075,-0.05709774403790869,5.689668507547002e-15,-6.194710561988809e-14,0.9983685930686028,-0.016000000002899487,-0.22421990113160278,0.282994969908232,-0.06029195802520907,-3.6650054291369515e-14,-2.546415196608597e-12,0.9981807851273669,-0.016000000002899487,-0.22421990113160278,0.282994969908232,-0.06029195802520907,-3.6650054291369515e-14,-2.546415196608597e-12,0.9981807851273669,-1.530652967520678e-11,-0.5248365038471948,0.704861276013652,-5.200316838633036e-11,0.2942824005648871,-5.149422995408136e-11,-2.9311004678757855e-11,-0.5252631635159634,0.7036925296733809,-8.148697859434737e-11,0.29908645814419843,-8.116356647167245e-11,-2.9311004678757855e-11,-0.5252631635159634,0.7036925296733809,-8.148697859434737e-11,0.29908645814419843,-8.116356647167245e-11,-9.757150359649753e-11,0.003692192742115824,0.010734057670306241,-1.9570629188747246e-10,-0.0437510347122575,-1.9785815068267106e-10,1.874040939330741e-09,0.0015544293284655282,-0.0009090911714114732,3.864507751184767e-09,0.0006481999270430024,3.896494931264004e-09,0.0,True,False,1,True,True,0.004622399996151216,3,2.733164013835596e-10,4.8250947081171846e-11,`gtol` termination condition is satisfied.,True,True,0.009999999999999787,0.004804780621456617,1.0,0.0005501443524486282,0.0063994635883511015,0.0005501441987617021,0.006399463636601918
9.659999999999838,1786132512.8864338,0.01055130000167992,0.00734129999182187,0.01,TELEOP,0,,0.0,9.659999999999838,966,0.0,0.0,0.005666666666669359,0.15413558839877567,0.0,0.0,0.9880497054242582,1.0205104352004696e-22,2.134375139570638e-14,0.007324357981100904,0.14841931791391455,0.0,0.0,0.9889245199053204,-0.016000000000000007,-0.2243927936837482,0.2823552785160274,-0.05638492633535328,0.0,0.0,0.998409104566939,-0.016000000000000004,-0.2243766174934278,0.28241564888017245,-0.056807327950566366,0.0,0.0,0.9983851598912701,-0.016000000001362532,-0.22437661775157183,0.28241564879073344,-0.05680732797465186,6.554936510653409e-15,-6.645297801252391e-14,0.9983851598898996,-0.016000000002991045,-0.2242328422671915,0.2829466753129717,-0.06000159835636067,-4.655521341278894e-14,-2.72603314373934e-12,0.9981982810016665,-0.016000000002991045,-0.2242328422671915,0.2829466753129717,-0.06000159835636067,-4.655521341278894e-14,-2.72603314373934e-12,0.9981982810016665,-1.5187251814406796e-11,-0.5247977226348938,0.704967549593769,-5.1641804937327954e-11,0.2938456789399001,-5.113035728980141e-11,-3.010732851127885e-11,-0.5252260861874866,0.7037997795070281,-8.30736947862532e-11,0.29864901269263955,-8.276870223361169e-11,-3.010732851127885e-11,-0.5252260861874866,0.7037997795070281,-8.30736947862532e-11,0.29864901269263955,-8.276870223361169e-11,-7.963238325210154e-11,0.0037077328476822755,0.010724983364716854,-1.5867161919058706e-10,-0.04374454515588766,-1.605135761939277e-10,1.7939120344396366e-09,0.001554010556645204,-0.0009074305589386814,3.7034672696886193e-09,0.0006489556369840393,3.734457448874415e-09,0.0,True,False,1,True,True,0.0034546000097179785,3,2.7320237106969e-10,4.8249063854660965e-11,`gtol` termination condition is satisfied.,True,True,0.009999999999999787,0.004804057579311349,1.0,0.0005501459417547677,0.006399467392072996,0.0005501457879605852,0.006399467440321898
9.669999999999838,1786132512.8927677,0.00756129999354016,0.006114899995736778,0.01,TELEOP,0,,0.0,9.669999999999838,967,0.0,0.0,0.005500000000002697,0.15471038629945882,0.0,0.0,0.9879598657693905,9.272891610818135e-23,1.939404894194068e-14,0.007157691314431274,0.14899462572843428,0.0,0.0,0.9888380056935736,-0.016000000000000007,-0.2244057346360041,0.28230698222471223,-0.05609449851794604,0.0,0.0,0.9984254640362595,-0.016000000000000004,-0.2243895584456838,0.2823673525888573,-0.05651690708050609,0.0,0.0,0.9984016422332515,-0.016000000001352505,-0.22438955870365213,0.2823673524992595,-0.056516907104590765,7.424904086657297e-15,-7.098368895427087e-14,0.9984016422318881,-0.01600000000306377,-0.22424578342341875,0.28289838076626056,-0.059711233705992066,-5.5591991348849086e-14,-2.8734284227146422e-12,0.9982156924078626,-0.01600000000306377,-0.22424578342341875,0.28289838076626056,-0.059711233705992066,-5.5591991348849086e-14,-2.8734284227146422e-12,0.9982156924078626,-1.506769704657036e-11,-0.5247587861360927,0.7050737336395958,-5.127819811304313e-11,0.29340902306712663,-5.0764334348768474e-11,-3.073285013925152e-11,-0.5251888534971371,0.7039069387582364,-8.430738256860294e-11,0.29821163221186675,-8.401782412730016e-11,-3.073285013925152e-11,-0.5251888534971371,0.7039069387582364,-8.430738256860294e-11,0.29821163221186675,-8.401782412730016e-11,-6.255216279726811e-11,0.003723269034954473,0.01071592512082913,-1.2336877823497633e-10,-0.043738048077280996,-1.249121893688489e-10,1.7080220454833803e-09,0.001553618727219752,-0.0009058243887723541,3.5302840955611474e-09,0.00064970786066663,3.5601386825079545e-09,0.0,True,False,1,True,True,0.0028790999931516126,3,2.730883574164501e-10,4.824666861345564e-11,`gtol` termination condition is satisfied.,True,True,0.009999999999999787,0.004803333752739447,1.0,0.0005501475725297287,0.006399471387144071,0.0005501474186284387,0.00639947143539053
9.679999999999838,1786132512.8989313,0.006334000005153939,0.005944500007899478,0.01,TELEOP,0,,0.0,9.679999999999838,968,0.0,0.0,0.005333333333336035,0.1552851318362783,0.0,0.0,0.9878696917258823,8.425834353089208e-23,1.762244730971153e-14,0.006991024647761716,0.14956988311366512,0.0,0.0,0.9887511567959679,-0.016000000000000007,-0.22441867558825998,0.28225868593339704,-0.055804065954051185,0.0,0.0,0.9984417390228616,-0.016000000000000004,-0.22440249939793974,0.2823190562975421,-0.05622648142821598,0.0,0.0,0.9984180400945301,-0.01600000000134249,-0.2244024996557323,0.28231905620778563,-0.056226481452300026,8.299594237211282e-15,-7.55393739406551e-14,0.9984180400931737,-0.016000000003118613,-0.22425872459581084,0.2828500862562854,-0.059420864076870805,-6.373105584722608e-14,-2.9901775650276756e-12,0.998233019345863,-0.016000000003118613,-0.22425872459581084,0.2828500862562854,-0.059420864076870805,-6.373105584722608e-14,-2.9901775650276756e-12,0.998233019345863,-1.49481718873368e-11,-0.5247196943386057,0.7051798282110873,-5.091339207616604e-11,0.2929724330187078,-5.0397195065955005e-11,-3.119662914369928e-11,-0.5251514654812713,0.7040140075819332,-8.520636032400384e-11,0.2977743167767614,-8.492937593914414e-11,-3.119662914369928e-11,-0.5251514654812713,0.7040140075819332,-8.520636032400384e-11,0.2977743167767614,-8.492937593914414e-11,-4.637790044477756e-11,0.0037388015865772992,0.01070688236968425,-8.989777554009229e-11,-0.04373154351053463,-9.11551811844003e-11,1.6174262352490897e-09,0.0015532551622826586,-0.0009042751144880864,3.347100269488476e-09,0.0006504566746359682,3.375700818444932e-09,0.0,True,False,1,True,True,0.0027584999916143715,3,2.7297442110900966e-10,4.824463085780502e-11,`gtol` termination condition is satisfied.,True,True,0.009999999999999787,0.004802609144740122,1.0,0.0005501492345401077,0.006399475529873219,0.0005501490805318883,0.006399475578117639
9.689999999999838,1786132512.904963,0.006169200001750141,0.005807200010167435,0.01,TELEOP,0,,0.0,9.689999999999838,969,0.0,0.0,0.005166666666669366,0.15585982481470348,0.0,0.0,0.987779183324254,7.656153821842684e-23,1.6012677399818136e-14,0.006824357981092233,0.1501450898749034,0.0,0.0,0.9886639732418984,-0.016000000000000007,-0.2244316165405158,0.2822103896420819,-0.05551362866824376,0.0,0.0,0.9984579295253678,-0.016000000000000004,-0.22441544035019564,0.2822707600062269,-0.05593605101827054,0.0,0.0,0.9984343534737182,-0.01600000000133243,-0.2244154406078124,0.28227075991631206,-0.0559360510423538,9.179027704950303e-15,-8.012016894466786e-14,0.9984343534723689,-0.016000000003156614,-0.22427166578015345,0.28280179177195963,-0.05913048947306945,-7.095230346520561e-14,-3.0779406017677848e-12,0.9982502618154805,-0.016000000003156614,-0.22427166578015345,0.28280179177195963,-0.05913048947306945,-7.095230346520561e-14,-3.0779406017677848e-12,0.9982502618154805,-1.4828201906473762e-11,-0.5246804472302649,0.7052858333681331,-5.0545746232432074e-11,0.2925359088667006,-5.002731527503571e-11,-3.150809026418456e-11,-0.525113922173318,0.7041209861271706,-8.578972455748543e-11,0.29733706646187275,-8.552258967872261e-11,-3.150809026418456e-11,-0.525113922173318,0.7041209861271706,-8.578972455748543e-11,0.29733706646187275,-8.552258967872261e-11,-3.114611204852869e-11,0.003754330795339248,0.01069785452373826,-5.833642334816043e-11,-0.04372503148886564,-5.932137395784787e-11,1.5231788396249186e-09,0.001552920876194948,-0.0009027845945988022,3.1561352191932533e-09,0.0006512021668993752,3.1833807226553103e-09,0.0,True,False,1,True,True,0.002614600001834333,3,2.7286049896231033e-10,4.824232458080816e-11,`gtol` termination condition is satisfied.,True,True,0.009999999999999787,0.004801883758053627,1.0,0.0005501509181859661,0.006399479779187861,0.0005501507640711064,0.00639947982742992
9.699999999999838,1786132512.912057,0.0060415999905671924,0.006859700006316416,0.01,TELEOP,0,,0.0,9.699999999999838,970,0.0,0.0,0.005000000000002711,0.15643446504022154,0.0,0.0,0.9876883405951392,6.956781831608806e-23,1.454995625774183e-14,0.006657691314422831,0.15072024581746274,0.0,0.0,0.9885764550608738,-0.016000000000000007,-0.22444455749277156,0.28216209335076675,-0.05522318668509938,0.0,0.0,0.9984740355424084,-0.016000000000000004,-0.2244283813024515,0.2822224637149118,-0.055645615875244726,0.0,0.0,0.9984505823694355,-0.016000000001322373,-0.22442838155989214,0.2822224636248385,-0.055645615899327414,1.0063229531476204e-14,-8.47262148581563e-14,0.9984505823680933,-0.01600000000317883,-0.22428460697249963,0.28275349730293964,-0.05884010989999818,-7.724440204099547e-14,-3.1384431914405337e-12,0.9982674198164319,-0.01600000000317883,-0.22428460697249963,0.28275349730293964,-0.05884010989999818,-7.724440204099547e-14,-3.1384431914405337e-12,0.9982674198164319,-1.4708230505564124e-11,-0.5246410447989187,0.7053917491705588,-5.0176777586959526e-11,0.292099450683082,-4.9656196910295166e-11,-3.1676930598527877e-11,-0.5250762236037052,0.704227874536995,-8.607716297310381e-11,0.29689988134142764,-8.581729676799992e-11,-3.1676930598527877e-11,-0.5250762236037052,0.704227874536995,-8.607716297310381e-11,0.29689988134142764,-8.581729676799992e-11,-1.6884033434331853e-11,0.003769856961282694,0.010688840982446355,-2.874384156183804e-11,-0.043718512044509286,-2.947070892773101e-11,1.426207861419714e-09,0.0015526165943446023,-0.0009013541291906686,2.9592581786323025e-09,0.0006519444356353765,2.9850665030117498e-09,0.0,True,False,1,True,True,0.002765999990515411,3,2.727464650358897e-10,4.8240453636642644e-11,`gtol` termination condition is satisfied.,True,True,0.009999999999999787,0.004801157595172134,1.0,0.0005501526145148422,0.00639948409669586,0.0005501524602933729,0.006399484144935992
9.709999999999837,1786132512.921682,0.007268300003488548,0.00921619999280665,0.01,TELEOP,0,,0.0,9.709999999999837,971,0.0,0.0,0.0048333333333360415,0.15700905231833776,0.0,0.0,0.9875971635692853,6.321295859355425e-23,1.3220851317757629e-14,0.006491024647753512,0.15129535074667375,0.0,0.0,0.9884886022825154,-0.016000000000000007,-0.22445749844502727,0.28211379705945167,-0.05493274002919395,0.0,0.0,0.9984900570726205,-0.016000000000000004,-0.22444132225470728,0.28217416742359663,-0.0553551760237139,0.0,0.0,0.9984667267803088,-0.0160000000013123,-0.224441322511972,0.2821741673333652,-0.05535517604779583,1.0952221995378607e-14,-8.93576508791606e-14,0.9984667267789736,-0.016000000003186323,-0.2242975481691748,0.2827052028396347,-0.0585497253644267,-8.260429688376334e-14,-3.1734597530499486e-12,0.9982844933483392,-0.016000000003186323,-0.2242975481691748,0.2827052028396347,-0.0585497253644267,-8.260429688376334e-14,-3.1734597530499486e-12,0.9982844933483392,-1.4588030129228112e-11,-0.5246014870324299,0.7054975756781202,-4.980569328269758e-11,0.29166305853974483,-4.928305517420767e-11,-3.171302798508356e-11,-0.5250383697998151,0.7043346729483697,-8.608876298123728e-11,0.2964627614893413,-8.583373492210279e-11,-3.171302798508356e-11,-0.5250383697998151,0.7043346729483697,-8.608876298123728e-11,0.2964627614893413,-8.583373492210279e-11,-3.6097386555685318e-12,0.0037853803890058584,0.01067984113746835,-1.1600008133477898e-12,-0.04371198520863546,-1.6438154102871823e-12,1.3274294778763604e-09,0.001552342772316472,-0.000899984497800552,2.7583840748490836e-09,0.000652683587382535,2.7826893517444423e-09,0.0,True,False,1,True,True,0.00455810000130441,3,2.7263265482526224e-10,4.8238117898622824e-11,`gtol` termination condition is satisfied.,True,True,0.009999999999999787,0.0048004306583456224,1.0,0.0005501543152295105,0.0063994884467321305,0.0005501541609016576,0.0063994884949699436
9.719999999999837,1786132512.9283118,0.009468100004596636,0.0063778000039746985,0.01,TELEOP,0,,0.0,9.719999999999837,972,0.0,0.0,0.004666666666669379,0.15758358645457493,0.0,0.0,0.987505652277552,5.743860064713756e-23,1.2013157048033031e-14,0.006324357981084279,0.15187040446788436,0.0,0.0,0.9884004149365586,-0.016000000000000007,-0.22447043939728295,0.2820655007681366,-0.05464228872510388,0.0,0.0,0.9985059941146485,-0.016000000000000004,-0.22445426320696302,0.2821258711322815,-0.055064731488253825,0.0,0.0,0.998482786704972,-0.0160000000013022,-0.22445426346405156,0.28212587104189196,-0.05506473151233498,1.1846028858718817e-14,-9.40146170324218e-14,0.998482786703644,-0.01600000000318019,-0.22431048936678005,0.2826569083732108,-0.05825933587449483,-8.703667914097522e-14,-3.1847975841564303e-12,0.9983014824107309,-0.01600000000318019,-0.22431048936678005,0.2826569083732108,-0.05825933587449483,-8.703667914097522e-14,-3.1847975841564303e-12,0.9983014824107309,-1.4467557515548286e-11,-0.5245617739186802,0.7056033129505095,-4.943233359893809e-11,0.29122673250849973,-4.89077321385026e-11,-3.1626357044498946e-11,-0.5250003607859636,0.7044413814921447,-8.584483778464924e-11,0.29602570697922853,-8.559237265514432e-11,-3.1626357044498946e-11,-0.5250003607859636,0.7044413814921447,-8.584483778464924e-11,0.29602570697922853,-8.559237265514432e-11,8.667094058461415e-12,0.003800901385154614,0.01067085437749861,2.4392519658805093e-11,-0.04370545101127805,2.413622669584744e-11,1.2276832714030209e-09,0.0015520996148755846,-0.000898675996974024,2.555252047215343e-09,0.0006534197357414145,2.5780042106135173e-09,0.0,True,False,1,True,True,0.0027600000030361116,3,2.7251877479508263e-10,4.823585468336125e-11,`gtol` termination condition is satisfied.,True,True,0.009999999999999787,0.004799702949596474,1.0,0.000550156012691354,0.0063994927963769615,0.0005501558582572287,0.006399492844612444
9.729999999999837,1786132512.9344597,0.006601499990210868,0.005923899996560067,0.01,TELEOP,0,,0.0,9.729999999999837,973,0.0,0.0,0.004500000000002717,0.1581580672544742,0.0,0.0,0.987413806750913,5.219171697870452e-23,1.0915782863912475e-14,0.006157691314415133,0.1524454067864599,0.0,0.0,0.9883118930528514,-0.016000000000000007,-0.22448338034953857,0.2820172044768215,-0.05435183279740579,0.0,0.0,0.9985218466671437,-0.016000000000000004,-0.2244672041592187,0.28207757484096635,-0.05477428229344064,0.0,0.0,0.9984987621420662,-0.0160000000012921,-0.2244672044161311,0.282077574750419,-0.05477428231752107,1.2744669391709703e-14,-9.869725641326657e-14,0.9984987621407453,-0.016000000003161534,-0.22432343056219253,0.2826086138955894,-0.057968941439712665,-9.055342356659199e-14,-3.1742819920093594e-12,0.9983183870030439,-0.016000000003161534,-0.22432343056219253,0.2826086138955894,-0.057968941439712665,-9.055342356659199e-14,-3.1742819920093594e-12,0.9983183870030439,-1.4347028578370446e-11,-0.5245219054455655,0.7057089610473513,-4.9057436366801484e-11,0.2907904726610747,-4.8530958126537835e-11,-3.1426913345726053e-11,-0.5249621965834025,0.7045480002930719,-8.536577162237516e-11,0.29558871788441576,-8.511375297620597e-11,-3.1426913345726053e-11,-0.5249621965834025,0.7045480002930719,-8.536577162237516e-11,0.29558871788441576,-8.511375297620597e-11,1.9944369877289737e-11,0.0038164202561125848,0.01066188009271158,4.790661622740956e-11,-0.04369890948127836,4.786196789383637e-11,1.1277275818828562e-09,0.0015518870957970956,-0.0008974284787029453,2.3514096568604968e-09,0.0006541529999688189,2.372574119798944e-09,0.0,True,False,1,True,True,0.002719400014029816,3,2.7240498714544805e-10,4.8233664112614346e-11,`gtol` termination condition is satisfied.,True,True,0.009999999999999787,0.004798974470728801,1.0,0.0005501576999185279,0.006399497115457432,0.0005501575453783881,0.006399497163690709
9.739999999999837,1786132512.9406347,0.00614270000369288,0.005956699998932891,0.01,TELEOP,0,,0.0,9.739999999999837,974,0.0,0.0,0.004333333333336055,0.15873249452359459,0.0,0.0,0.9873216270204543,4.742412402975111e-23,9.918651280064712e-15,0.005991024647746075,0.15302035750778306,0.0,0.0,0.9882230366613552,-0.016000000000000007,-0.22449632130179417,0.2819689081855064,-0.05406137227067694,0.0,0.0,0.9985376147287649,-0.016000000000000004,-0.22448014511147435,0.2820292785496512,-0.054483828463850914,0.0,0.0,0.9985146530902397,-0.016000000001281958,-0.22448014536821034,0.282029278458946,-0.05448382848793063,1.3648169249945683e-14,-1.0340571053630591e-13,0.9985146530889258,-0.016000000003131433,-0.22433637175256438,0.28256031939943965,-0.05767854207095028,-9.317301037978398e-14,-3.1437425087245327e-12,0.9983352071246259,-0.016000000003131433,-0.22433637175256438,0.28256031939943965,-0.05767854207095028,-9.317301037978398e-14,-3.1437425087245327e-12,0.9983352071246259,-1.4226099043568549e-11,-0.524481881601,0.7058145200282063,-4.867979884698945e-11,0.29035427906911676,-4.815154302675428e-11,-3.11246398558637e-11,-0.5249238772103436,0.7046545294698602,-8.467186394046152e-11,0.29515179427795335,-8.441833625697463e-11,-3.11246398558637e-11,-0.5249238772103436,0.7046545294698602,-8.467186394046152e-11,0.29515179427795335,-8.441833625697463e-11,3.0227348986235866e-11,0.003831937305882737,0.010652917678829001,6.939076819136505e-11,-0.04369236064624058,6.954167192313544e-11,1.0282979108946346e-09,0.001551704977015264,-0.000896241388257963,2.148415196395595e-09,0.0006548835037777669,2.1679704029299536e-09,0.0,True,False,1,True,True,0.0026691999955801293,3,2.722911143235434e-10,4.823151144600135e-11,`gtol` termination condition is satisfied.,True,True,0.009999999999999787,0.004798245223341047,1.0,0.0005501593705793898,0.006399501376526553,0.0005501592159332502,0.0063995014247576225
9.749999999999837,1786132512.9476948,0.006179999996675178,0.0068368000065675005,0.01,TELEOP,0,,0.0,9.749999999999837,975,0.0,0.0,0.004166666666669386,0.15930686806751324,0.0,0.0,0.9872291131173756,4.3092039698691695e-23,9.012605366196558e-15,0.005824357981077105,0.1535952564372539,0.0,0.0,0.9881338457921448,-0.016000000000000007,-0.22450926225404974,0.2819206118941913,-0.053770907169494814,0.0,0.0,0.9985532982981777,-0.016000000000000004,-0.22449308606372997,0.2819809822583361,-0.0541933700240616,0.0,0.0,0.9985304595481478,-0.016000000001271806,-0.22449308632028958,0.28198098216747347,-0.054193370048140524,1.455655489522151e-14,-1.0814012542208981e-13,0.9985304595468409,-0.016000000003090972,-0.22434931293531993,0.282512024878168,-0.05738813778042039,-9.49199257110329e-14,-3.0950001218504384e-12,0.9983519427747389,-0.016000000003090972,-0.22434931293531993,0.282512024878168,-0.05738813778042039,-9.49199257110329e-14,-3.0950001218504384e-12,0.9983519427747389,-1.4105105575508095e-11,-0.5244417023729119,0.7059199899525644,-4.830057889728059e-11,0.28991815180418673,-4.777063270290431e-11,-3.0729364613209637e-11,-0.524885402682002,0.7047609691352682,-8.378320353035194e-11,0.29471493623262834,-8.352637298966487e-11,-3.0729364613209637e-11,-0.524885402682002,0.7047609691352682,-8.378320353035194e-11,0.29471493623262834,-8.352637298966487e-11,3.9527524265407404e-11,0.0038474528341645485,0.010643966540804545,8.886604101095987e-11,-0.04368580453250291,8.919632673097812e-11,9.300175279171738e-10,0.001551552828181147,-0.0008951138024457413,1.947527281959523e-09,0.0006556113737673369,1.9654654807843103e-09,0.0,True,False,1,True,True,0.0032039999932749197,3,2.7217727801640266e-10,4.822921591219038e-11,`gtol` termination condition is satisfied.,True,True,0.009999999999999787,0.004797515208836589,1.0,0.0005501610189821134,0.006399505554828025,0.000550160864230389,0.006399505603056749
9.759999999999836,1786132512.9538925,0.007110500009730458,0.005923600008827634,0.01,TELEOP,0,,0.0,9.759999999999836,976,0.0,0.0,0.0040000000000027305,0.15988118769182547,0.0,0.0,0.9871362650729895,3.9155681277922944e-23,8.189324656473723e-15,0.005657691314408223,0.15417010338029016,0.0,0.0,0.988044320475408,-0.016000000000000007,-0.22452220320630528,0.2818723156028763,-0.053480437518437327,0.0,0.0,0.9985688973740553,-0.016000000000000004,-0.22450602701598557,0.28193268596702104,-0.05390290699865005,0.0,0.0,0.9985461815144531,-0.016000000001261658,-0.2245060272723686,0.28193268587600095,-0.05390290702272845,1.5469846556189034e-14,-1.1290064384900392e-13,0.9985461815131532,-0.016000000003041224,-0.22436225410815086,0.282463730325902,-0.05709772858165218,-9.582405798115774e-14,-3.0298555961949026e-12,0.9983685939525623,-0.016000000003041224,-0.22436225410815086,0.282463730325902,-0.05709772858165218,-9.582405798115774e-14,-3.0298555961949026e-12,0.9983685939525623,-1.3983986946634179e-11,-0.5244013677492475,0.7060253708798543,-4.791955569395879e-11,0.2894820909377675,-4.7388008683379726e-11,-3.025074162920331e-11,-0.5248467730106559,0.7048673193962296,-8.271954504444321e-11,0.2942781438209772,-8.245777913139284e-11,-3.025074162920331e-11,-0.5248467730106559,0.7048673193962296,-8.271954504444321e-11,0.2942781438209772,-8.245777913139284e-11,4.7862298400634013e-11,0.0038629671346192434,0.010635026096144503,1.0636584859087475e-10,-0.04367924116511437,1.0685938582720536e-10,8.334774135226787e-10,0.001551430045469516,-0.0008940444660041532,1.7499807579915257e-09,0.0006563367388545451,1.7663059096227619e-09,0.0,True,False,1,True,True,0.002670699992449954,3,2.720634168350922e-10,4.822746778039893e-11,`gtol` termination condition is satisfied.,True,True,0.009999999999999787,0.004796784428441614,1.0,0.0005501626400619002,0.006399509628242791,0.0005501624852046339,0.00639950967646971
9.769999999999836,1786132512.9629939,0.006143899998278357,0.008881800007657148,0.01,TELEOP,0,,0.0,9.769999999999836,977,0.0,0.0,0.0038333333333360614,0.160455453202145,0.0,0.0,0.9870430829187216,3.557890011840942e-23,7.441248740422064e-15,0.005491024647739427,0.154744898142327,0.0,0.0,0.9879544607414458,-0.016000000000000007,-0.2245351441585608,0.2818240193115613,-0.053189963342082744,0.0,0.0,0.9985844119550775,-0.016000000000000004,-0.22451896796824114,0.281884389675706,-0.05361243941219397,0.0,0.0,0.9985618189878251,-0.016000000001251475,-0.22451896822444767,0.2818843895845287,-0.053612439436271454,1.638806748210174e-14,-1.1768741232816363e-13,0.9985618189865324,-0.0160000000029832,-0.22437519526901023,0.2824154357374711,-0.056807314489457694,-9.59200930766248e-14,-2.950078863900179e-12,0.9983851606571964,-0.0160000000029832,-0.22437519526901023,0.2824154357374711,-0.056807314489457694,-9.59200930766248e-14,-2.950078863900179e-12,0.9983851606571964,-1.3862498814524619e-11,-0.5243608777179682,0.7061306628694343,-4.7535868311700826e-11,0.2890460965412551,-4.700281937006318e-11,-2.9698196652095574e-11,-0.5248079882057226,0.7049735803540081,-8.150019367727173e-11,0.29384141711529893,-8.123201976296759e-11,-2.9698196652095574e-11,-0.5248079882057226,0.7049735803540081,-8.150019367727173e-11,0.29384141711529893,-8.123201976296759e-11,5.5254497710774556e-11,0.0038784804933229243,0.010626095777857926,1.2193513671715042e-10,-0.04367267056782852,1.2257593684252795e-10,7.3921993101407e-10,0.0015513358703681363,-0.0008930318286576514,1.5569288126275986e-09,0.0006570597285852446,1.5716551015322932e-09,0.0,True,False,1,True,True,0.004182900011073798,3,2.719497179932106e-10,4.8224932934492265e-11,`gtol` termination condition is satisfied.,True,True,0.009999999999999787,0.004796052883209723,1.0,0.0005501642293625572,0.006399513577224346,0.0005501640743999328,0.006399513625448685
9.779999999999836,1786132512.9705813,0.009197999999742024,0.007270400004927069,0.01,TELEOP,0,,0.0,9.779999999999836,978,0.0,0.0,0.0036666666666693992,0.16102966440410363,0.0,0.0,0.9869495666861108,3.232884966681654e-23,6.761507833623742e-15,0.005324357981070718,0.15531964052881733,0.0,0.0,0.9878642666206725,-0.016000000000000007,-0.22454808511081628,0.28177572302024634,-0.05289948466500988,0.0,0.0,0.9985998420399317,-0.016000000000000004,-0.22453190892049665,0.281836093384391,-0.05332196728927152,0.0,0.0,0.9985773719669409,-0.01600000000124129,-0.22453190917652663,0.28183609329305653,-0.053321967313348276,1.7311244784583144e-14,-1.2250057852577361e-13,0.9985773719656551,-0.01600000000291793,-0.22438813641610514,0.28236714110838407,-0.05651689551989406,-9.524690707967604e-14,-2.8573994276874512e-12,0.9984016428876674,-0.01600000000291793,-0.22438813641610514,0.28236714110838407,-0.05651689551989406,-9.524690707967604e-14,-2.8573994276874512e-12,0.9984016428876674,-1.3740927990555577e-11,-0.5243202322670536,0.7062358659806004,-4.715050612412466e-11,0.2886101686859666,-4.6616043632192803e-11,-2.9080882724041682e-11,-0.5247690482738486,0.7050797521043787,-8.014391542713437e-11,0.2934047561876679,-7.98680182854474e-11,-2.9080882724041682e-11,-0.5247690482738486,0.7050797521043787,-8.014391542713437e-11,0.2934047561876679,-7.98680182854474e-11,6.173139280539043e-11,0.0038939931873994927,0.01061717503705883,1.3562782501373973e-10,-0.043666092763101357,1.3640014775202172e-10,6.476895094616007e-10,0.0015512694076568866,-0.000892074079909648,1.3692688296589602e-09,0.0006577804727158262,1.3824210909494048e-09,0.0,True,False,1,True,True,0.0036164999910397455,3,2.718361065386246e-10,4.8222745805961915e-11,`gtol` termination condition is satisfied.,True,True,0.009999999999999787,0.004795320574043804,1.0,0.0005501657830175939,0.0063995173847180625,0.0005501656279496693,0.006399517432940194
9.789999999999836,1786132512.9776754,0.007496799997170456,0.006867999996757135,0.01,TELEOP,0,,0.0,9.789999999999836,979,0.0,0.0,0.003500000000002737,0.16160382110335172,0.0,0.0,0.9868557164068088,2.9375683826685656e-23,6.143859690620129e-15,0.005157691314402093,0.15589433034523176,0.0,0.0,0.9877737381436155,-0.016000000000000007,-0.22456102606307174,0.28172742672893136,-0.052609001511797655,0.0,0.0,0.998615187627312,-0.016000000000000004,-0.22454484987275214,0.28178779709307594,-0.05303149065446119,0.0,0.0,0.9985928404504841,-0.016000000001231085,-0.22454485012860534,0.28178779700158463,-0.05303149067853733,1.8239400434569346e-14,-1.273402893303627e-13,0.9985928404492055,-0.016000000002846394,-0.22440107754788785,0.2823188464348037,-0.05622647169021777,-9.38469707306838e-14,-2.7534978206538088e-12,0.9984180406429309,-0.016000000002846394,-0.22440107754788785,0.2823188464348037,-0.05622647169021777,-9.38469707306838e-14,-2.7534978206538088e-12,0.9984180406429309,-1.3619183353308176e-11,-0.5242794313844982,0.7063409802725784,-4.676314225809914e-11,0.288174307443133,-4.622735818105256e-11,-2.8407638711028856e-11,-0.5247299532190103,0.7051858347378309,-7.866884943972349e-11,0.2929681611099469,-7.838406790255116e-11,-2.8407638711028856e-11,-0.5247299532190103,0.7051858347378309,-7.866884943972349e-11,0.2929681611099469,-7.838406790255116e-11,6.732440130128382e-11,0.003909505483831794,0.01060826334522041,1.475065987410912e-10,-0.04365950777210328,1.4839503828962718e-10,5.59300849589351e-10,0.0015512296432301093,-0.0008911691838419788,1.187877372735171e-09,0.0006584990998076297,1.199489053760572e-09,0.0,True,False,1,True,True,0.0034460000024409965,3,2.7172235095837807e-10,4.8220843930673197e-11,`gtol` termination condition is satisfied.,True,True,0.009999999999999787,0.004794587501701308,1.0,0.0005501672977272186,0.0063995210360735695,0.0005501671425543085,0.006399521084293716
9.799999999999836,1786132512.9837222,0.007098100002622232,0.005816700009745546,0.01,TELEOP,0,,0.0,9.799999999999836,980,0.0,0.0,0.003333333333336075,0.162177923105558,0.0,0.0,0.9867615321125808,2.669228287361995e-23,5.582632280675501e-15,0.004991024647733551,0.15646896739705868,0.0,0.0,0.9876828753409154,-0.016000000000000007,-0.22457396701532717,0.2816791304376164,-0.05231851390702567,0.0,0.0,0.9986304487159203,-0.016000000000000004,-0.22455779082500762,0.2817395008017609,-0.052741009532341884,0.0,0.0,0.9986082244371461,-0.016000000001220864,-0.22455779108068394,0.2817395007101127,-0.05274100955641723,1.917255988658732e-14,-1.322066945157059e-13,0.9986082244358745,-0.016000000002769518,-0.224414018663047,0.28227055171351906,-0.055936043018836146,-9.176576470400497e-14,-2.6399980642281242e-12,0.9984343539218765,-0.016000000002769518,-0.224414018663047,0.28227055171351906,-0.055936043018836146,-9.176576470400497e-14,-2.6399980642281242e-12,0.9984343539218765,-1.3497302134916323e-11,-0.5242384750583127,0.70644600580453,-4.637389759537698e-11,0.2877385128839047,-4.583688263892337e-11,-2.7686954361766322e-11,-0.5246907030426259,0.705291828339792,-7.709243511901112e-11,0.29253163195379955,-7.679775793167665e-11,-2.7686954361766322e-11,-0.5246907030426259,0.705291828339792,-7.709243511901112e-11,0.29253163195379955,-7.679775793167665e-11,7.206843492625488e-11,0.003925017638441375,0.010599360196104171,1.5764143207124068e-10,-0.0436529156147351,1.586309970874551e-10,4.744033624971164e-10,0.0015512154609580787,-0.0008903149116237363,1.0134833330149696e-09,0.0006592157368178383,1.0235958797828145e-09,0.0,True,False,1,True,True,0.002647899993462488,3,2.7160864919059957e-10,4.821851269558395e-11,`gtol` termination condition is satisfied.,True,True,0.009999999999999787,0.0047938536668138965,1.0,0.0005501687707349864,0.006399524518946197,0.0005501686154571078,0.006399524567164012
9.809999999999835,1786132512.9905286,0.006066300004022196,0.006556699998327531,0.01,TELEOP,0,,0.0,9.809999999999835,981,0.0,0.0,0.0031666666666694127,0.1627519702164098,0.0,0.0,0.9866670138353045,2.425400440748586e-23,5.072671699977488e-15,0.00482435798106509,0.15704355148980437,0.0,0.0,0.987591678243326,-0.016000000000000007,-0.22458690796758257,0.28163083414630147,-0.05202802187527371,0.0,0.0,0.9986456253044651,-0.016000000000000004,-0.22457073177726308,0.28169120451044594,-0.052450523947492896,0.0,0.0,0.9986235239256251,-0.0160000000012106,-0.22457073203276245,0.28169120441864104,-0.052450523971567395,2.011074617115629e-14,-1.3709994050509686e-13,0.9986235239243606,-0.0160000000026882,-0.22442695976049618,0.2822222569419151,-0.05564560952525425,-8.905121408803178e-14,-2.5184611249813577e-12,0.9984505827233329,-0.0160000000026882,-0.22442695976049618,0.2822222569419151,-0.05564560952525425,-8.905121408803178e-14,-2.5184611249813577e-12,0.9984505827233329,-1.3374987460594009e-11,-0.5241973632765242,0.7065509426355497,-4.5981721212896267e-11,0.28730278507934914,-4.544357783510706e-11,-2.6926938382573083e-11,-0.5246512977436756,0.7053977329908657,-7.54313420340101e-11,0.292095168790703,-7.512590309659328e-11,-2.6926938382573083e-11,-0.5246512977436756,0.7053977329908657,-7.54313420340101e-11,0.292095168790703,-7.512590309659328e-11,7.600159791932544e-11,0.003940529895030748,0.01059046510737171,1.6610930850010577e-10,-0.043646316309653294,1.671854835083403e-10,3.9331629930706444e-10,0.0015512256589374103,-0.0008895088732460554,8.467876428865258e-10,0.0006599305081806534,8.554486420885401e-10,0.0,True,False,1,True,True,0.002579899999545887,3,2.7149499734153007e-10,4.821614726037216e-11,`gtol` termination condition is satisfied.,True,True,0.009999999999999787,0.00479311906989488,1.0,0.0005501701998003551,0.006399527823189227,0.0005501700444176705,0.006399527871404614
9.819999999999835,1786132512.9967647,0.006818199995905161,0.0059745000035036355,0.01,TELEOP,0,,0.0,9.819999999999835,982,0.0,0.0,0.0030000000000027505,0.1633259622416128,0.0,0.0,0.986572161606971,2.2038457054556357e-23,4.609294841937844e-15,0.004657691314396708,0.15761808242899297,0.0,0.0,0.9875001468817143,-0.016000000000000007,-0.22459984891983797,0.28158253785498655,-0.05173752544112199,0.0,0.0,0.9986607173916622,-0.016000000000000004,-0.2245836727295185,0.28164290821913096,-0.0521600339244939,0.0,0.0,0.9986387389146266,-0.016000000001200353,-0.22458367298484094,0.2816429081271696,-0.05216003394856772,2.1053986657987686e-14,-1.4202018223288263e-13,0.9986387389133692,-0.016000000002603317,-0.2244399008393639,0.2821739621179419,-0.055355171230018846,-8.575313584283614e-14,-2.3903792725075652e-12,0.9984667270460721,-0.016000000002603317,-0.2244399008393639,0.2821739621179419,-0.055355171230018846,-8.575313584283614e-14,-2.3903792725075652e-12,0.9984667270460721,-1.3252646430927568e-11,-0.5241560960271767,0.7066557908246648,-4.55880301265468e-11,0.28686712410045,-4.504884518582663e-11,-2.61352967075373e-11,-0.5246117373188288,0.7055035487670847,-7.370142815117956e-11,0.29165877169196003,-7.33845010400532e-11,-2.61352967075373e-11,-0.5246117373188288,0.7055035487670847,-7.370142815117956e-11,0.29165877169196003,-7.33845010400532e-11,7.916416750357986e-11,0.003956042484680173,0.010581577621895641,1.7299138828305745e-10,-0.04363970987430233,1.7414020565401086e-10,3.162569584254488e-10,0.0015512589649424417,-0.0008887485476070038,6.882079782951812e-10,0.0006606435350962891,6.9547221456707e-10,0.0,True,False,1,True,True,0.002723800003877841,3,2.7138142895976466e-10,4.821412562682647e-11,`gtol` termination condition is satisfied.,True,True,0.009999999999999787,0.004792383711353876,1.0,0.0005501715831722468,0.00639953094074211,0.0005501714276849575,0.006399530988955373
9.829999999999835,1786132513.0027153,0.006183999998029321,0.005741599990869872,0.01,TELEOP,0,,0.0,9.829999999999835,983,0.0,0.0,0.0028333333333360883,0.16389989898689164,0.0,0.0,0.9864769754596844,2.0025294841441454e-23,4.188246390952074e-15,0.004491024647728403,0.15819256002016666,0.0,0.0,0.9874082812870602,-0.016000000000000007,-0.22461278987209335,0.28153424156367163,-0.0514470246291511,0.0,0.0,0.9986757249762346,-0.016000000000000004,-0.22459661368177392,0.281594611927816,-0.05186953948792491,0.0,0.0,0.998653869402863,-0.01600000000119007,-0.22459661393691926,0.2815946118356984,-0.0518695395119979,2.2002302338615372e-14,-1.4696757295265666e-13,0.9986538694016127,-0.016000000002515665,-0.22445284189898132,0.28212566724008115,-0.055064728154659376,-8.192271513605314e-14,-2.2571713867708166e-12,0.9984827868888144,-0.016000000002515665,-0.22445284189898132,0.28212566724008115,-0.055064728154659376,-8.192271513605314e-14,-2.2571713867708166e-12,0.9984827868888144,-1.313011755580997e-11,-0.5241146732983304,0.7067605504308374,-4.5192248435927834e-11,0.28643153001810867,-4.465211525296037e-11,-2.5319311427978618e-11,-0.5245720217625769,0.7056092757401725,-7.191769334389566e-11,0.2912224407287105,-7.158868536470333e-11,-2.5319311427978618e-11,-0.5245720217625769,0.7056092757401725,-7.191769334389566e-11,0.2912224407287105,-7.158868536470333e-11,8.159852795586991e-11,0.0039715556251918435,0.010572697308788195,1.7837348072839402e-10,-0.043633096324951694,1.7958156753499097e-10,2.434360452290102e-10,0.0015513140511671584,-0.0008880313107445815,5.382092445336691e-10,0.000661354935064043,5.441361880980226e-10,0.0,True,False,1,True,True,0.0026126000011572614,3,2.712677941708273e-10,4.8211786078232e-11,`gtol` termination condition is satisfied.,True,True,0.009999999999999787,0.004791647591510018,1.0,0.0005501729195598036,0.00639953386551338,0.0005501727639681998,0.006399533913724271
9.839999999999835,1786132513.0096288,0.005948199992417358,0.006706600004690699,0.01,TELEOP,0,,0.0,9.839999999999835,984,0.0,0.0,0.002666666666669419,0.16447378025798942,0.0,0.0,0.9863814554256617,1.8196030352485776e-23,3.805659744679899e-15,0.0043243579810601715,0.15876698406888565,0.0,0.0,0.9873160814904568,-0.016000000000000007,-0.2246257308243487,0.28148594527235676,-0.05115651946394204,0.0,0.0,0.9986906480569122,-0.016000000000000004,-0.2246095546340293,0.28154631563650107,-0.05157904066236636,0.0,0.0,0.9986689153890543,-0.01600000000117979,-0.22460955488899748,0.28154631554422715,-0.051579040686438614,2.2955721842097342e-14,-1.5194226093379069e-13,0.998668915387811,-0.016000000002426004,-0.22446578293887032,0.28207737230731295,-0.05477428032162701,-7.761200619162886e-14,-2.1201791286034502e-12,0.9984987622502333,-0.016000000002426004,-0.22446578293887032,0.28207737230731295,-0.05477428032162701,-7.761200619162886e-14,-2.1201791286034502e-12,0.9984987622502333,-1.3007313861686434e-11,-0.5240730950780617,0.7068652215129634,-4.479405946257176e-11,0.28599600290314475,-4.425307504561847e-11,-2.4485824938617245e-11,-0.5245321510673702,0.7057149139778142,-7.009424453526512e-11,0.2907861759719431,-6.975269036841675e-11,-2.4485824938617245e-11,-0.5245321510673702,0.7057149139778142,-7.009424453526512e-11,0.2907861759719431,-6.975269036841675e-11,8.334864893613918e-11,0.003987069520672546,0.010563823764160615,1.8234488086305827e-10,-0.0436264756767375,1.8359949962866168e-10,1.7501209802693022e-10,0.0015513895480702596,-0.0008873544627580547,3.9714001346643217e-10,0.0006620648214199915,4.0179320936707965e-10,0.0,True,False,1,True,True,0.0035303999902680516,3,2.7115427728398423e-10,4.820963343191263e-11,`gtol` termination condition is satisfied.,True,True,0.009999999999999787,0.004790910710601837,1.0,0.0005501742081036915,0.0063995365932561915,0.0005501740524076743,0.006399536641464862
9.849999999999834,1786132513.01562,0.006930100003955886,0.005767599999671802,0.01,TELEOP,0,,0.0,9.849999999999834,985,0.0,0.0,0.002500000000002764,0.1650476058606682,0.0,0.0,0.9862856015372331,1.6533864954806867e-23,3.458021505985266e-15,0.004157691314392013,0.15934135438072827,0.0,0.0,0.9872235475231105,-0.016000000000000007,-0.22463867177660404,0.2814376489810419,-0.05086600997007609,0.0,0.0,0.9987054866324326,-0.016000000000000004,-0.22462249558628467,0.28149801934518615,-0.051288537472399046,0.0,0.0,0.9986838768719272,-0.01600000000116948,-0.22462249584107558,0.28149801925275614,-0.05128853749647046,2.391426903414097e-14,-1.569444070095122e-13,0.9986838768706908,-0.016000000002335025,-0.22447872395873103,0.2820290773190809,-0.05448382775423356,-7.287345887273264e-14,-1.980663923083602e-12,0.9985146531289599,-0.016000000002335025,-0.22447872395873103,0.2820290773190809,-0.05448382775423356,-7.287345887273264e-14,-1.980663923083602e-12,0.9985146531289599,-1.2884380397019946e-11,-0.5240313613544629,0.7069698041298709,-4.4393963816939685e-11,0.2855605428262936,-4.385221959044879e-11,-2.364123006960823e-11,-0.5244921252237577,0.7058204635439305,-6.824427562236541e-11,0.290349977492506,-6.788983057475151e-11,-2.364123006960823e-11,-0.5244921252237577,0.7058204635439305,-6.824427562236541e-11,0.290349977492506,-6.788983057475151e-11,8.445948690090346e-11,0.004002584361246524,0.010554956611631056,1.849968912899738e-10,-0.04361984794371041,1.862859793665287e-10,1.1108379647643033e-10,0.001551484057397866,-0.0008867152529558794,2.652010426915585e-10,0.0006627733027083268,2.686479737867057e-10,0.0,True,False,1,True,True,0.0026110000035259873,3,2.710407389938157e-10,4.8207310461801164e-11,`gtol` termination condition is satisfied.,True,True,0.009999999999999787,0.004790173068798365,1.0,0.00055017544834487,0.006399539121447677,0.0005501752925446687,0.0063995391696539585
9.859999999999834,1786132513.0223753,0.006012800004100427,0.006510999999591149,0.01,TELEOP,0,,0.0,9.859999999999834,986,0.0,0.0,0.0023333333333360948,0.1656213756007087,0.0,0.0,0.9861894138268414,1.5023534531884618e-23,3.1421392184557207e-15,0.003991024647723924,0.15991567076129107,0.0,0.0,0.9871306794163407,-0.016000000000000007,-0.2246516127288594,0.2813893526897271,-0.05057549617213497,0.0,0.0,0.9987202407015402,-0.016000000000000004,-0.22463543653854004,0.2814497230538713,-0.05099802994260411,0.0,0.0,0.9986987538502156,-0.01600000000115915,-0.22463543679315354,0.2814497229612855,-0.05099802996667476,2.4877968980955516e-14,-1.6197416136755662e-13,0.9986987538489863,-0.01600000000224344,-0.22449166495842954,0.28198078227525764,-0.054193370476587656,-6.775947707245856e-14,-1.839804739434228e-12,0.9985304595235878,-0.01600000000224344,-0.22449166495842954,0.28198078227525764,-0.054193370476587656,-6.775947707245856e-14,-1.839804739434228e-12,0.9985304595235878,-1.2761264858073607e-11,-0.5239894721156435,0.7070742983403211,-4.399176730738462e-11,0.2851251498582074,-4.344935697216568e-11,-2.2791462792380976e-11,-0.5244519442205288,0.7059259244989564,-6.638005058890888e-11,0.28991384536111714,-6.601248358609597e-11,-2.2791462792380976e-11,-0.5244519442205288,0.7059259244989564,-6.638005058890888e-11,0.28991384536111714,-6.601248358609597e-11,8.49767277227272e-11,0.004018100322888583,0.010546095502599738,1.8642250334565706e-10,-0.04361321313888635,1.877346988655581e-10,5.1724082182375484e-11,0.001551596164205933,-0.0008861109031317593,1.4256120556832914e-10,0.0006634804824061138,1.4487194990294347e-10,0.0,True,False,1,True,True,0.002561699991929345,3,2.7092711510083387e-10,4.82051251981991e-11,`gtol` termination condition is satisfied.,True,True,0.009999999999999787,0.0047894346662124,1.0,0.0005501766401951745,0.00639954144915964,0.0005501764842911329,0.0063995414973636745
9.869999999999834,1786132513.0329635,0.006932499993126839,0.010165699990466237,0.01,TELEOP,0,,0.0,9.869999999999834,987,0.0,0.0,0.0021666666666694326,0.16619508928391064,0.0,0.0,0.9860928923270429,1.3651169309031415e-23,2.8551120492076606e-15,0.0038243579810559023,0.16048993301618877,0.0,0.0,0.9870374772015799,-0.016000000000000007,-0.22466455368111468,0.2813410563984122,-0.050284978094700755,0.0,0.0,0.9987349102629864,-0.016000000000000004,-0.22464837749079536,0.2814014267625564,-0.050707518097563097,0.0,0.0,0.9987135463226607,-0.016000000001148804,-0.2246483777452315,0.2814014266698148,-0.05070751812163289,2.584684690195363e-14,-1.670316789737907e-13,0.9987135463214386,-0.016000000002151824,-0.22450460593798457,0.28193248717610997,-0.053902908513532376,-6.232200978031235e-14,-1.6986966169072384e-12,0.9985461814326776,-0.016000000002151824,-0.22450460593798457,0.28193248717610997,-0.053902908513532376,-6.232200978031235e-14,-1.6986966169072384e-12,0.9985461814326776,-1.2637731892062834e-11,-0.5239474273497282,0.7071787042030113,-4.3586626117394874e-11,0.28468982406945814,-4.304365328652156e-11,-2.1941997434781562e-11,-0.5244116080448551,0.7060312969001196,-6.451288997163266e-11,0.2894777796483742,-6.413207641385913e-11,-2.1941997434781562e-11,-0.5244116080448551,0.7060312969001196,-6.451288997163266e-11,0.2894777796483742,-6.413207641385913e-11,8.494653575994308e-11,0.004033617567370474,0.010537240116310112,1.867160617276259e-10,-0.04360657127429791,1.8804071722368825e-10,-3.01919627841123e-12,0.001551724448189116,-0.0008855386289625898,2.9355838196886386e-11,0.0006641864588447071,3.060183581301695e-11,0.0,True,False,1,True,True,0.004470300002139993,3,2.7081372085201753e-10,4.820278325879769e-11,`gtol` termination condition is satisfied.,True,True,0.009999999999999787,0.004788695502909723,1.0,0.0005501777839076217,0.006399543576934678,0.0005501776278996576,0.006399543625136284
9.879999999999834,1786132513.0435038,0.010527100006584078,0.010179000004427508,0.01,TELEOP,0,,0.0,9.879999999999834,988,0.0,0.0,0.0020000000000027704,0.16676874671609276,0.0,0.0,0.9859960370705065,1.240416648348224e-23,2.5943041497496956e-15,0.0036576913143879456,0.1610641409510545,0.0,0.0,0.9869439409103735,-0.016000000000000007,-0.22467749463337,0.2812927601070974,-0.049994455762355866,0.0,0.0,0.99874949531553,-0.016000000000000004,-0.22466131844305068,0.28135313047124155,-0.050417001961857895,0.0,0.0,0.998728254288011,-0.016000000001138444,-0.22466131869730918,0.28135313037834436,-0.050417001985926996,2.6820930860630627e-14,-1.7211712648394254e-13,0.998728254286796,-0.016000000002060755,-0.22451754689755551,0.28188419202226417,-0.05361244189058167,-5.661216723350946e-14,-1.5583498296775238e-12,0.9985618188547613,-0.016000000002060755,-0.22451754689755551,0.28188419202226417,-0.05361244189058167,-5.661216723350946e-14,-1.5583498296775238e-12,0.9985618188547613,-1.2514326536163035e-11,-0.5239052270448598,0.7072830217765697,-4.318045969322459e-11,0.28425456553053163,-4.263700572325195e-11,-2.109785092018614e-11,-0.524371116682432,0.7061365808017166,-6.265318419552941e-11,0.28904178042476364,-6.225909851506837e-11,-2.109785092018614e-11,-0.524371116682432,0.7061365808017166,-6.265318419552941e-11,0.28904178042476364,-6.225909851506837e-11,8.441465145954404e-11,0.004049136242308586,0.010528390159707943,1.8597057761032937e-10,-0.043599922361052625,1.8729778987908033e-10,-5.318843003990567e-11,0.001551867493811136,-0.0008849956602169883,-7.454841172965558e-11,0.0006648913245280049,-7.429273446079267e-11,0.0,True,False,1,True,True,0.00456849999318365,3,2.707001484371393e-10,4.8200769191003006e-11,`gtol` termination condition is satisfied.,True,True,0.009999999999999787,0.004787955578916037,1.0,0.0005501788800446769,0.006399545506657349,0.0005501787239330637,0.006399545554856832
9.889999999999834,1786132513.0522084,0.010553899992373772,0.008329699994646944,0.01,TELEOP,0,,0.0,9.889999999999834,989,0.0,0.0,0.0018333333333361082,0.16734234770309278,0.0,0.0,0.9858988480900144,1.1271074489432228e-23,2.3573204502696923e-15,0.0034910246477200513,0.1616382943715397,0.0,0.0,0.9868500705743805,-0.016000000000000007,-0.2246904355856253,0.28124446381578266,-0.04970392919968312,0.0,0.0,0.9987639958579368,-0.016000000000000004,-0.224674259395306,0.28130483417992674,-0.05012648156007078,0.0,0.0,0.998742877745022,-0.016000000001128056,-0.2246742596493868,0.2813048340868741,-0.050126481584139106,2.7800243594134427e-14,-1.7723065027286675e-13,0.998742877743814,-0.016000000001970747,-0.22453048783742896,0.28183589681467125,-0.053321970633858205,-5.067988245095311e-14,-1.4196897742614308e-12,0.9985773717883467,-0.016000000001970747,-0.22453048783742896,0.28183589681467125,-0.053321970633858205,-5.067988245095311e-14,-1.4196897742614308e-12,0.9985773717883467,-1.239031643066145e-11,-0.5238628711891953,0.7073872511195581,-4.2770660725028244e-11,0.28381937431183224,-4.2226837607363694e-11,-2.0263580958963084e-11,-0.5243304701176189,0.7062417762553879,-6.081038082111183e-11,0.2886058477606698,-6.040308918487333e-11,-2.0263580958963084e-11,-0.5243304701176189,0.7062417762553879,-6.081038082111183e-11,0.2886058477606698,-6.040308918487333e-11,8.342699612230753e-11,0.004064656481308351,0.01051954536712224,1.842803374417611e-10,-0.043593266409389486,1.8560093301950748e-10,-9.876553372365235e-11,0.0015520238999765135,-0.0008844792585703417,-1.6902401685683056e-10,0.0006655951663135536,-1.6968568595728924e-10,0.0,True,False,1,True,True,0.004466700003831647,3,2.705866253288832e-10,4.8198584420815453e-11,`gtol` termination condition is satisfied.,True,True,0.009999999999999787,0.004787214894232006,1.0,0.0005501799294494197,0.006399547241431311,0.0005501797732343189,0.006399547289628545
9.899999999999833,1786132513.059659,0.00866080001287628,0.007119400004739873,0.01,TELEOP,0,,0.0,9.899999999999833,990,0.0,0.0,0.001666666666669439,0.1679158920507676,0.0,0.0,0.9858013254184613,1.0241487835196053e-23,2.141984665057857e-15,0.003324357981052217,0.16221239308331425,0.0,0.0,0.9867558662253721,-0.016000000000000007,-0.22470337653788056,0.28119616752446785,-0.04941339843126562,0.0,0.0,0.99877841188898,-0.016000000000000004,-0.2246872003475613,0.2812565378886119,-0.049835956916784364,0.0,0.0,0.9987574166924562,-0.016000000001117672,-0.22468720060146447,0.281256537795404,-0.04983595694085175,2.878481372363815e-14,-1.8237242287853363e-13,0.9987574166912553,-0.01600000000188225,-0.22454342875800687,0.28178760155457416,-0.0530314947700323,-4.4573592040311086e-14,-1.2835573501996992e-12,0.9985928402319216,-0.01600000000188225,-0.22454342875800687,0.28178760155457416,-0.0530314947700323,-4.4573592040311086e-14,-1.2835573501996992e-12,0.9985928402319216,-1.2266422664867164e-11,-0.5238203597709086,0.707491392290473,-4.23597779019363e-11,0.2833842504836824,-4.1815667715197396e-11,-1.9443297673021837e-11,-0.5242896683335769,0.7063468833103856,-5.899301520762367e-11,0.2881699817263824,-5.857266798309958e-11,-1.9443297673021837e-11,-0.5242896683335769,0.7063468833103856,-5.899301520762367e-11,0.2881699817263824,-5.857266798309958e-11,8.202832859412633e-11,0.004080178404192609,0.01051070549978227,1.8173656134881962e-10,-0.043586603428737165,1.830421201773791e-10,-1.3986675281812385e-10,0.0015521922884259142,-0.0008839867339971037,-2.5437760929415294e-10,0.0006662980652318481,-2.5588128421284483e-10,0.0,True,False,1,True,True,0.0034577000042190775,3,2.7047325576457356e-10,4.81960742082621e-11,`gtol` termination condition is satisfied.,True,True,0.009999999999999787,0.004786473448837536,1.0,0.0005501809332166531,0.006399548785455769,0.0005501807768981978,0.006399548833650436
9.909999999999833,1786132513.0657954,0.0073880999989341944,0.005867800005944446,0.01,TELEOP,0,,0.0,9.909999999999833,991,0.0,0.0,0.0015000000000027838,0.16848937956499302,0.0,0.0,0.9857034690888552,9.305951546750215e-24,1.9463193070836828e-15,0.0031576913143844406,0.16278643689206657,0.0,0.0,0.9866613278952334,-0.016000000000000007,-0.22471631749013582,0.2811478712331531,-0.04912286348168695,0.0,0.0,0.9987927434074396,-0.016000000000000004,-0.22470014129981658,0.28120824159729707,-0.04954542805658165,0.0,0.0,0.9987718711290834,-0.01600000000110725,-0.224700141553542,0.2812082415039341,-0.04954542808064813,2.977466685336569e-14,-1.8754259760902688e-13,0.9987718711278895,-0.0160000000017957,-0.22455636965979417,0.28173930624347415,-0.05274101432626124,-3.8339962165394235e-14,-1.1507099596081968e-12,0.9986082241839576,-0.0160000000017957,-0.22455636965979417,0.28173930624347415,-0.05274101432626124,-3.8339962165394235e-14,-1.1507099596081968e-12,0.9986082241839576,-1.2142224007507143e-11,-0.5237776927781914,0.7075954453477427,-4.194630442308932e-11,0.2829491941163188,-4.14020071222725e-11,-1.8640669427120734e-11,-0.5242487113124039,0.7064519020138376,-5.720871679258916e-11,0.2877341823921047,-5.6775541181051226e-11,-1.8640669427120734e-11,-0.5242487113124039,0.7064519020138376,-5.720871679258916e-11,0.2877341823921047,-5.6775541181051226e-11,8.026282459011215e-11,0.004095702117305387,0.01050187034518723,1.784298415034558e-10,-0.04357993342777547,1.797126802048386e-10,-1.7655040040142116e-10,0.0015523713112777884,-0.0008835154595039756,-3.3067198453638875e-10,0.0006670000961697444,-3.3294399725405683e-10,0.0,True,False,1,True,True,0.0026705000054789707,3,2.7035988308298e-10,4.8193664850665885e-11,`gtol` termination condition is satisfied.,True,True,0.009999999999999787,0.004785731242700042,1.0,0.0005501818926633248,0.006399550143903472,0.000550181736241692,0.006399550192095627
9.919999999999833,1786132513.0750413,0.006082399995648302,0.009031699999468401,0.01,TELEOP,0,,0.0,9.919999999999833,992,0.0,0.0,0.0013333333333361147,0.16906281005166454,0.0,0.0,0.985605279134317,8.455874340137311e-24,1.7685275281951882e-15,0.002991024647716719,0.16336042560350367,0.0,0.0,0.9865664556159621,-0.016000000000000007,-0.22472925844239108,0.28109957494183835,-0.048832324375530985,0.0,0.0,0.9988069904121031,-0.016000000000000004,-0.22471308225207187,0.28115994530598226,-0.049254895004046,0.0,0.0,0.9987862410536804,-0.01600000000109683,-0.2247130825056193,0.2811599452124643,-0.04925489502811168,3.076982937385008e-14,-1.9274133815320637e-13,0.9987862410524936,-0.01600000000171144,-0.22456931054338622,0.2816910108830989,-0.0524505293301314,-3.2023641872544835e-14,-1.0218229563118213e-12,0.9986235236429137,-0.01600000000171144,-0.22456931054338622,0.2816910108830989,-0.0524505293301314,-3.2023641872544835e-14,-1.0218229563118213e-12,0.9986235236429137,-1.201789007819797e-11,-0.5237348701992507,0.7076994103497307,-4.153083323588934e-11,0.2825142052798984,-4.098644179016623e-11,-1.785893534512165e-11,-0.524207599035265,0.7065568324110011,-5.546423572077488e-11,0.28729844982795977,-5.501852842229243e-11,-1.785893534512165e-11,-0.524207599035265,0.7065568324110011,-5.546423572077488e-11,0.28729844982795977,-5.501852842229243e-11,7.817340819991032e-11,0.0041112277138863436,0.010493039716347428,1.7444810718143168e-10,-0.04357325641449299,1.757012758758834e-10,-2.0894163902018708e-10,0.0015525596580956542,-0.0008830628839800436,-3.9817343220242205e-10,0.0006677013282478777,-4.011404328955303e-10,0.0,True,False,1,True,True,0.003721200002473779,3,2.7024639639278737e-10,4.819144522352156e-11,`gtol` termination condition is satisfied.,True,True,0.009999999999999787,0.004784988275785884,1.0,0.0005501828093015357,0.006399551322805585,0.0005501826527768855,0.006399551370995436
9.929999999999833,1786132513.0838294,0.009404299999005161,0.008415099990088493,0.01,TELEOP,0,,0.0,9.929999999999833,993,0.0,0.0,0.0011666666666694525,0.16963618331669655,0.0,0.0,0.9855067555880803,7.683449725370875e-24,1.606976618174068e-15,0.0028243579810490506,0.16393435902335124,0.0,0.0,0.9864712494196691,-0.016000000000000007,-0.22474219939464635,0.28105127865052365,-0.04854178113738185,0.0,0.0,0.9988211529017648,-0.016000000000000004,-0.22472602320432714,0.2811116490146675,-0.048964357783761084,0.0,0.0,0.9988005264650315,-0.01600000000108638,-0.22472602345769663,0.2811116489209947,-0.04896435780782605,3.177032969810604e-14,-1.9796880882134324e-13,0.9988005264638516,-0.016000000001629797,-0.2245822514094582,0.28164271547537184,-0.05216003980960102,-2.5667052691442822e-14,-8.974915598650305e-13,0.9986387386072407,-0.016000000001629797,-0.2245822514094582,0.28164271547537184,-0.05216003980960102,-2.5667052691442822e-14,-8.974915598650305e-13,0.9986387386072407,-1.189325460423644e-11,-0.523691892022309,0.7078032873547311,-4.1112760060328315e-11,0.282079284044492,-4.0568374808765246e-11,-1.710091743147745e-11,-0.52416633148252,0.7066616745455102,-5.3765465046192025e-11,0.2868627841039973,-5.3307585104447375e-11,-1.710091743147745e-11,-0.52416633148252,0.7066616745455102,-5.3765465046192025e-11,0.2868627841039973,-5.3307585104447375e-11,7.580179136442147e-11,0.004126755274504149,0.010484213450908747,1.6987706745828924e-10,-0.04356657239624897,1.710943317845093e-10,-2.3716168354889095e-10,0.0015527560617805785,-0.0008826265438680846,-4.571039723142525e-10,0.0006684018244026517,-4.606944091374181e-10,0.0,True,False,1,True,True,0.004523900002823211,3,2.7013306282839677e-10,4.81894137085199e-11,`gtol` termination condition is satisfied.,True,True,0.009999999999999787,0.004784244548061367,1.0,0.0005501836848114126,0.006399552328937071,0.0005501835281838793,0.0063995523771248125
9.939999999999833,1786132513.0909092,0.008637199993245304,0.006858299995656125,0.01,TELEOP,0,,0.0,9.939999999999833,994,0.0,0.0,0.0010000000000027903,0.170209499166023,0.0,0.0,0.9854078984834919,6.981584317316513e-24,1.4601830111140866e-15,0.002657691314381433,0.1645082369573536,0.0,0.0,0.9863757093385782,-0.016000000000000007,-0.22475514034690158,0.2810029823592089,-0.04825123379182425,0.0,0.0,0.9988352308752264,-0.016000000000000004,-0.2247389641565824,0.28106335272335276,-0.04867381642031099,0.0,0.0,0.9988147273619278,-0.01600000000107591,-0.22473896440977384,0.2810633526295253,-0.048673816444375184,3.2776192190159255e-14,-2.0322517372898938e-13,0.9988147273607549,-0.016000000001551037,-0.22459519225875307,0.28159442002238255,-0.05186954579294646,-1.9310207569424694e-14,-7.782331431488669e-13,0.9986538690753837,-0.016000000001551037,-0.22459519225875307,0.28159442002238255,-0.05186954579294646,-1.9310207569424694e-14,-7.782331431488669e-13,0.9986538690753837,-1.1768461064748556e-11,-0.5236487582356067,0.7079070764209742,-4.069258604289363e-11,0.2816444304800899,-4.014830136166997e-11,-1.6369036730312428e-11,-0.5241249086338446,0.706766428459612,-5.2117474712523724e-11,0.286427185290199,-5.164783648154234e-11,-1.6369036730312428e-11,-0.5241249086338446,0.706766428459612,-5.2117474712523724e-11,0.286427185290199,-5.164783648154234e-11,7.318807011650369e-11,0.00414228486754079,0.010475391410182989,1.6479903336683358e-10,-0.04355988137983057,1.6597486229050684e-10,-2.613721247917834e-10,0.0015529593036641082,-0.0008822040725757745,-5.078034091455773e-10,0.0006691016418400424,-5.119469494002577e-10,0.0,True,False,1,True,True,0.002934899996034801,3,2.7001972607682815e-10,4.818725890652881e-11,`gtol` termination condition is satisfied.,True,True,0.009999999999999787,0.004783500059505286,1.0,0.000550184521015747,0.006399553169708858,0.0005501843642855093,0.006399553217894393
9.949999999999832,1786132513.0970893,0.007094500004313886,0.005943399999523535,0.01,TELEOP,0,,0.0,9.949999999999832,995,0.0,0.0,0.0008333333333361281,0.17078275740559723,0.0,0.0,0.9853087078540111,6.343832695208677e-24,1.3267986614322208e-15,0.0024910246477138644,0.1650820592112739,0.0,0.0,0.9862798354050262,-0.016000000000000007,-0.22476808129915682,0.2809546860678942,-0.047960682363442926,0.0,0.0,0.9988492243312966,-0.016000000000000004,-0.22475190510883766,0.281015056432038,-0.0483832709382801,0.0,0.0,0.9988288437431676,-0.016000000001065443,-0.22475190536185102,0.28101505633805596,-0.04838327096234321,3.37874417618656e-14,-2.085105980589485e-13,0.998828843742002,-0.01600000000147541,-0.22460813309207137,0.2815461245263582,-0.051579047308709734,-1.2990563472189788e-14,-6.64489882956001e-13,0.9986689150457854,-0.01600000000147541,-0.22460813309207137,0.2815461245263582,-0.051579047308709734,-1.2990563472189788e-14,-6.64489882956001e-13,0.9986689150457854,-1.1643433008552203e-11,-0.523605468827399,0.7080107776066207,-4.027002668010093e-11,0.2812096446565971,-3.972594049747504e-11,-1.56653293950656e-11,-0.5240833304683474,0.7068710941943929,-5.052454296199151e-11,0.28599165345648386,-5.0043609299545595e-11,-1.56653293950656e-11,-0.5240833304683474,0.7068710941943929,-5.052454296199151e-11,0.28599165345648386,-5.0043609299545595e-11,7.037073352468415e-11,0.004157816549721864,0.010466573478090421,1.592931750532245e-10,-0.043553183371512684,1.6042271819967812e-10,-2.8173365918195956e-10,0.0015531682181075136,-0.0008817932092567855,-5.505858313609191e-10,0.0006698008317885159,-5.552144090828831e-10,0.0,True,False,1,True,True,0.0026871999871218577,3,2.6990650287916603e-10,4.8184490491902993e-11,`gtol` termination condition is satisfied.,True,True,0.009999999999999787,0.004782754810109091,1.0,0.0005501853198552357,0.006399553853062996,0.0005501851630223434,0.006399553901245645
9.959999999999832,1786132513.1048808,0.006205800003954209,0.007529300011810847,0.01,TELEOP,0,,0.0,9.959999999999832,996,0.0,0.0,0.000666666666669466,0.1713559578413921,0.0,0.0,0.9852091837332106,5.764338212600304e-24,1.2055986643997555e-15,0.0023243579810463422,0.16565582559089412,0.0,0.0,0.986183627651463,-0.016000000000000007,-0.22478102225141205,0.2809063897765795,-0.0476701268768233,0.0,0.0,0.9988631332687916,-0.016000000000000004,-0.2247648460610929,0.28096676014072325,-0.048092721362253184,0.0,0.0,0.9988428756075566,-0.01600000000105493,-0.224764846313928,0.28096676004658677,-0.0480927213863156,3.480411264361484e-14,-2.138252508213286e-13,0.998842875606398,-0.01600000000140312,-0.22462107391026057,0.28149782898963654,-0.051288544385648754,-6.742904243111575e-15,-5.566317125051794e-13,0.9986838765168893,-0.01600000000140312,-0.22462107391026057,0.28149782898963654,-0.051288544385648754,-6.742904243111575e-15,-5.566317125051794e-13,0.9986838765168893,-1.1518077846796862e-11,-0.523562023785959,0.7081143909697679,-3.984473770133142e-11,0.2807749266438386,-3.930095231134152e-11,-1.4991463979781922e-11,-0.5240415969646807,0.7069756717899932,-4.8990190209693513e-11,0.28555618867271276,-4.849846593140827e-11,-1.4991463979781922e-11,-0.5240415969646807,0.7069756717899932,-4.8990190209693513e-11,0.28555618867271276,-4.849846593140827e-11,6.738654152836938e-11,0.004173350366681485,0.01045775956003778,1.5343527522980322e-10,-0.04354647837711252,1.5451433681373568e-10,-2.9841919963148333e-10,0.0015533816959621203,-0.0008813918052641452,-5.857899823421421e-10,0.0006704994400161489,-5.908381385942568e-10,0.0,True,False,1,True,True,0.003311199994641356,3,2.6979322435471356e-10,4.818255326897984e-11,`gtol` termination condition is satisfied.,True,True,0.009999999999999787,0.004782008799886772,1.0,0.0005501860833648178,0.006399554387370513,0.0005501859264294652,0.006399554435551108
9.969999999999832,1786132513.1153152,0.007850499998312443,0.01011339999968186,0.01,TELEOP,0,,0.0,9.969999999999832,997,0.0,0.0,0.0005000000000028038,0.17192910027939992,0.0,0.0,0.9851093261547756,5.2377792141870265e-24,1.0954700075093062e-15,0.0021576913143788643,0.1662295359020152,0.0,0.0,0.9860870861104514,-0.016000000000000007,-0.22479396320366726,0.28085809348526486,-0.047379567356550925,0.0,0.0,0.9988769576865342,-0.016000000000000004,-0.22477778701334813,0.28091846384940855,-0.04780216771681535,0.0,0.0,0.9988568229539074,-0.016000000001144946,-0.22477778726562292,0.2809184637599245,-0.04780216774058456,-2.05011857880231e-15,-4.284003712815093e-14,0.9988568229527699,-0.01600000000133496,-0.22463401471420302,0.2814495334146742,-0.05099803705268861,-8.517705448928402e-16,-4.536343072945314e-13,0.9986987534871428,-0.01600000000133496,-0.22463401471420302,0.2814495334146742,-0.05099803705268861,-8.517705448928402e-16,-4.536343072945314e-13,0.9986987534871428,-1.2735934924756262e-11,-0.5235184230945272,0.708217916528283,-4.5510450503483126e-11,0.2803402764758547,-4.4950002250483284e-11,-1.4358090619556426e-11,-0.5239997081011101,0.7070801612855316,-4.755953532768277e-11,0.2851207910084444,-4.705744240172041e-11,-1.4358090619556426e-11,-0.5239997081011101,0.7070801612855316,-4.755953532768277e-11,0.2851207910084444,-4.705744240172041e-11,6.333733602255096e-11,0.004188886357064581,0.010448949553847009,1.4306548820107704e-10,-0.04353976642683792,1.4410235296878916e-10,-4.049205505818518e-10,0.001553599038309654,-0.0008810006190772153,-1.0369787028726387e-09,0.0006711950274602743,-1.0411983844946731e-09,0.0,True,False,1,True,True,0.005058800001279451,4,2.6767754778952173e-10,4.759291239650084e-11,`gtol` termination condition is satisfied.,True,True,0.009999999999999787,0.004781262028874189,1.0,0.0005501868089456034,0.006399554781923882,0.0005501866566474795,0.006399554829516708
9.979999999999832,1786132513.122923,0.010428900000988506,0.007292099995538592,0.01,TELEOP,0,,0.0,9.979999999999832,998,0.0,0.0,0.00033333333333614157,0.17250218452563287,0.0,0.0,0.9850091351525043,4.759320165600412e-24,9.95401349378516e-16,0.001991024647711429,0.16680318995045693,0.0,0.0,0.9859902108146672,-0.016000000000000007,-0.22480690415592247,0.28080979719395016,-0.04708900382721173,0.0,0.0,0.9988906975833547,-0.016000000000000004,-0.22479072796560337,0.28087016755809385,-0.04751161002655204,0.0,0.0,0.9988706857810399,-0.016000000001134603,-0.2247907282177023,0.2808701674684604,-0.04751161005032006,-2.069058266170601e-15,-4.3499203888623116e-14,0.9988706857799093,-0.016000000001271043,-0.2246469555048121,0.2814012378039526,-0.0507075253388813,4.667364880038514e-15,-3.5583616881360707e-13,0.9987135459549984,-0.016000000001271043,-0.2246469555048121,0.2814012378039526,-0.0507075253388813,4.667364880038514e-15,-3.5583616881360707e-13,0.9987135459549984,-1.2618095955694848e-11,-0.5234746667514834,0.7083213544204018,-4.515241360780475e-11,0.279905694293672,-4.459280727271886e-11,-1.3765415076406238e-11,-0.5239576638556868,0.7071845627198785,-4.623138556278488e-11,0.2846854605334569,-4.571938864444402e-11,-1.3765415076406238e-11,-0.5239576638556868,0.7071845627198785,-4.623138556278488e-11,0.2846854605334569,-4.571938864444402e-11,5.926755431502012e-11,0.004204424542327755,0.010440143434686248,1.328149764897917e-10,-0.043533047498748915,1.3380537572764137e-10,-4.0697817075309283e-10,0.001553818526317407,-0.00088061191607615,-1.0250511711285572e-09,0.0006718928089005418,-1.0296977241148024e-09,0.0,True,False,1,True,True,0.003522099999827333,4,2.6756179435679753e-10,4.758987147708021e-11,`gtol` termination condition is satisfied.,True,True,0.009999999999999787,0.004780514532589708,1.0,0.0005501875082293491,0.006399555044511472,0.0005501873558329451,0.006399555092101258
9.989999999999831,1786132513.1299572,0.007530400005634874,0.006795699999202043,0.01,TELEOP,0,,0.0,9.989999999999831,999,0.0,0.0,0.00016666666666947244,0.17307521038612264,0.0,0.0,0.9849086107603078,4.3245672473818646e-24,9.044737323273217e-16,0.0018243579810440329,0.16737678754205826,0.0,0.0,0.9858930017968992,-0.016000000000000007,-0.22481984510817768,0.2807615009026355,-0.04679843631339204,0.0,0.0,0.9989043529580905,-0.016000000000000004,-0.22480366891785858,0.28082187126677916,-0.04722104831604907,0.0,0.0,0.998884464087781,-0.016000000001124223,-0.2248036691697815,0.2808218711769963,-0.04722104833981588,-2.0876625057210796e-15,-4.4161009650584335e-14,0.9988844640866574,-0.01600000000121136,-0.22465989628302074,0.28135294215999235,-0.0504170092733626,9.802454186984926e-15,-2.635127939863633e-13,0.9987282539189175,-0.01600000000121136,-0.22465989628302074,0.28135294215999235,-0.0504170092733626,9.802454186984926e-15,-2.635127939863633e-13,0.9987282539189175,-1.2499782599335357e-11,-0.5234307547401228,0.7084247046639072,-4.4791496716257145e-11,0.2794711801311931,-4.423284021398725e-11,-1.3213340047427794e-11,-0.5239154642063018,0.70728887613153,-4.500391571686093e-11,0.2842501973174804,-4.448251611395138e-11,-1.3213340047427794e-11,-0.5239154642063018,0.70728887613153,-4.500391571686093e-11,0.2842501973174804,-4.448251611395138e-11,5.520750289784553e-11,0.004219964938497641,0.010431341165148964,1.2274698459239796e-10,-0.04352632159764747,1.2368725304926644e-10,-4.060051417174676e-10,0.0015540396169886552,-0.000880226953728387,-1.0067991897393936e-09,0.0006725901101441977,-1.0118122678375137e-09,0.0,True,False,1,True,True,0.0035158999962732196,4,2.674460408400947e-10,4.758676786189593e-11,`gtol` termination condition is satisfied.,True,True,0.009999999999999787,0.004779766239784877,1.0,0.0005501881786697198,0.006399555184843243,0.0005501880261751174,0.006399555232429934
9.999999999999831,1786132513.1375651,0.007015099996351637,0.007388500001979992,0.01,TELEOP,0,,0.0,9.999999999999831,1000,0.0,0.0,2.8171909249863347e-15,0.1736481776669207,0.0,0.0,0.9848077530122098,3.929528005344566e-24,8.218521433398619e-16,0.0016576913143766761,0.1679503284826772,0.0,0.0,0.9857954590900492,-0.016000000000000007,-0.2248327860604329,0.2807132046113209,-0.046507864839678476,0.0,0.0,0.9989179238095862,-0.016000000000000004,-0.2248166098701138,0.2807735749754645,-0.04693048260989257,0.0,0.0,0.9988981578729649,-0.016000000001113814,-0.22481661012186066,0.28077357488553245,-0.04693048263365815,-2.1059521458504684e-15,-4.482432554367386e-14,0.9988981578718483,-0.016000000001155902,-0.22467283704977342,0.2813046464853322,-0.050126488885313084,1.454474621035363e-14,-1.7687969299601137e-13,0.9987428773773711,-0.016000000001155902,-0.22467283704977342,0.2813046464853322,-0.050126488885313084,1.454474621035363e-14,-1.7687969299601137e-13,0.9987428773773711,-1.238142396885689e-11,-0.5233866870487814,0.7085279673166243,-4.442924619483982e-11,0.27903673405790763,-4.387162803396875e-11,-1.2701494075874145e-11,-0.5238731091307717,0.7073931015587737,-4.387474426419438e-11,0.2838150014301994,-4.3344474015999916e-11,-1.2701494075874145e-11,-0.5238731091307717,0.7073931015587737,-4.387474426419438e-11,0.2838150014301994,-4.3344474015999916e-11,5.118459715536606e-11,0.004235507553011942,0.010422542724368664,1.1291714526665745e-10,-0.043519588728102396,1.1380420979514906e-10,-4.0229057424795555e-10,0.0015542614514301035,-0.0008798440780300246,-9.82983932574073e-10,0.0006732869545080072,-9.883043254117597e-10,0.0,True,False,1,True,True,0.0041991000034613535,4,2.6733032853219935e-10,4.7583648437233155e-11,`gtol` termination condition is satisfied.,True,True,0.009999999999999787,0.004779017186287315,1.0,0.0005501888224703209,0.006399555212132788,0.0005501886698776877,0.006399555259716372
10.009999999999831,1786132513.1446235,0.007638199997018091,0.00680869999632705,0.01,TELEOP,0,,0.0,10.009999999999831,1001,0.0,0.0,0.0,0.17308103433303118,0.000584716211018724,-2.7105054312137617e-20,0.9849074137507347,3.57057468678178e-24,7.467778459130473e-16,0.0015062515515499903,0.1684194740915557,5.344393098036328e-05,-3.3881317890172014e-21,0.9857154142502136,-0.016000000000000007,-0.22484454470887452,0.28066932073790846,-0.046270158469319436,2.6588476866242305e-05,-3.5004393864854938e-06,0.9989289622971316,-0.016000000000000004,-0.2248292098119746,0.28072655135226765,-0.04665376438641728,1.1142380102110966e-05,-1.4669221695110105e-06,0.9989111202415719,-0.016000000047440538,-0.22482921005486003,0.28072655128710056,-0.046653764407990954,1.1142379834496071e-05,-1.4669188583009585e-06,0.9989111202405644,-0.01600000002264878,-0.22468577537083656,0.28125635961361195,-0.04983606037987681,7.736073126271384e-08,-1.0614367956145165e-08,0.9987574115298505,-0.01600000002264878,-0.22468577537083656,0.28125635961361195,-0.04983606037987681,7.736073126271384e-08,-1.0614367956145165e-08,0.9987574115298505,1.1924398373874483e-06,-0.5233443239121089,0.7086342782789516,1.1191912222911702e-05,0.2786313648756231,3.3268782431849495e-05,8.268688106963836e-09,-0.523830611525295,0.7074972608165261,7.767907767439722e-08,0.283380074390785,2.3099121106681055e-07,8.268688106963836e-09,-0.523830611525295,0.7074972608165261,7.767907767439722e-08,0.283380074390785,2.3099121106681055e-07,8.281389601039887e-07,0.00424976054766562,0.01041592577523932,7.772295241866307e-06,-0.04349270394143849,2.3103455554083147e-05,8.28087775506851e-05,0.001425299465367891,-0.000661694912934465,0.0007772182324721205,0.0026884786663904326,0.0023103341749873842,0.0,True,False,1,True,True,0.0035796000011032447,4,2.559114855879253e-10,4.37023648576746e-11,`gtol` termination condition is satisfied.,True,True,0.009999999999999787,0.004778267372291756,1.0,0.0005488810175454408,0.006372053723064198,0.0005488808911715298,0.006372053766263195
10.01999999999983,1786132513.1516473,0.007032699999399483,0.006799800001317635,0.01,TELEOP,0,,0.0,10.01999999999983,1002,0.0,0.0,0.0,0.1725137744330489,0.0011694320282544706,0.0,0.9850064111768991,3.2444109258279455e-24,6.785614123730757e-16,0.0013686474180469917,0.16879380240004999,0.00015543978037468813,-6.776263578034403e-21,0.9856513724993273,-0.016000000000000007,-0.22485522908000516,0.2806294461220021,-0.04608047779958835,7.733289030273277e-05,-1.0181068154006867e-05,0.998937727529465,-0.016000000000000004,-0.22484124291111934,0.2806816432148871,-0.04640140450541519,4.027956373445948e-05,-5.302905167372281e-06,0.9989228739043675,-0.01600000012294829,-0.22484124313859213,0.28068164319532657,-0.04640140452303204,4.0279563036067685e-05,-5.302896384806149e-06,0.9989228739035492,-0.01600000011512638,-0.22469870499212258,0.2812081042617702,-0.0495459804410591,4.273987528139427e-07,-5.854738446768075e-08,0.9987718437270587,-0.01600000011512638,-0.22469870499212258,0.2812081042617702,-0.0495459804410591,4.273987528139427e-07,-5.854738446768075e-08,0.9987718437270587,4.323659293749203e-06,-0.5233050586969705,0.7087469642618235,4.063101207844053e-05,0.27827804963296743,0.0001204332253722693,4.582795222487563e-08,-0.5237880057145224,0.7076014186322803,4.3054548545236767e-07,0.28294596054383697,1.2775106242097724e-06,4.582795222487563e-08,-0.5237880057145224,0.7076014186322803,4.3054548545236767e-07,0.28294596054383697,1.2775106242097724e-06,3.7559264117912597e-06,0.00426058107725213,0.010415781575425906,3.5286640777797793e-05,-0.04341138469480304,0.00010465194131429842,0.00029277874516873335,0.001082052958651035,-1.4419981341490056e-05,0.002751434553593207,0.00813192466354509,0.008154848576021702,0.0,True,False,1,True,True,0.0035792999988188967,4,2.593121008958786e-10,3.9428124616841155e-11,`gtol` termination condition is satisfied.,True,True,0.009999999999999787,0.004748709515161875,1.0,0.000545415784223299,0.006296917247434087,0.0005454157058952165,0.006296917282749847
10.02999999999983,1786132513.1596396,0.007024699996691197,0.007767300005070865,0.01,TELEOP,0,,0.0,10.02999999999983,1003,0.0,0.0,0.0,0.1719463983490296,0.0017541470579047938,0.0,0.9851047452240276,2.9480414720351905e-24,6.165763926737593e-16,0.0012436147772309808,0.1690820060200501,0.0003015448173040766,-6.776263578034403e-21,0.9856019400909066,-0.016000000000000007,-0.22486493732861598,0.28059321444493407,-0.04593442755354047,0.00015002351709635667,-1.9750970722580723e-05,0.9989444456365789,-0.016000000000000004,-0.22485256191077285,0.2806394001330894,-0.0461820131252131,9.183890559968056e-05,-1.2090821297891013e-05,0.9989330373369029,-0.01600000021779389,-0.22485256211750304,0.28063940017842715,-0.04618201313730976,9.183890436268604e-05,-1.2090805640691212e-05,0.998933037336344,-0.01600000035172576,-0.2247116151653355,0.28115991953114877,-0.049256710870387736,1.3829440231046273e-06,-1.8909611589996248e-07,0.9987861515020534,-0.01600000035172576,-0.2247116151653355,0.28115991953114877,-0.049256710870387736,1.3829440231046273e-06,-1.8909611589996248e-07,0.9987861515020534,9.883414639896386e-06,-0.5232700048257108,0.708869835624129,9.297260181021119e-05,0.2779967236253159,0.00027491360238170414,1.4857385188623298e-07,-0.5237453531595865,0.7077057050813873,1.3966595281707502e-06,0.2825136531499782,4.1370707234622305e-06,1.4857385188623298e-07,-0.5237453531595865,0.7077057050813873,1.3966595281707502e-06,0.2825136531499782,4.1370707234622305e-06,1.0274589966135954e-05,0.004265255493600285,0.010428644910701978,9.66114042718403e-05,-0.043230739385875745,0.0002859560099252519,0.0006518663554344834,0.00046744163481546774,0.0012863335276072645,0.006132476349404382,0.018064530892729417,0.01813040686109573,0.0,True,False,1,True,True,0.004470100000617094,4,3.0368908144097975e-10,3.966457760662175e-11,`gtol` termination condition is satisfied.,True,True,0.009999999999999787,0.004667910910869544,1.0,0.0005392647215265232,0.0061591145547270935,0.0005392647112555991,0.006159114579129286
10.03999999999983,1786132513.1680315,0.008003299997653812,0.008155899995472282,0.01,TELEOP,0,,0.0,10.03999999999983,1004,0.0,0.0,0.0,0.17137890646308787,0.0023388609061776445,-5.421010862427523e-20,0.9852024158258941,2.678744684174542e-24,5.602535615355209e-16,0.0011300050096060806,0.16929197472401217,0.0004877243279861331,-6.776263578034403e-21,0.9855658219616914,-0.016000000000000007,-0.2248737586400873,0.2805602928623338,-0.0458280157586285,0.0002426530994761377,-3.1945886593356314e-05,0.998949314565339,-0.016000000000000004,-0.2248630775536046,0.2806001552197672,-0.04600285397053683,0.00016816679981471777,-2.2139579206887194e-05,0.9989412938988618,-0.016000000323267746,-0.22486307773512226,0.28060015534832333,-0.04600285397568617,0.0001681667979818374,-2.2139555901675054e-05,0.9989412938986254,-0.0160000008150404,-0.22472449048427795,0.2811118615856726,-0.04896894873952734,3.4168646106180177e-06,-4.66224548090264e-07,0.9988003013853436,-0.0160000008150404,-0.22472449048427795,0.2811118615856726,-0.04896894873952734,3.4168646106180177e-06,-4.66224548090264e-07,0.9988003013853436,1.813499458021449e-05,-0.5232400691501039,0.709007106348371,0.00017071613715198441,0.27780523755700204,0.0005038520685121189,3.6766329274475163e-07,-0.523702746067496,0.7078103385018673,3.458093773050147e-06,0.28208467404176757,1.0228577187975846e-05,3.6766329274475163e-07,-0.523702746067496,0.7078103385018673,3.458093773050147e-06,0.28208467404176757,1.0228577187975846e-05,2.1908944085852336e-05,0.00426070920905205,0.010463342047993304,0.00020614342448794408,-0.04289791082106402,0.0006091506464513746,0.0011634354119716627,-0.0004546284548234749,0.003469713729132709,0.010953202021610613,0.03328285648117359,0.03231946365261295,0.0,True,False,1,True,True,0.00372550000611227,4,3.9239950100906285e-10,4.7877503480429544e-11,`gtol` termination condition is satisfied.,True,True,0.009999999999999787,0.0045169295246623165,1.0,0.0005301412070750165,0.005948181513889326,0.0005301412837096228,0.005948181524725466
10.04999999999983,1786132513.1762817,0.008393300013267435,0.00801330000103917,0.01,TELEOP,0,,0.0,10.04999999999983,1005,0.0,0.0,0.0,0.17081129915741633,0.002923573179281768,-1.0842021724855044e-19,0.9852994229167198,2.434047536664949e-24,5.090756910949708e-16,0.0010267744546190994,0.16943087014678118,0.0007103141808720168,-6.776263578034403e-21,0.9855418183390643,-0.016000000000000007,-0.22488177405018744,0.2805303789445966,-0.04575761671745239,0.00035339836367468254,-4.6525777221070745e-05,0.9989525081090129,-0.016000000000000007,-0.22487274554183487,0.2805640737964849,-0.04586948957250478,0.00026889944455361263,-3.5401283475346545e-05,0.9989474042041432,-0.016000000427768352,-0.22487274569472915,0.2805640740236724,-0.04586948956954047,0.000268899442134249,-3.540125258813822e-05,0.9989474042042811,-0.01600000157272762,-0.22473731110129416,0.2810640029921549,-0.048683640590318995,7.124590627437931e-06,-9.698219108248683e-07,0.9988142485403241,-0.01600000157272762,-0.22473731110129416,0.2810640029921549,-0.048683640590318995,7.124590627437931e-06,-9.698219108248683e-07,0.9988142485403241,2.9041919576244448e-05,-0.523215918533506,0.70916267856136,0.0002734849942795574,0.27771796546571736,0.0008061480044777041,7.676220599449114e-07,-0.5236603088196492,0.7079156437210536,7.222928639929151e-06,0.28166111882746303,2.1339676358847327e-05,7.676220599449114e-07,-0.5236603088196492,0.7079156437210536,7.222928639929151e-06,0.28166111882746303,2.1339676358847327e-05,3.999587672001682e-05,0.004243724784679648,0.010530521918641567,0.00037648348668790845,-0.04235552143045467,0.0011111099170871717,0.0018086932634164873,-0.0016984424372402506,0.0067179870648263525,0.017034006219996803,0.05423893906093593,0.050195927063580795,0.0,True,False,1,True,True,0.004469499996048398,4,5.079139436410116e-10,6.224722122349589e-11,`gtol` termination condition is satisfied.,True,True,0.009999999999999787,0.004279436484765531,1.0,0.0005179493243824018,0.005659290887529822,0.0005179495036876574,0.005659290882820012
10.05999999999983,1786132513.1859527,0.008300099987536669,0.009384000004502013,0.01,TELEOP,0,,0.0,10.05999999999983,1006,0.0,0.0,0.0,0.1702435768142855,0.0035082834834269756,0.0,0.9853957664311728,2.2117029091073587e-24,4.62572801060887e-16,0.0009329748177951673,0.16950519338769987,0.0009659868254310816,0.0,0.9855288206257855,-0.016000000000000007,-0.22488905718991758,0.28050319789708517,-0.04571993741202608,0.0004806032175598917,-6.327261394029827e-05,0.9989541792996134,-0.016000000000000007,-0.22488155721034922,0.28053118820188994,-0.0457838631844115,0.0003901114050932771,-5.1359140817858236e-05,0.998951291628997,-0.016000000515845984,-0.22488155733343454,0.2805311885334324,-0.0457838631729097,0.0003901114021840692,-5.135910353372428e-05,0.9989512916295272,-0.016000002646183762,-0.224750053230016,0.2810164310803446,-0.04840196858995695,1.3182513435491289e-05,-1.7896541943483366e-06,0.9988279377648762,-0.016000002646183762,-0.224750053230016,0.2810164310803446,-0.04840196858995695,1.3182513435491289e-05,-1.7896541943483366e-06,0.9988279377648762,4.2173271016310235e-05,-0.5231977767441028,0.7093380809886138,0.0003971264336221762,0.2777401053878531,0.0011698727237231363,1.4217901587420275e-06,-0.5236181959808206,0.7080220515418881,1.3381690496944845e-05,0.2812456306210199,3.950077453884231e-05,1.4217901587420275e-06,-0.5236181959808206,0.7080220515418881,1.3381690496944845e-05,0.2812456306210199,3.950077453884231e-05,6.541680987971301e-05,0.004211283882863541,0.010640782083449346,0.0006158761857015826,-0.04154882064431259,0.0018161098179995372,0.002542093315969674,-0.00324409018161078,0.011026016480778264,0.02393926990136792,0.08067007861421027,0.07049999009123807,0.0,True,False,1,True,True,0.004384400002891198,4,6.254338261131278e-10,7.825964045271844e-11,`gtol` termination condition is satisfied.,True,True,0.009999999999999787,0.003943153361745666,1.0,0.0005027461173935286,0.00529687786082594,0.0005027464051999009,0.0052968778402601325
10.06999999999983,1786132513.198112,0.00977630000852514,0.011766900002839975,0.01,TELEOP,0,,0.0,10.06999999999983,1007,0.0,0.0,0.0,0.16967573981604311,0.004092991424824399,0.0,0.9854914463043679,2.0096689503674613e-24,4.2031784275748986e-16,0.0008477444549003754,0.16952084625512562,0.0012517203263788259,1.3552527156068805e-20,0.9855258068062808,-0.016000000000000007,-0.22489567496225904,0.28047850003447394,-0.04571198699536852,0.0006227634343174133,-8.198836153399153e-05,0.9989544632707483,-0.016000000000000007,-0.22488953197547992,0.28050142597324373,-0.04574196306453268,0.0005257366552783173,-6.921454374063419e-05,0.9989531478629613,-0.016000000577787894,-0.22488953207123663,0.2805014263971881,-0.04574196304538382,0.0005257366520272589,-6.921450195039515e-05,0.9989531478638426,-0.016000003983872354,-0.22476268985197528,0.28096924561054354,-0.04812529484919318,2.2294426764444137e-05,-3.0178127924854155e-06,0.9988413064594043,-0.016000003983872354,-0.22476268985197528,0.28096924561054354,-0.04812529484919318,2.2294426764444137e-05,-3.0178127924854155e-06,0.9988413064594043,5.686003028026391e-05,-0.5231851866552937,0.7095300947071137,0.0005352175215363564,0.27786086552482037,0.0015765900563950675,2.406432027927715e-06,-0.5235765855360226,0.7081300645663005,2.265108213698278e-05,0.28084126111861235,6.682267899450552e-05,2.406432027927715e-06,-0.5235765855360226,0.7081300645663005,2.265108213698278e-05,0.28084126111861235,6.682267899450552e-05,9.846418691857087e-05,0.0041610444797963875,0.01080130244123521,0.0009269391640038132,-0.04043695024075848,0.0027321904455663796,0.0033047377038858557,-0.005023940306715412,0.016052035778586698,0.031106297830223728,0.11118704035541323,0.09160806275668616,0.0,True,False,1,True,True,0.0059652999916579574,4,7.230055507987096e-10,9.218350046098851e-11,`gtol` termination condition is satisfied.,True,True,0.009999999999999787,0.0035055252331668285,1.0,0.0004847099802802018,0.004878777721294378,0.00048471036439750074,0.004878777687405897
10.07999999999983,1786132513.2065768,0.012137199999415316,0.008094200005871244,0.01,TELEOP,0,,0.0,10.07999999999983,1008,0.0,0.0,0.0,0.16910778854511435,0.00467769660968676,0.0,0.9855864624718669,1.826090327701878e-24,3.8192277742040644e-16,0.0007703004529095097,0.16948318686747138,0.0015647700669735862,6.776263578034403e-21,0.985531836555209,-0.016000000000000007,-0.2249016881570523,0.2804560584859897,-0.045731049033348986,0.0007785126442499077,-0.00010249313401886803,0.9989534796813762,-0.016000000000000007,-0.22489671055194363,0.2804746351611553,-0.045735673990740605,0.000671404080834925,-8.83920241322876e-05,0.9989533470227842,-0.01600000062018468,-0.22489671062539401,0.28047463565353864,-0.045735673965731874,0.000671404077347568,-8.839197925248687e-05,0.9989533470239355,-0.016000005451459673,-0.2247751915355796,0.2809225559965206,-0.04785508062986746,3.5154009262526987e-05,-4.743570829290656e-06,0.9988542886725786,-0.016000005451459673,-0.2247751915355796,0.2809225559965206,-0.04785508062986746,3.5154009262526987e-05,-4.743570829290656e-06,0.9988542886725786,7.261588345729007e-05,-0.5231772306098804,0.7097323157072043,0.000683075190973199,0.2780585136085619,0.0020129621768859205,3.796586042940704e-06,-0.5235356693301929,0.7082402032493792,3.5734303007268873e-05,0.2804512644392523,0.00010538261570310889,3.796586042940704e-06,-0.5235356693301929,0.7082402032493792,3.5734303007268873e-05,0.2804512644392523,0.00010538261570310889,0.00013901540150130186,0.00409162058296765,0.011013868307871051,0.0013083220870286376,-0.038999667936008134,0.003855993670860418,0.004055121458273184,-0.006942389682873966,0.021256586663584577,0.03813829230248324,0.1437282304750376,0.11238032252940622,0.0,True,False,1,True,True,0.0034155999892391264,4,7.952769071207935e-10,1.0301690594931224e-10,`gtol` termination condition is satisfied.,True,True,0.009999999999999787,0.0029803955937919846,1.0,0.0004641115414097661,0.004433287891489795,0.00046411199739089916,0.004433287848952696
10.08999999999983,1786132513.214367,0.008362299995496869,0.007522200001403689,0.01,TELEOP,0,,0.0,10.08999999999983,1009,0.0,0.0,0.0,0.16853972338400122,0.005262398644228644,-1.0842021724855047e-19,0.9856808148696786,1.6592811887334136e-24,3.4703501273125278e-16,0.0006999314349006655,0.16939708023868918,0.0019026428749203865,-6.776263578034404e-21,0.9855460461879484,-0.016000000000000007,-0.22490715200966607,0.2804356671104301,-0.04577465619913742,0.0009466095157540273,-0.0001246235069890129,0.9989513347752517,-0.016000000000000007,-0.2249031485089018,0.2804506083786905,-0.0457575116283819,0.0008255696664222934,-0.00010868830851688806,0.99895222946403,-0.016000000654912663,-0.22490314856469287,0.28045060891851786,-0.04575751159910286,0.0008255696627354566,-0.00010868826110492693,0.9989522294653793,-0.016000006836793562,-0.22478752728406856,0.28087647830563467,-0.04759281597072863,5.243013282804375e-05,-7.0515145426998895e-06,0.9988668184844933,-0.016000006836793562,-0.22478752728406856,0.28087647830563467,-0.04759281597072863,5.243013282804375e-05,-7.0515145426998895e-06,0.9988668184844933,8.92621241196333e-05,-0.5231730484390191,0.7099393790063638,0.0008389375956737278,0.27831356253923606,0.002474172378437714,5.664404571124064e-06,-0.5234956446075493,0.7083529635405137,5.330505611521465e-05,0.2800789223310888,0.00015717915326054054,5.664404571124064e-06,-0.5234956446075493,0.7083529635405137,5.330505611521465e-05,0.2800789223310888,0.00015717915326054054,0.00018678185281834,0.004002472264368807,0.011276029113454458,0.0017570753107946158,-0.037234210816352094,0.0051796537557432755,0.0047766451317039155,-0.008914831859884469,0.02621608055834116,0.04487532237659878,0.17654571196560806,0.13236600848828856,0.0,True,False,1,True,True,0.0034641999955056235,4,8.505508782377728e-10,1.117241267229659e-10,`gtol` termination condition is satisfied.,True,True,0.009999999999999787,0.0023927508306904044,1.0,0.0004412856393025561,0.003991848321576982,0.00044128614566299516,0.003991848275300668
10.09999999999983,1786132513.2259207,0.007842499995604157,0.011233800003537908,0.01,TELEOP,0,,0.0,10.09999999999983,1010,0.0,0.0,0.0,0.16797154471528244,0.005847097134666751,0.0,0.9857745034342589,1.5077096798105659e-24,3.153341648665613e-16,0.0006359910226691141,0.16926694429908182,0.0022630734839396882,0.0,0.9855676435770697,-0.016000000000000007,-0.22491211670859726,0.2804171386017747,-0.04584056720875037,0.0011259260853125808,-0.00014823098123020048,0.9989481231355344,-0.016000000000000007,-0.22490891016047831,0.2804291056022715,-0.04580242265924939,0.0009879807742224373,-0.0001300701364947128,0.9989500212995107,-0.016000000687647353,-0.22490891020176162,0.28042910617696126,-0.045802422626688245,0.000987980770342393,-0.00013007008669632976,0.9989500213010141,-0.01600000786166043,-0.22479966535850485,0.28083113223387846,-0.047339971853093965,7.476253355268797e-05,-1.0021164702186473e-05,0.9988788321789025,-0.01600000786166043,-0.22479966535850485,0.28083113223387846,-0.047339971853093965,7.476253355268797e-05,-1.0021164702186473e-05,0.9988788321789025,0.00010676058740865258,-0.5231720313796591,0.7101484404441629,0.0010023738409333778,0.2786136623479406,0.002959292714712435,8.078628380552732e-06,-0.5234567079643766,0.7084687957303291,7.600233524762417e-05,0.27972743331538924,0.00022411843464271254,8.078628380552732e-06,-0.5234567079643766,0.7084687957303291,7.600233524762417e-05,0.27972743331538924,0.00022411843464271254,0.00024142238094287195,0.0038936643172618303,0.0115832189815341,0.002269727913241,-0.03514890156995347,0.006693928138217342,0.0054640528124533135,-0.0108807947106979,0.03071898680796488,0.05126526024463953,0.2085309246398667,0.15142743824740984,0.0,True,False,1,True,True,0.005759699997724965,4,8.971240052244828e-10,1.1928824995544363e-10,`gtol` termination condition is satisfied.,True,True,0.009999999999999787,0.0023169932251771736,1.0,0.00041660459223351174,0.0035874813834222176,0.00041660513599959945,0.0035874813380981216
10.109999999999829,1786132513.2382243,0.011705900004017167,0.011831800002255477,0.01,TELEOP,0,,0.0,10.109999999999829,1011,0.0,0.0,0.0,0.16740325292161326,0.006431791687220176,0.0,0.9858675281025107,1.3699838785791828e-24,2.8652911632606966e-16,0.0005778918969121152,0.16909679164155683,0.0026440032889430377,0.0,0.9855959031485165,-0.016000000000000007,-0.22491662785667219,0.28040030276795863,-0.04592674586464406,0.0013154372181478412,-0.00017318059518857921,0.9989439291810582,-0.016000000000000007,-0.2249140630772104,0.2804098746552202,-0.04586719414800518,0.0011585813476953325,-0.00015253012808226144,0.9989468629135436,-0.016000000719426626,-0.2249140631059993,0.2804098752583479,-0.04586719411270634,0.0011585813436243433,-0.00015253007596723256,0.9989468629151771,-0.016000008196192243,-0.2248115740406115,0.2807866382217029,-0.04709796925979115,0.00010275941037019141,-1.3726901097720802e-05,0.9988902695209718,-0.016000008196192243,-0.2248115740406115,0.2807866382217029,-0.04709796925979115,0.00010275941037019141,-1.3726901097720802e-05,0.9988902695209718,0.000125094327200268,-0.5231737615336235,0.710358459628407,0.00117315209418607,0.27895176085599666,0.0034679836789574016,1.1104275892110336e-05,-0.5234190511356992,0.7085880979036187,0.00010442727000051626,0.2793998484366967,0.0003080062845507769,1.1104275892110336e-05,-0.5234190511356992,0.7085880979036187,0.00010442727000051626,0.2793998484366967,0.0003080062845507769,0.00030256475115576694,0.0037656828677352264,0.01193021732896041,0.00284249347528927,-0.03275848786925781,0.008388784990806617,0.006114237021289629,-0.01279814495266067,0.0346998347426316,0.057276556204828195,0.23904137006957166,0.16948568525893112,0.0,True,False,1,True,True,0.006076699995901436,4,9.392371548856464e-10,1.2619389626475048e-10,`gtol` termination condition is satisfied.,True,True,0.009999999999999787,0.0027351742800697226,1.0,0.00039045401667294177,0.0032570152822190357,0.0003904545911100415,0.0032570152429125827
10.119999999999829,1786132513.2480383,0.012212200002977625,0.009432999999262393,0.01,TELEOP,0,,0.0,10.119999999999829,1012,0.0,0.0,0.0,0.16683484838572504,0.007016481908110655,0.0,0.985959888811784,1.2448390115812455e-24,2.60355342521608e-16,0.0005251004003405188,0.1688902672609516,0.0030435612532361605,2.7105054312137617e-20,0.985630161043899,-0.016000000000000007,-0.22492072689009185,0.28038500496697455,-0.04603134208317017,0.0015142111312124336,-0.0001993496772987527,0.9989388284426521,-0.016000000000000007,-0.2249186736154718,0.2803926678921785,-0.045949644255961736,0.0013372092439750734,-0.0001760469367662716,0.9989428467493345,-0.016000000749929126,-0.22491867363313853,0.2803926685205853,-0.045949644218230334,0.0013372092397184363,-0.00017604688242712797,0.9989428467510854,-0.01600000747474091,-0.22482322230981483,0.2807431148352079,-0.04686815831564119,0.0001369947059405187,-1.823787243999653e-05,0.9989010744993373,-0.01600000747474091,-0.22482322230981483,0.2807431148352079,-0.04686815831564119,0.0001369947059405187,-1.823787243999653e-05,0.9989010744993373,0.00014423469347931076,-0.5231779297796646,0.7105693167515803,0.001350929001507768,0.27932368208475317,0.003999584142353299,1.4802302899838109e-05,-0.523382857922217,0.7087112166933561,0.00013913972221502293,0.27909903336489555,0.0004105394376456858,1.4802302899838109e-05,-0.523382857922217,0.7087112166933561,0.00013913972221502293,0.27909903336489555,0.0004105394376456858,0.0003698027007727852,0.0036193213482257672,0.012311878973742625,0.0034712452214507423,-0.030081507180113824,0.01025331530949111,0.006723794961701972,-0.014636151950946228,0.03816616447822244,0.06287517461614857,0.26769806891440406,0.18645303186845333,0.0,True,False,1,True,True,0.004815399996004999,4,9.785708641873828e-10,1.32628592277738e-10,`gtol` termination condition is satisfied.,True,True,0.009999999999999787,0.0031599773944066246,1.0,0.00036321285027107384,0.0030402842787337057,0.0003632134519620232,0.0030402842510443466
10.129999999999828,1786132513.2549565,0.009664500001235865,0.00668650001171045,0.01,TELEOP,0,,0.0,10.129999999999828,1013,0.0,0.0,0.0,0.16626633149042508,0.007601167403562851,0.0,0.9860515854998759,1.1311258394965169e-24,2.3657248257592437e-16,0.00047713163407295505,0.16865068262159552,0.0034600467264583536,2.7105054312137617e-20,0.9856698104983842,-0.016000000000000007,-0.2249244514591759,0.28037110468591664,-0.04615267474538296,0.0017214008602027655,-0.00022662672259478548,0.9989328886533139,-0.016000000000000007,-0.22492280376769722,0.2803772539542302,-0.04604813747438054,0.0015235844687336558,-0.0002005837005941512,0.9989380398661802,-0.016000000778726632,-0.22492280377527174,0.28037725460626683,-0.04604813743440703,0.0015235844642997446,-0.00020058364415414967,0.998938039868041,-0.016000005312771955,-0.22483458041857482,0.28070067649068786,-0.04665180344874869,0.0001780050334340551,-2.3617879186730963e-05,0.9989111957483424,-0.016000005312771955,-0.22483458041857482,0.28070067649068786,-0.04665180344874869,0.0001780050334340551,-2.3617879186730963e-05,0.9989111957483424,0.0001641401803454884,-0.5231842879404749,0.7107812717402113,0.0015352404000156337,0.27972666257779927,0.004553078739957419,1.922922958362777e-05,-0.5233483018516517,0.7088384509662186,0.00018065461367415794,0.2788276447519452,0.0005332957953598494,1.922922958362777e-05,-0.5233483018516517,0.7088384509662186,0.00018065461367415794,0.2788276447519452,0.0005332957953598494,0.0004426926683789754,0.0034556070565278305,0.012723427286246843,0.00415148914591359,-0.027138861295032377,0.012275635771416622,0.007288996760619172,-0.016371429169794012,0.04115483125042269,0.06802439244628623,0.29426458850815085,0.2022320461925555,0.0,True,False,1,True,True,0.0033983000030275434,4,1.0156890855805532e-09,1.3865751229487864e-10,`gtol` termination condition is satisfied.,True,True,0.009999999999999787,0.003589044704707613,1.0,0.00033523883428069256,0.002971218306546753,0.0003352394613516031,0.002971218295471876
10.139999999999828,1786132513.262785,0.006916700003785081,0.007598800002597272,0.01,TELEOP,0,,0.0,10.139999999999828,1014,0.0,0.0,0.0,0.16569770261859634,0.008185847779804604,-2.168404344971009e-19,0.986142618105031,1.0278001033655717e-24,2.1496213202343407e-16,0.00043354500221041335,0.1683810464295351,0.0038919139208848743,2.710505431213761e-20,0.985714297456077,-0.016000000000000007,-0.22492783577430725,0.2803584742498975,-0.04628921618804635,0.0019362365464509958,-0.0002549103772602672,0.998926170682014,-0.016000000000000007,-0.22492783577430725,0.2803584742498975,-0.0461613410980804,0.0017173517764785705,-0.00022609365060955478,0.998932495303143,-0.016000000808076963,-0.22492783577312186,0.2803584750028072,-0.046161341051798754,0.0017173517718892348,-0.0002260935920187011,0.9989324953053028,-0.016000001303613523,-0.22484562964709973,0.28065939719789107,-0.046450072483404034,0.00022628654843612344,-2.9925068597610806e-05,0.9989205867661227,-0.016000001303613523,-0.22484562964709973,0.28065939719789107,-0.046450072483404034,0.00022628654843612344,-2.9925068597610806e-05,0.9989205867661227,0.0001847584407392461,-0.5231911284895235,0.7110328384101993,0.0017253003108454042,0.28019825816031924,0.005126971695006101,2.4436754121237822e-05,-0.5233155339719521,0.7089703211847035,0.0002294366370753872,0.27858839000541,0.0006777229836787083,2.4436754121237822e-05,-0.5233155339719521,0.7089703211847035,0.0002294366370753872,0.27858839000541,0.0006777229836787083,0.0005207524537610163,0.0032767879699617452,0.013187021848490642,0.0048782023401230295,-0.02392547465352001,0.014442718831886199,0.007805978538204258,-0.01788190865660892,0.04635945622438087,0.07267131942094553,0.32133866415124357,0.21670830604696234,0.0,True,False,1,True,True,0.0034425000048941,4,1.1044739729072223e-09,1.4967439797498219e-10,`gtol` termination condition is satisfied.,True,True,0.009999999999999787,0.004019782944597569,1.0,0.000311948737214804,0.0030628520704928754,0.00031194946382593773,0.003062852076954826
10.149999999999828,1786132513.2702243,0.007834099989850074,0.007203699991805479,0.01,TELEOP,0,,0.0,10.149999999999828,1015,0.0,0.0,0.0,0.16512896215319725,0.008770522643067206,0.0,0.9862329865659409,9.339129348760074e-25,1.9532583714266302e-16,0.00039394016361508606,0.16808409246942724,0.0043377578373350436,2.710505431213761e-20,0.9857631164309577,-0.016000000000000007,-0.22493091092025927,0.280346997648964,-0.046439578158592086,0.0021580184409906718,-0.00028410851759607986,0.9989187293364814,-0.016000000000000007,-0.22493091092025927,0.280346997648964,-0.0462881063969869,0.0019181178552860809,-0.00025252500631539143,0.9989262576693015,-0.01600000082957643,-0.22493091090994605,0.2803469983303074,-0.046288106353730256,0.0019181178505268467,-0.00025252494616260915,0.9989262576713303,-0.01599999508328857,-0.2248563414598332,0.2806193874572592,-0.04626402858891672,0.00028229224908688557,-3.7212322513049716e-05,0.9989292059926235,-0.01599999508328857,-0.2248563414598332,0.2806193874572592,-0.04626402858891672,0.00028229224908688557,-3.7212322513049716e-05,0.9989292059926235,0.00020604183518299407,-0.5232015424287121,0.7112407145143841,0.0019210578130510656,0.28064977847242606,0.005720456307057811,3.0471464676975853e-05,-0.5232847051409549,0.7091069688386596,0.0002859008611374558,0.278383388352107,0.0008451335543833493,3.0471464676975853e-05,-0.5232847051409549,0.7091069688386596,0.0002859008611374558,0.278383388352107,0.0008451335543833493,0.0006034710555738161,0.0030828830997149293,0.013664765395616828,0.005646422406206982,-0.02050016533029895,0.016741057070464454,0.00827186018128016,-0.019390487024682008,0.04777435471261952,0.07682200660839687,0.3425309323221136,0.22983382385783052,0.0,True,False,1,True,True,0.0035282000026199967,4,1.0735605553013674e-09,1.4854306340675382e-10,`gtol` termination condition is satisfied.,True,True,0.009999999999999787,0.004449248711327393,1.0,0.0002824118258938526,0.0033002266427765016,0.00028241248576417954,0.00330022666918008
10.159999999999828,1786132513.278907,0.007470299999113195,0.008416800003033131,0.01,TELEOP,0,,0.0,10.159999999999828,1016,0.0,0.0,0.0,0.16456011047726135,0.009355191599585656,0.0,0.9863226908217445,8.486021426468885e-25,1.7748327250179631e-16,0.0003579533536656308,0.16776230482187243,0.00479630147908321,4.0657581468206416e-20,0.9858158066155032,-0.016000000000000007,-0.2249337051417955,0.2803365694722232,-0.04660249907903089,0.0023861105463341757,-0.00031413741294451954,0.9989106140560002,-0.016000000000000007,-0.2249337051417955,0.2803365694722232,-0.046427409067578786,0.002125475720160531,-0.00027982418712050244,0.9989193659843918,-0.016000000852263375,-0.22493370512360844,0.28033657017757424,-0.04642740902227781,0.0021254757152574045,-0.00027982412530798244,0.998919365986525,-0.0159999863203964,-0.22486669023440753,0.2805807470391927,-0.04609462448820349,0.0003464295453913972,-4.5526981130438745e-05,0.9989370167869221,-0.0159999863203964,-0.22486669023440753,0.2805807470391927,-0.04609462448820349,0.0003464295453913972,-4.5526981130438745e-05,0.9989370167869221,0.00022793261142495475,-0.5232135297952039,0.7114521506106825,0.0021216598303515936,0.2811284256188427,0.0063318660713805805,3.737454064992997e-05,-0.5232559511059731,0.7092485151726474,0.00035040805936944976,0.2782145329287094,0.0010366955533417496,3.737454064992997e-05,-0.5232559511059731,0.7092485151726474,0.00035040805936944976,0.2782145329287094,0.0010366955533417496,0.000690307597295426,0.002875403498176935,0.0141546333987757,0.006450719823199534,-0.016885542339763214,0.019156199895840442,0.00868365417216118,-0.020747960153799875,0.04898680031588814,0.08042974169925694,0.3614622990535812,0.24151428253760396,0.0,True,False,1,True,True,0.004303499998059124,4,1.106437403626249e-09,1.5364318101293733e-10,`gtol` termination condition is satisfied.,True,True,0.009999999999999787,0.0048753227526744615,1.0,0.00025320611235836644,0.003650182706531439,0.0002532067973228879,0.003650182748522243
10.169999999999828,1786132513.2859917,0.00865190000331495,0.006848799996078014,0.01,TELEOP,0,,0.0,10.169999999999828,1017,0.0,0.0,0.0,0.16399114797389705,0.009939854255598938,0.0,0.986411730812028,7.71084294491005e-25,1.6127058498123652e-16,0.00032525404216613546,0.16741794073169058,0.005266384224979629,5.421010862427522e-20,0.9858719482358523,-0.016000000000000007,-0.22493624410316884,0.28032709393937943,-0.046776832485802396,0.0026199348326425907,-0.0003449209642336128,0.9989018695115134,-0.016000000000000007,-0.22493624410316884,0.28032709393937943,-0.04657831774536865,0.0023390193912513207,-0.00030793774476358635,0.99891185520978,-0.016000000872798948,-0.2249362440776826,0.28032709466722383,-0.046578317698162515,0.0023390193862155477,-0.00030793768144673356,0.9989118552120123,-0.015999974731838302,-0.22487665334030932,0.2805435645156076,-0.04594269856093439,0.00041905841072021395,-5.491087820798921e-05,0.9989439873305125,-0.015999974731838302,-0.22487665334030932,0.2805435645156076,-0.04594269856093439,0.00041905841072021395,-5.491087820798921e-05,0.9989439873305125,0.0002503767123656406,-0.5232269539001559,0.7116670126622539,0.0023265379760823257,0.2816323398268879,0.006959831550899034,4.518154203983029e-05,-0.5232293918710883,0.7093950611002584,0.0004232627821703943,0.27808348356072116,0.0012534269412588742,4.518154203983029e-05,-0.5232293918710883,0.7093950611002584,0.0004232627821703943,0.27808348356072116,0.0012534269412588742,0.0007807001389900488,0.0026559234884796752,0.014654592761104403,0.007285472280094608,-0.013104936798825736,0.021673138791712912,0.009039254169462467,-0.021948000969726423,0.04999593623287128,0.08347524568950918,0.37806055409375594,0.2516938895872522,0.0,True,False,1,True,True,0.003488000002107583,4,1.1367431568405873e-09,1.5833869508105462e-10,`gtol` termination condition is satisfied.,True,True,0.009999999999999787,0.005295170518038831,1.0,0.0002245222748934354,0.004076919577387383,0.00022452298329838106,0.004076919632101478
10.179999999999827,1786132513.2942874,0.0070835000078659505,0.008061100001214072,0.01,TELEOP,0,,0.0,10.179999999999827,1018,0.0,0.0,0.0,0.16342207502628753,0.010524510217350272,-2.1684043449710093e-19,0.9865001064768252,7.0064752294420925e-25,1.4653888906588137e-16,0.0002955418966795004,0.1670530513604342,0.005746951253340425,2.710505431213761e-20,0.9859311591497958,-0.016000000000000007,-0.22493855112390568,0.2803184840207754,-0.046961536530616854,0.0028589659749438754,-0.0003763900111187451,0.9988925361272839,-0.016000000000000007,-0.22493855112390568,0.2803184840207754,-0.046739976146538235,0.002558352408691767,-0.00033681348431300093,0.9989037571355165,-0.016000000891255316,-0.22493855109164634,0.28031848476970245,-0.046739976097555605,0.0025583524035342853,-0.0003368134196420093,0.9989037571378434,-0.015999960096922568,-0.22488621117247384,0.2805079169696546,-0.04580897258661122,0.0005004900825992935,-6.540042277597745e-05,0.9989500904765068,-0.015999960096922568,-0.22488621117247384,0.2805079169696546,-0.04580897258661122,0.0005004900825992935,-6.540042277597745e-05,0.9989500904765068,0.0002733215591391188,-0.5232416885680761,0.7118851681827024,0.0025351434414435958,0.2821598024798674,0.00760302161988359,5.392226565487281e-05,-0.5232051312995063,0.7095466872775299,0.000504712115982879,0.27799166274367043,0.001496191787673353,5.392226565487281e-05,-0.5232051312995063,0.7095466872775299,0.000504712115982879,0.27799166274367043,0.001496191787673353,0.0008740723615042709,0.0024260571581982016,0.015162617727154036,0.00814493338124865,-0.009182081705072127,0.02427648464144839,0.009337222251422405,-0.02298663302814785,0.05080249660496438,0.08594611011540615,0.3922855093753692,0.2603345849735533,0.0,True,False,1,True,True,0.004772000000230037,4,1.1645893650625565e-09,1.6264868858054187e-10,`gtol` termination condition is satisfied.,True,True,0.009999999999999787,0.00570640460964016,1.0,0.00019652996509915435,0.004550770878093013,0.00019653069538676905,0.004550770943028656
10.189999999999827,1786132513.3010473,0.008286299998871982,0.006534500003908761,0.01,TELEOP,0,,0.0,10.189999999999827,1019,0.0,0.0,0.0,0.16285289201769013,0.011109159091087388,-2.168404344971009e-19,0.9865878177566169,6.366449879930512e-25,1.3315289958898062e-16,0.0002685440233662557,0.16666950062730013,0.006237043921366936,2.710505431213761e-20,0.9859930916815641,-0.016000000000000007,-0.22494064739304293,0.280310660637849,-0.047155664441465434,0.003102726564498891,-0.00040848170154703887,0.9988826505359123,-0.016000000000000007,-0.22494064739304293,0.280310660637849,-0.04691159208829637,0.0027830926329693965,-0.00036640109614750226,0.9988951009357162,-0.016000000907725357,-0.22494064735449643,0.2803106614065313,-0.046911592037657726,0.0027830926277007057,-0.0003664010302658637,0.9988951009381332,-0.015999942269359396,-0.22489534714603016,0.28047386986466877,-0.045694050930869236,0.0005909863093287033,-7.702671887738305e-05,0.9989553035604716,-0.015999942269359396,-0.22489534714603016,0.28047386986466877,-0.045694050930869236,0.0005909863093287033,-7.702671887738305e-05,0.9989553035604716,0.0002967166503170282,-0.5232576170158083,0.7121064831486178,0.0027469525885749323,0.28270921217689166,0.008260158548243407,6.362066775103782e-05,-0.5231832569263638,0.7097034543002447,0.0005949451197039899,0.27794025442132686,0.0017656982216128045,6.362066775103782e-05,-0.5231832569263638,0.7097034543002447,0.0005949451197039899,0.27794025442132686,0.0017656982216128045,0.0009698402096165208,0.0021874373142497395,0.01567670227148001,0.00902330037211128,-0.005140832234357019,0.026950643393945727,0.009576784811225198,-0.02386198439484673,0.05140845443259832,0.08783669908626494,0.40412494707151947,0.2674158752497395,0.0,True,False,1,True,True,0.003356900007929653,4,1.1900939807488486e-09,1.6659248496813821e-10,`gtol` termination condition is satisfied.,True,True,0.009999999999999787,0.006106829832210238,1.0,0.0001693786088416919,0.005049792745220444,0.0001693793595198543,0.005049792818422835
10.199999999999827,1786132513.309581,0.006746400002157316,0.008322399997268803,0.01,TELEOP,0,,0.0,10.199999999999827,1020,0.0,0.0,0.0,0.16228359933143655,0.0116938004830628,-4.336808689942019e-19,0.9866748645923318,5.78488936967164e-25,1.2098968937168785e-16,0.00024401245996294598,0.166268982319411,0.0067357910144861316,0.0,0.9860574296854502,-0.016000000000000007,-0.2249425521637874,0.28030355193665385,-0.047358355854195205,0.0033507827521048862,-0.0004411389181873758,0.9988722459765266,-0.016000000000000007,-0.2249425521637874,0.28030355193665385,-0.047092430138571034,0.003012874829726008,-0.0003966524962516286,0.9988859135435346,-0.016000000922312865,-0.22494255211940378,0.2803035527238342,-0.04709243008638901,0.003012874824356101,-0.0003966524292953443,0.9988859135460374,-0.015999921186781813,-0.22490404765789912,0.28044147705505196,-0.0455984210097728,0.0006907591200885537,-8.981571399296833e-05,0.9989596081856319,-0.015999921186781813,-0.22490404765789912,0.28044147705505196,-0.0455984210097728,0.0006907591200885537,-8.981571399296833e-05,0.9989596081856319,0.0003205138678109826,-0.5232746309483797,0.7123308208483509,0.0029614698825742845,0.28327906977084116,0.008930026043344084,7.429485022849418e-05,-0.5231638399594694,0.7098654030054284,0.0006940929061904959,0.2779302052324391,0.0020624980625971005,7.429485022849418e-05,-0.5231638399594694,0.7098654030054284,0.0006940929061904959,0.2779302052324391,0.0020624980625971005,0.0010674182477456592,0.0019416966894401368,0.016194870518374815,0.009914778648650804,-0.0010049188887757557,0.029679984098430246,0.009757803812914051,-0.024574062480960786,0.051816824689481594,0.08914782765395424,0.4135913345581351,0.27293407044845786,0.0,True,False,1,True,True,0.003591600005165674,4,1.2133770468365636e-09,1.70190564438657e-10,`gtol` termination condition is satisfied.,True,True,0.009999999999999787,0.006494460326630603,1.0,0.00014319818803105517,0.0055583699431727834,0.0001431989576440949,0.005558370023166881
10.209999999999827,1786132513.321274,0.008744599996134639,0.011270200004219078,0.01,TELEOP,0,,0.0,10.209999999999827,1021,0.0,0.0,0.0,0.1617141973509322,0.012278433999534048,0.0,0.9867612469253456,5.256453070467777e-25,1.0993756034937297e-16,0.00022172189785370626,0.16585303563332537,0.007242400787855916,-5.421010862427522e-20,0.9861238858287731,-0.016000000000000007,-0.22494428293038737,0.2802970926277667,-0.04756882893430501,0.00360274028494947,-0.00047430975667232345,0.9988613526443562,-0.016000000000000007,-0.22494428293038737,0.2802970926277667,-0.04728180627477936,0.003247351926127875,-0.0004275219916199749,0.9988762199220728,-0.016000000935126595,-0.22494428288058435,0.28029709343225173,-0.04728180622116038,0.003247351920666202,-0.00042752192371719577,0.9988762199246576,-0.015999896877537948,-0.22491230202044654,0.28041078092269217,-0.04552245488565832,0.0007999710851990552,-0.00010378836712802955,0.9989629899928331,-0.015999896877537948,-0.22491230202044654,0.28041078092269217,-0.04552245488565832,0.0007999710851990552,-0.00010378836712802955,0.9989629899928331,0.0003446676263842612,-0.5232926298629245,0.7125580420599532,0.0031782292531541867,0.2838679685522492,0.009611473094285346,8.595710622279973e-05,-0.523146935447479,0.7100325548675033,0.0008022293239903736,0.2779622279434573,0.0023869880212194277,8.595710622279973e-05,-0.523146935447479,0.7100325548675033,0.0008022293239903736,0.2779622279434573,0.0023869880212194277,0.0011662255994305793,0.0016904511990318623,0.01671518620748577,0.010813641779988004,0.0032022711018235986,0.03244899586223339,0.009880735168492217,-0.025124549040827986,0.05203156891109672,0.08988631313372185,0.42071899905994437,0.2769011763803205,0.0,True,False,1,True,True,0.005761099993833341,4,1.2345599400090122e-09,1.7346231920438787e-10,`gtol` termination condition is satisfied.,True,True,0.009999999999999787,0.006867527980746984,1.0,0.0001181000919804082,0.00606541988164873,0.00011810087907355834,0.006065419967320172
10.219999999999827,1786132513.3293889,0.01161349999892991,0.0077720000117551535,0.01,TELEOP,0,,0.0,10.219999999999827,1022,0.0,0.0,0.0,0.16114468645965618,0.012863059246763977,0.0,0.9868469646974821,4.776288208187197e-25,9.989501781794226e-17,0.00020146761229591857,0.16542305929337672,0.007756153729137603,-2.710505431213761e-20,0.9861921990836016,-0.016000000000000007,-0.22494585558884156,0.2802912233865127,-0.047786373216504335,0.0038582409019729076,-0.0005079470510385797,0.9988499979985728,-0.016000000000000007,-0.22494585558884156,0.2802912233865127,-0.04747908371305896,0.0034861954624490414,-0.00045896633970926234,0.9988660432715014,-0.01600000094627672,-0.22494585553400726,0.28029122420716873,-0.047479083658103036,0.003486195456904502,-0.0004589662709801905,0.9988660432741646,-0.015999869464609375,-0.2249201023718784,0.28038181262341966,-0.04546641186048984,0.0009187360269957639,-0.00011896082853178082,0.9989654384236556,-0.015999869464609375,-0.2249201023718784,0.28038181262341966,-0.04546641186048984,0.0009187360269957639,-0.00011896082853178082,0.9989654384236556,0.0003691349258226605,-0.5233115204748772,0.7127880058332188,0.00339679446202864,0.2844745872603696,0.010303415231181837,9.861402018702322e-05,-0.5231325825964004,0.7102049124838894,0.00091937218709886,0.2780368068127026,0.0027394123389146313,9.861402018702322e-05,-0.5231325825964004,0.7102049124838894,0.00091937218709886,0.2780368068127026,0.0027394123389146313,0.0012656913964223767,0.0014352851078638417,0.01723576163860882,0.011714286310848891,0.007457886924527304,0.03524243176952111,0.009946579699179954,-0.025516609116802615,0.052057543112306086,0.09006445308609072,0.4255615822703796,0.2793435907287779,0.0,True,False,1,True,True,0.0036151000094832852,4,1.253763438610292e-09,1.7642758357034536e-10,`gtol` termination condition is satisfied.,True,True,0.009999999999999787,0.007224485073065918,1.0,9.417804312001202e-05,0.006562983604609052,9.417884617485278e-05,0.0065629836951025524
10.229999999999826,1786132513.3361073,0.007995099993422627,0.006494899993413128,0.01,TELEOP,0,,0.0,10.229999999999826,1023,0.0,0.0,0.0,0.1605750670411608,0.013447675831021005,0.0,0.9869320178510121,4.339985298420617e-25,9.076983838039063e-17,0.0001830635817753152,0.16498032437828,0.008276395977828251,-5.421010862427522e-20,0.9862621324159494,-0.016000000000000007,-0.22494728458292318,0.2802858903079964,-0.048010343096472646,0.004116959055721901,-0.0005420079421508344,0.9988382070341939,-0.016000000000000007,-0.22494728458292318,0.2802858903079964,-0.04768366945742667,0.003729095551201303,-0.0004909447430576976,0.9988554051947179,-0.016000000955872333,-0.2249472845234184,0.2802858911437471,-0.0476836694012278,0.0037290955455822486,-0.0004909446736146583,0.998855405197456,-0.015999839166618172,-0.2249274435675905,0.28035459242889,-0.04543044194187071,0.0010471201385376667,-0.0001353446243592436,0.9989669464833231,-0.015999839166618172,-0.2249274435675905,0.28035459242889,-0.04543044194187071,0.0010471201385376667,-0.0001353446243592436,0.9989669464833231,0.00039387534154914267,-0.523331216220807,0.7130205705045308,0.00361675882969651,0.2850976846933314,0.011004834171126516,0.00011226661716368719,-0.5231208052164145,0.7103824601462755,0.001045484996633011,0.27815420465034846,0.0031198667261922598,0.00011226661716368719,-0.5231208052164145,0.7103824601462755,0.001045484996633011,0.27815420465034846,0.0031198667261922598,0.0013652596976664261,0.001177737998592804,0.017754766238614626,0.012611280953415387,0.011739783764586613,0.038045438727763656,0.009956830124405158,-0.025754710927104314,0.051900460000581475,0.0896994642566516,0.42818968400594004,0.28030069582426054,0.0,True,False,1,True,True,0.00333949999185279,4,1.271106581069424e-09,1.7910576582757864e-10,`gtol` termination condition is satisfied.,True,True,0.009999999999999787,0.0075640028922672065,1.0,7.150913427118707e-05,0.007045262735447058,7.150995155981785e-05,0.007045262830091477
10.239999999999826,1786132513.3471437,0.006709900000714697,0.01082250000035856,0.01,TELEOP,0,,0.0,10.239999999999826,1024,0.0,0.0,0.0,0.1600053394790717,0.01403228335857939,0.0,0.9870164063286545,3.943537652987643e-25,8.24782230342864e-17,0.00016634077920523694,0.16452598597492016,0.008802533342104636,1.3552527156068805e-20,0.9863334706607809,-0.016000000000000007,-0.22494858303686097,0.2802810444119293,-0.048240151915371086,0.004378598931449858,-0.000576453485258876,0.9988260025229413,-0.016000000000000007,-0.22494858303686097,0.2802810444119293,-0.04789501131786501,0.003975760533161232,-0.0005234188040000722,0.9988443258345118,-0.016000000964020055,-0.22494858297302117,0.28028104526175335,-0.04789501126051198,0.003975760527475469,-0.0005234187339476997,0.9988443258373212,-0.01599980629598388,-0.22493432305620914,0.28032913015017136,-0.04541459006439787,0.0011851434660058839,-0.00015294684106089893,0.9989675105084808,-0.01599980629598388,-0.22493432305620914,0.28032913015017136,-0.04541459006439787,0.0011851434660058839,-0.00015294684106089893,0.9989675105084808,0.00041885097582520375,-0.5233516368128289,0.713255594753304,0.0038377445444008167,0.2857360952483323,0.011714776448129578,0.00012691055577188963,-0.523111612281958,0.7105651644937894,0.0011804790966765922,0.2783144713528987,0.0035283034542657596,0.00012691055577188963,-0.523111612281958,0.7105651644937894,0.0011804790966765922,0.2783144713528987,0.0035283034542657596,0.001464393860820275,0.0009192934456444784,0.01827043475138877,0.013499410004358395,0.01602667025502643,0.04084367280735087,0.0099134163153851,-0.02584445529483311,0.05156685127741548,0.08881290509430273,0.42868864904399107,0.2798234079587278,0.0,True,False,1,True,True,0.00574419999611564,4,1.286705513518715e-09,1.8151502664266675e-10,`gtol` termination condition is satisfied.,True,True,0.009999999999999787,0.007884967444934256,1.0,5.015515544091959e-05,0.007507988633538124,5.015598460522597e-05,0.0075079887317936805
10.249999999999826,1786132513.3589213,0.011169400007929653,0.011429999998654239,0.01,TELEOP,0,,0.0,10.249999999999826,1025,0.0,0.0,0.0,0.1594355041570871,0.014616881435719476,-4.336808689942018e-19,0.9871001300735754,3.5833045854304384e-25,7.494402762276057e-17,0.0001511456192649958,0.16406109376705372,0.009334025859322284,-1.3552527156068808e-20,0.9864060185710627,-0.016000000000000007,-0.22494976287589674,0.280276641192703,-0.0484752665831435,0.004642891736766643,-0.0006112482931732101,0.9988134052271915,-0.016000000000000007,-0.22494976287589674,0.280276641192703,-0.04811259525250644,0.004225916447236766,-0.0005563524548743743,0.9988328239901788,-0.016000000970822915,-0.2249497628080336,0.2802766420556332,-0.04811259519408274,0.004225916441491582,-0.0005563523843098642,0.9988328239930566,-0.015999771254381494,-0.2249407407436252,0.28030542563018584,-0.04541880095576665,0.0013327817105234798,-0.0001717703057612276,0.9989671299435305,-0.015999771254381494,-0.2249407407436252,0.28030542563018584,-0.04541880095576665,0.0013327817105234798,-0.0001717703057612276,0.9989671299435305,0.0004440263836024536,-0.5233727078303293,0.7134929386029216,0.0040594016978309135,0.28638872501874635,0.012432351402773899,0.00014253635941156514,-0.5231049985889032,0.7107529752436572,0.0013242162064467792,0.278517453702916,0.003964537454642217,0.00014253635941156514,-0.5231049985889032,0.7107529752436572,0.0013242162064467792,0.278517453702916,0.003964537454642217,0.001562580363967586,0.0006613693054718316,0.018781074986781537,0.014373710977019012,0.02029823500172388,0.04362340003764667,0.009818650314731317,-0.025792414017265224,0.05106402353927782,0.08743009726606349,0.4271564746697541,0.27797272302958576,0.0,True,False,1,True,True,0.005607300001429394,4,1.3006732891206975e-09,1.8367328921278107e-10,`gtol` termination condition is satisfied.,True,True,0.009999999999999787,0.008186472993863818,1.0,3.016528766416254e-05,0.007948010623431184,3.0166123988447993e-05,0.007948010724854265
10.259999999999826,1786132513.3667264,0.011837699988973327,0.007396999993943609,0.01,TELEOP,0,,0.0,10.259999999999826,1026,0.0,0.0,0.0,0.15886556145897804,0.015201469668727987,0.0,0.9871831890293891,3.255977977600672e-25,6.809806358202302e-17,0.00013733854760799766,0.16358660165660707,0.00987038285107613,1.3552527156068805e-20,0.9864795990292023,-0.016000000000000007,-0.22495083493582732,0.28027264021057335,-0.04871520269158499,0.0049095932374829164,-0.000646360211852814,0.9988004340905329,-0.016000000000000007,-0.22495083493582732,0.28027264021057335,-0.04833594294746329,0.004479306387783389,-0.0005897118734108589,0.9988209172186826,-0.016000000976379866,-0.22495083486423084,0.28027264108569433,-0.048335942888047045,0.004479306381985566,-0.0005897118024242651,0.9988209172216258,-0.0159997345257274,-0.22494669884791188,0.2802834692930234,-0.04544292454337468,0.0014899683058287743,-0.00019181376027456253,0.9989658071279889,-0.0159997345257274,-0.22494669884791188,0.2802834692930234,-0.04544292454337468,0.0014899683058287743,-0.00019181376027456253,0.9989658071279889,0.0004693684821829978,-0.5233943603406805,0.7137324643195821,0.004281407144199232,0.2870545482365209,0.013156728773632397,0.00015912968026718036,-0.523100945493546,0.7109458259940633,0.0014765112719149532,0.278762806235804,0.0044282532835913995,0.00015912968026718036,-0.523100945493546,0.7109458259940633,0.0014765112719149532,0.278762806235804,0.0044282532835913995,0.0016593320855615577,0.00040530953572606287,0.019285075040608713,0.015229506546817723,0.02453525328880576,0.04637158289491924,0.009675172159397385,-0.02560597697457742,0.05040000538271879,0.08557955697987298,0.4237018287081973,0.2748182857272625,0.0,True,False,1,True,True,0.0034965000086231157,4,1.3131185806065486e-09,1.855981187346868e-10,`gtol` termination condition is satisfied.,True,True,0.009999999999999787,0.008467813948131682,1.0,1.1594296050302086e-05,0.00836302306353009,1.1595116495463272e-05,0.008363023167749076
10.269999999999825,1786132513.374918,0.00761320001038257,0.007975800006533973,0.01,TELEOP,0,,0.0,10.269999999999825,1027,0.0,0.0,0.0,0.15829551176858758,0.015786047663898264,-4.336808689942018e-19,0.987265583140157,2.958551900311619e-25,6.187746256398012e-17,0.00012479275897468007,0.16310337650619766,0.010411158428093934,-2.7105054312137617e-20,0.9865540514094819,-0.016000000000000007,-0.22495180906253756,0.2802690047201977,-0.04895952007262839,0.00517848151744391,-0.0006817600254816578,0.9987871064079167,-0.016000000000000007,-0.22495180906253756,0.2802690047201977,-0.048564609580965055,0.0047356897965662266,-0.0006234653895170897,0.9988086219237934,-0.016000000980785245,-0.22495180898747658,0.2802690056066453,-0.04856460952062971,0.004735689790722063,-0.0006234653181916551,0.9988086219267993,-0.01599969666698379,-0.22495220174763955,0.2802632427389924,-0.04548672180333459,0.0016565967295075297,-0.0002130720276480949,0.9989635470962757,-0.01599969666698379,-0.22495220174763955,0.2802632427389924,-0.04548672180333459,0.0016565967295075297,-0.0002130720276480949,0.9989635470962757,0.0004948464508161258,-0.5234165305438769,0.7139740371898357,0.004503463249183431,0.2877326039386834,0.013887136050093056,0.00017667159084697304,-0.5230994217189847,0.7111436350930173,0.0016371355817695876,0.27905000298611027,0.004919012812673299,0.00017667159084697304,-0.5230994217189847,0.7111436350930173,0.0016371355817695876,0.27905000298611027,0.004919012812673299,0.0017541910579793047,0.0001523774561302066,0.019780909895399882,0.016062430985463783,0.028719675030626973,0.04907595290819095,0.009485897241774897,-0.025293207959586166,0.04958348547911808,0.08329244386460771,0.4184421741821303,0.27043700132717696,0.0,True,False,1,True,True,0.0043215999903623015,4,1.3241461965075364e-09,1.8730576233824063e-10,`gtol` termination condition is satisfied.,True,True,0.009999999999999787,0.008728475490040997,1.0,5.78424679801814e-06,0.008751379751900096,5.783307005395425e-06,0.008751379858597813
10.279999999999825,1786132513.3819797,0.008208500003092922,0.006828600002336316,0.01,TELEOP,0,,0.0,10.279999999999825,1028,0.0,0.0,0.0,0.15772535546983116,0.016370615027530552,4.336808689942019e-19,0.9873473123503886,2.688295009073616e-25,5.622509909911044e-17,0.00011339303243043166,0.16261220608331584,0.010955947404227622,1.3552527156068805e-20,0.9866292300804761,-0.016000000000000007,-0.22495269420243916,0.2802657013331132,-0.049207818761353196,0.005449354942117591,-0.0007174211883699992,0.9987734379779546,-0.016000000000000007,-0.22495269420243916,0.2802657013331132,-0.0487981817378025,0.0049948417201540725,-0.0006575833875120076,0.9987959534356171,-0.016000000984128716,-0.22495269412416363,0.2802657022300727,-0.04879818167661701,0.004994841714269411,-0.0006575833159245053,0.9987959534386831,-0.015999658297118916,-0.22495725582575632,0.2802447193751128,-0.04554987095990977,0.00183252300716253,-0.0002355361711827873,0.9989603573904602,-0.015999658297118916,-0.22495725582575632,0.2802447193751128,-0.04554987095990977,0.00183252300716253,-0.0002355361711827873,0.9989603573904602,0.0005204316244239023,-0.523439159437921,0.7142175261726615,0.004725296575641671,0.2884219927887064,0.014622855694201551,0.0001951388980005116,-0.5231003842153517,0.7113463065662227,0.0018058200949271136,0.27937834993640903,0.005436263512120095,0.0001951388980005116,-0.5231003842153517,0.7113463065662227,0.0018058200949271136,0.27937834993640903,0.005436263512120095,0.001846730715353895,-9.624963669747926e-05,0.02026714732053619,0.01686845131575295,0.0328346950298775,0.051725069944680714,0.009253965737459216,-0.024862709282769117,0.04862374251363199,0.08060203302891872,0.41150199992506176,0.2649117036489818,0.0,True,False,1,True,True,0.003587100000004284,4,1.3338563380088855e-09,1.8881169883141418e-10,`gtol` termination condition is satisfied.,True,True,0.009999999999999787,0.008968123237419757,1.0,2.1475724855634344e-05,0.009111963668415624,2.14748161732806e-05,0.009111963777317243
10.289999999999825,1786132513.3900995,0.007059600000502542,0.007889400003477931,0.01,TELEOP,0,,0.0,10.289999999999825,1029,0.0,0.0,0.0,0.15715509294669577,0.016955171365932237,-4.336808689942019e-19,0.9874283766050413,2.4427254614154015e-25,5.108906599775502e-17,0.00010303467302539882,0.1621138062791962,0.011504381582457908,-4.0657581468206416e-20,0.9867050030369141,-0.016000000000000007,-0.22495349848464616,0.280262699711053,-0.04945973532690297,0.005722030307505084,-0.0007533195812538183,0.9987594432395427,-0.016000000000000007,-0.22495349848464616,0.280262699711053,-0.049036275451678206,0.005256552053140786,-0.0006920382064941375,0.9987829260822697,-0.016000000986495063,-0.22495349840338769,0.28026270061775743,-0.04903627538970684,0.005256552047221037,-0.0006920381347152192,0.9987829260853931,-0.015999620084595004,-0.2249618693108982,0.28022786507156977,-0.0456319739494704,0.0020175683708547575,-0.00025919364674544107,0.9989562478857607,-0.015999620084595004,-0.2249618693108982,0.28022786507156977,-0.0456319739494704,0.0020175683708547575,-0.00025919364674544107,0.9989562478857607,0.0005460973843975833,-0.5234621925028955,0.7144628044300779,0.004946656539942409,0.28912187401377054,0.015363222305528402,0.000214504474602346,-0.5231037790612404,0.711553731096271,0.001982258929523007,0.2797469980024979,0.0059793472004561025,0.000214504474602346,-0.5231037790612404,0.711553731096271,0.001982258929523007,0.2797469980024979,0.0059793472004561025,0.0019365576601834795,-0.0003394845888781294,0.020742453004835428,0.0176438834595897,0.036864806608888676,0.054308368833601926,0.00898269448295863,-0.02432349521806553,0.04753056842992489,0.07754321438367649,0.40301115790112574,0.2583298888921265,0.0,True,False,1,True,True,0.003850300010526553,4,1.3423443539481956e-09,1.901311368571638e-10,`gtol` termination condition is satisfied.,True,True,0.009999999999999787,0.009186592182081456,1.0,3.5829212341325965e-05,0.009444092286999268,3.5828301324279374e-05,0.009444092397864177
10.299999999999825,1786132513.3969421,0.00811989999783691,0.006611500008148141,0.01,TELEOP,0,,0.0,10.299999999999825,1030,0.0,0.0,0.0,0.15658472458324005,0.017539716285418158,-8.673617379884037e-19,0.9875087758495202,2.2195881254502933e-25,4.642219767228952e-17,9.362255015136803e-05,0.16160882766869109,0.012056126379160013,-1.2197274440461925e-19,0.9867812506509643,-0.016000000000000007,-0.22495422929564257,0.2802599722872838,-0.04971493953784072,0.005996341157589342,-0.0007894332897827325,0.998745135394687,-0.016000000000000007,-0.22495422929564257,0.2802599722872838,-0.04927853436019482,0.005520624780887329,-0.000726804040646686,0.998769553255017,-0.016000000987964134,-0.22495422921161612,0.2802599732030127,-0.04927853429749785,0.005520624774937489,-0.0007268039687412352,0.9987695532581957,-0.01599958273377407,-0.22496605211771273,0.280212638835445,-0.045732563069133245,0.0022115220353045193,-0.00028402844984403493,0.9989512306280296,-0.01599958273377407,-0.22496605211771273,0.280212638835445,-0.045732563069133245,0.0022115220353045193,-0.00028402844984403493,0.9989512306280296,0.00057181904855755,-0.5234855794022886,0.7147097497445417,0.005167314063683465,0.2898314624369149,0.016107619780764675,0.0002347376043620497,-0.5231095423945624,0.7117657870449838,0.002166112966334245,0.2801549563994295,0.006547509141016251,0.0002347376043620497,-0.5231095423945624,0.7117657870449838,0.002166112966334245,0.2801549563994295,0.006547509141016251,0.0020233129759704128,-0.0005763333321995145,0.021205594871287155,0.018385403681124193,0.04079583969315965,0.056816194056016,0.008675531578693507,-0.02368487433213902,0.04631418664517373,0.074152022153451,0.3931033084271057,0.2507825222414127,0.0,True,False,1,True,True,0.003406799994991161,4,1.349701095643921e-09,1.912779098377855e-10,`gtol` termination condition is satisfied.,True,True,0.009999999999999787,0.0093838751050723,1.0,4.879035148645349e-05,0.009747446175984147,4.878943426377454e-05,0.009747446288599011
10.309999999999825,1786132513.4052463,0.006878200001665391,0.008037999999942258,0.01,TELEOP,0,,0.0,10.309999999999825,1031,0.0,0.0,0.0,0.1560142507635939,0.018124249392310835,0.0,0.9875885100296782,2.016833870387267e-25,4.218163700271644e-17,8.507022375974726e-05,0.16109786147137325,0.012610877755918272,-1.2197274440461925e-19,0.9868578645334777,-0.016000000000000007,-0.2249548933471276,0.2802574940134028,-0.049973131331509636,0.006272136255042879,-0.00082574240318485,0.9987305265191435,-0.016000000000000007,-0.2249548933471276,0.2802574940134028,-0.04952462796169262,0.005786877231075963,-0.0007618568407027835,0.9987558474678998,-0.016000000988611093,-0.22495489326053228,0.2802574949374801,-0.04952462789832625,0.005786877225100642,-0.0007618567687302595,0.9987558474711314,-0.01599954697063774,-0.22496981568754473,0.2801989934938191,-0.04585110773630012,0.0024141440576313272,-0.0003100212593982115,0.9989453196820345,-0.01599954697063774,-0.22496981568754473,0.2801989934938191,-0.04585110773630012,0.0024141440576313272,-0.0003100212593982115,0.9989453196820345,0.0005975737617949557,-0.5235092737005465,0.7149582448334632,0.00538706023915398,0.2905500255937118,0.01685547850464385,0.00025580433551283983,-0.5231176013619547,0.7119823415103906,0.0023570135228057937,0.2806011062437993,0.007139907373777132,0.00025580433551283983,-0.5231176013619547,0.7119823415103906,0.0023570135228057937,0.2806011062437993,0.007139907373777132,0.002106673115079061,-0.0008058967392273488,0.02165544654067941,0.01909005564715531,0.04461498443698119,0.059239823276089336,0.00833601391086503,-0.022956340702783923,0.04498516693922644,0.07046519660311336,0.3819144743821621,0.24236292200733903,0.0,True,False,1,True,True,0.0032912000024225563,4,1.3560123561471566e-09,1.922653332622308e-10,`gtol` termination condition is satisfied.,True,True,0.009999999999999787,0.009676506037485377,1.0,6.037635191597441e-05,0.010022013168894051,6.0375427706042096e-05,0.01002201328306835
10.319999999999824,1786132513.4171004,0.008378599988645874,0.011513399993418716,0.01,TELEOP,0,,0.0,10.319999999999824,1032,0.0,0.0,0.0,0.15544367187195826,0.018708770292940727,-4.336808689942019e-19,0.9876675790918162,1.8326007488060766e-25,3.832844176808629e-17,7.729915041223974e-05,0.16058144496857013,0.013168359430948464,-1.3552527156068803e-19,0.9869347464962936,-0.016000000000000007,-0.22495549673766255,0.2802552421292695,-0.05023403805973245,0.006549278191288655,-0.000862228831277813,0.9987156276622635,-0.016000000000000007,-0.22495549673766255,0.2802552421292695,-0.049774249966017974,0.006055139340425689,-0.000797174217406738,0.9987418204126408,-0.016000000988506312,-0.22495549664868264,0.280255243061062,-0.04977424990203467,0.006055139334429135,-0.0007971741454215186,0.9987418204159233,-0.015999513528211273,-0.2249731728306184,0.28018687637908174,-0.045987021291314406,0.0026251682487901788,-0.000337149580409216,0.9989385309890585,-0.015999513528211273,-0.2249731728306184,0.28018687637908174,-0.045987021291314406,0.0026251682487901788,-0.000337149580409216,0.9989385309890585,0.0006233403885074047,-0.5235332325960415,0.7152081775718733,0.0056057050221880456,0.2912768809293805,0.017606272598283026,0.00027766783943574856,-0.5231278750767455,0.7122032514096627,0.0025545660572059785,0.281084214258677,0.007755622178978116,0.00027766783943574856,-0.5231278750767455,0.7122032514096627,0.0025545660572059785,0.281084214258677,0.007755622178978116,0.002186350392290919,-0.0010273714790741775,0.022090989927207944,0.019755253440018918,0.04831080148777516,0.06157148052009982,0.007967727721185945,-0.022147473984683332,0.04355433865285453,0.06651977928636213,0.36958170507940497,0.2331657244010538,0.0,True,False,1,True,True,0.005838700002641417,4,1.3613593784536639e-09,1.9310588356210102e-10,`gtol` termination condition is satisfied.,True,True,0.009999999999999787,0.009948919349912488,1.0,7.061648695844571e-05,0.010268043191232173,7.061555576302303e-05,0.010268043306794353
10.329999999999824,1786132513.4283478,0.011869000009028241,0.010891800004174002,0.01,TELEOP,0,,0.0,10.329999999999824,1033,0.0,0.0,0.0,0.15487298829260476,0.019293278593646532,-4.336808689942018e-19,0.987745982982683,1.6651968978881324e-25,3.4827227029500476e-17,7.023796186954237e-05,0.16006006642602263,0.013728320344711633,-1.6263032587282567e-19,0.9870118076072901,-0.016000000000000007,-0.22495604500868532,0.2802531959539562,-0.05049741198569266,0.006827642123260371,-0.0008988761381601374,0.9987004489372537,-0.016000000000000007,-0.22495604500868532,0.2802531959539562,-0.05002711673317011,0.006325252940916959,-0.0008327353475437377,0.9987274830094746,-0.016000000987715583,-0.2249560449174914,0.2802531968928716,-0.05002711666861875,0.006325252934903074,-0.0008327352755954471,0.998727483012806,-0.015999483132064053,-0.22497613757067295,0.28017623001002157,-0.04613966778139682,0.0028443051072914493,-0.0003653878878359263,0.9989308822321845,-0.015999483132064053,-0.22497613757067295,0.28017623001002157,-0.04613966778139682,0.0028443051072914493,-0.0003653878878359263,0.9989308822321845,0.0006490994076363091,-0.5235574166688032,0.7154594411343472,0.005823075962485961,0.29201139307591184,0.018359517243526104,0.0003002887705886965,-0.5231402755763597,0.7124283645793057,0.0027583538658594807,0.2816029464585457,0.00839366557724949,0.0003002887705886965,-0.5231402755763597,0.7124283645793057,0.0027583538658594807,0.2816029464585457,0.00839366557724949,0.002262093115294841,-0.0012400499614135876,0.022511316964304882,0.020378780865350648,0.05187321998687355,0.06380433982713866,0.007574272300392383,-0.02126784823394147,0.04203270370969458,0.062352742533174486,0.35624184990984714,0.22328593070388947,0.0,True,False,1,True,True,0.006033700003172271,4,1.3658186183691963e-09,1.93811273961936e-10,`gtol` termination condition is satisfied.,True,True,0.009999999999999787,0.010192666670703454,1.0,7.954799772463844e-05,0.010486010570937645,7.954705981643422e-05,0.010486010687732493
10.339999999999824,1786132513.4356415,0.011123799995402806,0.007061899988912046,0.01,TELEOP,0,,0.0,10.339999999999824,1034,0.0,0.0,0.0,0.15430220040987566,0.019877773900775438,0.0,0.9878237216494754,1.5130850025804949e-25,3.164584018060203e-17,6.382180959006164e-05,0.15953416956731073,0.014290532356602593,-2.168404344971009e-19,0.9870889673304193,-0.016000000000000007,-0.2249565431954072,0.28025133669579855,-0.050763028009127534,0.0071071146253498625,-0.0009356693910672176,0.9986849996028965,-0.016000000000000007,-0.2249565431954072,0.28025133669579855,-0.05028296579500309,0.006597071068488934,-0.0008685208829281176,0.9987128454544139,-0.016000000986300323,-0.22495654310215685,0.2802513376412838,-0.050282965729929095,0.00659707106246131,-0.0008685208110619456,0.9987128454577925,-0.01599945648623343,-0.22497872499285254,0.2801669927629512,-0.04630836866986069,0.0030712447482413203,-0.00039470777393669376,0.9989223927075646,-0.01599945648623343,-0.22497872499285254,0.2801669927629512,-0.04630836866986069,0.0030712447482413203,-0.00039470777393669376,0.9989223927075646,0.0006748328109060574,-0.5235817896424231,0.715711934066799,0.0060390169788029436,0.29275297121070726,0.01911476609647341,0.00032362562442554704,-0.5231547087709092,0.7126575208840306,0.0029679417398539645,0.28215588170253764,0.009052990779270634,0.00032362562442554704,-0.5231547087709092,0.7126575208840306,0.0029679417398539645,0.28215588170253764,0.009052990779270634,0.0023336853836851035,-0.0014433194549509293,0.022915630472483156,0.02095878739944882,0.05529352439919064,0.0659325202021159,0.007159226839026385,-0.020326949353734598,0.04043135081782806,0.05800065340981842,0.342030441231716,0.21281803749772787,0.0,True,False,1,True,True,0.003528300003381446,4,1.3694620442606559e-09,1.943925896140529e-10,`gtol` termination condition is satisfied.,True,True,0.009999999999999787,0.010408446617366118,1.0,8.721462753516471e-05,0.010676581757628955,8.721368329154271e-05,0.010676581875515326
10.349999999999824,1786132513.4437478,0.00730949999706354,0.007858299999497831,0.01,TELEOP,0,,0.0,10.349999999999824,1035,0.0,0.0,0.0,0.1537313086081834,0.02046225582068336,0.0,0.9879007950398382,1.3748681780139968e-25,2.875506568145431e-17,5.799176911635834e-05,0.15900415763905995,0.014854788151689993,-1.7618285302889447e-19,0.9871661527435295,-0.016000000000000007,-0.2249569958730597,0.2802496472798,-0.05103068159903891,0.007387592646069152,-0.0009725950230132813,0.998669288137647,-0.016000000000000007,-0.2249569958730597,0.2802496472798,-0.05054155445597478,0.006870457296197506,-0.0009045128626119476,0.9986979172633716,-0.01600000098431763,-0.22495699577789868,0.2802496482313392,-0.050541554390419983,0.006870457290159427,-0.0009045127908689515,0.9986979172667957,-0.015999434259884662,-0.2249809510955229,0.280159099527799,-0.046492409420336826,0.0033056598031842802,-0.0004250781011638378,0.9989130832000176,-0.015999434259884662,-0.2249809510955229,0.280159099527799,-0.046492409420336826,0.0033056598031842802,-0.0004250781011638378,0.9989130832000176,0.000700524004693236,-0.5236063181595986,0.715965560298158,0.006253387184261387,0.29350106649921925,0.01987160879932621,0.00034763509030563005,-0.5231710753755566,0.7128905533259597,0.0031828795510461813,0.2827415250150627,0.009732501506262623,0.00034763509030563005,-0.5231710753755566,0.7128905533259597,0.0031828795510461813,0.2827415250150627,0.009732501506262623,0.0024009465880083496,-0.0016366604647393046,0.023303244192920312,0.02149378111922212,0.05856433125250914,0.06795107269920035,0.006726120432324762,-0.019334100978837948,0.038761372043716415,0.05349937197733088,0.327080685331857,0.20185524970844904,0.0,True,False,1,True,True,0.004326399997808039,4,1.3723569567333102e-09,1.948606801706355e-10,`gtol` termination condition is satisfied.,True,True,0.009999999999999787,0.010597089508169621,1.0,9.36656080526379e-05,0.010840587076781826,9.366465788960562e-05,0.010840587195631392
10.359999999999824,1786132513.4510894,0.008119500009343028,0.007080199997290038,0.01,TELEOP,0,,0.0,10.359999999999824,1036,0.0,0.0,0.0,0.15316031327201035,0.021046723959735256,0.0,0.9879772031018643,1.2492771415299034e-25,2.612835676429882e-17,5.269429887738057e-05,0.1584703971051909,0.015420899338390318,-1.7618285302889447e-19,0.9872432978272977,-0.016000000000000007,-0.2249574071989163,0.28024811219080464,-0.05130018691501924,0.0076689825599016775,-0.0010096407079652355,0.998653322306906,-0.016000000000000007,-0.2249574071989163,0.28024811219080464,-0.05080265846947945,0.007145285093123159,-0.0009406946284836514,0.9986827073134827,-0.016000000981820698,-0.22495740710197906,0.28024811314791753,-0.05080265840348318,0.007145285087077636,-0.0009406945569010567,0.9986827073169506,-0.015999417074981002,-0.22498283264657765,0.28015248234473167,-0.04669104591130649,0.0035472082686476853,-0.0004564651624230323,0.998902975861401,-0.015999417074981002,-0.22498283264657765,0.28015248234473167,-0.04669104591130649,0.0035472082686476853,-0.0004564651624230323,0.998902975861401,0.0007261577158239491,-0.5236309715708104,0.7162202291011256,0.0064660597653571125,0.29425516962434667,0.020629668596620142,0.0003722723967062499,-0.5231892718200616,0.7131272891461669,0.003402705740571761,0.283358320583553,0.010431061110799427,0.0003722723967062499,-0.5231892718200616,0.7131272891461669,0.003402705740571761,0.283358320583553,0.010431061110799427,0.0024637306400620406,-0.001819644450492812,0.023673582020708787,0.02198261895255841,0.061679556849024944,0.06985596045368189,0.006278405205369246,-0.01829839857535113,0.03703378277884826,0.04888378333363034,0.31152255965158676,0.19048877544815812,0.0,True,False,1,True,True,0.0033584000047994778,4,1.374566760341898e-09,1.9522449211107628e-10,`gtol` termination condition is satisfied.,True,True,0.009999999999999787,0.010759541484156532,1.0,9.895478656086099e-05,0.01097899559880795,9.895383090259164e-05,0.010978995718502417
10.369999999999823,1786132513.462858,0.007439399996655993,0.011409200000343844,0.01,TELEOP,0,,0.0,10.369999999999823,1037,0.0,0.0,0.0,0.15258921478590867,0.02163117792430534,-4.336808689942018e-19,0.9880529457840945,1.135158556512345e-25,2.3741591647373106e-17,4.788074843458761e-05,0.15793322100406987,0.015988694719692473,-2.574980159653073e-19,0.9873203428191076,-0.016000000000000007,-0.22495778095047506,0.280246717330998,-0.05157137510000726,0.007951199305679758,-0.0010467952474079074,0.9986371092241695,-0.016000000000000007,-0.22495778095047506,0.280246717330998,-0.05106607078666203,0.007421437209807414,-0.0009770507443591797,0.9986672238819073,-0.016000000978858696,-0.22495778085188556,0.28024671829323794,-0.05106607072026036,0.007421437203757203,-0.0009770506729706516,0.9986672238854175,-0.015999405495194255,-0.22498438704470602,0.28014707101747727,-0.0469035106416483,0.0037955362836627742,-0.000488832850157965,0.9988920940903742,-0.015999405495194255,-0.22498438704470602,0.28014707101747727,-0.0469035106416483,0.0037955362836627742,-0.000488832850157965,0.9988920940903742,0.0007517199015092107,-0.5236557217356255,0.7164758550104079,0.006676920916930765,0.29501480840526906,0.02138860005962433,0.00039749164635683864,-0.5232091911297159,0.7133675509109695,0.00362695068636159,0.28400466435343097,0.011147501435436113,0.00039749164635683864,-0.5232091911297159,0.7133675509109695,0.00362695068636159,0.28400466435343097,0.011147501435436113,0.0025219249650589256,-0.001991930965426659,0.024026176480261546,0.022424494578983396,0.06463437698779785,0.0716440324636701,0.005819432499688605,-0.017228651493385067,0.03525944595527663,0.04418756264249968,0.2954820138772975,0.1788072009988248,0.0,True,False,1,True,True,0.0057708000094862655,4,1.3761504100249858e-09,1.9549354688560312e-10,`gtol` termination condition is satisfied.,True,True,0.009999999999999787,0.010896849040793688,1.0,0.00010313982578867377,0.011092892500291772,0.00010313886505319181,0.011092892620722978
10.379999999999823,1786132513.4703412,0.011781099994550459,0.007111099999747239,0.01,TELEOP,0,,0.0,10.379999999999823,1038,0.0,0.0,0.0,0.15201801353450003,0.022215617320777394,-4.336808689942018e-19,0.988128023035518,1.031464440984768e-25,2.157285201803403e-17,4.3506911654403844e-05,0.1573929319993239,0.016558018722127418,-2.9815559743351367e-19,0.9873972336261905,-0.016000000000000007,-0.2249581205601527,0.2802454498904262,-0.0518440927288507,0.008234165603610222,-0.0010840484672635117,0.9986206554066741,-0.016000000000000007,-0.2249581205601527,0.2802454498904262,-0.05133160037485311,0.007698805090616865,-0.0010135669186182668,0.9986514746823512,-0.01600000097547719,-0.22495812046002533,0.2802454508573782,-0.05133160030807981,0.007698805084564473,-0.001013566847454178,0.9986514746859023,-0.015999400016241273,-0.2249856321860181,0.28014279370009076,-0.04712901869311264,0.0040502808188519245,-0.0005221428353151255,0.9988804624123812,-0.015999400016241273,-0.2249856321860181,0.28014279370009076,-0.04712901869311264,0.0040502808188519245,-0.0005221428353151255,0.9988804624123812,0.0007771976635321373,-0.5236805428361406,0.7167323577059669,0.0068858688342432325,0.2957795455080237,0.022148086920810914,0.00042324613921137334,-0.523230723772638,0.7136111575758927,0.0038551399293625553,0.2846789161505038,0.011880631354445954,0.00042324613921137334,-0.523230723772638,0.7136111575758927,0.0038551399293625553,0.2846789161505038,0.011880631354445954,0.002575449285453527,-0.0021532642922138514,0.02436066649232127,0.02281892430009702,0.06742517970728182,0.07331299190098561,0.005352432039460253,-0.016133332678719567,0.033449001205973175,0.03944297211136355,0.2790802719484029,0.16689594373155484,0.0,True,False,1,True,True,0.0036638000019593164,4,1.377162779974308e-09,1.9567567718451628e-10,`gtol` termination condition is satisfied.,True,True,0.009999999999999787,0.011010144051838089,1.0,0.00010628145727941917,0.011183458491450523,0.00010628049187153788,0.011183458612518331
10.389999999999823,1786132513.477936,0.0073275000031571835,0.007378999987849966,0.01,TELEOP,0,,0.0,10.389999999999823,1039,0.0,0.0,0.0,0.15144670990247522,0.022800041755544998,4.336808689942019e-19,0.9882024348055721,9.372425437066682e-26,1.9602221750936752e-17,3.953262070225236e-05,0.15684980515227437,0.01712872996811279,-2.4394548880923845e-19,0.987473921292797,-0.016000000000000007,-0.22495842914680947,0.28024429822934466,-0.05211820039847438,0.008517811243784607,-0.0011213911242222453,0.9986039668260818,-0.016000000000000007,-0.22495842914680947,0.28024429822934466,-0.05159907110292166,0.007977288313146069,-0.0010502299304004231,0.9986354668994978,-0.01600000097171835,-0.22495842904524962,0.28024429920062394,-0.0515990710358077,0.007977288307093785,-0.0010502298594880996,0.9986354669030885,-0.01599940105778498,-0.22498658633636212,0.28013957745444684,-0.04736677342063587,0.00431107226191543,-0.0005563547568066681,0.9988681063589203,-0.01599940105778498,-0.22498658633636212,0.28013957745444684,-0.04736677342063587,0.00431107226191543,-0.0005563547568066681,0.9988681063589203,0.0008025791667525558,-0.5237054112020723,0.7169896618680471,0.0070928127624824795,0.2965489762496686,0.02290784001892723,0.0004494886814637328,-0.5232537584691321,0.7138579255207678,0.004086797241232328,0.2853794112707314,0.012629244951486093,0.0004494886814637328,-0.5232537584691321,0.7138579255207678,0.004086797241232328,0.2853794112707314,0.012629244951486093,0.0026242542252359977,-0.002303469649414249,0.024676794487512876,0.023165731186977765,0.0700495120227616,0.07486135970401545,0.004880493978247166,-0.015020535720040104,0.03161279951916108,0.034680688688075126,0.2624332315479851,0.15483678030298634,0.0,True,False,1,True,True,0.003846399995381944,4,1.3776553904308545e-09,1.9577911332317e-10,`gtol` termination condition is satisfied.,True,True,0.009999999999999787,0.011100629357519931,1.0,0.00010844278243341548,0.011251951015179545,0.0001084418127406574,0.011251951136791961
10.399999999999823,1786132513.4872606,0.007603200006997213,0.009100299997953698,0.01,TELEOP,0,,0.0,10.399999999999823,1040,0.0,0.0,0.0,0.15087530427459406,0.02338445083501181,8.673617379884037e-19,0.9882761810441419,8.516275993916866e-26,1.7811604012843703e-17,3.5921377128498125e-05,0.15630409044139026,0.017700699978608136,-1.7618285302889447e-19,0.9875503615165948,-0.016000000000000007,-0.22495870954439348,0.28024325177131476,-0.052393571446744995,0.008802072439660554,-0.0011588148206264936,0.9985870489546884,-0.016000000000000007,-0.22495870954439348,0.28024325177131476,-0.05186832069094591,0.008256794054548443,-0.0010870275593460623,0.9986192072215151,-0.016000000967620966,-0.22495870944149807,0.2802432527465644,-0.051868320623519884,0.008256794048498342,-0.0010870274887100212,0.9986192072251441,-0.01599940895699295,-0.22498726800961358,0.28013734877624696,-0.04761597184617232,0.004577536886511945,-0.000591426421641192,0.9988550523454267,-0.01599940895699295,-0.22498726800961358,0.28013734877624696,-0.04761597184617232,0.004577536886511945,-0.000591426421641192,0.9988550523454267,0.000827853561934919,-0.5237303051469975,0.7172476970099615,0.0072976721033066305,0.2973227264973263,0.02366759535404864,0.0004761718790872232,-0.5232781829595147,0.7141076695500227,0.004321447519210691,0.2861044714866803,0.013392129293235125,0.0004761718790872232,-0.5232781829595147,0.7141076695500227,0.004321447519210691,0.2861044714866803,0.013392129293235125,0.0026683197623490985,-0.002442449038258435,0.024974402925493553,0.023465027797836765,0.07250602159488896,0.07628843417490479,0.004406553711310172,-0.013897938884418867,0.029760843798068197,0.02992966108590076,0.24565095721274105,0.1427074470889372,0.0,True,False,1,True,True,0.004303699999582022,4,1.3776754638554607e-09,1.9581104275274556e-10,`gtol` termination condition is satisfied.,True,True,0.009999999999999787,0.011169564978937174,1.0,0.00010968861936587824,0.011299687011184063,0.00010968764575782218,0.011299687133256055
10.409999999999823,1786132513.4992013,0.009538299986161292,0.01150249999773223,0.01,TELEOP,0,,0.0,10.409999999999823,1041,0.0,0.0,0.0,0.15030379703568494,0.02396884416559183,-8.673617379884035e-19,0.9883492617015612,7.738333827413589e-26,1.6184555074487373e-17,3.2640016657431e-05,0.15575601505184392,0.01827381199420409,-2.5749801596530735e-19,0.9876265142098861,-0.016000000000000007,-0.2249589643279686,0.28024230090606744,-0.05267009078829628,0.009086891240592436,-0.0011963119271290233,0.9985699068075842,-0.016000000000000007,-0.2249589643279686,0.28024230090606744,-0.052139199721669444,0.008537236584510235,-0.0011239485188452606,0.9986027018707746,-0.016000000963220875,-0.22495896422382694,0.2802423018849577,-0.052139199653957816,0.008537236578464209,-0.0011239484485074315,0.9986027018744408,-0.01599942396380265,-0.2249876958521722,0.2801360340878079,-0.04787580973625052,0.004849299193595981,-0.0006273140154510523,0.9988413275473514,-0.01599942396380265,-0.2249876958521722,0.2801360340878079,-0.04787580973625052,0.004849299193595981,-0.0006273140154510523,0.9988413275473514,0.0008530109128651199,-0.5237552048152534,0.7175063972938582,0.007500375577480869,0.29810045066276686,0.024427112251104825,0.0005032484146433248,-0.5233038847274747,0.7143602038528386,0.004558619496651066,0.28685241542891177,0.01416807176593472,0.0005032484146433248,-0.5233038847274747,0.7143602038528386,0.004558619496651066,0.28685241542891177,0.01416807176593472,0.0027076535556102123,-0.0025701767959998988,0.025253430281588208,0.023717197744037986,0.07479439422315273,0.0775942472699611,0.0039333793261114545,-0.012772775774146658,0.027902735609466156,0.025216994620122647,0.22883726282638234,0.13058130950563385,0.0,True,False,1,True,True,0.005846600004588254,4,1.377267599907126e-09,1.957781589544017e-10,`gtol` termination condition is satisfied.,True,True,0.009999999999999787,0.011218255010645994,1.0,0.00011008489499820986,0.0113280270979618,0.00011008391782530408,0.011328027220414654
10.419999999999822,1786132513.511023,0.011881400001584552,0.011443199997302145,0.01,TELEOP,0,,0.0,10.419999999999822,1042,0.0,0.0,0.0,0.14973218857064488,0.02455322135370967,0.0,0.9884216767286119,7.031454883245533e-26,1.470613330333607e-17,2.9658404600072517e-05,0.155205785456144,0.01884795990384882,-2.710505431213761e-19,0.987702343101607,-0.016000000000000007,-0.2249591958373643,0.2802414369012404,-0.052947653856649526,0.009372214998027449,-0.0012338755124163634,0.9985525449811478,-0.016000000000000007,-0.2249591958373643,0.2802414369012404,-0.05241157071125409,0.008818536784443977,-0.0011609823927383714,0.9985859566329003,-0.01600000095855097,-0.22495919573205825,0.2802414378834659,-0.05241157064328117,0.00881853677840374,-0.0011609823227183014,0.9985859566366025,-0.01599944623790038,-0.22498788853386412,0.28013556019633185,-0.0481454863477267,0.005125984116246095,-0.0006639723227257424,0.9988269597742823,-0.01599944623790038,-0.22498788853386412,0.28013556019633185,-0.0481454863477267,0.005125984116246095,-0.0006639723227257424,0.9988269597742823,0.0008780421276917419,-0.5237800920390151,0.7177657013341109,0.00770086044223944,0.29888182979269023,0.025186171629676325,0.0005306713063548096,-0.5233307516766571,0.7146153429184842,0.004797848260315773,0.2876215683090391,0.01495586694829644,0.0005306713063548096,-0.5233307516766571,0.7146153429184842,0.004797848260315773,0.2876215683090391,0.01495586694829644,0.002742289171148539,-0.002686694918236301,0.0255139065645616,0.023922876366471186,0.07691528801273612,0.07877951823617377,0.003463561553832758,-0.01165181222364049,0.0260476282973399,0.02056786224332056,0.2120893789583431,0.11852709662126908,0.0,True,False,1,True,True,0.005768699993495829,4,1.3764723690731906e-09,1.9568667587734632e-10,`gtol` termination condition is satisfied.,True,True,0.009999999999999787,0.011248035233855092,1.0,0.000109698082131487,0.011338361065249042,0.00010969710172649428,0.011338361188009955
10.429999999999822,1786132513.5193076,0.011816900005214848,0.007910699991043657,0.01,TELEOP,0,,0.0,10.429999999999822,1043,0.0,0.0,0.0,0.1491604792644389,0.025137582005800813,0.0,0.9884934260765241,6.389147699982647e-26,1.3362761950522174e-17,2.6949159092945366e-05,0.15465358930490739,0.019423047271397344,-3.2526065174565133e-19,0.9877778153764146,-0.016000000000000007,-0.2249594061986648,0.2802406518221789,-0.05322616564293356,0.009657995880472928,-0.0012714992793530404,0.9985349676882159,-0.016000000000000007,-0.2249594061986648,0.2802406518221789,-0.052685307236871114,0.009100621692366409,-0.0011981195753980702,0.9985689768842472,-0.016000000953641492,-0.22495940609226972,0.28024065280745786,-0.052685307168659344,0.009100621686333507,-0.0011981195057131206,0.9985689768879846,-0.01599947584738329,-0.22498786464541254,0.28013585471677227,-0.04842420883021919,0.005407219080882591,-0.000701354955676797,0.9988119773421847,-0.01599947584738329,-0.22498786464541254,0.28013585471677227,-0.04842420883021919,0.005407219080882591,-0.000701354955676797,0.9988119773421847,0.0009029388943962177,-0.5238049502050467,0.7180255519922466,0.007899071761653081,0.29966656975423733,0.025944574377291217,0.0005583941486739582,-0.5233586727587436,0.7148729024027827,0.0050386775679899295,0.28841027095919197,0.015754323000384922,0.0005583941486739582,-0.5233586727587436,0.7148729024027827,0.0050386775679899295,0.28841027095919197,0.015754323000384922,0.002772284231914916,-0.002792108208653823,0.025755948429849823,0.02408293076741616,0.0788702650152846,0.07984560520885008,0.002999506076637739,-0.010541329041752433,0.024204186528822634,0.016005440094497662,0.19549770025485264,0.10660869726763374,0.0,True,False,1,True,True,0.004085499997017905,4,1.375327831719328e-09,1.9554234207693364e-10,`gtol` termination condition is satisfied.,True,True,0.009999999999999787,0.011260261483651113,1.0,0.00010859468124595042,0.011332094596150338,0.00010859369792425708,0.011332094719151803
10.439999999999822,1786132513.526668,0.00812499999301508,0.00714660000812728,0.01,TELEOP,0,,0.0,10.439999999999822,1044,0.0,0.0,0.0,0.14858866950209998,0.025721925728311865,-8.673617379884035e-19,0.9885645096969762,5.805513796221866e-26,1.2142104471867964e-17,2.4487399620587216e-05,0.15409959714509136,0.0199989864510625,-3.3881317890172014e-19,0.9878529013474886,-0.016000000000000007,-0.22495959734373558,0.28023993845906314,-0.05350553982239141,0.009944190432785669,-0.0013091775069609193,0.9985171787902332,-0.016000000000000007,-0.22495959734373558,0.28023993845906314,-0.05296029311869595,0.009383424072835739,-0.0012353512151105186,0.998551767617897,-0.016000000948520172,-0.22495959723632047,0.2802399394471355,-0.05296029305026606,0.009383424066811575,-0.001235351145776045,0.9985517676216686,-0.015999512769039957,-0.22498764260260648,0.2801368464587813,-0.04871119627744691,0.005692635919529241,-0.0007394145903204972,0.9987964089440707,-0.015999512769039957,-0.22498764260260648,0.2801368464587813,-0.04871119627744691,0.005692635919529241,-0.0007394145903204972,0.9987964089440707,0.000927693620278193,-0.5238297641306517,0.7182858961668492,0.008094961728035468,0.3004543995147836,0.026702139823029804,0.0005863713337970959,-0.52338753855185,0.7151326999423068,0.005280661962247111,0.2892168881701348,0.01656226755384551,0.0005863713337970959,-0.52338753855185,0.7151326999423068,0.005280661962247111,0.2892168881701348,0.01656226755384551,0.0027977185123138357,-0.0028865793106466623,0.025979753952408556,0.024198439425718657,0.08066172109428281,0.08079445534606039,0.002543428039892012,-0.009447110199284117,0.02238055225587393,0.01155086583024996,0.1791456078998239,0.09488501372103288,0.0,True,False,1,True,True,0.003908500002580695,4,1.373868796399034e-09,1.9535029593254197e-10,`gtol` termination condition is satisfied.,True,True,0.009999999999999787,0.01125629879504536,1.0,0.0001068407466143933,0.01131063715573685,0.00010683976067578348,0.011310637278916189
10.449999999999822,1786132513.5367033,0.0073675000021466985,0.009814200006076135,0.01,TELEOP,0,,0.0,10.449999999999822,1045,0.0,0.0,0.0,0.1480167596687288,0.026306252127700856,0.0,0.9886349275420951,5.275193503229541e-26,1.1032951238048134e-17,2.2250518511871577e-05,0.15354396398142728,0.020575697783658347,-2.981555974335137e-19,0.9879275741599614,-0.016000000000000007,-0.22495977102796536,0.28023929026069316,-0.0537856979606653,0.010230759175739176,-0.0013469049977012288,0.998499181826655,-0.016000000000000007,-0.22495977102796536,0.28023929026069316,-0.0532364216538931,0.009666882011249938,-0.001272669160663722,0.9985343334682474,-0.016000000943212373,-0.22495977091959374,0.2802392912513194,-0.053236421585264024,0.009666882005235765,-0.001272669091693242,0.9985343334720524,-0.01599955689015527,-0.22498724055727054,0.2801384657775645,-0.04900568342315658,0.005981872629416021,-0.000778103208077789,0.9987802835195899,-0.01599955689015527,-0.22498724055727054,0.2801384657775645,-0.04900568342315658,0.005981872629416021,-0.000778103208077789,0.9987802835195899,0.000952299375323873,-0.5238545199483401,0.7185466845813265,0.008288489032228468,0.3012450695145888,0.02745870430790892,0.0006145582537816858,-0.5234172417885622,0.7153945559135304,0.005523368678302175,0.29003981631728,0.01737855309419871,0.0006145582537816858,-0.5234172417885622,0.7153945559135304,0.005523368678302175,0.29003981631728,0.01737855309419871,0.0028186919984590554,-0.0029703236712108555,0.026185597122360453,0.024270671605506933,0.08229281471451892,0.0816285540353216,0.0020973486145220016,-0.008374436056419516,0.02058431699518999,0.007223217978827648,0.16310936202361498,0.08340986892612252,0.0,True,False,1,True,True,0.004961200000252575,4,1.3721276679468455e-09,1.951156083011911e-10,`gtol` termination condition is satisfied.,True,True,0.009999999999999787,0.011237511344648787,1.0,0.00010450145613871321,0.011275390994263682,0.00010450046786853094,0.011275391117563031
10.459999999999821,1786132513.5484958,0.010205600003246218,0.01140089999535121,0.01,TELEOP,0,,0.0,10.459999999999821,1046,0.0,0.0,0.0,0.1474447501494934,0.026890560810437465,8.673617379884035e-19,0.9887046795644561,4.793316745647034e-26,1.0025116593517611e-17,2.0217973311253076e-05,0.15298683069536126,0.021153108866265417,-2.710505431213761e-19,0.9880018095221693,-0.016000000000000007,-0.22495992884638774,0.28023870127432243,-0.054066568792578575,0.010517666242192693,-0.0013846770295753072,0.9984809800418529,-0.016000000000000007,-0.22495992884638774,0.28023870127432243,-0.05351359490020001,0.009950938531748986,-0.001310065911043407,0.998516678734263,-0.0160000009377413,-0.22495992873711768,0.28023870226728187,-0.05351359483138913,0.00995093852574594,-0.0013100658424487573,0.9985166787381007,-0.01599960801172072,-0.22498667631510708,0.2801406448887861,-0.049306923980520966,0.006274574977747191,-0.0008173723409611724,0.9987636301242071,-0.01599960801172072,-0.22498667631510708,0.2801406448887861,-0.049306923980520966,0.006274574977747191,-0.0008173723409611724,0.9987636301242071,0.000976749839312582,-0.5238792049987462,0.7188078715719944,0.008479618280476805,0.30203835013045793,0.028214119848274138,0.0006429114831115244,-0.5234476778333967,0.7156582941347802,0.005766379345812196,0.2908774902703101,0.01820206183087022,0.0006429114831115244,-0.5234476778333967,0.7156582941347802,0.005766379345812196,0.2908774902703101,0.01820206183087022,0.0028353229329839227,-0.003043604483459943,0.026373822124985992,0.024301066751002624,0.08376739530301588,0.08235087366715271,0.0016630934524867692,-0.007328081224908914,0.01882250026255412,0.0030395145495692947,0.14745805884969984,0.07223196318311363,0.0,True,False,1,True,True,0.005848400003742427,4,1.3701339808867708e-09,1.948427843413067e-10,`gtol` termination condition is satisfied.,True,True,0.009999999999999787,0.011205253197308807,1.0,0.00010164072410515562,0.011227741220234986,0.00010163973377648068,0.01122774134360077
10.469999999999821,1786132513.5587413,0.011773400008678436,0.009873000002698973,0.01,TELEOP,0,,0.0,10.469999999999821,1047,0.0,0.0,0.0,0.146872641329629,0.02747485138300331,0.0,0.9887737657170826,4.355458318265319e-26,9.109345318868865e-18,1.8371098117822976e-05,0.15242832533450112,0.021731153888618338,-2.574980159653073e-19,0.9880755854621592,-0.016000000000000007,-0.22496007224832995,0.2802381660909883,-0.05434808756679983,0.010804879046520941,-0.001422489312604201,0.9984625764097406,-0.016000000000000007,-0.22496007224832995,0.2802381660909883,-0.053791723006745056,0.010235541237917003,-0.001347534568130558,0.9984988074014512,-0.016000000932128174,-0.22496007213821465,0.28023816708607785,-0.05379172293776844,0.01023554123192609,-0.0013475344999220418,0.9984988074053206,-0.015999665852911595,-0.22498596726045517,0.2801433181479394,-0.04961419362680164,0.006570397950869581,-0.0008571733182483244,0.9987464777987615,-0.015999665852911595,-0.22498596726045517,0.2801433181479394,-0.04961419362680164,0.006570397950869581,-0.0008571733182483244,0.9987464777987615,0.0010010392525084016,-0.5239038077313231,0.7190694148784794,0.00866831945552485,0.3028340302281833,0.02896825288825788,0.0006713889417291326,-0.5234787451098973,0.7159237425094238,0.006009291486236053,0.29172838958807296,0.01903171005516207,0.0006713889417291326,-0.5234787451098973,0.7159237425094238,0.006009291486236053,0.29172838958807296,0.01903171005516207,0.0028477458617608715,-0.0031067276500648883,0.026544837464361603,0.024291214042386194,0.08508993177628756,0.08296482242918696,0.0012422928776948902,-0.0063123166604946565,0.01710153393756139,-0.0009852708616431456,0.13225364732717035,0.061394876203426166,0.0,True,False,1,True,True,0.005852900008903816,4,1.3679150353637277e-09,1.945357524287714e-10,`gtol` termination condition is satisfied.,True,True,0.009999999999999787,0.01116085986014781,1.0,9.832085587464077e-05,0.011169046902714915,9.831986375012673e-05,0.011169047026097436
10.479999999999821,1786132513.5660093,0.010096799989696592,0.007044500001939014,0.01,TELEOP,0,,0.0,10.479999999999821,1048,0.0,0.0,0.0,0.14630043359443756,0.028059123451892196,-8.673617379884037e-19,0.9888421859534469,3.9575972481630486e-26,8.277227637637088e-18,1.6692932159305767e-05,0.1518685642843845,0.022309773030126875,-3.5236570605778894e-19,0.9881488821071165,-0.016000000000000007,-0.22496020255072322,0.28023767979583625,-0.05463019545037506,0.011092367984267546,-0.0014603379492872893,0.9984439736563235,-0.016000000000000007,-0.22496020255072322,0.28023767979583625,-0.054070723589765286,0.010520641975443832,-0.001385068792289974,0.9984807231626179,-0.01600000092639233,-0.22496020243981138,0.2802376807928695,-0.05407072352063762,0.01052064196946597,-0.0013850687244764941,0.9984807231665185,-0.01599973005667718,-0.22498513028798073,0.28014642229485504,-0.04992679263771933,0.006869007048369653,-0.0008974575124324143,0.9987288554403007,-0.01599973005667718,-0.22498513028798073,0.28014642229485504,-0.04992679263771933,0.006869007048369653,-0.0008974575124324143,0.9987288554403007,0.0010251623697764066,-0.523928317612378,0.719331275438131,0.008854567419523927,0.30363191580124493,0.0297209831372467,0.0006999500387122683,-0.5235103454779568,0.7161907336092965,0.006251719808939087,0.2925910440058359,0.01986645199049963,0.0006999500387122683,-0.5235103454779568,0.7161907336092965,0.006251719808939087,0.2925910440058359,0.01986645199049963,0.0028561096983136277,-0.003160036805948839,0.02669910998726703,0.024242832270303924,0.08626544177629966,0.08347419353375791,0.0008363836552756557,-0.005330915588395196,0.01542725229054312,-0.004838177208227063,0.11755100000121327,0.05093711045709692,0.0,True,False,1,True,True,0.003745800000615418,4,1.3654960425818638e-09,1.9419838198508632e-10,`gtol` termination condition is satisfied.,True,True,0.009999999999999787,0.011105640640110326,1.0,9.460224333814342e-05,0.011100633164447014,9.46012496720476e-05,0.011100633287800522
10.48999999999982,1786132513.5733662,0.007276899996213615,0.007124399999156594,0.01,TELEOP,0,,0.0,10.48999999999982,1049,0.0,0.0,0.0,0.14572812732928783,0.028643376623610405,0.0,0.9889099402274694,3.5960798690195675e-26,7.52112198703767e-18,1.51680640264508e-05,0.151307653333304,0.02288891191199621,-3.9302328752599536e-19,0.9882216814835898,-0.016000000000000007,-0.22496032095019744,0.2802372379229829,-0.0549128389876626,0.01138010615926231,-0.0014982193986765888,0.9984251742803526,-0.016000000000000007,-0.22496032095019744,0.2802372379229829,-0.0543505211509262,0.010806196515878492,-0.0014226627607356176,0.9984624294374587,-0.016000000920551326,-0.22496032083853373,0.28023723892178826,-0.054350521081660864,0.010806196509914481,-0.0014226626933247987,0.9984624294413897,-0.015999800196280115,-0.22498418174128457,0.2801498966642355,-0.050244048178351465,0.007170079423805158,-0.0009381765821880459,0.9987107916751519,-0.015999800196280115,-0.22498418174128457,0.2801498966642355,-0.050244048178351465,0.007170079423805158,-0.0009381765821880459,0.9987107916751519,0.0010491144179575,-0.5239527250399992,0.7195934171857741,0.009038341456325996,0.30443182869298,0.030472202488234276,0.00072855579691379,-0.5235423845623033,0.7164591051979053,0.006493297310634832,0.2934640382268905,0.020705283143015552,0.00072855579691379,-0.5235423845623033,0.7164591051979053,0.006493297310634832,0.2934640382268905,0.020705283143015552,0.0028605758201522362,-0.0032039084346492165,0.026837158860881963,0.024157750169575064,0.08729942210545807,0.08388311525159381,0.00044661218386086727,-0.0043871628700378265,0.013804887361493502,-0.00850821007288621,0.10339803291584404,0.04089217178359003,0.0,True,False,1,True,True,0.003394500003196299,4,1.3628997340801661e-09,1.9383424218269607e-10,`gtol` termination condition is satisfied.,True,True,0.009999999999999787,0.011040871795409024,1.0,9.054309981841896e-05,0.011023784228175655,9.054210485959547e-05,0.01102378435145808
10.49999999999982,1786132513.5805883,0.007359000010183081,0.006987500004470348,0.01,TELEOP,0,,0.0,10.49999999999982,1050,0.0,0.0,0.0,0.1451557229196148,0.02922761050467694,8.673617379884035e-19,0.9889770284935191,3.267586268504252e-26,6.8340848434186385e-18,1.3782490137129291e-05,0.15074568863994678,0.023468521099416707,-3.3881317890172014e-19,0.9882939673365787,-0.016000000000000007,-0.22496042853407072,0.2802368364145017,-0.05519596960870491,0.011668069135693722,-0.0015361304437364845,0.9984061805722456,-0.016000000000000007,-0.22496042853407072,0.2802368364145017,-0.054631046535988624,0.011092164260587881,-0.0014603111285560436,0.9984439293910333,-0.01600000091462124,-0.22496042842169567,0.28023683741492206,-0.05463104646659805,0.011092164254638439,-0.0014603110615543531,0.9984439293949942,-0.015999875782614952,-0.22498313735838404,0.2801536833633003,-0.05056531625949028,0.007473304874839359,-0.0009792827100965696,0.9986923147352238,-0.015999875782614952,-0.22498313735838404,0.2801536833633003,-0.05056531625949028,0.007473304874839359,-0.0009792827100965696,0.9986923147352238,0.0010728910563362114,-0.5239770212654592,0.7198558068598576,0.009219624850767948,0.30523360539919664,0.031221814012928107,0.000757168959011174,-0.5235747720333929,0.7167287006934492,0.006733676183995745,0.2943460160348871,0.02154724316386287,0.000757168959011174,-0.5235747720333929,0.7167287006934492,0.006733676183995745,0.2943460160348871,0.02154724316386287,0.0028613162097384536,-0.0032387471089533855,0.026959549554386432,0.024037887336091808,0.08819778079966026,0.08419600208473359,7.403895862173593e-05,-0.00348386743041699,0.012239069350447029,-0.01198628334832582,0.08983586942022093,0.03128868331397905,0.0,True,False,1,True,True,0.003674199993838556,4,1.3601474348141196e-09,1.9344626008971343e-10,`gtol` termination condition is satisfied.,True,True,0.009999999999999787,0.010967790466089533,1.0,8.619923297017266e-05,0.010939737378507586,8.619823696428618e-05,0.010939737501680114
10.50999999999982,1786132513.5875857,0.00725169999350328,0.00673310000274796,0.01,TELEOP,0,,0.0,10.50999999999982,1051,0.0,0.0,0.0,0.1445832207509197,0.029811824701623784,-8.673617379884037e-19,0.9890434507064139,2.969099800619429e-26,6.209806957996154e-18,1.2523486130158797e-05,0.1501827576127151,0.024048555649252033,-3.659182332138578e-19,0.9883657249657262,-0.016000000000000007,-0.22496052629033517,0.28023647158315595,-0.05547954318252308,0.011956234712857134,-0.0015740681616887612,0.9983869946314265,-0.016000000000000007,-0.22496052629033517,0.28023647158315595,-0.05491223643161663,0.011378507964022688,-0.0014980089922816604,0.9984252259511726,-0.01600000090861656,-0.22496052617728612,0.28023647258504697,-0.05491223636211176,0.011378507958088448,-0.0014980089256945077,0.9984252259551628,-0.015999956272134304,-0.22498201222399486,0.2801577274177925,-0.05088998337026132,0.007778386686494935,-0.001020728832931022,0.9986734523385408,-0.015999956272134304,-0.22498201222399486,0.2801577274177925,-0.05088998337026132,0.007778386686494935,-0.001020728832931022,0.9986734523385408,0.0010964883400357405,-0.5240011983206702,0.7201184138158097,0.009398404502592106,0.30603709594807643,0.03196973102949577,0.0007857540755242242,-0.5236074218422199,0.7169993695721586,0.0069725285423446115,0.29523568374716996,0.02239141823759536,0.0007857540755242242,-0.5236074218422199,0.7169993695721586,0.0069725285423446115,0.29523568374716996,0.02239141823759536,0.002858511651305087,-0.0032649808827053895,0.02706688787093789,0.02388523583488719,0.08896677122829227,0.08441750737325085,-0.00028045584333665933,-0.0026233773752004563,0.010733831655145831,-0.015265150120462225,0.07689904286320276,0.02215052885172706,0.0,True,False,1,True,True,0.003520699989167042,4,1.3572581672042625e-09,1.9303794537995594e-10,`gtol` termination condition is satisfied.,True,True,0.009999999999999787,0.010887589364309558,1.0,8.162385412072506e-05,0.01084967780101872,8.16228573142574e-05,0.010849677924046513
10.51999999999982,1786132513.594921,0.006964800006244332,0.007103900003130548,0.01,TELEOP,0,,0.0,10.51999999999982,1052,0.0,0.0,0.0,0.14401062120876934,0.030396018820996216,0.0,0.9891092068214198,2.6978793830204464e-26,5.642555417308458e-18,1.1379490007645707e-05,0.14961893970878667,0.024628974699071115,-3.3881317890172014e-19,0.9884369410770173,-0.016000000000000007,-0.22496061511673038,0.280236140078536,-0.055763519611231833,0.012244582720506781,-0.0016120298970701864,0.9983676183822167,-0.016000000000000007,-0.22496061511673038,0.280236140078536,-0.05519403289817528,0.011665193475387607,-0.0015357518558749713,0.9984063218248642,-0.016000000902550524,-0.22496061500304135,0.2802361410817658,-0.055194032828566615,0.011665193469469134,-0.0015357517897068135,0.9984063218288831,-0.01600004107521296,-0.2249808207285092,0.2801619768877386,-0.05121746779940995,0.008085042332083382,-0.001062468862403857,0.9986542315749838,-0.01600004107521296,-0.2249808207285092,0.2801619768877386,-0.05121746779940995,0.008085042332083382,-0.001062468862403857,0.9986542315749838,0.0011199026861710443,-0.5240252489513195,0.7203812098472,0.009574670572693863,0.30684216285405747,0.03271587623887245,0.0008142775754573454,-0.5236402524107912,0.7172709677128856,0.007209546968264053,0.2961318130327827,0.023236943013525677,0.0008142775754573454,-0.5236402524107912,0.7172709677128856,0.007209546968264053,0.2961318130327827,0.023236943013525677,0.002852349993312177,-0.0032830568571324786,0.02715981407269404,0.023701842591944685,0.08961292856127312,0.08455247759303347,-0.0006161657992909911,-0.001807597442708943,0.009292620175615069,-0.018339324294250742,0.06461573329808538,0.01349702197826289,0.0,True,False,1,True,True,0.0037794999952893704,4,1.3542498765759709e-09,1.9261125015874044e-10,`gtol` termination condition is satisfied.,True,True,0.009999999999999787,0.010801412200906468,1.0,7.686742243130652e-05,0.010754734259357758,7.686642507480136e-05,0.010754734382208428
10.52999999999982,1786132513.6016862,0.007323099998757243,0.0065455000003566965,0.01,TELEOP,0,,0.0,10.52999999999982,1053,0.0,0.0,0.0,0.14343792467879637,0.03098019246935297,0.0,0.9891742967942514,2.451434324911643e-26,5.1271209963137085e-18,1.0339995952552794e-05,0.14905430716023763,0.02520974109374856,-3.5236570605778894e-19,0.9885076036485344,-0.016000000000000007,-0.224960695828988,0.2802358388562898,-0.0560478624612474,0.012533094832928861,-0.0016500132372547689,0.9983480535884021,-0.016000000000000007,-0.224960695828988,0.2802358388562898,-0.05547638293642724,0.011952189497814238,-0.0015735355990250854,0.9983872195136605,-0.01600000089643504,-0.2249606957146899,0.2802358398607372,-0.055476382866724176,0.011952189491912023,-0.0015735355332795113,0.9983872195177078,-0.016000129564785397,-0.22497957653353792,0.2801663829544721,-0.0515472206590459,0.008393004037097496,-0.0011044578944241982,0.9986346787981681,-0.016000129564785397,-0.22497957653353792,0.2801663829544721,-0.0515472206590459,0.008393004037097496,-0.0011044578944241982,0.9986346787981681,0.0011431308426012314,-0.5240491665552863,0.7206441690151233,0.009748416159486788,0.3076486801423361,0.03346018092565216,0.0008427078203067612,-0.5236731867802072,0.7175433576842619,0.007444444894740366,0.297033243121744,0.0240830020991849,0.0008427078203067612,-0.5236731867802072,0.7175433576842619,0.007444444894740366,0.297033243121744,0.0240830020991849,0.002843024484941639,-0.0032934369416042,0.027238997137634623,0.023489792647631753,0.09014300889613466,0.08460590856592407,-0.0009325508370538326,-0.0010380084471721257,0.007918306494058506,-0.021204994431293575,0.05300803348615516,0.005343097289060156,0.0,True,False,1,True,True,0.0033827000006567687,4,1.3511381990893639e-09,1.9216883296665755e-10,`gtol` termination condition is satisfied.,True,True,0.009999999999999787,0.010710349821274778,1.0,7.197752221237518e-05,0.01065597556991725,7.197652456628475e-05,0.010655975692561886
10.53999999999982,1786132513.609407,0.006753499998012558,0.007512999989558011,0.01,TELEOP,0,,0.0,10.53999999999982,1054,0.0,0.0,0.0,0.14286513154669872,0.03156434525326663,0.0,0.9892387205810724,2.2275014543559593e-26,4.658770320660875e-18,9.395457846255221e-06,0.14848892563388316,0.025790821046202266,-2.981555974335137e-19,0.9885777018089463,-0.016000000000000007,-0.22496076916832322,0.2802355651501645,-0.05633253862820058,0.012821754400024893,-0.0016880159902154582,0.9983283018665876,-0.016000000000000007,-0.22496076916832322,0.2802355651501645,-0.05575923808610267,0.012239467364141714,-0.0016113564476286759,0.9983679213281537,-0.016000000890280947,-0.2249607690534444,0.2802355661557188,-0.055759238016313585,0.012239467358256189,-0.0016113563823084878,0.9983679213322288,-0.016000221085100345,-0.2249782925438517,0.28017089998052536,-0.051878726625786534,0.0087020192119827,-0.001146652405089025,0.9986148195243165,-0.016000221085100345,-0.2249782925438517,0.28017089998052536,-0.051878726625786534,0.0087020192119827,-0.001146652405089025,0.9986148195243165,0.0011661698591181784,-0.524072945125991,0.7209072674860392,0.009919637003234985,0.3084565324405447,0.03420258421965759,0.0008710151422438049,-0.5237061527184621,0.7178164089760914,0.007676956828097087,0.2979388824346724,0.0249288311368758,0.0008710151422438049,-0.5237061527184621,0.7178164089760914,0.007676956828097087,0.2979388824346724,0.0249288311368758,0.0028307321937044313,-0.0032965938254870186,0.02730512918295483,0.023251193335672597,0.09056393129284615,0.08458290376909199,-0.0012292291237207937,-0.0003156883882818642,0.006613204532020795,-0.023859931195916013,0.04209223967114942,-0.0023004796832079566,0.0,True,False,1,True,True,0.0037532999995164573,4,1.347937965694608e-09,1.9171323623587656e-10,`gtol` termination condition is satisfied.,True,True,0.009999999999999787,0.010615437020592089,1.0,6.699877174967713e-05,0.010554407832415597,6.699777408985143e-05,0.010554407954828626
10.54999999999982,1786132513.6162205,0.007739599997876212,0.006586699993931688,0.01,TELEOP,0,,0.0,10.54999999999982,1055,0.0,0.0,0.0,0.14229224219823916,0.03214847677932381,0.0,0.9893024781384948,2.0240243349520494e-26,4.233202398826838e-18,8.537201599945491e-06,0.14792285483088455,0.02637218382915022,-3.2526065174565133e-19,0.9886472257275406,-0.016000000000000007,-0.22496083580824186,0.2802353164466024,-0.05661751803247653,0.01311054629385037,-0.0017260361643205758,0.9983083646984425,-0.016000000000000007,-0.22496083580824186,0.2802353164466024,-0.05604255405438636,0.01252700082842159,-0.0016492109463410775,0.9983484294015594,-0.016000000884097993,-0.224960835692808,0.2802353174531623,-0.0560425539845191,0.012527000822553112,-0.001649210881448371,0.9983484294056623,-0.01600031496044633,-0.22497698088553114,0.28017548554406857,-0.05221150441517321,0.009011850760232337,-0.001189010431838012,0.9985946783389008,-0.01600031496044633,-0.22497698088553114,0.28017548554406857,-0.05221150441517321,0.009011850760232337,-0.001189010431838012,0.9985946783389008,0.0011890170609179023,-0.5240965792003315,0.7211704833782109,0.010088331216311329,0.3092656141341906,0.0349430324144137,0.0008991718673435539,-0.5237390827902088,0.71808999817695,0.007906838422481124,0.29884770966388124,0.02577371748585314,0.0008991718673435539,-0.5237390827902088,0.71808999817695,0.007906838422481124,0.29884770966388124,0.02577371748585314,0.0028156725099749633,-0.003293007174661279,0.027358920085847088,0.02298815943840422,0.09088272292088549,0.08448863489773564,-0.0015059683729468254,0.0003586650825739738,0.005379090289225983,-0.026303389726838163,0.03187916280393485,-0.009426887135634856,0.0,True,False,1,True,True,0.0033715000026859343,4,1.34466246683361e-09,1.9124610069522076e-10,`gtol` termination condition is satisfied.,True,True,0.009999999999999787,0.010517650005872292,1.0,6.197276206385521e-05,0.010450972373472197,6.197176468981415e-05,0.010450972495630753
10.55999999999982,1786132513.6236517,0.006842200004030019,0.0071767999907024205,0.01,TELEOP,0,,0.0,10.55999999999982,1056,0.0,0.0,0.0,0.14171925701924548,0.0327325866541254,-8.673617379884035e-19,0.9893655694235792,1.839134381019995e-26,3.84650912494249e-18,7.757345494704527e-06,0.14735614903161803,0.026953801495052773,-4.607859233063394e-19,0.9887161665147065,-0.016000000000000007,-0.2249608963607256,0.2802350904616565,-0.05690277334258335,0.013399456769196008,-0.001764071949978991,0.9982882434419271,-0.016000000000000007,-0.2249608963607256,0.2802350904616565,-0.05632629037243923,0.012814765872279359,-0.0016870959330832992,0.998328745702452,-0.01600000087789498,-0.22496089624476007,0.28023509146912967,-0.05632629030250106,0.012814765866428261,-0.0016870958686195326,0.9983287457065819,-0.01600041050371451,-0.22497565289010626,0.2801801004496286,-0.05254510700597124,0.009322277268686473,-0.0012314917384279975,0.9985742788117241,-0.01600041050371451,-0.22497565289010626,0.2801801004496286,-0.05254510700597124,0.009322277268686473,-0.0012314917384279975,0.9985742788117241,0.0012116700242054933,-0.5241200638108774,0.7214337966167466,0.010254499037435836,0.3100758285824366,0.03568147833887678,0.0009271523247743095,-0.5237719143908423,0.7183640091002355,0.008133866416048121,0.2997587743387015,0.02661700053389503,0.0009271523247743095,-0.5237719143908423,0.7183640091002355,0.008133866416048121,0.2997587743387015,0.02661700053389503,0.002798045743075619,-0.003283160063348281,0.02740109232855191,0.022702799356700203,0.09110646748203069,0.08432830480419076,-0.00176267668993446,0.0009847111312998283,0.004217224270482388,-0.028536008170402388,0.02237445611452035,-0.016033009354488502,0.0,True,False,1,True,True,0.003315499998279847,4,1.3413238825827346e-09,1.9076914765268473e-10,`gtol` termination condition is satisfied.,True,True,0.009999999999999787,0.01041790447030938,1.0,5.693802421012457e-05,0.010346544359054601,5.6937027455703876e-05,0.010346544480938517
10.569999999999819,1786132513.6306643,0.00743759999750182,0.006750999993528239,0.01,TELEOP,0,,0.0,10.569999999999819,1057,0.0,0.0,0.0,0.14114617639561003,0.03331667448428695,-8.673617379884035e-19,0.9894279943938353,1.671133697871242e-26,3.495139389594556e-18,7.048727798616049e-06,0.1467888575908016,0.0275356486216654,-4.336808689942018e-19,0.9887845161318879,-0.016000000000000007,-0.22496095138185224,0.28023488512001643,-0.0571882797238075,0.013688473336927789,-0.0018021217029650163,0.9982679393415895,-0.016000000000000007,-0.22496095138185224,0.28023488512001643,-0.05661041007814703,0.013102740525284495,-0.001725008515393289,0.9983088720466893,-0.016000000871679868,-0.22496095126537635,0.2802348861283183,-0.05661041000814422,0.01310274051945104,-0.0017250084513593402,0.9983088720508461,-0.016000507024678503,-0.2249743190844396,0.280184708716856,-0.05287912163150085,0.009633093087258935,-0.001274057962623676,0.9985536434210038,-0.016000507024678503,-0.2249743190844396,0.280184708716856,-0.05287912163150085,0.009633093087258935,-0.001274057962623676,0.9985536434210038,0.001234126553786685,-0.5241433944420162,0.7216971887971488,0.010418142608039586,0.31088708739083193,0.036417880778898834,0.0009549328428984214,-0.5238045897473339,0.7186383328611424,0.008357838439262254,0.3006711969090377,0.027458071662968177,0.0009549328428984214,-0.5238045897473339,0.7186383328611424,0.008357838439262254,0.3006711969090377,0.027458071662968177,0.002778051812411245,-0.003267535649162267,0.027432376090695765,0.02239720232141371,0.0912422570336187,0.0841071129073164,-0.0019993930664374176,0.0015624414186013972,0.003128376214385469,-0.030559703528650006,0.013578955158800634,-0.022119189687436668,0.0,True,False,1,True,True,0.0034230000019306317,4,1.3379331465317e-09,1.9028448206545982e-10,`gtol` termination condition is satisfied.,True,True,0.009999999999999787,0.01031705424373508,1.0,5.193002405566595e-05,0.010241932030577551,5.1929028304066065e-05,0.010241932152170093
10.579999999999819,1786132513.6373096,0.006971499999053776,0.00642419999348931,0.01,TELEOP,0,,0.0,10.579999999999819,1058,0.0,0.0,0.0,0.14057300071328924,0.03390073987643882,0.0,0.9894897530072212,1.518479489580294e-26,3.1758664690228836e-18,6.404840996140707e-06,0.14622102538741827,0.028117702080861957,-3.5236570605778894e-19,0.9888522673101093,-0.016000000000000007,-0.22496100137690245,0.2802346985359489,-0.05747401460984599,0.013977584648919012,-0.0018401839292694296,0.9982474535380073,-0.016000000000000007,-0.22496100137690245,0.2802346985359489,-0.05689487942336736,0.013390904698503518,-0.0017629460485127804,0.9982888101085708,-0.016000000865459746,-0.22496100125993584,0.2802346995450025,-0.056894879353305915,0.013390904692687952,-0.0017629459849090145,0.9982888101127542,-0.016000603837885995,-0.22497298918608627,0.280189277549128,-0.05321316955551744,0.009944108305577582,-0.0013166727457501813,0.9985327934868956,-0.016000603837885995,-0.22497298918608627,0.280189277549128,-0.05321316955551744,0.009944108305577582,-0.0013166727457501813,0.9985327934868956,0.0012563846625126692,-0.5241665669897578,0.7219606430572342,0.010579265769025674,0.3116993097377028,0.03715220394507802,0.0009824917332595118,-0.5238370558883014,0.7189128679072244,0.008578572705887454,0.30158416838204494,0.028296373894355433,0.0009824917332595118,-0.5238370558883014,0.7189128679072244,0.008578572705887454,0.30158416838204494,0.028296373894355433,0.002755889036109092,-0.003246614096748695,0.0274535046082015,0.022073426662520504,0.09129714730072347,0.08383022313872743,-0.0022162776302153903,0.0020921552413572524,0.0021128517505734335,-0.03237756588932121,0.00548902671047719,-0.027688976858897728,0.0,True,False,1,True,True,0.0033141000021714717,4,1.3345002623647677e-09,1.897932259609818e-10,`gtol` termination condition is satisfied.,True,True,0.009999999999999787,0.010215890481794221,1.0,4.698118408854275e-05,0.01013787651845161,4.698018979321565e-05,0.010137876639738391
10.589999999999819,1786132513.6482272,0.006626999995205551,0.01071580000279937,0.01,TELEOP,0,,0.0,10.589999999999819,1059,0.0,0.0,0.0,0.13999973035830376,0.034484782437226434,-8.673617379884037e-19,0.989550845222144,1.3797698910704907e-26,2.885758393239331e-18,5.819772025698989e-06,0.14565269323356156,0.02869994082860198,-3.7947076036992655e-19,0.9889194134762674,-0.016000000000000007,-0.22496104680500012,0.2802345289959803,-0.05775995749531529,0.014266780393514578,-0.0018782572713370825,0.9982267870764465,-0.016000000000000007,-0.22496104680500012,0.2802345289959803,-0.05717966760402514,0.013679240030436177,-0.0018009061151044055,0.9982685614312651,-0.016000000859241043,-0.22496104668756017,0.28023453000571497,-0.057179667533910315,0.01367924002463867,-0.0018009060519307177,0.9982685614354746,-0.01600070027007144,-0.22497167210383687,0.280193777283777,-0.05354690565034767,0.010255148634203943,-0.0013593018435044725,0.998511749114782,-0.01600070027007144,-0.22497167210383687,0.280193777283777,-0.05354690565034767,0.010255148634203943,-0.0013593018435044725,0.998511749114782,0.0012784425524391225,-0.5241895777249268,0.7222241439571888,0.01073787387626482,0.31251242175094773,0.03788441698376068,0.0010098092634459252,-0.5238692645858315,0.7191875200053688,0.008795907597310398,0.3024969495473634,0.02913140123902573,0.0010098092634459252,-0.5238692645858315,0.7191875200053688,0.008795907597310398,0.3024969495473634,0.02913140123902573,0.002731753018641398,-0.003220869753009481,0.02746520981443776,0.02173348914229475,0.09127811653184568,0.08350273446703158,-0.0024136017467694623,0.002574434373921443,0.0011705206236260874,-0.033993752022576026,-0.0019030768877791038,-0.03274886716958629,0.0,True,False,1,True,True,0.0057567000039853156,4,1.3310339712210805e-09,1.8929695750272313e-10,`gtol` termination condition is satisfied.,True,True,0.009999999999999787,0.010115141355657886,1.0,4.212093294215555e-05,0.010035052186087117,4.2119940658123796e-05,0.010035052307056848
10.599999999999818,1786132513.6578798,0.011093500012066215,0.009274299998651259,0.01,TELEOP,0,,0.0,10.599999999999818,1060,0.0,0.0,0.0,0.13942636571673786,0.03506880177331067,0.0,0.9896112709974593,1.2537310944060709e-26,2.6221510209506363e-18,5.288147976595889e-06,0.14508389824595183,0.02928234571410977,-3.3881317890172014e-19,0.9889859486864502,-0.016000000000000007,-0.22496108808332874,0.2802343749431606,-0.058046089747230946,0.014556051200564067,-0.0019163404955642696,0.9982059409148035,-0.016000000000000007,-0.22496108808332874,0.2802343749431606,-0.05746474651148725,0.013967729744562169,-0.0018388865064973663,0.9982481274365456,-0.016000000853029477,-0.22496108796543154,0.2802343759535125,-0.05746474644132402,0.01396772973878289,-0.001838886443753238,0.998248127440781,-0.016000795667015205,-0.2249703759431365,0.28019818132572605,-0.053880017795046024,0.01056605519820597,-0.001401913217671268,0.9984905291485164,-0.016000795667015205,-0.2249703759431365,0.28019818132572605,-0.053880017795046024,0.01056605519820597,-0.001401913217671268,0.9984905291485164,0.0013002985975823366,-0.5242124232594717,0.7224876773675072,0.010893973633314078,0.31332635593212427,0.038614493528165386,0.0010368676198260847,-0.5239011722715788,0.7194622021881271,0.009009701150809232,0.3034088698265772,0.02996269777920364,0.0010368676198260847,-0.5239011722715788,0.7194622021881271,0.009009701150809232,0.3034088698265772,0.02996269777920364,0.002705835638016012,-0.0031907685747310593,0.027468218275830725,0.02137935534988386,0.09119202792138693,0.0831296540177926,-0.0025917380625386367,0.0030101178278422558,0.0003008461392964869,-0.035413379241089574,-0.008608861045875452,-0.037308044923898186,0.0,True,False,1,True,True,0.005204800007049926,4,1.3275428479448173e-09,1.8879666532017227e-10,`gtol` termination condition is satisfied.,True,True,0.009999999999999787,0.010015472203584341,1.0,3.73757854729725e-05,0.009934067456767724,3.7374795903224543e-05,0.009934067577411469
10.609999999999818,1786132513.664753,0.009547099994961172,0.006600199994863942,0.01,TELEOP,0,,0.0,10.609999999999818,1061,0.0,0.0,0.0,0.13885290717473933,0.035652797491368,0.0,0.9896710302924718,1.1392056510677554e-26,2.382623574024976e-18,4.805086746562533e-06,0.1445146741835306,0.029864899306509374,-2.303929616531697e-19,0.9890518675656197,-0.016000000000000007,-0.22496112559096262,0.2802342349627653,-0.05833239443372223,0.014845388555148614,-0.0019544324809406552,0.9981849159308874,-0.016000000000000007,-0.22496112559096262,0.2802342349627653,-0.05775009050372624,0.014256358517755523,-0.0018768852053638572,0.9982275094338718,-0.016000000846830183,-0.2249611254726227,0.2802342359736757,-0.057750090433518884,0.014256358511994595,-0.001876885143048396,0.9982275094381329,-0.01600088939978937,-0.2249691080160514,0.2802024660662859,-0.054212226111230895,0.010876684250896697,-0.0014444771086302697,0.9984691511337012,-0.01600088939978937,-0.2249691080160514,0.2802024660662859,-0.054212226111230895,0.010876684250896697,-0.0014444771086302697,0.9984691511337012,0.0013219513281468843,-0.524235100515668,0.7227512303645179,0.011047572939900038,0.3141410506247808,0.03934241128670934,0.0010636508611490143,-0.5239327399296534,0.719736834662436,0.009219830462274071,0.30431932578251075,0.030789856507057733,0.0010636508611490143,-0.5239327399296534,0.719736834662436,0.009219830462274071,0.30431932578251075,0.030789856507057733,0.0026783241322930113,-0.003156765807454289,0.02746324743089405,0.021012931146484386,0.09104559559335719,0.08271587278541107,-0.0027511505723001304,0.0034002767276771154,-0.0004970844936675867,-0.03664242033994836,-0.014643232802974762,-0.04137812323815373,0.0,True,False,1,True,True,0.0033755000040400773,4,1.3240338144862832e-09,1.882937553576588e-10,`gtol` termination condition is satisfied.,True,True,0.009999999999999787,0.009917486105547046,1.0,3.276946050072048e-05,0.009835466075482196,3.27684745723824e-05,0.009835466195794014
10.619999999999818,1786132513.672145,0.006816799999796785,0.00717609999992419,0.01,TELEOP,0,,0.0,10.619999999999818,1062,0.0,0.0,0.0,0.13827935511851933,0.03623676919809082,0.0,0.9897301230669352,1.0351418427884723e-26,2.164976406828561e-18,4.36615220675117e-06,0.14394505175422873,0.030447585737319986,-1.0842021724855047e-19,0.9891171652530559,-0.016000000000000007,-0.22496115967234817,0.28023410776930285,-0.0586188561684091,0.015134784719206191,-0.0019925322087310468,0.9981637129291006,-0.016000000000000007,-0.22496115967234817,0.28023410776930285,-0.058035676194863675,0.014545112358854076,-0.0019149003697324358,0.9982067086288529,-0.016000000840647753,-0.22496115955357862,0.2802341087807188,-0.058035676124616194,0.014545112353111588,-0.0019149003078444127,0.9982067086331393,-0.016000980870345186,-0.224967874855445,0.2802066107888367,-0.054543282054051685,0.011186906815528141,-0.0014869660887712932,0.9984476312909575,-0.016000980870345186,-0.224967874855445,0.2802066107888367,-0.054543282054051685,0.011186906815528141,-0.0014869660887712932,0.9984476312909575,0.0013433994161173798,-0.524257606697969,0.7230147911331466,0.011198680754842281,0.31495644952412305,0.04006815166581202,0.0010901448639934245,-0.5239639329687795,0.7200113446838213,0.00942619101370412,0.30522777932365547,0.03161251794619311,0.0010901448639934245,-0.5239639329687795,0.7200113446838213,0.00942619101370412,0.30522777932365547,0.03161251794619311,0.00264940028444107,-0.0031193039126077913,0.027451002138535244,0.020636055143005285,0.09084535411447486,0.08226614391353952,-0.002892384785194154,0.0037461894846498324,-0.001224529235880397,-0.03768760034791085,-0.020024147888233687,-0.04497288718715564,0.0,True,False,1,True,True,0.003345300006913021,4,1.3205139395268856e-09,1.8778909721664578e-10,`gtol` termination condition is satisfied.,True,True,0.009999999999999787,0.009821724842270063,1.0,2.8323052358699095e-05,0.009739728757762127,2.8322071347535682e-05,0.00973972887773845
10.629999999999818,1786132513.6803596,0.0074871999968308955,0.00790289998985827,0.01,TELEOP,0,,0.0,10.629999999999818,1063,0.0,0.0,0.0,0.13770570993435183,0.03682071650018768,0.0,0.9897885492810518,9.405840233387191e-27,1.9672108062820562e-18,3.967313462418688e-06,0.1433750588937222,0.031030390557361873,-2.0328790734103208e-19,0.9891818373530114,-0.016000000000000007,-0.22496119064046705,0.2802339921947098,-0.05890546096900857,0.015424232660332847,-0.0020306387531019003,0.9981423326465635,-0.016000000000000007,-0.22496119064046705,0.2802339921947098,-0.058321482261761225,0.014833978496703362,-0.0019529303182487196,0.9981857261311257,-0.016000000834486265,-0.22496119052127975,0.28023399320658265,-0.05832148219147726,0.014833978490979383,-0.001952930256786615,0.9981857261354374,-0.016001069516411653,-0.2249666822330103,0.2802105975630696,-0.054872967375396826,0.01149660826264943,-0.0015293550971485369,0.9984259844990317,-0.016001069516411653,-0.2249666822330103,0.2802105975630696,-0.054872967375396826,0.01149660826264943,-0.0015293550971485369,0.9984259844990317,0.0013646416621063112,-0.5242799392673092,0.7232783488766196,0.01134730697216373,0.3157725012252444,0.04079169942458306,0.00111633726103214,-0.5239947210761626,0.7202856663992079,0.009628695935559857,0.30613375563846584,0.03243036858122269,0.00111633726103214,-0.5239947210761626,0.7202856663992079,0.009628695935559857,0.30613375563846584,0.03243036858122269,0.0026192397038715975,-0.0030788107383138657,0.027432171538656087,0.020250492185574027,0.09059763148103873,0.08178506350295982,-0.0030160580569473425,0.00404931742939265,-0.001883059987915943,-0.038556295743126696,-0.024772263343613456,-0.0481080410579719,0.0,True,False,1,True,True,0.004133800001000054,4,1.3169888451455037e-09,1.8728353677829775e-10,`gtol` termination condition is satisfied.,True,True,0.009999999999999787,0.009728670200467582,1.0,2.405529285166365e-05,0.009647275177874363,2.405431860594614e-05,0.009647275297514045
10.639999999999818,1786132513.6873355,0.00812140000925865,0.006757499999366701,0.01,TELEOP,0,,0.0,10.639999999999818,1064,0.0,0.0,0.0,0.13713197200857372,0.037404639004383594,-1.7347234759768075e-18,0.9898463088954728,8.546638425675515e-27,1.787510637135247e-18,3.6049078351503714e-06,0.14280472101873268,0.03161330060675553,-2.710505431213761e-19,0.9892458798900853,-0.016000000000000007,-0.22496121877971056,0.28023388717762326,-0.05919219612887005,0.0157137259871034,-0.002068751272606128,0.9981207757587334,-0.016000000000000007,-0.22496121877971056,0.28023388717762326,-0.05860748926640514,0.015122945277026352,-0.001990973516598029,0.9981645629616854,-0.016000000828349323,-0.22496121866011637,0.28023388818990924,-0.05860748919608802,0.015122945271320937,-0.0019909734555600576,0.9981645629660224,-0.016001154815687594,-0.22496553518080392,0.2802144111294137,-0.05520109297602611,0.011805687830705756,-0.0015716214559025423,0.9984042242874854,-0.016001154815687594,-0.22496553518080392,0.2802144111294137,-0.05520109297602611,0.011805687830705756,-0.0015716214559025423,0.9984042242874854,0.0013856769833607493,-0.524302095917649,0.7235418937327065,0.011493462309240336,0.31658915880723754,0.0415130423589707,0.0011422173730560221,-0.5240250780554409,0.7205597406614616,0.00982727521374484,0.3070368408934918,0.033243139120123055,0.0011422173730560221,-0.5240250780554409,0.7205597406614616,0.00982727521374484,0.3070368408934918,0.033243139120123055,0.002588011202388277,-0.0030356979278199,0.027407426225364344,0.019857927818498756,0.09030852550259919,0.08127705389003818,-0.003122850148332102,0.0043112810493966605,-0.0024745313291744606,-0.039256436707528056,-0.028910597843955176,-0.05080096129216431,0.0,True,False,1,True,True,0.0033211999980267137,4,1.3134642214724823e-09,1.8677785454576872e-10,`gtol` termination condition is satisfied.,True,True,0.009999999999999787,0.009638745586778574,1.0,1.9982990846467435e-05,0.00955846624938575,1.9982026211882504e-05,0.009558466368689912
10.649999999999817,1786132513.6946983,0.006977299999562092,0.007143000009818934,0.01,TELEOP,0,,0.0,10.649999999999817,1065,0.0,0.0,0.0,0.13655814172758401,0.03798853631742027,0.0,0.9899034018712983,7.76592272107184e-27,1.624225663903523e-18,3.2756072266556253e-06,0.14223406125719543,0.03219630389681689,-3.1170812458958252e-19,0.9893092892688659,-0.016000000000000007,-0.2249612443484913,0.28023379175363455,-0.05947905010025938,0.016003258890315016,-0.0021068690024476666,0.9980990428845561,-0.016000000000000007,-0.2249612443484913,0.28023379175363455,-0.058893679492904916,0.015412002067502767,-0.0020290285650088453,0.998143220059697,-0.01600000082224014,-0.22496124422849995,0.28023379276629323,-0.05889367942255746,0.015412002061815921,-0.002029028504392983,0.9981432200640588,-0.016001236289321846,-0.22496443801591642,0.2802180387752078,-0.05552749766278412,0.012114058097276826,-0.0016137448691557318,0.9983823628386184,-0.016001236289321846,-0.22496443801591642,0.2802180387752078,-0.05552749766278412,0.012114058097276826,-0.0016137448691557318,0.9983823628386184,0.001406504402832051,-0.5243240745545874,0.7238054166961786,0.011637158205912032,0.3174063794506736,0.042232171013079564,0.001167776135673581,-0.5240549816510233,0.7208335148187685,0.010021874850637791,0.30793667972835714,0.0340506026133717,0.001167776135673581,-0.5240549816510233,0.7208335148187685,0.010021874850637791,0.30793667972835714,0.0340506026133717,0.0025558762617559415,-0.0029903595582422378,0.027377415730693036,0.01945996368929553,0.08998388348653663,0.08074634932486592,-0.003213494063233638,0.0045338369577663015,-0.003001049467130784,-0.03979641292032347,-0.03246420160625622,-0.053070456517227235,0.0,True,False,1,True,True,0.0035266000049887225,4,1.3099444117513574e-09,1.8627306318802765e-10,`gtol` termination condition is satisfied.,True,True,0.009999999999999787,0.009552317913745723,1.0,1.6121876196393913e-05,0.009473606652185483,1.6120925910868384e-05,0.009473606771157755
10.659999999999817,1786132513.7017388,0.007494199991924688,0.006689100002404302,0.01,TELEOP,0,,0.0,10.659999999999817,1066,0.0,0.0,0.0,0.13598421947784428,0.038572408046056335,0.0,0.9899598281700779,7.056523595110797e-27,1.4758563963069916e-18,2.976387555224755e-06,0.14166310065740764,0.03277938950276095,-3.3881317890172014e-19,0.9893720622374353,-0.016000000000000007,-0.22496126758161616,0.2802337050464321,-0.059766012388315776,0.016292826089611745,-0.0021449912474544685,0.9980771345911906,-0.016000000000000007,-0.22496126758161616,0.2802337050464321,-0.059180036797999616,0.015701139170474374,-0.0020670941867602416,0.9981216982888208,-0.016000000816161538,-0.22496126746123657,0.2802337060594273,-0.05918003672762455,0.015701139164806123,-0.002067094126564264,0.9981216982932073,-0.01600131350468789,-0.22496339436791724,0.28022147020411325,-0.055852046826455067,0.01242164440813415,-0.0016557074052436572,0.9983604109981934,-0.01600131350468789,-0.22496339436791724,0.28022147020411325,-0.055852046826455067,0.01242164440813415,-0.0016557074052436572,0.9983604109981934,0.001427123039227071,-0.5243458732758678,0.7240689095471053,0.01177840673358608,0.3182241240860441,0.04294907841553966,0.0011930060215699092,-0.5240844133610353,0.7211069424819132,0.010212455989199025,0.3088329725794676,0.03485257245303134,0.0011930060215699092,-0.5240844133610353,0.7211069424819132,0.010212455989199025,0.3088329725794676,0.03485257245303134,0.0025229885896328706,-0.002943171001197417,0.02734276631448035,0.019058113856123892,0.08962928511105231,0.08019698396596597,-0.00328876721230715,0.004718855704482204,-0.003464941621268818,-0.04018498331716487,-0.0354598375484323,-0.05493653588999649,0.0,True,False,1,True,True,0.003364900010637939,4,1.306434175149067e-09,1.8576950564869666e-10,`gtol` termination condition is satisfied.,True,True,0.009999999999999787,0.009469699722316482,1.0,1.2488516263443885e-05,0.00939294756152877,1.2487589082846855e-05,0.009392947680174579
10.669999999999817,1786132513.7110226,0.0069021000090288,0.009071000007679686,0.01,TELEOP,0,,0.0,10.669999999999817,1067,0.0,0.0,0.0,0.13541020564587788,0.03915625379706771,-8.673617379884037e-19,0.9900155877538095,6.411926442848099e-27,1.3410403190437704e-18,2.7045009841559374e-06,0.14109185837807492,0.033362547466225516,-3.1170812458958252e-19,0.9894341958543706,-0.016000000000000007,-0.22496128869244297,0.28023362625975384,-0.06005307345470716,0.01658242278499768,-0.0021831173756950827,0.998055051398342,-0.016000000000000007,-0.22496128869244297,0.28023362625975384,-0.059466546474036125,0.01599034774272461,-0.0021051692176206694,0.9980999984430836,-0.016000000810116086,-0.224961288571683,0.28023362727305234,-0.05946654640363588,0.015990347737074948,-0.002105169157842167,0.9980999984474945,-0.016001386077468222,-0.22496240720871158,0.28022469740018857,-0.05617463105515395,0.012728384271041854,-0.001697493463278225,0.9983383782944579,-0.016001386077468222,-0.22496240720871158,0.28022469740018857,-0.05617463105515395,0.012728384271041854,-0.001697493463278225,0.9983383782944579,0.0014475320979550864,-0.5243674903536192,0.7243323647846592,0.011917220513408195,0.3190423570709186,0.04366375983891516,0.001217900959171996,-0.5241133582409948,0.7213799832724539,0.01039899400874272,0.3097254728630651,0.03564890027401021,0.001217900959171996,-0.5241133582409948,0.7213799832724539,0.01039899400874272,0.3097254728630651,0.03564890027401021,0.0024894937602087273,-0.0028944879959475617,0.027304079054069508,0.018653801954369945,0.08925002835975003,0.07963278209788814,-0.003349482942414393,0.004868300524985614,-0.00386872604108427,-0.04043119017539562,-0.037925675130229035,-0.05642018680778425,0.0,True,False,1,True,True,0.004948399990098551,4,1.3029370230240813e-09,1.8526778246340283e-10,`gtol` termination condition is satisfied.,True,True,0.009999999999999787,0.00939115150657649,1.0,9.10565449606802e-06,0.009316689536551796,9.104769218786821e-06,0.009316689654878536
10.679999999999817,1786132513.7181232,0.00931049999780953,0.0068614000047091395,0.01,TELEOP,0,,0.0,10.679999999999817,1068,0.0,0.0,0.0,0.13483610061826978,0.03974007317724778,0.0,0.9900706805849403,5.826211753473086e-27,1.2185393794417221e-18,2.457450687103505e-06,0.14052035186100018,0.03394576870671692,-2.5749801596530735e-19,0.9894956874589049,-0.016000000000000007,-0.2249613078748396,0.2802335546700751,-0.06034022463009765,0.016872044612791175,-0.0022212468126799234,0.9980327937822336,-0.016000000000000007,-0.2249613078748396,0.2802335546700751,-0.059753195123451064,0.016279619721812404,-0.0021432525961496266,0.9980781212523202,-0.0160000008041059,-0.22496130775370646,0.2802335556836469,-0.059753195053027744,0.01627961971618128,-0.002143252536786029,0.9980781212567557,-0.01600145367307304,-0.22496147888445148,0.2802277144879695,-0.05649516469742918,0.013034226720940177,-0.001739089725150693,0.9983162729648983,-0.01600145367307304,-0.22496147888445148,0.2802277144879695,-0.05649516469742918,0.013034226720940177,-0.001739089725150693,0.9983162729648983,0.0014677308628997536,-0.5243889242181872,0.7245957755660515,0.012053612642681824,0.31986104589365566,0.04437621258030897,0.0012424562485275738,-0.5241418047002437,0.7216526025547106,0.010581477600504574,0.31061398404685303,0.03643947377870124,0.0012424562485275738,-0.5241418047002437,0.7216526025547106,0.010581477600504574,0.31061398404685303,0.03643947377870124,0.0024555289355578324,-0.0028446459248910715,0.02726192822567315,0.018248359176185724,0.08885111837879207,0.07905735046910495,-0.003396482465089561,0.004984207105649109,-0.004215082839635765,-0.040544277818422854,-0.039890998095796125,-0.05754316287832027,0.0,True,False,1,True,True,0.0034942999918712303,4,1.299456532561426e-09,1.8476865195507135e-10,`gtol` termination condition is satisfied.,True,True,0.009999999999999787,0.009316884207853482,1.0,6.021601191451637e-06,0.00924498552799811,6.020808643118074e-06,0.009244985646015105
10.689999999999817,1786132513.7263305,0.00731989998894278,0.007748499992885627,0.01,TELEOP,0,,0.0,10.689999999999817,1069,0.0,0.0,0.0,0.1342619047816665,0.040323865793407694,0.0,0.9901251066263667,5.294000749832384e-27,1.107228618084341e-18,2.232967918598057e-06,0.1399485969879995,0.03452904494116184,-2.574980159653073e-19,0.9895565346439493,-0.016000000000000007,-0.22496132530496432,0.280233489619964,-0.060627458034620205,0.017161687605613866,-0.0022593790360937185,0.9980103621792507,-0.016000000000000007,-0.22496132530496432,0.280233489619964,-0.060039970543853585,0.016568947758471418,-0.002181343354797843,0.998056067387218,-0.01600000079813292,-0.22496132518346446,0.2802334906337819,-0.06003997047340925,0.016568947752858807,-0.0021813432958464446,0.9980560673916776,-0.01600151600742509,-0.22496061114915167,0.28023051758982026,-0.05681358438848696,0.013339131662839399,-0.0017804850941714582,0.9982941019901116,-0.01600151600742509,-0.22496061114915167,0.28023051758982026,-0.05681358438848696,0.013339131662839399,-0.0017804850941714582,0.9982941019901116,0.0014877186889420393,-0.5244101734434203,0.7248591356502903,0.012187596628754335,0.32068016090169077,0.04508643576141836,0.001266668475161954,-0.5241697442930495,0.7219247711543875,0.010759907830649118,0.3114983566379283,0.037224214505103555,0.001266668475161954,-0.5241697442930495,0.7219247711543875,0.010759907830649118,0.3114983566379283,0.037224214505103555,0.0024212226634380595,-0.002793959280578341,0.027216859967686233,0.017843023014454812,0.08843725910753006,0.07847407264023311,-0.0034306272119773843,0.005068664431273188,-0.004506825798692143,-0.04053361617309204,-0.04138592712620212,-0.058327782887185785,0.0,True,False,1,True,True,0.003939100002753548,4,1.2959957658064828e-09,1.8427222157159874e-10,`gtol` termination condition is satisfied.,True,True,0.009999999999999787,0.009247061846802629,1.0,3.4124323578188925e-06,0.009177943967537513,3.4119291043490754e-06,0.00917794408525537
10.699999999999816,1786132513.7331536,0.007977300003403798,0.006594499995117076,0.01,TELEOP,0,,0.0,10.699999999999816,1070,0.0,0.0,0.0,0.1336876185227756,0.04090763125237663,0.0,0.990178865841434,4.810405993657696e-27,1.0060858380027365e-18,2.028991179159802e-06,0.13937660822348522,0.035112368610823806,-2.8460307027744496e-19,0.9896167352317031,-0.016000000000000007,-0.2249613411428838,0.28023343051204386,-0.060914766505624336,0.017451348156044957,-0.002297513571010511,0.9979877569892793,-0.016000000000000007,-0.2249613411428838,0.28023343051204386,-0.06032686162286761,0.01685832515461543,-0.0022194406117455392,0.9980338374639848,-0.01600000079219883,-0.22496134102102297,0.28023343152608293,-0.06032686155240409,0.016858325149021275,-0.002219440553203508,0.9980338374684687,-0.0160015728471483,-0.2249598051996688,0.28023310468173274,-0.05712984755214946,0.013643069198419152,-0.001821670621610898,0.9982718711341424,-0.0160015728471483,-0.2249598051996688,0.28023310468173274,-0.05712984755214946,0.013643069198419152,-0.001821670621610898,0.9982718711341424,0.001507494995173606,-0.5244312367332874,0.7251224393464332,0.012319186329681413,0.3214996750525114,0.04579443014644733,0.0012905354226324388,-0.5241971715061787,0.722196465066536,0.01093429719785823,0.3123784851131819,0.038003075557370564,0.0012905354226324388,-0.5241971715061787,0.722196465066536,0.01093429719785823,0.3123784851131819,0.038003075557370564,0.002386694747048536,-0.002742721312917561,0.02716939121485523,0.01743893672091157,0.08801284752536306,0.07788610522670243,-0.0034527916389524393,0.005123796766078117,-0.0047468752831005745,-0.04040862935432513,-0.042441158216699935,-0.05879674135306918,0.0,True,False,1,True,True,0.0033739999926183373,4,1.2925572649718846e-09,1.8377896582331344e-10,`gtol` termination condition is satisfied.,True,True,0.009999999999999787,0.009181804263762472,1.0,2.221920616348022e-06,0.009115631904004206,2.2224165008513632e-06,0.009115632021435019
10.709999999999816,1786132513.7409403,0.006854100007330999,0.007526900008087978,0.01,TELEOP,0,,0.0,10.709999999999816,1071,0.0,0.0,0.0,0.13311324222836568,0.04149136916100206,-8.673617379884035e-19,0.9902319581939365,4.370986502892077e-27,9.141822175630991e-19,1.843647283663337e-06,0.13880439874402434,0.0356957328149107,-3.2526065174565133e-19,0.9896762872516025,-0.016000000000000007,-0.2249613555340428,0.28023337680350724,-0.06120214353203241,0.017741022983605484,-0.0023356499855470532,0.99796497857877,-0.016000000000000007,-0.2249613555340428,0.28023337680350724,-0.06061385824195184,0.017147745806520214,-0.0022575435634221764,0.9980114320486709,-0.016000000786305008,-0.22496135541182644,0.2802333778177453,-0.06061385817147057,0.01714774580094446,-0.002257543505286578,0.9980114320531789,-0.016001624009202995,-0.2249590617117157,0.280235475448674,-0.05744393089033037,0.013946018941977929,-0.0018626394224517157,0.9982495849906069,-0.016001624009202995,-0.2249590617117157,0.280235475448674,-0.05744393089033037,0.013946018941977929,-0.0018626394224517157,0.9982495849906069,0.0015270592587404929,-0.5244521129097037,0.725385681465998,0.012448395901026279,0.3223195636855472,0.0465001979763857,0.0013140559844533558,-0.5242240835446271,0.7224676651554462,0.011104668692127471,0.3132543048166947,0.038776039316525145,0.0013140559844533558,-0.5242240835446271,0.7224676651554462,0.011104668692127471,0.3132543048166947,0.038776039316525145,0.0023520561820917518,-0.0026912038448445707,0.02712000889102147,0.017037149426924535,0.08758197035128096,0.07729637591545997,-0.0034638564956784874,0.005151746807299138,-0.004938232383375931,-0.040178729398704156,-0.04308771740821199,-0.058972931124246765,0.0,True,False,1,True,True,0.004014600010123104,4,1.2891436241976942e-09,1.8328958828114563e-10,`gtol` termination condition is satisfied.,True,True,0.009999999999999787,0.009121189939329533,1.0,3.5065607491490116e-06,0.009058078155078529,3.5076114801524954e-06,0.009058078272235839
10.719999999999816,1786132513.74775,0.007753999991109595,0.006582799993338995,0.01,TELEOP,0,,0.0,10.719999999999816,1072,0.0,0.0,0.0,0.1325387762852658,0.04207507912614999,-8.673617379884037e-19,0.9902843836481178,3.971706968944925e-27,8.30673780845241e-19,1.6752341590915075e-06,0.1382319805560624,0.03627913125026126,-4.336808689942019e-19,0.9897351889203874,-0.016000000000000007,-0.22496136861060004,0.28023332800113127,-0.06148958319470054,0.0180307091047676,-0.0023737878869144508,0.9979420272835438,-0.016000000000000007,-0.22496136861060004,0.28023332800113127,-0.06090095118847083,0.01743720415278001,-0.002295651477654797,0.9979888516611631,-0.01600000078045278,-0.22496136848803272,0.280233329015548,-0.06090095111797327,0.01743720414722258,-0.0022956514199226024,0.997988851665695,-0.01600166936001424,-0.22495838087659553,0.28023763114048844,-0.05775582887097161,0.014247969331015076,-0.0019033865816895886,0.9982272470339058,-0.01600166936001424,-0.22495838087659553,0.28023763114048844,-0.05775582887097161,0.014247969331015076,-0.0019033865816895886,0.9982272470339058,0.0015464110092577017,-0.5244728009014792,0.72564885727928,0.012575239748192683,0.3231398043133574,0.04720374281826067,0.0013372300760170043,-0.5242504801170719,0.7227383568489183,0.01127105486087473,0.3141257888469749,0.039543115147845566,0.0013372300760170043,-0.5242504801170719,0.7227383568489183,0.01127105486087473,0.3141257888469749,0.039543115147845566,0.0023174091563649022,-0.0026396572444770086,0.027069169347209765,0.01663861687472612,0.08714840302802333,0.07670758313204354,-0.00346470257268502,0.005154660036756329,-0.005083954381170531,-0.03985325521984252,-0.04335673232576272,-0.05887927834164394,0.0,True,False,1,True,True,0.0033761999948183075,4,1.2857568015429844e-09,1.8280411354274533e-10,`gtol` termination condition is satisfied.,True,True,0.009999999999999787,0.00906525886885251,1.0,5.497113684094594e-06,0.009005276446273405,5.498211133275602e-06,0.009005276563171509
10.729999999999816,1786132513.7562532,0.006796400004532188,0.008289799996418878,0.01,TELEOP,0,,0.0,10.729999999999816,1073,0.0,0.0,0.0,0.13196422108036554,0.04265876075470527,8.673617379884037e-19,0.9903361421686706,3.608900699356648e-27,7.547936471823799e-19,1.5222052136985984e-06,0.13765936460289202,0.036862558156554356,-2.3039296165316974e-19,0.9897934386240812,-0.016000000000000007,-0.2249613804926417,0.2802332836567481,-0.06177708011223598,0.01832040380571188,-0.0024119269178315985,0.9979189034113669,-0.016000000000000007,-0.2249613804926417,0.2802332836567481,-0.061188132075344744,0.01772669512666375,-0.0023337636873955983,0.9979660967788776,-0.016000000774643124,-0.22496138036972754,0.2802332846713249,-0.061188132004832106,0.017726695121124555,-0.0023337636300637048,0.9979660967834333,-0.01600170881414202,-0.22495776243835736,0.28023957442928243,-0.05806555222452539,0.014548916936355093,-0.0019439090525266275,0.9982048596748242,-0.01600170881414202,-0.22495776243835736,0.28023957442928243,-0.05806555222452539,0.014548916936355093,-0.0019439090525266275,0.9982048596748242,0.0015655498237524745,-0.5244932997342655,0.7259119624752469,0.012699732483784316,0.32396037643056386,0.0479050694281144,0.0013600585470874007,-0.5242763632224878,0.7230085298292284,0.011433496887941033,0.3149929449551733,0.040304337120168926,0.0013600585470874007,-0.5242763632224878,0.7230085298292284,0.011433496887941033,0.3149929449551733,0.040304337120168926,0.002282847107039682,-0.002588310541599505,0.02701729803100383,0.016244202706630607,0.08671561081984706,0.07612219723233772,-0.003456204932522091,0.0051346702877504355,-0.005187131620593607,-0.03944141680955193,-0.04327922081762773,-0.058538589970582686,0.0,True,False,1,True,True,0.0042929999908665195,4,1.2823985159107399e-09,1.8232295296938226e-10,`gtol` termination condition is satisfied.,True,True,0.009999999999999787,0.00901401546638253,1.0,7.4543867281885354e-06,0.008957188512515916,7.455479974830254e-06,0.008957188629170101
10.739999999999815,1786132513.7630868,0.008523299999069422,0.006599899992579594,0.01,TELEOP,0,,0.0,10.739999999999815,1074,0.0,0.0,0.0,0.13138957700061452,0.04324241365357181,0.0,0.9903872337207367,3.279235945565425e-27,6.858449886875864e-19,1.3831551340347858e-06,0.13708656086184998,0.03744600826653591,-1.8973538018496325e-19,0.9898510349017032,-0.016000000000000007,-0.22496139128928433,0.2802332433631292,-0.06206462939177075,0.018610104617581193,-0.00245006675326729,0.9978956072443096,-0.016000000000000007,-0.22496139128928433,0.2802332433631292,-0.061475393267653645,0.01801621411252172,-0.0023718795849827705,0.99794316784017,-0.016000000768876976,-0.22496139116602726,0.2802332443778496,-0.06147539319712716,0.01801621410700068,-0.0023718795280480123,0.9979431678447495,-0.016001742332544165,-0.22495720573109013,0.28024130926912905,-0.058373126458218266,0.01484886577634639,-0.0019842055477931175,0.99818242431982,-0.016001742332544165,-0.22495720573109013,0.28024130926912905,-0.058373126458218266,0.01484886577634639,-0.0019842055477931175,0.99818242431982,0.001584475322079687,-0.5245136085214319,0.7261749931247737,0.012821888889471817,0.3247812613391166,0.04860418362649937,0.0013825430953949326,-0.5243017369392508,0.7232781777229539,0.011592043690540219,0.31585581247368816,0.04105976175109263,0.0013825430953949326,-0.5243017369392508,0.7232781777229539,0.011592043690540219,0.31585581247368816,0.04105976175109263,0.0022484548307532414,-0.002537371676288498,0.02696478937254891,0.015854680259918888,0.0862867518514871,0.07554246309237239,-0.0034392276286441307,0.005093886531100823,-0.005250865845492023,-0.03895224467117279,-0.042885896835997396,-0.057973413996533635,0.0,True,False,1,True,True,0.003386500000488013,4,1.2790705667776801e-09,1.8184613407684666e-10,`gtol` termination condition is satisfied.,True,True,0.009999999999999787,0.00896743147539053,1.0,9.251669091006765e-06,0.008913747141010458,9.252754167793572e-06,0.008913747257436322
10.749999999999815,1786132513.7707007,0.006809400001657195,0.007404199990560301,0.01,TELEOP,0,,0.0,10.749999999999815,1075,0.0,0.0,0.0,0.13081484443302221,0.043826037429672886,0.0,0.990437658269907,2.9796853065548066e-27,6.231946310939439e-19,1.2568069793970581e-06,0.13651357843263326,0.03802947676080417,-2.168404344971009e-19,0.9899079764305452,-0.016000000000000007,-0.22496140109967697,0.2802332067502455,-0.062352226584239015,0.018899809294002434,-0.0024882070974808945,0.9978721390409084,-0.016000000000000007,-0.22496140109967697,0.2802332067502455,-0.061762727815620436,0.018305756905918076,-0.0024099986168918323,0.9979200652474836,-0.016000000763155053,-0.22496140097608017,0.2802332077650943,-0.06176272774508101,0.0183057569004151,-0.002409998560350983,0.9979200652520868,-0.016001769920483227,-0.22495670971609186,0.2802428407588487,-0.05867859039647006,0.01514782663928673,-0.002024276425908444,0.9981599414333061,-0.016001769920483227,-0.22495670971609186,0.2802428407588487,-0.05867859039647006,0.01514782663928673,-0.002024276425908444,0.9981599414333061,0.001603187162775058,-0.5245337264557879,0.7264379456469644,0.012941723881950896,0.32560244198856747,0.0493010921854345,0.001404686181811421,-0.524326607217926,0.7235472977916746,0.01174675103869649,0.31671445929284675,0.04180946579078896,0.001404686181811421,-0.524326607217926,0.7235472977916746,0.01174675103869649,0.31671445929284675,0.04180946579078896,0.0022143086416488923,-0.0024870278675263565,0.026912006872066026,0.015470734815627515,0.0858646819158627,0.07497040396963434,-0.0034146189104349656,0.00503438087621426,-0.005278250048288495,-0.0383945444291381,-0.04220699356244015,-0.05720591227380695,0.0,True,False,1,True,True,0.0041960000089602545,4,1.275774240512786e-09,1.813742136694461e-10,`gtol` termination condition is satisfied.,True,True,0.009999999999999787,0.008925448865428454,1.0,1.0859668807193665e-05,0.008874859137386526,1.0860746761907022e-05,0.008874859253600384
10.759999999999815,1786132513.7780547,0.007683200004976243,0.007075000001350418,0.01,TELEOP,0,,0.0,10.759999999999815,1076,0.0,0.0,0.0,0.1302400237646578,0.04440963168995139,-8.673617379884037e-19,0.990487415782222,2.7074979274075153e-27,5.662672391431971e-19,1.1420004551871662e-06,0.1359404256175466,0.0386129592267365,-2.439454888092385e-19,0.9899642620128641,-0.016000000000000007,-0.22496141001391146,0.2802331734818695,-0.0626398676437467,0.019189515790668465,-0.0025263476813342724,0.9978484990381489,-0.016000000000000007,-0.22496141001391146,0.2802331734818695,-0.06205012939343987,0.01859531967718755,-0.0024481202789377863,0.9978967893702537,-0.016000000757477963,-0.2249614098899781,0.2802331744968332,-0.062050129322888524,0.01859531967170254,-0.002448120222787582,0.9978967893748807,-0.01600179162512847,-0.2249562730186696,0.2802441750085404,-0.05898199475500862,0.015445816417847848,-0.0020641235726543625,0.9981374106022594,-0.01600179162512847,-0.2249562730186696,0.2802441750085404,-0.05898199475500862,0.015445816417847848,-0.0020641235726543625,0.9981374106022594,0.0016216850393014257,-0.5245536528020573,0.7267008167783046,0.013059252482572033,0.32642390283012673,0.04999580272580685,0.0014264909475368826,-0.5243509816788237,0.723815890625409,0.011897680701199986,0.31756897890163993,0.04255354405589266,0.0014264909475368826,-0.5243509816788237,0.723815890625409,0.011897680701199986,0.31756897890163993,0.04255354405589266,0.0021804765725462107,-0.002437446089768144,0.026859283373442445,0.015092966250349912,0.08545196087931858,0.07440782651037169,-0.003383206910268219,0.004958177775821325,-0.005272349862358097,-0.03777685652776103,-0.041272103654412556,-0.05625774592626585,0.0,True,False,1,True,True,0.0036349000001791865,4,1.2725107830028089e-09,1.8090697822595602e-10,`gtol` termination condition is satisfied.,True,True,0.009999999999999787,0.00888798269572072,1.0,1.2272160021811613e-05,0.00884040820025964,1.2273232247696881e-05,0.00884040831627771
10.769999999999815,1786132513.7863436,0.007294499999261461,0.008069600007729605,0.01,TELEOP,0,,0.0,10.769999999999815,1077,0.0,0.0,0.0,0.12966511538264963,0.04499319604137007,-8.673617379884037e-19,0.990536506224171,2.460174237457232e-27,5.145400331257363e-19,1.0376812574840056e-06,0.1353671099944174,0.03919645162117832,-3.5236570605778894e-19,0.9900198905638553,-0.016000000000000007,-0.22496141811384998,0.28023314325248727,-0.06292754889065803,0.019479222246791685,-0.0025644882598500874,0.9978246874532816,-0.016000000000000007,-0.22496141811384998,0.28023314325248727,-0.06233759224346246,0.018884898938136906,-0.002486244111891281,0.9978733405475869,-0.01600000075184619,-0.22496141798958258,0.2802331442675534,-0.06233759217289994,0.01888489893266974,-0.0024862440561284178,0.9978733405522373,-0.01600180753290335,-0.22495589396434632,0.28024531901045363,-0.0592834007553829,0.01574285745889584,-0.0021037502799839997,0.9981148306025039,-0.01600180753290335,-0.22495589396434632,0.28024531901045363,-0.0592834007553829,0.01574285745889584,-0.0021037502799839997,0.9981148306025039,0.0016399686766552328,-0.524573386890066,0.7269636035444474,0.013174489790285973,0.3272456296833622,0.05068832362431149,0.0014479611336818776,-0.5243748694152801,0.7240839598404921,0.01204489962161351,0.3184194875067956,0.04329210732368507,0.0014479611336818776,-0.5243748694152801,0.7240839598404921,0.01204489962161351,0.3184194875067956,0.04329210732368507,0.002147018614499548,-0.0023887736456502397,0.026806921508321188,0.014721892041352696,0.08505086051557138,0.0738563267792427,-0.0033457958046663227,0.004867244411790538,-0.005236186512125839,-0.03710742089972238,-0.04011003637472074,-0.0551499731129005,0.0,True,False,1,True,True,0.003787299996474758,4,1.2692810337025994e-09,1.8044481013021407e-10,`gtol` termination condition is satisfied.,True,True,0.009999999999999787,0.008854923928486802,1.0,1.3490873851822459e-05,0.008810257692239601,1.34919414833777e-05,0.008810257808078346
10.779999999999815,1786132513.7933724,0.008291399994050153,0.006807199999457225,0.01,TELEOP,0,,0.0,10.779999999999815,1078,0.0,0.0,0.0,0.12909011967418516,0.04557673009091188,1.7347234759768075e-18,0.9905849295626927,2.23544299605194e-27,4.675379880524638e-19,9.428913909756139e-07,0.13479363848284817,0.039779950236550315,-1.6263032587282564e-19,0.990074861100782,-0.016000000000000007,-0.22496142547387682,0.2802331157844933,-0.06321526697806001,0.019768926968257668,-0.0026026286099939447,0.9978007044854873,-0.016000000000000007,-0.22496142547387682,0.2802331157844933,-0.06262511112528035,0.019174491511632183,-0.0025243696974746955,0.9978497190907292,-0.01600000074626014,-0.22496142534927777,0.2802331167996507,-0.06262511105470728,0.01917449150618277,-0.002524369642095841,0.9978497190954032,-0.016001817766627183,-0.22495557061426866,0.28024628051471834,-0.05958287878577878,0.016038976931733756,-0.002143161123030691,0.998092199466053,-0.016001817766627183,-0.22495557061426866,0.28024628051471834,-0.05958287878577878,0.016038976931733756,-0.002143161123030691,0.998092199466053,0.0016580378282973164,-0.5245929281085512,0.7272263032344057,0.013287450957564432,0.3280676096144964,0.05137866392907771,0.0014691010035829525,-0.5243982808035129,0.7243515117834428,0.012188479127381122,0.31926612124282516,0.04402528029558778,0.0014691010035829525,-0.5243982808035129,0.7243515117834428,0.012188479127381122,0.31926612124282516,0.04402528029558778,0.0021139869901075302,-0.002341138823284299,0.02675519429506777,0.014357950576761452,0.08466337360295487,0.07331729719027293,-0.0033031624392018764,0.004763482236594176,-0.0051727213253421256,-0.03639414645912515,-0.03874869126165223,-0.05390295889697803,0.0,True,False,1,True,True,0.0036186999932397157,4,1.2660859619429911e-09,1.7998802368171236e-10,`gtol` termination condition is satisfied.,True,True,0.009999999999999787,0.008826142176566576,1.0,1.4521118394377332e-05,0.008784253298033213,1.4522182289197884e-05,0.008784253413709074
10.789999999999814,1786132513.8008578,0.007026200008112937,0.007266000000527129,0.01,TELEOP,0,,0.0,10.789999999999814,1079,0.0,0.0,0.0,0.12851503702651082,0.046160233445580075,-1.7347234759768075e-18,0.9906326857651752,2.0312404351338326e-27,4.2482947137123794e-19,8.567603713350531e-07,0.134220017404415,0.040363451670060745,-3.1170812458958257e-19,0.9901291727331527,-0.016000000000000007,-0.2249614321615813,0.28023309082564035,-0.06350301886129571,0.02005862841232329,-0.002640768528659859,0.9977765503174026,-0.016000000000000007,-0.2249614321615813,0.28023309082564035,-0.06291268126929883,0.019464094503832442,-0.0025624966547066422,0.9978259252853416,-0.01600000074072007,-0.22496143203665264,0.2802330918408793,-0.06291268119871606,0.01946409449840065,-0.0025624965997084487,0.997825925290039,-0.016001822482498308,-0.22495530079963533,0.28024706791036963,-0.059880507113247654,0.01633420621743077,-0.002182361836412942,0.9980695145489226,-0.016001822482498308,-0.22495530079963533,0.28024706791036963,-0.059880507113247654,0.01633420621743077,-0.002182361836412942,0.9980695145489226,0.001675892273382109,-0.5246122758995556,0.7274889133769704,0.013398151169008872,0.32888983082533124,0.05206683328322115,0.001489915268143654,-0.5244212273197822,0.7246185552422137,0.012328494174623847,0.32010903348406405,0.04475319963780161,0.001489915268143654,-0.5244212273197822,0.7246185552422137,0.012328494174623847,0.32010903348406405,0.04475319963780161,0.0020814264560702067,-0.002294651626929147,0.02670434587709518,0.014001504724272832,0.08429122412389341,0.07279193422138447,-0.0032560534037324364,0.004648719635515256,-0.005084841797259177,-0.0356445852488628,-0.03721494790614617,-0.052536296888846284,0.0,True,False,1,True,True,0.0038216999964788556,4,1.2629265616140292e-09,1.79536094757003e-10,`gtol` termination condition is satisfied.,True,True,0.009999999999999787,0.008801488371671218,1.0,1.5370144074392397e-05,0.008762225562608757,1.537120487464955e-05,0.008762225678137356
10.799999999999814,1786132513.8080473,0.007487099996069446,0.006969200010644272,0.01,TELEOP,0,,0.0,10.799999999999814,1080,0.0,0.0,0.0,0.12793986782693137,0.04674370571239866,1.7347234759768075e-18,0.9906797747994556,1.8456913070964377e-27,3.8602227916785514e-19,7.784972312469137e-07,0.13364625253736437,0.04094695279573874,-1.6263032587282567e-19,0.9901828246538428,-0.016000000000000007,-0.22496143823837864,0.2802330681467239,-0.06379080177028523,0.02034832517371777,-0.0026789078308404224,0.997752225116518,-0.016000000000000007,-0.22496143823837864,0.2802330681467239,-0.06320029833440943,0.01975370527884886,-0.0026006246365657755,0.9978019593935952,-0.016000000735226175,-0.22496143811312233,0.280233069162035,-0.06320029826381725,0.019753705273434587,-0.00260062458194487,0.997801959398316,-0.01600182186696256,-0.22495508215498072,0.2802476901120385,-0.06017637065171023,0.016628580321550422,-0.002221359190857898,0.9980467725988712,-0.01600182186696256,-0.22495508215498072,0.2802476901120385,-0.06017637065171023,0.016628580321550422,-0.002221359190857898,0.9980467725988712,0.0016935318142525788,-0.5246314297533425,0.7277514317191723,0.013506605622359915,0.32971228255190455,0.05275284185559836,0.0015104090144500537,-0.5244437213654843,0.724885101166066,0.012465022630761179,0.32094839226817085,0.045476012105787875,0.0015104090144500537,-0.5244437213654843,0.724885101166066,0.012465022630761179,0.32094839226817085,0.045476012105787875,0.002049374630639999,-0.0022494045702130326,0.02665459238522516,0.013652845613733484,0.08393587841068041,0.07228124679862796,-0.0032051825430208336,0.004524705671611542,-0.004975349187002146,-0.034865911053935564,-0.03553457132129979,-0.051068742275652,0.0,True,False,1,True,True,0.003537600001436658,4,1.2598028879345166e-09,1.7908988545049603e-10,`gtol` termination condition is satisfied.,True,True,0.009999999999999787,0.008780797341267188,1.0,1.6046398465186965e-05,0.008743992304367117,1.6047456653681378e-05,0.008743992419764415
10.809999999999814,1786132513.8274236,0.018509399989852682,0.007834999996703118,0.01,TELEOP,0,,0.0,10.809999999999814,1081,0.0,0.0,0.0,0.12736461246281,0.04732714649841256,0.0,0.9907261966338208,1.6770916638762694e-27,3.507600344509293e-19,7.073832566716597e-07,0.13307234916631175,0.041530450739030465,-2.168404344971009e-19,0.9902358161310731,-0.016000000000000007,-0.22496144376007393,0.2802330475394765,-0.06407861318438005,0.02063801597201829,-0.0027170463479647728,0.9977277290364583,-0.016000000000000007,-0.22496144376007393,0.2802330475394765,-0.06348795836941262,0.020043321435625237,-0.002638753326947048,0.9977778216560997,-0.01600000072977859,-0.22496144363449155,0.2802330485548518,-0.06348795829881164,0.020043321430228363,-0.002638753272700057,0.9977778216608438,-0.016001816133509265,-0.22495491215017369,0.2802481564526032,-0.060470559789363915,0.016922137312250306,-0.0022601608710866726,0.9980239698225606,-0.016001816133509265,-0.22495491215017369,0.2802481564526032,-0.060470559789363915,0.016922137312250306,-0.0022601608710866726,0.9980239698225606,0.0017109562741802465,-0.5246503892037878,0.7280138562066076,0.013612829511675532,0.33053495497204916,0.053436700278128156,0.001530587637867935,-0.5244657761006996,0.7251511623951565,0.012598144596671194,0.3217843778390457,0.04619387275819431,0.001530587637867935,-0.5244657761006996,0.7251511623951565,0.012598144596671194,0.3217843778390457,0.04619387275819431,0.0020178623417881894,-0.0022054735215171393,0.026606122909054775,0.01331219659100178,0.08359855708748365,0.07178606524064528,-0.003151228885181049,0.004393104869589445,-0.00484694761703853,-0.03406490227317118,-0.033732132319676374,-0.04951815579826898,0.0,True,False,1,True,True,0.004182100004982203,4,1.256715875270275e-09,1.7864900742430284e-10,`gtol` termination condition is satisfied.,True,True,0.009999999999999787,0.0087638902837337,1.0,1.6559122940732137e-05,0.008729360899962854,1.6560178884402483e-05,0.008729361015243681
10.819999999999814,1786132513.8349345,0.008055900005274452,0.007290499997907318,0.01,TELEOP,0,,0.0,10.819999999999814,1082,0.0,0.0,0.0,0.12678927132156795,0.04791055541068791,0.0,0.9907719512370066,1.5238932091347348e-27,3.187189144451388e-19,6.427653866412844e-07,0.13249831212739785,0.04211394285372336,-1.8973538018496328e-19,0.9902881465011606,-0.016000000000000007,-0.22496144877737456,0.2802330288146556,-0.06436645080951832,0.02092769964018319,-0.0027551839263889595,0.9977030622181572,-0.016000000000000007,-0.22496144877737456,0.2802330288146556,-0.06377565777786617,0.02033294078685189,-0.002676882437885678,0.9977535122936791,-0.016000000724377367,-0.2249614486514676,0.28023302983008774,-0.06377565770725674,0.020332940781472287,-0.0026768823840092166,0.9977535122984464,-0.016001805519433285,-0.22495478812100744,0.2802484765820394,-0.06076316927843674,0.017214917785398753,-0.002298775355822701,0.9980011019516689,-0.016001805519433285,-0.22495478812100744,0.2802484765820394,-0.06076316927843674,0.017214917785398753,-0.002298775355822701,0.9980011019516689,0.0017281654953246993,-0.5246691538242049,0.728276184965496,0.013716838012447493,0.33135783912110967,0.05411841958907811,0.0015504567777888873,-0.5244874052866155,0.7254167534007836,0.012727941769698265,0.32261718031569525,0.04690694326478135,0.0015504567777888873,-0.5244874052866155,0.7254167534007836,0.012727941769698265,0.32261718031569525,0.04690694326478135,0.0019869139920952604,-0.0021629185916027366,0.026559100562702588,0.012979717302707403,0.08328024766496,0.07130705065870527,-0.0030948349692929513,0.004255492991440341,-0.004702234635218985,-0.0332479288294385,-0.0318309422523645,-0.047901458194002496,0.0,True,False,1,True,True,0.0037569999985862523,4,1.2536656354379625e-09,1.7821374153031863e-10,`gtol` termination condition is satisfied.,True,True,0.009999999999999787,0.008750577133003479,1.0,1.6918099688210987e-05,0.008718130438774006,1.6919153667008224e-05,0.008718130553952838
10.829999999999814,1786132513.842657,0.007513100004871376,0.007499600003939122,0.01,TELEOP,0,,0.0,10.829999999999814,1083,0.0,0.0,0.0,0.12621384479068407,0.0484939320563123,1.7347234759768075e-18,0.9908170385781984,1.384689079832126e-27,2.8960467683868595e-19,5.840502159733778e-07,0.13192414584931755,0.04269742670098541,-1.3552527156068805e-19,0.9903398151619686,-0.016000000000000007,-0.2249614533363559,0.28023301180030574,-0.06465431255747113,0.021217375114136842,-0.0027933204260247708,0.9976782247909315,-0.016000000000000007,-0.2249614533363559,0.28023301180030574,-0.06406339328606238,0.02062256133973987,-0.0027150117070260235,0.9977290315090039,-0.016000000719022522,-0.22496145321012548,0.2802330128157881,-0.06406339321544502,0.020622561334377412,-0.002715011653516719,0.9977290315137946,-0.016001790282598446,-0.22495470729827963,0.28024866037263785,-0.06105429718956861,0.01750696435804218,-0.0023372118007000155,0.9979781643075428,-0.016001790282598446,-0.22495470729827963,0.28024866037263785,-0.06105429718956861,0.01750696435804218,-0.0023372118007000155,0.9979781643075428,0.001745159336893209,-0.5246877232235645,0.7285384162863047,0.01381864626846095,0.33218092681509925,0.054798011181778704,0.0015700222571546512,-0.5245086231371563,0.7256818900370912,0.01285449684843671,0.32344699749220324,0.04761539031190973,0.0015700222571546512,-0.5245086231371563,0.7256818900370912,0.01285449684843671,0.32344699749220324,0.04761539031190973,0.001956547936576435,-0.0021217850540726263,0.026513663630755895,0.012655507873844769,0.08298171765079945,0.07084470471283912,-0.003036605551882614,0.004113353753011119,-0.004543693194669456,-0.03242094288626409,-0.02985300141605541,-0.046234594586616495,0.0,True,False,1,True,True,0.004255599997122772,4,1.2506526009641917e-09,1.7778373380323333e-10,`gtol` termination condition is satisfied.,True,True,0.009999999999999787,0.008740658805414414,1.0,1.7133473080205652e-05,0.008710093746158467,1.7134525308331203e-05,0.008710093861248741
10.839999999999813,1786132513.849804,0.007722399997874163,0.006924399989657104,0.01,TELEOP,0,,0.0,10.839999999999813,1084,0.0,0.0,0.0,0.1256383332576949,0.04907727604239503,0.0,0.9908614586270308,1.2582009266220285e-27,2.631499576761907e-19,5.306985458276804e-07,0.1313498543905989,0.043280900030325836,-1.2197274440461925e-19,0.990390821566988,-0.016000000000000007,-0.22496145747888438,0.2802329963401789,-0.06494219652698865,0.02150704142330991,-0.002831455719094328,0.997653216873467,-0.016000000000000007,-0.22496145747888438,0.2802329963401789,-0.06435116191386173,0.020912181278496315,-0.0027531408953144184,0.9977043794880937,-0.01600000071371396,-0.22496145735233167,0.28023299735570556,-0.06435116184323665,0.02091218127315088,-0.0027531408421688883,0.9977043794929076,-0.016001770698234764,-0.22495466683527887,0.2802487178307074,-0.061344043932483175,0.01779832119125983,-0.0023754799247633347,0.9979551518640051,-0.016001770698234764,-0.22495466683527887,0.2802487178307074,-0.061344043932483175,0.01779832119125983,-0.0023754799247633347,0.9979551518640051,0.001761937673480987,-0.5247060970430669,0.7288005486088232,0.01391826938021396,0.3330042105806777,0.05547548675826733,0.001589290025853312,-0.5245294441800541,0.725946589304899,0.012977892979862071,0.3242740327726722,0.04831938410821044,0.001589290025853312,-0.5245294441800541,0.725946589304899,0.012977892979862071,0.3242740327726722,0.04831938410821044,0.0019267768698661323,-0.002082104289782289,0.026469926780784567,0.012339613142536357,0.08270352804689565,0.07039937963007309,-0.002977106671030304,0.00396807642903384,-0.004373684997133054,-0.03158947313084182,-0.027818960390380242,-0.0445325082766037,0.0,True,False,1,True,True,0.0036988999927416444,4,1.2476768804100768e-09,1.7735949110131008e-10,`gtol` termination condition is satisfied.,True,True,0.009999999999999787,0.008733929322896017,1.0,1.7215612139299906e-05,0.00870503927550052,1.721666277919573e-05,0.0087050393905152
10.849999999999813,1786132513.857446,0.007144899995182641,0.007421799993608147,0.01,TELEOP,0,,0.0,10.849999999999813,1085,0.0,0.0,0.0,0.12506273711019408,0.04966058697606744,0.0,0.990905211353588,1.1432671744218968e-27,2.3911181608283574e-19,4.822204320603578e-07,0.13077544147347422,0.04386436076230113,-9.486769009248165e-20,0.9904411652199906,-0.016000000000000007,-0.22496146124300212,0.28023298229230026,-0.06523010098667134,0.021796697682047162,-0.0028695896889989075,0.9976280385747199,-0.016000000000000007,-0.22496146124300212,0.28023298229230026,-0.06463896094813334,0.021201798948354538,-0.0027912697848966944,0.9976795564016971,-0.016000000708451565,-0.22496146111612808,0.2802329833078658,-0.06463896087750086,0.021201798943026,-0.002791269732111572,0.9976795564065343,-0.01600174705579831,-0.2249546638336103,0.2802486590148229,-0.06163251134403304,0.018089033543163064,-0.002413589901167294,0.9979320593079927,-0.01600174705579831,-0.2249546638336103,0.2802486590148229,-0.06163251134403304,0.018089033543163064,-0.002413589901167294,0.9979320593079927,0.0017785003935734958,-0.524724274953043,0.7290625805085508,0.014015722394731417,0.3338276835913374,0.05615085828740702,0.0016082661080473635,-0.5245498831275228,0.7262108691281927,0.01309821324904969,0.3250984932437872,0.04901909699217496,0.0016082661080473635,-0.5245498831275228,0.7262108691281927,0.01309821324904969,0.3250984932437872,0.04901909699217496,0.001897608219405194,-0.0020438947468760394,0.026427982329366273,0.012032026918762047,0.0824460471115052,0.06997128839645352,-0.002916865046093899,0.0038209542906250255,-0.004194445141829546,-0.030758622377431724,-0.02574809353904593,-0.042809123361957704,0.0,True,False,1,True,True,0.0034949999972013757,4,1.2447385099491753e-09,1.7694075423428606e-10,`gtol` termination condition is satisfied.,True,True,0.009999999999999787,0.008730177808005501,1.0,1.7174998319851647e-05,0.008702752869753822,1.7176047492180642e-05,0.00870275298470483
10.859999999999813,1786132513.8645933,0.007685500007937662,0.006882600006065331,0.01,TELEOP,0,,0.0,10.859999999999813,1086,0.0,0.0,0.0,0.12448705673583235,0.05024386446448308,-1.734723475976807e-18,0.9909482967284037,1.0388323553534283e-27,2.1726950327229678e-19,4.381706859027961e-07,0.13020091051465493,0.044447806972806765,-2.981555974335137e-19,0.9904908456701975,-0.016000000000000007,-0.2249614646632761,0.280232969527664,-0.06551802435940983,0.022086343081803777,-0.0029077222292915655,0.9976026899947443,-0.016000000000000007,-0.2249614646632761,0.280232969527664,-0.0649267879185737,0.021491412841024588,-0.0028293981772027138,0.9976545624065617,-0.01600000070323522,-0.22496146453608146,0.28023297054326374,-0.06492678784793388,0.021491412835712823,-0.0028293981247746367,0.997654562411422,-0.016001719655919018,-0.22495469536731444,0.2802484939606302,-0.061919801844156956,0.01837914735253325,-0.002451552252598811,0.9979088810977318,-0.016001719655919018,-0.22495469536731444,0.2802484939606302,-0.061919801844156956,0.01837914735253325,-0.002451552252598811,0.9979088810977318,0.0017948473981984428,-0.5247422566501442,0.7293245106842999,0.014111020296635652,0.3346513396092787,0.05682413796707663,0.0016269565534624043,-0.5245699547566096,0.7264747481436848,0.013215540211413242,0.3259205878865141,0.04971470214257925,0.0016269565534624043,-0.5245699547566096,0.7264747481436848,0.013215540211413242,0.3259205878865141,0.04971470214257925,0.0018690445415041224,-0.0020071629086789804,0.0263879015492158,0.011732696236355467,0.0822094642726933,0.06956051504043079,-0.0028563677901072212,0.0036731838197059854,-0.004008078015047279,-0.029933068240658566,-0.023658283881190907,-0.04107733560227422,0.0,True,False,1,True,True,0.003626499994425103,4,1.2418377608818195e-09,1.7652790170740244e-10,`gtol` termination condition is satisfied.,True,True,0.009999999999999787,0.008729190347550209,1.0,1.7022130620403783e-05,0.008703019393720856,1.7023178411122345e-05,0.008703019508619455
10.869999999999813,1786132513.8721566,0.0071081999922171235,0.007338800001889467,0.01,TELEOP,0,,0.0,10.869999999999813,1087,0.0,0.0,0.0,0.12391129252231715,0.050827108114818095,0.0,0.9909907147224607,9.439374160942256e-28,1.9742243535065179e-19,3.98144785645667e-07,0.1296262646532933,0.045031236878809264,-2.981555974335137e-19,0.9905398625079149,-0.016000000000000007,-0.22496146777111567,0.2802329579290488,-0.06580596520824854,0.022375976884057413,-0.0029458532427439907,0.9975771712254482,-0.016000000000000007,-0.22496146777111567,0.2802329579290488,-0.06521464057569452,0.021781021581440903,-0.002867525891201662,0.9976293976465986,-0.016000000698064717,-0.22496146764360112,0.28023295894467826,-0.06521464050504773,0.021781021576145778,-0.0028675258391272908,0.9976293976514821,-0.01600168880745894,-0.22495475850524482,0.280248232612175,-0.06220601765979037,0.01866870885334711,-0.002489377751865599,0.9978856115182078,-0.01600168880745894,-0.22495475850524482,0.280248232612175,-0.06220601765979037,0.01866870885334711,-0.002489377751865599,0.9978856115182078,0.0018109785997098263,-0.5247600418548033,0.7295863379469043,0.014204178000331823,0.33547517293247103,0.05749533819004646,0.0016453673926362432,-0.5245896737992322,0.7267382455037417,0.013329955467113989,0.3267405259273885,0.0504063723918906,0.0016453673926362432,-0.5245896737992322,0.7267382455037417,0.013329955467113989,0.3267405259273885,0.0504063723918906,0.0018410839173839337,-0.0019719042622569002,0.026349736005683553,0.011441525570074865,0.08199380408743893,0.06916702493113601,-0.002796062412018939,0.00352586464220811,-0.003816554353224643,-0.029117066628060812,-0.021566018525436458,-0.039349010929478484,0.0,True,False,1,True,True,0.003417200001422316,4,1.2389743824530663e-09,1.761203700574987e-10,`gtol` termination condition is satisfied.,True,True,0.009999999999999787,0.008730751722764551,1.0,1.6767443741142857e-05,0.008705624238739506,1.676849020531803e-05,0.008705624353595573
10.879999999999812,1786132513.8828304,0.007662400006665848,0.010350000011385418,0.01,TELEOP,0,,0.0,10.879999999999812,1088,0.0,0.0,0.0,0.12333544485741225,0.05141031753427135,0.0,0.9910324653071915,8.577109106305259e-28,1.7938835129997705e-19,3.6177516178349184e-07,0.12905150677638724,0.045614648825386746,-2.168404344971009e-19,0.9905882153605912,-0.016000000000000007,-0.22496147059506108,0.2802329473899411,-0.06609392222354402,0.02266559841387082,-0.002983982640499009,0.9975514823512872,-0.016000000000000007,-0.22496147059506108,0.2802329473899411,-0.06550251687078816,0.02207062391569409,-0.0029056527618132343,0.9976040622539546,-0.016000000692939827,-0.2249614704672272,0.28023294840559665,-0.06550251680013458,0.022070623910415477,-0.0029056527100892442,0.997604062258861,-0.0160016548246997,-0.2249548503316885,0.28024788475967904,-0.062491260116304174,0.01895776422021126,-0.0025270773280155158,0.9978622447337235,-0.0160016548246997,-0.2249548503316885,0.28024788475967904,-0.062491260116304174,0.01895776422021126,-0.0025270773280155158,0.9978622447337235,0.0018268939206936006,-0.5247776303089328,0.7298480612089292,0.014295210343197298,0.3362991783464367,0.05816447151320522,0.0016635045961015493,-0.5246090548418424,0.7270013806928576,0.013441539277034696,0.32755851532887786,0.051094279142101795,0.0016635045961015493,-0.5246090548418424,0.7270013806928576,0.013441539277034696,0.32755851532887786,0.051094279142101795,0.0018137203465306603,-0.0019381042610275788,0.02631351891159016,0.01115838099207093,0.08179894014893582,0.06879067502112095,-0.002736357085327406,0.003380000122932212,-0.0036217094093396406,-0.028314457800394096,-0.019486393850311548,-0.037634991001507294,0.0,True,False,1,True,True,0.004869199998211116,4,1.236148579916733e-09,1.757183654416563e-10,`gtol` termination condition is satisfied.,True,True,0.009999999999999787,0.00873464700508253,1.0,1.6421236850631224e-05,0.008710354701791715,1.6422282015527118e-05,0.008710354816614418
10.889999999999812,1786132513.8948724,0.010709599999245256,0.011682100011967123,0.01,TELEOP,0,,0.0,10.889999999999812,1089,0.0,0.0,0.0,0.12275951412893789,0.05199349233006479,0.0,0.991073548454478,7.793609975316523e-28,1.6300163922589224e-19,3.287278215046222e-07,0.12847663954186284,0.04619804127395806,-3.52365706057789e-19,0.9906359038892544,-0.016000000000000007,-0.2249614731610454,0.28023293781355724,-0.06638189421129866,0.022955207054045156,-0.0030221103413008493,0.9975256234498996,-0.016000000000000007,-0.2249614731610454,0.28023293781355724,-0.06579041493769582,0.02236021870004313,-0.0029437786384610685,0.9975785563499948,-0.016000000687860325,-0.2249614730328926,0.28023293882923533,-0.06579041486703556,0.022360218694780897,-0.002943778587084143,0.9975785563549244,-0.01600161802467544,-0.224954967965226,0.2802474599836506,-0.06277562899563141,0.01924635924451836,-0.0025646619782768837,0.9978387748373837,-0.01600161802467544,-0.224954967965226,0.2802474599836506,-0.06277562899563141,0.01924635924451836,-0.0025646619782768837,0.9978387748373837,0.0018425932929806844,-0.5247950217738437,0.7301096794753114,0.01438413207965985,0.33712335108036023,0.058831550629817556,0.0016813740374508517,-0.5246281122345963,0.7272641733577586,0.01355037021948024,0.3283747614174062,0.051778591381793415,0.0016813740374508517,-0.5246281122345963,0.7272641733577586,0.01355037021948024,0.3283747614174062,0.051778591381793415,0.001786944134930283,-0.0019057392753873278,0.026279266490106104,0.010883094244554716,0.08162460885283171,0.06843122396916348,-0.002677621160037785,0.003236498564025182,-0.003425242148405623,-0.02752867475162201,-0.01743312961041167,-0.03594510519574675,0.0,True,False,1,True,True,0.005861400000867434,4,1.2333600252270418e-09,1.753219964657141e-10,`gtol` termination condition is satisfied.,True,True,0.009999999999999787,0.008740663017558825,1.0,1.5993611514358157e-05,0.008717001241347585,1.599465537981921e-05,0.008717001356145235
10.899999999999812,1786132513.902156,0.012082200002623722,0.006883099995320663,0.01,TELEOP,0,,0.0,10.899999999999812,1090,0.0,0.0,0.0,0.12218350072477,0.05257663210944368,0.0,0.9911139641366519,7.081681682549821e-28,1.4811181549853138e-19,2.9869928152793317e-07,0.12790166539954598,0.04678141279159166,-2.8460307027744496e-19,0.9906829277852957,-0.016000000000000007,-0.2249614754926328,0.2802329291119546,-0.06666988008256261,0.02324480223980989,-0.0030602362707960627,0.9974995945926874,-0.016000000000000007,-0.2249614754926328,0.2802329291119546,-0.06607833307621849,0.022649804890913245,-0.0029819033837559404,0.9975528800462068,-0.01600000068282591,-0.2249614753641615,0.28023293012765216,-0.06607833300555174,0.02264980488566727,-0.0029819033327227957,0.9975528800511595,-0.01600157872466396,-0.22495510857584042,0.28024696760518275,-0.06305922195985486,0.019534539040946063,-0.002602142686038978,0.9978151958973751,-0.01600157872466396,-0.22495510857584042,0.28024696760518275,-0.06305922195985486,0.019534539040946063,-0.002602142686038978,0.9978151958973751,0.0018580766567605584,-0.5248122160283623,0.7303711918348353,0.014470957876081016,0.3379476867671294,0.05949658834454139,0.0016989814602106964,-0.5246468600098552,0.7275266431511198,0.013656524886559496,0.3291894656468191,0.052459474802640925,0.0016989814602106964,-0.5246468600098552,0.7275266431511198,0.013656524886559496,0.3291894656468191,0.052459474802640925,0.001760742275984501,-0.0018747775258869876,0.02624697933612277,0.010615466707925701,0.0814704229412924,0.06808834208475263,-0.0026201858945782775,0.0030961749500340928,-0.003228715398333598,-0.026762753662902077,-0.015418591153930582,-0.03428818844108626,0.0,True,False,1,True,True,0.00340989998949226,4,1.2306086558424994e-09,1.74931063016819e-10,`gtol` termination condition is satisfied.,True,True,0.009999999999999787,0.008748589662954054,1.0,1.54944178654769e-05,0.008725358612525465,1.5495460403713753e-05,0.00872535872730527
10.909999999999812,1786132513.9094288,0.007119000001694076,0.007037300005322322,0.01,TELEOP,0,,0.0,10.909999999999812,1091,0.0,0.0,0.0,0.12160740503284025,0.05315973647967687,0.0,0.9911537123264939,6.434786397034822e-28,1.3458214282047765e-19,2.714137811192284e-07,0.12732658661021634,0.04736476204129533,-3.6591823321385775e-19,0.9907292867675622,-0.016000000000000007,-0.22496147761123494,0.2802329212052237,-0.06695787884380637,0.023534383454000194,-0.0030983603608986067,0.997473395845349,-0.016000000000000007,-0.22496147761123494,0.2802329212052237,-0.06636626973702467,0.02293938153579257,-0.0030200268722972816,0.9975270334450282,-0.016000000677836274,-0.2249614774824456,0.2802329222209381,-0.06636626966635131,0.022939381530562717,-0.0030200268216046392,0.9975270334500039,-0.016001537239846424,-0.22495526940029775,0.28024641664226146,-0.06334213403869204,0.01982234778374726,-0.002639530345025573,0.997791501999953,-0.016001537239846424,-0.22495526940029775,0.28024641664226146,-0.06334213403869204,0.01982234778374726,-0.002639530345025573,0.997791501999953,0.001873343959780897,-0.5248292128671262,0.7306325974523796,0.014555702306343312,0.3387721814069638,0.06015959755093131,0.0017163324484320136,-0.5246653118097957,0.727788809588793,0.013760077619019533,0.3300028244943375,0.05313709101305872,0.0017163324484320136,-0.5246653118097957,0.727788809588793,0.013760077619019533,0.3300028244943375,0.05313709101305872,0.0017350988221317657,-0.001845179994056881,0.026216643767320746,0.010355273246003993,0.08133588475184074,0.06776162104178046,-0.0025643453852735704,0.002959753183010716,-0.003033556880202455,-0.02601934619217137,-0.013453818945166618,-0.03267210429721742,0.0,True,False,1,True,True,0.003835399998934008,4,1.2278943128091103e-09,1.7454600477752964e-10,`gtol` termination condition is satisfied.,True,True,0.009999999999999787,0.008758221120310272,1.0,1.4933208416749429e-05,0.008735226884398106,1.4934249570248797e-05,0.008735226999166752
10.919999999999812,1786132513.9161682,0.0072576999955344945,0.006518700000015087,0.01,TELEOP,0,,0.0,10.919999999999812,1092,0.0,0.0,0.0,0.12103122744113586,0.05374280504805705,-1.7347234759768075e-18,0.9911927929972345,5.846983503578719e-28,1.2228837453100453e-19,2.466207496933804e-07,0.1267514052629191,0.047948087773196854,-3.794707603699266e-19,0.9907749805797325,-0.016000000000000007,-0.22496147953630757,0.2802329140207549,-0.06724588958817428,0.023823950222677102,-0.0031364825492132334,0.9974470272683663,-0.016000000000000007,-0.22496147953630757,0.2802329140207549,-0.06665422350792112,0.02322894776494824,-0.0030581489895825896,0.9975010166406083,-0.01600000067289111,-0.22496147940720024,0.28023291503648357,-0.0666542234372414,0.02322894775973439,-0.003058148939227212,0.997501016645607,-0.01600149388114357,-0.2249554477558297,0.2802458157718804,-0.0636244571790073,0.020109828472124128,-0.002676835689752434,0.9977676872890746,-0.01600149388114357,-0.2249554477558297,0.2802458157718804,-0.0636244571790073,0.020109828472124128,-0.002676835689752434,0.9977676872890746,0.0018883951566293711,-0.5248460120990486,0.7308938955618668,0.014638379848078833,0.339596831334318,0.060820591211208946,0.0017334324008862582,-0.524683480822861,0.728050691920362,0.013861100278143034,0.3308150284853959,0.05381159684620662,0.0017334324008862582,-0.524683480822861,0.728050691920362,0.013861100278143034,0.3308150284853959,0.05381159684620662,0.0017099952454245062,-0.0018169013065333064,0.02618823315690082,0.010102265912350403,0.08122039910584049,0.06745058331479198,-0.002510357670725999,0.0028278687523575143,-0.002841061041992625,-0.025300733365359648,-0.011548564600025759,-0.031103772698849036,0.0,True,False,1,True,True,0.003372399994987063,4,1.2252166619168428e-09,1.7416611747588022e-10,`gtol` termination condition is satisfied.,True,True,0.009999999999999787,0.008769356912626314,1.0,1.4319199101906284e-05,0.008746412342537226,1.4320238779738468e-05,0.008746412457300007
10.929999999999811,1786132513.9234645,0.0067269999999552965,0.007090299986884929,0.01,TELEOP,0,,0.0,10.929999999999811,1093,0.0,0.0,0.0,0.12045496833769904,0.054325837421901016,-1.7347234759768075e-18,0.991231206122554,5.312875048482618e-28,1.1111761361522778e-19,2.2409250574621064e-07,0.12617612329069305,0.04853138881653388,-4.87890977618477e-19,0.9908200089879444,-0.016000000000000007,-0.22496148128552915,0.2802329074925711,-0.06753391148753998,0.0241135021111496,-0.003174602778511785,0.9974204889174512,-0.016000000000000007,-0.22496148128552915,0.2802329074925711,-0.0669421931013654,0.0235185027838892,-0.003096269631015133,0.9974748297195052,-0.01600000066799009,-0.2249614811561041,0.28023290850831195,-0.06694219303067925,0.02351850277869122,-0.003096269580993795,0.9974748297245268,-0.016001448953233306,-0.22495564105216215,0.2802451732977357,-0.06390627985421658,0.020397022723840936,-0.002714069232302518,0.9977437460026497,-0.016001448953233306,-0.22495564105216215,0.2802451732977357,-0.06390627985421658,0.020397022723840936,-0.002714069232302518,0.9977437460026497,0.0019032302080865008,-0.5248626135459156,0.7311550854598373,0.014719004879460077,0.34042163318775803,0.06147958233807656,0.0017502865087415398,-0.5247013797287476,0.7283123090127688,0.013959662053182057,0.33162626134318807,0.05448314375917463,0.0017502865087415398,-0.5247013797287476,0.7283123090127688,0.013959662053182057,0.33162626134318807,0.05448314375917463,0.0016854107855281885,-0.0017898905886656613,0.026161709240683624,0.009856177503902488,0.08112328577921638,0.06715469129680234,-0.0024584459896318154,0.0027010717867645717,-0.0026523916217195804,-0.02460884084479206,-0.009711332662411601,-0.02958920179896539,0.0,True,False,1,True,True,0.0033290999999735504,4,1.2225755679052764e-09,1.737918661577104e-10,`gtol` termination condition is satisfied.,True,True,0.009999999999999787,0.008781802848922104,1.0,1.3661237272185342e-05,0.008758728280133271,1.3662275344472607e-05,0.008758728394895034
10.939999999999811,1786132513.9305,0.007361099997069687,0.006762499993783422,0.01,TELEOP,0,,0.0,10.939999999999811,1094,0.0,0.0,0.0,0.119878628110627,0.054908833208549945,0.0,0.9912689516765819,4.827556168665896e-28,1.0096727594013944e-19,2.0362216598452051e-07,0.1256007424848606,0.04911466407237917,-3.7947076036992655e-19,0.9908643717786553,-0.016000000000000007,-0.2249614828749633,0.28023290156072217,-0.06782194378528836,0.02440303872036232,-0.0032127209962576246,0.9973937808439542,-0.016000000000000007,-0.2249614828749633,0.28023290156072217,-0.06723017734310874,0.023808045866509565,-0.003134388701001257,0.9974484727613269,-0.016000000663132865,-0.22496148274522054,0.28023290257647326,-0.06723017727241618,0.02380804586132733,-0.0031343886513107624,0.9974484727663715,-0.016001402752753156,-0.22495584680193803,0.28024449712325566,-0.0641876867312185,0.020683970596109238,-0.0027512412054002413,0.9977196725054107,-0.016001402752753156,-0.22495584680193803,0.28024449712325566,-0.0641876867312185,0.020683970596109238,-0.0027512412054002413,0.9977196725054107,0.0019178490805438788,-0.5248790170411349,0.7314161664996279,0.014797591676495069,0.34124658388256224,0.062136583978385444,0.0017668997365797307,-0.5247190206515909,0.7285736792466894,0.01405582930268528,0.3324366992582432,0.05515187731980649,0.0017668997365797307,-0.5247190206515909,0.7285736792466894,0.01405582930268528,0.3324366992582432,0.05515187731980649,0.001661322783819131,-0.0017640922843235865,0.026137023392056622,0.009616724950322434,0.08104379150551375,0.06687335606318744,-0.002408800170905808,0.0025798304342075267,-0.002468584862700199,-0.02394525535800603,-0.007949427370263404,-0.0281335233614907,0.0,True,False,1,True,True,0.00348620000295341,4,1.2199707587769704e-09,1.7342302144587926e-10,`gtol` termination condition is satisfied.,True,True,0.009999999999999787,0.008795371844569966,1.0,1.2967776489294373e-05,0.008771995681304974,1.2968812779151364e-05,0.008771995796069673
10.949999999999811,1786132513.9372232,0.006980000005569309,0.006506000005174428,0.01,TELEOP,0,,0.0,10.949999999999811,1095,0.0,0.0,0.0,0.11930220714807153,0.055491792015369676,0.0,0.9913060296338975,4.386570048975695e-28,9.174414819663839e-20,1.8502174545302914e-07,0.1250252645080104,0.049697912507033384,-3.6591823321385775e-19,0.9909080687567063,-0.016000000000000007,-0.2249614843192062,0.28023289617073416,-0.0681099857897596,0.02469255968361466,-0.0032508371541737045,0.9973669030952386,-0.016000000000000007,-0.2249614843192062,0.28023289617073416,-0.06751817516186791,0.024097576348851717,-0.0031725061121292853,0.997421945839318,-0.01600000065831904,-0.2249614841891459,0.2802328971864938,-0.06751817509116913,0.02409757634368509,-0.00317250606276647,0.9974219458443855,-0.016001355566688597,-0.22495606262959272,0.2802437947297027,-0.0644687583922951,0.020970710432674265,-0.002788361511718791,0.997695461318425,-0.016001355566688597,-0.22495606262959272,0.2802437947297027,-0.0644687583922951,0.020970710432674265,-0.002788361511718791,0.997695461318425,0.0019322517454805402,-0.5248952224285943,0.7316771380860597,0.014874154410769254,0.34207168058578497,0.06279160919848079,0.0017832768066043281,-0.524736415120982,0.7288348204252788,0.014149665427980483,0.33324651027292945,0.05581793677732093,0.0017832768066043281,-0.524736415120982,0.7288348204252788,0.014149665427980483,0.33324651027292945,0.05581793677732093,0.001637707002459766,-0.0017394469391045332,0.026114117858947985,0.009383612529520552,0.08098110146862493,0.06660594575144564,-0.0023615781359365446,0.0024645345219053726,-0.002290553310863898,-0.02331124208018875,-0.006269003688881327,-0.02674103117418017,0.0,True,False,1,True,True,0.0033481999998912215,4,1.2174018563814248e-09,1.7305933071656297e-10,`gtol` termination condition is satisfied.,True,True,0.009999999999999787,0.008809884624319031,1.0,1.2246858073317559e-05,0.008786043800458863,1.2247892345316422e-05,0.008786043915229386
10.95999999999981,1786132513.94895,0.006746799990651198,0.011486100003821775,0.01,TELEOP,0,,0.0,10.95999999999981,1096,0.0,0.0,0.0,0.11872570583823887,0.05607471344975095,-1.7347234759768075e-18,0.9913424399695295,3.985866994042287e-28,8.336353189638329e-20,1.6812043121098053e-07,0.12444969090579247,0.050281133146024636,-4.607859233063394e-19,0.9909510997435769,-0.016000000000000007,-0.2249614856315208,0.2802328912731094,-0.068398036868293,0.024982064663581535,-0.003288951207850333,0.9973398557150219,-0.016000000000000007,-0.2249614856315208,0.2802328912731094,-0.06780618557993395,0.02438709362343401,-0.0032106217844227397,0.9973952490208978,-0.016000000653548285,-0.22496148550114298,0.28023289228887593,-0.06780618550922864,0.02438709361828287,-0.0032106217353844507,0.9973952490259884,-0.01600130767094642,-0.2249562862787457,0.2802430731590728,-0.06474957110925895,0.021257278735942693,-0.0028254396793116108,0.9976711071452997,-0.01600130767094642,-0.2249562862787457,0.2802430731590728,-0.06474957110925895,0.021257278735942693,-0.0028254396793116108,0.9976711071452997,0.0019464381789930432,-0.5249112295616303,0.7319379996706182,0.01494870714758774,0.34289692069357913,0.06344467107106758,0.0017994221858795751,-0.5247535740404283,0.7290957496948562,0.014241230776998359,0.3340558537754241,0.05648145471263796,0.0017994221858795751,-0.5247535740404283,0.7290957496948562,0.014241230776998359,0.3340558537754241,0.05648145471263796,0.001614537927524727,-0.0017158919446293387,0.026092926957743588,0.009156534901787772,0.08093435024946846,0.0663517935317048,-0.0023169074935039443,0.0023554994475194968,-0.0021190901204396623,-0.022707762773278482,-0.00467512191564661,-0.02541522197408534,0.0,True,False,1,True,True,0.005838099998072721,4,1.214868455338871e-09,1.7270141101560619e-10,`gtol` termination condition is satisfied.,True,True,0.009999999999999787,0.008825170312855513,1.0,1.1506099512050775e-05,0.008800710641836634,1.1507131456446148e-05,0.008800710756615902
10.96999999999981,1786132513.9608617,0.01185799999802839,0.011539600003743544,0.01,TELEOP,0,,0.0,10.96999999999981,1097,0.0,0.0,0.0,0.1181491245693893,0.05665759711910963,0.0,0.9913781826589567,3.6217672388260367e-28,7.574846556255837e-20,1.5276301370496434e-07,0.12387402311763433,0.050864325068658844,-3.659182332138578e-19,0.9909934645758072,-0.016000000000000007,-0.22496148682395845,0.28023288682287156,-0.06868609644181663,0.02527155334960762,-0.0033270631163889596,0.9973126387436906,-0.016000000000000007,-0.22496148682395845,0.28023288682287156,-0.06809420770463324,0.024676597134092464,-0.003248735644661244,0.9973683823681555,-0.0160000006488202,-0.2249614866932631,0.2802328878386438,-0.06809420763392164,0.02467659712895669,-0.0032487355959443754,0.997368382373269,-0.016001259329111228,-0.22495651561817737,0.28024233900150863,-0.06503019666699658,0.021543710062917904,-0.002862484823021297,0.9976466048951476,-0.016001259329111228,-0.22495651561817737,0.28024233900150863,-0.06503019666699658,0.021543710062917904,-0.002862484823021297,0.9976466048951476,0.0019604083613721226,-0.5249270383020983,0.7321987507470715,0.015021263844468289,0.34372230181056695,0.06409578266344722,0.0018153400764339164,-0.524770507662849,0.7293564834770537,0.014330582576566619,0.3348648800973994,0.057142556764114755,0.0018153400764339164,-0.524770507662849,0.7293564834770537,0.014330582576566619,0.3348648800973994,0.057142556764114755,0.0015917890554341583,-0.0016933622420699328,0.02607337821974779,0.008935179956826248,0.0809026321975286,0.06611020514768028,-0.0022748872090569273,0.0022529702559406332,-0.0019548737995797594,-0.022135494496152954,-0.0031718051939852907,-0.024158838402452837,0.0,True,False,1,True,True,0.006054900004528463,4,1.2123704740051602e-09,1.7234834802090981e-10,`gtol` termination condition is satisfied.,True,True,0.009999999999999787,0.008841066918155005,1.0,1.0752690039265524e-05,0.008815843343641877,1.0753719250347508e-05,0.00881584345843128
10.97999999999981,1786132513.9681735,0.011922300007427111,0.00692880000860896,0.01,TELEOP,0,,0.0,10.97999999999981,1098,0.0,0.0,0.0,0.1175724637298369,0.05724044263088705,0.0,0.991413257678107,3.2909271563351144e-28,6.882901797171847e-20,1.3880846143268477e-07,0.12329826248647667,0.051447487403070674,-2.846030702774449e-19,0.9910351631035738,-0.016000000000000007,-0.22496148790746961,0.2802328827791528,-0.06897416397993274,0.025561025455250297,-0.0033651728420787,0.9972852522185859,-0.016000000000000007,-0.22496148790746961,0.2802328827791528,-0.06838224072056419,0.024966086371290355,-0.003286847625763017,0.9973413459383007,-0.01600000064413439,-0.22496148777645675,0.2802328837949297,-0.06838224064984622,0.024966086366169832,-0.003286847577364479,0.9973413459434372,-0.016001210791381056,-0.22495674864646373,0.28024159838693236,-0.06531070223345893,0.0218300369436495,-0.0028995056116857577,0.9976219497024007,-0.016001210791381056,-0.22495674864646373,0.28024159838693236,-0.06531070223345893,0.0218300369436495,-0.0028995056116857577,0.9976219497024007,0.0019741622767228254,-0.5249426485195332,0.7324593908474888,0.015091838349949678,0.34454782173107434,0.06474495702699885,0.00183103440805518,-0.5247872255726839,0.7296170374119183,0.014417774891263795,0.3356737302094439,0.05780136142423851,0.00183103440805518,-0.5247872255726839,0.7296170374119183,0.014417774891263795,0.3356737302094439,0.05780136142423851,0.001569433162126388,-0.0016717909834836578,0.026055393486459823,0.008719231469717858,0.08088501120445327,0.06588046601237643,-0.00223558933077708,0.00215712585862754,-0.0017984733287968943,-0.021594848710839595,-0.001762099307533784,-0.0229739135303843,0.0,True,False,1,True,True,0.0034182999952463433,4,1.2099075160297712e-09,1.720006464973736e-10,`gtol` termination condition is satisfied.,True,True,0.009999999999999787,0.008857421713167557,1.0,9.993393979111277e-06,0.008831298471368118,9.99441992399497e-06,0.008831298586168934
10.98999999999981,1786132513.979753,0.007136800006264821,0.011372300010407344,0.01,TELEOP,0,,0.0,10.98999999999981,1099,0.0,0.0,0.0,0.11699572370794947,0.05782324959255026,0.0,0.991447665003358,2.990308552190238e-28,6.254164595636119e-20,1.2612862580831083e-07,0.12272241026761822,0.052030619321728984,-2.846030702774449e-19,0.991076195189403,-0.016000000000000007,-0.22496148889200449,0.2802328791048186,-0.06926223899645312,0.025850480716048424,-0.0034032803501025852,0.9972576961742667,-0.016000000000000007,-0.22496148889200449,0.2802328791048186,-0.0686702838825397,0.025255560867853872,-0.0033249576662234583,0.99731413978408,-0.016000000639490444,-0.224961488760674,0.280232880120599,-0.06867028381181524,0.02525556086274845,-0.0033249576181401913,0.9973141397892393,-0.016001162293677214,-0.2249569834953465,0.28024085698060297,-0.06559115027307465,0.02211628982085834,-0.0029365102409323646,0.9975971369435759,-0.016001162293677214,-0.2249569834953465,0.28024085698060297,-0.06559115027307465,0.02211628982085834,-0.0029365102409323646,0.9975971369435759,0.0019876999126224705,-0.5249580600903884,0.7327199195386249,0.015160444402675598,0.34537347842207183,0.06539220718778194,0.0018465088336008333,-0.5248037366741832,0.729877426311424,0.014502858606898789,0.3364825355080724,0.058457979902709886,0.0018465088336008333,-0.5248037366741832,0.729877426311424,0.014502858606898789,0.3364825355080724,0.058457979902709886,0.0015474425545653635,-0.0016511101499325888,0.02603888995057888,0.00850837156349957,0.08088052986285155,0.06566184784713912,-0.002199060756102498,0.0020680833551069413,-0.0016503535880944542,-0.021085990621829146,-0.0004481341601713976,-0.021861816523732182,0.0,True,False,1,True,True,0.005885099992156029,4,1.2074790023920681e-09,1.7165822381926586e-10,`gtol` termination condition is satisfied.,True,True,0.009999999999999787,0.008874091521630434,1.0,9.234562883204226e-06,0.008846942225195721,9.235584857970135e-06,0.008846942340008775
10.99999999999981,1786132513.9904175,0.011737699998775497,0.010298799999873154,0.01,TELEOP,0,,0.0,10.99999999999981,1100,0.0,0.0,0.0,0.11641890489214808,0.05840601761159223,0.0,0.9914814046115376,2.717150764060097e-28,5.682861087075266e-20,1.1460706433573569e-07,0.12214646763675137,0.05261372003735522,-2.981555974335137e-19,0.9911165607070114,-0.016000000000000007,-0.22496148978660435,0.2802328757661265,-0.06955032104534407,0.026139918887496047,-0.003441385608270793,0.99722997064275,-0.016000000000000007,-0.22496148978660435,0.2802328757661265,-0.06895833650917169,0.025545020195095237,-0.0033630657096047514,0.9972867639541563,-0.016000000634887993,-0.2249614896549561,0.28023287678190956,-0.06895833643844086,0.025545020190004816,-0.003363065661833732,0.9972867639593385,-0.01600111405692263,-0.224957218431918,0.28024011998229853,-0.06587159850052206,0.02240249700936497,-0.0029735064113262746,0.9975721622511091,-0.01600111405692263,-0.224957218431918,0.28024011998229853,-0.06587159850052206,0.02240249700936497,-0.0029735064113262746,0.9975721622511091,0.0020010212598141003,-0.5249732728973483,0.7329803364186277,0.01522709563072722,0.346199270007649,0.06603754613815714,0.0018617667266441632,-0.5248200491854407,0.7301376641228265,0.014585881436674119,0.33729141768806226,0.05911251605127703,0.0018617667266441632,-0.5248200491854407,0.7301376641228265,0.014585881436674119,0.33729141768806226,0.05911251605127703,0.0015257893043330191,-0.0016312511257472815,0.026023781140255397,0.008302282977533243,0.08088821799898656,0.0654536148567159,-0.002165325023234485,0.001985902418530762,-0.0015108810323483449,-0.020608858596633126,0.0007688136135015206,-0.020823299042322177,0.0,True,False,1,True,True,0.005619100003968924,4,1.2050847516447643e-09,1.7132058531813517e-10,`gtol` termination condition is satisfied.,True,True,0.009999999999999787,0.008890942913999444,1.0,8.482158141851042e-06,0.008862650566500907,8.483175209250445e-06,0.008862650681326049
11.00999999999981,1786132513.9974456,0.010579800000414252,0.00674720000824891,0.01,TELEOP,0,,0.0,11.00999999999981,1101,0.0,0.0,0.0,0.11584200767090687,0.05898874629553219,-1.7347234759768075e-18,0.9915144764799226,2.468945309748986e-28,5.1637448361253947e-20,1.0413797128253985e-07,0.12157043569726222,0.05319678879921679,-5.149960319306147e-19,0.9911562595402551,-0.016000000000000007,-0.22496149059948456,0.28023287273241626,-0.06983840971704203,0.02642933974320254,-0.0034794885867784346,0.99720207565373,-0.016000000000000007,-0.22496149059948456,0.28023287273241626,-0.0692463979770394,0.025834463959288678,-0.0034011717040719146,0.9972592184934573,-0.016000000630326625,-0.2249614904675184,0.28023287374820116,-0.06924639790630197,0.02583446395421313,-0.003401171656610137,0.9972592184986624,-0.016001066286481482,-0.2249574518596998,0.2802393921288239,-0.06615209987177094,0.022688684673929007,-0.0030105013116181454,0.9975470215243866,-0.016001066286481482,-0.2249574518596998,0.2802393921288239,-0.06615209987177094,0.022688684673929007,-0.0030105013116181454,0.9975470215243866,0.00201412631193077,-0.5249882868287086,0.7332406411140594,0.015291805551171538,0.34702519475491006,0.06668098682932362,0.0018768111812761503,-0.5248361706377271,0.7303977639012735,0.014666887948096625,0.33810048869379494,0.059765066345644456,0.0018768111812761503,-0.5248361706377271,0.7303977639012735,0.014666887948096625,0.33810048869379494,0.059765066345644456,0.001504445463198745,-0.0016121452286488272,0.026009977844701375,0.008100651142250906,0.08090710057327087,0.06525502943674416,-0.002134384113427461,0.0019105897098454767,-0.0013803295554023986,-0.020163183528234062,0.0018882574284318175,-0.0198585419971746,0.0,True,False,1,True,True,0.003452599994488992,4,1.2027242727539493e-09,1.7098844208094163e-10,`gtol` termination condition is satisfied.,True,True,0.009999999999999787,0.00890785231958674,1.0,7.741786750886584e-06,0.00887830926869819,7.742797648782169e-06,0.008878309383535357
11.01999999999981,1786132514.0049806,0.006968099987716414,0.00731400000222493,0.01,TELEOP,0,,0.0,11.01999999999981,1102,0.0,0.0,0.0,0.11526503243275274,0.05957143525191586,0.0,0.9915468805862401,2.243412851123153e-28,4.6920486571905056e-20,9.462520603467415e-08,0.12099431548686275,0.05377982488976107,-4.336808689942018e-19,0.9911952915821848,-0.016000000000000007,-0.22496149133811,0.2802328699758286,-0.07012650463510786,0.026718743073221727,-0.0035175892579855698,0.9971740112347802,-0.016000000000000007,-0.22496149133811,0.2802328699758286,-0.06953446771538906,0.02612389179846718,-0.003439275601971088,0.997231503443495,-0.016000000625805925,-0.22496149120582587,0.28023287099161465,-0.06953446764464508,0.026123891793406375,-0.0034392755548155857,0.9972315034487229,-0.01600101917175254,-0.22495768231870014,0.2802386776995475,-0.06643270260930972,0.022974876824096976,-0.0030475016068196165,0.9975217109381114,-0.01600101917175254,-0.22495768231870014,0.2802386776995475,-0.06643270260930972,0.022974876824096976,-0.0030475016068196165,0.9975217109381114,0.0020270150652477096,-0.5250031017778171,0.7335008332771815,0.01535458756980153,0.347851251061137,0.0673225421646856,0.001891645013883052,-0.5248521078796848,0.7306577377910716,0.014745919608717985,0.33890985074326757,0.06041571991978016,0.001891645013883052,-0.5248521078796848,0.7306577377910716,0.014745919608717985,0.33890985074326757,0.06041571991978016,0.0014833832606902107,-0.001593724195768315,0.02599738897980125,0.007903166062136185,0.08093620494726363,0.06506535741357183,-0.002106220250853474,0.001842103288051273,-0.0012588864900124619,-0.019748508011472512,0.0029104373992754297,-0.018967202317233166,0.0,True,False,1,True,True,0.003953100007493049,4,1.2003972132438143e-09,1.7066102652861245e-10,`gtol` termination condition is satisfied.,True,True,0.009999999999999787,0.008924706061115117,1.0,7.018754447879695e-06,0.008893813897773755,7.019757454598417e-06,0.008893814012622169
11.02999999999981,1786132514.0163183,0.007576700008939952,0.011074800000642426,0.01,TELEOP,0,,0.0,11.02999999999981,1103,0.0,0.0,0.0,0.11468797956626513,0.06015408408831567,0.0,0.9915786169086664,2.0384822623293355e-28,4.2634408360817414e-20,8.598141020891739e-08,0.12041810798361578,0.05436282762155883,-4.87890977618477e-19,0.9912336567341906,-0.016000000000000007,-0.2249614920092637,0.28023286747104886,-0.07041460545318699,0.027008128682534792,-0.003555687596217485,0.9971457774115366,-0.016000000000000007,-0.2249614920092637,0.28023286747104886,-0.06982254520131637,0.026413303379511175,-0.0034773773594462465,0.9972036188426575,-0.016000000621325484,-0.22496149187666142,0.28023286848683554,-0.0698225451305657,0.026413303374465014,-0.0034773773125940793,0.9972036188479083,-0.01600097288590804,-0.22495790848453062,0.2802379805246737,-0.06671345025849706,0.02326109532465696,-0.0030845134308214797,0.9974962269481521,-0.01600097288590804,-0.22495790848453062,0.2802379805246737,-0.06671345025849706,0.02326109532465696,-0.0030845134308214797,0.9974962269481521,0.002039687518460094,-0.5250177176425657,0.7337609125834947,0.015415454981046251,0.34867743744212465,0.06796222499396895,0.0019062707667211636,-0.5248678670859438,0.7309175970150005,0.014823014848817623,0.33971959641847066,0.06106455864797531,0.0019062707667211636,-0.5248678670859438,0.7309175970150005,0.014823014848817623,0.33971959641847066,0.06106455864797531,0.001462575283811195,-0.0015759206258993065,0.02598592239288946,0.007709524009963914,0.08097456752030907,0.0648838728195164,-0.0020807976879016195,0.0017803569869008818,-0.0011466586911792222,-0.019364205217227506,0.0038362573045446864,-0.018148459405543823,0.0,True,False,1,True,True,0.005894099987926893,4,1.1981032047087259e-09,1.7033869258740939e-10,`gtol` termination condition is satisfied.,True,True,0.009999999999999787,0.008941400317869441,1.0,6.3181427999269e-06,0.008909069727949442,6.319135532103601e-06,0.008909069842808055
11.039999999999809,1786132514.0254097,0.011302099999738857,0.00886450000689365,0.01,TELEOP,0,,0.0,11.039999999999809,1104,0.0,0.0,0.0,0.1141108494600759,0.06073669241233112,0.0,0.9916096854258282,1.8522716100832447e-28,3.8739853507088985e-20,7.812720541525928e-08,0.1198418141114085,0.05494579633452863,-5.421010862427521e-19,0.9912713549052303,-0.016000000000000007,-0.22496149261910903,0.2802328651950751,-0.07070271185224854,0.02729749638967263,-0.00359378357758332,0.997117374207867,-0.016000000000000007,-0.22496149261910903,0.2802328651950751,-0.07011062995538825,0.026702698395502704,-0.0035154769360908754,0.9971755647264775,-0.016000000616884898,-0.2249614924861884,0.2802328662108621,-0.07011062988463101,0.02670269839047106,-0.0035154768895391346,0.9971755647317513,-0.016000927585769268,-0.2249581291666644,0.28023730399596347,-0.06699438177201852,0.023547359920308555,-0.0031215423832593446,0.9974705662950251,-0.016000927585769268,-0.2249581291666644,0.28023730399596347,-0.06699438177201852,0.023547359920308555,-0.0031215423832593446,0.9974705662950251,0.0020521436724832342,-0.5250321343249352,0.7340208787295032,0.01547442096802922,0.3495037525215715,0.06860004810801322,0.0019206907131127803,-0.5248834537697298,0.7311773518710638,0.01489820913918126,0.34052980881590056,0.06171165727007113,0.0019206907131127803,-0.5248834537697298,0.7311773518710638,0.01489820913918126,0.34052980881590056,0.06171165727007113,0.0014419946391617006,-0.0015586683785961935,0.025975485606331096,0.007519429036363868,0.08102123974299223,0.06470986220958302,-0.0020580644649494995,0.0017252247303113399,-0.0010436786558362665,-0.019009497360005016,0.004667222268316812,-0.01740106099333734,0.0,True,False,1,True,True,0.0036708999978145584,4,1.1958419611185861e-09,1.700209667688653e-10,`gtol` termination condition is satisfied.,True,True,0.009999999999999787,0.00895784102365399,1.0,5.644920383784569e-06,0.008923991597987353,5.645899488385685e-06,0.008923991712854623
11.049999999999809,1786132514.033192,0.009232199998223223,0.007414099993184209,0.01,TELEOP,0,,0.0,11.049999999999809,1105,0.0,0.0,0.0,0.11353364250286875,0.06131925983158899,0.0,0.9916400861168012,1.6830708713648255e-28,3.5201057255200084e-20,7.099046430199708e-08,0.11926543474492494,0.05552873039341656,-4.743384504624082e-19,0.9913083860111339,-0.016000000000000007,-0.2249614931732464,0.28023286312700635,-0.0709908235380773,0.027586846025465052,-0.0036318771798113957,0.9970888016460238,-0.016000000000000007,-0.2249614931732464,0.28023286312700635,-0.07039872153766404,0.026992076563321067,-0.0035535742946314276,0.9971473411278772,-0.016000000612483748,-0.2249614930400073,0.2802328641427929,-0.07039872146689993,0.026992076558303806,-0.003553574248377227,0.9971473411331737,-0.016000883411809608,-0.22495834330591763,0.28023665107962337,-0.06727553161948714,0.02383368827317539,-0.003158593530324505,0.997444726005167,-0.016000883411809608,-0.22495834330591763,0.28023665107962337,-0.06727553161948714,0.02383368827317539,-0.003158593530324505,0.997444726005167,0.002064383530273102,-0.5250463517305819,0.7342807314306877,0.015531498602757286,0.3503301950214371,0.06923602423417462,0.001934906864090931,-0.5248988727990395,0.7314370117360637,0.014971535082178316,0.34134056175108307,0.062357083555354124,0.001934906864090931,-0.5248988727990395,0.7314370117360637,0.014971535082178316,0.34134056175108307,0.062357083555354124,0.001421615097815116,-0.0015419029309715912,0.02596598649998678,0.00733259429970579,0.08107529351825436,0.06454262852830076,-0.0020379541346585077,0.0016765447624602734,-0.0009499106344313472,-0.018683473665808133,0.0054053775262124844,-0.016723368128227292,0.0,True,False,1,True,True,0.00358399999095127,4,1.1936127269400014e-09,1.697084216164012e-10,`gtol` termination condition is satisfied.,True,True,0.009999999999999787,0.00897394370567095,1.0,5.004103320588732e-06,0.00893850371365359,5.005063999888779e-06,0.00893850382852816
11.059999999999809,1786132514.0405905,0.007727399992290884,0.007085300007020123,0.01,TELEOP,0,,0.0,11.059999999999809,1106,0.0,0.0,0.0,0.11295635908337927,0.06190178595374359,-1.7347234759768075e-18,0.9916698189611115,1.5293262298121846e-28,3.198552187754478e-20,6.450564818931645e-08,0.11868897071416298,0.05611162918550753,-6.3696877633523395e-19,0.9913447499739738,-0.016000000000000007,-0.22496149367676457,0.28023286124785096,-0.07127894023899592,0.027876177431904865,-0.003669968382099671,0.9970600597467864,-0.016000000000000007,-0.22496149367676457,0.28023286124785096,-0.07068681954407967,0.027281437621457977,-0.0035916694006396838,0.9971189480773925,-0.01600000060812164,-0.22496149354320677,0.28023286226363686,-0.07068681947330875,0.02728143761645499,-0.003591669354680175,0.997118948082712,-0.01600084048827573,-0.22495854997123496,0.28023602433108996,-0.06755692991930509,0.024120096011814387,-0.0031956714092135703,0.9974187033901577,-0.01600084048827573,-0.22495854997123496,0.28023602433108996,-0.06755692991930509,0.024120096011814387,-0.0031956714092135703,0.9974187033901577,0.0020764070966654592,-0.5250603697684652,0.7345404704196591,0.015586700846425236,0.3511567637531682,0.06987016603228065,0.0019489209763248925,-0.5249141284159722,0.731696585075394,0.015043022514399554,0.342151920011126,0.06300089850073108,0.0019489209763248925,-0.5249141284159722,0.731696585075394,0.015043022514399554,0.342151920011126,0.06300089850073108,0.001401411223396168,-0.0015255616932695767,0.02595733393304025,0.007148743222124006,0.08113582600429227,0.0643814945376969,-0.002020387441894847,0.0016341237702014821,-0.0008652566946533031,-0.0183851077581788,0.006053248603790524,-0.016113399060386596,0.0,True,False,1,True,True,0.0035897000052500516,4,1.1914153774631069e-09,1.6940044050831474e-10,`gtol` termination condition is satisfied.,True,True,0.009999999999999787,0.008989633270354014,1.0,4.400986844379865e-06,0.008952539401840121,4.401922121475839e-06,0.008952539516719963
11.069999999999808,1786132514.047443,0.007315200011362322,0.006622500004596077,0.01,TELEOP,0,,0.0,11.069999999999808,1107,0.0,0.0,0.0,0.11237899959039443,0.06248427038647704,-1.734723475976807e-18,0.9916988839387346,1.3896258066037075e-28,2.906371823896743e-20,5.8613205208632135e-08,0.11811242280853795,0.056694492118547345,-7.453889935837843e-19,0.9913804467214982,-0.016000000000000007,-0.2249614941342875,0.2802328595403521,-0.07156706170379562,0.02816549046111669,-0.0037080571649799826,0.9970311485295889,-0.016000000000000007,-0.2249614941342875,0.2802328595403521,-0.07097492360316209,0.027570781328032385,-0.0036297622222713987,0.99709038560338,-0.016000000603798126,-0.22496149400041066,0.28023286055613705,-0.07097492353238417,0.027570781323043574,-0.0036297621766037615,0.9970903856087223,-0.016000798923417485,-0.22495874835585505,0.2802354259114487,-0.06783860258998733,0.024406596790409043,-0.0032327800359086708,0.9973924960440537,-0.016000798923417485,-0.22495874835585505,0.2802354259114487,-0.06783860258998733,0.024406596790409043,-0.0032327800359086708,0.9973924960440537,0.0020882143782317143,-0.5250741883505112,0.7348000954444907,0.01564004054982103,0.35198345760973143,0.07050248609108258,0.00196273456116371,-0.524929224258817,0.7319560794584545,0.015112698619181672,0.34296393964948896,0.06364315655892629,0.00196273456116371,-0.524929224258817,0.7319560794584545,0.015112698619181672,0.34296393964948896,0.06364315655892629,0.0013813584838817808,-0.0015095842844825619,0.025949438306048435,0.006967610478211923,0.08120196383629948,0.06422580581952181,-0.002005273951438774,0.0015977408787015116,-0.0007895626991813454,-0.018113274391208654,0.006613783200720355,-0.015568871817509222,0.0,True,False,1,True,True,0.0033989999938057736,4,1.1892494514890778e-09,1.690972946839407e-10,`gtol` termination condition is satisfied.,True,True,0.009999999999999787,0.00900484374204219,1.0,3.841474471506058e-06,0.008966040821780073,3.842374062021111e-06,0.008966040936663278
11.079999999999808,1786132514.0549524,0.006832599989138544,0.007299699995201081,0.01,TELEOP,0,,0.0,11.079999999999808,1108,0.0,0.0,0.0,0.11180156441275255,0.06306671273749957,-1.734723475976807e-18,0.991727281030096,1.2626866947911807e-28,2.6408814622690397e-20,5.3259023420610474e-08,0.11753579178061037,0.05727731861885586,-8.538092108323347e-19,0.9914154761866183,-0.016000000000000007,-0.22496149455001677,0.28023285798882935,-0.07185518769985677,0.028454784974420586,-0.0037461435101947705,0.997002068012639,-0.016000000000000007,-0.22496149455001677,0.28023285798882935,-0.07126303337304361,0.027860107458986764,-0.003667852730028841,0.9970616537322039,-0.016000000599512846,-0.22496149441582086,0.2802328590046132,-0.07126303330225879,0.027860107454012014,-0.003667852684650287,0.9970616537375689,-0.016000758809816502,-0.2249589377729355,0.2802348576052339,-0.06812057151825256,0.024693202356874656,-0.003269922915980848,0.9973661018389951,-0.016000758809816502,-0.2249589377729355,0.2802348576052339,-0.06812057151825256,0.024693202356874656,-0.003269922915980848,0.9973661018389951,0.0020998053831484385,-0.5250878073913096,0.7350596062672005,0.01569153045381566,0.35281027555836497,0.07113299692515312,0.0019763488946408533,-0.5249441633865115,0.7322155015790985,0.015180588047416906,0.34377666831735554,0.0642839058925929,0.0019763488946408533,-0.5249441633865115,0.7322155015790985,0.015180588047416906,0.34377666831735554,0.0642839058925929,0.001361433347714361,-0.0014939127694510342,0.025942212064395738,0.006788942823523426,0.08127286678666064,0.06407493336666363,-0.001992513616742025,0.0015671515031528147,-0.0007226241652698075,-0.01786676546885014,0.007090295036116477,-0.015087245285817959,0.0,True,False,1,True,True,0.003450100004556589,4,1.1871145716140268e-09,1.6879855567467955e-10,`gtol` termination condition is satisfied.,True,True,0.009999999999999787,0.009019517960242474,1.0,3.3325230905488693e-06,0.008978958638700832,3.333371738399978e-06,0.008978958753584914
11.089999999999808,1786132514.0624332,0.007674400010728277,0.0071060000045690686,0.01,TELEOP,0,,0.0,11.089999999999808,1109,0.0,0.0,0.0,0.11122405393934287,0.06364911261454972,0.0,0.9917550102160707,1.14734317801667e-28,2.3996430327367642e-20,4.839393388968328e-08,0.11695907834947224,0.05786010812961382,-8.267041565201972e-19,0.9914498383069471,-0.016000000000000007,-0.22496149492777012,0.28023285657903463,-0.07214331801144187,0.02874406084148192,-0.0037842274005851547,0.9969728182130253,-0.016000000000000007,-0.22496149492777012,0.28023285657903463,-0.0715511485387492,0.028149415806448422,-0.003705940896545051,0.997032752488409,-0.016000000595265376,-0.22496149479325483,0.28023285759481703,-0.07155114846795747,0.02814941580148761,-0.0037059408514528193,0.9970327524937969,-0.01600072022480435,-0.22495911765070692,0.28023432083937255,-0.06840285474129353,0.0249799226286477,-0.003307103058111948,0.9973395189192452,-0.01600072022480435,-0.22495911765070692,0.28023432083937255,-0.06840285474129353,0.0249799226286477,-0.003307103058111948,0.9973395189192452,0.0021111801210815374,-0.5251012268078395,0.735319002662374,0.0157411831899329,0.35363721663398745,0.07176171097219249,0.001989765028289628,-0.5249589483051018,0.732474857280545,0.01524671304512223,0.3445901456262099,0.06492318865039563,0.001989765028289628,-0.5249589483051018,0.732474857280545,0.01524671304512223,0.3445901456262099,0.06492318865039563,0.0013416133648775285,-0.0014784918590301434,0.025935570144637418,0.006612499770532586,0.0813477308854333,0.06392827578027471,-0.001981998283683279,0.0015420910420891132,-0.0006641919758320949,-0.01764430529908437,0.007486409877266338,-0.014665758638892669,0.0,True,False,1,True,True,0.003515300006256439,4,1.185010173285571e-09,1.6850423723424087e-10,`gtol` termination condition is satisfied.,True,True,0.009999999999999787,0.009033607241009434,1.0,2.8826650856001066e-06,0.008991251665122072,2.8834403654732407e-06,0.00899125178000468
11.099999999999808,1786132514.0700004,0.007334099995205179,0.007338700001128018,0.01,TELEOP,0,,0.0,11.099999999999808,1110,0.0,0.0,0.0,0.1106464685591053,0.06423146962539462,0.0,0.991782071477984,1.0425360254224376e-28,2.1804411772479134e-20,4.397325915163093e-08,0.1163822832038231,0.05844286010930736,-6.234162491791651e-19,0.9914835330243812,-0.016000000000000007,-0.22496149527101655,0.2802328552980215,-0.07243145243814494,0.02903331793953949,-0.0038223088199893164,0.9969433991468157,-0.016000000000000007,-0.22496149527101655,0.2802328552980215,-0.07183926880973163,0.0284387061772408,-0.0037440266963878507,0.9970036818948786,-0.0160000005910553,-0.22496149513618172,0.2802328563138024,-0.07183926873893272,0.028438706172293826,-0.0037440266515792087,0.9970036819002895,-0.01600068323096018,-0.2249592875272309,0.2802338167030402,-0.06868546664076032,0.02526676577498235,-0.0033443229900352025,0.9973127456938228,-0.01600068323096018,-0.2249592875272309,0.2802338167030402,-0.06868546664076032,0.02526676577498235,-0.0033443229900352025,0.9973127456938228,0.0021223386030816732,-0.5251144465192241,0.7355782844159144,0.01578901128098324,0.35446427993320684,0.07238864059069669,0.00200298380062595,-0.5249735809958521,0.7327341515841997,0.015311093586323366,0.34540440353645824,0.06556104126130023,0.00200298380062595,-0.5249735809958521,0.7327341515841997,0.015311093586323366,0.34540440353645824,0.06556104126130023,0.0013218772336322107,-0.001463269075029234,0.025929430365479775,0.006438054120113909,0.08142579102483953,0.06378526109046088,-0.001973613124531827,0.0015222784000909777,-0.0006139779157642254,-0.0174445650418681,0.0078060139406226315,-0.014301468981382504,0.0,True,False,1,True,True,0.003820500001893379,4,1.1829360234991766e-09,1.682147375384394e-10,`gtol` termination condition is satisfied.,True,True,0.009999999999999787,0.009047071007777574,1.0,2.5023752731199762e-06,0.00900288647485221,2.5030455005854843e-06,0.009002886589731217
11.109999999999808,1786132514.0774493,0.0076330000010784715,0.007154499995522201,0.01,TELEOP,0,,0.0,11.109999999999808,1111,0.0,0.0,0.0,0.11006880866103023,0.06481378337783031,-1.734723475976807e-18,0.9918084647976106,9.47302764446142e-29,1.981262905598095e-20,3.9956402927671794e-08,0.11580540700476451,0.059025574030315844,-7.724940478959219e-19,0.9915165602847249,-0.016000000000000007,-0.22496149558290823,0.28023285413402593,-0.07271959079348318,0.029322556152704828,-0.003860387753150248,0.9969138108291485,-0.016000000000000007,-0.22496149558290823,0.28023285413402593,-0.07212739391763191,0.028727978391531038,-0.003782110105881797,0.9969744419729794,-0.016000000586882227,-0.22496149544775368,0.2802328551498052,-0.07212739384682572,0.02872797838659777,-0.0037821100613540325,0.996974441978413,-0.016000647876678844,-0.22495944704482626,0.28023334596821703,-0.0689684181461146,0.025553738304630345,-0.0033815847766010374,0.9972857808278829,-0.016000647876678844,-0.22495944704482626,0.28023334596821703,-0.0689684181461146,0.025553738304630345,-0.0033815847766010374,0.9972857808278829,0.002133280841490016,-0.5251274664465047,0.735837451323913,0.015835027141753305,0.35529146460888067,0.07301379805795258,0.0020160058491624677,-0.5249880629446694,0.7329933887218535,0.015373747509892673,0.34621946676718884,0.06619749474349508,0.0020160058491624677,-0.5249880629446694,0.7329933887218535,0.015373747509892673,0.34621946676718884,0.06619749474349508,0.001302204853651795,-0.0014481948817299478,0.025923713765379542,0.006265392356930767,0.08150632307306292,0.06364534821948661,-0.001967237998041604,0.0015074193299286474,-0.0005716600100231888,-0.01726617631831459,0.008053204822339524,-0.01399128709742778,0.0,True,False,1,True,True,0.0037995000020600855,4,1.1808916409679205e-09,1.679297476769497e-10,`gtol` termination condition is satisfied.,True,True,0.009999999999999787,0.0090598763967486,1.0,2.203597365042806e-06,0.00901383699454429,2.204121896765889e-06,0.009013837109417227
11.119999999999807,1786132514.0849237,0.007375200002570637,0.007254100011778064,0.01,TELEOP,0,,0.0,11.119999999999807,1112,0.0,0.0,0.0,0.10949107463415826,0.06539605347968196,-1.7347234759768075e-18,0.9918341901571753,8.607688421737577e-29,1.8002791095944767e-20,3.630647731727596e-08,0.1152284503883382,0.05960824937762968,-9.351243737687476e-19,0.9915489200373507,-0.016000000000000007,-0.2249614958663093,0.2802328530763587,-0.07300773290361792,0.029611775371325928,-0.0038984641856319915,0.9968840532743141,-0.016000000000000007,-0.2249614958663093,0.2802328530763587,-0.07241552361424482,0.02901723228160151,-0.0038201911029464445,0.9969450327426922,-0.016000000582745744,-0.22496149573083465,0.2802328540921362,-0.07241552354343125,0.02901723227668186,-0.0038201910586968886,0.9969450327481485,-0.01600061419680008,-0.2249595959442309,0.2802329091107396,-0.06925171694514551,0.02584084515783783,-0.003418890039682633,0.9972586232329981,-0.01600061419680008,-0.2249595959442309,0.2802329091107396,-0.06925171694514551,0.02584084515783783,-0.003418890039682633,0.9972586232329981,0.002144006849854794,-0.5251402865124444,0.7360965031916197,0.015879243079748213,0.35611876986515917,0.07363719556833241,0.00202883162282575,-0.5250023951725281,0.7332525721707428,0.015434690659066313,0.3470353532224278,0.0668325750245684,0.00202883162282575,-0.5250023951725281,0.7332525721707428,0.015434690659066313,0.3470353532224278,0.0668325750245684,0.0012825773663282614,-0.0014332227858739807,0.025918344888935546,0.006094314917363998,0.08158864552389818,0.0635080281073331,-0.001962748732353403,0.0014972095855967475,-0.0005368876443997625,-0.017107743956677263,0.00823224508352596,-0.013732011215351544,0.0,True,False,1,True,True,0.0040717000083532184,4,1.1788765595954685e-09,1.6764913296289203e-10,`gtol` termination condition is satisfied.,True,True,0.009999999999999787,0.009071997841691826,1.0,1.997182614134319e-06,0.009024084077459419,1.997518827221788e-06,0.009024084192323787
11.129999999999807,1786132514.0920582,0.0074724000005517155,0.006916000013006851,0.01,TELEOP,0,,0.0,11.129999999999807,1113,0.0,0.0,0.0,0.10891326686757992,0.06597827953880407,0.0,0.9918592475393526,7.821395940825166e-29,1.6358277658582122e-20,3.298996404610054e-08,0.11465141396783181,0.06019088564768624,-7.860465750519908e-19,0.9915806122348925,-0.016000000000000007,-0.22496149612382235,0.28023285211530696,-0.07329587860619283,0.0299009754914097,-0.003936538103743595,0.9968541264958309,-0.016000000000000007,-0.22496149612382235,0.28023285211530696,-0.0727036576696702,0.029306467690733907,-0.003858269666949437,0.9969154542227343,-0.016000000578645476,-0.2249614959880276,0.2802328531310828,-0.07270365759884924,0.029306467685827772,-0.0038582696229754448,0.9969154542282135,-0.016000582213289916,-0.2249597340585575,0.2802325063316631,-0.0695353676995738,0.026128089801652144,-0.003456239979645101,0.99723127205649,-0.016000582213289916,-0.2249597340585575,0.2802325063316631,-0.0695353676995738,0.026128089801652144,-0.003456239979645101,0.99723127205649,0.0021545166428548835,-0.5251529066413405,0.736355439832508,0.015921671295970875,0.35694619495298735,0.07425884523184921,0.0020414613946561837,-0.5250165782665988,0.7335117046909869,0.015493937022453986,0.3478520744295257,0.06746630326976949,0.0020414613946561837,-0.5250165782665988,0.7335117046909869,0.015493937022453986,0.3478520744295257,0.06746630326976949,0.0012629771830433604,-0.0014183094070597587,0.025913252024416716,0.005924636338767392,0.08167212070979524,0.06337282452011146,-0.001960018328490146,0.0014913378814222257,-0.0005092864518828864,-0.016967857859660974,0.008347518589706926,-0.013520358722163516,0.0,True,False,1,True,True,0.003635000000940636,4,1.176890554899456e-09,1.6737276910010072e-10,`gtol` termination condition is satisfied.,True,True,0.009999999999999787,0.009083416642731379,1.0,1.8875815624110083e-06,0.009033615063857598,1.8877003578348427e-06,0.009033615178710852
11.139999999999807,1786132514.1015086,0.007138499990105629,0.009227899994584732,0.01,TELEOP,0,,0.0,11.139999999999807,1114,0.0,0.0,0.0,0.10833538575043532,0.06656046116308095,1.7347234759768075e-18,0.991883636927267,7.106929464206553e-29,1.4863986730121194e-20,2.997640665818322e-08,0.11407429833587315,0.060773482347313154,-5.014435047745457e-19,0.9916116368329685,-0.016000000000000007,-0.22496149635781215,0.2802328512420451,-0.07358402774927869,0.03019015641409768,-0.0039746094944700956,0.9968240305065144,-0.016000000000000007,-0.22496149635781215,0.2802328512420451,-0.07299179587063376,0.02959568447219566,-0.0038963457785730657,0.99688570643067,-0.016000000574581032,-0.22496149622169684,0.280232852257819,-0.07299179579980541,0.02959568446730292,-0.003896345734872027,0.996885706436172,-0.016000551935965376,-0.22495986130710346,0.28023213757875354,-0.06981937226380781,0.02641547432759355,-0.0034936353981124576,0.9972037266699524,-0.016000551935965376,-0.22495986130710346,0.28023213757875354,-0.06981937226380781,0.02641547432759355,-0.0034936353981124576,0.9972037266699524,0.0021648102362330796,-0.5251653267588698,0.7366142610674377,0.015962323885742466,0.3577737391660131,0.07487875907295717,0.0020538952746783647,-0.5250306124118043,0.733770788364936,0.0155514988754433,0.3486696359855911,0.06809869621539263,0.0020538952746783647,-0.5250306124118043,0.733770788364936,0.0155514988754433,0.3486696359855911,0.06809869621539263,0.0012433880022181473,-0.001403414520548591,0.025908367394917226,0.005756185298931558,0.08175615560653968,0.06323929456231585,-0.001958918082521338,0.0014894886511168002,-0.0004884629499491446,-0.01684510398358382,0.008403489674444164,-0.013352995779562088,0.0,True,False,1,True,True,0.004354300006525591,4,1.174932920666402e-09,1.6710055568798241e-10,`gtol` termination condition is satisfied.,True,True,0.009999999999999787,0.009094120523461646,1.0,1.8675415043344562e-06,0.009042423332185703,1.8674419465102768e-06,0.009042423447025228
11.149999999999807,1786132514.1135426,0.009583900013240054,0.011678299997583963,0.01,TELEOP,0,,0.0,11.149999999999807,1115,0.0,0.0,0.0,0.10775743167191408,0.06714259796042664,0.0,0.9919073583044927,6.457727852079375e-29,1.3506195830910543e-20,2.7238130825701892e-08,0.11349710406633291,0.06135603899276899,-4.87890977618477e-19,0.9916419937899331,-0.016000000000000007,-0.22496149657042755,0.28023285044855367,-0.07387218019041497,0.030479318045189965,-0.004012678345409839,0.9967937653185394,-0.016000000000000007,-0.22496149657042755,0.28023285044855367,-0.07327993801896138,0.02988488248831937,-0.003934419419693072,0.9968557893830113,-0.016000000570551984,-0.2249614964339916,0.28023285146432575,-0.07327993794812541,0.029884882483439915,-0.0039344193762623925,0.9968557893885361,-0.016000523363254585,-0.2249599776890665,0.2802318025679551,-0.07010372990505745,0.026702999550809205,-0.00353107672177806,0.9971759866571062,-0.016000523363254585,-0.2249599776890665,0.2802318025679551,-0.07010372990505745,0.026702999550809205,-0.00353107672177806,0.9971759866571062,0.002174887646734431,-0.5251775467919308,0.7368729667238794,0.01600121283954758,0.358601401836867,0.07549694902956186,0.002066133222837976,-0.5250444974225491,0.7340298246379932,0.015607386920989784,0.34948803800817374,0.06872976650453447,0.002066133222837976,-0.5250444974225491,0.7340298246379932,0.015607386920989784,0.34948803800817374,0.06872976650453447,0.001223794815961126,-0.0013885010744796701,0.025903627305718102,0.005588804554648572,0.08184020225826964,0.06310702891418482,-0.0019593186257021713,0.0014913446068921228,-0.000474008919912252,-0.016738074428298978,0.008404665172997174,-0.01322656481310246,0.0,True,False,1,True,True,0.005869100001291372,4,1.1730035121676548e-09,1.6683271945633658e-10,`gtol` termination condition is satisfied.,True,True,0.009999999999999787,0.00910410318042204,1.0,1.9183539698833274e-06,0.00905050784496938,1.9180624166158666e-06,0.009050507959792953
11.159999999999807,1786132514.1254065,0.01216089999070391,0.011380899988580495,0.01,TELEOP,0,,0.0,11.159999999999807,1116,0.0,0.0,0.0,0.10717940502125492,0.06772468953878553,0.0,0.991930411655054,5.867829309626827e-29,1.227243599815956e-20,2.4749990207820705e-08,0.11291983171605235,0.0619385551088723,-3.7947076036992655e-19,0.9916716830666507,-0.016000000000000007,-0.224961496763621,0.2802328497275459,-0.07416033579573955,0.030768460294713185,-0.004050744644717609,0.9967633309434989,-0.016000000000000007,-0.224961496763621,0.2802328497275459,-0.07356808393019323,0.030174061609666663,-0.003972490573268571,0.9968257030953113,-0.016000000566557957,-0.2249614966268642,0.2802328507433161,-0.07356808385934964,0.030174061604800396,-0.003972490530105694,0.9968257031008589,-0.016000496482983937,-0.22496008327721784,0.2802315008046807,-0.07038843752315371,0.026990665109891482,-0.003568564027016424,0.9971480518011154,-0.016000496482983937,-0.22496008327721784,0.2802315008046807,-0.07038843752315371,0.026990665109891482,-0.003568564027016424,0.9971480518011154,0.00218474889205186,-0.5251895666685223,0.7371315566352291,0.016038350043907332,0.3594291823337805,0.07611342695222627,0.0020781750619093824,-0.5250582327743845,0.7342888143604986,0.0156616104288721,0.3503072755866912,0.06935952302269012,0.0020781750619093824,-0.5250582327743845,0.7342888143604986,0.0156616104288721,0.3503072755866912,0.06935952302269012,0.0012041839071406744,-0.0013735351835322254,0.02589897225054434,0.0054223507882317145,0.08192375785175188,0.06297565181556651,-0.0019610908820451986,0.001496589094744512,-0.0004655055173760636,-0.016645376641686093,0.008355559348223579,-0.013137709861831803,0.0,True,False,1,True,True,0.005650300008710474,4,1.1711017941449435e-09,1.6656904469202113e-10,`gtol` termination condition is satisfied.,True,True,0.009999999999999787,0.009113363828693266,1.0,2.0163890110513975e-06,0.009057872693043156,2.01594445897136e-06,0.009057872807848321
11.169999999999806,1786132514.1337087,0.011756100007914938,0.007926799997221678,0.01,TELEOP,0,,0.0,11.169999999999806,1117,0.0,0.0,0.0,0.10660130618774534,0.06830673550613237,-3.469446951953614e-18,0.991952796963425,5.331816638235815e-29,1.1151377280064866e-20,2.248913552476841e-08,0.11234248182641299,0.06252103022821112,-6.505213034913027e-19,0.9917007046262926,-0.016000000000000007,-0.22496149693916667,0.28023284907240054,-0.07444849443919824,0.031057583076528245,-0.004088808381052977,0.9967327273924561,-0.016000000000000007,-0.22496149693916667,0.28023284907240054,-0.07385623343232482,0.030463221714268872,-0.004010559223242084,0.996795447582248,-0.016000000562598586,-0.22496149680208863,0.280232850088169,-0.07385623336147366,0.030463221709415688,-0.004010559180344481,0.9967954475878186,-0.016000471273184786,-0.224960178211578,0.2802312316047935,-0.07067348986856108,0.02727846956660555,-0.0036060970650672527,0.9971199220714926,-0.016000471273184786,-0.224960178211578,0.2802312316047935,-0.07067348986856108,0.02727846956660555,-0.0036060970650672527,0.9971199220714926,0.002194393990777146,-0.5252013863176163,0.7373900306401718,0.016073747282272604,0.36025708005751,0.07672820460355018,0.00209002049028642,-0.5250718176353948,0.734547757830293,0.015714177372579505,0.3511273392313796,0.06998797123086654,0.00209002049028642,-0.5250718176353948,0.734547757830293,0.015714177372579505,0.3511273392313796,0.06998797123086654,0.0011845428377037876,-0.0013584861010377345,0.025894346979438695,0.005256694370740536,0.08200636446884114,0.06284482081764434,-0.0019641069436887107,0.0015049082494491108,-0.0004625271105645456,-0.01656564174911821,0.008260661708927447,-0.013083099792216986,0.0,True,False,1,True,True,0.003564999991795048,4,1.1692275801474709e-09,1.6630902763029773e-10,`gtol` termination condition is satisfied.,True,True,0.009999999999999787,0.009121906747089292,1.0,2.140032202430787e-06,0.009064526641474507,2.1394724414210223e-06,0.009064526756258712
11.179999999999806,1786132514.1407888,0.008147599990479648,0.00685979999252595,0.01,TELEOP,0,,0.0,11.179999999999806,1118,0.0,0.0,0.0,0.10602313556072157,0.06888873547047272,-1.7347234759768075e-18,0.9919745142145296,4.8447674878900337e-29,1.0132724689784127e-20,2.0434804726487537e-08,0.11176505492476223,0.06310346389042537,-7.589415207398532e-19,0.9917290584341546,-0.016000000000000007,-0.22496149709867666,0.28023284847710117,-0.07473665600182663,0.03134668630797434,-0.004126869543533443,0.9967019546759928,-0.016000000000000007,-0.22496149709867666,0.28023284847710117,-0.07414438636466325,0.03075236268693746,-0.0040486253544487535,0.9967650228577034,-0.016000000558673483,-0.2249614969612774,0.2802328494928678,-0.07414438629380422,0.030752362682097266,-0.004048625311813915,0.9967650228632967,-0.016000447702912826,-0.22496026269313912,0.28023099411515867,-0.07095887975720874,0.02756641050483646,-0.0036436752875758176,0.9970915976107109,-0.016000447702912826,-0.22496026269313912,0.28023099411515867,-0.07095887975720874,0.02756641050483646,-0.0036436752875758176,0.9970915976107109,0.00220382296235647,-0.5252130056690527,0.7376483885821159,0.016107416235932554,0.3610850944385429,0.07734129365770363,0.0021016690945769687,-0.5250852508971102,0.7348066548356033,0.015765094563084576,0.3519482153168382,0.07061511349410353,0.0021016690945769687,-0.5250852508971102,0.7348066548356033,0.015765094563084576,0.3519482153168382,0.07061511349410353,0.001164860429054896,-0.0013433261715470376,0.025889700531029135,0.005091719050507334,0.08208760854585667,0.06271422632369973,-0.001968240864889216,0.0015159929490697241,-0.00046464484095614403,-0.016497532023320476,0.008124407701552937,-0.01305944939446052,0.0,True,False,1,True,True,0.0035020000068470836,4,1.1673801738668314e-09,1.6605356406568396e-10,`gtol` termination condition is satisfied.,True,True,0.009999999999999787,0.009129740826130384,1.0,2.272835729107667e-06,0.009070482680257218,2.2721912646249656e-06,0.009070482795018483
11.189999999999806,1786132514.148321,0.0070872000069357455,0.007304600003408268,0.01,TELEOP,0,,0.0,11.189999999999806,1119,0.0,0.0,0.0,0.10544489352956819,0.06947068903984299,-3.469446951953615e-18,0.991995563393742,4.402209153892174e-29,9.207123663774346e-21,1.856813232891106e-08,0.11118755152570818,0.0636858556415554,-9.893344823930228e-19,0.991756744457491,-0.016000000000000007,-0.22496149724361575,0.28023284793618103,-0.07502482037109835,0.031635769909545704,-0.004164928121691873,0.9966710128042533,-0.016000000000000007,-0.22496149724361575,0.28023284793618103,-0.07443254257678841,0.031041484418637733,-0.0040866889525338875,0.9967344289348329,-0.01600000055478226,-0.22496149710589494,0.2802328489519459,-0.0744325425059215,0.03104148441381043,-0.004086688910159338,0.9967344289404491,-0.016000425733073052,-0.22496033697767148,0.28023078733365775,-0.07124459828090726,0.02785448462812826,-0.003681297872287979,0.9970630787206339,-0.016000425733073052,-0.22496033697767148,0.28023078733365775,-0.07124459828090726,0.02785448462812826,-0.003681297872287979,0.9970630787206339,0.0022130358270524134,-0.5252244246534435,0.7379066303086725,0.016139368484942188,0.3619132249345537,0.07795270570010533,0.00211312036192994,-0.5250985312047683,0.7350655046979229,0.015814367778838236,0.35276988651752045,0.07124094940350133,0.00211312036192994,-0.5250985312047683,0.7350655046979229,0.015814367778838236,0.35276988651752045,0.07124094940350133,0.0011451267352971584,-0.0013280307658162583,0.02588498623196371,0.004927321575366179,0.08216712006822662,0.06258359093978157,-0.0019733693757738014,0.001529540573077969,-0.0004714299065425772,-0.01643974751411581,0.0079511522369941,-0.013063538391816973,0.0,True,False,1,True,True,0.0039487000030931085,4,1.1655593593639915e-09,1.6580191363630023e-10,`gtol` termination condition is satisfied.,True,True,0.009999999999999787,0.009136879121704744,1.0,2.4035274160752816e-06,0.009075757582564655,2.4028209400317348e-06,0.009075757697300759
11.199999999999806,1786132514.155243,0.007525599998189136,0.006701299993437715,0.01,TELEOP,0,,0.0,11.199999999999806,1120,0.0,0.0,0.0,0.10486658048371778,0.070052595822311,0.0,0.9920159444868858,4.000077502801292e-29,8.366074156292857e-21,1.687197616694542e-08,0.11060997213229577,0.06426820503345093,-9.75781955236954e-19,0.991783762665366,-0.016000000000000007,-0.224961497375315,0.28023284744467275,-0.07531298744033274,0.031924833804598346,-0.004202984105437894,0.9966399017869847,-0.016000000000000007,-0.224961497375315,0.28023284744467275,-0.07472070192760943,0.03133058680592019,-0.004124750003878102,0.9967036658261309,-0.01600000055092456,-0.22496149723727238,0.2802328484604359,-0.07472070185673457,0.031330586801105675,-0.004124749961761395,0.9967036658317698,-0.016000405317244188,-0.22496040136965043,0.2802306101285715,-0.07153063501224861,0.028142687855250897,-0.003718963748712013,0.997034365848872,-0.016000405317244188,-0.22496040136965043,0.2802306101285715,-0.07153063501224861,0.028142687855250897,-0.003718963748712013,0.997034365848872,0.0022220326059060763,-0.5252356432020845,0.7381647556711898,0.016169615509049193,0.3627414710280928,0.07856245222721553,0.002124373692031109,-0.5251116569867696,0.7353243063145858,0.015862001891405558,0.3535923322328026,0.07186547609005844,0.002124373692031109,-0.5251116569867696,0.7353243063145858,0.015862001891405558,0.3535923322328026,0.07186547609005844,0.0011253330101169347,-0.0013125782001344466,0.02588016166629098,0.004763411256732166,0.08224457152821629,0.06245266865571241,-0.001979372518022415,0.001545256568181203,-0.0004824565672733108,-0.01639103186340169,0.007745145998968561,-0.013092228406915684,0.0,True,False,1,True,True,0.0033660000044619665,4,1.1637647477776564e-09,1.655541133851737e-10,`gtol` termination condition is satisfied.,True,True,0.009999999999999787,0.009143338417033242,1.0,2.5248546796984314e-06,0.009080371473067316,2.5241025776000102e-06,0.009080371587776194
11.209999999999805,1786132514.163046,0.0070553999976255,0.007448200005455874,0.01,TELEOP,0,,0.0,11.209999999999805,1121,0.0,0.0,0.0,0.10428819681265081,0.0706344554259759,0.0,0.9920356574802348,3.6346796503910344e-29,7.601852581167485e-21,1.5330759973181785e-08,0.11003231723707496,0.0648505116232343,-8.673617379884035e-19,0.9918101130285194,-0.016000000000000007,-0.22496149749498384,0.28023284699806256,-0.07560115710815705,0.03221387791908381,-0.004241037485022843,0.9966086216335742,-0.016000000000000007,-0.22496149749498384,0.28023284699806256,-0.07500886428450743,0.03161966975040415,-0.004162808495529334,0.9966727335434904,-0.016000000547099998,-0.2249614973566192,0.2802328480138241,-0.07500886421362464,0.03161966974560233,-0.00416280845366805,0.9966727335491521,-0.016000386402496816,-0.22496045621633495,0.28023046125724743,-0.07181697820302008,0.028431015413291145,-0.0037566716235739183,0.9970054595751564,-0.016000386402496816,-0.22496045621633495,0.28023046125724743,-0.07181697820302008,0.028431015413291145,-0.0037566716235739183,0.9970054595751564,0.002230813320707368,-0.5252466612468775,0.7384227645243286,0.016198168688641115,0.36356983222448624,0.07917054464645298,0.0021354284087118773,-0.5251246264831883,0.7355830582007611,0.015908000986239738,0.35441552899953127,0.07248868852882187,0.0021354284087118773,-0.5251246264831883,0.7355830582007611,0.015908000986239738,0.35441552899953127,0.07248868852882187,0.0011054716680768148,-0.0012969496418647835,0.025875188617532605,0.004599909483418071,0.08231967667286745,0.0623212438763437,-0.0019861342040120326,0.0015628558269663397,-0.0004973048758373049,-0.016350177331409883,0.0075105144651160345,-0.013142477936871517,0.0,True,False,1,True,True,0.003922999996575527,4,1.1619959824995099e-09,1.6531002015106862e-10,`gtol` termination condition is satisfied.,True,True,0.009999999999999787,0.009149138795290168,1.0,2.6323875920769604e-06,0.009084347408547891,2.6316016702999287e-06,0.00908434752322743
11.219999999999805,1786132514.1699183,0.007672000007005408,0.006648800001130439,0.01,TELEOP,0,,0.0,11.219999999999805,1122,0.0,0.0,0.0,0.10370974290589534,0.07121626745896874,1.734723475976807e-18,0.9920547023605129,3.302660048890297e-29,6.907440884005936e-21,1.39303303366899e-08,0.10945458732307078,0.06543277497281354,-6.776263578034404e-19,0.991835795519245,-0.016000000000000007,-0.2249614976037212,0.28023284659224923,-0.07588932927801838,0.03250290218130757,-0.004279088251007955,0.9965771723530823,-0.016000000000000007,-0.2249614976037212,0.28023284659224923,-0.07529702952255705,0.031908733158308875,-0.0042008644151411145,0.9966416320982566,-0.01600000054330823,-0.22496149746503438,0.2802328476080091,-0.07529702945166607,0.03190873315351965,-0.004200864373532852,0.9966416321039412,-0.016000368930199817,-0.2249605019020256,0.280230339383984,-0.07210361497528847,0.02871946192782388,-0.00379442000590723,0.996976360597828,-0.016000368930199817,-0.2249605019020256,0.280230339383984,-0.07210361497528847,0.02871946192782388,-0.00379442000590723,0.996976360597828,0.002239377993965138,-0.5252574787202602,0.7386806567256786,0.01622503930568861,0.3643983080499207,0.07977699427620293,0.0021462837711223957,-0.5251374377732183,0.7358417585306226,0.015952368478167243,0.3552394508902158,0.07311057983204515,0.0021462837711223957,-0.5251374377732183,0.7358417585306226,0.015952368478167243,0.3552394508902158,0.07311057983204515,0.001085536241051845,-0.0012811290030093395,0.025870032986153174,0.004436749192750508,0.08239218906845447,0.06218913032232968,-0.001993542702497021,0.0015820638855444254,-0.0005155631379430252,-0.016316029066756686,0.007251239558702638,-0.01321135540140201,0.0,True,False,1,True,True,0.00340919999871403,4,1.1602525409414425e-09,1.650700480079114e-10,`gtol` termination condition is satisfied.,True,True,0.009999999999999787,0.009154303224954974,1.0,2.7236083357158003e-06,0.009087710972768562,2.72279720951546e-06,0.009087711087417278
11.229999999999805,1786132514.180054,0.006865799994557165,0.009919099989929236,0.01,TELEOP,0,,0.0,11.229999999999805,1123,0.0,0.0,0.0,0.10313121915302671,0.0717980315294526,0.0,0.9920730791148937,3.000969672076211e-29,6.276462093495245e-21,1.2657826728305559e-08,0.10887678286466447,0.06601499464844024,-5.285485590866834e-19,0.9918608101112812,-0.016000000000000007,-0.22496149770252566,0.280232846223506,-0.07617750385773982,0.03279190652170963,-0.004317136394235483,0.9965455539542731,-0.016000000000000007,-0.22496149770252566,0.280232846223506,-0.07558519752381941,0.032197776940027775,-0.004238917750916513,0.9966103615012772,-0.016000000539548875,-0.22496149756351635,0.2802328472392644,-0.07558519745292033,0.03219777693525104,-0.004238917709558909,0.9966103615069846,-0.01600035283681009,-0.22496053884252698,0.2802302430970692,-0.07239053150443182,0.029008021509777177,-0.0038322072316327007,0.9969470697205184,-0.01600035283681009,-0.22496053884252698,0.2802302430970692,-0.07239053150443182,0.029008021509777177,-0.0038322072316327007,0.9969470697205184,0.002247726648881643,-0.5252680955551418,0.738938432135409,0.016250238544695594,0.36522689804970787,0.08038181234591772,0.002156938984427588,-0.5251500888014536,0.7361004051774733,0.015995107221229456,0.3560640698952842,0.07373114153023505,0.002156938984427588,-0.5251500888014536,0.7361004051774733,0.015995107221229456,0.3560640698952842,0.07373114153023505,0.0010655213305192247,-0.0012651028235387343,0.025864664685075398,0.004273874306221546,0.08246190050684164,0.062056169818991494,-0.0020014910532620803,0.0016026179470605445,-0.0005368301077777101,-0.016287488652896524,0.006971143838717618,-0.013296050333818678,0.0,True,False,1,True,True,0.005297900002915412,4,1.1585342574314657e-09,1.6483349974599477e-10,`gtol` termination condition is satisfied.,True,True,0.009999999999999787,0.00915885715970488,1.0,2.7972872338459064e-06,0.009090489887287704,2.7964573227293888e-06,0.009090490001903597
11.239999999999805,1786132514.1872573,0.010248399994452484,0.006873699996504001,0.01,TELEOP,0,,0.0,11.239999999999805,1124,0.0,0.0,0.0,0.10255262594366722,0.0723797472456228,3.469446951953614e-18,0.992090787731001,2.726838015237802e-29,5.703121759941343e-21,1.15015633988163e-08,0.1082989043283937,0.06659717022030863,-1.761828530288945e-19,0.9918851567797135,-0.016000000000000007,-0.22496149779230454,0.2802328458884466,-0.07646568075911805,0.03308089087266562,-0.0043551819058025125,0.9965137664456437,-0.016000000000000007,-0.22496149779230454,0.2802328458884466,-0.07587336817669979,0.03248680100974193,-0.004276968491557256,0.9965789217629474,-0.01600000053582159,-0.22496149765297274,0.2802328469042035,-0.07587336810579241,0.0324868010049776,-0.004276968450447958,0.9965789217686775,-0.016000338054641447,-0.22496056747983556,0.2802301709249276,-0.07267771319351692,0.029296687838660254,-0.0038700314874976403,0.9969175878391006,-0.016000338054641447,-0.22496056747983556,0.2802301709249276,-0.07267771319351692,0.029296687838660254,-0.0038700314874976403,0.9969175878391006,0.0022558593093295297,-0.5252785116848467,0.7391960906159578,0.01627377749365081,0.3660556017867036,0.08098500999629722,0.0021673932099913885,-0.5251625774029152,0.7363589957526315,0.01603621961259497,0.3568893562880651,0.07435036384014566,0.0021673932099913885,-0.5251625774029152,0.7363589957526315,0.01603621961259497,0.3568893562880651,0.07435036384014566,0.0010454225563800827,-0.0012488601461557137,0.02585905751582223,0.00411123913655125,0.08252863927809052,0.06192223099106316,-0.0020098774139142407,0.001624267738302103,-0.0005607169253167971,-0.016263516967029927,0.006673877124887748,-0.013393882792833827,0.0,True,False,1,True,True,0.00337660001241602,4,1.1568406300419042e-09,1.6460086832735687e-10,`gtol` termination condition is satisfied.,True,True,0.009999999999999787,0.009162828154423652,1.0,2.8530695932947132e-06,0.009092713639652274,2.85222580779219e-06,0.009092713754233992
11.249999999999805,1786132514.1988125,0.007087300007697195,0.01134160000947304,0.01,TELEOP,0,,0.0,11.249999999999805,1125,0.0,0.0,0.0,0.1019739636674861,0.07296141421570726,1.7347234759768075e-18,0.9921078281969083,2.477747652878381e-29,5.1821547432629415e-21,1.0450922065482265e-08,0.10772095217367925,0.06717930126219138,-4.0657581468206416e-20,0.991908835500884,-0.016000000000000007,-0.22496149787388234,0.28023284558399414,-0.07675385989755727,0.03336985516830616,-0.004393224777037171,0.9964818098354484,-0.016000000000000007,-0.22496149787388234,0.28023284558399414,-0.07616154137536421,0.0327758052850691,-0.0043150166262175115,0.9965473128932512,-0.016000000532125993,-0.22496149773422772,0.2802328465997496,-0.07616154130444859,0.032775805280317094,-0.004315016585354217,0.9965473128990042,-0.016000324512608424,-0.22496058827707116,0.2802301213513375,-0.07296514483852445,0.029585454241876592,-0.003907890834258558,0.9968879159289787,-0.016000324512608424,-0.22496058827707116,0.2802301213513375,-0.07296514483852445,0.029585454241876592,-0.003907890834258558,0.9968879159289787,0.0022637759998311462,-0.525288727043066,0.7394536320317426,0.016295667144979466,0.36688441883986395,0.08158659827954005,0.002177645575020982,-0.5251749013267559,0.7366175276429093,0.01607570769032158,0.35771527897139066,0.07496823591894841,0.002177645575020982,-0.5251749013267559,0.7366175276429093,0.01607570769032158,0.35771527897139066,0.07496823591894841,0.0010252365029593525,-0.0012323923840807834,0.025853189027775312,0.003948807772661217,0.08259226833255438,0.061787207880276224,-0.0020186053420730692,0.0016467762074930602,-0.0005868488046916847,-0.01624313638900368,0.0063629054463865365,-0.013502311078693666,0.0,True,False,1,True,True,0.005867600004421547,4,1.1551712740577599e-09,1.643716936480841e-10,`gtol` termination condition is satisfied.,True,True,0.009999999999999787,0.009166245498638481,1.0,2.891202964215841e-06,0.009094413130170637,2.8903491760254823e-06,0.009094413244716517
11.259999999999804,1786132514.2094955,0.011805300004198216,0.01021930000570137,0.01,TELEOP,0,,0.0,11.259999999999804,1126,0.0,0.0,0.0,0.10139523271419891,0.07354303204796675,-1.7347234759768075e-18,0.9921242005011395,2.251411120513125e-29,4.708776861779435e-21,9.496254401401707e-09,0.10714292685348499,0.06776138735110941,-2.439454888092385e-19,0.9919318462523127,-0.016000000000000007,-0.2249614979480082,0.2802328453073527,-0.07704204119173753,0.033658799344352876,-0.004431264999477054,0.9964496841317235,-0.016000000000000007,-0.2249614979480082,0.2802328453073527,-0.07644971701921,0.03306478968674513,-0.00435306214446196,0.9965155349018,-0.016000000528461757,-0.2249614978080306,0.2802328463231069,-0.07644971694828605,0.03306478968200533,-0.004353062103842368,0.9965155349075757,-0.016000312136941666,-0.2249606017136671,0.2802300928296887,-0.07325281078403809,0.029874313769894932,-0.003945783229004816,0.9968580550327742,-0.016000312136941666,-0.2249606017136671,0.2802300928296887,-0.07325281078403809,0.029874313769894932,-0.003945783229004816,0.9968580550327742,0.0022714767455391544,-0.5252987415638067,0.7397110562489065,0.01631591839649054,0.36771334880294326,0.08218658815965513,0.0021876951816489298,-0.5251870582585895,0.7368759980465389,0.016113573224808258,0.35854180580493594,0.07558474610396695,0.0021876951816489298,-0.5251870582585895,0.7368759980465389,0.016113573224808258,0.35854180580493594,0.07558474610396695,0.0010049606627948043,-0.0012156931833593363,0.025847040362958765,0.0037865534486678973,0.08265268335453083,0.061651018501855094,-0.0020275840164548503,0.0016699200721447503,-0.000614866481654739,-0.016225432399332277,0.006041502197644266,-0.01361893784211325,0.0,True,False,1,True,True,0.005792600000859238,4,1.15352596599234e-09,1.6414607170804917e-10,`gtol` termination condition is satisfied.,True,True,0.009999999999999787,0.009169139868473286,1.0,2.9123548817397964e-06,0.009095620338209123,2.911494247876159e-06,0.009095620452717891
11.269999999999804,1786132514.2162848,0.01044299999193754,0.006565399991814047,0.01,TELEOP,0,,0.0,11.269999999999804,1127,0.0,0.0,0.0,0.10081643347356764,0.0741246003506951,-1.7347234759768075e-18,0.992139904632668,2.045749908261125e-29,4.278640957770479e-21,8.628793432253067e-09,0.10656482881491726,0.06834342806703218,-2.5749801596530735e-19,0.9919541890126247,-0.016000000000000007,-0.22496149801536283,0.2802328450559818,-0.07733022456331276,0.03394772333796987,-0.004469302564849656,0.9964173893423077,-0.016000000000000007,-0.22496149801536283,0.2802328450559818,-0.07673789501238426,0.03335375413833467,-0.004391105036227695,0.9964835877978667,-0.01600000052482854,-0.22496149787506214,0.28023284607173476,-0.07673789494145179,0.03335375413360702,-0.004391104995849541,0.9964835878036653,-0.01600030085187178,-0.2249606082808305,0.2802300837962627,-0.07354069506910269,0.030163259267098824,-0.003983706546534203,0.9968280062484652,-0.01600030085187178,-0.2249606082808305,0.2802300837962627,-0.07354069506910269,0.030163259267098824,-0.003983706546534203,0.9968280062484652,0.0022789615722200937,-0.5253085551813554,0.7399683631350856,0.016334542052324985,0.3685423912833006,0.0827849905128326,0.0021975411154368484,-0.5251990458414005,0.7371344040074254,0.016149817803834357,0.3593689039126189,0.07619988213751773,0.0021975411154368484,-0.5251990458414005,0.7371344040074254,0.016149817803834357,0.3593689039126189,0.07619988213751773,0.0009845933787918793,-0.0011987582811113179,0.02584059608864742,0.00362445790260997,0.08270981076829537,0.061513603355079424,-0.0020367284002925394,0.0016934902248018672,-0.0006444274311347489,-0.016209554605793087,0.005712741376453709,-0.013741514677567158,0.0,True,False,1,True,True,0.0033694999874569476,4,1.1519042452217017e-09,1.6392419013338684e-10,`gtol` termination condition is satisfied.,True,True,0.009999999999999787,0.00917154299800732,1.0,2.9174886483959184e-06,0.009096368008760906,2.9166238398318113e-06,0.009096368123231585
11.279999999999804,1786132514.224784,0.006784900004277006,0.008279900008346885,0.01,TELEOP,0,,0.0,11.279999999999804,1128,0.0,0.0,0.0,0.10023756633540017,0.0747061187322195,0.0,0.9921549405809175,1.8588753733243377e-29,3.887796976345361e-21,7.840573026744546e-09,0.10598665849976902,0.06892542299260561,-2.303929616531697e-19,0.9919758637614848,-0.016000000000000007,-0.22496149807656476,0.28023284482757305,-0.0776184099366372,0.03423662708762858,-0.004507337465054588,0.9963849254748623,-0.016000000000000007,-0.22496149807656476,0.28023284482757305,-0.07702607526334719,0.03364269856596858,-0.004429145291789659,0.9964514715904176,-0.016000000521225983,-0.22496149793594072,0.28023284584332486,-0.07702607519240619,0.033642698561252966,-0.004429145251650699,0.996451471596239,-0.016000290580279214,-0.2249606084772833,0.2802300926825238,-0.07382878156306047,0.03045228343818072,-0.004021658599704718,0.9967977707180239,-0.016000290580279214,-0.2249606084772833,0.2802300926825238,-0.07382878156306047,0.03045228343818072,-0.004021658599704718,0.9967977707180239,0.002286230506239536,-0.5253181678302384,0.7402255525591943,0.016351548823899602,0.3693715459008142,0.08338181612786336,0.002207182453289681,-0.525210861695011,0.7373927424476252,0.01618444291113651,0.3601965399695796,0.0768136313765389,0.002207182453289681,-0.525210861695011,0.7373927424476252,0.01618444291113651,0.3601965399695796,0.0768136313765389,0.000964133785283312,-0.001181585361045028,0.025833844019988575,0.0034625107302155627,0.08276360569607306,0.061374923902118385,-0.0020459593508567846,0.0017172920066290188,-0.0006752068658846175,-0.01619471723944109,0.005379492777770473,-0.01386794529610446,0.0,True,False,1,True,True,0.0033064000017475337,4,1.1503057810788263e-09,1.6370571158141216e-10,`gtol` termination condition is satisfied.,True,True,0.009999999999999787,0.009173487370681688,1.0,2.9077767029335314e-06,0.009096689359805612,2.906910069528393e-06,0.009096689474237106
11.289999999999804,1786132514.2318215,0.008652899996377528,0.0066645999904721975,0.01,TELEOP,0,,0.0,11.289999999999804,1129,0.0,0.0,0.0,0.0996586316895501,0.07528758680090078,0.0,0.9921693083357616,1.6890713960675575e-29,3.5326556910155556e-21,7.124354741429081e-09,0.10540841634501419,0.06950737171290547,-2.981555974335137e-19,0.9919968704795395,-0.016000000000000007,-0.22496149813217603,0.28023284462002895,-0.07790659723851667,0.03452551053298535,-0.00454536969214746,0.9963522925368888,-0.016000000000000007,-0.22496149813217603,0.28023284462002895,-0.07731425768447515,0.033931622898105585,-0.004467182901729266,0.9964191862881415,-0.016000000517653774,-0.22496149799122844,0.28023284563577966,-0.07731425761352557,0.03393162289340194,-0.004467182861827282,0.9964191862939856,-0.016000281244307652,-0.22496060280528868,0.28023011792641855,-0.07411705409125026,0.030741378909988668,-0.004059637158699141,0.9967673496165929,-0.016000281244307652,-0.22496060280528868,0.28023011792641855,-0.07411705409125026,0.030741378909988668,-0.004059637158699141,0.9967673496165929,0.0022932835745469904,-0.5253275794451914,0.7404826243912416,0.016366949330841367,0.37020081228689994,0.0839770757065981,0.0022166182707746207,-0.5252225034340857,0.7376510101979724,0.016217449998522548,0.36102468046844166,0.07742598098682262,0.0022166182707746207,-0.5252225034340857,0.7376510101979724,0.016217449998522548,0.36102468046844166,0.07742598098682262,0.0009435817484939455,-0.0011641739074721136,0.025826775034723116,0.003300708738603753,0.08281404988620608,0.06123496102837185,-0.0020552036789366827,0.0017411453572914696,-0.000706898526545875,-0.016180199161181314,0.005044419013302062,-0.013996287374653677,0.0,True,False,1,True,True,0.0034328000037930906,4,1.1487302299049518e-09,1.6349058669333975e-10,`gtol` termination condition is satisfied.,True,True,0.009999999999999787,0.009175005931234603,1.0,2.8845387290885974e-06,0.009096617810798369,2.8836724225875217e-06,0.00909661792518969
11.299999999999804,1786132514.2388349,0.006875799997942522,0.006802499992772937,0.01,TELEOP,0,,0.0,11.299999999999804,1130,0.0,0.0,0.0,0.09907962992591654,0.07586900416513365,1.7347234759768075e-18,0.992183007887524,1.53477862042547e-29,3.2099557428525558e-21,6.473561348079848e-09,0.10483010278325641,0.07008927381521354,-1.0842021724855044e-19,0.9920172091483636,-0.016000000000000007,-0.22496149818270736,0.28023284443144353,-0.07819478639798283,0.034814373614770515,-0.0045833992383252685,0.9963194905357454,-0.016000000000000007,-0.22496149818270736,0.28023284443144353,-0.07760244219170037,0.03422052706531585,-0.0045052178569059045,0.9963867318994757,-0.01600000051411155,-0.22496149804143611,0.2802328454471931,-0.07760244212074205,0.03422052706062407,-0.004505217817238705,0.9963867319053428,-0.016000272765939544,-0.22496059176696911,0.2802301579826877,-0.07440549655054284,0.031030538288773304,-0.00409763996915141,0.9967367441422331,-0.016000272765939544,-0.22496059176696911,0.2802301579826877,-0.07440549655054284,0.031030538288773304,-0.00409763996915141,0.9967367441422331,0.0023001208046651224,-0.5253367899611269,0.7407395785021539,0.016380754101924605,0.3710301900836109,0.08457077986445202,0.002225847648843388,-0.5252339686846753,0.7379092040267919,0.016248840551566706,0.3618532919647261,0.07803691812178844,0.002225847648843388,-0.5252339686846753,0.7379092040267919,0.016248840551566706,0.3618532919647261,0.07803691812178844,0.0009229378068767433,-0.0011465250589613488,0.025819382881955545,0.0031390553044159837,0.0828611496284453,0.06109371349658351,-0.002064394161720258,0.001764884851076506,-0.0007392152767571037,-0.016165343418777296,0.004709974223922794,-0.014124753178834312,0.0,True,False,1,True,True,0.003315800000564195,4,1.1471771801111981e-09,1.6327897985640978e-10,`gtol` termination condition is satisfied.,True,True,0.009999999999999787,0.009176131818458277,1.0,2.849196366584253e-06,0.009096186732438474,2.8483324360161083e-06,0.009096186846789023
11.309999999999803,1786132514.2459092,0.00713990000076592,0.006736399998771958,0.01,TELEOP,0,,0.0,11.309999999999803,1131,0.0,0.0,0.0,0.09850056143444381,0.07645037043334696,0.0,0.9921960392269783,1.3945801339121694e-29,2.916733690542595e-21,5.882216433189369e-09,0.10425171824313648,0.07067112888881445,2.7105054312137605e-20,0.9920368797504124,-0.016000000000000007,-0.22496149822862274,0.28023284426008493,-0.07848297734608815,0.03510321627468744,-0.004621426095913119,0.9962865194786619,-0.016000000000000007,-0.22496149822862274,0.28023284426008493,-0.07789062870418358,0.03450941100008462,-0.004543250148431087,0.9963541084326311,-0.016000000510599015,-0.22496149808702764,0.2802328452758335,-0.07789062863321664,0.03450941099540462,-0.004543250108996508,0.9963541084385209,-0.0160002650675321,-0.22496057586091697,0.28023021133220005,-0.07469409301475367,0.031319754212819205,-0.004135664769095127,0.9967059555062715,-0.0160002650675321,-0.22496057586091697,0.28023021133220005,-0.07469409301475367,0.031319754212819205,-0.004135664769095127,0.9967059555062715,0.0023067422246772972,-0.5253457993131123,0.7409964147636235,0.01639297357599398,0.37185967894281985,0.08516293913093623,0.002234869679960827,-0.5252452550993022,0.7381673206666601,0.016278616148971265,0.36268234130144583,0.07864643008584841,0.002234869679960827,-0.5252452550993022,0.7381673206666601,0.016278616148971265,0.36268234130144583,0.07864643008584841,0.0009022031117438967,-0.0011286414626847118,0.025811663986814528,0.0029775597404558176,0.0829049336719733,0.06095119640599863,-0.002073469513284709,0.0017883596276637337,-0.0007718895141015728,-0.016149556396016958,0.004378404352799644,-0.014251709058488276,0.0,True,False,1,True,True,0.0034364000021014363,4,1.1456463748082644e-09,1.6307036612991234e-10,`gtol` termination condition is satisfied.,True,True,0.009999999999999787,0.00917689811888478,1.0,2.803239275213728e-06,0.00909542921770694,2.8023797437548516e-06,0.009095429332015818
11.319999999999803,1786132514.2526324,0.006951600007596426,0.006507800004328601,0.01,TELEOP,0,,0.0,11.319999999999803,1132,0.0,0.0,0.0,0.09792142660512113,0.07703168521400393,-3.469446951953614e-18,0.9922084023453482,1.2671884557287704e-29,2.6502967962997853e-21,5.344889514917333e-09,0.10367326314970256,0.07125293652481161,-3.252606517456514e-19,0.9920558822689798,-0.016000000000000007,-0.2249614982703439,0.28023284410437954,-0.07877117001571982,0.03539203845532115,-0.0046594502573521854,0.9962533793727533,-0.016000000000000007,-0.2249614982703439,0.28023284410437954,-0.07817881714401693,0.03479827463663389,-0.004581279767644978,0.9963213158956132,-0.01600000050711581,-0.22496149812842486,0.28023284512012714,-0.07817881707304108,0.03479827463196559,-0.004581279728440868,0.9963213159015258,-0.01600025807231299,-0.2249605555790968,0.2802302764903268,-0.07498282783004405,0.031609019400478416,-0.004173709304705695,0.9966749849242681,-0.01600025807231299,-0.2249605555790968,0.2802302764903268,-0.07498282783004405,0.031609019400478416,-0.004173709304705695,0.9966749849242681,0.0023131478632183854,-0.52535460743634,0.7412531330479651,0.016403618102886767,0.3726892785254774,0.08575356395022386,0.0022436834736466564,-0.5252563603706062,0.7384253568391872,0.016306778515716523,0.3635117958130502,0.07925450448251711,0.0022436834736466564,-0.5252563603706062,0.7384253568391872,0.016306778515716523,0.3635117958130502,0.07925450448251711,0.0008813793685829881,-0.0011105271304038984,0.025803617252708463,0.0028162366745258234,0.08294545116044189,0.060807439666870584,-0.0020823743160908997,0.0018114332280813788,-0.0008046734106065557,-0.01613230659299975,0.004051748846858999,-0.014375673912804705,0.0,True,False,1,True,True,0.0033478999976068735,4,1.144137505569391e-09,1.6286538478561732e-10,`gtol` termination condition is satisfied.,True,True,0.009999999999999787,0.009177337641374017,1.0,2.748199068101574e-06,0.009094377874003457,2.747345997505687e-06,0.00909437798827051
11.329999999999803,1786132514.260458,0.006717399999615736,0.007616600007168017,0.01,TELEOP,0,,0.0,11.329999999999803,1133,0.0,0.0,0.0,0.09734222582798242,0.07761294811560258,-1.734723475976807e-18,0.9922200972343076,1.1514337134773764e-29,2.4081982977233104e-21,4.856646173480592e-09,0.10309473792474592,0.07183469631595996,-4.0657581468206416e-19,0.9920742166881579,-0.016000000000000007,-0.22496149830825388,0.2802328439628975,-0.07905936434143082,0.03568084010005536,-0.004697471715188791,0.9962200702250322,-0.016000000000000007,-0.22496149830825388,0.2802328439628975,-0.0784670074359542,0.03508711791076066,-0.004619306706095088,0.9962883542962436,-0.016000000503661627,-0.22496149816601063,0.28023284497864415,-0.07846700736496962,0.035087117906103985,-0.00461930666711933,0.996288354302179,-0.01600025170483481,-0.22496053140403888,0.2802303520143769,-0.07527168570048122,0.031898326693653896,-0.00421177134481785,0.9966438336076193,-0.01600025170483481,-0.22496053140403888,0.2802303520143769,-0.07527168570048122,0.031898326693653896,-0.00421177134481785,0.9966438336076193,0.0023193377494649713,-0.5253632142661162,0.7415097332279965,0.016412697944343496,0.37351898850093335,0.08634266468173796,0.0022522881614407387,-0.5252672822435759,0.7386833092778149,0.01633332957015403,0.3643416235090201,0.07986112934751356,0.0022522881614407387,-0.5252672822435759,0.7386833092778149,0.01633332957015403,0.3643416235090201,0.07986112934751356,0.000860468779408236,-0.0010921872969744193,0.025795243862767006,0.0026551054437507398,0.08298276959699058,0.06066248649964585,-0.0020910589174752557,0.0018339833429479493,-0.0008373389941456616,-0.01611312307750869,0.003731843654868871,-0.014495316722474018,0.0,True,False,1,True,True,0.004067200003191829,4,1.1426501789928625e-09,1.6266326390068837e-10,`gtol` termination condition is satisfied.,True,True,0.009999999999999787,0.009177482712427187,1.0,2.685628711714517e-06,0.009093064636086532,2.6847842583922482e-06,0.009093064750310973
11.339999999999803,1786132514.2672508,0.007837400000425987,0.0065716000099200755,0.01,TELEOP,0,,0.0,11.339999999999803,1134,0.0,0.0,0.0,0.09676295949310598,0.07819415874667573,1.734723475976807e-18,0.9922311238859801,1.0462528999049497e-29,2.1882149385134206e-21,4.413002737018673e-09,0.10251614298710612,0.0724164078565145,-2.1684043449710084e-19,0.9920918829928033,-0.016000000000000007,-0.2249614983427009,0.2802328438343395,-0.07934756025928641,0.03596962115299727,-0.004735490462064511,0.9961865920424208,-0.016000000000000007,-0.2249614983427009,0.2802328438343395,-0.0787551995071655,0.03537594075969001,-0.004657330955516944,0.9962552236421771,-0.016000000500236172,-0.22496149820013345,0.2802328448500854,-0.07875519943617199,0.03537594075504486,-0.0046573309167674375,0.9962552236481353,-0.016000245891388463,-0.22496050380631777,0.2802304365101197,-0.07556065176398194,0.03218766909680958,-0.004249848694210136,0.9966125027558067,-0.016000245891388463,-0.22496050380631777,0.2802304365101197,-0.07556065176398194,0.03218766909680958,-0.004249848694210136,0.9966125027558067,0.0023253119131265557,-0.5253716197378316,0.7417662151769154,0.01642022327491166,0.3743488085463184,0.08693025160076177,0.0022606829013053545,-0.5252780185263971,0.738941174748634,0.016358271465227003,0.3651717932375293,0.08046629326718564,0.0022606829013053545,-0.5252780185263971,0.738941174748634,0.016358271465227003,0.3651717932375293,0.08046629326718564,0.0008394739864615897,-0.0010736282821263829,0.025786547081911797,0.0024941895072976483,0.08301697285092074,0.060516391967208844,-0.0020994792946646694,0.0018559014848036797,-0.0008696780855208207,-0.016091593645309512,0.0034203253930163947,-0.014609453243700707,0.0,True,False,1,True,True,0.003344700002344325,4,1.1411842527772966e-09,1.6246464121149642e-10,`gtol` termination condition is satisfied.,True,True,0.009999999999999787,0.00917736499191324,1.0,2.6170856441511843e-06,0.00909152059938167,2.6162521077933563e-06,0.009091520713563483
11.349999999999802,1786132514.2747526,0.006795699999202043,0.007277800003066659,0.01,TELEOP,0,,0.0,11.349999999999802,1135,0.0,0.0,0.0,0.09618362799061433,0.07877531671579152,0.0,0.9922414822929395,9.50680111018848e-30,1.9883265517046893e-21,4.009885106802379e-09,0.10193747875294801,0.07299807074209293,-2.0328790734103203e-19,0.9921088811685059,-0.016000000000000007,-0.22496149837400126,0.28023284371752494,-0.07963575770672492,0.036258381558909265,-0.004773506490707175,0.9961529448317601,-0.016000000000000007,-0.22496149837400126,0.28023284371752494,-0.07904339328701511,0.035664743121941844,-0.004695352507816538,0.9962219239409197,-0.01600000049683909,-0.2249614982311094,0.28023284473326987,-0.07904339321601257,0.03566474311730813,-0.004695352469291209,0.9962219239469007,-0.016000240560374964,-0.22496047324231297,0.2802305286374274,-0.07584971165891488,0.03247703981160722,-0.004287939205657017,0.9965809935492967,-0.016000240560374964,-0.22496047324231297,0.2802305286374274,-0.07584971165891488,0.03247703981160722,-0.004287939205657017,0.9965809935492967,0.0023310703844394414,-0.5253798237869518,0.7420225787682058,0.016426204182846,0.37517873834598586,0.0875163348990733,0.0022688668814807946,-0.5252885670999593,0.739198950069243,0.016381606624027364,0.36600227482969366,0.08106998548266205,0.0022688668814807946,-0.5252885670999593,0.739198950069243,0.016381606624027364,0.36600227482969366,0.08106998548266205,0.000818398017544018,-0.0010548573562232815,0.025777532060899562,0.002333515880036039,0.08304815921643885,0.060369221547641204,-0.0021075968917572147,0.001877092590310184,-0.0009015021012234147,-0.016067362726161293,0.0031186365518109014,-0.01471704195676396,0.0,True,False,1,True,True,0.004006000002846122,4,1.1397389737831666e-09,1.6226896959759492e-10,`gtol` termination condition is satisfied.,True,True,0.009999999999999787,0.009177015308789116,1.0,2.5441172310740953e-06,0.009089775873129334,2.5432970983033277e-06,0.009089775987268426
11.359999999999802,1786132514.2816987,0.0075523999985307455,0.0066716000001179054,0.01,TELEOP,0,,0.0,11.359999999999802,1136,0.0,0.0,0.0,0.09560423171067384,0.07935642163155342,0.0,0.9922511724482098,8.638376759279876e-30,1.8066975079238148e-21,3.643591343665824e-09,0.10135874563601302,0.07357968456955086,-2.0328790734103208e-19,0.9921252112015597,-0.016000000000000007,-0.2249614984024424,0.2802328436113812,-0.07992395662243111,0.036547121263147034,-0.004811519793922724,0.9961191285998203,-0.016000000000000007,-0.2249614984024424,0.2802328436113812,-0.07933158870685918,0.03595352493720998,-0.00473337135505441,0.9961884551998434,-0.01600000049347008,-0.22496149825922587,0.2802328446271254,-0.0793315886358476,0.035953524932587626,-0.004733371316751204,0.9961884552058472,-0.016000235642636442,-0.2249604401522423,0.2802306271150697,-0.07613885158167498,0.03276643226729319,-0.004326040790757587,0.9965493071430903,-0.016000235642636442,-0.2249604401522423,0.2802306271150697,-0.07613885158167498,0.03276643226729319,-0.004326040790757587,0.9965493071430903,0.0023366131941586076,-0.5253878263490027,0.7422788238755396,0.016430650670993793,0.3760087775909914,0.0881009246855891,0.0022768393238129883,-0.5252989259260653,0.7394566321256782,0.016403337769920517,0.36683303922502003,0.08167219598020241,0.0022768393238129883,-0.5252989259260653,0.7394566321256782,0.016403337769920517,0.36683303922502003,0.08167219598020241,0.0007972442332193871,-0.0010358826105959357,0.025768205643530568,0.0021731145893152813,0.08307643953263681,0.060221049754037116,-0.00211537843246314,0.0018974745627346233,-0.0009326417368994006,-0.0160401290720761,0.0028280316197957607,-0.014817179360409292,0.0,True,False,1,True,True,0.003406100004212931,4,1.1383145382713841e-09,1.620763881924623e-10,`gtol` termination condition is satisfied.,True,True,0.009999999999999787,0.0091764635162922,1.0,2.46824740175726e-06,0.009087859452734015,2.4674433806942575e-06,0.009087859566830217
11.369999999999802,1786132514.2890291,0.006888199990498833,0.007114199994248338,0.01,TELEOP,0,,0.0,11.369999999999802,1137,0.0,0.0,0.0,0.09502477104349444,0.07993747310260077,-1.7347234759768075e-18,0.9922601943452647,7.849280969525538e-30,1.6416598583062741e-21,3.3107576720826497e-09,0.10077994404784749,0.07416124893686883,-4.336808689942018e-19,0.9921408730789376,-0.016000000000000007,-0.2249614984282855,0.2802328435149334,-0.08021215694622183,0.036835840211603466,-0.0048495303645878195,0.9960851433533093,-0.016000000000000007,-0.2249614984282855,0.2802328435149334,-0.07961978569986249,0.03624228614625231,-0.004771387489431188,0.9961548174262006,-0.01600000049012885,-0.22496149828474432,0.2802328445306768,-0.07961978562884188,0.03624228614164123,-0.004771387451348078,0.9961548174322271,-0.016000231071746612,-0.22496040495846092,0.2802307307246988,-0.07642805833558328,0.03305584014697771,-0.004364151429557723,0.9965174446609202,-0.016000231071746612,-0.22496040495846092,0.2802307307246988,-0.07642805833558328,0.03305584014697771,-0.004364151429557723,0.9965174446609202,0.0023419403735516937,-0.525395627359552,0.7425349503726983,0.016433572657674957,0.37683892597863705,0.08868403098702521,0.002284599486574018,-0.525309093054395,0.7397142178874594,0.016423467951487535,0.36766405857874707,0.08227291556827289,0.002284599486574018,-0.525309093054395,0.7397142178874594,0.016423467951487535,0.36766405857874707,0.08227291556827289,0.000776016276102984,-0.0010167128329676104,0.02575857617811142,0.002013018156701817,0.08310193537270667,0.06007195880704986,-0.002122795711640345,0.0019169777628325663,-0.000962946541914767,-0.016009643261346795,0.0025495840069864745,-0.014909094698725932,0.0,True,False,1,True,True,0.0036579000006895512,4,1.1369103205011374e-09,1.6188676322072645e-10,`gtol` termination condition is satisfied.,True,True,0.009999999999999787,0.009175738365971353,1.0,2.390963395198858e-06,0.009085799110601001,2.3901784420314007e-06,0.009085799224654318
11.379999999999802,1786132514.2963374,0.007416300009936094,0.007005499996012077,0.01,TELEOP,0,,0.0,11.379999999999802,1138,0.0,0.0,0.0,0.09444524637932951,0.08051847073760882,0.0,0.9922685479780283,7.13226725986097e-30,1.4916980172686559e-21,3.0083275896923503e-09,0.10020107439800995,0.07474276344304989,-4.0657581468206416e-19,0.9921558667882688,-0.016000000000000007,-0.2249614984517679,0.2802328434272959,-0.08050035861894121,0.037124538350657654,-0.004887538195643137,0.9960509890988807,-0.016000000000000007,-0.2249614984517679,0.2802328434272959,-0.07990798420083174,0.036531026690791245,-0.004809400903274483,0.9961210106271366,-0.016000000486815123,-0.2249614983079018,0.2802328444430386,-0.0799079841298019,0.03653102668619139,-0.004809400865409458,0.996121010633186,-0.016000226784261624,-0.224960368064016,0.28023083831406476,-0.07671731937149609,0.03334525740996518,-0.004402269178989527,0.9964854071900856,-0.016000226784261624,-0.224960368064016,0.28023083831406476,-0.07671731937149609,0.03334525740996518,-0.004402269178989527,0.9964854071900856,0.002347051954393498,-0.525403226754204,0.7427909581334939,0.016434979977554103,0.37766918321203347,0.08926566374857063,0.002292146666798153,-0.5253190666282792,0.7399717044208006,0.01644200056254943,0.36849530635183914,0.0828721359419229,0.002292146666798153,-0.5253190666282792,0.7399717044208006,0.01644200056254943,0.36849530635183914,0.0828721359419229,0.0007547180224134858,-0.0009973573884210322,0.025748653334126126,0.001853261106189563,0.08312477730920778,0.05992203736500247,-0.0021298253689498716,0.001935544454657844,-0.0009922843985292994,-0.01597570505122575,0.0022841936501110756,-0.014992144204738964,0.0,True,False,1,True,True,0.0036177000001771376,4,1.1355261657391277e-09,1.617003434338805e-10,`gtol` termination condition is satisfied.,True,True,0.009999999999999787,0.009174867399889985,1.0,2.313701630568865e-06,0.009083621304670926,2.312938961704916e-06,0.009083621418681735
11.389999999999802,1786132514.3034782,0.007240799997816794,0.006905899994308129,0.01,TELEOP,0,,0.0,11.389999999999802,1139,0.0,0.0,0.0,0.0938656581084756,0.0810994141452891,0.0,0.9922762333408746,6.48075109855057e-30,1.3554348444744054e-21,2.733523798600879e-09,0.09962213709425914,0.07532422768802664,-2.303929616531697e-19,0.9921701923178176,-0.016000000000000007,-0.22496149847310523,0.28023284334766385,-0.08078856158236654,0.037413215627128876,-0.0049255432800873016,0.9960166658431405,-0.016000000000000007,-0.22496149847310523,0.28023284334766385,-0.08019618414606447,0.03681974651342336,-0.00484741158902699,0.9960870348097021,-0.016000000483528527,-0.22496149832891418,0.2802328443634059,-0.08019618407502555,0.03681974650883465,-0.004847411551378066,0.9960870348157742,-0.016000222719932528,-0.2249603298514472,0.28023094879950367,-0.07700662282053138,0.03363467831030922,-0.004440392180158243,0.996453195776914,-0.016000222719932528,-0.2249603298514472,0.28023094879950367,-0.07700662282053138,0.03363467831030922,-0.004440392180158243,0.996453195776914,0.0023519479689611683,-0.5254106244685858,0.743046847031707,0.01643488238250327,0.3784995489997209,0.08984583283456962,0.0022994802021575195,-0.5253288448893418,0.7402290889000502,0.01645893935755029,0.3693267573844505,0.08346984973507879,0.0022994802021575195,-0.5253288448893418,0.7402290889000502,0.01645893935755029,0.3693267573844505,0.08346984973507879,0.0007333535359366788,-0.0009778261062655066,0.025738447924967253,0.001693879500086159,0.08314510326113612,0.05977137931559027,-0.0021364486476807515,0.001953128215552599,-0.0010205409158874138,-0.01593816061034073,0.002032595192834099,-0.015065804941220435,0.0,True,False,1,True,True,0.0033777000062400475,4,1.1341617130616164e-09,1.6151657399310636e-10,`gtol` termination condition is satisfied.,True,True,0.009999999999999787,0.00917387686019433,1.0,2.237831789376902e-06,0.009081351103808954,2.2370948748802574e-06,0.009081351217777216
11.399999999999801,1786132514.3113236,0.007131499995011836,0.0076200999901629984,0.01,TELEOP,0,,0.0,11.399999999999801,1140,0.0,0.0,0.0,0.09328600662127184,0.08168030293438966,-1.734723475976807e-18,0.9922832504286275,5.888749435643432e-30,1.2316189981798935e-21,2.4838227006928463e-09,0.09904313254272488,0.07590564127257697,-3.5236570605778904e-19,0.9921838496564652,-0.016000000000000007,-0.22496149849249347,0.280232843275306,-0.08107676577912208,0.037701871988234464,-0.00496354561097134,0.9959821735926542,-0.016000000000000007,-0.22496149849249347,0.280232843275306,-0.08048438547321163,0.03710844555753732,-0.004885419539235686,0.9960528899808626,-0.016000000480268815,-0.22496149834797738,0.2802328442910474,-0.08048438540216346,0.03710844555295965,-0.0048854195018008945,0.9960528899869577,-0.016000218821880262,-0.22496029068182116,0.28023106116773916,-0.07729595751934148,0.03392409741177745,-0.004478518664512546,0.9964208114228326,-0.016000218821880262,-0.22496029068182116,0.28023106116773916,-0.07729595751934148,0.03392409741177745,-0.004478518664512546,0.9964208114228326,0.00235662845002791,-0.5254178204383406,0.7433026169410232,0.01643328954245137,0.3793300230553079,0.09042454802920755,0.0023065994724027054,-0.5253384261810728,0.7404863686174248,0.016474288462585116,0.3701583879537252,0.08406605056140314,0.0023065994724027054,-0.5253384261810728,0.7404863686174248,0.016474288462585116,0.3701583879537252,0.08406605056140314,0.000711927024518616,-0.0009581291731036467,0.02572797173745119,0.0015349105034825092,0.0831630569274702,0.05962008263243605,-0.002142651141806325,0.001969693316186026,-0.0010476187516063155,-0.01589689966036532,0.00179536663340793,-0.015129668315421764,0.0,True,False,1,True,True,0.004090300004463643,4,1.1328166574725995e-09,1.61335822448718e-10,`gtol` termination condition is satisfied.,True,True,0.009999999999999787,0.009172791615270404,1.0,2.1646383846992095e-06,0.009079012129149676,2.1639309173928297e-06,0.009079012243075963
11.409999999999801,1786132514.318537,0.007918900009826757,0.006914300000062212,0.01,TELEOP,0,,0.0,11.409999999999801,1141,0.0,0.0,0.0,0.09270629230810028,0.08226113671369535,-3.469446951953615e-18,0.9922895992365616,5.350825758999831e-30,1.1191134438231478e-21,2.2569312227386784e-09,0.09846406114806287,0.07648700379824777,-7.182839392716468e-19,0.9921968387936929,-0.016000000000000007,-0.2249614985101106,0.28023284320955794,-0.08136497115260137,0.03799050738155216,-0.005001545181393736,0.9959475123539528,-0.016000000000000007,-0.2249614985101106,0.28023284320955794,-0.08077258812115311,0.03739712376723956,-0.004923424746542044,0.9960185761475102,-0.016000000477035693,-0.22496149836526927,0.28023284422529865,-0.08077258805009556,0.03739712376267288,-0.004923424709319445,0.9960185761536281,-0.01600021503673501,-0.22496025089398772,0.28023117447704704,-0.07758531302838118,0.03421350959942095,-0.004516646958939252,0.9963882550810336,-0.01600021503673501,-0.22496025089398772,0.28023117447704704,-0.07758531302838118,0.03421350959942095,-0.004516646958939252,0.9963882550810336,0.0023610934308603095,-0.5254248145991188,0.7435582677349809,0.016430211046232473,0.38016060509715116,0.09100181903721095,0.002313503900394526,-0.5253478089513961,0.7407435409911122,0.01648805238236459,0.3709901758168341,0.08466073304439356,0.002313503900394526,-0.5253478089513961,0.7407435409911122,0.01648805238236459,0.3709901758168341,0.08466073304439356,0.000690442799182068,-0.0009382770323213846,0.02571723736874423,0.001376391977947412,0.0831787863108935,0.059468248299044034,-0.0021484225336548444,0.0019852140782262557,-0.001073436870695973,-0.015851852553510033,0.0015729383423299104,-0.015183433339201885,0.0,True,False,1,True,True,0.0034394999966025352,4,1.131490722213631e-09,1.6115807107524435e-10,`gtol` termination condition is satisfied.,True,True,0.009999999999999787,0.009171635101582698,1.0,2.0952994264826007e-06,0.009076626510469123,2.0946252601364515e-06,0.009076626624353878
11.419999999999801,1786132514.3266032,0.00714799998968374,0.00783259999298025,0.01,TELEOP,0,,0.0,11.419999999999801,1142,0.0,0.0,0.0,0.09212651555938496,0.08284191509202805,0.0,0.9922952797604007,4.8620401693229326e-30,1.0168850123264945e-21,2.050765758475253e-09,0.09788492331359554,0.07706831486728569,-5.963111948670274e-19,0.9922091597195667,-0.016000000000000007,-0.22496149852611846,0.2802328431498158,-0.08165317764689625,0.038279121754985435,-0.005039541984495848,0.9959126821335382,-0.016000000000000007,-0.22496149852611846,0.2802328431498158,-0.08106079202988442,0.0376857810872867,-0.004961427203673136,0.9959840933164705,-0.01600000047382887,-0.2249614983809519,0.2802328441655559,-0.08106079195881777,0.03768578108273092,-0.00496142716666081,0.9959840933226111,-0.01600021131474106,-0.2249602108040468,0.28023128785782303,-0.07787467964362318,0.034502910087950193,-0.004554775489827574,0.9963555276537102,-0.01600021131474106,-0.2249602108040468,0.28023128785782303,-0.07787467964362318,0.034502910087950193,-0.004554775489827574,0.9963555276537102,0.0023653429452133363,-0.5254316068865706,0.7438137992869222,0.016425656402418016,0.38099129484805916,0.0915776554845449,0.0023201929527538255,-0.5253569917542977,0.7410006035718243,0.016500236003412813,0.37182210024017853,0.08525389283741361,0.0023201929527538255,-0.5253569917542977,0.7410006035718243,0.016500236003412813,0.37182210024017853,0.08525389283741361,0.0006689052359299587,-0.000918280290165815,0.02570625807121692,0.0012183621048222318,0.08319244233444757,0.05931597930200658,-0.0021537563252109647,0.001999674215556991,-0.0010979297527310742,-0.015802987312518373,0.0013656023554070354,-0.01522689970374624,0.0,True,False,1,True,True,0.004443600002559833,4,1.1301836493026514e-09,1.60982577853364e-10,`gtol` termination condition is satisfied.,True,True,0.009999999999999787,0.009170429280317083,1.0,2.030862362674315e-06,0.00907421485662507,2.0302254151598313e-06,0.009074214970468354
11.4299999999998,1786132514.334568,0.008064000008744188,0.007733400008874014,0.01,TELEOP,0,,0.0,11.4299999999998,1143,0.0,0.0,0.0,0.09154667676559217,0.08342263767824694,0.0,0.9923002919963191,4.417904015721196e-30,9.239949122241672e-22,1.863433034279303e-09,0.09730571944143963,0.07764957408257447,-4.20128341838133e-19,0.9922208124247237,-0.016000000000000007,-0.22496149854066405,0.2802328430955309,-0.0819413852067328,0.03856771505673248,-0.005077536013457839,0.995877682937888,-0.016000000000000007,-0.22496149854066405,0.2802328430955309,-0.0813489971404141,0.03797441746302441,-0.004999426903433578,0.9959494414945119,-0.016000000470648076,-0.22496149839517202,0.28023284411127036,-0.08134899706933793,0.03797441745847949,-0.0049994268666296166,0.9959494415006754,-0.016000207609829408,-0.22496017070501073,0.2802314005126026,-0.07816404840219209,0.034792294427125545,-0.004592902786152232,0.9963226299898407,-0.016000207609829408,-0.22496017070501073,0.2802314005126026,-0.07816404840219209,0.034792294427125545,-0.004592902786152232,0.9963226299898407,0.002369377027326652,-0.525438197236344,0.7440692114699536,0.016419635040142603,0.381822092035021,0.09215206691911695,0.0023266661401566057,-0.5253659732505829,0.7412575540478807,0.01651084459379542,0.37265414201570846,0.08584552663436049,0.0023266661401566057,-0.5253659732505829,0.7412575540478807,0.01651084459379542,0.37265414201570846,0.08584552663436049,0.0006473187402780366,-0.0008981496285174593,0.025695047605649782,0.0010608590382605143,0.0832041775529953,0.05916337969468891,-0.0021586495651922596,0.00201306616483562,-0.0011210465567139452,-0.015750306656172088,0.0011735218547741233,-0.015259960731766933,0.0,True,False,1,True,True,0.0035047999990638345,4,1.1288950974889847e-09,1.6081046759338722e-10,`gtol` termination condition is satisfied.,True,True,0.009999999999999787,0.009169194607880626,1.0,1.9722182735203472e-06,0.009071796239081716,1.9716223950376815e-06,0.009071796352884614
11.4399999999998,1786132514.3418496,0.008059100000537,0.006955600008950569,0.01,TELEOP,0,,0.0,11.4399999999998,1144,0.0,0.0,0.0,0.09096677631722992,0.08400330408124883,-3.469446951953615e-18,0.9923046359409414,4.0143386752075e-30,8.395901084851714e-22,1.693212722717765e-09,0.0967264499326221,0.07823078104757805,-6.369687763352339e-19,0.9922317969003603,-0.016000000000000007,-0.22496149855388092,0.2802328430462048,-0.08222959377741297,0.03885628723525778,-0.005115527261494931,0.9958425147734604,-0.016000000000000007,-0.22496149855388092,0.2802328430462048,-0.08163720339467041,0.03826303284033175,-0.005037423838698219,0.9959146206883532,-0.016000000467492975,-0.2249614984080635,0.28023284406194354,-0.08163720332358483,0.038263032835797565,-0.005037423802100742,0.9959146206945395,-0.016000203879659412,-0.22496013086665076,0.2802315117155779,-0.07845341108237955,0.03508165850437288,-0.0046310274816274205,0.9962895628834953,-0.016000203879659412,-0.22496013086665076,0.2802315117155779,-0.07845341108237955,0.03508165850437288,-0.0046310274816274205,0.9962895628834953,0.0023731957119218,-0.5254445855840719,0.7443245041568998,0.01641215630992176,0.3826529963889611,0.09272506281148399,0.0023329230173019682,-0.5253747522078268,0.7415143902489119,0.016519883799674794,0.37348628346531404,0.0864356321716807,0.0023329230173019682,-0.5253747522078268,0.7415143902489119,0.016519883799674794,0.37348628346531404,0.0864356321716807,0.0006256877145362522,-0.0008778957243972879,0.02568362010310885,0.0009039205879376552,0.08321414496056004,0.059010553732022825,-0.002163102574178483,0.0020253904120171875,-0.0011427502540934122,-0.015693845032286248,0.0009967407564733892,-0.015282596266608859,0.0,True,False,1,True,True,0.003628900012699887,4,1.1276247297304535e-09,1.6064080718911498e-10,`gtol` termination condition is satisfied.,True,True,0.009999999999999787,0.009167950019312532,1.0,1.920076264899659e-06,0.009069388187544743,1.919525074911908e-06,0.009069388301307735
11.4499999999998,1786132514.3486557,0.007177799998316914,0.006583900001714937,0.01,TELEOP,0,,0.0,11.4499999999998,1145,0.0,0.0,0.0,0.09038681460484774,0.08458391390996825,-3.469446951953614e-18,0.992308311591342,3.6476380975959356e-30,7.628954888607934e-22,1.538541644310496e-09,0.09614711518718523,0.07881193536628912,-1.0028870095490916e-18,0.992242113138221,-0.016000000000000007,-0.22496149856589048,0.2802328430013846,-0.08251780330476174,0.039144838239266594,-0.005153515721854043,0.9958071776466983,-0.016000000000000007,-0.22496149856589048,0.2802328430013846,-0.08192541073541668,0.03855162716557086,-0.005075418002405498,0.9958796309046696,-0.016000000464363354,-0.2249614984197474,0.2802328440171227,-0.08192541066432167,0.03855162716104736,-0.005075417966012646,0.9958796309108788,-0.016000200085631848,-0.22496009153551344,0.28023162081165615,-0.07874276019851181,0.035370998544837495,-0.0046691483159863835,0.9962563270726386,-0.016000200085631848,-0.22496009153551344,0.28023162081165615,-0.07874276019851181,0.035370998544837495,-0.0046691483159863835,0.9962563270726386,0.0023767990341978127,-0.5254507718653779,0.7445796772202785,0.016403229484456,0.3834840076445111,0.09329665255555611,0.002338963182580327,-0.525383327499589,0.7417711101482692,0.016527359638986314,0.37431850843425246,0.08702420822244558,0.002338963182580327,-0.525383327499589,0.7417711101482692,0.016527359638986314,0.37431850843425246,0.08702420822244558,0.0006040165278359015,-0.0008575291762191167,0.025671989935743288,0.0007475839311520255,0.08322249689384467,0.05885760507648996,-0.0021671186700351216,0.0020366548178171627,-0.0011630167365560679,-0.015633665678563294,0.0008351933284640733,-0.015294865553286524,0.0,True,False,1,True,True,0.003381900009117089,4,1.1263724512712762e-09,1.604737518414777e-10,`gtol` termination condition is satisfied.,True,True,0.009999999999999787,0.009166712923647069,1.0,1.874940935597674e-06,0.009067006696705689,1.8744376421712016e-06,0.009067006810429344
11.4599999999998,1786132514.3560655,0.00694870000006631,0.007045500009553507,0.01,TELEOP,0,,0.0,11.4599999999998,1146,0.0,0.0,0.0,0.08980679201903648,0.08516446677337797,-1.734723475976807e-18,0.9923113189450454,3.314434771835874e-30,6.932067458181926e-22,1.3979994124257774e-09,0.09556771560428211,0.0793930366431825,-1.0299920638612292e-18,0.992251761130588,-0.016000000000000007,-0.22496149857680298,0.2802328429606586,-0.08280601373507905,0.03943336801768164,-0.0051915013878107204,0.995771671564033,-0.016000000000000007,-0.22496149857680298,0.2802328429606586,-0.08221361910617456,0.03884020038554124,-0.0051134093875514364,0.9958444721501,-0.016000000461258903,-0.22496149843033425,0.28023284397639603,-0.08221361903507,0.03884020038102837,-0.005113409351361369,0.995844472156332,-0.01600019619287508,-0.22496005293509297,0.28023172721510614,-0.07903208899113559,0.03566031110908889,-0.004707264135443399,0.9962229232383982,-0.01600019619287508,-0.22496005293509297,0.28023172721510614,-0.07903208899113559,0.03566031110908889,-0.004707264135443399,0.9962229232383982,0.0023801870298295774,-0.5254567560158652,0.7448347305322669,0.016392863759431997,0.3843151255398069,0.09386684546930665,0.0023447862774691646,-0.5253916981039564,0.7420277118642358,0.016533278492524967,0.37515080227456793,0.08761125458319437,0.0023447862774691646,-0.5253916981039564,0.7420277118642358,0.016533278492524967,0.37515080227456793,0.08761125458319437,0.0005823094888837784,-0.0008370604367259403,0.025660171596651942,0.000591885353865529,0.0832293840315482,0.05870463607488043,-0.0021707038952123517,0.002046873949317676,-0.0011818339091346104,-0.01556985772864998,0.0006887137703527382,-0.015296900160953013,0.0,True,False,1,True,True,0.003377200002432801,4,1.125137947415576e-09,1.603095108676811e-10,`gtol` termination condition is satisfied.,True,True,0.009999999999999787,0.009165499210258665,1.0,1.8370963874355988e-06,0.009064666243119709,1.8366436060791153e-06,0.009064666356804899
11.4699999999998,1786132514.363227,0.007316999995964579,0.006889399999636225,0.01,TELEOP,0,,0.0,11.4699999999998,1147,0.0,0.0,0.0,0.08922670895042788,0.08574496228048908,0.0,0.9923136580000264,3.0116688012429108e-30,6.298839086929406e-22,1.27029538948172e-09,0.09498825158226311,0.07997408448317285,-9.757819552369542e-19,0.992260740870273,-0.016000000000000007,-0.22496149858671866,0.2802328429236528,-0.0830942250150963,0.03972187651962206,-0.005229484252666374,0.9957359965318878,-0.016000000000000007,-0.22496149858671866,0.2802328429236528,-0.08250182845115411,0.03912875244743827,-0.005151397987184172,0.9958091444312516,-0.01600000045817938,-0.22496149843992422,0.2802328439393896,-0.08250182838004004,0.03912875244293593,-0.005151397951195068,0.9958091444375063,-0.016000192170206477,-0.2249600152661465,0.280231830407834,-0.07932139141297732,0.03594959308868833,-0.004745373892396099,0.9961893520047724,-0.016000192170206477,-0.2249600152661465,0.280231830407834,-0.07932139141297732,0.03594959308868833,-0.004745373892396099,0.9961893520047724,0.0023833597349637156,-0.5254625379711156,0.7450896639646708,0.016381068254307837,0.38514634981629414,0.09443565079547495,0.0023503919856832003,-0.5253998631014816,0.7422841936601248,0.01653764709272556,0.3759831518194524,0.08819677205424382,0.0023503919856832003,-0.5253998631014816,0.7422841936601248,0.01653764709272556,0.3759831518194524,0.08819677205424382,0.0005605708214035689,-0.0008164997525260554,0.025648179588899717,0.0004368600200592869,0.08323495448845128,0.05855174710494636,-0.0021738667480210006,0.0020560684199885278,-0.0011992007752225677,-0.015502533380624541,0.0005570456903076597,-0.015288896993407842,0.0,True,False,1,True,True,0.00351510000473354,4,1.1239208760652091e-09,1.6014769939038536e-10,`gtol` termination condition is satisfied.,True,True,0.009999999999999787,0.009164323265238972,1.0,1.8066001689257058e-06,0.009062379811247965,1.8061997650682497e-06,0.009062379924895336
11.4799999999998,1786132514.374785,0.007111200000508688,0.011336600000504404,0.01,TELEOP,0,,0.0,11.4799999999998,1148,0.0,0.0,0.0,0.08864656578969447,0.08632540004035123,1.7347234759768075e-18,0.9923153287547093,2.736559803636121e-30,5.723454666645056e-22,1.1542568346687665e-09,0.09440872351875448,0.08055507849157643,-8.267041565201971e-19,0.9922690523506089,-0.016000000000000007,-0.22496149859572856,0.2802328428900274,-0.08338243709193681,0.04001036369438438,-0.005267464309745765,0.9957001525566811,-0.016000000000000007,-0.22496149859572856,0.2802328428900274,-0.0827900387151907,0.039417283298815615,-0.005189383794399018,0.9957736477547057,-0.016000000455124497,-0.22496149844860835,0.2802328439057636,-0.08279003864406702,0.03941728329432377,-0.005189383758609075,0.9957736477609833,-0.0160001879900712,-0.22495997870713916,0.2802319299373344,-0.07961066211113019,0.03623884169982742,-0.00478347664442731,0.9961556139387433,-0.0160001879900712,-0.22495997870713916,0.2802319299373344,-0.07961066211113019,0.03623884169982742,-0.00478347664442731,0.9961556139387433,0.002386317186217438,-0.525468117666689,0.7453444773889079,0.0163678520130962,0.38597768021855966,0.09500307770227477,0.002355780032105332,-0.5254078216725826,0.7425405539433618,0.01654047251041201,0.3768155453494792,0.08878076241415048,0.002355780032105332,-0.5254078216725826,0.7425405539433618,0.01654047251041201,0.3768155453494792,0.08878076241415048,0.0005388046422131592,-0.0007958571100984861,0.025636028323701883,0.0002825417686450725,0.08323935300268259,0.058399035990666766,-0.0021766179190410135,0.0020642642427569735,-0.001215126519783291,-0.015431825141421768,0.0004398514231317615,-0.015271111427959429,0.0,True,False,1,True,True,0.005669200007105246,4,1.12272107254452e-09,1.5998851919620937e-10,`gtol` termination condition is satisfied.,True,True,0.009999999999999787,0.009163197996841732,1.0,1.7832895948039506e-06,0.009060158927706792,1.7829425707848251e-06,0.00906015904131723
11.4899999999998,1786132514.3837104,0.011711600003764033,0.008549799997126684,0.01,TELEOP,0,,0.0,11.4899999999998,1149,0.0,0.0,0.0,0.0880663629275493,0.08690577966205303,-1.7347234759768075e-18,0.9923163312079691,2.486581378332958e-30,5.200630285843687e-22,1.0488181343505637e-09,0.09382913181072966,0.08113601827407647,-9.757819552369542e-19,0.9922766955654424,-0.016000000000000007,-0.22496149860391543,0.28023284285947364,-0.08367064991307982,0.04029882949142517,-0.005305441552394726,0.9956641396448292,-0.016000000000000007,-0.22496149860391543,0.28023284285947364,-0.08307824984368739,0.03970579288755119,-0.005227366802333968,0.9957379821270226,-0.016000000452093977,-0.22496149845646918,0.28023284387520886,-0.08307824977255397,0.03970579288306974,-0.005227366766741401,0.995737982133323,-0.01600018362846039,-0.22495994341480485,0.28023202541435605,-0.07989989640590488,0.036528054475242995,-0.00482157155266579,0.9961217095507667,-0.01600018362846039,-0.22495994341480485,0.28023202541435605,-0.07989989640590488,0.036528054475242995,-0.00482157155266579,0.9961217095507667,0.0023890594206749213,-0.5254734950381191,0.7455991706759835,0.016353224005131586,0.3868091164941708,0.09556913528409365,0.002360950181524019,-0.5254155730944636,0.742796791263639,0.016541762139782364,0.3776479725516197,0.08936322838899508,0.002360950181524019,-0.5254155730944636,0.742796791263639,0.016541762139782364,0.3776479725516197,0.08936322838899508,0.0005170149418687224,-0.0007751421881017611,0.02562373202771398,0.00012896293703547066,0.08324272021405045,0.05824659748446063,-0.0021789700344437245,0.002071492199672536,-0.001229629598790393,-0.01535788316096051,0.0003367211367857892,-0.01524385062061373,0.0,True,False,1,True,True,0.004710900000645779,4,1.1215379563623077e-09,1.5983205496935664e-10,`gtol` termination condition is satisfied.,True,True,0.009999999999999787,0.009162134869080463,1.0,1.766801156493737e-06,0.009058013702798545,1.7665076001516405e-06,0.009058013816373047
11.4999999999998,1786132514.3913627,0.008782799995969981,0.007419399989885278,0.01,TELEOP,0,,0.0,11.4999999999998,1150,0.0,0.0,0.0,0.0874861007547455,0.08748610075472221,-1.734723475976807e-18,0.9923166653591308,2.2594379055252674e-30,4.725564706165236e-22,9.53011016243008e-10,0.09324947685457383,0.08171690343669179,-9.893344823930228e-19,0.9922836705091276,-0.016000000000000007,-0.22496149861135442,0.28023284283171085,-0.08395886342632816,0.04058727386034539,-0.005343415973978093,0.9956279578027495,-0.016000000000000007,-0.22496149861135442,0.28023284283171085,-0.08336646178256288,0.03999428116181616,-0.00526534700416563,0.9957021475547453,-0.01600000044908758,-0.2249614984635822,0.28023284384744535,-0.0833664617114199,0.03999428115734507,-0.005265346968768679,0.9957021475610687,-0.016000179064810677,-0.2249599095248097,0.2802321165103223,-0.08018909026676947,0.036817229254607814,-0.004859657879565269,0.996087639295607,-0.016000179064810677,-0.2249599095248097,0.2802321165103223,-0.08018909026676947,0.036817229254607814,-0.004859657879565269,0.996087639295607,0.002391586475885615,-0.5254786700209112,0.745853743696469,0.016337193125833357,0.38764065839352757,0.09613383256219472,0.0023659022372019933,-0.5254231167376215,0.7430529043102321,0.0165415236818861,0.37848042447192837,0.08994417361713873,0.0023659022372019933,-0.5254231167376215,0.7430529043102321,0.0165415236818861,0.37848042447192837,0.08994417361713873,0.0004952055677974377,-0.0007543643157929829,0.025611304659314202,-2.384578962651447e-05,0.08324519203087116,0.058094522814366445,-0.002180937407128522,0.002077787230877868,-0.0012427368399778895,-0.01528087266619884,0.0002471816820711024,-0.01520746700941853,0.0,True,False,1,True,True,0.0039766999980201945,4,1.120371742649941e-09,1.596778018290766e-10,`gtol` termination condition is satisfied.,True,True,0.009999999999999787,0.009161143942551131,1.0,1.7566016309430975e-06,0.009055952878423208,1.7563607295901596e-06,0.00905595299196231
11.509999999999799,1786132514.3989463,0.007697799999732524,0.007305299994186498,0.01,TELEOP,0,,0.0,11.509999999999799,1151,0.0,0.0,0.0,0.08690577966207633,0.088066362927526,-3.469446951953615e-18,0.9923163312079692,2.05304346497878e-30,4.293895271298222e-22,8.659556575055767e-10,0.09266975904614258,0.08229773358574838,-1.3145951341386741e-18,0.9922899771765203,-0.016000000000000007,-0.2249614986181139,0.28023284280648414,-0.08424707757977853,0.04087569675087625,-0.005381387567877856,0.995591607036862,-0.016000000000000007,-0.2249614986181139,0.28023284280648414,-0.0836546744782042,0.04028274807004698,-0.0053033243931055315,0.9956661440444042,-0.016000000446105046,-0.2249614984700156,0.2802328438222179,-0.08365467440705156,0.040282748065586155,-0.005303324357902453,0.9956661440507504,-0.01600017428188757,-0.22495987715250662,0.28023220295454565,-0.08047824028578948,0.03710636417359063,-0.004897734986160893,0.9960534035734856,-0.01600017428188757,-0.22495987715250662,0.28023220295454565,-0.08047824028578948,0.03710636417359063,-0.004897734986160893,0.9960534035734856,0.002393898389861714,-0.5254836425505435,0.7461081963204913,0.016319768197457087,0.38847230566973073,0.09669717848541211,0.0023706360393002733,-0.5254304520619949,0.7433088919085693,0.01653976512683932,0.37931289346275165,0.09052360261007787,0.0023706360393002733,-0.5254304520619949,0.7433088919085693,0.01653976512683932,0.37931289346275165,0.09052360261007787,0.0004733802098280132,-0.0007335324373393527,0.025598759833718038,-0.0001758555046777818,0.08324689908232799,0.05794289929391464,-0.0021825357969424983,0.0020831878453630567,-0.0012544825596165834,-0.015200971505127057,0.00017070514568238532,-0.015162352045180322,0.0,True,False,1,True,True,0.0039561000012326986,4,1.1192220139291454e-09,1.5952586655940327e-10,`gtol` termination condition is satisfied.,True,True,0.009999999999999787,0.009160233921599203,1.0,1.7520276018185337e-06,0.009053983881497257,1.7518377194019748e-06,0.009053983995001956
11.519999999999799,1786132514.4062436,0.0075241000013193116,0.007079199989675544,0.01,TELEOP,0,,0.0,11.519999999999799,1152,0.0,0.0,0.0,0.08632540004037449,0.0886465657896712,-3.469446951953614e-18,0.9923153287547093,1.865502680460779e-30,3.9016578435213455e-22,7.868526050881059e-10,0.09208997878081515,0.08287850832785382,-1.5991982044161188e-18,0.9922956155629727,-0.016000000000000007,-0.2249614986242559,0.28023284278356186,-0.08453529232179476,0.041164098112866296,-0.0054193563274914525,0.9955550873535923,-0.016000000000000007,-0.2249614986242559,0.28023284278356186,-0.0839428878774237,0.04057119356091993,-0.005341298962396778,0.9956299716025201,-0.016000000443146097,-0.22496149847583152,0.2802328437992947,-0.08394288780626129,0.040571193556469334,-0.005341298927385843,0.9956299716088891,-0.01600016926565394,-0.2249598463937679,0.28023228453127286,-0.08076734364896049,0.03739545765177271,-0.004935802328861198,0.996019002731512,-0.01600016926565394,-0.2249598463937679,0.28023228453127286,-0.08076734364896049,0.03739545765177271,-0.004935802328861198,0.996019002731512,0.002395995201076647,-0.5254884125624647,0.7463625284177179,0.016300957969839366,0.3893040580784592,0.09725918193084558,0.002375151463180477,-0.5254375786128127,0.7435647530161363,0.01653649473501172,0.38014537312528207,0.09110152070999963,0.002375151463180477,-0.5254375786128127,0.7435647530161363,0.01653649473501172,0.38014537312528207,0.09110152070999963,0.0004515423880203831,-0.0007126550817762128,0.02558611075670583,-0.00032703918276015466,0.083247966253042,0.05779180999217711,-0.0021837821807630603,0.002087735556314031,-0.0012649077012209394,-0.015118367808237608,0.00010671707140127995,-0.015108930173753261,0.0,True,False,1,True,True,0.003347999998368323,4,1.1180882963794469e-09,1.5937662484775328e-10,`gtol` termination condition is satisfied.,True,True,0.009999999999999787,0.009159412206979078,1.0,1.7523289943260097e-06,0.009052112882050716,1.75218779395582e-06,0.009052112995522
11.529999999999799,1786132514.413615,0.007325500002480112,0.007124499999918044,0.01,TELEOP,0,,0.0,11.529999999999799,1153,0.0,0.0,0.0,0.08574496228051237,0.0892267089504046,-3.469446951953615e-18,0.9923136580000265,1.6950933139851093e-30,3.5452503999495806e-22,7.149754341353355e-10,0.09151013645354261,0.08345922726987388,-1.7889335846010827e-18,0.9923005856643287,-0.016000000000000007,-0.22496149862983686,0.28023284276273347,-0.08482350760098352,0.04145247789626981,-0.005457322246230236,0.995518398759373,-0.016000000000000007,-0.22496149862983686,0.28023284276273347,-0.0842311019274201,0.040859617583328095,-0.0053792707053110156,0.9955936302356077,-0.01600000044021054,-0.22496149848108624,0.2802328437784654,-0.08423110185624788,0.040859617578887626,-0.005379270670490517,0.9955936302419994,-0.016000164005126466,-0.2249598173258834,0.28023236107659416,-0.08105639810580768,0.03768450837959985,-0.004973859455832648,0.9959844370653662,-0.016000164005126466,-0.2249598173258834,0.28023236107659416,-0.08105639810580768,0.03768450837959985,-0.004973859455832648,0.9959844370653662,0.002397876948462407,-0.525492979992093,0.7466167398573412,0.016280771121130792,0.3901359153778541,0.09781985170454771,0.002379448417607344,-0.5254444960161962,0.7438204867178034,0.01653172101740669,0.3809778582482445,0.09167793404461227,0.002379448417607344,-0.5254444960161962,0.7438204867178034,0.01653172101740669,0.3809778582482445,0.09167793404461227,0.00042969544268669195,-0.0006917403383506153,0.02557337016670596,-0.00047737176050300533,0.08324851229624128,0.05764133346126519,-0.0021846945333691644,0.0020914743425598068,-0.0012740589999867629,-0.015033257774285387,5.460431992850012e-05,-0.015047653091192735,0.0,True,False,1,True,True,0.0037518000026466325,4,1.1169706529940118e-09,1.592297411886265e-10,`gtol` termination condition is satisfied.,True,True,0.009999999999999787,0.00915868495317712,1.0,1.7567120977046243e-06,0.009050344855202966,1.756616691879721e-06,0.00905034496864178
11.539999999999798,1786132514.420437,0.00734579999698326,0.006600799999432638,0.01,TELEOP,0,,0.0,11.539999999999798,1154,0.0,0.0,0.0,0.08516446677340127,0.0898067920190132,-1.734723475976807e-18,0.9923113189450455,1.540250450032752e-30,3.2213999541792214e-22,6.49664077029338e-10,0.09093023245889159,0.08403989001891164,-1.6805133673525319e-18,0.9923048874769193,-0.016000000000000007,-0.22496149863490802,0.28023284274380766,-0.08511172336617227,0.041740836051136224,-0.0054952853175180925,0.9954815412606461,-0.016000000000000007,-0.22496149863490802,0.28023284274380766,-0.08451931657574317,0.04114802008636046,-0.0054172396151456826,0.9955571199501785,-0.016000000437298056,-0.22496149848583114,0.28023284375953855,-0.08451931650456106,0.04114802008193008,-0.005417239580513928,0.9955571199565931,-0.016000158492221313,-0.22495979000851432,0.28023243247525065,-0.08134540193761071,0.03797351530454096,-0.005011906003032415,0.9959497068212035,-0.016000158492221313,-0.22495979000851432,0.28023243247525065,-0.08134540193761071,0.03797351530454096,-0.005011906003032415,0.9959497068212035,0.002399543671408605,-0.5254973447748175,0.7468708305080731,0.016259216258524098,0.3909678773284171,0.09837919654221072,0.0023835268428722585,-0.525451203974566,0.7440760922206529,0.016525452715443173,0.3818103447434612,0.09225284947979608,0.0023835268428722585,-0.525451203974566,0.7440760922206529,0.016525452715443173,0.3818103447434612,0.09225284947979608,0.00040784252649145504,-0.0006707958369750197,0.025560550284945527,-0.0006268301963517739,0.08324864952167436,0.05749154351838091,-0.0021852916195237403,0.002094450137559597,-0.0012819881760431306,-0.01494584358487718,1.3722543309308006e-05,-0.014978994288428773,0.0,True,False,1,True,True,0.003379699992365204,4,1.1158686032249284e-09,1.5908522009481446e-10,`gtol` termination condition is satisfied.,True,True,0.009999999999999787,0.009158057129609598,1.0,1.764378322897685e-06,0.009048683646259176,1.764325430965582e-06,0.009048683759666524
11.549999999999798,1786132514.4288673,0.006824900003266521,0.008206099999370053,0.01,TELEOP,0,,0.0,11.549999999999798,1155,0.0,0.0,0.0,0.08458391390999156,0.09038681460482449,3.469446951953615e-18,0.9923083115913423,1.3995521245073683e-30,2.9271324995643395e-22,5.90318761808594e-10,0.09035026719108392,0.08462049618228837,-1.0977546996415732e-18,0.9923085209975592,-0.016000000000000007,-0.22496149863951592,0.2802328427266107,-0.08539993956638929,0.042029172527600675,-0.005533245534790189,0.9954445148638642,-0.016000000000000007,-0.22496149863951592,0.2802328427266107,-0.08480753177026162,0.04143640101928302,-0.0054552056852215204,0.9955204407527438,-0.01600000043440844,-0.22496149849011282,0.2802328437423407,-0.08480753169906984,0.041436401014862664,-0.005455205650776848,0.9955204407591813,-0.016000152721591245,-0.2249597644846904,0.28023249865737027,-0.08163435392458641,0.0382624776166153,-0.005049941689943089,0.995914812197751,-0.016000152721591245,-0.2249597644846904,0.28023249865737027,-0.08163435392458641,0.0382624776166153,-0.005049941689943089,0.995914812197751,0.002400995409759878,-0.5255015068459954,0.7471248002381304,0.016236301918969513,0.39179994369291155,0.09893722510984444,0.0023873867088573717,-0.525457702261901,0.7443315688483862,0.016517698780334437,0.38264282957900325,0.0928262745705899,0.0023873867088573717,-0.525457702261901,0.7443315688483862,0.016517698780334437,0.38264282957900325,0.0928262745705899,0.00038598659851134774,-0.0006498287334975013,0.02554766277333728,-0.0007753935108736089,0.08324848355420868,0.05734250907938276,-0.002185592798010778,0.0020967103477518884,-0.0012887511608247865,-0.014856331452183815,-1.659674656826852e-05,-0.014903443899815367,0.0,True,False,1,True,True,0.004188599996268749,4,1.1147822236787242e-09,1.5894258731056012e-10,`gtol` termination condition is satisfied.,True,True,0.009999999999999787,0.009157532584955885,1.0,1.7745562340574608e-06,0.009047132038218428,1.774542331280059e-06,0.009047132151594845
11.559999999999798,1786132514.4357648,0.008472399989841506,0.006630699994275346,0.01,TELEOP,0,,0.0,11.559999999999798,1156,0.0,0.0,0.0,0.08400330408127211,0.09096677631720662,-1.734723475976807e-18,0.9923046359409416,1.2717062664526e-30,2.6597456981056053e-22,5.36394504298556e-10,0.08977024104403264,0.08520104536752637,-1.0842021724855044e-18,0.9923114862235431,-0.016000000000000007,-0.2249614986437029,0.28023284271098464,-0.08568815615084534,0.042317487275875254,-0.005571202891491816,0.9954073195754924,-0.016000000000000007,-0.2249614986437029,0.28023284271098464,-0.08509574745913392,0.041724760331521546,-0.005493168908880306,0.9954835926498171,-0.016000000431541456,-0.22496149849397346,0.2802328437267135,-0.0850957473879321,0.04172476032711113,-0.005493168874621049,0.9954835926562775,-0.01600014669045589,-0.22495974078184178,0.28023255959516064,-0.08192325331234504,0.03855139473344169,-0.0050879663150612126,0.9958797533485679,-0.01600014669045589,-0.22495974078184178,0.28023255959516064,-0.08192325331234504,0.03855139473344169,-0.0050879663150612126,0.9958797533485679,0.0024022322038147652,-0.5255054661409557,0.747378648915235,0.016212036569884954,0.3926321142362762,0.09949394600445242,0.0023910280130587077,-0.5254639907188959,0.7445869160353839,0.01650846835224553,0.3834753107105923,0.09339821751099715,0.0023910280130587077,-0.5254639907188959,0.7445869160353839,0.01650846835224553,0.3834753107105923,0.09339821751099715,0.0003641304201335925,-0.0006288456994940269,0.02553471869975968,-0.0009230428088907234,0.08324811315890861,0.05719429404072762,-0.0021856178377755698,0.0020983034003474853,-0.0012944073577600586,-0.014764929801711764,-3.703953000665228e-05,-0.014821503865514,0.0,True,False,1,True,True,0.0033967000053962693,4,1.1137109118573739e-09,1.588028042830882e-10,`gtol` termination condition is satisfied.,True,True,0.009999999999999787,0.009157114113908293,1.0,1.78652577569422e-06,0.009045691821018035,1.7865472236866918e-06,0.009045691934364965
11.569999999999798,1786132514.4437556,0.006846000003861263,0.007776099999318831,0.01,TELEOP,0,,0.0,11.569999999999798,1157,0.0,0.0,0.0,0.08342263767827024,0.09154667676556892,0.0,0.9923002919963193,1.1555388326133737e-30,2.4167840641461125e-22,4.873961033734253e-10,0.08919015441137455,0.0857815371823335,-9.21571846612679e-19,0.9923137831526433,-0.016000000000000007,-0.22496149864750742,0.280232842696786,-0.08597637306891745,0.042605780246241266,-0.005609157381077392,0.9953699554020091,-0.016000000000000007,-0.22496149864750742,0.280232842696786,-0.08538396359078201,0.04201309797264613,-0.0055311292794828154,0.9954465756479163,-0.016000000428696846,-0.22496149849745156,0.2802328437125137,-0.08538396351957048,0.04201309796824561,-0.0055311292454073525,0.9954465756543994,-0.01600014039842663,-0.22495971891285368,0.28023261529958565,-0.08221209977791558,0.03884026628495341,-0.005125979751189271,0.9958445303844423,-0.01600014039842663,-0.22495971891285368,0.28023261529958565,-0.08221209977791558,0.03884026628495341,-0.005125979751189271,0.9958445303844423,0.0024032540943238244,-0.5255092225949958,0.7476323764065993,0.01618642860985569,0.3934643887255413,0.10004936775470125,0.0023944507785853843,-0.5254700692480586,0.7448421333204873,0.016497770739397434,0.384307787011875,0.09396868708306287,0.0023944507785853843,-0.5254700692480586,0.7448421333204873,0.016497770739397434,0.384307787011875,0.09396868708306287,0.00034227655266768026,-0.0006078529162721906,0.025521728510345988,-0.001069761284809438,0.08324763012826968,0.05704695720657261,-0.0021853867465912737,0.0020992783221836786,-0.0012990189413690512,-0.014671847591871767,-4.830306389314032e-05,-0.014733683415501497,0.0,True,False,1,True,True,0.0042025000002468005,4,1.1126547303687396e-09,1.5866466279642212e-10,`gtol` termination condition is satisfied.,True,True,0.009999999999999787,0.009156803525683876,1.0,1.7996347773837537e-06,0.009044363861893685,1.799687929232804e-06,0.009044363975211538
11.579999999999798,1786132514.450974,0.00799919999553822,0.006995300005655736,0.01,TELEOP,0,,0.0,11.579999999999798,1158,0.0,0.0,0.0,0.08284191509205135,0.09212651555936169,-3.469446951953615e-18,0.9922952797604009,1.0499830258776567e-30,2.196016414979343e-22,4.4287359338925956e-10,0.08861000768649976,0.086361971234589,-1.0977546996415732e-18,0.9923154117831057,-0.016000000000000007,-0.2249614986509644,0.2802328426838844,-0.08626459027013392,0.042894051389042065,-0.005647108997009489,0.9953324223499083,-0.016000000000000007,-0.2249614986509644,0.2802328426838844,-0.08567218011386726,0.04230141389235697,-0.005569086790406956,0.9954093897535655,-0.01600000042587438,-0.22496149850058217,0.2802328436996109,-0.08567218004264582,0.04230141388796628,-0.005569086756513657,0.9954093897600715,-0.016000133847328242,-0.22495969887713713,0.2802326658170503,-0.08250089339560916,0.03912909209791254,-0.005163981940578306,0.9958091433758965,-0.016000133847328242,-0.22495969887713713,0.2802326658170503,-0.08250089339560916,0.03912909209791254,-0.005163981940578306,0.9958091433758965,0.002404061122488217,-0.5255127761433849,0.7478859825789281,0.01615948636932682,0.39429676692975346,0.10060349882158492,0.00239765505215083,-0.5254759378087864,0.7450972203405714,0.0164856153972723,0.38514025820414716,0.09453769260564063,0.00239765505215083,-0.5254759378087864,0.7450972203405714,0.0164856153972723,0.38514025820414716,0.09453769260564063,0.0003204273565445633,-0.0005868560727816342,0.025508702008401052,-0.0012155342125132417,0.08324711922721835,0.05690055225777632,-0.002184919612311738,0.0020996843490556825,-0.0013026501944935164,-0.014577292770380675,-5.1090105132716355e-05,-0.01464049487962914,0.0,True,False,1,True,True,0.003712300007464364,4,1.1116132994611442e-09,1.5852895509954596e-10,`gtol` termination condition is satisfied.,True,True,0.009999999999999787,0.00915660171366628,1.0,1.8133085875414334e-06,0.009043148176265548,1.8133898680700733e-06,0.009043148289555448
11.589999999999797,1786132514.459914,0.007220200001029298,0.008715600008144975,0.01,TELEOP,0,,0.0,11.589999999999797,1159,0.0,0.0,0.0,0.08226113671371868,0.09270629230807699,0.0,0.9922895992365618,9.540694985886885e-31,1.995415381292075e-22,4.0241811202685834e-10,0.08802980126257845,0.08694234713233097,-9.486769009248166e-19,0.9923163721136482,-0.016000000000000007,-0.2249614986541056,0.2802328426721613,-0.08655280770416057,0.04318230065467679,-0.005685057732758033,0.9952947204256993,-0.016000000000000007,-0.2249614986541056,0.2802328426721613,-0.08596039697726875,0.042589708040471734,-0.005607041435046095,0.9953720349732975,-0.016000000423073816,-0.22496149850339683,0.28023284368788637,-0.08596039690603725,0.04258970803609084,-0.00560704140133336,0.9953720349798265,-0.01600012704101819,-0.2249596806617057,0.2802327112261166,-0.08278963460297493,0.03941787218034843,-0.005201972889965978,0.9957735923557783,-0.01600012704101819,-0.2249596806617057,0.2802327112261166,-0.08278963460297493,0.03941787218034843,-0.005201972889965978,0.9957735923557783,0.002404653329958424,-0.5255161267213639,0.7481394672984116,0.01613121811128757,0.3951292486199054,0.10115634759908436,0.0024006409020705965,-0.5254815964124576,0.7453521768239667,0.01647201190806048,0.38597272478606165,0.09510524388323581,0.0024006409020705965,-0.5254815964124576,0.7453521768239667,0.01647201190806048,0.38597272478606165,0.09510524388323581,0.00029858499197667936,-0.0005658603671175471,0.02549564833953449,-0.0013603489211820878,0.08324665819144893,0.056755127759519776,-0.0021842364567884434,0.002099570566408749,-0.0013053668866561236,-0.014481470866884918,-4.6103576942004475e-05,-0.014542449825654646,0.0,True,False,1,True,True,0.0038017000042600557,4,1.1105863227512388e-09,1.5839560487069927e-10,`gtol` termination condition is satisfied.,True,True,0.009999999999999787,0.009156508725606305,1.0,1.8270540873949766e-06,0.009042043998623298,1.8271600502050188e-06,0.00904204411188628
11.599999999999797,1786132514.4698353,0.009093400003621355,0.009542699990561232,0.01,TELEOP,0,,0.0,11.599999999999797,1160,0.0,0.0,0.0,0.08168030293441296,0.09328600662124861,-3.469446951953615e-18,0.9922832504286279,8.669174507620402e-31,1.8131387892810677e-22,3.6565814559769824e-10,0.08744953553258508,0.0875226644837448,-1.1790698625779863e-18,0.9923166641434583,-0.016000000000000007,-0.22496149865695986,0.28023284266150905,-0.08684102532078887,0.04347052799359441,-0.005723003581799507,0.9952568496359093,-0.016000000000000007,-0.22496149865695986,0.28023284266150905,-0.08624861413006352,0.04287798036691387,-0.005644993206807531,0.9953345113136554,-0.016000000420294935,-0.2249614985059246,0.28023284367723283,-0.08624861405882213,0.04287798036254267,-0.005644993173273772,0.9953345113202071,-0.016000119985205598,-0.224959664242251,0.2802327516342686,-0.08307832416707277,0.03970660670603438,-0.005239952665551889,0.9957378773219114,-0.016000119985205598,-0.224959664242251,0.2802327516342686,-0.08307832416707277,0.03970660670603438,-0.005239952665551889,0.9957378773219114,0.002405030758832322,-0.5255192742641447,0.7483928304307211,0.016101632031945687,0.3959618335688705,0.1017079224148188,0.002403408416280117,-0.5254870451175707,0.7456070025837926,0.016456969960476624,0.3868051879638083,0.0956713511552785,0.002403408416280117,-0.5254870451175707,0.7456070025837926,0.016456969960476624,0.3868051879638083,0.0956713511552785,0.0002767514209520436,-0.0005448705113071048,0.02548257598259719,-0.0015041947583855166,0.08324631777466766,0.056610727204270204,-0.002183357102463619,0.002098985581044286,-0.0013072356937298552,-0.014384583720343184,-3.404167812695129e-05,-0.014440055524957373,0.0,True,False,1,True,True,0.005592600005911663,4,1.1095739187078643e-09,1.582641239643245e-10,`gtol` termination condition is satisfied.,True,True,0.009999999999999787,0.009156523833843744,1.0,1.8404594261701028e-06,0.00904104985291503,1.8405867901670787e-06,0.009041049966151769
11.609999999999797,1786132514.4781132,0.009808800008613616,0.008012200007215142,0.01,TELEOP,0,,0.0,11.609999999999797,1161,0.0,0.0,0.0,0.0810994141453124,0.09386565810845234,0.0,0.9922762333408749,7.87726541460011e-31,1.6475127434704377e-22,3.322561173325334e-10,0.08686921088932045,0.08810292289715287,-1.0028870095490916e-18,0.9923162878721911,-0.016000000000000007,-0.2249614986595534,0.2802328426518299,-0.0871292430699244,0.04375873335628862,-0.005760946537616281,0.9952188099870832,-0.016000000000000007,-0.2249614986595534,0.2802328426518299,-0.08653683152150875,0.04316623082170223,-0.005682942099111121,0.9952968187811935,-0.01600000041753752,-0.22496149850819167,0.2802328436675522,-0.08653683145025741,0.04316623081734069,-0.005682942065754778,0.995296818787768,-0.01600011268727056,-0.22495964958420936,0.280232787174749,-0.08336696315127429,0.03999529599910756,-0.0052779213879496426,0.9957019982397849,-0.01600011268727056,-0.22495964958420936,0.280232787174749,-0.08336696315127429,0.03999529599910756,-0.0052779213879496426,0.9957019982397849,0.002405193451653781,-0.5255222187069123,0.7486460718410085,0.01607073626139518,0.3967945215513418,0.10225823153069345,0.002405957700384494,-0.5254922840249615,0.7458616975112526,0.016440499330058915,0.38763764958221175,0.09623602504614691,0.002405957700384494,-0.5254922840249615,0.7458616975112526,0.016440499330058915,0.38763764958221175,0.09623602504614691,0.0002549284104377518,-0.0005238907390742735,0.025469492746002888,-0.0016470630417710576,0.08324616184034363,0.05646738908684141,-0.0021823010514292313,0.002097977223283165,-0.0013083236594304006,-0.014286828338554394,-1.559343240330191e-05,-0.014333811742879971,0.0,True,False,1,True,True,0.004476100002648309,4,1.1085755295734352e-09,1.5813472023095814e-10,`gtol` termination condition is satisfied.,True,True,0.009999999999999787,0.009156645605062186,1.0,1.853190713909023e-06,0.009040163621992552,1.8533363848396315e-06,0.009040163735203895
11.619999999999797,1786132514.4849794,0.008238700000219978,0.006639800005359575,0.01,TELEOP,0,,0.0,11.619999999999797,1162,0.0,0.0,0.0,0.08051847073763216,0.09444524637930626,-3.469446951953615e-18,0.9922685479780287,7.157695390433141e-31,1.497016254874643e-22,3.0190528732198297e-10,0.08628882772543152,0.08868312198100528,-1.1519648082658485e-18,0.9923152432999672,-0.016000000000000007,-0.22496149866190998,0.2802328426430349,-0.08741746090157705,0.04404691669329295,-0.0057988865936959705,0.995180601485785,-0.016000000000000007,-0.22496149866190998,0.2802328426430349,-0.08682504910102548,0.04345445935494147,-0.005720888105388019,0.9952589573824794,-0.016000000414801333,-0.22496149851022157,0.2802328436587555,-0.08682504902976403,0.04345445935058952,-0.005720888072207528,0.9952589573890769,-0.016000105156085798,-0.2249596366438139,0.280232818003479,-0.08365555288277764,0.04028394051892663,-0.005315879227152004,0.9956659550452586,-0.016000105156085798,-0.2249596366438139,0.280232818003479,-0.08365555288277764,0.04028394051892663,-0.005315879227152004,0.9956659550452586,0.0024051414514120353,-0.5255249599848281,0.7488991913939056,0.016038538864277717,0.3976273123437756,0.1028072831435418,0.002408288875751198,-0.5254973132731243,0.7461162615689427,0.016422609860052534,0.388470112057148,0.09679927651623041,0.002408288875751198,-0.5254973132731243,0.7461162615689427,0.016422609860052534,0.388470112057148,0.09679927651623041,0.00023311753667039877,-0.0005029248162809714,0.025456405769011644,-0.0017889470006381874,0.08324624749362321,0.05632514700835108,-0.002181087376735349,0.002096592279330256,-0.0013086976991245544,-0.014188395886713284,8.565327957431777e-06,-0.014224207849032958,0.0,True,False,1,True,True,0.003403700000490062,4,1.1075910296677961e-09,1.5800759984267804e-10,`gtol` termination condition is satisfied.,True,True,0.009999999999999787,0.009156871969130065,1.0,1.8649867157318247e-06,0.009039382615712964,1.8651477958037114e-06,0.009039382728900034
11.629999999999797,1786132514.4929333,0.0068571999872801825,0.007736600004136562,0.01,TELEOP,0,,0.0,11.629999999999797,1163,0.0,0.0,0.0,0.07993747310262407,0.09502477104347119,3.469446951953615e-18,0.9922601943452651,6.503856428053168e-31,1.3602672733433183e-22,2.743269356404127e-10,0.08570838643342944,0.08926326134387137,-8.673617379884034e-19,0.9923135304273714,-0.016000000000000007,-0.22496149866405132,0.28023284263504333,-0.0877056787658517,0.044335077955176674,-0.005836823743530901,0.9951422241385985,-0.016000000000000007,-0.22496149866405132,0.28023284263504333,-0.08711326681818392,0.043742665916813556,-0.0057588312190795556,0.9952209271240955,-0.016000000412086136,-0.22496149851203642,0.28023284365076234,-0.08711326674691253,0.04374266591247116,-0.00575883118607339,0.9952209271307159,-0.016000097401840958,-0.22495962536912517,0.2802328442960788,-0.08394409492100134,0.04057254084525286,-0.0053538263975427425,0.9956297476472663,-0.016000097401840958,-0.22495962536912517,0.2802328442960788,-0.08394409492100134,0.04057254084525286,-0.0053538263975427425,0.9956297476472663,0.0024048748015401498,-0.5255274980330259,0.7491521889535196,0.016005047840433943,0.39846020572433993,0.10335508538576074,0.002410402077655322,-0.5255021330336618,0.7463706947842182,0.016403311442966,0.38930257830963944,0.0973611168142898,0.002410402077655322,-0.5255021330336618,0.7463706947842182,0.016403311442966,0.38930257830963944,0.0973611168142898,0.00021132019041241593,-0.00048197605374476223,0.025443321527550203,-0.0019298417086534682,0.08324662524914901,0.05618402980594012,-0.0021797346257983294,0.0020948762536209587,-0.0013084241461442578,-0.01408947080152839,3.777555258067482e-05,-0.014111720241097015,0.0,True,False,1,True,True,0.0044713999959640205,4,1.1066203562522847e-09,1.5788234375235509e-10,`gtol` termination condition is satisfied.,True,True,0.009999999999999787,0.009157200286627587,1.0,1.875652365164254e-06,0.009038703637337804,1.8758261534608456e-06,0.009038703750501066
11.639999999999796,1786132514.4997165,0.007959599999594502,0.006560099995112978,0.01,TELEOP,0,,0.0,11.639999999999796,1164,0.0,0.0,0.0,0.07935642163157673,0.09560423171065056,-3.469446951953615e-18,0.9922511724482102,5.909744146595873e-31,1.2360099958191892e-22,2.492678027849669e-10,0.08512788740570594,0.08984334059443218,-9.893344823930228e-19,0.9923111492554512,-0.016000000000000007,-0.22496149866599707,0.28023284262778175,-0.08799389661294,0.04462321709254078,-0.0058747579806175615,0.995103677952128,-0.016000000000000007,-0.22496149866599707,0.28023284262778175,-0.0874014846226901,0.04403085045756991,-0.005796771433636205,0.9951827280126395,-0.016000000409391722,-0.22496149851365566,0.280232843643499,-0.08740148455140859,0.044030850453237014,-0.00579677140080284,0.9951827280192826,-0.01600008943587125,-0.22495961570103484,0.2802328662449995,-0.08423259102700509,0.04086109766383054,-0.005391763152985918,0.9955933759304982,-0.01600008943587125,-0.22495961570103484,0.2802328662449995,-0.08423259102700509,0.04086109766383054,-0.005391763152985918,0.9955933759304982,0.0024043935459132654,-0.5255298327866176,0.7494050643834385,0.01597027112554634,0.3992932014728659,0.103901646325938,0.0024122974534858937,-0.5255067435068833,0.7466249972426598,0.01638261400287682,0.3901350517019457,0.0979215574313418,0.0024122974534858937,-0.5255067435068833,0.7466249972426598,0.01638261400287682,0.3901350517019457,0.0979215574313418,0.00018953758305717569,-0.0004610473221520054,0.025430245844157276,-0.0020697440089182196,0.08324733923062719,0.05604406170520081,-0.0021782607355240696,0.0020928731592757296,-0.0013075683392926286,-0.013990230026475444,7.139814781828568e-05,-0.013996810073931578,0.0,True,False,1,True,True,0.0033669999975245446,4,1.105663140467342e-09,1.5775920687203792e-10,`gtol` termination condition is satisfied.,True,True,0.009999999999999787,0.009157627414700498,1.0,1.8850516987534984e-06,0.009038123047906878,1.885235687394008e-06,0.009038123161047344
11.649999999999796,1786132514.5086186,0.006770100007997826,0.008692399991559796,0.01,TELEOP,0,,0.0,11.649999999999796,1165,0.0,0.0,0.0,0.07877531671581482,0.09618362799059108,0.0,0.99224148229294,5.369902651537847e-31,1.123103333957348e-22,2.2649776392460346e-10,0.08454733103454798,0.09042335934147362,-9.0801931945661e-19,0.9923080997857154,-0.016000000000000007,-0.22496149866776508,0.2802328426211835,-0.08828211439311284,0.044911334056014475,-0.00591268929845617,0.9950649629329988,-0.016000000000000007,-0.22496149866776508,0.2802328426211835,-0.08768970246437374,0.04431901292752436,-0.005834708742516662,0.9951443600547258,-0.01600000040671788,-0.22496149851509692,0.2802328436368989,-0.08768970239308202,0.0443190129232009,-0.005834708709854586,0.9951443600613918,-0.016000081270490782,-0.2249596075742396,0.28023288405677843,-0.08452104313406095,0.04114961175243366,-0.00542968978202033,0.9955568397580448,-0.016000081270490782,-0.2249596075742396,0.28023288405677843,-0.08452104313406095,0.04114961175243366,-0.00542968978202033,0.9955568397580448,0.0024036977288472735,-0.5255319641806933,0.7496578175467242,0.01593421659177564,0.4001262993707975,0.1044469739694749,0.002413975161020594,-0.5255111449175711,0.7468791690816762,0.016360527478551313,0.39096753597592676,0.09848061005626539,0.002413975161020594,-0.5255111449175711,0.7468791690816762,0.016360527478551313,0.39096753597592676,0.09848061005626539,0.00016777075347003642,-0.0004401410687851337,0.02541718390163332,-0.0022086524325508517,0.08324842739811092,0.05590526249235984,-0.0021766829587139738,0.002090625336687215,-0.001306194252395585,-0.01389084236326349,0.00010881674837373105,-0.013879921284097018,0.0,True,False,1,True,True,0.003737200007890351,4,1.1047193162693306e-09,1.5763816190137037e-10,`gtol` termination condition is satisfied.,True,True,0.009999999999999787,0.00915814977092022,1.0,1.8931006424084913e-06,0.00903763682832008,1.8932925086396059e-06,0.009037636941438665
11.659999999999796,1786132514.5187418,0.009130799997365102,0.009683700001914985,0.01,TELEOP,0,,0.0,11.659999999999796,1166,0.0,0.0,0.0,0.07819415874669906,0.09676295949308274,0.0,0.9922311238859806,4.879374431734615e-31,1.0205104352009057e-22,2.058077156011257e-10,0.08396671771215117,0.09100331719388033,-8.131516293641283e-19,0.9923043820201329,-0.016000000000000007,-0.22496149866937157,0.280232842615188,-0.08857033205671345,0.04519942879625211,-0.005950617690550247,0.9950260790878583,-0.016000000000000007,-0.22496149866937157,0.280232842615188,-0.08797792029317736,0.04460715327704683,-0.005872643139186999,0.9951058232569867,-0.016000000404064407,-0.2249614985163768,0.2802328436309013,-0.08797792022187556,0.04460715327273272,-0.00587264310669473,0.9951058232636757,-0.016000072918831838,-0.2249596009181781,0.28023289794942496,-0.08480945331948934,0.04143808396743681,-0.00546760660318435,0.9955201389739888,-0.016000072918831838,-0.2249596009181781,0.28023289794942496,-0.08480945331948934,0.04143808396743681,-0.00546760660318435,0.9955201389739888,0.0024027873950984665,-0.5255338921503211,0.7499104483059208,0.01589689204839165,0.40095949920115614,0.10499107625920506,0.002415435366775166,-0.525515337510929,0.7471332104842762,0.016337061807432378,0.391800035193918,0.09903828653329909,0.002415435366775166,-0.525515337510929,0.7471332104842762,0.016337061807432378,0.391800035193918,0.09903828653329909,0.0001460205754571675,-0.0004192593357960783,0.02540414026000042,-0.0023465671118935985,0.08324992179912208,0.055767647703371295,-0.0021750178012869387,0.0020881732989055874,-0.0013043641632900945,-0.013791467934274975,0.00014944010111618095,-0.013761478898854755,0.0,True,False,1,True,True,0.005811200011521578,4,1.1037884419842806e-09,1.575188711794394e-10,`gtol` termination condition is satisfied.,True,True,0.009999999999999787,0.009158763394870761,1.0,1.8997599367474892e-06,0.009037240638875912,1.8999575327176441e-06,0.009037240751973194
11.669999999999796,1786132514.5259416,0.00990000000456348,0.006983900006162003,0.01,TELEOP,0,,0.0,11.669999999999796,1167,0.0,0.0,0.0,0.07761294811562591,0.09734222582795916,-3.469446951953615e-18,0.9922200972343082,4.433654833248646e-31,9.272891610822097e-23,1.8700765547520937e-10,0.08338604783063186,0.09158321376063014,-1.1655173354219173e-18,0.9922999959611318,-0.016000000000000007,-0.22496149867083132,0.28023284260974013,-0.08885854955415143,0.04548750126393025,-0.0059885431504062385,0.9949870264233761,-0.016000000000000007,-0.22496149867083132,0.28023284260974013,-0.08826613805914624,0.04489527145655745,-0.005910574617119906,0.9950671176260732,-0.016000000401431076,-0.22496149851750996,0.2802328436254514,-0.08826613798783436,0.04489527145225267,-0.005910574584795975,0.995067117632785,-0.016000064394690476,-0.22495959565793017,0.28023290814994556,-0.08509782377784218,0.041726515230960104,-0.005505513960492963,0.9954832734059306,-0.016000064394690476,-0.22495959565793017,0.28023290814994556,-0.08509782377784218,0.041726515230960104,-0.005505513960492963,0.9954832734059306,0.0024016625898620634,-0.5255356166305502,0.7501629565230487,0.015858305242394285,0.40179280074849366,0.10553396107600432,0.0024166782444327377,-0.5255193215487267,0.7473871216730399,0.016312226910538366,0.3926325536823167,0.09959459882157098,0.0024166782444327377,-0.5255193215487267,0.7473871216730399,0.016312226910538366,0.3926325536823167,0.09959459882157098,0.00012428776575719398,-0.00039840377977217134,0.025391118876370165,-0.002483489689401138,0.08325184883987279,0.055631228827191216,-0.002173280969997398,0.00208555560239074,-0.0013021383630253645,-0.013692257750754255,0.0001927040750714093,-0.013641887618008377,0.0,True,False,1,True,True,0.0036242000060155988,4,1.1028706957858872e-09,1.5740145679265097e-10,`gtol` termination condition is satisfied.,True,True,0.009999999999999787,0.00915946400723816,1.0,1.905028379842977e-06,0.009036929876077906,1.9052297227975756e-06,0.009036929989154518
11.679999999999795,1786132514.532561,0.0072090999892679974,0.006394199997885153,0.01,TELEOP,0,,0.0,11.679999999999795,1168,0.0,0.0,0.0,0.07703168521402728,0.0979214266050979,0.0,0.9922084023453488,4.028650691888165e-31,8.425834353092807e-23,1.6992493748320859e-10,0.08280532178203806,0.09216304865078914,-1.124859753953711e-18,0.9922949416115984,-0.016000000000000007,-0.2249614986721577,0.2802328426047899,-0.08914676683589695,0.045775551409745104,-0.006026465671533177,0.9949478049462444,-0.016000000000000007,-0.2249614986721577,0.2802328426047899,-0.08855435571241943,0.04518336741652143,-0.005948503169794003,0.9950282431686556,-0.01600000039881765,-0.22496149851850974,0.2802328436204989,-0.08855435564109744,0.045183367412225915,-0.005948503137636951,0.9950282431753902,-0.016000055712379165,-0.22495959171507368,0.28023291489201285,-0.08538615679551421,0.04201490651862944,-0.00554341221908685,0.9954462428674349,-0.016000055712379165,-0.22495959171507368,0.28023291489201285,-0.08538615679551421,0.04201490651862944,-0.00554341221908685,0.9954462428674349,0.0024003233587706198,-0.5255371375564116,0.7504153420596116,0.015818463859126445,0.40262620379885816,0.10607563623939344,0.002417703973357303,-0.5255230973056502,0.7476409029043134,0.016286032678306275,0.3934650959780471,0.10014955895677732,0.002417703973357303,-0.5255230973056502,0.7476409029043134,0.016286032678306275,0.3934650959780471,0.10014955895677732,0.00010257289245651302,-0.00037757569235012423,0.025378123127347437,-0.0026194232232093187,0.08325422957303719,0.05549601352063532,-0.0021714873300681427,0.0020828087422047545,-0.0012995749022729278,-0.013593353380818376,0.00023807331643958357,-0.013521530655589802,0.0,True,False,1,True,True,0.0032860000064829364,4,1.1019654713772757e-09,1.5728583755062743e-10,`gtol` termination condition is satisfied.,True,True,0.009999999999999787,0.009160247066176963,1.0,1.9089365004040914e-06,0.009036699726535825,1.9091397623225507e-06,0.009036699839592552
11.689999999999795,1786132514.5397718,0.0066005000117002055,0.007005200008279644,0.01,TELEOP,0,,0.0,11.689999999999795,1169,0.0,0.0,0.0,0.07645037043337027,0.09850056143442057,0.0,0.9921960392269789,3.6606427445681105e-31,7.656153821845954e-23,1.5440268638136936e-10,0.0822245399583593,0.09274282147350711,-9.622294280808852e-19,0.992289218974876,-0.016000000000000007,-0.22496149867336293,0.28023284260029196,-0.08943498385247572,0.04606357918441021,-0.006064385247442378,0.9949084146631787,-0.016000000000000007,-0.22496149867336293,0.28023284260029196,-0.08884257320322163,0.04547144110744426,-0.0059864287906932125,0.9949891998914242,-0.01600000039622399,-0.22496149851938835,0.28023284361599865,-0.08884257313188947,0.04547144110315799,-0.005986428758701594,0.9949891998981818,-0.016000046886587058,-0.22495958900849689,0.28023291841378317,-0.08567445472683458,0.04230325884798601,-0.005581301761069859,0.9954090471603881,-0.016000046886587058,-0.22495958900849689,0.28023291841378317,-0.08567445472683458,0.04230325884798601,-0.005581301761069859,0.9954090471603881,0.0023987697478929245,-0.5255384548629213,0.7506676047765946,0.015777375522881113,0.40345970813975546,0.10661610950813642,0.0024185127371946515,-0.5255266650658666,0.7478945544626494,0.01625848895740307,0.39429766677803396,0.10070317901510091,0.0024185127371946515,-0.5255266650658666,0.7478945544626494,0.01625848895740307,0.39429766677803396,0.10070317901510091,8.087638373487457e-05,-0.0003567760216481086,0.025365155833597067,-0.002754372090320457,0.08325707999869268,0.055362005832359534,-0.002169650872163891,0.0020799670702016074,-0.0012967293750371842,-0.013494886711114115,0.0002850425655500274,-0.013400768827579134,0.0,True,False,1,True,True,0.003619399998569861,4,1.1010729715563118e-09,1.5717232400187453e-10,`gtol` termination condition is satisfied.,True,True,0.009999999999999787,0.009161107820811087,1.0,1.9115407155069795e-06,0.009036545217835857,1.911744213565922e-06,0.009036545330873374
11.699999999999795,1786132514.5466046,0.007236499994178303,0.006600699998671189,0.01,TELEOP,0,,0.0,11.699999999999795,1170,0.0,0.0,0.0,0.07586900416515698,0.0990796299258933,-3.469446951953614e-18,0.9921830078875244,3.326251474306559e-31,6.956781831611777e-23,1.40298357117778e-10,0.08164370275153555,0.09332253183801367,-1.2874900798265365e-18,0.9922828280547648,-0.016000000000000007,-0.22496149867445808,0.28023284259620485,-0.08972320055446457,0.04635158453865426,-0.0061023018716471495,0.9948688555809186,-0.016000000000000007,-0.22496149867445808,0.28023284259620485,-0.08913079048185571,0.04575949247986747,-0.006024351473306205,0.9949499878010908,-0.016000000393649856,-0.22496149852015668,0.280232843611909,-0.0891307904105134,0.045759492475590344,-0.006024351441478591,0.9949499878078713,-0.01600003793224812,-0.2249595874551643,0.2802329189558655,-0.08596271997168474,0.04259157326757104,-0.0056191829815494,0.9953716860772577,-0.01600003793224812,-0.2249595874551643,0.2802329189558655,-0.08596271997168474,0.04259157326757104,-0.0056191829815494,0.9953716860772577,0.00239700180373373,-0.5255395684850781,0.7509197445344691,0.015735047797503045,0.4042933135601203,0.10715538858083393,0.002419104722563187,-0.5255300251198096,0.7481480766555116,0.016229605538520275,0.39513027089178643,0.10125547107943735,0.002419104722563187,-0.5255300251198096,0.7481480766555116,0.016229605538520275,0.39513027089178643,0.10125547107943735,5.919853685355104e-05,-0.00033600539429649715,0.02535221928622764,-0.0028883418882798793,0.08326041137525049,0.05522920643364417,-0.002167784688132399,0.002077062735161191,-0.0012936547369427412,-0.013396979795942498,0.0003331376557808019,-0.013279939871536629,0.0,True,False,1,True,True,0.0033927000040421262,4,1.1001927152312858e-09,1.5706039189223087e-10,`gtol` termination condition is satisfied.,True,True,0.009999999999999787,0.009162041361721496,1.0,1.9129179969852535e-06,0.00903646126627534,1.9131201849606145e-06,0.009036461379294258
11.709999999999795,1786132514.5535467,0.0068429999955696985,0.006699899997329339,0.01,TELEOP,0,,0.0,11.709999999999795,1171,0.0,0.0,0.0,0.07528758680092411,0.09965863168952686,0.0,0.9921693083357621,3.0224060752019393e-31,6.321295859358125e-23,1.2748242580236362e-10,0.08106281055346543,0.0939021793536146,-1.2061749168901237e-18,0.9922757688555206,-0.016000000000000007,-0.22496149867545318,0.28023284259249104,-0.09001141689248697,0.0466395674232193,-0.006140215537662559,0.9948291277062272,-0.016000000000000007,-0.22496149867545318,0.28023284259249104,-0.08941900749869604,0.04604752148436472,-0.006062271211125878,0.9949106069043883,-0.01600000039109501,-0.22496149852082517,0.28023284360819267,-0.08941900742734353,0.0460475214800967,-0.006062271179460857,0.9949106069111915,-0.016000028864417565,-0.22495958697083543,0.2802329167594424,-0.08625095495466772,0.04287985084670606,-0.005657056284891139,0.9953341594032437,-0.016000028864417565,-0.22495958697083543,0.2802329167594424,-0.08625095495466772,0.04287985084670606,-0.005657056284891139,0.9953341594032437,0.002395019573231917,-0.525540478357869,0.7511717611931945,0.01569148818697979,0.40512701985028093,0.10769348109650718,0.0024194801178362107,-0.5255331777611884,0.7484014698082582,0.01619939214515868,0.3959629131971602,0.1018064472079754,0.0024194801178362107,-0.5255331777611884,0.7484014698082582,0.01619939214515868,0.3959629131971602,0.1018064472079754,3.753952730237388e-05,-0.00031526413786857517,0.02533931527465511,-0.003021339336159668,0.08326423053737858,0.05509761285380566,-0.0021659009551177623,0.0020741256427922418,-0.0012904011572533076,-0.013299744787979156,0.00038191621280885457,-0.013159357983851446,0.0,True,False,1,True,True,0.003275700000813231,4,1.0993247613220021e-09,1.5695036025381878e-10,`gtol` termination condition is satisfied.,True,True,0.009999999999999787,0.009163042668333898,1.0,1.913161048817977e-06,0.009036442721397274,1.913360508839746e-06,0.009036442834398273
11.719999999999795,1786132514.5646832,0.006917000006069429,0.010920000000623986,0.01,TELEOP,0,,0.0,11.719999999999795,1172,0.0,0.0,0.0,0.07470611873224284,0.10023756633537691,0.0,0.992154940580918,2.7463162523879823e-31,5.743860064716209e-23,1.1583720025377575e-10,0.08048186375601324,0.0944817636296886,-1.2061749168901237e-18,0.9922680413818549,-0.016000000000000007,-0.2249614986763574,0.2802328425891165,-0.09029963281720958,0.04692752778885898,-0.006178126239005203,0.9947892310458925,-0.016000000000000007,-0.2249614986763574,0.2802328425891165,-0.08970722420418238,0.04633552807153835,-0.006100187997648908,0.9948710572080715,-0.0160000003885593,-0.22496149852140268,0.28023284360481543,-0.08970722413281963,0.046335528067279405,-0.006100187966145082,0.9948710572148977,-0.016000019698156825,-0.22495958747073314,0.2802329120645453,-0.08653916210584667,0.043168092665980956,-0.0056949220811975025,0.995296466918319,-0.016000019698156825,-0.22495958747073314,0.2802329120645453,-0.08653916210584667,0.043168092665980956,-0.0056949220811975025,0.995296466918319,0.002392823103759504,-0.5255411844162688,0.7514236546122184,0.015646704136027517,0.40596082680192813,0.10823039463517731,0.0024196391120165054,-0.5255361232842235,0.7486547342594144,0.016167858423402695,0.3967955985993415,0.1023561194051575,0.0024196391120165054,-0.5255361232842235,0.7486547342594144,0.016167858423402695,0.3967955985993415,0.1023561194051575,1.5899418029463585e-05,-0.0002945523035187601,0.025326445115628444,-0.0031533721755985563,0.08326854021813032,0.05496721971821208,-0.0021640109272910756,0.0020711834349815502,-0.0012870159026665286,-0.013203283943889137,0.000430968075173487,-0.013039313559358851,0.0,True,False,1,True,True,0.005952100007561967,4,1.0984687393120171e-09,1.568422303232905e-10,`gtol` termination condition is satisfied.,True,True,0.009999999999999787,0.00916410665312073,1.0,1.9123739845390473e-06,0.009036484407279376,1.9125694211702414e-06,0.009036484520263054
11.729999999999794,1786132514.576384,0.011302400002023205,0.011318200005916879,0.01,TELEOP,0,,0.0,11.729999999999794,1173,0.0,0.0,0.0,0.07412460035071841,0.10081643347354441,0.0,0.9921399046326687,2.495446597997737e-31,5.2191716978726815e-23,1.0525573920006442e-10,0.07990086275101575,0.09506128427568447,-1.0706496453294354e-18,0.992259645638933,-0.016000000000000007,-0.224961498677179,0.28023284258605025,-0.09058784827933856,0.047215465586336935,-0.006216033969192988,0.9947491656067267,-0.016000000000000007,-0.224961498677179,0.28023284258605025,-0.08999544054881434,0.04662351219201615,-0.00613810182637532,0.9948313387189182,-0.016000000386042535,-0.22496149852189756,0.2802328436017463,-0.0899954404774415,0.04662351218776621,-0.0061381017950313125,0.9948313387257673,-0.016000010448427207,-0.22495958887016337,0.2802329051084803,-0.0868273438430532,0.04345629980845738,-0.005732780783016888,0.9952586083991495,-0.016000010448427207,-0.22495958887016337,0.2802329051084803,-0.0868273438430532,0.04345629980845738,-0.005732780783016888,0.9952586083991495,0.002390412443120698,-0.5255416865952423,0.7516754246504833,0.01560070303067018,0.4067947342080907,0.10876613671843832,0.0024195818937033323,-0.5255388619811101,0.7489078703562456,0.016135013932676846,0.3976283319930684,0.10290449959502777,0.0024195818937033323,-0.5255388619811101,0.7489078703562456,0.016135013932676846,0.3976283319930684,0.10290449959502777,-5.721831317302006e-06,-0.00027386968865521975,0.025313609683123916,-0.0032844490725851424,0.08327333937269531,0.05483801898702831,-0.0021621249346766053,0.0020682614863540764,-0.0012835432504528534,-0.013107689698658883,0.000479915456498096,-0.012920073118376866,0.0,True,False,1,True,True,0.005662300012772903,4,1.0976245143785923e-09,1.5673548600485742e-10,`gtol` termination condition is satisfied.,True,True,0.009999999999999787,0.00916522820258664,1.0,1.9106684892486373e-06,0.009036581160564276,1.9108587233979688e-06,0.00903658127353099
11.739999999999794,1786132514.5852125,0.011689399994793348,0.008456800002022646,0.01,TELEOP,0,,0.0,11.739999999999794,1174,0.0,0.0,0.0,0.07354303204799006,0.10139523271417568,0.0,0.9921242005011401,2.2674933078241606e-31,4.742412402977137e-23,9.564087020788815e-11,0.07931980793028803,0.09564074090111857,-1.0570971181733668e-18,0.9922505816323755,-0.016000000000000007,-0.22496149867792553,0.2802328425832641,-0.0908760632296168,0.04750338076642549,-0.0062539387217449725,0.9947089313955673,-0.016000000000000007,-0.22496149867792553,0.2802328425832641,-0.09028365648314644,0.046911473796448534,-0.006176012690808116,0.9947914514437293,-0.0160000003835445,-0.22496149852231745,0.2802328435989571,-0.09028365641176332,0.04691147379220755,-0.006176012659622542,0.9947914514506012,-0.01600000112999234,-0.22495959108508454,0.2802328961244055,-0.08711550255575978,0.043744473351588736,-0.005770632802288612,0.9952205836208929,-0.01600000112999234,-0.22495959108508454,0.2802328961244055,-0.08711550255575978,0.043744473351588736,-0.005770632802288612,0.9952205836208929,0.0023877876395511696,-0.5255419848297451,0.7519270711664273,0.015553492198812349,0.40762874186310527,0.10930071481002508,0.0024193086501513115,-0.525541394139705,0.7491608784506338,0.016100868137470758,0.3984611182280822,0.10345159959695745,0.0024193086501513115,-0.525541394139705,0.7491608784506338,0.016100868137470758,0.3984611182280822,0.10345159959695745,-2.732435520208387e-05,-0.0002532158594860475,0.025300809438823103,-0.003414579520608945,0.0832786235013852,0.054710000192968525,-0.0021602523884782323,0.0020653829169172714,-0.001280024430081282,-0.013013044802380531,0.0005284128689880587,-0.012801879405978378,0.0,True,False,1,True,True,0.0042021999979624525,4,1.0967919504319429e-09,1.566307874403548e-10,`gtol` termination condition is satisfied.,True,True,0.009999999999999787,0.009166402215022296,1.0,1.9081604433094114e-06,0.009036727865235473,1.908344407521208e-06,0.009036727978185987
11.749999999999794,1786132514.5929844,0.00867619999917224,0.007553100003860891,0.01,TELEOP,0,,0.0,11.749999999999794,1175,0.0,0.0,0.0,0.0729614142157306,0.10197396366746285,-3.469446951953614e-18,0.992107828196909,2.0603630248600562e-31,4.3092039698710104e-23,8.690429732162602e-11,0.07873869968562885,0.0962201331155724,-1.2197274440461927e-18,0.992240849368256,-0.016000000000000007,-0.2249614986786039,0.2802328425807324,-0.09116427761882073,0.04779127327990435,-0.006291840490181178,0.9946685284192771,-0.016000000000000007,-0.2249614986786039,0.2802328425807324,-0.0905718719577835,0.04719941283550594,-0.0062139205844529396,0.9947513953893287,-0.016000000381065,-0.22496149852266928,0.2802328435964223,-0.09057187188639024,0.04719941283127387,-0.006213920553424455,0.9947513953962237,-0.01599999175732928,-0.22495959403262736,0.2802328853400565,-0.08740364059049484,0.04403261435985332,-0.00580847854752635,0.9951823923588716,-0.01599999175732928,-0.22495959403262736,0.2802328853400565,-0.08740364059049484,0.04403261435985332,-0.00580847854752635,0.9951823923588716,0.002384948741716687,-0.5255420790547268,0.7521785940179878,0.015505078910803882,0.40846284956259166,0.109834136316373,0.002418819566420052,-0.525543720041438,0.749413758895263,0.016065430400013323,0.399293962077779,0.10399743110372225,0.002418819566420052,-0.525543720041438,0.749413758895263,0.016065430400013323,0.399293962077779,0.10399743110372225,-4.8908373125954694e-05,-0.00023259017329402252,0.025288044462916992,-0.003543773745743527,0.08328438496967909,0.05458315067648195,-0.002158401792387128,0.0020625686192025402,-0.0012764975906110153,-0.012919422513458489,0.0005761468293896677,-0.012684951648657869,0.0,True,False,1,True,True,0.0042575999977998435,4,1.0959708716928818e-09,1.565275452389728e-10,`gtol` termination condition is satisfied.,True,True,0.009999999999999787,0.009167623635023048,1.0,1.9049669864831004e-06,0.00903691948417529,1.905143720929793e-06,0.009036919597109914
11.759999999999794,1786132514.6004748,0.007861899997806177,0.0071807999920565635,0.01,TELEOP,0,,0.0,11.759999999999794,1176,0.0,0.0,0.0,0.07237974724564614,0.10255262594364402,-3.469446951953615e-18,0.9920907877310017,1.8721536154318296e-31,3.915568127793967e-23,7.896579021760068e-11,0.07815753840882536,0.09679946052869068,-1.4094628242311558e-18,0.9922304488531016,-0.016000000000000007,-0.2249614986792203,0.280232842578432,-0.09145249139775811,0.048079143077559505,-0.006329739268022457,0.9946279566847442,-0.016000000000000007,-0.2249614986792203,0.280232842578432,-0.0908600869233767,0.047487329259876546,-0.006251825500817762,0.9947111705625649,-0.016000000378603822,-0.22496149852295902,0.28023284359411854,-0.0908600868519731,0.047487329255653334,-0.006251825469945015,0.9947111705694827,-0.015999982344548542,-0.22495959763156476,0.28023287297661453,-0.08769176023777625,0.044320723878092216,-0.005846318421241283,0.9951440343901178,-0.015999982344548542,-0.22495959763156476,0.28023287297661453,-0.08769176023777625,0.044320723878092216,-0.005846318421241283,0.9951440343901178,0.002381895798712303,-0.5255419692051327,0.7524299930626062,0.01545547037999907,0.4092970571034282,0.11036640858717328,0.0024181148246128713,-0.525545839959441,0.7496665120401129,0.016028709973871687,0.4001268682110125,0.10454200566189174,0.0024181148246128713,-0.525545839959441,0.7496665120401129,0.016028709973871687,0.4001268682110125,0.10454200566189174,-7.047418071806137e-05,-0.00021199180030752812,0.02527531448499558,-0.0036720426141636842,0.08329061332335108,0.05445745581694945,-0.002156580759210714,0.0020598372986494824,-0.001272997792141495,-0.012826886842016019,0.0006228353671997265,-0.012569485953250447,0.0,True,False,1,True,True,0.003354899992700666,4,1.0951609808581323e-09,1.5642626928030435e-10,`gtol` termination condition is satisfied.,True,True,0.009999999999999787,0.009168887484812649,1.0,1.9012040003650344e-06,0.00903715108754457,1.9013726497243134e-06,0.009037151200464076
11.769999999999794,1786132514.60783,0.0074071999988518655,0.007129799996619113,0.01,TELEOP,0,,0.0,11.769999999999794,1177,0.0,0.0,0.0,0.07179803152947596,0.10313121915300348,-3.469446951953615e-18,0.9920730791148945,1.701136701389084e-31,3.557890011842462e-23,7.175244742719455e-11,0.07757632449165765,0.09737872275017952,-1.5314355686357754e-18,0.9922193800938928,-0.016000000000000007,-0.22496149867978038,0.28023284257634173,-0.0917407045172657,0.048366990110182105,-0.006367635048790343,0.9945872161988826,-0.016000000000000007,-0.22496149867978038,0.28023284257634173,-0.09114830133061964,0.04777522302026402,-0.006289727433412601,0.9946707769703099,-0.016000000376160863,-0.22496149852319247,0.2802328435920249,-0.09114830125920584,0.047775223016049646,-0.006289727402694265,0.9946707769772507,-0.01599997290532265,-0.22495960180273358,0.2802328592477161,-0.08797986372052381,0.04460880292553953,-0.005884152817603982,0.995105509494791,-0.01599997290532265,-0.22495960180273358,0.2802328592477161,-0.08797986372052381,0.04460880292553953,-0.005884152817603982,0.995105509494791,0.002378628860060869,-0.5255416552159036,0.7526812681572292,0.01540467376330784,0.41013136428372804,0.11089753891591993,0.002417194603202456,-0.5255477541568915,0.7499191382292609,0.015990715998446273,0.4009598411669815,0.10508533465447785,0.002417194603202456,-0.5255477541568915,0.7499191382292609,0.015990715998446273,0.4009598411669815,0.10508533465447785,-9.202214104155732e-05,-0.00019141974504754565,0.02526261891479895,-0.003799397542541602,0.08329729559690205,0.05433289925861212,-0.0021547960323496413,0.0020572055259982904,-0.0012695570196628696,-0.012735492837792033,0.0006682273550972136,-0.012455655833732624,0.0,True,False,1,True,True,0.0036948999913875014,4,1.094362381218902e-09,1.5632641760335765e-10,`gtol` termination condition is satisfied.,True,True,0.009999999999999787,0.009170188892415665,1.0,1.8969839869607553e-06,0.009037417878062927,1.8971437971151416e-06,0.009037417990967505
11.779999999999793,1786132514.6152549,0.0073712000012164935,0.007182799992733635,0.01,TELEOP,0,,0.0,11.779999999999793,1178,0.0,0.0,0.0,0.0712162674589921,0.10370974290587216,0.0,0.9920547023605136,1.5457417879383985e-31,3.2328849666830355e-23,6.51980268628365e-11,0.07699505832590244,0.09795791938980473,-1.4365678785432934e-18,0.9922076430980622,-0.016000000000000007,-0.2249614986802893,0.2802328425744424,-0.09202891692820689,0.048654814328567685,-0.0064055278260069445,0.9945463069686319,-0.016000000000000007,-0.2249614986802893,0.2802328425744424,-0.09143651513024514,0.04806309406738576,-0.006327626375749277,0.994630214619461,-0.016000000373735862,-0.22496149852337471,0.28023284359012207,-0.09143651505882111,0.04806309406318015,-0.0063276263451840405,0.9946302146264246,-0.01599996345282322,-0.22495960646940852,0.2802328443585979,-0.08826795318391131,0.044896852490528674,-0.0059219821203430265,0.9950668174574675,-0.01599996345282322,-0.22495960646940852,0.2802328443585979,-0.08826795318391131,0.044896852490528674,-0.0059219821203430265,0.9950668174574675,0.002375147975713152,-0.5255411370219777,0.7529324191583114,0.015352696161744395,0.4109657709028158,0.11142753454045548,0.0024160590764408995,-0.5255494628855619,0.7501716377979872,0.01595145749432921,0.40179288533311863,0.10562742928577885,0.0024160590764408995,-0.5255494628855619,0.7501716377979872,0.01595145749432921,0.40179288533311863,0.10562742928577885,-0.00011355267615566599,-0.0001708728670478972,0.025249956872628557,-0.003925850411706103,0.08330441661371177,0.05420946313010114,-0.0021530535114109126,0.0020546877999648877,-0.00126620421703914,-0.012645286916450407,0.0007121016809726044,-0.012343612851098824,0.0,True,False,1,True,True,0.0034521000052336603,4,1.0935747952995959e-09,1.5622810744861415e-10,`gtol` termination condition is satisfied.,True,True,0.009999999999999787,0.009171523116746516,1.0,1.8924143191551329e-06,0.009037715213260846,1.8925646347525351e-06,0.009037715326150999
11.789999999999793,1786132514.627581,0.007555800009868108,0.011953199995332398,0.01,TELEOP,0,,0.0,11.789999999999793,1179,0.0,0.0,0.0,0.07063445542599923,0.10428819681262763,0.0,0.9920356574802356,1.4045418413628783e-31,2.9375683826698204e-23,5.924233749889666e-11,0.07641374030333668,0.09853705005739051,-1.2739375526704677e-18,0.9921952378734952,-0.016000000000000007,-0.22496149868075174,0.2802328425727166,-0.09231712858147016,0.048942615683515225,-0.006443417593194826,0.994505229000958,-0.016000000000000007,-0.22496149868075174,0.2802328425727166,-0.09172472827302215,0.04835094235197107,-0.00636552232134118,0.9945894835169399,-0.016000000371328652,-0.22496149852351063,0.2802328435883925,-0.09172472820158781,0.04835094234777419,-0.006365522290927739,0.9945894835239265,-0.015999953999666253,-0.2249596115576294,0.28023282850537085,-0.08855603068660549,0.04518487352585511,-0.00595980670087636,0.9950279580683016,-0.015999953999666253,-0.2249596115576294,0.28023282850537085,-0.08855603068660549,0.04518487352585511,-0.00595980670087636,0.9950279580683016,0.002371453196046006,-0.5255404145582943,0.7531834459218261,0.015299544620964438,0.41180027676121067,0.111956402643505,0.002414708413851175,-0.5255509663845706,0.7504240110701796,0.015910943359490205,0.40262600492588385,0.10616830056834453,0.002414708413851175,-0.5255509663845706,0.7504240110701796,0.015910943359490205,0.40262600492588385,0.10616830056834453,-0.00013506625897248043,-0.00015034990085802504,0.025237327219242035,-0.0040514134839005735,0.08331195927652192,0.0540871282565692,-0.002151358281681489,0.0020522966189872624,-0.001262965338652353,-0.012556307219447333,0.0007542662810157882,-0.012233487353194064,0.0,True,False,1,True,True,0.0062344999896595255,4,1.0927979356902448e-09,1.5613162229724823e-10,`gtol` termination condition is satisfied.,True,True,0.009999999999999787,0.009172885569697142,1.0,1.8875958427560255e-06,0.00903803862481118,1.8877361043947752e-06,0.009038038737687422
11.799999999999793,1786132514.6363988,0.012331399993854575,0.008439600002020597,0.01,TELEOP,0,,0.0,11.799999999999793,1180,0.0,0.0,0.0,0.07005259582233436,0.10486658048369456,0.0,0.9920159444868866,1.2762401841837527e-31,2.6692282873631354e-23,5.383068662112957e-11,0.07583237081574074,0.09911611436281814,-1.1926223897340549e-18,0.9921821644285291,-0.016000000000000007,-0.22496149868117193,0.2802328425711484,-0.09260533942796731,0.0492303941258265,-0.006481304343876914,0.9944639823028528,-0.016000000000000007,-0.22496149868117193,0.2802328425711484,-0.09201294070975304,0.04863876782475968,-0.006403415263703073,0.9945485836696935,-0.016000000368939067,-0.2249614985236042,0.2802328435868204,-0.09201294063830832,0.04863876782057148,-0.006403415233440132,0.994548583676703,-0.015999944557865502,-0.22495961699648417,0.2802328118744185,-0.08884409819333808,0.04547286694477313,-0.005997626916670376,0.9949889311240623,-0.015999944557865502,-0.22495961699648417,0.2802328118744185,-0.08884409819333808,0.04547286694477313,-0.005997626916670376,0.9949889311240623,0.0023675445718617356,-0.525539487759795,0.7534343483032593,0.015245226131799558,0.4126348816605975,0.11248415035320804,0.0024131427797967784,-0.525552264879323,0.7506762583560301,0.015869182366251042,0.40345920397435414,0.10670795931198018,0.0024131427797967784,-0.525552264879323,0.7506762583560301,0.015869182366251042,0.40345920397435414,0.10670795931198018,-0.00015656340543966171,-0.00012984947524793044,0.02522472858505495,-0.0041760993239162505,0.08331990484702956,0.05396587436356587,-0.002149714646718174,0.002050042561009502,-0.0012598634187085608,-0.012468584001567952,0.0007945570507634133,-0.012125389300333215,0.0,True,False,1,True,True,0.004670700000133365,4,1.0920316912664184e-09,1.560367654764185e-10,`gtol` termination condition is satisfied.,True,True,0.009999999999999787,0.00917427183532682,1.0,1.882621803695195e-06,0.00903838383504358,1.8827515459174355e-06,0.009038383947906356
11.809999999999793,1786132514.644486,0.008703900006366894,0.007822600004146807,0.01,TELEOP,0,,0.0,11.809999999999793,1181,0.0,0.0,0.0,0.06947068903986633,0.10544489352954498,0.0,0.9919955633937428,1.159658587418731e-31,2.425400440749622e-23,4.8913377568606544e-11,0.07525095025490108,0.0996951119160249,-1.0164395367051604e-18,0.9921684227719534,-0.016000000000000007,-0.22496149868155374,0.2802328425697235,-0.09289354941863176,0.04951814960630533,-0.006519188071576414,0.994422566881335,-0.016000000000000007,-0.22496149868155374,0.2802328425697235,-0.09230115239127097,0.04892657043650027,-0.006441305196350897,0.9945075150846941,-0.016000000366566895,-0.22496149852365951,0.2802328435853915,-0.09230115231981606,0.04892657043232072,-0.006441305166237193,0.9945075150917265,-0.015999935138793615,-0.22495962271834768,0.2802327946419141,-0.08913215756875248,0.045760833617601415,-0.006035443109820581,0.9949497364290467,-0.015999935138793615,-0.22495962271834768,0.2802327946419141,-0.08913215756875248,0.045760833617601415,-0.006035443109820581,0.9949497364290467,0.0023634221543870878,-0.525538356561422,0.7536851261576198,0.015189747630784046,0.41346958540381573,0.11301078474364283,0.0024113623331260144,-0.5255533585806386,0.7509283799500153,0.015826183159007735,0.40429248630648984,0.1072464161146994,0.0024113623331260144,-0.5255533585806386,0.7509283799500153,0.015826183159007735,0.40429248630648984,0.1072464161146994,-0.0001780446670764191,-0.00010937013154598825,0.025212159398515448,-0.004299920724330863,0.08332823321356987,0.05384568027192333,-0.002148126163675783,0.0020479343701942637,-0.0012569186539503063,-0.012382140041461518,0.0008328366540308099,-0.012019409164253902,0.0,True,False,1,True,True,0.004472400003578514,4,1.0912760681381797e-09,1.5594311725037673e-10,`gtol` termination condition is satisfied.,True,True,0.009999999999999787,0.009175677686243333,1.0,1.8775770807821863e-06,0.009038746770761254,1.877695928919122e-06,0.009038746883610662
11.819999999999792,1786132514.6521683,0.008046299990382977,0.007458699998096563,0.01,TELEOP,0,,0.0,11.819999999999792,1182,0.0,0.0,0.0,0.06888873547049608,0.10602313556069837,0.0,0.9919745142145305,1.0537264505850895e-31,2.203845705456577e-23,4.444525335576484e-11,0.07466947901261303,0.10027404232700306,-8.267041565201972e-19,0.9921540129130091,-0.016000000000000007,-0.22496149868190066,0.28023284256842873,-0.09318175850441736,0.04980588207575703,-0.006557068769816718,0.9943809827434494,-0.016000000000000007,-0.22496149868190066,0.28023284256842873,-0.09258936326843772,0.04921435013794921,-0.006479192112801607,0.9944662777689398,-0.016000000364212,-0.22496149852367983,0.2802328435840925,-0.09258936319697249,0.049214350133778235,-0.006479192082835873,0.9944662777759952,-0.015999925753150707,-0.22495962865907942,0.28023277697344784,-0.08942021057245922,0.04604877436891046,-0.00607325560584633,0.9949103737958733,-0.015999925753150707,-0.22495962865907942,0.28023277697344784,-0.08942021057245922,0.04604877436891046,-0.00607325560584633,0.9949103737958733,0.0023590859952722894,-0.5255370208981262,0.7539357793394436,0.015133116000675989,0.4143043877948333,0.1135363128353455,0.002409367226887163,-0.5255542476840491,0.7511803761291505,0.0157819542526574,0.40512585553794994,0.10778368135552983,0.002409367226887163,-0.5255542476840491,0.7511803761291505,0.0157819542526574,0.40512585553794994,0.10778368135552983,-0.0001995106238851372,-8.891034106131407e-05,0.025199617913519917,-0.004422890635033668,0.0833369231460109,0.05372652408304507,-0.0021465956808718553,0.0020459790484674612,-0.0012541484995530889,-0.012296991070280698,0.0008689932441029863,-0.011915618887826246,0.0,True,False,1,True,True,0.003937400004360825,4,1.0905306554769212e-09,1.5585119207039235e-10,`gtol` termination condition is satisfied.,True,True,0.009999999999999787,0.009177099097325891,1.0,1.8725376931599021e-06,0.009039123574490203,1.8726453610008237e-06,0.009039123687326856
11.829999999999792,1786132514.6596706,0.007680499998969026,0.007280699996044859,0.01,TELEOP,0,,0.0,11.829999999999792,1183,0.0,0.0,0.0,0.06830673550615575,0.1066013061877221,0.0,0.9919527969634259,9.574709700845154e-32,2.0025294841450008e-23,4.0385281983530665e-11,0.07408795748068274,0.10085290520579905,-8.267041565201971e-19,0.9921389348613886,-0.016000000000000007,-0.2249614986822159,0.2802328425672522,-0.09346996663629697,0.05009359148498779,-0.006594946432121342,0.9943392298962674,-0.016000000000000007,-0.2249614986822159,0.2802328425672522,-0.09287757329214169,0.04950210687986952,-0.006517076006573028,0.9944248717294542,-0.01600000036187418,-0.22496149852366865,0.28023284358291156,-0.09287757322066617,0.04950210687570712,-0.006517075976754013,0.9944248717365325,-0.0159999164109398,-0.2249596347581822,0.2802327590237598,-0.0897082588552346,0.04633668997526256,-0.006111064712691581,0.9948708430461595,-0.0159999164109398,-0.2249596347581822,0.2802327590237598,-0.0897082588552346,0.04633668997526256,-0.006111064712691581,0.9948708430461595,0.0023545361465904372,-0.5255354807048617,0.7541863077027926,0.015075338070973015,0.4151392886387327,0.11406074159582422,0.0024071576081105997,-0.5255549323692645,0.751432247151508,0.015736504031685673,0.40595931506332156,0.1083197651890709,0.0024071576081105997,-0.5255549323692645,0.751432247151508,0.015736504031685673,0.40595931506332156,0.1083197651890709,-0.00022096187765632382,-6.846852153713783e-05,0.025187102235755862,-0.004545022097172793,0.08334595253716467,0.05360838335410686,-0.0021451253771187073,0.002044181952417668,-0.001251567776405464,-0.012213146213912826,0.0009029391153766303,-0.011814072893821225,0.0,True,False,1,True,True,0.004028999988804571,4,1.0897954091866446e-09,1.5576073581594492e-10,`gtol` termination condition is satisfied.,True,True,0.009999999999999787,0.009178532256883365,1.0,1.8675705603755328e-06,0.009039510613299544,1.8676668465010763e-06,0.009039510726123587
11.839999999999792,1786132514.666565,0.0075010000000474975,0.006673900003079325,0.01,TELEOP,0,,0.0,11.839999999999792,1184,0.0,0.0,0.0,0.06772468953880886,0.1071794050212317,-3.469446951953614e-18,0.9919304116550549,8.700082056833158e-32,1.819603035249355e-23,3.6696179631315085e-11,0.07350638605092946,0.10143170016251285,-9.0801931945661e-19,0.9921231886272359,-0.016000000000000007,-0.22496149868250234,0.2802328425661832,-0.09375817376526152,0.05038127778480438,-0.006632821052013873,0.9942973083468875,-0.016000000000000007,-0.22496149868250234,0.2802328425661832,-0.09316578241329597,0.0497898406130297,-0.006554956871183711,0.9943832969732871,-0.016000000359553304,-0.22496149852362868,0.2802328435818381,-0.09316578234181028,0.0497898406088758,-0.0065549568415101825,0.9943832969803883,-0.01599990712144928,-0.22495964095892274,0.2802327409365709,-0.08999630395629452,0.04662458116347425,-0.006148870719922599,0.9948311440110862,-0.01599990712144928,-0.22495964095892274,0.2802327409365709,-0.08999630395629452,0.04662458116347425,-0.006148870719922599,0.9948311440110862,0.0023497726608364233,-0.525533735916593,0.7544367111012623,0.01501642061842125,0.4159742877416888,0.11458407794006606,0.0024047336176537906,-0.5255554127997907,0.7516839932549868,0.015689840749869476,0.4067928680496231,0.10885467754169878,0.0024047336176537906,-0.5255554127997907,0.7516839932549868,0.015689840749869476,0.4067928680496231,0.10885467754169878,-0.00024239904568091887,-4.8043052609381994e-05,0.02517461034788335,-0.0046663281816197956,0.08335529863015599,0.05349123526278904,-0.0021437168024595497,0.002042546892775627,-0.0012491887872510647,-0.012130608444700508,0.0009346092991321017,-0.011714809131781943,0.0,True,False,1,True,True,0.003504899999825284,4,1.0890703729326165e-09,1.5567155484594828e-10,`gtol` termination condition is satisfied.,True,True,0.009999999999999787,0.009179973575411116,1.0,1.862733483802658e-06,0.009039904485324952,1.8628182685129009e-06,0.009039904598136625
11.849999999999792,1786132514.6740828,0.006888500007335097,0.007303799997316673,0.01,TELEOP,0,,0.0,11.849999999999792,1185,0.0,0.0,0.0,0.06714259796044998,0.10775743167189092,3.469446951953615e-18,0.9919073583044937,7.905349630490525e-32,1.6533864954813932e-23,3.334406826955249e-11,0.07292476511518721,0.10201042680729713,-3.5236570605778894e-19,0.992106774221146,-0.016000000000000007,-0.22496149868276263,0.28023284256521186,-0.09404637984231877,0.050668940926013456,-0.006670692623017883,0.9942552181024346,-0.016000000000000007,-0.22496149868276263,0.28023284256521186,-0.09345399058283672,0.05007755128820286,-0.006592834700152814,0.9943415535075144,-0.016000000357249158,-0.22496149852356234,0.2802328435808619,-0.09345399051134062,0.05007755128405741,-0.006592834670623538,0.9943415535146386,-0.015999897893241417,-0.22495964720841738,0.2802327228445035,-0.0902843473015702,0.0469124486093696,-0.0061866738981129,0.9947912765318568,-0.015999897893241417,-0.22495964720841738,0.2802327228445035,-0.0902843473015702,0.0469124486093696,-0.0061866738981129,0.9947912765318568,0.00234479559092592,-0.5255317864682949,0.7546869893879881,0.01495637036751814,0.41680938491095704,0.11510632873103883,0.0024020953901049942,-0.5255556891226931,0.7519356146563215,0.01564197253054941,0.40762651743193656,0.10938842810931142,0.0024020953901049942,-0.5255556891226931,0.7519356146563215,0.01564197253054941,0.40762651743193656,0.10938842810931142,-0.0002638227548796409,-2.763229024209081e-05,0.025162140133477277,-0.004786821932006571,0.08336493823134711,0.05337505676126499,-0.002142370919872247,0.0020410762367291616,-0.0012470214406073005,-0.012049375038677842,0.0009639601191115353,-0.011617850152404834,0.0,True,False,1,True,True,0.0034691000037128106,4,1.0883550620045896e-09,1.5558417448039048e-10,`gtol` termination condition is satisfied.,True,True,0.009999999999999787,0.009181419692065707,1.0,1.8580753233099412e-06,0.009040302024150295,1.8581485649143014e-06,0.009040302136950217
11.859999999999792,1786132514.6812468,0.007564500003354624,0.00690279999980703,0.01,TELEOP,0,,0.0,11.859999999999792,1186,0.0,0.0,0.0,0.06656046116310431,0.10833538575041214,-3.469446951953615e-18,0.991883636927268,7.18321417798728e-32,1.502353453189104e-23,3.0298164548544314e-11,0.07234309506530642,0.10258908475035694,-7.318364664277155e-19,0.992089691654165,-0.016000000000000007,-0.2249614986829991,0.28023284256432923,-0.09433458481849247,0.05095658085942137,-0.006708561138656906,0.9942129591700607,-0.016000000000000007,-0.2249614986829991,0.28023284256432923,-0.09374219775172161,0.05036523885616593,-0.0066307094869999935,0.9942996413392382,-0.016000000354961588,-0.22496149852347247,0.2802328435799744,-0.09374219768021506,0.05036523885202889,-0.006630709457613756,0.9942996413463853,-0.015999888734146962,-0.2249596534576843,0.2802327048690864,-0.09057239020291658,0.047200292936991926,-0.006224474498405286,0.9947512404600517,-0.015999888734146962,-0.2249596534576843,0.2802327048690864,-0.09057239020291658,0.047200292936991926,-0.006224474498405286,0.9947512404600517,0.0023396049901951805,-0.525529632294952,0.754937142415642,0.01489519399101187,0.4176445799548509,0.11562750078018934,0.0023992430537414463,-0.5255557614684944,0.7521871115503181,0.015592907367425897,0.4084602659110219,0.1099210263565041,0.0023992430537414463,-0.5255557614684944,0.7521871115503181,0.015592907367425897,0.4084602659110219,0.1099210263565041,-0.00028523363635481875,-7.23458012389623e-06,0.025149689399660072,-0.004906516312351535,0.08337484790853646,0.053259824719269246,-0.0021410881475178345,0.0020397710118195017,-0.0012450733817204128,-0.011969438034496608,0.0009909677189350967,-0.011523204199574873,0.0,True,False,1,True,True,0.003647099991212599,4,1.0876495773922586e-09,1.5549835335368848e-10,`gtol` termination condition is satisfied.,True,True,0.009999999999999787,0.009182867479020473,1.0,1.8536363395828503e-06,0.009040700301190575,1.8536980693767874e-06,0.009040700413979055
11.869999999999791,1786132514.6880562,0.007126999989850447,0.006585399998584762,0.01,TELEOP,0,,0.0,11.869999999999791,1187,0.0,0.0,0.0,0.06597827953882746,0.10891326686755674,0.0,0.9918592475393536,6.527044133231562e-32,1.3651169309037249e-23,2.7530497106589618e-11,0.07176137629315536,0.1031676736019491,-5.149960319306146e-19,0.99207194093779,-0.016000000000000007,-0.22496149868321402,0.2802328425635272,-0.09462278864482164,0.05124419753583376,-0.006746426592454385,0.994170531556945,-0.016000000000000007,-0.22496149868321402,0.2802328425635272,-0.09403040387092851,0.0506529032676988,-0.006668581225245306,0.9942575604755871,-0.016000000352690412,-0.22496149852336103,0.2802328435791674,-0.09403040379941174,0.05065290326357013,-0.006668581196000916,0.994257560482757,-0.015999879651265137,-0.22495965966166592,0.2802326871208376,-0.0908604338581801,0.04748811471824154,-0.006262272752240321,0.9947110356578875,-0.015999879651265137,-0.22495965966166592,0.2802326871208376,-0.0908604338581801,0.04748811471824154,-0.006262272752240321,0.9947110356578875,0.0023342009123988572,-0.5255272733315642,0.7551871700364465,0.014832898110389951,0.4184798726827317,0.11614760084793048,0.002396176730537759,-0.5255556299511946,0.752438484109302,0.015542653125833259,0.4092941159527648,0.11045248151706562,0.002396176730537759,-0.5255556299511946,0.752438484109302,0.015542653125833259,0.4092941159527648,0.11045248151706562,-0.00030663232036871467,1.3151729976794055e-05,0.02513725589838867,-0.0050254241592638665,0.0833850041742902,0.05314551605615402,-0.0021398684013896408,0.002038631010069072,-0.00124335012714035,-0.011890784691233416,0.0010156265753743835,-0.011430866311522582,0.0,True,False,1,True,True,0.0033228999964194372,4,1.086953762601886e-09,1.5541344888066162e-10,`gtol` termination condition is satisfied.,True,True,0.009999999999999787,0.009184314043828967,1.0,1.8494486683227288e-06,0.009041096626224156,1.8494989867837811e-06,0.009041096739001116
11.879999999999791,1786132514.6953318,0.006828700003097765,0.0070321999955922365,0.01,TELEOP,0,,0.0,11.879999999999791,1188,0.0,0.0,0.0,0.0653960534797053,0.10949107463413511,0.0,0.9918341901571763,5.930813708396151e-32,1.2404166483487541e-23,2.5015649701366167e-11,0.07117960919062137,0.10374619297238194,-5.149960319306147e-19,0.9920535220839689,-0.016000000000000007,-0.22496149868340928,0.28023284256279846,-0.09491099127235966,0.051531790906055225,-0.006784288977933618,0.9941279352702934,-0.016000000000000007,-0.22496149868340928,0.28023284256279846,-0.09431860889145414,0.05094054447358375,-0.006706449908409111,0.9942153109237163,-0.016000000350435493,-0.22496149852322989,0.2802328435784334,-0.09431860881992712,0.05094054446946345,-0.006706449879305376,0.9942153109309093,-0.01599987065096865,-0.22495966577922144,0.2802326696994149,-0.09114847935205223,0.04777591447290604,-0.0063000688712401545,0.9946706619983842,-0.01599987065096865,-0.22495966577922144,0.2802326696994149,-0.09114847935205223,0.04777591447290604,-0.0063000688712401545,0.9946706619983842,0.0023285834117105953,-0.525524709513146,0.7554370721021685,0.01476948929636923,0.41931526290498516,0.11666663564413106,0.002392896536220302,-0.5255552946684057,0.7526897324827655,0.015491217544446507,0.41012806978930844,0.11098280259568498,0.002392896536220302,-0.5255552946684057,0.7526897324827655,0.015491217544446507,0.41012806978930844,0.11098280259568498,-0.00032801943174574064,3.3528278901396025e-05,0.025124837346346872,-0.005143558138675229,0.08339538365436348,0.053032107861936635,-0.0021387111377026416,0.0020376548924602405,-0.0012418552041796975,-0.011813397941136467,0.0010379480073274133,-0.01134081942173899,0.0,True,False,1,True,True,0.003453500001342036,4,1.0862673941235969e-09,1.553301438687674e-10,`gtol` termination condition is satisfied.,True,True,0.009999999999999787,0.009185756729966854,1.0,1.8455369043376584e-06,0.009041488546228518,1.8455759759755312e-06,0.009041488658994267
11.889999999999791,1786132514.7025557,0.007355100009590387,0.006900699998368509,0.01,TELEOP,0,,0.0,11.889999999999791,1189,0.0,0.0,0.0,0.06481378337785369,0.11006880866100706,0.0,0.9918084647976118,5.389047557471419e-32,1.1271074489437046e-23,2.2730527805667612e-11,0.07059779414961204,0.10432464247201488,-3.7947076036992655e-19,0.9920344351051004,-0.016000000000000007,-0.22496149868358672,0.28023284256213626,-0.09519919265217357,0.05181936092088902,-0.00682214828861773,0.9940851703173391,-0.016000000000000007,-0.22496149868358672,0.28023284256213626,-0.09460681276431315,0.05122816242460478,-0.0067443155300119986,0.9941728926908077,-0.01600000034819663,-0.22496149852308098,0.2802328435777659,-0.09460681269277595,0.051228162420492766,-0.006744315501047753,0.9941728926980237,-0.015999861738913605,-0.22495967177309456,0.2802326526938309,-0.09143652765763977,0.04806369266905057,-0.006337863047236703,0.994630119365447,-0.015999861738913605,-0.22495967177309456,0.2802326526938309,-0.09143652765763977,0.04806369266905057,-0.006337863047236703,0.994630119365447,0.0023227525427216653,-0.5255219407747284,0.7556868484641311,0.014704974069375282,0.42015075043301336,0.11718461182859363,0.0023894025803633365,-0.5255547557015874,0.7529408567971998,0.015438608237376212,0.4109621294217214,0.11151199837075904,0.0023894025803633365,-0.5255547557015874,0.7529408567971998,0.015438608237376212,0.4109621294217214,0.11151199837075904,-0.00034939558569653723,5.389668182441298e-05,0.025112431443433,-0.00526093070702953,0.08340596324129496,0.05291957750740626,-0.002137615395079703,0.002036840292301739,-0.001240590291387104,-0.011737256835430343,0.0010579586931466537,-0.011253035453037685,0.0,True,False,1,True,True,0.003379100002348423,4,1.0855904115289482e-09,1.5524794840014912e-10,`gtol` termination condition is satisfied.,True,True,0.009999999999999787,0.009187193115676728,1.0,1.8419187611977833e-06,0.009041873842666788,1.8419468091591689e-06,0.009041873955421505
11.89999999999979,1786132514.7107353,0.007111099999747239,0.007969900005264208,0.01,TELEOP,0,,0.0,11.89999999999979,1190,0.0,0.0,0.0,0.064231469625418,0.11064646855908211,-3.469446951953615e-18,0.9917820714779851,4.8967704946750635e-32,1.0241487835200432e-23,2.0654146524081916e-11,0.07001593156205611,0.10490302171125823,-5.827586677109585e-19,0.9920146800140333,-0.016000000000000007,-0.22496149868374793,0.2802328425615346,-0.09548739273534365,0.0521069075311369,-0.0068600045180296524,0.9940422367053426,-0.016000000000000007,-0.22496149868374793,0.2802328425615346,-0.09489501544053691,0.051515757071547076,-0.0067821780835747155,0.9941303057840699,-0.016000000345973726,-0.22496149852291597,0.2802328435771587,-0.09489501536898944,0.05151575706744332,-0.006782178054748786,0.9941303057913088,-0.01599985292005328,-0.2249596776098569,0.28023263618272365,-0.09172457963867905,0.04835144972373509,-0.0063756554524326495,0.9945894076538683,-0.01599985292005328,-0.2249596776098569,0.28023263618272365,-0.09172457963867905,0.04835144972373509,-0.0063756554524326495,0.9945894076538683,0.002316708360439333,-0.5255189670513606,0.7559364989732126,0.014639358900015866,0.4209863350792139,0.11770153601152808,0.002385694966522757,-0.5255540131163774,0.753191857156098,0.015384832696607885,0.4117962966240547,0.11204007739819337,0.002385694966522757,-0.5255540131163774,0.753191857156098,0.015384832696607885,0.4117962966240547,0.11204007739819337,-0.0003707613840579388,7.425852099654334e-05,0.02510003588982246,-0.005377554076832863,0.08341672023333462,0.05280790274343424,-0.002136579836140202,0.0020361839172130794,-0.0012395553610541205,-0.011662336980333532,0.0010756992039666347,-0.011167476397201843,0.0,True,False,1,True,True,0.004206699988571927,4,1.084922636541576e-09,1.551672493380547e-10,`gtol` termination condition is satisfied.,True,True,0.009999999999999787,0.009188621011291975,1.0,1.8386057822076877e-06,0.009042250527371568,1.8386230828736062e-06,0.009042250640115579
11.90999999999979,1786132514.7177036,0.008232899999711663,0.006704900006297976,0.01,TELEOP,0,,0.0,11.90999999999979,1191,0.0,0.0,0.0,0.06364911261457308,0.11122405393931971,-3.469446951953615e-18,0.9917550102160718,4.449461805969122e-32,9.305951546754194e-24,1.876743788299219e-11,0.0694340218199044,0.10548133030057301,-8.809142651444724e-19,0.9919942568240677,-0.016000000000000007,-0.22496149868389442,0.28023284256098785,-0.09577559147296265,0.05239443068759882,-0.006897857659692077,0.9939991344415916,-0.016000000000000007,-0.22496149868389442,0.28023284256098785,-0.09518321687117269,0.0518033283651965,-0.0068200375626181,0.9940875502107385,-0.016000000343766557,-0.22496149852273617,0.28023284357660605,-0.09518321679961471,0.05180332836110096,-0.006820037533929325,0.9940875502180003,-0.015999844198656046,-0.22495968325982924,0.2802326202346763,-0.09201263605232647,0.048639186004026475,-0.0064134462396841065,0.9945485267692565,-0.015999844198656046,-0.22495968325982924,0.2802326202346763,-0.09201263605232647,0.048639186004026475,-0.0064134462396841065,0.9945485267692565,0.0023104509202878927,-0.5255157882781123,0.7561860234798558,0.014572650209555277,0.4218220166569714,0.11821741475402496,0.0023817737924033727,-0.5255530669630025,0.7534427336401142,0.015329898294743498,0.4126305729486444,0.11256704801609034,0.0023817737924033727,-0.5255530669630025,0.7534427336401142,0.015329898294743498,0.4126305729486444,0.11256704801609034,-0.0003921174119384326,9.461533748648346e-05,0.02508764840161344,-0.005493440186438877,0.0834276324589711,0.052697061789697776,-0.0021356027880494255,0.0020356816489940552,-0.0012387488209018918,-0.011588610960601714,0.001091222563648006,-0.011084095373647037,0.0,True,False,1,True,True,0.003407399999559857,4,1.08426369163486e-09,1.5508834031982923e-10,`gtol` termination condition is satisfied.,True,True,0.009999999999999787,0.0091900384551592,1.0,1.8356040788808213e-06,0.0090426168371723,1.835610956613987e-06,0.009042616949906166
11.91999999999979,1786132514.725447,0.006916799989994615,0.0075317000009818,0.01,TELEOP,0,,0.0,11.91999999999979,1192,0.0,0.0,0.0,0.06306671273752297,0.11180156441272937,-3.469446951953615e-18,0.9917272810300971,4.043013734114513e-32,8.455874340140926e-24,1.705307572419157e-11,0.06885206531513055,0.10605956785047076,-1.0842021724855046e-18,0.991973165548954,-0.016000000000000007,-0.22496149868402754,0.2802328425604911,-0.09606378881613542,0.05268193034107277,-0.006935707707127432,0.9939558635334009,-0.016000000000000007,-0.22496149868402754,0.2802328425604911,-0.09547141700728286,0.05209087625633919,-0.006857893960663023,0.9940446259780759,-0.016000000341575,-0.22496149852254324,0.2802328435761034,-0.09547141693571452,0.05209087625225182,-0.006857893932110264,0.9940446259853607,-0.015999835578326384,-0.22495968869698452,0.2802326049085814,-0.09230069755245572,0.04892690182827381,-0.00645123554289338,0.9945074766278968,-0.015999835578326384,-0.22495968869698452,0.2802326049085814,-0.09230069755245572,0.04892690182827381,-0.00645123554289338,0.9945074766278968,0.0023039802781054945,-0.5255124043900748,0.7564354218340655,0.01450485437037347,0.4226577949806358,0.1187322545685144,0.0023776391500557573,-0.5255519172767635,0.7536934863073648,0.015273812288004129,0.41346495973251823,0.11309291835022106,0.0023776391500557573,-0.5255519172767635,0.7536934863073648,0.015273812288004129,0.41346495973251823,0.11309291835022106,-0.0004134642347615338,0.00011496862389571663,0.025075266725056333,-0.005608600673937043,0.08343867838738421,0.052587033413073005,-0.0021346822823101593,0.00203532864092336,-0.0012381676557108915,-0.011516048749816843,0.0011045928413111472,-0.011002837662477463,0.0,True,False,1,True,True,0.0039247999957297,4,1.0836138760777532e-09,1.5501046666167016e-10,`gtol` termination condition is satisfied.,True,True,0.009999999999999787,0.009191443708326974,1.0,1.832915073639369e-06,0.009042971227410235,1.8329118944599027e-06,0.009042971340133939
11.92999999999979,1786132514.7325795,0.0077741999994032085,0.006889800002682023,0.01,TELEOP,0,,0.0,11.92999999999979,1193,0.0,0.0,0.0,0.06248427038650042,0.11237899959037126,-3.469446951953614e-18,0.9916988839387357,3.6736937560200773e-32,7.683449725374159e-24,1.5495316594062642e-11,0.06827006243973156,0.10663773397151337,-1.2874900798265365e-18,0.9919514062028926,-0.016000000000000007,-0.2249614986841485,0.28023284256003966,-0.09635198471597844,0.05296940644235451,-0.006973554653857862,0.9939124239881129,-0.016000000000000007,-0.2249614986841485,0.28023284256003966,-0.09575961579994405,0.052378400695761086,-0.006895747271230333,0.9940015330933715,-0.016000000339398916,-0.22496149852233802,0.28023284357564593,-0.09575961572836554,0.05237840069168184,-0.0068957472428124705,0.9940015331006792,-0.015999827062029095,-0.22495969389883322,0.2802325902540404,-0.09258876469339858,0.049214597467615945,-0.006489023477500837,0.9944662571565511,-0.015999827062029095,-0.22495969389883322,0.2802325902540404,-0.09258876469339858,0.049214597467615945,-0.006489023477500837,0.9944662571565511,0.002297296490145539,-0.5255088153223625,0.7566846938854176,0.014435977706430594,0.42349366986551473,0.11924606191923025,0.0023732911260988445,-0.5255505640785834,0.7539441151938587,0.015216581819454336,0.4142994581047706,0.11361769632018123,0.0023732911260988445,-0.5255505640785834,0.7539441151938587,0.015216581819454336,0.4142994581047706,0.11361769632018123,-0.00043480239569127925,0.00013531981801624538,0.025062888649393877,-0.005723046854979465,0.08344983722523865,0.05247779699601775,-0.0021338160929745952,0.002035119412052919,-0.0012378075662455856,-0.01144461810424235,0.001115883785444046,-0.010923641705525938,0.0,True,False,1,True,True,0.003405299998121336,4,1.0829729165413856e-09,1.549335712109914e-10,`gtol` termination condition is satisfied.,True,True,0.009999999999999787,0.009192835248117592,1.0,1.830536226570131e-06,0.009043312364473048,1.8305233932657453e-06,0.009043312477186552
11.93999999999979,1786132514.7403486,0.0071054000000003725,0.007554099996923469,0.01,TELEOP,0,,0.0,11.93999999999979,1194,0.0,0.0,0.0,0.06190178595376695,0.1129563590833561,-6.93889390390723e-18,0.9916698189611127,3.3381103059687616e-32,6.981584317319498e-24,1.4079855167163387e-11,0.06768801358572854,0.10721582827431321,-1.883801274693564e-18,0.9919289788005345,-0.016000000000000007,-0.2249614986842584,0.2802328425596295,-0.09664017912361937,0.0532568589422376,-0.007011398493405211,0.9938688158130972,-0.016000000000000007,-0.2249614986842584,0.2802328425596295,-0.09604781320024665,0.05266590163424766,-0.0069335974878408126,0.993958271563942,-0.016000000337238116,-0.22496149852212183,0.2802328435752294,-0.09604781312865791,0.05266590163017654,-0.0069335974595567266,0.9939582715712727,-0.01599981865211597,-0.22495969884629374,0.28023257631179577,-0.09287683793406577,0.0495022731476916,-0.006526810141064787,0.9944248682922019,-0.01599981865211597,-0.22495969884629374,0.28023257631179577,-0.09287683793406577,0.0495022731476916,-0.006526810141064787,0.9944248682922019,0.002290399613074703,-0.5255050210101156,0.756933839483063,0.014366026493718398,0.42432964112785676,0.1197588432226613,0.0023687298019645624,-0.5255490073756094,0.754194620314042,0.015158213922410525,0.41513406899477334,0.11414138964613416,0.0023687298019645624,-0.5255490073756094,0.754194620314042,0.015158213922410525,0.41513406899477334,0.11414138964613416,-0.00045613241342821505,0.00015567029739524721,0.025050512018336264,-0.00583678970438113,0.0834610890002786,0.05236933259529409,-0.002133001773693624,0.002035047937900228,-0.0012376631057615592,-0.011374284940166794,0.001125177503995383,-0.010846440072365706,0.0,True,False,1,True,True,0.003328099992359057,4,1.0823404887558303e-09,1.5485799204517706e-10,`gtol` termination condition is satisfied.,True,True,0.009999999999999787,0.009194211760744142,1.0,1.8284617340115015e-06,0.00904363911748644,1.8284396799081766e-06,0.009043639230189996
11.94999999999979,1786132514.7486138,0.007934100009151734,0.00788430000829976,0.01,TELEOP,0,,0.0,11.94999999999979,1195,0.0,0.0,0.0,0.06131925983161237,0.11353364250284559,0.0,0.9916400861168024,3.033181629948025e-32,6.343832695211389e-24,1.2793692876535167e-11,0.06710591914516707,0.1077938503695329,-1.6127507315721878e-18,0.9919058833569812,-0.016000000000000007,-0.22496149868435827,0.2802328425592568,-0.0969283719901967,0.053544287791513115,-0.007049239219291004,0.9938250390157509,-0.016000000000000007,-0.22496149868435827,0.2802328425592568,-0.096336009159294,0.05295337902258356,-0.006971444604015135,0.9939148413971312,-0.016000000335092447,-0.22496149852189565,0.2802328435748503,-0.09633600908769499,0.05295337901852049,-0.00697144457586371,0.9939148414044848,-0.01599981035035469,-0.2249597035235499,0.280232563114188,-0.09316491764238603,0.049789929050523214,-0.006564595613918536,0.994383309981748,-0.01599981035035469,-0.2249597035235499,0.280232563114188,-0.09316491764238603,0.049789929050523214,-0.006564595613918536,0.994383309981748,0.0022832897039724172,-0.5255010213884986,0.7571828584757256,0.014295006960710063,0.4251657085848371,0.1202706048480008,0.0023639552541609697,-0.5255472471618616,0.754445001661444,0.015098715523997447,0.41596879314109575,0.11466400585604841,0.0023639552541609697,-0.5255472471618616,0.754445001661444,0.015098715523997447,0.41596879314109575,0.11466400585604841,-0.0004774547803592975,0.0001760213747725558,0.02503813474019962,-0.005949839841308021,0.0834724146322441,0.05226162099142698,-0.002132236693108292,0.002035107737730901,-0.001237727813664166,-0.011305013692689362,0.0011325631965503763,-0.010771160386711711,0.0,True,False,1,True,True,0.003680599998915568,4,1.0817167845209056e-09,1.547838181799705e-10,`gtol` termination condition is satisfied.,True,True,0.009999999999999787,0.009195572133083418,1.0,1.8266831813116017e-06,0.009043950549291625,1.8266523649400982e-06,0.009043950661985522
11.95999999999979,1786132514.7565966,0.00814219999301713,0.007725699993898161,0.01,TELEOP,0,,0.0,11.95999999999979,1196,0.0,0.0,0.0,0.06073669241235452,0.11411084946005272,0.0,0.9916096854258294,2.75610748506531e-32,5.764338212602768e-24,1.1625018544329137e-11,0.06652377951011765,0.1083717998678854,-1.3552527156068805e-18,0.991882119887784,-0.016000000000000007,-0.224961498684449,0.28023284255891817,-0.0972165632668595,0.05383169294096957,-0.007087076825036424,0.9937810936034988,-0.016000000000000007,-0.224961498684449,0.28023284255891817,-0.09662420362820198,0.053240832811552306,-0.007009288613273831,0.9938712426003099,-0.016000000332961794,-0.22496149852166025,0.28023284357450495,-0.0966242035565926,0.053240832807497265,-0.007009288585253967,0.9938712426076866,-0.01599980215795951,-0.22495970791789818,0.28023255068563313,-0.09345300410000815,0.0500775653165468,-0.006602379959894236,0.9943415821816546,-0.01599980215795951,-0.22495970791789818,0.28023255068563313,-0.09345300410000815,0.0500775653165468,-0.006602379959894236,0.9943415821816546,0.002275966820329666,-0.5254968163927075,0.7574317507117156,0.01422292528880321,0.4260018720545468,0.12078135311758963,0.0023589675545505145,-0.5255452834189182,0.7546952592094116,0.015038093448818832,0.4168036311010125,0.11518555229334163,0.0023589675545505145,-0.5255452834189182,0.7546952592094116,0.015038093448818832,0.4168036311010125,0.11518555229334163,-0.0004987699610455386,0.0001963742943429809,0.025025754796760506,-0.0060622075178616815,0.08348379599167588,0.0521546437293228,-0.002131518068624158,0.0020352919570425553,-0.0012379943439113444,-0.011236767655366279,0.0011381359431787696,-0.010697726210418212,0.0,True,False,1,True,True,0.003429899996262975,4,1.0811014015493055e-09,1.5471110213299583e-10,`gtol` termination condition is satisfied.,True,True,0.009999999999999787,0.00919691544374135,1.0,1.8251901422879983e-06,0.00904424590682624,1.8251510422591887e-06,0.009044246019510812
11.96999999999979,1786132514.7639287,0.008059700005105697,0.006997700009378605,0.01,TELEOP,0,,0.0,11.96999999999979,1197,0.0,0.0,0.0,0.06015408408833905,0.11468797956624198,0.0,0.9915786169086677,2.5043434241566315e-32,5.237779214189265e-24,1.0563099916549653e-11,0.06594159507267601,0.10894967638013402,-1.3010426069826055e-18,0.9918576884089447,-0.016000000000000007,-0.22496149868453147,0.2802328425586104,-0.09750475290476694,0.05411907434139266,-0.007124911304162288,0.9937369795837926,-0.016000000000000007,-0.22496149868453147,0.2802328425586104,-0.09691239655809852,0.05352826295193604,-0.007047129509137245,0.9938274751808766,-0.01600000033084598,-0.22496149852141675,0.2802328435741903,-0.09691239648647876,0.053528262947889,-0.00704712948124786,0.9938274751882762,-0.015999794075623498,-0.2249597120195847,0.2802325390431153,-0.09374109750720903,0.05036518204676166,-0.006640163227103328,0.9942996848575675,-0.015999794075623498,-0.2249597120195847,0.2802325390431153,-0.09374109750720903,0.05036518204676166,-0.006640163227103328,0.9942996848575675,0.0022684310200496278,-0.5254924059579654,0.7576805160389276,0.014149787612762258,0.42683813135598087,0.12129109430735815,0.0023537667706402298,-0.5255431161166301,0.7549453929119202,0.014976354422710263,0.41763858326048453,0.11570603612484663,0.0023537667706402298,-0.5255431161166301,0.7549453929119202,0.014976354422710263,0.41763858326048453,0.11570603612484663,-0.0005200783910284702,0.00021673022880934814,0.025013370250861023,-0.006173902610856937,0.08349521594720871,0.05204838315050182,-0.0021308429982931985,0.002035593446636768,-0.0012384545899484303,-0.011169509299525825,0.0011419955532830882,-0.01062605788209765,0.0,True,False,1,True,True,0.00358030000643339,4,1.0804943299489792e-09,1.546394830178673e-10,`gtol` termination condition is satisfied.,True,True,0.009999999999999787,0.009198240953534331,1.0,1.8239707202639517e-06,0.009044524611029977,1.8239238297229936e-06,0.009044524723705398
11.979999999999789,1786132514.7708595,0.007219699997222051,0.006708799992338754,0.01,TELEOP,0,,0.0,11.979999999999789,1198,0.0,0.0,0.0,0.05957143525193925,0.11526503243272954,-3.469446951953614e-18,0.9915468805862413,2.2755774294368432e-32,4.759320165602446e-24,9.598185105848726e-12,0.06535936622496341,0.10952747951709248,-1.4094628242311558e-18,0.9918325889369154,-0.016000000000000007,-0.22496149868460638,0.2802328425583308,-0.0977929408550883,0.05440643194356556,-0.007162742650189075,0.993692696964112,-0.016000000000000007,-0.22496149868460638,0.2802328425583308,-0.09720058790012305,0.053815669394515306,-0.0070849672851255145,0.9937835391462567,-0.016000000328744875,-0.2249614985211658,0.2802328435739036,-0.09720058782849304,0.05381566939047623,-0.007084967257365533,0.9937835391536793,-0.01599978610355184,-0.22495971582163699,0.28023252819669003,-0.09402919798795895,0.050652779304974874,-0.006677945448763938,0.9942576179838936,-0.01599978610355184,-0.22495971582163699,0.28023252819669003,-0.09402919798795895,0.050652779304974874,-0.006677945448763938,0.9942576179838936,0.0022606823614447344,-0.5254877900195257,0.7579291543048421,0.01407560002114759,0.4276744863090215,0.12179983464725587,0.0023483529658808334,-0.5255407452138583,0.7551954027044484,0.014913505076544336,0.4184736498445043,0.11622546434902073,0.0023483529658808334,-0.5255407452138583,0.7551954027044484,0.014913505076544336,0.4184736498445043,0.11622546434902073,-0.0005413804759396357,0.00023709027717547617,0.025000979252818363,-0.006284934616592936,0.08350665840198088,0.05194282241741087,-0.002130208491116597,0.002036004836612847,-0.0012390998042660813,-0.0111032005736001,0.001144245477216708,-0.010556073309095823,0.0,True,False,1,True,True,0.003490799994324334,4,1.0798954176880763e-09,1.5456888294302995e-10,`gtol` termination condition is satisfied.,True,True,0.009999999999999787,0.009199548095496335,1.0,1.8230120213971067e-06,0.0090447862463801,1.8229578435534547e-06,0.009044786359046372
11.989999999999789,1786132514.779333,0.006976499993470497,0.008205699996324256,0.01,TELEOP,0,,0.0,11.989999999999789,1199,0.0,0.0,0.0,0.05898874629555558,0.11584200767088369,0.0,0.9915144764799239,2.067708680612058e-32,4.324567247383713e-24,8.721413037293929e-12,0.06477709335912689,0.11010520888962498,-1.395910297075087e-18,0.9918068214885978,-0.016000000000000007,-0.22496149868467447,0.28023284255807673,-0.09808112706900243,0.0546937656982684,-0.007200570856636868,0.9936482457519642,-0.016000000000000007,-0.22496149868467447,0.28023284255807673,-0.09748877760542618,0.054103052090068854,-0.007122801934758537,0.9937394345039032,-0.0160000003266583,-0.22496149852090805,0.2802328435736423,-0.09748877753378592,0.05410305208603768,-0.0071228019071269,0.9937394345113488,-0.015999778241495906,-0.22495971931968786,0.2802325181499932,-0.0943173055950935,0.05094035712011732,-0.00671572664406588,0.994215381543355,-0.015999778241495906,-0.22495971931968786,0.2802325181499932,-0.0943173055950935,0.05094035712011732,-0.00671572664406588,0.994215381543355,0.0022527209032381984,-0.5254829685126786,0.7581776653565356,0.014000368556750329,0.42851093673442603,0.12230758032168587,0.0023427261999719243,-0.525538170659226,0.7554452885049054,0.014849551950060332,0.41930883092770244,0.11674384380432383,0.0023427261999719243,-0.525538170659226,0.7554452885049054,0.014849551950060332,0.41930883092770244,0.11674384380432383,-0.0005626765908909399,0.00025745546323007444,0.02498858004569963,-0.0063953126484004716,0.083518108319817,0.05183794553031076,-0.0021296114951304674,0.0020365186054598695,-0.0012399207118731054,-0.011037803180753768,0.0011449917836125572,-0.01048768871001124,0.0,True,False,1,True,True,0.00434040000254754,4,1.0793046464417747e-09,1.5449948251749557e-10,`gtol` termination condition is satisfied.,True,True,0.009999999999999787,0.009200836464517193,1.0,1.8223005659476108e-06,0.009045030550163037,1.8222396094745126e-06,0.009045030662820336
11.999999999999789,1786132514.786085,0.008428000001003966,0.006529599995701574,0.01,TELEOP,0,,0.0,11.999999999999789,1200,0.0,0.0,0.0,0.058406017611615624,0.11641890489212493,0.0,0.9914814046115389,1.8788282624760133e-32,3.929528005346245e-24,7.924732074708851e-12,0.0641947768673394,0.11068286410864636,-1.2332799712022613e-18,0.9917803860813439,-0.016000000000000007,-0.22496149868473633,0.28023284255784586,-0.09836931149769777,0.05498107555627844,-0.007238395917025369,0.9936036259548836,-0.016000000000000007,-0.22496149868473633,0.28023284255784586,-0.09777696562516938,0.05439041098937345,-0.007160633451555952,0.9936951612612964,-0.016000000324586167,-0.22496149852064407,0.28023284357340394,-0.09777696555351867,0.054390410985350156,-0.007160633424051584,0.9936951612687652,-0.015999770488787982,-0.22495972251179822,0.2802325089007534,-0.09460542031554811,0.051227915488608756,-0.006753506819064379,0.9941729755265204,-0.015999770488787982,-0.22495972251179822,0.2802325089007534,-0.09460542031554811,0.051227915488608756,-0.006753506819064379,0.9941729755265204,0.002244546704561385,-0.5254779413727456,0.758426049040683,0.013924099217012122,0.42934748245382093,0.12281433746992504,0.0023368865291706286,-0.5255353923918792,0.7556950502146006,0.014784501495692716,0.420144126445121,0.11726118117769611,0.0023368865291706286,-0.5255353923918792,0.7556950502146006,0.014784501495692716,0.420144126445121,0.11726118117769611,-0.000583967080129569,0.00027782673468341345,0.024976170969514634,-0.006505045436761686,0.08352955174185898,0.05173373733723015,-0.0021290489238629524,0.0020371271453339425,-0.0012409076184996942,-0.010973278836121706,0.0011443422041981094,-0.0104208193080612,0.0,True,False,1,True,True,0.003341599993291311,4,1.0787217739623308e-09,1.5443166262752082e-10,`gtol` termination condition is satisfied.,True,True,0.009999999999999787,0.009202105806723593,1.0,1.8218226306863514e-06,0.009045257401579214,1.821755405615823e-06,0.009045257514228074
12.009999999999788,1786132514.7938542,0.006772100008674897,0.007526800007326528,0.01,TELEOP,0,,0.0,12.009999999999788,1201,0.0,0.0,0.0,0.05782324959257368,0.11699572370792631,0.0,0.9914476650033593,1.7072016348230105e-32,3.570574686783306e-24,7.200826080309707e-12,0.0636124171418,0.11126044478512212,-1.1655173354219173e-18,0.9917532827329559,-0.016000000000000007,-0.22496149868479254,0.28023284255763614,-0.09865749409237204,0.05526836146836991,-0.007276217824873883,0.9935588375804325,-0.016000000000000007,-0.22496149868479254,0.28023284255763614,-0.09806515191052453,0.05467774604320371,-0.007198461829037113,0.9936507194259443,-0.016000000322528296,-0.22496149852037453,0.2802328435731865,-0.09806515183886357,0.05467774603918828,-0.007198461801658988,0.993650719433436,-0.015999762844376052,-0.2249597253982754,0.2802325004413005,-0.09489354207561435,0.05151545437675175,-0.006791285967594316,0.9941303999313204,-0.015999762844376052,-0.2249597253982754,0.2802325004413005,-0.09489354207561435,0.05151545437675175,-0.006791285967594316,0.9941303999313204,0.002236159824954415,-0.5254727085350859,0.7586743052035584,0.013846797954448547,0.4301841232896824,0.1233201121865473,0.002330834006601273,-0.5255324103422502,0.7559446877192445,0.014718360082374874,0.42097953620306416,0.11777748301307107,0.002330834006601273,-0.5255324103422502,0.7559446877192445,0.014718360082374874,0.42097953620306416,0.11777748301307107,-0.0006052522569355862,0.0002982049628995944,0.02496375046438688,-0.006614141331784438,0.08354097579431616,0.051630183537496516,-0.0021285176806017693,0.0020378228216181376,-0.001242050512775325,-0.010909589502275479,0.0011424052457179267,-0.01035537997336322,0.0,True,False,1,True,True,0.004309700001613237,4,1.0781467080261918e-09,1.5436455017149083e-10,`gtol` termination condition is satisfied.,True,True,0.009999999999999787,0.009203356008699926,1.0,1.8215645314888664e-06,0.009045466810768564,1.8214915451115673e-06,0.009045466923408761
12.019999999999788,1786132514.8005552,0.007747399999061599,0.006480500000179745,0.01,TELEOP,0,,0.0,12.019999999999788,1202,0.0,0.0,0.0,0.05724044263091043,0.11757246372981377,0.0,0.9914132576781083,1.5512527036938636e-32,3.2444109258293322e-24,6.543047228623597e-12,0.06303001457473391,0.11183795053006862,-9.622294280808852e-19,0.9917255114616861,-0.016000000000000007,-0.2249614986848436,0.2802328425574455,-0.09894567480423215,0.05555562338531402,-0.00731403657370132,0.9935138806362007,-0.016000000000000007,-0.2249614986848436,0.2802328425574455,-0.0983533364126738,0.05496505720233192,-0.0072362870607210715,0.9936061090053819,-0.01600000032048455,-0.2249614985200999,0.280232843572988,-0.09835333634100261,0.0549650571983243,-0.007236287033468155,0.9936061090128965,-0.015999755306858716,-0.2249597279814917,0.2802324927590712,-0.09518167074617832,0.051802973723135214,-0.006829064072196984,0.9940876547625487,-0.015999755306858716,-0.2249597279814917,0.2802324927590712,-0.09518167074617832,0.051802973723135214,-0.006829064072196984,0.9940876547625487,0.002227560324364944,-0.5254672699350943,0.7589224336910406,0.013768470677062827,0.43102085906532867,0.12382491052183756,0.0023245686825638335,-0.5255292244328184,0.7561942008899721,0.014651133999296628,0.42181505988994444,0.11829275571986454,0.0023245686825638335,-0.5255292244328184,0.7561942008899721,0.014651133999296628,0.42181505988994444,0.11829275571986454,-0.0006265324037439597,0.0003185909431828803,0.02495131707276861,-0.006722608307824654,0.08355236868802905,0.05152727067934853,-0.0021280146808373866,0.0020385980283286337,-0.001243339161826797,-0.010846697604021826,0.0011392893712890845,-0.010291285814798627,0.0,True,False,1,True,True,0.003334499997436069,4,1.0775794030926674e-09,1.5429854690250045e-10,`gtol` termination condition is satisfied.,True,True,0.009999999999999787,0.009204587086618254,1.0,1.8215128449140852e-06,0.009045658907838905,1.8214345984858562e-06,0.009045659020470585
12.029999999999788,1786132514.808082,0.0066900999954668805,0.007317700001294725,0.01,TELEOP,0,,0.0,12.029999999999788,1203,0.0,0.0,0.0,0.056657597119133,0.11814912456936615,0.0,0.991378182658958,1.4095493476767887e-32,2.9480414720364505e-24,5.945354957700383e-12,0.06244756955839254,0.1124153809545532,-8.131516293641283e-19,0.9916970722862363,-0.016000000000000007,-0.22496149868489002,0.2802328425572723,-0.09923385358449387,0.05584286125787892,-0.00735185215702618,0.9934687551298057,-0.016000000000000007,-0.22496149868489002,0.2802328425572723,-0.0986415190828092,0.05525234441752799,-0.007274109140126562,0.993561330007172,-0.01600000031845483,-0.22496149851982067,0.28023284357280676,-0.0986415190111277,0.05525234441352815,-0.007274109112997826,0.9935613300147095,-0.01599974787451972,-0.22495973026570326,0.2802324858371057,-0.09546980614790701,0.05209047344103018,-0.006866841105052165,0.9940447400313571,-0.01599974787451972,-0.22495973026570326,0.2802324858371057,-0.09546980614790701,0.05209047344103018,-0.006866841105052165,0.9940447400313571,0.002218748263146786,-0.5254616255082065,0.7591704343486168,0.013689123248755089,0.43185768960490556,0.12432873848220129,0.0023180906048391177,-0.5255258345788627,0.7564435895843797,0.014582829459596143,0.4226506970870497,0.1188070055813859,0.0023180906048391177,-0.5255258345788627,0.7564435895843797,0.014582829459596143,0.4226506970870497,0.1188070055813859,-0.0006478077724715789,0.0003389853955647465,0.024938869440763324,-0.006830453970048667,0.08356371971052741,0.05142498615213667,-0.002127536872761968,0.0020394452381866635,-0.001244763200528888,-0.010784566222401471,0.0011351022498353597,-0.010228452721186033,0.0,True,False,1,True,True,0.003920899995137006,4,1.0770197537669158e-09,1.54233823758161e-10,`gtol` termination condition is satisfied.,True,True,0.009999999999999787,0.009205799175384222,1.0,1.8216545764536713e-06,0.009045833931976823,1.8215715619127292e-06,0.00904583404460032
12.039999999999788,1786132514.8152347,0.007552199997007847,0.006917299993801862,0.01,TELEOP,0,,0.0,12.039999999999788,1204,0.0,0.0,0.0,0.05607471344977433,0.11872570583821575,3.469446951953614e-18,0.991342439969531,1.280790266347318e-32,2.678744684175687e-24,5.402260496990572e-12,0.06186508248505362,0.11299273566969435,-5.149960319306146e-19,0.9916679652257585,-0.016000000000000007,-0.22496149868493218,0.28023284255711495,-0.09952203038438197,0.0561300750368295,-0.007389664568366537,0.9934234610688923,-0.016000000000000007,-0.22496149868493218,0.28023284255711495,-0.09892969987213253,0.05553960763955927,-0.007311928060771983,0.9935163824389047,-0.016000000316438955,-0.2249614985195373,0.2802328435726411,-0.09892969980044083,0.05553960763556719,-0.007311928033766418,0.9935163824464652,-0.015999740545361973,-0.22495973225687035,0.28023247965453285,-0.09575794805635078,0.05237795342076163,-0.006904617028908668,0.9940016557547448,-0.015999740545361973,-0.22495973225687035,0.28023247965453285,-0.09575794805635078,0.05237795342076163,-0.006904617028908668,0.9940016557547448,0.0022097237020607613,-0.525455775189897,0.7594183070213886,0.013608761489731785,0.43269461473338033,0.12483160203057407,0.0023113998189888342,-0.5255222406892022,0.756692853647566,0.014513452603968862,0.4234864472791624,0.11932023876312206,0.0023113998189888342,-0.5255222406892022,0.756692853647566,0.014513452603968862,0.4234864472791624,0.11932023876312206,-0.0006690785850283611,0.00035938896604946144,0.024926406318622515,-0.00693768556272819,0.0835750192112686,0.051323318173617065,-0.0021270812556782558,0.002040357048471536,-0.0012463122140809215,-0.010723159267952614,0.0011299500741197843,-0.010166797851960709,0.0,True,False,1,True,True,0.003541199999745004,4,1.0764675829054226e-09,1.541699870128837e-10,`gtol` termination condition is satisfied.,True,True,0.009999999999999787,0.009206992517855839,1.0,1.821977280496357e-06,0.009045992220707129,1.8218899777108405e-06,0.009045992333322428
12.049999999999788,1786132514.822928,0.007136700005503371,0.007474799989722669,0.01,TELEOP,0,,0.0,12.049999999999788,1205,0.0,0.0,0.0,0.05549179201539309,0.1193022071480484,-3.469446951953614e-18,0.9913060296338989,1.1637930300728887e-32,2.4340475366659894e-24,4.9087764624736e-12,0.06128255374702107,0.11357001428666193,-6.911788849595091e-19,0.9916381902998548,-0.016000000000000007,-0.2249614986849705,0.28023284255697195,-0.09981020515512987,0.05641726467292761,-0.0074274738012400695,0.9933779984611335,-0.016000000000000007,-0.2249614986849705,0.28023284255697195,-0.099217878731855,0.055826846819190465,-0.007349743816175385,0.9934712663081979,-0.016000000314436803,-0.22496149851925,0.28023284357248973,-0.09921787866015311,0.0558268468152061,-0.0073497437892919865,0.9934712663157815,-0.015999733317141055,-0.2249597339624807,0.28023247418704295,-0.0960460962069332,0.052665413532042064,-0.006942391798007101,0.9939584019550469,-0.015999733317141055,-0.2249597339624807,0.28023247418704295,-0.0960460962069332,0.052665413532042064,-0.006942391798007101,0.9939584019550469,0.002200486702272392,-0.5254497189156838,0.7596660515540706,0.013527391176903865,0.4335316342765219,0.12533350708682,0.0023044963686488767,-0.5255184426669195,0.7569419929131708,0.014443009504178126,0.42432230986496955,0.11983246132085033,0.0023044963686488767,-0.5255184426669195,0.7569419929131708,0.014443009504178126,0.42432230986496955,0.11983246132085033,-0.0006903450339957488,0.00037980222826641737,0.024913926560476633,-0.007044309979073754,0.0835862585807181,0.05122225577282811,-0.002126644896738819,0.002041326221695637,-0.001247975814588157,-0.010662441634556607,0.001123936944950078,-0.010106240078895946,0.0,True,False,1,True,True,0.0040240999951492995,4,1.0759229265848816e-09,1.5410723424910577e-10,`gtol` termination condition is satisfied.,True,True,0.009999999999999787,0.00920816745421793,1.0,1.8224691372861666e-06,0.009046134199362184,1.822378011796358e-06,0.0090461343119695
12.059999999999787,1786132514.8301294,0.007765000002109446,0.006910600000992417,0.01,TELEOP,0,,0.0,12.059999999999787,1206,0.0,0.0,0.0,0.05490883320857334,0.11987862811060385,-3.469446951953614e-18,0.9912689516765835,1.0574832214402172e-32,2.211702909108304e-24,4.460371056154902e-12,0.060699983736625066,0.11414721641667726,-1.0028870095490916e-18,0.9916077475285768,-0.016000000000000007,-0.2249614986850053,0.280232842556842,-0.10009837784797958,0.05670443011693176,-0.007465279849164009,0.9933323673142292,-0.016000000000000007,-0.2249614986850053,0.280232842556842,-0.0995060556131972,0.05611406190718357,-0.00738755639985446,0.993425981622697,-0.016000000312448217,-0.22496149851895925,0.2802328435723512,-0.09950605554148499,0.05611406190320691,-0.007387556373092226,0.9934259816303036,-0.015999726187397662,-0.22495973539137631,0.28023246940734436,-0.0963342502998038,0.052952853626253626,-0.006980165358989189,0.9939149786594287,-0.015999726187397662,-0.22495973539137631,0.28023246940734436,-0.0963342502998038,0.052952853626253626,-0.006980165358989189,0.9939149786594287,0.0021910373253523517,-0.5254434566211286,0.7599136677910011,0.013445018044286208,0.43436874806089854,0.12583445952813146,0.0022973802958143564,-0.5255144404100646,0.7571910072044045,0.014371506166454035,0.42515828416720897,0.1203436792085407,0.0022973802958143564,-0.5255144404100646,0.7571910072044045,0.014371506166454035,0.42515828416720897,0.1203436792085407,-0.0007116072834520228,0.0004002256854879139,0.024901429123374653,-0.007150333772409216,0.08359743022394227,0.05112178876903767,-0.0021262249456274413,0.002042345722149697,-0.001249743710198068,-0.010602379333546375,0.0011171643224177261,-0.01004670037904453,0.0,True,False,1,True,True,0.003558399999747053,4,1.0753855437697e-09,1.5404586103608072e-10,`gtol` termination condition is satisfied.,True,True,0.009999999999999787,0.009209324411552366,1.0,1.8231189948437071e-06,0.009046260370819617,1.82302449540664e-06,0.00904626048341923
12.069999999999787,1786132514.8395038,0.007130099998903461,0.009155699997791089,0.01,TELEOP,0,,0.0,12.069999999999787,1207,0.0,0.0,0.0,0.05432583742192441,0.12045496833767591,-3.469446951953615e-18,0.9912312061225556,9.608845685882324e-33,2.0096689503683202e-24,4.0529264493332885e-12,0.06011737284622193,0.11472434167101338,-1.179069862577986e-18,0.9915766369324264,-0.016000000000000007,-0.22496149868503695,0.2802328425567239,-0.10038654841418165,0.05699157131959729,-0.007503082705655174,0.9932865676359076,-0.016000000000000007,-0.22496149868503695,0.2802328425567239,-0.09979423046738876,0.05640125285429776,-0.007425365805326534,0.993380528390075,-0.016000000310473127,-0.22496149851866556,0.28023284357222417,-0.0997942303956663,0.056401252850328744,-0.007425365778684482,0.9933805283977046,-0.015999719153489127,-0.22495973655358475,0.28023246528560264,-0.09662241000452998,0.053240273538667206,-0.007017937651788393,0.9938713858993828,-0.015999719153489127,-0.22495973655358475,0.28023246528560264,-0.09662241000452998,0.053240273538667206,-0.007017937651788393,0.9938713858993828,0.0021813756332746247,-0.5254369882418369,0.7601611555761406,0.013361647783387989,0.43520595591386274,0.12633446518941963,0.002290051641115076,-0.5255102338123349,0.7574398963350614,0.014298948534768994,0.4259943694425024,0.12085389828601296,0.002290051641115076,-0.5255102338123349,0.7574398963350614,0.014298948534768994,0.4259943694425024,0.12085389828601296,-0.0007328654699280563,0.0004206597729664428,0.024888913065687978,-0.007255763168504311,0.08360852752934553,0.051021907747228236,-0.002125818647603401,0.002043408747852933,-0.0012516057686674047,-0.010542939609509768,0.00110973054032656,-0.009988102180943578,0.0,True,False,1,True,True,0.003976000007241964,4,1.074855215023848e-09,1.5398544108525298e-10,`gtol` termination condition is satisfied.,True,True,0.009999999999999787,0.009210463893689569,1.0,1.8239163806687496e-06,0.009046371305556121,1.8238189374111737e-06,0.009046371418148196
12.079999999999787,1786132514.846796,0.009543899999698624,0.006903000001329929,0.01,TELEOP,0,,0.0,12.079999999999787,1208,0.0,0.0,0.0,0.053742805048080426,0.12103122744111272,0.0,0.9911927929972361,8.731099798382858e-33,1.8260903277026584e-24,3.682700967460858e-12,0.05953472146819408,0.11530138966099528,-1.124859753953711e-18,0.9915448585323551,-0.016000000000000007,-0.2249614986850657,0.2802328425566166,-0.10067471680499518,0.05727868823167629,-0.007540882364229955,0.9932405994339244,-0.016000000000000007,-0.2249614986850657,0.2802328425566166,-0.10008240324566839,0.05668841961128934,-0.007463172026108547,0.9933349066180321,-0.01600000030851135,-0.22496149851836894,0.28023284357210787,-0.10008240317393577,0.056688419607327914,-0.007463171999585709,0.9933349066256848,-0.015999712212619685,-0.2249597374601564,0.2802324617898613,-0.09691057496461045,0.05352767309058863,-0.00705570861049726,0.9938276237102386,-0.015999712212619685,-0.2249597374601564,0.2802324617898613,-0.09691057496461045,0.05352767309058863,-0.00705570861049726,0.9938276237102386,0.002171501688417269,-0.5254303137134602,0.7604085147530723,0.013277286043604408,0.4360432576635373,0.12683352986370672,0.0022825104440803343,-0.5255058227637294,0.7576886601105108,0.014225342493980173,0.42683056489083415,0.12136312432631875,0.0022825104440803343,-0.5255058227637294,0.7576886601105108,0.014225342493980173,0.42683056489083415,0.12136312432631875,-0.0007541197034741948,0.0004411048605488897,0.02487637754494376,-0.007360604078882135,0.0836195448331743,0.05092260403057988,-0.0021254233546138955,0.002044508758244735,-0.001253552074421873,-0.01048409103778255,0.0011017303828769753,-0.00993037166483578,0.0,True,False,1,True,True,0.0034626999986357987,4,1.0743321330626055e-09,1.5392574267082475e-10,`gtol` termination condition is satisfied.,True,True,0.009999999999999787,0.009211586471360333,1.0,1.824851488353229e-06,0.009046467632059008,1.8247515116854246e-06,0.009046467744643554
12.089999999999787,1786132514.8547204,0.007119000001694076,0.007708600009209476,0.01,TELEOP,0,,0.0,12.089999999999787,1209,0.0,0.0,0.0,0.05315973647970023,0.12160740503281715,0.0,0.9911537123264954,7.933533972902098e-33,1.6592811887341225e-24,3.346294729328735e-12,0.058952029994949924,0.11587835999800004,-1.0570971181733668e-18,0.9915124123497641,-0.016000000000000007,-0.22496149868509183,0.28023284255651915,-0.10096288297168748,0.0575657808039175,-0.007578678818404299,0.9931944627160626,-0.016000000000000007,-0.22496149868509183,0.28023284255651915,-0.10037057389928364,0.05697556212891165,-0.007500975055717059,0.9932891163142968,-0.016000000306562786,-0.22496149851806968,0.28023284357200107,-0.10037057382754101,0.05697556212495782,-0.007500975029312477,0.9932891163219725,-0.01599970536186965,-0.22495973812300743,0.28023245888644144,-0.09719874480179275,0.053815052091422545,-0.007093478164207354,0.9937836921306806,-0.01599970536186965,-0.22495973812300743,0.28023245888644144,-0.09719874480179275,0.053815052091422545,-0.007093478164207354,0.9937836921306806,0.002161415553560522,-0.5254234329717009,0.7606557451650177,0.013191938432597935,0.43688065313881186,0.12733165930250742,0.0022747567433921002,-0.5255012071511741,0.7579372983286624,0.014150693872830822,0.42766686966463807,0.12187136302282259,0.0022747567433921002,-0.5255012071511741,0.7579372983286624,0.014150693872830822,0.42766686966463807,0.12187136302282259,-0.0007753700688234368,0.00046156125552291157,0.024863821815161516,-0.007464862114935175,0.0836304773803943,0.0508238696503848,-0.0021250365349242363,0.0020456394974022294,-0.0012555729782241037,-0.01042580360530428,0.001093254721999439,-0.009873438019508107,0.0,True,False,1,True,True,0.004379000005428679,4,1.0738159367209227e-09,1.538668837792949e-10,`gtol` termination condition is satisfied.,True,True,0.009999999999999787,0.009212692772703146,1.0,1.8259151478072863e-06,0.009046550027633694,1.825813026956502e-06,0.009046550140210673
12.099999999999786,1786132514.8617733,0.007940099996631034,0.006821699993452057,0.01,TELEOP,0,,0.0,12.099999999999786,1210,0.0,0.0,0.0,0.05257663210946709,0.12218350072474686,0.0,0.9911139641366535,7.208823945735844e-33,1.50770967981121e-24,3.040618425033944e-12,0.05836929881892377,0.11645525229345711,-1.0028870095490916e-18,0.9914792984065045,-0.016000000000000007,-0.22496149868511556,0.2802328425564306,-0.10125104686553416,0.05785284898706648,-0.0076164720616937395,0.9931481574901333,-0.016000000000000007,-0.22496149868511556,0.2802328425564306,-0.10065874237949071,0.05726268035791509,-0.00753877488766823,0.9932431574866246,-0.016000000304627254,-0.22496149851776828,0.2802328435719029,-0.10065874230773772,0.057262680353968844,-0.007538774861380926,0.9932431574943233,-0.015999698598222915,-0.22495973855476897,0.2802324565403204,-0.09748691912018169,0.054102410340647125,-0.007131246237818106,0.9937395912022843,-0.015999698598222915,-0.22495973855476897,0.2802324565403204,-0.09748691912018169,0.054102410340647125,-0.007131246237818106,0.9937395912022843,0.002151117291887004,-0.5254163459523065,0.7609028466548265,0.01310561051668049,0.43771814216932603,0.1278288592162114,0.0022667905771257667,-0.5254963868591175,0.7581858107808997,0.014075008446803984,0.4285032828774631,0.12237861999596075,0.0022667905771257667,-0.5254963868591175,0.7581858107808997,0.014075008446803984,0.4285032828774631,0.12237861999596075,-0.0007966166266333558,0.00048202920566519367,0.02485124522373426,-0.007568542602683861,0.08364132128250586,0.05072569731381719,-0.0021246557809919413,0.0020467950142282515,-0.001257659142725407,-0.010368048774868818,0.0010843902111557873,-0.009817233656761402,0.0,True,False,1,True,True,0.003479000006336719,4,1.0733065253494187e-09,1.538097435358708e-10,`gtol` termination condition is satisfied.,True,True,0.009999999999999787,0.009213783474173787,1.0,1.8270987820074372e-06,0.009046619209636753,1.826994883825647e-06,0.009046619322206798
12.109999999999786,1786132514.8717394,0.007075400004396215,0.009712600003695115,0.01,TELEOP,0,,0.0,12.109999999999786,1211,0.0,0.0,0.0,0.0519934923300882,0.12275951412891475,0.0,0.9910735484544797,6.550314507773495e-33,1.3699838785797681e-24,2.7628649460069886e-12,0.057786528332575665,0.1170320661588485,-1.0164395367051606e-18,0.9914455167248776,-0.016000000000000007,-0.22496149868513712,0.2802328425563501,-0.10153920843781916,0.05813989273186536,-0.007654262087613351,0.9931016837639751,-0.016000000000000007,-0.22496149868513712,0.2802328425563501,-0.10094690863755454,0.05754977424904696,-0.007576571515477825,0.993197030142799,-0.016000000302704695,-0.22496149851746478,0.2802328435718128,-0.10094690856579132,0.05754977424510823,-0.007576571489306857,0.9931970301505207,-0.015999691918593274,-0.22495973876864422,0.28023245471548786,-0.09777509751012668,0.054389747629692835,-0.007169012752811524,0.9936953209690652,-0.015999691918593274,-0.22495973876864422,0.28023245471548786,-0.09777509751012668,0.054389747629692835,-0.007169012752811524,0.9936953209690652,0.002140606966979935,-0.5254090525910798,0.7611498190649906,0.013018307821186634,0.43855572458546227,0.12832513527445677,0.0022586119829778374,-0.525491361770093,0.758434197252979,0.013998291940823708,0.4293398036121916,0.12288490079966029,0.0022586119829778374,-0.525491361770093,0.758434197252979,0.013998291940823708,0.4293398036121916,0.12288490079966029,-0.0008178594147929588,0.0005025089024414563,0.02483864720793059,-0.007671650598027808,0.08365207347285203,0.050628080369954656,-0.002124278815960344,0.0020479696776263103,-0.00125980158036714,-0.010310799534394927,0.001075219034616636,-0.009761694386253099,0.0,True,False,1,True,True,0.004680199999711476,4,1.072804061761971e-09,1.5375340127207718e-10,`gtol` termination condition is satisfied.,True,True,0.009999999999999787,0.009214859291862942,1.0,1.8283943538078785e-06,0.00904667592716465,1.8282890224447536e-06,0.009046676039727813
12.119999999999786,1786132514.88296,0.0101066999923205,0.010826300000189804,0.01,TELEOP,0,,0.0,12.119999999999786,1212,0.0,0.0,0.0,0.051410317534294744,0.12333544485738916,0.0,0.9910324653071931,5.9519583879043124e-33,1.2448390115817774e-24,2.5104836065709807e-12,0.05720371892839125,0.11760880120570899,-8.809142651444724e-19,0.9914110673276336,-0.016000000000000007,-0.22496149868515672,0.28023284255627695,-0.10182736763983452,0.05842691198905305,-0.007692048889677791,0.9930550415454544,-0.016000000000000007,-0.22496149868515672,0.28023284255627695,-0.10123507262474844,0.05783684375305154,-0.007614364932661203,0.9931507342906309,-0.01600000030079493,-0.22496149851715913,0.2802328435717297,-0.10123507255297501,0.05783684374912032,-0.007614364906605637,0.9931507342983757,-0.015999685319848928,-0.2249597387782728,0.2802324533752792,-0.09806327955188146,0.054677063743720576,-0.007206777627990124,0.9936508814770485,-0.015999685319848928,-0.2249597387782728,0.2802324533752792,-0.09806327955188146,0.054677063743720576,-0.007206777627990124,0.9936508814770485,0.002129884642823827,-0.5254015528238737,0.7613966622376407,0.012930035830848369,0.43939340021833484,0.12882049310650556,0.002250220998480055,-0.5254861317652497,0.7586824575258896,0.013920550031800294,0.43017643092879093,0.12339021092740463,0.002250220998480055,-0.5254861317652497,0.7586824575258896,0.013920550031800294,0.43017643092879093,0.12339021092740463,-0.0008390984497782744,0.0005230004843347718,0.024826027291062546,-0.007774190902341696,0.08366273165993605,0.05053101277443432,-0.0021239034985316187,0.00204915818933159,-0.0012619916868046646,-0.010254030431389085,0.001065818708402902,-0.009706759552033605,0.0,True,False,1,True,True,0.005929699997068383,4,1.0723082607836886e-09,1.5369785431736383e-10,`gtol` termination condition is satisfied.,True,True,0.009999999999999787,0.009215920973270675,1.0,1.8297943093092907e-06,0.009046720953208128,1.8296878658853372e-06,0.009046721065764518
12.129999999999786,1786132514.8918915,0.0110566000075778,0.008701099999598227,0.01,TELEOP,0,,0.0,12.129999999999786,1213,0.0,0.0,0.0,0.05082710811484152,0.12391129252229402,-3.469446951953615e-18,0.9909907147224624,5.4082607192835424e-33,1.1311258394970001e-24,2.2811567203018796e-12,0.05662087099888166,0.11818545704562645,-1.0164395367051606e-18,0.9913759502379733,-0.016000000000000007,-0.22496149868517454,0.2802328425562105,-0.10211552442288044,0.058713906709365125,-0.00772983246140127,0.9930082308424653,-0.016000000000000007,-0.22496149868517454,0.2802328425562105,-0.10152323429235428,0.05812388882066993,-0.007652155132733306,0.9931042699379591,-0.016000000298897896,-0.22496149851685196,0.280232843571653,-0.10152323422057057,0.05812388881674615,-0.007652155106792209,0.993104269945727,-0.01599967879883567,-0.22495973859760288,0.28023245248268575,-0.09835146481902722,0.054964358463294706,-0.007244540780175786,0.9936062727738562,-0.01599967879883567,-0.22495973859760288,0.28023245248268575,-0.09835146481902722,0.054964358463294706,-0.007244540780175786,0.9936062727738562,0.0021189503838025653,-0.5253938465865932,0.7616433760145529,0.012840799990159975,0.44023116889977976,0.12931493830160842,0.002241617661199605,-0.5254806967248471,0.7589305913766734,0.013841788351017438,0.4310131638715833,0.12389455581793557,0.002241617661199605,-0.5254806967248471,0.7589305913766734,0.013841788351017438,0.4310131638715833,0.12389455581793557,-0.0008603337280450078,0.0005435040402628176,0.024813385078379078,-0.007876168078285664,0.08367329427923918,0.050434489053095215,-0.002123527826673382,0.0020503555928046294,-0.0012642212683468268,-0.010197717594396895,0.0010562619303124826,-0.00965237213391117,0.0,True,False,1,True,True,0.0034866000059992075,4,1.0718189796581845e-09,1.536434355645119e-10,`gtol` termination condition is satisfied.,True,True,0.009999999999999787,0.009216969289543908,1.0,1.831291520655127e-06,0.00904675507729855,1.8311842623303871e-06,0.00904675518984855
12.139999999999786,1786132514.9040096,0.009079299998120405,0.01173959999869112,0.01,TELEOP,0,,0.0,12.139999999999786,1214,0.0,0.0,0.0,0.05024386446450651,0.12448705673580925,-3.469446951953615e-18,0.9909482967284053,4.914228578477012e-33,1.0278001033660106e-24,2.0727783160841976e-12,0.05603798493658327,0.11876203329024199,-1.2061749168901239e-18,0.9913401654795466,-0.016000000000000007,-0.2249614986851907,0.2802328425561501,-0.10240367873826518,0.05900087684353383,-0.007767612796297569,0.9929612516629293,-0.016000000000000007,-0.2249614986851907,0.2802328425561501,-0.10181139359166232,0.05841090940264018,-0.007689942109208677,0.9930576370926499,-0.016000000297013435,-0.2249614985165431,0.2802328435715825,-0.10181139351986862,0.05841090939872386,-0.0076899420833811405,0.9930576371004408,-0.01599967235239822,-0.22495973824077148,0.2802324520006411,-0.09863965288165662,0.055251631565948846,-0.007282302124867947,0.9935614949083168,-0.01599967235239822,-0.22495973824077148,0.2802324520006411,-0.09863965288165662,0.055251631565948846,-0.007282302124867947,0.9935614949083168,0.0021078042546998376,-0.5253859338152019,0.7618899602371516,0.012750605703744132,0.44106903046234314,0.12980847640937176,0.0022328020089251665,-0.5254750565287166,0.7591785985792008,0.013762012486360423,0.43185000147602326,0.12439794086058502,0.0022328020089251665,-0.5254750565287166,0.7591785985792008,0.013762012486360423,0.43185000147602326,0.12439794086058502,-0.0008815652274438729,0.0005640196130500567,0.024800720252735133,-0.007977586465701653,0.08368376044399693,0.05033850426494575,-0.002123149939886562,0.00205155727872395,-0.0012664825643946345,-0.010141838741599032,0.0010466164757745127,-0.00959847881494656,0.0,True,False,1,True,True,0.0059785000048577785,4,1.0713365281884565e-09,1.5358944933293376e-10,`gtol` termination condition is satisfied.,True,True,0.009999999999999787,0.009218005028196474,1.0,1.8328792281365956e-06,0.009046779098651706,1.8327714286556899e-06,0.009046779211194938
12.149999999999785,1786132514.9154735,0.012116999991121702,0.011086600003181957,0.01,TELEOP,0,,0.0,12.149999999999785,1215,0.0,0.0,0.0,0.04966058697609082,0.12506273711017102,-3.469446951953615e-18,0.9909052113535898,4.465325134088472e-33,9.339129348764062e-25,1.8834347984059233e-12,0.055455061134057564,0.11933852955125021,-1.3823577699190182e-18,0.9913037130764534,-0.016000000000000007,-0.2249614986852054,0.28023284255609526,-0.10269183053730511,0.059287822342288056,-0.007805389887880026,0.9929141040147959,-0.016000000000000007,-0.2249614986852054,0.28023284255609526,-0.10209955047397103,0.05869790544969711,-0.007727725855601431,0.9930108357625974,-0.016000000295141426,-0.22496149851623284,0.280232843571517,-0.10209955040216712,0.05869790544578821,-0.007727725829886533,0.9930108357704114,-0.015999665977399997,-0.22495973772199282,0.2802324518922838,-0.09892784330931638,0.05553888282764165,-0.007320061576859657,0.9935165479300966,-0.015999665977399997,-0.22495973772199282,0.2802324518922838,-0.09892784330931638,0.05553888282764165,-0.007320061576859657,0.9935165479300966,0.0020964463206980402,-0.5253778144457176,0.7621364147465152,0.012659458336710661,0.4419069847392759,0.13030111294011615,0.0022237740798386873,-0.5254692110566873,0.7594264789049017,0.013681227984385591,0.43268694277497693,0.12490037140023265,0.0022237740798386873,-0.5254692110566873,0.7594264789049017,0.013681227984385591,0.43268694277497693,0.12490037140023265,-0.0009027929086479429,0.0005845472029340751,0.02478803257008664,-0.008078450197483291,0.08369412989536709,0.05024305396476356,-0.0021227681204070478,0.002052758988401886,-0.0012687682648492653,-0.01008637317816413,0.0010369451370159655,-0.009545030018219432,0.0,True,False,1,True,True,0.005875200004084036,4,1.0708601709949704e-09,1.5353690579352068e-10,`gtol` termination condition is satisfied.,True,True,0.009999999999999787,0.009219028986319877,1.0,1.8345509885711912e-06,0.009046793819811478,1.8344428982599501e-06,0.009046793932348515
12.159999999999785,1786132514.9261072,0.01144850000855513,0.010271700011799112,0.01,TELEOP,0,,0.0,12.159999999999785,1216,0.0,0.0,0.0,0.04907727604241845,0.12563833325767182,0.0,0.9908614586270326,4.05742798380405e-33,8.486021426472508e-25,1.7113873742908943e-12,0.05487209998389099,0.1199149454403995,-1.2739375526704677e-18,0.9912665930532432,-0.016000000000000007,-0.22496149868521875,0.2802328425560454,-0.1029799797713246,0.05957474315635334,-0.007843163729661528,0.9928667879060422,-0.016000000000000007,-0.22496149868521875,0.2802328425560454,-0.10238770489058717,0.05898487691257234,-0.007765506365425263,0.9929638659557232,-0.01600000029328175,-0.2249614985159214,0.2802328435714562,-0.1023877048187731,0.05898487690867084,-0.007765506339822105,0.9929638659635601,-0.015999659670741292,-0.2249597370554559,0.2802324521211977,-0.0992160356737084,0.055826112024102446,-0.007357819050810684,0.993471431889353,-0.015999659670741292,-0.2249597370554559,0.2802324521211977,-0.0992160356737084,0.055826112024102446,-0.007357819050810684,0.993471431889353,0.0020848766473771357,-0.5253694884142154,0.762382739383373,0.012567363215011198,0.44274503156451794,0.13079285336523194,0.002214533912672876,-0.5254631601889765,0.7596742321234502,0.013599440352232452,0.4335239868045007,0.1254018527418888,0.002214533912672876,-0.5254631601889765,0.7596742321234502,0.013599440352232452,0.4335239868045007,0.1254018527418888,-0.0009240167165811358,0.0006050867710728554,0.02477532185485116,-0.008178763215314121,0.08370440295237887,0.05014813416561611,-0.0021223807933193387,0.002053956813878076,-0.0012710715235479328,-0.010031301783083217,0.0010273057011776546,-0.00949197991474531,0.0,True,False,1,True,True,0.005279999997583218,4,1.0703900642677986e-09,1.534851481555775e-10,`gtol` termination condition is satisfied.,True,True,0.009999999999999787,0.009220041964298986,1.0,1.8363006266561003e-06,0.009046800040804584,1.836192472479578e-06,0.009046800153335477
12.169999999999785,1786132514.9340394,0.010600299996440299,0.007603399993968196,0.01,TELEOP,0,,0.0,12.169999999999785,1217,0.0,0.0,0.0,0.048493932056335703,0.12621384479066097,-3.469446951953614e-18,0.9908170385782001,3.6867912972515966e-33,7.710842944913343e-25,1.5550560854903637e-12,0.054289101878694686,0.12049128056949229,-1.5720931501039816e-18,0.9912288054349151,-0.016000000000000007,-0.2249614986852309,0.2802328425560001,-0.10326812639165603,0.05986163923645202,-0.007880934315154553,0.9928193033446732,-0.016000000000000007,-0.2249614986852309,0.2802328425560001,-0.10267585679282568,0.059271823741994314,-0.007803283632193451,0.9929167276799766,-0.016000000291434294,-0.22496149851560876,0.2802328435714001,-0.10267585672100148,0.05927182373810016,-0.007803283606701134,0.9929167276878366,-0.015999653429375742,-0.22495973625522953,0.28023245265162755,-0.0995042295511493,0.05611331893206588,-0.007395574461776937,0.9934261468364122,-0.015999653429375742,-0.22495973625522953,0.28023245265162755,-0.0995042295511493,0.05611331893206588,-0.007395574461776937,0.9934261468364122,0.00207309530071483,-0.5253609556568318,0.7626289339881158,0.012474325625793075,0.4435831707726918,0.13128370311753323,0.0022050815468545072,-0.5254569038065463,0.7599218580034021,0.01351665505938069,0.43436113260912107,0.12590239015490448,0.0022050815468545072,-0.5254569038065463,0.7599218580034021,0.01351665505938069,0.43436113260912107,0.12590239015490448,-0.0009452365818369061,0.0006256382430283892,0.02476258799518691,-0.0082785292851764,0.08371458046203556,0.05005374130156784,-0.0021219865255770708,0.0020551471955534144,-0.0012733859664248947,-0.009976606986227985,0.001017750965669889,-0.009439286404826856,0.0,True,False,1,True,True,0.003534799994667992,4,1.0699265157794564e-09,1.5343425506566694e-10,`gtol` termination condition is satisfied.,True,True,0.009999999999999787,0.009221044760017227,1.0,1.838122194103153e-06,0.009046798553796512,1.8380141803393316e-06,0.009046798666321442
12.179999999999785,1786132514.9419205,0.007827900000847876,0.007657199996174313,0.01,TELEOP,0,,0.0,12.179999999999785,1218,0.0,0.0,0.0,0.047910555410711306,0.12678927132154486,0.0,0.9907719512370083,3.3500114170224904e-33,7.0064752294450845e-25,1.4130052992970354e-12,0.053706067211104304,0.1210675345503852,-1.4365678785432934e-18,0.9911903502469179,-0.016000000000000007,-0.22496149868524193,0.2802328425559589,-0.1035562703496397,0.06014851053330292,-0.007918701637871109,0.9927716503387211,-0.016000000000000007,-0.22496149868524193,0.2802328425559589,-0.10296400613200962,0.05955874588868822,-0.007841057649418842,0.9928694209433346,-0.01600000028959893,-0.22496149851529518,0.28023284357134776,-0.10296400606017524,0.059558745884801374,-0.00784105762403648,0.9928694209512178,-0.015999647250325037,-0.22495973533517571,0.28023245344867304,-0.09979242452479326,0.056400503330396666,-0.00743332772569616,0.99338069282147,-0.015999647250325037,-0.22495973533517571,0.28023245344867304,-0.09979242452479326,0.056400503330396666,-0.00743332772569616,0.99338069282147,0.002061102347085758,-0.5253522161097626,0.762874998400796,0.012380350817747025,0.44442140219909376,0.1317736675916061,0.0021954170226337194,-0.5254504417914242,0.7601693563127843,0.01343287753925523,0.4351983792466201,0.12640198887681262,0.0021954170226337194,-0.5254504417914242,0.7601693563127843,0.01343287753925523,0.4351983792466201,0.12640198887681262,-0.0009664524220787948,0.0006462015122091716,0.024749830938222667,-0.008377752012546187,0.08372466374990252,0.04995987219081332,-0.0021215840241889145,0.002056326918078286,-0.0012757056964245058,-0.009922272736979007,0.0010083287866962758,-0.009386911075452293,0.0,True,False,1,True,True,0.004207499994663522,4,1.0694689834614262e-09,1.533843988750446e-10,`gtol` termination condition is satisfied.,True,True,0.009999999999999787,0.009222038163570756,1.0,1.8400099358182259e-06,0.009046790138248566,1.8399022444528014e-06,0.009046790250767878
12.189999999999785,1786132514.9494953,0.008041900000534952,0.007189500000094995,0.01,TELEOP,0,,0.0,12.189999999999785,1219,0.0,0.0,0.0,0.04732714649843592,0.12736461246278696,0.0,0.9907261966338226,3.0439956019607517e-33,6.366449879933231e-25,1.28393052473977e-12,0.053122996373779825,0.1216437069949894,-1.3552527156068805e-18,0.9911512275151501,-0.016000000000000007,-0.22496149868525195,0.2802328425559215,-0.10384441159662393,0.060435356997621696,-0.00795646569132279,0.9927238288962463,-0.016000000000000007,-0.22496149868525195,0.2802328425559215,-0.10325215285947026,0.05984564330337608,-0.007878828410613865,0.9928219457538022,-0.01600000028777554,-0.22496149851498054,0.2802328435712989,-0.10325215278762578,0.05984564329949656,-0.007878828385340587,0.9928219457617083,-0.015999641130692275,-0.22495973430887262,0.2802324544784608,-0.10008062018662221,0.05668766500110556,-0.007471078759829879,0.9933350698943172,-0.015999641130692275,-0.22495973430887262,0.2802324544784608,-0.10008062018662221,0.05668766500110556,-0.007471078759829879,0.9933350698943172,0.0020488978532605547,-0.5253432697092666,0.7631209324611316,0.012285444001450938,0.4452597256796836,0.13226275214415292,0.0021855403811995725,-0.5254437740269917,0.760416726819637,0.01334811319068325,0.4360357257923349,0.12690065411680715,0.0021855403811995725,-0.5254437740269917,0.760416726819637,0.01334811319068325,0.4360357257923349,0.12690065411680715,-0.0009876641434147036,0.000666776443245631,0.02473705068527862,-0.008476434857198093,0.08373465457148252,0.04986652399945409,-0.0021211721335909254,0.002057493103645985,-0.0012780252944048372,-0.009868284465190958,0.0009990821579998709,-0.009334819135922944,0.0,True,False,1,True,True,0.0035109000018564984,4,1.069017474288368e-09,1.5333521109028448e-10,`gtol` termination condition is satisfied.,True,True,0.009999999999999787,0.00922302295247368,1.0,1.8419582618418838e-06,0.009046775556565812,1.8418510535591594e-06,0.009046775669079445
12.199999999999784,1786132514.9566426,0.007402699993690476,0.006934899996849708,0.01,TELEOP,0,,0.0,12.199999999999784,1220,0.0,0.0,0.0,0.04674370571242206,0.12793986782690828,0.0,0.9906797747994575,2.7659336256805934e-33,5.784889369674112e-25,1.1666464330884932e-12,0.05253988975940533,0.12221979751527082,-1.328147661294743e-18,0.9911114372659595,-0.016000000000000007,-0.22496149868526105,0.28023284255588754,-0.10413255008396499,0.060722178580120564,-0.007994226469020736,0.9926758390253368,-0.016000000000000007,-0.22496149868526105,0.28023284255588754,-0.10354029692654682,0.06013251593677658,-0.007916595909290515,0.9927743021194116,-0.01600000028596406,-0.22496149851466501,0.2802328435712533,-0.10354029685469242,0.06013251593290433,-0.007916595884125457,0.9927743021273409,-0.015999635067673476,-0.2249597331895442,0.280232455708294,-0.10036881613920688,0.056974803730258795,-0.007508827483161932,0.9932892781040882,-0.015999635067673476,-0.2249597331895442,0.280232455708294,-0.10036881613920688,0.056974803730258795,-0.007508827483161932,0.9932892781040882,0.0020364818864048568,-0.5253341163916653,0.7633667360085069,0.012189610349709844,0.44609814105107254,0.13275096209433224,0.002175451664782197,-0.5254369003982389,0.7606639692925081,0.013262367379207732,0.43687317134298137,0.12739839105886827,0.002175451664782197,-0.5254369003982389,0.7606639692925081,0.013262367379207732,0.43687317134298137,0.12739839105886827,-0.001008871641737586,0.0006873628752851914,0.024724247287109494,-0.008574581147552005,0.08374455506464899,0.04977369420611423,-0.002120749832288284,0.0020586432039560857,-0.0012803398169124007,-0.009814629035391313,0.0009900493166480062,-0.009282979333986342,0.0,True,False,1,True,True,0.0033636000007390976,4,1.06857195552958e-09,1.5328667675987977e-10,`gtol` termination condition is satisfied.,True,True,0.009999999999999787,0.009223999887348677,1.0,1.843961728746856e-06,0.009046755550226417,1.843855143374205e-06,0.009046755662734406
12.209999999999784,1786132514.9686458,0.00720500000170432,0.011732900005881675,0.01,TELEOP,0,,0.0,12.209999999999784,1221,0.0,0.0,0.0,0.046160233445603514,0.12851503702648773,0.0,0.990632685765177,2.5132719694938754e-33,5.256453070470022e-25,1.0600759726583498e-12,0.051956747760688725,0.1227958057232504,-1.2874900798265363e-18,0.9910709795261438,-0.016000000000000007,-0.22496149868526932,0.2802328425558567,-0.10442068576302709,0.06100897523150858,-0.008031983964475669,0.9926276807341083,-0.016000000000000007,-0.22496149868526932,0.2802328425558567,-0.10382843828458663,0.06041936373960523,-0.007954360138960363,0.9927264900482231,-0.01600000028416431,-0.22496149851434888,0.28023284357121064,-0.10382843821272204,0.06041936373574023,-0.007954360113902655,0.9927264900561754,-0.015999629058567784,-0.2249597319899985,0.2802324571067822,-0.10065701199724948,0.057261919308783354,-0.0075465738167544575,0.9932433174990347,-0.015999629058567784,-0.2249597319899985,0.2802324571067822,-0.10065701199724948,0.057261919308783354,-0.0075465738167544575,0.9932433174990347,0.002023854514080039,-0.5253247560933436,0.763612408881978,0.012092854997895964,0.446936648150518,0.1332383027240998,0.0021651509167419486,-0.525429820791987,0.7609110835009002,0.013175645438262731,0.4377107150200152,0.12789520486454398,0.0021651509167419486,-0.525429820791987,0.7609110835009002,0.013175645438262731,0.4377107150200152,0.12789520486454398,-0.0010300748040248408,0.0007079606251886864,0.024711420839204457,-0.008672194094500285,0.08375436770338422,0.04968138056757106,-0.0021203162287255378,0.002059774990349544,-0.001282644790503648,-0.009761294694828292,0.0009812638735229307,-0.009231363854317217,0.0,True,False,1,True,True,0.0060129999910714105,4,1.0681324023780597e-09,1.5323947113507478e-10,`gtol` termination condition is satisfied.,True,True,0.009999999999999787,0.009224969708091169,1.0,1.8460150266116843e-06,0.009046730836377229,1.8459091838792504e-06,0.009046730948880071
12.219999999999784,1786132514.977605,0.01206990001082886,0.00862210000923369,0.01,TELEOP,0,,0.0,12.219999999999784,1222,0.0,0.0,0.0,0.045576730090935276,0.12909011967416212,-3.469446951953615e-18,0.9905849295626946,2.2836903727541033e-33,4.776288208189237e-25,9.632404779513878e-13,0.05137357077036161,0.12337173123100442,-1.5856456772600502e-18,0.9910298543229501,-0.016000000000000007,-0.22496149868527685,0.2802328425558286,-0.10470881858518226,0.0612957469024913,-0.008069738171197856,0.992579354030704,-0.016000000000000007,-0.22496149868527685,0.2802328425558286,-0.10411657688494497,0.06070618666257425,-0.007992121093134552,0.9926785095483245,-0.016000000282376227,-0.22496149851403197,0.2802328435711704,-0.10411657681307032,0.06070618665871647,-0.007992121068183346,0.9926785095562998,-0.015999623100785967,-0.22495973072257383,0.28023245864394997,-0.10094520738891101,0.05754901153317111,-0.007584317684061916,0.9931971881263216,-0.015999623100785967,-0.22495973072257383,0.28023245864394997,-0.10094520738891101,0.05754901153317111,-0.007584317684061916,0.9931971881263216,0.0020110158042413997,-0.5253151887507552,0.7638579509202795,0.011995183044279413,0.44777524681591385,0.13372477927853935,0.002154638181646023,-0.5254225350970808,0.761158069215672,0.01308795267021604,0.4385483559725455,0.12839110067539944,0.002154638181646023,-0.5254225350970808,0.761158069215672,0.01308795267021604,0.4385483559725455,0.12839110067539944,-0.001051273509592596,0.000728569490611673,0.024698571477173064,-0.00876927680466923,0.08376409525303183,0.049589581085548035,-0.0021198705567755586,0.0020608865422987004,-0.0012849362031392964,-0.009708271016894731,0.0009727549647612032,-0.00917994820230257,0.0,True,False,1,True,True,0.0046249000006355345,4,1.0676985204348873e-09,1.531928908267969e-10,`gtol` termination condition is satisfied.,True,True,0.009999999999999787,0.009225933130502795,1.0,1.8481129717943262e-06,0.009046702104885554,1.8480079727478452e-06,0.009046702217383287
12.229999999999784,1786132514.9845405,0.008845299991662614,0.0067119000013917685,0.01,TELEOP,0,,0.0,12.229999999999784,1223,0.0,0.0,0.0,0.04499319604139351,0.1296651153826265,-3.469446951953614e-18,0.9905365062241729,2.07508052527241e-33,4.339985298422471e-25,8.752506823053365e-13,0.050790359181178954,0.12394757365066462,-1.8024861117571507e-18,0.9909880616840749,-0.016000000000000007,-0.2249614986852837,0.2802328425558031,-0.10499694850181053,0.06158249354377107,-0.008107489082697136,0.992530858923295,-0.016000000000000007,-0.2249614986852837,0.2802328425558031,-0.10440471267898523,0.060992984656392586,-0.008029878765323793,0.992630360627831,-0.01600000028059968,-0.22496149851371444,0.28023284357113265,-0.10440471260710055,0.060992984652541986,-0.008029878740478238,0.9926303606358294,-0.015999617191857638,-0.22495972939909242,0.28023246029132864,-0.10123340195693592,0.057836080206085744,-0.00762205901120457,0.9931508900318473,-0.015999617191857638,-0.22495972939909242,0.28023246029132864,-0.10123340195693592,0.057836080206085744,-0.00762205901120457,0.9931508900318473,0.001997965825238057,-0.5253054143004189,0.764103361961818,0.01189659955035934,0.44861393688577733,0.1342103969661942,0.0021439135053330357,-0.5254150432045511,0.7614049262093943,0.012999294347285348,0.43938609337981793,0.12888608361514747,0.0021439135053330357,-0.5254150432045511,0.7614049262093943,0.012999294347285348,0.43938609337981793,0.12888608361514747,-0.0010724676312987443,0.0007491892529648173,0.024685699372232306,-0.0088658322930695,0.08377374072724574,0.04949829397480428,-0.0021194121706148744,0.0020619762353144755,-0.0012872104940756894,-0.009655548840027268,0.0009645474213904511,-0.009128711074375916,0.0,True,False,1,True,True,0.003439099993556738,4,1.0672704749412372e-09,1.5314709603773403e-10,`gtol` termination condition is satisfied.,True,True,0.009999999999999787,0.009226890843368363,1.0,1.850250506898616e-06,0.009046670015821467,1.8501464344604685e-06,0.009046670128314303
12.239999999999783,1786132514.9920597,0.00693170000158716,0.00729979999596253,0.01,TELEOP,0,,0.0,12.239999999999783,1224,0.0,0.0,0.0,0.04440963168997481,0.13024002376463473,-3.469446951953615e-18,0.990487415782224,1.885526706132183e-33,3.943537652989327e-25,7.952985515161861e-13,0.05020711338591896,0.12452333259441863,-2.0599841277224584e-18,0.9909456016376648,-0.016000000000000007,-0.2249614986852899,0.28023284255577996,-0.10528507546429983,0.061869215106046954,-0.008145236692482915,0.99248219542008,-0.016000000000000007,-0.2249614986852899,0.28023284255577996,-0.10469284561807868,0.06127975767176597,-0.008067633149038366,0.9925820432948862,-0.01600000027883456,-0.22496149851339645,0.280232843571097,-0.10469284554618388,0.06127975766792257,-0.008067633124297625,0.9925820433029077,-0.015999611329437075,-0.22495972803082084,0.28023246202202773,-0.10152159535958054,0.05812312513687578,-0.0076597977272024826,0.9931044232600855,-0.015999611329437075,-0.22495972803082084,0.28023246202202773,-0.10152159535958054,0.05812312513687578,-0.0076597977272024826,0.9931044232600855,0.0019847046458119663,-0.5252954326789233,0.7643486418446868,0.01179710954118931,0.4494527181992462,0.13469516095939327,0.0021329769349661236,-0.5254073450077488,0.7616516542566626,0.012909675712334324,0.4402239264532859,0.12938015879147377,0.0021329769349661236,-0.5254073450077488,0.7616516542566626,0.012909675712334324,0.4402239264532859,0.12938015879147377,-0.0010936570366912577,0.0007698196802370621,0.02467280472683274,-0.00896186349510262,0.08378330734680045,0.04940751763263017,-0.002118940539251397,0.0020630427272245277,-0.0012894645399567975,-0.00960312020331232,0.000956661955471098,-0.00907763421741104,0.0,True,False,1,True,True,0.0038398000033339486,4,1.066848059115348e-09,1.5310236460485456e-10,`gtol` termination condition is satisfied.,True,True,0.009999999999999787,0.009227843505959399,1.0,1.8524227046188982e-06,0.009046635197359706,1.8523196246413774e-06,0.00904663530984789
12.249999999999783,1786132514.9988627,0.007524000000557862,0.006578799991984852,0.01,TELEOP,0,,0.0,12.249999999999783,1225,0.0,0.0,0.0,0.043826037429696325,0.13081484443299915,0.0,0.990437658269909,1.7132881911033124e-33,3.5833045854319684e-25,7.226498634405089e-13,0.049623833777382706,0.1250990076745101,-1.8838012746935643e-18,0.990902474212315,-0.016000000000000007,-0.22496149868529552,0.28023284255575887,-0.10557319942404593,0.06215591154001472,-0.008182980994064172,0.9924333635292857,-0.016000000000000007,-0.22496149868529552,0.28023284255575887,-0.10498097565360456,0.06156650565939684,-0.00810538423778813,0.9925335575576609,-0.01600000027708075,-0.22496149851307778,0.28023284357106315,-0.10498097558169976,0.06156650565556059,-0.00810538421315138,0.9925335575657055,-0.01599960551130772,-0.2249597266284381,0.28023246381079087,-0.10180978727135664,0.058410146141998597,-0.007697533764171657,0.99305778785395,-0.01599960551130772,-0.2249597266284381,0.28023246381079087,-0.10180978727135664,0.058410146141998597,-0.007697533764171657,0.99305778785395,0.0019712323350981322,-0.5252852438229276,0.7645937904066603,0.011696718005702154,0.45029159059606455,0.13517907639457596,0.0021218285190751484,-0.525399440402452,0.7618982531343669,0.012819101979555384,0.4410618544382897,0.1298733312975722,0.0021218285190751484,-0.525399440402452,0.7618982531343669,0.012819101979555384,0.4410618544382897,0.1298733312975722,-0.0011148415890975354,0.0007904605296764343,0.024659887770428428,-0.009057373277894186,0.0837927985003856,0.04931725060984307,-0.0021184552406278067,0.0020640849439372585,-0.0012916956404311042,-0.009550978279156637,0.000949115358513918,-0.009026702278710127,0.0,True,False,1,True,True,0.0033737999910954386,4,1.0664311885361973e-09,1.530582005344409e-10,`gtol` termination condition is satisfied.,True,True,0.009999999999999787,0.009228791745960307,1.0,1.8546247750670289e-06,0.009046598244076835,1.8545227378096496e-06,0.009046598356560407
12.259999999999783,1786132515.0069842,0.006828600002336316,0.007871899986639619,0.01,TELEOP,0,,0.0,12.259999999999783,1226,0.0,0.0,0.0,0.04324241365359525,0.13138957700059142,-3.469446951953615e-18,0.9903872337207387,1.5567832670985677e-33,3.255977977602062e-25,6.566374654339905e-13,0.04904052074839399,0.12567459850323895,-1.897353801849633e-18,0.990858679437071,-0.016000000000000007,-0.22496149868530066,0.28023284255573977,-0.10586132033245263,0.06244258279636673,-0.008220721980949431,0.9923843632591662,-0.016000000000000007,-0.22496149868530066,0.28023284255573977,-0.10526910273695014,0.06185322856998437,-0.008143132025082506,0.9924849034243538,-0.01600000027533817,-0.22496149851275893,0.2802328435710312,-0.10526910266503532,0.06185322856615524,-0.00814313200054893,0.9924849034324215,-0.01599959973538546,-0.22495972520200946,0.2802324656340348,-0.10209797738359982,0.058697143045359425,-0.0077352670574838646,0.9930109838546802,-0.01599959973538546,-0.22495972520200946,0.2802324656340348,-0.10209797738359982,0.058697143045359425,-0.0077352670574838646,0.9930109838546802,0.0019575489626229565,-0.5252748476691597,0.7648388074851994,0.011595429897026954,0.45113055391657675,0.1356621483726098,0.002110468307588614,-0.5253913292869488,0.762144722621921,0.01272757833504602,0.4418998766153647,0.13036560621340573,0.002110468307588614,-0.5253913292869488,0.762144722621921,0.01272757833504602,0.4418998766153647,0.13036560621340573,-0.001136021148653429,0.0008111115503230854,0.024646948755415305,-0.009152364450936633,0.08380221770749724,0.049227491583354474,-0.002117955955589419,0.0020651020646651466,-0.0012939015013123274,-0.009499117304245032,0.0009419207111641589,-0.008975902648859665,0.0,True,False,1,True,True,0.003304300000309013,4,1.0660198837129862e-09,1.5301490203127642e-10,`gtol` termination condition is satisfied.,True,True,0.009999999999999787,0.009229736157774837,1.0,1.8568520784121264e-06,0.009046559715623355,1.8567511188837678e-06,0.009046559828102565
12.269999999999783,1786132515.0188248,0.008252799991169013,0.011458900000434369,0.01,TELEOP,0,,0.0,12.269999999999783,1227,0.0,0.0,0.0,0.04265876075472864,0.13196422108034253,-3.469446951953615e-18,0.9903361421686726,1.4145747068725037e-33,2.958551900312882e-25,5.966551477073989e-13,0.048457174691799054,0.12625010469296175,-1.9786689647860456e-18,0.9908142173414272,-0.016000000000000007,-0.22496149868530532,0.2802328425557224,-0.10614943814093145,0.06272922882579221,-0.008258459646646803,0.9923351946180035,-0.016000000000000007,-0.22496149868530532,0.2802328425557224,-0.10555722681951053,0.06213992635422446,-0.008180876504430485,0.9924360809031912,-0.016000000273606686,-0.2249614985124395,0.28023284357100064,-0.10555722674758578,0.06213992635040245,-0.00818087647999927,0.9924360809112819,-0.015999593999720712,-0.22495972376096765,0.28023246746987457,-0.10238616540487358,0.058984115678570245,-0.007772997545891935,0.9929640113017463,-0.015999593999720712,-0.22495972376096765,0.28023246746987457,-0.10238616540487358,0.058984115678570245,-0.007772997545891935,0.9929640113017463,0.0019436545983042342,-0.5252642441544233,0.765083692917458,0.01149325013280633,0.4519696080017184,0.1361443819591082,0.0020988963518559275,-0.5253830115620949,0.7623910625014535,0.012635109937285772,0.4427379923011997,0.1308569886067094,0.0020988963518559275,-0.5253830115620949,0.7623910625014535,0.012635109937285772,0.4427379923011997,0.1308569886067094,-0.0011571955732686844,0.0008317724853832874,0.024633987953253632,-0.00924683977602503,0.08381156858350702,0.04913823933036831,-0.0021174424615255896,0.002066093506020249,-0.0012960802161674986,-0.009447532508839875,0.000935087600978148,-0.00892522529861659,0.0,True,False,1,True,True,0.00576050000381656,4,1.065613971648578e-09,1.5297221512355823e-10,`gtol` termination condition is satisfied.,True,True,0.009999999999999787,0.009230677301212076,1.0,1.8591001356181992e-06,0.009046520135749603,1.8590002755478835e-06,0.009046520248224443
12.279999999999783,1786132515.0299785,0.01182840000547003,0.010784799989778548,0.01,TELEOP,0,,0.0,12.279999999999783,1228,0.0,0.0,0.0,0.04207507912617343,0.13253877628524274,-3.469446951953615e-18,0.9902843836481199,1.2853565705731184e-33,2.6882950090747634e-25,5.42152076337353e-13,0.04787379600046635,0.1268255258560919,-2.0599841277224584e-18,0.9907690879553276,-0.016000000000000007,-0.22496149868530954,0.2802328425557066,-0.10643755280090189,0.06301584957897698,-0.00829619398466396,0.992285857614107,-0.016000000000000007,-0.22496149868530954,0.2802328425557066,-0.10584534785268881,0.06242659896280976,-0.008218617669340633,0.9923870900024271,-0.01600000027188622,-0.22496149851211966,0.2802328435709714,-0.10584534778075409,0.062426598958994814,-0.008218617645010967,0.9923870900105408,-0.015999588302499514,-0.22495972231409864,0.2802324692981332,-0.10267435106121969,0.05927106388113372,-0.007810725171622314,0.9929168702327751,-0.015999588302499514,-0.22495972231409864,0.2802324692981332,-0.10267435106121969,0.05927106388113372,-0.007810725171622314,0.9929168702327751,0.0019295493124507775,-0.5252534332155938,0.7653284465402815,0.011390183595509813,0.4528087526930076,0.13662578218474397,0.0020871127046606514,-0.5253744871313504,0.7626372725579613,0.012541701917520989,0.4435762008492694,0.13134748353375192,0.0020871127046606514,-0.5253744871313504,0.7626372725579613,0.012541701917520989,0.4435762008492694,0.13134748353375192,-0.0011783647195276479,0.000852443074449311,0.024621005650779744,-0.00934080197647847,0.08382085480697024,0.049049492704250505,-0.0021169146258963774,0.0020670589066024065,-0.001298230247388643,-0.009396220045344099,0.0009286223463217391,-0.00887466261178041,0.0,True,False,1,True,True,0.005623000004561618,4,1.0652133561677946e-09,1.529303399806283e-10,`gtol` termination condition is satisfied.,True,True,0.009999999999999787,0.009231615700518725,1.0,1.8613646453246932e-06,0.00904647999166105,1.8612658936607758e-06,0.009046480104131853
12.289999999999782,1786132515.0422204,0.01116540000657551,0.011860900005558506,0.01,TELEOP,0,,0.0,12.289999999999782,1229,0.0,0.0,0.0,0.04149136916102548,0.13311324222834262,-3.469446951953615e-18,0.9902319581939386,1.1679422129413178e-33,2.4427254614164443e-25,4.926277348087163e-13,0.04729038506728628,0.12740086160509995,-2.15485181781494e-18,0.9907232913091658,-0.016000000000000007,-0.2249614986853134,0.28023284255569225,-0.10672566426379143,0.06330244500660379,-0.008333924988508159,0.9922363522558143,-0.016000000000000007,-0.2249614986853134,0.28023284255569225,-0.10613346578789601,0.06271324634642969,-0.00825635551332109,0.9923379307303432,-0.016000000270176642,-0.22496149851179967,0.2802328435709434,-0.1061334657159512,0.06271324634262179,-0.008256355489092173,0.9923379307384801,-0.01599958264204351,-0.2249597208695339,0.28023247110034016,-0.10296253409626653,0.05955798750055638,-0.007848449880436823,0.9928695606834933,-0.01599958264204351,-0.2249597208695339,0.28023247110034016,-0.10296253409626653,0.05955798750055638,-0.007848449880436823,0.9928695606834933,0.0019152331757615502,-0.5252424147896222,0.7655730681902126,0.011286235132742434,0.45364798783253674,0.1371063540455587,0.0020751174202254044,-0.5253657559007948,0.7628833525794285,0.012447359380064532,0.44441450165016155,0.13183709603987287,0.0020751174202254044,-0.5253657559007948,0.7628833525794285,0.012447359380064532,0.44441450165016155,0.13183709603987287,-0.0011995284435247192,0.0008731230555564405,0.02460800214672263,-0.009434253745645925,0.08383008008921392,0.048961250612095455,-0.0021163723997071828,0.002067998110712991,-0.0013003504057113615,-0.009345176916745735,0.0009225282243680254,-0.00882420921550486,0.0,True,False,1,True,True,0.0060418999928515404,4,1.0648179884362736e-09,1.528896226201617e-10,`gtol` termination condition is satisfied.,True,True,0.009999999999999787,0.009232551843738168,1.0,1.8636414979666663e-06,0.009046439733682587,1.8635438519963752e-06,0.009046439846149699
12.299999999999782,1786132515.0542126,0.01224309999088291,0.01161050000519026,0.01,TELEOP,0,,0.0,12.299999999999782,1230,0.0,0.0,0.0,0.04090763125240005,0.1336876185227526,0.0,0.9901788658414361,1.0612533860250457e-33,2.219588125451241e-25,4.47627327635424e-13,0.046706942285170944,0.12797611155251382,-2.0057740190981832e-18,0.9906768274337845,-0.016000000000000007,-0.2249614986853169,0.2802328425556792,-0.10701377248103527,0.06358901505935195,-0.008371652651686202,0.9921866785514902,-0.016000000000000007,-0.2249614986853169,0.2802328425556792,-0.10642158057655103,0.06299986845577041,-0.008294090029879561,0.992288603095249,-0.01600000026847788,-0.22496149851147929,0.2802328435709166,-0.10642158050459632,0.06299986845196955,-0.008294090005750607,0.992288603103409,-0.01599957701680914,-0.22495971943474719,0.2802324728597174,-0.10325071427120595,0.05984488639239733,-0.007886171621665668,0.9928220826876891,-0.01599957701680914,-0.22495971943474719,0.2802324728597174,-0.10325071427120595,0.05984488639239733,-0.007886171621665668,0.9928220826876891,0.001900706259324644,-0.5252311888135368,0.7658175577034909,0.011181409557549917,0.45448731326296127,0.13758610250326808,0.0020629105542090617,-0.525356817779124,0.7631293023569128,0.01235208740251754,0.4452528941316238,0.13232583115981286,0.0020629105542090617,-0.525356817779124,0.7631293023569128,0.01235208740251754,0.4452528941316238,0.13232583115981286,-0.0012206866016342978,0.0008938121670781314,0.024594977748427962,-0.009527197754699467,0.08383924814622366,0.04887351199400084,-0.002115815810957921,0.002068911152169141,-0.0013024398294667293,-0.009294400905354399,0.0009168057009753771,-0.008773861809461294,0.0,True,False,1,True,True,0.005812100003822707,4,1.0644279445616682e-09,1.5284920764697048e-10,`gtol` termination condition is satisfied.,True,True,0.009999999999999787,0.009233486182375183,1.0,1.8659267903622258e-06,0.009046399775206066,1.8658302371163756e-06,0.009046399887669419
12.309999999999782,1786132515.0663753,0.012033100007101893,0.01173959999869112,0.01,TELEOP,0,,0.0,12.309999999999782,1231,0.0,0.0,0.0,0.04032386579343115,0.13426190478164346,0.0,0.9901251066263689,9.64310337335339e-34,2.016833870388128e-25,4.0673760384994517e-13,0.04612346804705391,0.12855127531091903,-1.7889335846010823e-18,0.990629696360476,-0.016000000000000007,-0.22496149868532006,0.2802328425556673,-0.10730187740407662,0.0638755596878976,-0.00840937696770449,0.9921368365095278,-0.016000000000000007,-0.22496149868532006,0.2802328425556673,-0.10670969217008071,0.0632864652415148,-0.00833182121252333,0.9922391071054818,-0.01600000026678981,-0.22496149851115876,0.2802328435708906,-0.1067096920981161,0.06328646523772093,-0.00833182118849356,0.9922391071136649,-0.015999571425385817,-0.22495971801655662,0.28023247456115463,-0.10353889136465037,0.06013176042025633,-0.007923890348213596,0.9927744362771885,-0.015999571425385817,-0.22495971801655662,0.28023247456115463,-0.10353889136465037,0.06013176042025633,-0.007923890348213596,0.9927744362771885,0.0018859686346178188,-0.5252197552244416,0.766061914916062,0.011075711648723972,0.4553267288274983,0.13806503248556767,0.0020504921636969194,-0.5253476726776294,0.7633751216846008,0.012255891035920341,0.44609137775835217,0.1328136939178534,0.0020504921636969194,-0.5253476726776294,0.7633751216846008,0.012255891035920341,0.44609137775835217,0.1328136939178534,-0.0012418390512142468,0.0009145101494621594,0.024581932768801485,-0.009619636659720043,0.08384836267284011,0.048786275804052724,-0.0021152449579949417,0.002069798238402844,-0.001304497962647741,-0.009243890502057725,0.000911452661645056,-0.00872361899481178,0.0,True,False,1,True,True,0.0058539000019663945,4,1.064042899985316e-09,1.5280959690226324e-10,`gtol` termination condition is satisfied.,True,True,0.009999999999999787,0.00923441913133749,1.0,1.8682168405450738e-06,0.009046360492896982,1.8681213575123944e-06,0.009046360605356801
12.319999999999782,1786132515.078581,0.012115299992728978,0.011830599993118085,0.01,TELEOP,0,,0.0,12.319999999999782,1232,0.0,0.0,0.0,0.03974007317727122,0.13483610061824672,-3.469446951953615e-18,0.9900706805849425,8.762228125129861e-34,1.832600748806859e-25,3.6958306200734854e-13,0.045539962745889895,0.12912635249295906,-1.9515639104739076e-18,0.9905818981209817,-0.016000000000000007,-0.22496149868532295,0.28023284255565656,-0.1075899789843666,0.06416207884291356,-0.008447097930068972,0.9920868261383472,-0.016000000000000007,-0.22496149868532295,0.28023284255565656,-0.10699780051991983,0.06357303665434252,-0.008369549054759246,0.9921894427694065,-0.016000000265112346,-0.22496149851083794,0.2802328435708657,-0.10699780044794524,0.06357303665055565,-0.008369549030827874,0.9921894427776127,-0.01599956586649346,-0.22495971662113032,0.2802324761911756,-0.1038270651723799,0.06041860945570733,-0.00796160601654136,0.9927266214818492,-0.01599956586649346,-0.22495971662113032,0.2802324761911756,-0.1038270651723799,0.06041860945570733,-0.00796160601654136,0.9927266214818492,0.0018710203735068697,-0.5252081139595219,0.7663061396635715,0.010969146151099696,0.45616623436990766,0.13854314888643088,0.0020378623071844694,-0.5253383205101614,0.7636208103598354,0.012158775304839433,0.44692995203154456,0.13330068932778344,0.0020378623071844694,-0.5253383205101614,0.7636208103598354,0.012158775304839433,0.44692995203154456,0.13330068932778344,-0.001262985651245038,0.0009352167468038169,0.024568867523464398,-0.00971157310809104,0.0838574273192392,0.04869954099300492,-0.0021146600030791753,0.0020706597341657884,-0.001306524533708648,-0.009193644837099984,0.0009064646399084322,-0.008673481104780277,0.0,True,False,1,True,True,0.006041100001311861,4,1.0636630887806284e-09,1.527709184138942e-10,`gtol` termination condition is satisfied.,True,True,0.009999999999999787,0.009235351069146136,1.0,1.8705082001737373e-06,0.009046322227142592,1.8704137566531804e-06,0.009046322339599134
12.329999999999782,1786132515.0901997,0.012210800006869249,0.01123800000641495,0.01,TELEOP,0,,0.0,12.329999999999782,1233,0.0,0.0,0.0,0.03915625379709115,0.13541020564585482,-3.469446951953615e-18,0.9900155877538117,7.961818798808301e-34,1.6651968978888432e-25,3.3582250185349254e-13,0.044956426774654584,0.12970134271133554,-2.0735366548785272e-18,0.9905334327474928,-0.016000000000000007,-0.22496149868532558,0.2802328425556468,-0.1078780771733642,0.06444857247506958,-0.008484815532285197,0.9920366474463967,-0.016000000000000007,-0.22496149868532558,0.2802328425556468,-0.10728590557751107,0.06385958264493,-0.008407273550093743,0.9921396100954154,-0.016000000263445363,-0.22496149851051706,0.2802328435708415,-0.10728590550552672,0.06385958264115006,-0.008407273526260016,0.9921396101036447,-0.01599956033897933,-0.2249597152539968,0.28023247773789517,-0.10411523550699243,0.060705433378181746,-0.007999318586624523,0.9926786383295656,-0.01599956033897933,-0.2249597152539968,0.28023247773789517,-0.10411523550699243,0.060705433378181746,-0.007999318586624523,0.9926786383295656,0.0018558615482457354,-0.5251962649560412,0.766550231781378,0.010861717775853576,0.4570058297344961,0.13902045656640696,0.0020250210445554267,-0.5253287611930787,0.7638663681831168,0.01206074520739731,0.4477686164882414,0.13378682239270975,0.0020250210445554267,-0.5253287611930787,0.7638663681831168,0.01206074520739731,0.4477686164882414,0.13378682239270975,-0.001284126262904294,0.0009559317082647265,0.024555782328135854,-0.00980300974421252,0.08386644566968561,0.04861330649263196,-0.002114061165925656,0.002071496146091002,-0.001308519532854565,-0.009143663612148117,0.0009018350446414469,-0.008623450037296225,0.0,True,False,1,True,True,0.005449899996165186,4,1.0632881869340364e-09,1.527325203260925e-10,`gtol` termination condition is satisfied.,True,True,0.009999999999999787,0.0092362823383631,1.0,1.872797665916459e-06,0.009046285282711744,1.8727042237057966e-06,0.009046285395164914
12.339999999999781,1786132515.1018987,0.011615299998084083,0.011321700003463775,0.01,TELEOP,0,,0.0,12.339999999999781,1234,0.0,0.0,0.0,0.038572408046079754,0.13598421947782124,-3.469446951953614e-18,0.9899598281700801,7.234525018043602e-34,1.5130850025811407e-25,3.0514589099037197e-13,0.04437286052634433,0.13027624557880854,-2.222614453595284e-18,0.9904843002726492,-0.016000000000000007,-0.22496149868532794,0.2802328425556379,-0.1081661719225363,0.06473504053503204,-0.008522529767858273,0.9919863004421523,-0.016000000000000007,-0.22496149868532794,0.2802328425556379,-0.10757400729430495,0.06414610316395043,-0.00844499469203282,0.9920896090919289,-0.01600000026178881,-0.2249614985101958,0.28023284357081785,-0.10757400722231059,0.06414610316017748,-0.008444994668295961,0.9920896091001814,-0.015999554841814236,-0.2249597139200583,0.28023247919096983,-0.10440340219746548,0.06099223207480712,-0.008037028021891626,0.99263048684629,-0.015999554841814236,-0.2249597139200583,0.28023247919096983,-0.10440340219746548,0.06099223207480712,-0.008037028021891626,0.99263048684629,0.001840492231475194,-0.5251842081513465,0.7667941911045484,0.010753431200795265,0.457845514766098,0.13949696035291392,0.0020119684370546362,-0.5253189946451854,0.7641117949580791,0.011961805715251739,0.4486073707004764,0.13427209810472696,0.0020119684370546362,-0.5253189946451854,0.7641117949580791,0.011961805715251739,0.4486073707004764,0.13427209810472696,-0.0013052607500790973,0.0009766547893344853,0.02454267749622979,-0.00989394921455734,0.08387542122350114,0.04852757120172108,-0.0021134487174803754,0.0020723081069759248,-0.0013104831906066497,-0.009093947034482179,0.000897555381552372,-0.008573529091087813,0.0,True,False,1,True,True,0.005744900001445785,4,1.0629181300569994e-09,1.5269535650981106e-10,`gtol` termination condition is satisfied.,True,True,0.009999999999999787,0.009237213246254705,1.0,1.8750822878608526e-06,0.00904624992960668,1.8749898026506608e-06,0.009046250042056987
12.349999999999781,1786132515.1091678,0.011556500001461245,0.007034400012344122,0.01,TELEOP,0,,0.0,12.349999999999781,1235,0.0,0.0,0.0,0.03798853631744368,0.136558141727561,0.0,0.9899034018713007,6.573667846413763e-34,1.3748681780145837e-25,2.7727151776435736e-13,0.04378926439397591,0.1308510607081969,-1.9380113833178396e-18,0.9904345007295406,-0.016000000000000007,-0.2249614986853301,0.2802328425556298,-0.10845426318335777,0.06502148297346412,-0.008560240630292877,0.9919357851341174,-0.016000000000000007,-0.2249614986853301,0.2802328425556298,-0.10786210562176007,0.0644325981620738,-0.008482712474082058,0.9920394397673951,-0.016000000260142547,-0.22496149850987457,0.2802328435707948,-0.10786210554975585,0.06443259815830776,-0.008482712450441325,0.9920394397756707,-0.015999549374088127,-0.22495971262360767,0.28023248054154043,-0.10469156508864048,0.06127900544020562,-0.008074734289143778,0.992582167056063,-0.015999549374088127,-0.22495971262360767,0.28023248054154043,-0.10469156508864048,0.06127900544020562,-0.008074734289143778,0.992582167056063,0.0018249124962236472,-0.5251719434828641,0.7670380174678629,0.010644291070660858,0.4586852893100765,0.13997266504053144,0.001998704547256474,-0.525309020787656,0.7643570904914458,0.011861961773530862,0.44944621427425846,0.1347565214444636,0.001998704547256474,-0.525309020787656,0.7643570904914458,0.011861961773530862,0.44944621427425846,0.1347565214444636,-0.0013263889798162478,0.0009973857529463866,0.024529553336671617,-0.009984394172087893,0.08388435737820946,0.048442333973664105,-0.0021128229737150976,0.0020730963611901698,-0.0013124159558173451,-0.009044495753055586,0.0008936154708316657,-0.008523722805697914,0.0,True,False,1,True,True,0.0037794000090798363,4,1.062552953821258e-09,1.5265857225337589e-10,`gtol` termination condition is satisfied.,True,True,0.009999999999999787,0.009238144065621623,1.0,1.877359377396485e-06,0.009046216404089008,1.8772677991470415e-06,0.009046216516536483
12.359999999999781,1786132515.1158922,0.007297199990716763,0.0064615000010235235,0.01,TELEOP,0,,0.0,12.359999999999781,1236,0.0,0.0,0.0,0.03740463900440703,0.13713197200855068,3.469446951953615e-18,0.989846308895475,5.97317845293181e-34,1.2492771415304368e-25,2.5194340423152596e-13,0.04320563877058624,0.13142578771237826,-1.5856456772600502e-18,0.9903840341517055,-0.016000000000000007,-0.22496149868533208,0.2802328425556225,-0.10874235090731134,0.06530789974102585,-0.008597948113093291,0.9918851015308234,-0.016000000000000007,-0.22496149868533208,0.2802328425556225,-0.10815020051134283,0.06471906758996689,-0.008520426889746614,0.9919891021302897,-0.0160000002585065,-0.22496149850955316,0.2802328435707724,-0.1081502004393288,0.06471906758620774,-0.008520426866201252,0.9919891021385884,-0.015999543935005345,-0.22495971136834791,0.28023248178217036,-0.10497972404064057,0.06156575337625708,-0.00811243735845768,0.992533678981056,-0.015999543935005345,-0.22495971136834791,0.28023248178217036,-0.10497972404064057,0.06156575337625708,-0.00811243735845768,0.992533678981056,0.0018091224159049266,-0.5251594708881071,0.7672817107058174,0.010534301997396656,0.4595251532123067,0.14044757539128555,0.0019852294390293288,-0.5252988395439515,0.7646022545929652,0.011761218300730238,0.45028514684840626,0.13524009738051954,0.0019852294390293288,-0.5252988395439515,0.7646022545929652,0.011761218300730238,0.45028514684840626,0.13524009738051954,-0.001347510822714579,0.0010181243704431115,0.024516410151929235,-0.010074347280062654,0.08389325741478106,0.04835759360559624,-0.0021121842898331766,0.0020738617496725356,-0.0013143184742381298,-0.008995310797476293,0.0008900036571595632,-0.008474036806787287,0.0,True,False,1,True,True,0.003297200004453771,4,1.0621926250713518e-09,1.526224911947148e-10,`gtol` termination condition is satisfied.,True,True,0.009999999999999787,0.009239075035818056,1.0,1.879626510172774e-06,0.009046184909849903,1.8795357844391067e-06,0.009046185022294644
12.36999999999978,1786132515.1237373,0.00666800000180956,0.007639300005394034,0.01,TELEOP,0,,0.0,12.36999999999978,1237,0.0,0.0,0.0,0.03682071650021116,0.13770570993432882,0.0,0.9897885492810541,5.4275423803217115e-34,1.1351585565128297e-25,2.289289554426423e-13,0.042621984049232155,0.13200042620428964,-1.4230153513872246e-18,0.9903329005731321,-0.016000000000000007,-0.22496149868533388,0.2802328425556158,-0.10903043504588768,0.06559429078837406,-0.00863565220976335,0.9918342496408292,-0.016000000000000007,-0.22496149868533388,0.2802328425556158,-0.10843829191452757,0.06500551139829318,-0.008558137932531216,0.991938596189116,-0.01600000025688057,-0.2249614985092316,0.28023284357075023,-0.10843829184250363,0.0650055113945409,-0.008558137909080478,0.9919385961974377,-0.015999538523879437,-0.22495971015741406,0.2802324829067782,-0.10526787892823031,0.061852475791831514,-0.008150137203074018,0.9924850226416233,-0.015999538523879437,-0.22495971015741406,0.2802324829067782,-0.10526787892823031,0.061852475791831514,-0.008150137203074018,0.9924850226416233,0.0017931220643188637,-0.5251467903046726,0.76752527065263,0.010423468560445879,0.4603651063191771,0.1409216961349355,0.001971543177496734,-0.5252884508397274,0.7648472870753278,0.011659580188577691,0.4511241680932554,0.13572283086880982,0.001971543177496734,-0.5252884508397274,0.7648472870753278,0.011659580188577691,0.4511241680932554,0.13572283086880982,-0.00136862615325952,0.0010388704224054334,0.02450324823625793,-0.010163811215254902,0.08390212448491793,0.04827334882902986,-0.0021115330544941397,0.002074605196232227,-0.0013161915671304945,-0.008946393519225045,0.0008867070136883936,-0.008424477656638306,0.0,True,False,1,True,True,0.003591400003642775,4,1.0618368640369766e-09,1.5258720990553902e-10,`gtol` termination condition is satisfied.,True,True,0.009999999999999787,0.009240006363900433,1.0,1.8818815287851003e-06,0.009046155619311791,1.8817915974477169e-06,0.009046155731754157
12.37999999999978,1786132515.1305413,0.007866800006013364,0.006575899999006651,0.01,TELEOP,0,,0.0,12.37999999999978,1238,0.0,0.0,0.0,0.036236769198114256,0.13827935511849632,-3.469446951953615e-18,0.9897301230669376,4.931748904258723e-34,1.0314644409852084e-25,2.0801682346053311e-13,0.042038300622990105,0.13257497579692756,-1.5585406229479126e-18,0.9902811000282572,-0.016000000000000007,-0.2249614986853355,0.28023284255560976,-0.10931851555058543,0.06588065606616235,-0.008673352913806486,0.9917832294727216,-0.016000000000000007,-0.2249614986853355,0.28023284255560976,-0.10872637978279658,0.06529192953771304,-0.008595845595940177,0.9918879219524049,-0.01600000025526465,-0.22496149850891003,0.2802328435707286,-0.10872637971076292,0.06529192953396759,-0.008595845572583343,0.9918879219607499,-0.015999533140127545,-0.22495970899339768,0.28023248391056776,-0.10555602964012777,0.062139172602495255,-0.008187833799273188,0.9924361980563614,-0.015999533140127545,-0.22495970899339768,0.28023248391056776,-0.10555602964012777,0.062139172602495255,-0.008187833799273188,0.9924361980563614,0.001776911515650696,-0.5251339016702434,0.767768697142236,0.01031179530702995,0.46120514847757266,0.14139503196925562,0.0019576458289957024,-0.5252778546027339,0.7650921877540692,0.011557052301871552,0.4519632777092582,0.13620472685182902,0.0019576458289957024,-0.5252778546027339,0.7650921877540692,0.011557052301871552,0.4519632777092582,0.13620472685182902,-0.0013897348501031971,0.0010596236993466372,0.024490067874144882,-0.010252788670614034,0.08391096160028398,0.048189598301920294,-0.0021108696843677548,0.0020753276941204326,-0.0013180362113050562,-0.008897745535913357,0.0008837115366048855,-0.008375052710956715,0.0,True,False,1,True,True,0.003376699998625554,4,1.0614858469991303e-09,1.525523524530415e-10,`gtol` termination condition is satisfied.,True,True,0.009999999999999787,0.009240938225921702,1.0,1.8841225415457042e-06,0.009046128675038172,1.8840333433737525e-06,0.009046128787478068
12.38999999999978,1786132515.1377215,0.0067888000048696995,0.006967599998461083,0.01,TELEOP,0,,0.0,12.38999999999978,1239,0.0,0.0,0.0,0.03565279749139142,0.13885290717471635,0.0,0.9896710302924743,4.481245018526313e-34,9.372425437070685e-26,1.890149664945477e-13,0.041454588884955935,0.13314943610334826,-1.3688052427629493e-18,0.9902286325519676,-0.016000000000000007,-0.22496149868533696,0.28023284255560427,-0.10960659237291108,0.06616699552504107,-0.008711050218725695,0.9917320410351148,-0.016000000000000007,-0.22496149868533696,0.28023284255560427,-0.10901446406764005,0.06557832195888363,-0.008633549873477387,0.9918370794287157,-0.01600000025365868,-0.2249614985085885,0.2802328435707072,-0.10901446399559662,0.06557832195514503,-0.008633549850213732,0.9918370794370838,-0.015999527783264664,-0.22495970787837238,0.2802324847899535,-0.10584417607827619,0.06242584373019501,-0.008225527126240091,0.9923872052421775,-0.015999527783264664,-0.22495970787837238,0.2802324847899535,-0.10584417607827619,0.06242584373019501,-0.008225527126240091,0.9923872052421775,0.0017604908444694193,-0.5251208049225897,0.7680119900082987,0.010199286752424395,0.46204527953487523,0.14186758756031168,0.0019435374610327688,-0.5252670507627111,0.7653369564474588,0.011453639478297542,0.45280247542549423,0.13668579025784997,0.0019435374610327688,-0.5252670507627111,0.7653369564474588,0.011453639478297542,0.45280247542549423,0.13668579025784997,-0.0014108367962934046,0.0010803840022789888,0.02447686933895885,-0.010341282357401166,0.08391977162360548,0.04810634060209545,-0.0021101946190207987,0.0020760302932352056,-0.0013198535186033367,-0.008849368678713379,0.0008810023321492028,-0.008325769982484832,0.0,True,False,1,True,True,0.0037182999949436635,4,1.0611393585384845e-09,1.5251831064879593e-10,`gtol` termination condition is satisfied.,True,True,0.009999999999999787,0.009241870768314453,1.0,1.8863479194681186e-06,0.009046104191232432,1.8862593910695258e-06,0.009046104303670121
12.39999999999978,1786132515.145245,0.007286499996553175,0.007204200010164641,0.01,TELEOP,0,,0.0,12.39999999999978,1240,0.0,0.0,0.0,0.0350688017733341,0.1394263657167148,0.0,0.9896112709974617,4.071893623522849e-34,8.516275993920502e-26,1.717488853286085e-13,0.04087084922824459,0.13372380673666798,-1.124859753953711e-18,0.9901754981795987,-0.016000000000000007,-0.22496149868533832,0.28023284255559927,-0.10989466546437923,0.06645330911565757,-0.008748744118023573,0.991680684336651,-0.016000000000000007,-0.22496149868533832,0.28023284255559927,-0.10930254472055619,0.0658646886124589,-0.008671250758646314,0.9917860686266345,-0.016000000252062524,-0.2249614985082668,0.28023284357068623,-0.10930254464850282,0.06586468860872713,-0.008671250735475101,0.9917860686350257,-0.015999522452897708,-0.22495970681392133,0.28023248554248487,-0.10613231815708556,0.06271248910292396,-0.008263217165919925,0.9923380442143633,-0.015999522452897708,-0.22495970681392133,0.28023248554248487,-0.10613231815708556,0.06271248910292396,-0.008263217165919925,0.9923380442143633,0.001743860125728961,-0.5251074999995718,0.7682551490842079,0.010085947380238186,0.4628854993389499,0.14233936754274032,0.0019292181422382476,-0.5252560392512795,0.7655815929763767,0.011349346528229288,0.4536417609981096,0.1371660260000698,0.0019292181422382476,-0.5252560392512795,0.7655815929763767,0.011349346528229288,0.4536417609981096,0.1371660260000698,-0.0014319318794521537,0.0011011511431579801,0.02446365289178803,-0.01042929500682562,0.08392855726153813,0.04802357422198358,-0.002109508315874949,0.0020767140878991766,-0.0013216447170817948,-0.008801264942445564,0.000878563793264726,-0.00827663801118746,0.0,True,False,1,True,True,0.003507699992042035,4,1.0607975165733224e-09,1.5248515838327206e-10,`gtol` termination condition is satisfied.,True,True,0.009999999999999787,0.009242804109380998,1.0,1.8885562905202875e-06,0.009046082255309815,1.888468367173758e-06,0.009046082367745631
12.40999999999978,1786132515.152708,0.007509100003517233,0.007158100008382462,0.01,TELEOP,0,,0.0,12.40999999999978,1241,0.0,0.0,0.0,0.0344847824372499,0.13999973035828073,-3.469446951953615e-18,0.9895508452221464,3.699935534151754e-34,7.738333827416894e-26,1.5606002084749083e-13,0.040287082045989867,0.13429808731006326,-1.4094628242311558e-18,0.9901216969469351,-0.016000000000000007,-0.22496149868533952,0.2802328425555947,-0.11018273477651226,0.06673959678865593,-0.00878643460520229,0.9916291593859999,-0.016000000000000007,-0.22496149868533952,0.2802328425555947,-0.10959062169305103,0.0661510294490896,-0.008708948244950011,0.9917348895547757,-0.016000000250476147,-0.224961498507945,0.28023284357066536,-0.10959062162098797,0.06615102944536465,-0.008708948221870544,0.9917348895631901,-0.015999517148719226,-0.22495970580116595,0.28023248616676855,-0.10642045580265004,0.06299910865437365,-0.008300903902866487,0.9922887149866747,-0.015999517148719226,-0.22495970580116595,0.28023248616676855,-0.10642045580265004,0.06299910865437365,-0.008300903902866487,0.9922887149866747,0.0017270194347660385,-0.5250939868391387,0.7684981742030825,0.009971781642682875,0.4637258077381403,0.14281037652001885,0.0019146879423191572,-0.5252448200018274,0.7658260971641814,0.011244178234517094,0.4544811342087017,0.1376454389757154,0.0019146879423191572,-0.5252448200018274,0.7658260971641814,0.011244178234517094,0.4544811342087017,0.1376454389757154,-0.0014530199919090634,0.001121924945214846,0.024450418780462498,-0.010516829371219604,0.08393732105920906,0.04794129756456068,-0.0021088112456910174,0.0020773802056866316,-0.001323411132553414,-0.008753436439398556,0.0008763797670932374,-0.008227665742290292,0.0,True,False,1,True,True,0.0039047999889589846,4,1.0604600474786653e-09,1.5245232074808883e-10,`gtol` termination condition is satisfied.,True,True,0.009999999999999787,0.009243738340840302,1.0,1.8907465321022983e-06,0.009046062929524628,1.8906591481819867e-06,0.009046063041958546
12.41999999999978,1786132515.1596382,0.007380600000033155,0.006707900000037625,0.01,TELEOP,0,,0.0,12.41999999999978,1242,0.0,0.0,0.0,0.03390073987646223,0.14057300071326628,0.0,0.9894897530072236,3.361954958203246e-34,7.031454883248536e-26,1.4180429794538064e-13,0.03970328773134413,0.13487227743677124,-1.3145951341386741e-18,0.9900672288902107,-0.016000000000000007,-0.22496149868534063,0.28023284255559056,-0.11047080026084065,0.067025858494677,-0.008824121673763593,0.9915774661918592,-0.016000000000000007,-0.22496149868534063,0.28023284255559056,-0.10987869493663867,0.06643734441942331,-0.008746642325891108,0.991683542221781,-0.016000000248899426,-0.22496149850762326,0.2802328435706447,-0.10987869486456578,0.06643734441570513,-0.00874664230290266,0.9916835422302186,-0.01599951187050131,-0.22495970484079497,0.2802324866623903,-0.1067085889519502,0.06328570232357521,-0.008338587324084783,0.9922392175714152,-0.01599951187050131,-0.22495970484079497,0.2802324866623903,-0.1067085889519502,0.06328570232357521,-0.008338587324084783,0.9922392175714152,0.0017099688473011124,-0.5250802653793291,0.7687410651977741,0.009856793960845574,0.46456620458126163,0.14328061906473863,0.0018999469320112546,-0.5252333929493955,0.7660704688365689,0.01113813935226931,0.45532059486266496,0.13812403406511986,0.0018999469320112546,-0.5252333929493955,0.7660704688365689,0.01113813935226931,0.45532059486266496,0.13812403406511986,-0.0014741010307902833,0.001142705243181882,0.024437167238752222,-0.010603888224778747,0.0839460653963305,0.04785950894044675,-0.002108103888122025,0.0020780297967036526,-0.0013251541710276177,-0.00870588535591439,0.0008744337121437592,-0.00817886241139294,0.0,True,False,1,True,True,0.0034871999960159883,4,1.060127027659064e-09,1.5242031130491437e-10,`gtol` termination condition is satisfied.,True,True,0.009999999999999787,0.00924467352943864,1.0,1.8929177617365435e-06,0.009046046252634608,1.8928308512530368e-06,0.009046046365066968
12.42999999999978,1786132515.1670904,0.006927599999471568,0.007232600008137524,0.01,TELEOP,0,,0.0,12.42999999999978,1243,0.0,0.0,0.0,0.033316674484310395,0.14114617639558705,0.0,0.9894279943938379,3.05484812820628e-34,6.389147699985376e-26,1.288508024450264e-13,0.03911946667747807,0.13544637673008988,-1.1519648082658485e-18,0.9900120940461083,-0.016000000000000007,-0.22496149868534165,0.28023284255558684,-0.1107588618689028,0.06731209418435863,-0.008861805317208829,0.9915256047629538,-0.016000000000000007,-0.22496149868534165,0.28023284255558684,-0.11016676440284111,0.06672363347410452,-0.008784332994971823,0.9916320266363202,-0.016000000247332263,-0.22496149850730146,0.28023284357062417,-0.11016676433075842,0.06672363347039308,-0.008784332972073702,0.991632026644781,-0.015999506618089174,-0.2249597039330946,0.28023248702983583,-0.10699671755204604,0.06357227005453357,-0.008376267418869366,0.9921895519795241,-0.015999506618089174,-0.2249597039330946,0.28023248702983583,-0.10699671755204604,0.06357227005453357,-0.008376267418869366,0.9921895519795241,0.0016927084394363179,-0.5250663355582759,0.768983821900869,0.009740988724952786,0.4654066897175896,0.14375009971886923,0.0018849951830305735,-0.5252217580305614,0.7663147078214262,0.011031234608630253,0.4561601427875127,0.13860181613078054,0.0018849951830305735,-0.5252217580305614,0.7663147078214262,0.011031234608630253,0.4561601427875127,0.13860181613078054,-0.001495174898068132,0.0011634918834164904,0.024423898485731253,-0.01069047436390588,0.08395479248477838,0.04777820656606881,-0.0021073867277849163,0.0020786640234608925,-0.0013268753020967937,-0.008658613912713449,0.0008727088447890257,-0.008130237437794195,0.0,True,False,1,True,True,0.0033094000100390986,4,1.0597982545747752e-09,1.5238891391655183e-10,`gtol` termination condition is satisfied.,True,True,0.009999999999999787,0.00924560971859667,1.0,1.8950693251872418e-06,0.009046032241592469,1.8949828225679714e-06,0.009046032354023433
12.43999999999978,1786132515.1743758,0.007457899992004968,0.007060200005071238,0.01,TELEOP,0,,0.0,12.43999999999978,1244,0.0,0.0,0.0,0.03273258665414886,0.14171925701922253,-3.469446951953615e-18,0.9893655694235818,2.7757947986884496e-34,5.805513796224346e-26,1.1708057887727457e-13,0.03853561927758045,0.13602038480337825,-1.328147661294743e-18,0.98995629245176,-0.016000000000000007,-0.22496149868534254,0.2802328425555834,-0.11104691955224505,0.06759830380833547,-0.008899485529038931,0.9914735751080367,-0.016000000000000007,-0.22496149868534254,0.2802328425555834,-0.11045483004318832,0.06700989656377453,-0.008822020245693963,0.9915803428070906,-0.016000000245774575,-0.2249614985069797,0.2802328435706039,-0.1104548299710959,0.06700989656006984,-0.008822020222885483,0.9915803428155744,-0.015999501391395034,-0.22495970307797883,0.2802324872704127,-0.10728484155926722,0.0638588117958574,-0.008413944178639847,0.9921397182206663,-0.015999501391395034,-0.22495970307797883,0.2802324872704127,-0.10728484155926722,0.0638588117958574,-0.008413944178639847,0.9921397182206663,0.0016752382876561978,-0.5250521973142045,0.7692264441446921,0.009624370294637304,0.4662472629968581,0.14421882299402597,0.0018698327680248495,-0.525209915183322,0.7665588139486792,0.010923468702558389,0.45699977783118806,0.1390787900164087,0.0018698327680248495,-0.525209915183322,0.7665588139486792,0.010923468702558389,0.45699977783118806,0.1390787900164087,-0.001516241500572437,0.0011842847239351684,0.024410612725299423,-0.010776590607186602,0.0839635043675367,0.04769738856281684,-0.0021066602504305485,0.0020792840518678423,-0.001328576043183212,-0.008611624328072451,0.0008711882758314731,-0.008081800325196453,0.0,True,False,1,True,True,0.003643400006694719,4,1.059473966166743e-09,1.5235807585342244e-10,`gtol` termination condition is satisfied.,True,True,0.009999999999999787,0.009246546930076871,1.0,1.8972007841448017e-06,0.00904602089324617,1.8971146243905137e-06,0.009046021005675715
12.449999999999779,1786132515.181634,0.0072872000018833205,0.00703100000100676,0.01,TELEOP,0,,0.0,12.449999999999779,1245,0.0,0.0,0.0,0.032148476779347214,0.1422922421982162,0.0,0.9893024781384974,2.5222323470954443e-34,5.275193503231793e-26,1.0638553808067124e-13,0.037951745924857797,0.13659430127005665,-1.2468324983583301e-18,0.9898998241447465,-0.016000000000000007,-0.22496149868534338,0.2802328425555803,-0.11133497326242182,0.06788448731723898,-0.0089371623027544,0.9914213772358884,-0.016000000000000007,-0.22496149868534338,0.2802328425555803,-0.11074289180921824,0.06729613363907139,-0.008859704071558904,0.991528490742817,-0.016000000244226296,-0.22496149850665792,0.2802328435705837,-0.11074289173711621,0.06729613363537339,-0.008859704048839378,0.991528490751324,-0.01599949619039178,-0.2249597022750199,0.28023248738617274,-0.10757296093840661,0.06414532750038797,-0.008451617596774944,0.992089716303324,-0.01599949619039178,-0.2249597022750199,0.28023248738617274,-0.10757296093840661,0.06414532750038797,-0.008451617596774944,0.992089716303324,0.0016575584688262833,-0.5250378505854337,0.7694689317613069,0.00950694299919784,0.46708792426924783,0.14468679337172932,0.001854459760525168,-0.5251978643469785,0.7668027870501377,0.010814846304608066,0.457839499860377,0.13955496054597977,0.001854459760525168,-0.5251978643469785,0.7668027870501377,0.010814846304608066,0.457839499860377,0.13955496054597977,-0.0015373007499681823,0.0012050836343630163,0.024397310145849286,-0.010862239795032542,0.0839722029188946,0.04761705295711033,-0.0021059249395745695,0.0020798910427848294,-0.0013302579450137516,-0.008564918784594207,0.000869855135789711,-0.008033560570651818,0.0,True,False,1,True,True,0.0034183999960077927,4,1.0591538621414683e-09,1.5232754377098234e-10,`gtol` termination condition is satisfied.,True,True,0.009999999999999787,0.009247485165670033,1.0,1.8993119017428456e-06,0.00904601218603738,1.8992260212160017e-06,0.00904601229846564
12.459999999999779,1786132515.1893005,0.0072915000055218115,0.007406300006550737,0.01,TELEOP,0,,0.0,12.459999999999779,1246,0.0,0.0,0.0,0.031564345253290084,0.1428651315466757,0.0,0.989238720581075,2.291832240531774e-34,4.793316745649081e-26,9.666746458932011e-14,0.03736784701253419,0.13716812574360715,-1.1790698625779863e-18,0.9898426891630983,-0.016000000000000007,-0.22496149868534415,0.2802328425555775,-0.11162302295099544,0.06817064466169753,-0.008974835631855345,0.9913690111553172,-0.016000000000000007,-0.22496149868534415,0.2802328425555775,-0.11103094965247683,0.06758234465063011,-0.008897384466067623,0.9914764704522523,-0.01600000024268733,-0.22496149850633618,0.28023284357056333,-0.11103094958036516,0.06758234464693884,-0.008897384443436369,0.9914764704607824,-0.01599949101510688,-0.2249597015234785,0.28023248737983564,-0.10786107566192293,0.06443181712482958,-0.008489287668446381,0.9920395462348908,-0.01599949101510688,-0.2249597015234785,0.28023248737983564,-0.10786107566192293,0.06443181712482958,-0.008489287668446381,0.9920395462348908,0.0016396690601934553,-0.5250232953103792,0.7697112845825219,0.009388711137859733,0.46792867338538224,0.14515401530366684,0.0018388762348981564,-0.5251856054620204,0.7670466269593385,0.01070537205671785,0.4586793087588349,0.14003033252279276,0.0018388762348981564,-0.5251856054620204,0.7670466269593385,0.01070537205671785,0.4586793087588349,0.14003033252279276,-0.0015583525627011893,0.0012258884958044954,0.0243839909200731,-0.010947424789021727,0.08398088984579592,0.04753719768130049,-0.0021051812733007464,0.002080486144147952,-0.0013319225776188895,-0.008518499398918569,0.0008686926901331956,-0.007985527580983814,0.0,True,False,1,True,True,0.0033467000030213967,4,1.0588376651746448e-09,1.5229783598131588e-10,`gtol` termination condition is satisfied.,True,True,0.009999999999999787,0.009248424408870859,1.0,1.9014026280587283e-06,0.009046006081686564,1.9013169647436537e-06,0.009046006194113656
12.469999999999779,1786132515.1967027,0.007769999996526167,0.007038000010652468,0.01,TELEOP,0,,0.0,12.469999999999779,1247,0.0,0.0,0.0,0.030980192469376392,0.14343792467877345,0.0,0.9891742967942541,2.0824786522104383e-34,4.3554583182671793e-26,8.783711469357003e-14,0.03678392293385093,0.13774185783757356,-1.043544591017298e-18,0.9897848875452939,-0.016000000000000007,-0.22496149868534482,0.28023284255557496,-0.11191106856953631,0.06845677579233643,-0.009012505509841461,0.9913164768751589,-0.016000000000000007,-0.22496149868534482,0.28023284255557496,-0.11131900352451797,0.06786852954908253,-0.00893506142272068,0.9914242819441765,-0.01600000024115758,-0.22496149850601427,0.2802328435705432,-0.1113190034523967,0.06786852954539793,-0.00893506140017702,0.9914242819527298,-0.01599948586561637,-0.22495970082233382,0.28023248725471417,-0.10814918570915572,0.06471828062938392,-0.008526954390453617,0.9919892080217637,-0.01599948586561637,-0.22495970082233382,0.28023248725471417,-0.10814918570915572,0.06471828062938392,-0.008526954390453617,0.9919892080217637,0.0016215701393844408,-0.5250085314275539,0.7699535024398887,0.009269678980029242,0.46876951019631546,0.14562049321194717,0.001823082266298995,-0.525173138470014,0.7672903335113874,0.01059505057200815,0.4595192044257372,0.140504910728546,0.001823082266298995,-0.525173138470014,0.7672903335113874,0.01059505057200815,0.4595192044257372,0.140504910728546,-0.00157939685991617,0.0012466992006447731,0.024370655204893565,-0.011032148470970338,0.08398956669023,0.047457820575327124,-0.002104429721498121,0.0020810704840278187,-0.0013335715179534832,-0.008472368194861211,0.0008676844434071564,-0.007937710597336636,0.0,True,False,1,True,True,0.0034008999937213957,4,1.058525819312656e-09,1.5226851686378584e-10,`gtol` termination condition is satisfied.,True,True,0.009999999999999787,0.009249364626547352,1.0,1.903473084214525e-06,0.009046002526853909,1.9033875780864004e-06,0.00904600263928002
12.479999999999778,1786132515.2036297,0.007273800001712516,0.006691500006127171,0.01,TELEOP,0,,0.0,12.479999999999778,1248,0.0,0.0,0.0,0.030396018821019638,0.14401062120874636,0.0,0.9891092068214223,1.8922490312405913e-34,3.957597248164739e-26,7.981339689077802e-14,0.03619997408206635,0.13831549716556202,-1.0299920638612294e-18,0.9897264193302618,-0.016000000000000007,-0.22496149868534546,0.2802328425555726,-0.11219911006962278,0.06874288065977781,-0.009050171930212028,0.9912637744042773,-0.016000000000000007,-0.22496149868534546,0.2802328425555726,-0.11160705337690355,0.06815468828505736,-0.008972734935018219,0.991371925227398,-0.01600000023963696,-0.22496149850569266,0.28023284357052314,-0.11160705330477258,0.06815468828137942,-0.008972734912561476,0.9913719252359745,-0.015999480742038996,-0.22495970017031325,0.28023248701464254,-0.10843729106555873,0.06500471797739071,-0.008564617761060631,0.991938701669438,-0.015999480742038996,-0.22495970017031325,0.28023248701464254,-0.10843729106555873,0.06500471797739071,-0.008564617761060631,0.991938701669438,0.0016032617844060333,-0.5249935588755648,0.7701955851647059,0.009149850765548443,0.4696104345535319,0.14608623148935576,0.001807077930625507,-0.5251604633134911,0.7675339065428025,0.010483886434590509,0.46035918677406285,0.14097869992243656,0.001807077930625507,-0.5251604633134911,0.7675339065428025,0.010483886434590509,0.46035918677406285,0.14097869992243656,-0.0016004335673488232,0.0012675156522919115,0.024357303141512472,-0.01111641374176427,0.08399823483256828,0.04737891938905663,-0.002103670743265365,0.0020816451647138958,-0.0013352063381093817,-0.008426527079393419,0.0008668142338282235,-0.007890118627048963,0.0,True,False,1,True,True,0.003396000000066124,4,1.0582180955963366e-09,1.5224004648006877e-10,`gtol` termination condition is satisfied.,True,True,0.009999999999999787,0.009250305770578282,1.0,1.9055235467290007e-06,0.0090460014547663,1.9054381396729132e-06,0.009046001567191741
12.489999999999778,1786132515.21162,0.0069112999917706475,0.007770600001094863,0.01,TELEOP,0,,0.0,12.489999999999778,1249,0.0,0.0,0.0,0.02981182470164723,0.14458322075089672,0.0,0.9890434507064165,1.7193964473202818e-34,3.5960798690211034e-26,7.25226272000047e-14,0.035616000850455486,0.1388890433412408,-9.351243737687478e-19,0.9896672845573786,-0.016000000000000007,-0.224961498685346,0.2802328425555705,-0.1124871474028413,0.06902895921464071,-0.009087834886465924,0.9912109037515635,-0.016000000000000007,-0.224961498685346,0.2802328425555705,-0.1118950991612035,0.06844082080918022,-0.00901040499645998,0.9913194003107525,-0.016000000238125433,-0.22496149850537067,0.2802328435705029,-0.11189509908906299,0.06844082080550896,-0.0090104049740895,0.9913194003193522,-0.015999475644530508,-0.22495969956592107,0.2802324866639057,-0.10872539172195522,0.06529112913497631,-0.008602277779835682,0.9918880271825978,-0.015999475644530508,-0.22495969956592107,0.2802324866639057,-0.10872539172195522,0.06529112913497631,-0.008602277779835682,0.9918880271825978,0.0015847440736443668,-0.5249783775931238,0.7704375325880266,0.00902923070494575,0.47045144630893454,0.1465512344996058,0.001790863304473552,-0.5251475799358425,0.7677773458913582,0.010371884199390695,0.4611992557290202,0.1414517048402888,0.001790863304473552,-0.5251475799358425,0.7677773458913582,0.010371884199390695,0.4611992557290202,0.1414517048402888,-0.001621462615195546,0.0012883377648559631,0.02434393485556983,-0.011200223519981662,0.08400689549573738,0.047300491785225,-0.002102904784672325,0.002082211256405205,-0.001336828594264023,-0.008380977821739325,0.0008660663169097795,-0.007842760383163123,0.0,True,False,1,True,True,0.0037691000034101307,4,1.0579142392207797e-09,1.5221201701094285e-10,`gtol` termination condition is satisfied.,True,True,0.009999999999999787,0.009251247779469063,1.0,1.9075544296976412e-06,0.009046002786802074,1.907469066764682e-06,0.009046002899226772
12.499999999999778,1786132515.2192183,0.008119400008581579,0.00724880000052508,0.01,TELEOP,0,,0.0,12.499999999999778,1250,0.0,0.0,0.0,0.02922761050470041,0.14515572291959186,0.0,0.9889770284935219,1.5623335482007825e-34,3.267586268505647e-26,6.589785250199434e-14,0.03503200363230984,0.1394624959783411,-7.182839392716468e-19,0.9896074832664702,-0.016000000000000007,-0.22496149868534654,0.2802328425555686,-0.11277518052078628,0.0693150114075411,-0.009125494372101611,0.9911578649259367,-0.016000000000000007,-0.22496149868534654,0.2802328425555686,-0.11218314082899579,0.06872692707207358,-0.009048071600545287,0.9912667072031034,-0.016000000236622864,-0.2249614985050491,0.2802328435704826,-0.11218314075684556,0.06872692706840894,-0.009048071578260404,0.9912667072117262,-0.015999470573278274,-0.22495969900746648,0.28023248620717206,-0.10901348767381729,0.06557751407071236,-0.00863993444749483,0.9918371845652083,-0.015999470573278274,-0.22495969900746648,0.28023248620717206,-0.10901348767381729,0.06557751407071236,-0.00863993444749483,0.9918371845652083,0.0015660170858641622,-0.5249629875190368,0.7706793445406507,0.008907822979683996,0.4712925453148384,0.14701550657758622,0.0017744384650939169,-0.5251344882812146,0.7680206513959321,0.010259048391987347,0.46203941122652153,0.1419239301937179,0.0017744384650939169,-0.5251344882812146,0.7680206513959321,0.010259048391987347,0.46203941122652153,0.1419239301937179,-0.0016424839379635485,0.00130916546278858,0.024330550457392155,-0.011283580740335062,0.08401554975013299,0.0472225353429128,-0.0021021322768003,0.002082769793261731,-0.001338439817767656,-0.008335722035340196,0.0008654254395619454,-0.007795644231220536,0.0,True,False,1,True,True,0.00342399999499321,4,1.0576143231548826e-09,1.52184762630224e-10,`gtol` termination condition is satisfied.,True,True,0.009999999999999787,0.009252190579914332,1.0,1.9095662712132008e-06,0.009046006434025148,1.9094808994436093e-06,0.009046006546449548
12.509999999999778,1786132515.2268722,0.007516999990912154,0.007385999997495674,0.01,TELEOP,0,,0.0,12.509999999999778,1251,0.0,0.0,0.0,0.028643376623633865,0.14572812732926482,-3.469446951953614e-18,0.988909940227472,1.4196179825995473e-34,2.969099800620697e-26,5.987823569048682e-14,0.03444798282093712,0.1400358546906569,-9.893344823930228e-19,0.9895470154978114,-0.016000000000000007,-0.22496149868534698,0.28023284255556685,-0.11306320937506023,0.06960103718909183,-0.009163150380617152,0.9911046579363434,-0.016000000000000007,-0.22496149868534698,0.28023284255556685,-0.11247117833186634,0.06901300702435684,-0.009085734740773064,0.9912138459133417,-0.01600000023512917,-0.22496149850472744,0.28023284357046235,-0.11247117825970658,0.06901300702069879,-0.00908573471857313,0.9912138459219877,-0.015999465528495998,-0.2249596984930911,0.28023248564942954,-0.10930157892057382,0.06586387275528609,-0.00867758776575005,0.9917861738206037,-0.015999465528495998,-0.2249596984930911,0.28023248564942954,-0.10930157892057382,0.06586387275528609,-0.00867758776575005,0.9917861738206037,0.001547080900208754,-0.5249473885922145,0.7709210208531361,0.008785631742407212,0.47213373142396525,0.14747905202960945,0.0017578034903508821,-0.5251211882944098,0.7682638228963554,0.01014538350846775,0.4628796532117133,0.14239538066933274,0.0017578034903508821,-0.5251211882944098,0.7682638228963554,0.01014538350846775,0.4628796532117133,0.14239538066933274,-0.0016634974743035044,0.0013299986804729362,0.024317150042334444,-0.011366488351960009,0.08402419851918004,0.04714504756148364,-0.0021013536339956253,0.002083321768435661,-0.001340041505771064,-0.008290761162494931,0.0008648769047055194,-0.007748778142915916,0.0,True,False,1,True,True,0.003831599999102764,4,1.0573183162248775e-09,1.5215785760658668e-10,`gtol` termination condition is satisfied.,True,True,0.009999999999999787,0.00925313408831685,1.0,1.9115597140032334e-06,0.009046012298665211,1.9114742837813746e-06,0.009046012411089219
12.519999999999778,1786132515.2337503,0.007643000004463829,0.006620999993174337,0.01,TELEOP,0,,0.0,12.519999999999778,1252,0.0,0.0,0.0,0.02805912345191564,0.1463004335944146,-3.469446951953615e-18,0.9888421859534495,1.2899391546964408e-34,2.6978793830215984e-26,5.440849698853905e-14,0.033863938809660946,0.1406091190920455,-1.1655173354219173e-18,0.9894858812921258,-0.016000000000000007,-0.22496149868534743,0.28023284255556524,-0.11335123391727368,0.06988703650990273,-0.009200802905510206,0.991051282791758,-0.016000000000000007,-0.22496149868534743,0.28023284255556524,-0.11275921162140912,0.06929906061664627,-0.009123394410641814,0.9911608164503865,-0.01600000023364431,-0.22496149850440575,0.28023284357044187,-0.11275921154923982,0.06929906061299483,-0.009123394388526196,0.9911608164590556,-0.015999460510418687,-0.22495969802079474,0.2802324849959243,-0.10958966546494821,0.06615020516118303,-0.008715237737162627,0.9917349949515742,-0.015999460510418687,-0.22495969802079474,0.2802324849959243,-0.10958966546494821,0.06615020516118303,-0.008715237737162627,0.9917349949515742,0.001527935596198837,-0.5249315807516693,0.7711625613557994,0.008662661117182531,0.4729750044894368,0.14794187513365348,0.0017409584586826,-0.525107679920792,0.7685068602332674,0.010030894015301972,0.4637199816375677,0.1428660609279819,0.0017409584586826,-0.525107679920792,0.7685068602332674,0.010030894015301972,0.4637199816375677,0.1428660609279819,-0.0016845031668282432,0.0013508373617810551,0.02430373369119824,-0.011448949316578074,0.08403284258544523,0.04706802586491607,-0.002100569252473928,0.0020838681308119372,-0.0013416351136207386,-0.008246096461806763,0.0008644066265195659,-0.00770216965675716,0.0,True,False,1,True,True,0.003362200004630722,4,1.0570260730565257e-09,1.5213140305880557e-10,`gtol` termination condition is satisfied.,True,True,0.009999999999999787,0.009254078212251937,1.0,1.913535491817028e-06,0.009046020275533279,1.913449956621232e-06,0.00904602038795704
12.529999999999777,1786132515.2407148,0.00683460000436753,0.006751400011125952,0.01,TELEOP,0,,0.0,12.529999999999777,1253,0.0,0.0,0.0,0.027474851383026775,0.146872641329606,-6.93889390390723e-18,0.9887737657170853,1.1721061885761848e-34,2.4514343249126897e-26,4.943840629931145e-14,0.03327987199182063,0.14118228879642752,-1.7211709488207383e-18,0.9894240806905856,-0.016000000000000007,-0.22496149868534782,0.2802328425555638,-0.11363925409904518,0.07017300932058053,-0.009238451940278026,0.9909977395011825,-0.016000000000000007,-0.22496149868534782,0.2802328425555638,-0.11304724064922612,0.06958508779955508,-0.009161050603649643,0.9911076188231839,-0.016000000232168198,-0.22496149850408428,0.2802328435704215,-0.11304724057704733,0.06958508779591026,-0.009161050581617692,0.9911076188318763,-0.01599945551929802,-0.22495969758846046,0.28023248425210234,-0.10987774731232919,0.06643651126238401,-0.008752884365002387,0.9916836479604492,-0.01599945551929802,-0.22495969758846046,0.28023248425210234,-0.10987774731232919,0.06643651126238401,-0.008752884365002387,0.9916836479604492,0.001508581253732419,-0.5249155639365157,0.7714039658787125,0.0085389151997419,0.47381636436476415,0.14840398013960376,0.0017239034490634097,-0.5250939631061959,0.7687497632479745,0.009915584349236397,0.4645603964635398,0.14333597560404654,0.0017239034490634097,-0.5250939631061959,0.7687497632479745,0.009915584349236397,0.4645603964635398,0.14333597560404654,-0.0017055009619190706,0.0013716814596022614,0.024290301470713035,-0.011530966606557728,0.0840414825972112,0.046991467606466025,-0.002099779509082775,0.0020844097821206744,-0.0013432220485202289,-0.008201728997965523,0.0008640011765973187,-0.007655825845004639,0.0,True,False,1,True,True,0.0034721999982139096,4,1.0567377554714657e-09,1.5210557977090454e-10,`gtol` termination condition is satisfied.,True,True,0.009999999999999787,0.009255022851869077,1.0,1.9154944138646843e-06,0.009046030253372705,1.915408730001857e-06,0.009046030365796301
12.539999999999777,1786132515.2523208,0.007073799992213026,0.011282999999821186,0.01,TELEOP,0,,0.0,12.539999999999777,1254,0.0,0.0,0.0,0.026890560810460904,0.1474447501494705,0.0,0.9887046795644588,1.065036992091222e-34,2.2275014543569104e-26,4.4922321929439224e-14,0.03269578276077084,0.14175536341778738,-1.5991982044161187e-18,0.9893616137348121,-0.016000000000000007,-0.22496149868534815,0.2802328425555625,-0.11392726987200145,0.07045895557172879,-0.009276097478417449,0.9909440280736467,-0.016000000000000007,-0.22496149868534815,0.2802328425555625,-0.11333526536692744,0.06987108852369335,-0.00919870331329425,0.9910542530407084,-0.01600000023070072,-0.22496149850376262,0.2802328435704011,-0.11333526529473903,0.06987108852005508,-0.00919870329134533,0.991054253049424,-0.015999450555397796,-0.22495969719387876,0.28023248342355583,-0.11016582447017546,0.06672279103407694,-0.008790527653113325,0.9916321328491777,-0.015999450555397796,-0.22495969719387876,0.28023248342355583,-0.11016582447017546,0.06672279103407694,-0.008790527653113325,0.9916321328491777,0.0014890179530849521,-0.5248993380859744,0.7716452342517126,0.008414398057722101,0.47465781090384557,0.14886537126949373,0.0017066385409681903,-0.5250800377968425,0.7689925317823153,0.009799458917207437,0.4654008976542941,0.1438051293047825,0.0017066385409681903,-0.5250800377968425,0.7689925317823153,0.009799458917207437,0.4654008976542941,0.1438051293047825,-0.0017264908095219653,0.0013925309353447774,0.024276853434082854,-0.011612543202896177,0.08405011907543371,0.046915370073598854,-0.0020989847602895166,0.0020849475742516395,-0.0013448036630180765,-0.008157659633845,0.0008636478222514196,-0.007609753286717582,0.0,True,False,1,True,True,0.005618900002446026,4,1.0564532689075846e-09,1.5208047017541265e-10,`gtol` termination condition is satisfied.,True,True,0.009999999999999787,0.009255967901224349,1.0,1.9174373487872523e-06,0.009046042116138114,1.9173514762317294e-06,0.009046042228561944
12.549999999999777,1786132515.2635787,0.011646300001302734,0.010894699997152202,0.01,TELEOP,0,,0.0,12.549999999999777,1255,0.0,0.0,0.0,0.026306252127724306,0.14801675966870584,-3.469446951953614e-18,0.9886349275420979,9.677483197154795e-35,2.0240243349529135e-26,4.081877144895945e-14,0.032111671509881444,0.1423283425701735,-1.802486111757151e-18,0.9892984804668755,-0.016000000000000007,-0.22496149868534848,0.2802328425555613,-0.11421528118777718,0.07074487521394822,-0.00931373951342493,0.9908901485182079,-0.016000000000000007,-0.22496149868534848,0.2802328425555613,-0.11362328572613117,0.07015706273966815,-0.009236352533072935,0.9910007191119616,-0.01600000022924183,-0.22496149850344122,0.2802328435703804,-0.11362328565393325,0.0701570627360364,-0.009236352511206414,0.9910007191207004,-0.015999445618989888,-0.22495969683476924,0.28023248251597144,-0.11045389694745521,0.06700904445238413,-0.008828167605785886,0.9915804496194061,-0.015999445618989888,-0.22495969683476924,0.28023248251597144,-0.11045389694745521,0.06700904445238413,-0.008828167605785886,0.9915804496194061,0.0014692457749070813,-0.5248829031393697,0.7718863663044022,0.008289113730896615,0.4754993439609614,0.14932605271773747,0.001689163814338815,-0.5250659039392583,0.7692351656785311,0.009682522096275955,0.46624148517850406,0.1442735266097138,0.001689163814338815,-0.5250659039392583,0.7692351656785311,0.009682522096275955,0.46624148517850406,0.1442735266097138,-0.0017474726629375713,0.0014133857584221856,0.024263389621580752,-0.011693682093148455,0.08405875242099985,0.046839730493128784,-0.0020981853415606372,0.0020854823077408585,-0.001346381250210352,-0.008113889025227871,0.0008633345566140307,-0.007563958047007192,0.0,True,False,1,True,True,0.005456099999719299,4,1.0561722913028593e-09,1.5205578592672348e-10,`gtol` termination condition is satisfied.,True,True,0.009999999999999787,0.009256913249551468,1.0,1.9193652131315803e-06,0.009046055744204196,1.919279114814616e-06,0.00904605585662832
12.559999999999777,1786132515.2705123,0.011263599997619167,0.006564600000274368,0.01,TELEOP,0,,0.0,12.559999999999777,1256,0.0,0.0,0.0,0.025721925728335315,0.14858866950207703,3.469446951953614e-18,0.9885645096969791,8.793467431335176e-35,1.83913438102078e-26,3.7090070838717075e-14,0.0315275386325371,0.14290122586769852,-1.2739375526704677e-18,0.9892346809292945,-0.016000000000000007,-0.22496149868534876,0.28023284255556025,-0.11450328799801528,0.07103076819783628,-0.009351378038796508,0.9908361008439511,-0.016000000000000007,-0.22496149868534876,0.28023284255556025,-0.1139113016784635,0.07044301039808343,-0.009273998256482572,0.9909470170459732,-0.016000000227791442,-0.2249614985031198,0.28023284357035966,-0.11391130160625608,0.07044301039445824,-0.009273998234697836,0.9909470170547352,-0.01599944071035025,-0.22495969650880293,0.2802324815350839,-0.11074196475412267,0.06729527149410613,-0.008865804227636482,0.9915285982725504,-0.01599944071035025,-0.22495969650880293,0.2802324815350839,-0.11074196475412267,0.06729527149410613,-0.008865804227636482,0.9915285982725504,0.0014492648002257405,-0.5248662590361342,0.7721273618661468,0.008163066231412991,0.4763409633907584,0.14978602865136698,0.0016714793495527691,-0.5250515614802012,0.7694776647791429,0.00956477823358277,0.4670821590077261,0.14474117207007894,0.0016714793495527691,-0.5250515614802012,0.7694776647791429,0.00956477823358277,0.4670821590077261,0.14474117207007894,-0.0017684464786046304,0.001434245905723243,0.024249910061182156,-0.011774386269318695,0.08406738292220425,0.0467645460365161,-0.0020973815667059644,0.0020860147301057716,-0.0013479560398594408,-0.008070417617024248,0.0008630501204402268,-0.007518445661268761,0.0,True,False,1,True,True,0.003310799991595559,4,1.055894963767316e-09,1.520316007742038e-10,`gtol` termination condition is satisfied.,True,True,0.009999999999999787,0.009257858782457329,1.0,1.9212789557840867e-06,0.009046071015494591,1.921192598101876e-06,0.00904607112791901
12.569999999999776,1786132515.2779725,0.006771600004867651,0.007253799994941801,0.01,TELEOP,0,,0.0,12.569999999999776,1257,0.0,0.0,0.0,0.025137582005824277,0.14916047926441592,0.0,0.9884934260765269,7.990204466455309e-35,1.6711336978719555e-26,3.3701978427776747e-14,0.030943384522137112,0.1434740129245396,-1.0842021724855046e-18,0.9891702151650363,-0.016000000000000007,-0.22496149868534904,0.28023284255555925,-0.11479129025436652,0.07131663447398758,-0.009389013048027832,0.9907818850599891,-0.016000000000000007,-0.22496149868534904,0.28023284255555925,-0.11419931317555869,0.07072893144954011,-0.009311640477019658,0.9908931468518004,-0.016000000226349467,-0.2249614985027985,0.2802328435703389,-0.11419931310334185,0.07072893144592146,-0.009311640455316093,0.9908931468605856,-0.015999435829755358,-0.22495969621362139,0.2802324804866318,-0.1110300279006314,0.06758147213648195,-0.008903437523494304,0.9914765788098658,-0.015999435829755358,-0.22495969621362139,0.2802324804866318,-0.1110300279006314,0.06758147213648195,-0.008903437523494304,0.9914765788098658,0.0014290751104434948,-0.5248494057158066,0.7723682207660832,0.008036259544023643,0.4771826690482534,0.15024530321026336,0.0016535852273939682,-0.5250370103665905,0.7697200289268353,0.009446231646325413,0.46792291911534994,0.14520807020833162,0.0016535852273939682,-0.5250370103665905,0.7697200289268353,0.009446231646325413,0.46792291911534994,0.14520807020833162,-0.001789412215880129,0.0014551113610758398,0.024236414769236648,-0.011854658725735975,0.08407601076238676,0.04668981382526782,-0.002096573727549913,0.0020865455352597345,-0.0013495291945509955,-0.008027245641728102,0.0008627840182500596,-0.007473221124827563,0.0,True,False,1,True,True,0.0039847000007284805,4,1.0556213859951107e-09,1.5200781236196258e-10,`gtol` termination condition is satisfied.,True,True,0.009999999999999787,0.009258804383032282,1.0,1.9231795474616707e-06,0.009046087806536136,1.9230929000333853e-06,0.009046087918960942
12.579999999999776,1786132515.2849317,0.007475399994291365,0.006737200004863553,0.01,TELEOP,0,,0.0,12.579999999999776,1258,0.0,0.0,0.0,0.02455322135373314,0.14973218857062193,3.469446951953614e-18,0.9884216767286148,7.260317720431765e-35,1.5184794895809423e-26,3.062338044285379e-14,0.030359209572095095,0.14404670335493863,-6.911788849595091e-19,0.9891050832175174,-0.016000000000000007,-0.22496149868534926,0.28023284255555836,-0.11507928790849002,0.07160247399299348,-0.009426644534614139,0.9907275011754623,-0.016000000000000007,-0.22496149868534926,0.28023284255555836,-0.11448732016905906,0.07101482584463603,-0.009349279188180274,0.9908391085385281,-0.016000000224915878,-0.2249614985024771,0.28023284357031786,-0.11448732009683288,0.07101482584102387,-0.00934927916655727,0.9908391085473364,-0.015999430977478957,-0.22495969594685494,0.2802324793763173,-0.11131808639748479,0.06786764635696628,-0.008941067498295745,0.9914243912325129,-0.015999430977478957,-0.22495969594685494,0.2802324793763173,-0.11131808639748479,0.06786764635696628,-0.008941067498295745,0.9914243912325129,0.0014086767873365904,-0.5248323431180362,0.7726089428331196,0.007908697626311578,0.4780244607888208,0.15070388050738315,0.00163548152902578,-0.5250222505454434,0.7699622579643469,0.009326886621756073,0.4687637654756265,0.14567422551769554,0.00163548152902578,-0.5250222505454434,0.7699622579643469,0.009326886621756073,0.4687637654756265,0.14567422551769554,-0.0018103698368188525,0.001475982114704436,0.02422290375116437,-0.01193450245693425,0.08408463602765374,0.046615530936392396,-0.0020957620938723814,0.0020870753628596667,-0.0013511018072277377,-0.007984373119827599,0.0008625265266994087,-0.007428288887542714,0.0,True,False,1,True,True,0.003440699991188012,4,1.0553512290026913e-09,1.519843453770575e-10,`gtol` termination condition is satisfied.,True,True,0.009999999999999787,0.00925974993290346,1.0,1.9250679690472362e-06,0.009046105993434748,1.9249810049702346e-06,0.00904610610586004
12.589999999999776,1786132515.29366,0.0069537000090349466,0.008512099986546673,0.01,TELEOP,0,,0.0,12.589999999999776,1259,0.0,0.0,0.0,0.023968844165615264,0.15030379703566205,-3.469446951953615e-18,0.9883492617015642,6.597104444937966e-35,1.37976989107108e-26,2.7826005282079304e-14,0.029775014175838742,0.1446192967732026,-9.486769009248164e-19,0.9890392851306025,-0.016000000000000007,-0.22496149868534948,0.2802328425555575,-0.1153672809120529,0.07188828670544249,-0.009464272492050278,0.9906729491995387,-0.016000000000000007,-0.22496149868534948,0.2802328425555575,-0.11477532261061504,0.07130069353396604,-0.009386914383460104,0.9907849021152686,-0.01600000022349052,-0.22496149850215594,0.2802328435702967,-0.11477532253837934,0.07130069353036035,-0.009386914361917045,0.9907849021241002,-0.01599942615378906,-0.2249596957061404,0.28023247820977015,-0.11160614025482327,0.06815379413302397,-0.008978694156986444,0.9913720355416171,-0.01599942615378906,-0.2249596957061404,0.28023247820977015,-0.11160614025482327,0.06815379413302397,-0.008978694156986444,0.9913720355416171,0.001388069913056873,-0.5248150711825792,0.7728495278959358,0.007780384408922177,0.4788663384681883,0.1511617646289906,0.001617168335966268,-0.5250072819638165,0.7702043517343686,0.00920674741720061,0.4696046980627728,0.14613964246177424,0.001617168335966268,-0.5250072819638165,0.7702043517343686,0.00920674741720061,0.4696046980627728,0.14613964246177424,-0.0018313193059512442,0.0014968581626903055,0.024209377002170695,-0.0120139204555466,0.08409325871462832,0.04654169440787016,-0.002094946913239222,0.002087604798586986,-0.0013526748993675348,-0.007941799861235155,0.0008622686974578871,-0.007383652852223424,0.0,True,False,1,True,True,0.005239199992502108,4,1.0550845895158282e-09,1.5196184796924076e-10,`gtol` termination condition is satisfied.,True,True,0.009999999999999787,0.009260695313194345,1.0,1.9269452016341046e-06,0.009046125452772764,1.926857896923474e-06,0.009046125565198952
12.599999999999776,1786132515.3004794,0.008735600000363775,0.006595899991225451,0.01,TELEOP,0,,0.0,12.599999999999776,1260,0.0,0.0,0.0,0.023384450835035268,0.1508753042745711,-6.93889390390723e-18,0.9882761810441449,5.99447417224491e-35,1.2537310944066063e-26,2.5284163889197678e-14,0.029190798726809544,0.14519179279370373,-1.4636729328554308e-18,0.9889728209486048,-0.016000000000000007,-0.22496149868534968,0.2802328425555568,-0.11565526921673039,0.07217407256192003,-0.009501896913830701,0.9906182291414142,-0.016000000000000007,-0.22496149868534968,0.2802328425555568,-0.11506332045188516,0.07158653446812185,-0.00942454605635443,0.9907305275911624,-0.01600000022207338,-0.22496149850183472,0.2802328435702755,-0.11506332037964018,0.07158653446452264,-0.009424546034890726,0.9907305276000171,-0.015999421358945172,-0.22495969548913616,0.2802324769925145,-0.11189418948204971,0.0684399154419414,-0.009016317504431189,0.9913195117383267,-0.015999421358945172,-0.22495969548913616,0.2802324769925145,-0.11189418948204971,0.0684399154419414,-0.009016317504431189,0.9913195117383267,0.001367254570129106,-0.5247975898493066,0.7730899757829892,0.007651323795782921,0.4797083019424295,0.1516189596348773,0.001598645730065624,-0.5249921045687522,0.7704463100794484,0.009085818260098258,0.47044571685015446,0.14660432547421515,0.001598645730065624,-0.5249921045687522,0.7704463100794484,0.009085818260098258,0.47044571685015446,0.14660432547421515,-0.001852260590064447,0.0015177395064313495,0.02419583450797632,-0.012092915710235554,0.08410187873817093,0.04646830124409143,-0.002094128411320323,0.002088134374104443,-0.0013542494194375017,-0.007899525468895652,0.0008620023542607371,-0.007339316377873335,0.0,True,False,1,True,True,0.003391399994143285,4,1.0548214812443219e-09,1.5193931038106812e-10,`gtol` termination condition is satisfied.,True,True,0.009999999999999787,0.00926164040541555,1.0,1.9288122166789366e-06,0.009046146062428395,1.928724550745465e-06,0.009046146174855255
12.609999999999776,1786132515.3088121,0.006849999990663491,0.008078600003500469,0.01,TELEOP,0,,0.0,12.609999999999776,1261,0.0,0.0,0.0,0.022800041755568438,0.15144670990245232,0.0,0.9882024348055751,5.446892784801014e-35,1.1392056510682418e-26,2.2974513843982284e-14,0.028606563618462533,0.14576419103087981,-1.3823577699190183e-18,0.9889056907162868,-0.016000000000000007,-0.22496149868534987,0.28023284255555614,-0.1159432527742059,0.07245983151300847,-0.009539517793449448,0.990563341010312,-0.016000000000000007,-0.22496149868534987,0.28023284255555614,-0.11535131364453606,0.07187234859769223,-0.00946217420035814,0.9906759849753772,-0.01600000022066437,-0.22496149850151365,0.280232843570254,-0.11535131357228155,0.0718723485940995,-0.009462174178973175,0.9906759849842552,-0.01599941659319596,-0.22495969529353682,0.28023247572994,-0.11218223408749009,0.06872601026065497,-0.009053937545331462,0.9912668198238642,-0.01599941659319596,-0.22495969529353682,0.28023247572994,-0.11218223408749009,0.06872601026065497,-0.009053937545331462,0.9912668198238642,0.0013462308414511509,-0.524779899058197,0.773330286322513,0.007521519664326703,0.48055035106795924,0.15207546955858636,0.0015799137934857663,-0.5249767183072311,0.770688132841904,0.008964103348061577,0.4712868218095447,0.14706827895842745,0.0015799137934857663,-0.5249767183072311,0.770688132841904,0.008964103348061577,0.4712868218095447,0.14706827895842745,-0.0018731936579857934,0.001538626152114313,0.02418227624555092,-0.01217149120366839,0.08411049593902112,0.04639534842123049,-0.002093306792134686,0.0020886645682963983,-0.0013558262425402332,-0.00785754934328393,0.0008617200850183823,-0.00729528228609414,0.0,True,False,1,True,True,0.00470179998956155,4,1.0545616663267526e-09,1.5191780204156362e-10,`gtol` termination condition is satisfied.,True,True,0.009999999999999787,0.009262585092275066,1.0,1.9306699682236335e-06,0.009046167702316454,1.9305819234240856e-06,0.009046167814744472
12.619999999999775,1786132515.3159525,0.008312100006151013,0.006907199989655055,0.01,TELEOP,0,,0.0,12.619999999999775,1262,0.0,0.0,0.0,0.022215617320800882,0.15201801353447708,-6.93889390390723e-18,0.9881280230355212,4.949331693926799e-35,1.0351418427889144e-26,2.087584500244748e-14,0.028022309244266005,0.14633649109923455,-1.9244588561617704e-18,0.9888378944788587,-0.016000000000000007,-0.22496149868535004,0.28023284255555553,-0.11623123153617092,0.07274556350928726,-0.009577135124400185,0.9905082848154831,-0.016000000000000007,-0.22496149868535004,0.28023284255555553,-0.11563930214024247,0.0721581358732629,-0.009499798808965718,0.9906212742771088,-0.016000000219263403,-0.2249614985011926,0.28023284357023237,-0.11563930206797872,0.07215813586967655,-0.009499798787658926,0.9906212742860099,-0.015999411856777054,-0.22495969511708558,0.2802324744272746,-0.11247027407809099,0.06901207856559616,-0.009091554284150802,0.9912139597995749,-0.015999411856777054,-0.22495969511708558,0.2802324744272746,-0.11247027407809099,0.06901207856559616,-0.009091554284150802,0.9912139597995749,0.0013249988102945413,-0.5247619987493458,0.773570459342523,0.007390975865714191,0.48139248570152543,0.15253129840763488,0.001560972608682069,-0.5249611231261292,0.7709298198637424,0.008841606848956097,0.47212801291045775,0.14753150728735265,0.001560972608682069,-0.5249611231261292,0.7709298198637424,0.008841606848956097,0.47212801291045775,0.14753150728735265,-0.001894118480369772,0.0015595181101918166,0.024168702183851563,-0.012249649910548374,0.08411911009131155,0.046322832892522,-0.0020924822383979022,0.0020891958077504037,-0.0013574061699356556,-0.007815870687998588,0.0008614152290430804,-0.0072515528708488874,0.0,True,False,1,True,True,0.003529299996444024,4,1.0543052185761044e-09,1.518962797979367e-10,`gtol` termination condition is satisfied.,True,True,0.009999999999999787,0.00926352925841456,1.0,1.932519385685927e-06,0.009046190255056253,1.9324309474014725e-06,0.009046190367485238
12.629999999999775,1786132515.3238904,0.007131999998819083,0.0077132000005804,0.01,TELEOP,0,,0.0,12.629999999999775,1263,0.0,0.0,0.0,0.021631177924328785,0.15258921478588577,0.0,0.9880529457840976,4.497221660918593e-35,9.405840233391209e-27,1.896888471833276e-14,0.027438035997701248,0.14690869261333758,-1.802486111757151e-18,0.98876943228198,-0.016000000000000007,-0.22496149868535018,0.280232842555555,-0.11651920545432516,0.07303126850133278,-0.009614748900176164,0.9904530605662065,-0.016000000000000007,-0.22496149868535018,0.280232842555555,-0.11592728589068729,0.07244389624541656,-0.009537419875671251,0.9905663955055802,-0.01600000021787043,-0.22496149850087158,0.2802328435702105,-0.11592728581841402,0.07244389624183668,-0.009537419854442033,0.9905663955145045,-0.015999407149909196,-0.22495969495758594,0.280232473089563,-0.11275830945915118,0.06929812033255306,-0.009129167725047673,0.9911609316669707,-0.015999407149909196,-0.22495969495758594,0.280232473089563,-0.11275830945915118,0.06929812033255306,-0.009129167725047673,0.9911609316669707,0.0013035585603021393,-0.5247438888629595,0.7738104946708136,0.007259696225047202,0.48223470570020294,0.15298645016372792,0.0015418222583871526,-0.5249453189721804,0.771171370986588,0.008718332900998927,0.47296929011955685,0.1479940148032867,0.0015418222583871526,-0.5249453189721804,0.771171370986588,0.008718332900998927,0.47296929011955685,0.1479940148032867,-0.001915035029491686,0.0015804153948769865,0.024155112284552277,-0.012327394795717185,0.08412772090991419,0.046250751593405776,-0.0020916549121914626,0.0020897284685170376,-0.0013589899299286275,-0.007774488516881249,0.0008610818602639708,-0.007208129911623051,0.0,True,False,1,True,True,0.004033999997773208,4,1.054052044138327e-09,1.518757923713153e-10,`gtol` termination condition is satisfied.,True,True,0.009999999999999787,0.00926447279106768,1.0,1.9343613674705905e-06,0.00904621360656164,1.9342725239370465e-06,0.009046213718992039
12.639999999999775,1786132515.3309786,0.007953399996040389,0.0068472999992081895,0.01,TELEOP,0,,0.0,12.639999999999775,1264,0.0,0.0,0.0,0.02104672395975871,0.15316031327198742,0.0,0.9879772031018673,4.0864108364878806e-35,8.546638425679166e-27,1.7236120857155016e-14,0.0268537442722623,0.14748079518782503,-1.6805133673525319e-18,0.9887003041717581,-0.016000000000000007,-0.22496149868535031,0.2802328425555545,-0.11680717448037639,0.07331694643971838,-0.009652359114270249,0.9903976682717885,-0.016000000000000007,-0.22496149868535031,0.2802328425555545,-0.11621526484756155,0.07272962966473288,-0.009575037393968434,0.9905113486700423,-0.01600000021648538,-0.22496149850055078,0.28023284357018863,-0.11621526477527906,0.07272962966115942,-0.009575037372816227,0.9905113486789899,-0.015999402472796628,-0.22495969481291195,0.28023247172164667,-0.11304634023408773,0.06958413553654821,-0.009166777871815888,0.9911077354277682,-0.015999402472796628,-0.22495969481291195,0.28023247172164667,-0.11304634023408773,0.06958413553654821,-0.009166777871815888,0.9911077354277682,0.0012819101754892813,-0.5247255693393603,0.7740503921349655,0.007127684541587849,0.4830770109213898,0.15344092878297766,0.0015224628255966885,-0.524929305791944,0.7714127860516157,0.008594285612875611,0.4738106534001327,0.14845580581775186,0.0015224628255966885,-0.524929305791944,0.7714127860516157,0.008594285612875611,0.4738106534001327,0.14845580581775186,-0.0019359432790464557,0.0016013180236512101,0.024141506502768455,-0.012404728812331779,0.08413632805758313,0.04617910144651847,-0.00209082495547701,0.0020902628774224,-0.0013605781783821865,-0.007733401661459448,0.0008607147668940329,-0.007165014688731083,0.0,True,False,1,True,True,0.003543400001944974,4,1.0538022832595882e-09,1.518551887642111e-10,`gtol` termination condition is satisfied.,True,True,0.009999999999999787,0.009265415580646086,1.0,1.936196775656837e-06,0.009046237646562096,1.9361075176375876e-06,0.0090462377589937
12.649999999999775,1786132515.3382366,0.00706720000016503,0.007038800002192147,0.01,TELEOP,0,,0.0,12.649999999999775,1265,0.0,0.0,0.0,0.020462255820706824,0.1537313086081605,3.469446951953615e-18,0.9879007950398413,3.71312663320107e-35,7.765922721075158e-27,1.5661640977518847e-14,0.02626943446145566,0.14805279843739952,-1.260385025514399e-18,0.9886305101947492,-0.016000000000000007,-0.22496149868535043,0.28023284255555403,-0.11709513856604067,0.07360259727501456,-0.009689965760174914,0.990342107941563,-0.016000000000000007,-0.22496149868535043,0.28023284255555403,-0.11650323896256438,0.07301533608178856,-0.009612651357350559,0.9904561337797738,-0.016000000215108168,-0.22496149850022998,0.28023284357016653,-0.11650323889027273,0.07301533607822151,-0.009612651336274786,0.9904561337887446,-0.015999397825625754,-0.224959694681017,0.2802324703281473,-0.11333436640423465,0.06987012415173148,-0.009204384727832275,0.9910543710839252,-0.015999397825625754,-0.224959694681017,0.2802324703281473,-0.11333436640423465,0.06987012415173148,-0.009204384727832275,0.9910543710839252,0.0012600537402422853,-0.5247070401189874,0.774290151562346,0.006994944588969505,0.4839194012227986,0.15389473819611513,0.0015028943935571353,-0.5249130835317761,0.7716540648994933,0.008469469063874337,0.47465210271165126,0.14891688461141692,0.0015028943935571353,-0.5249130835317761,0.7716540648994933,0.008469469063874337,0.47465210271165126,0.14891688461141692,-0.001956843203955364,0.0016222260167890108,0.024127884787767173,-0.012481654900127814,0.08414493115185809,0.04610787936650531,-0.002089992490890867,0.0020907993137800986,-0.001362171500128255,-0.0076926087796037245,0.0008603094274954131,-0.0071222080013160285,0.0,True,False,1,True,True,0.003412000005482696,4,1.0535557109381435e-09,1.518350972484722e-10,`gtol` termination condition is satisfied.,True,True,0.009999999999999787,0.009266357521257151,1.0,1.938026430811923e-06,0.009046262269050987,1.9379367518872167e-06,0.009046262381483842
12.659999999999775,1786132515.3455822,0.007336400012718514,0.007047599996440113,0.01,TELEOP,0,,0.0,12.659999999999775,1266,0.0,0.0,0.0,0.0198777739007989,0.1543022004098528,-3.469446951953615e-18,0.9878237216494785,3.373941080783937e-35,7.05652359511381e-27,1.4230986202843196e-14,0.02568510695880004,0.1486247019768306,-1.4094628242311558e-18,0.988560050397958,-0.016000000000000007,-0.22496149868535054,0.2802328425555536,-0.11738309766304217,0.07388822095778878,-0.00972756883138225,0.9902863795848919,-0.016000000000000007,-0.22496149868535054,0.2802328425555536,-0.11679120818740313,0.0733010154471573,-0.009650261759310535,0.9904007508440809,-0.016000000213738718,-0.2249614984999092,0.28023284357014416,-0.11679120811510209,0.07330101544359663,-0.00965026173831061,0.990400750853075,-0.01599939320856403,-0.22495969455994122,0.28023246891345316,-0.11362238796867251,0.07015608615128827,-0.009241988296011404,0.9910008386376703,-0.01599939320856403,-0.22495969455994122,0.28023246891345316,-0.11362238796867251,0.07015608615128827,-0.009241988296011404,0.9910008386376703,0.0012379893393187407,-0.5246883011423964,0.7745297727801111,0.00686148011540984,0.48476187646245156,0.1543478823087034,0.0014831170457553337,-0.5248966521378071,0.7718952073703299,0.00834388730403661,0.4754936380093683,0.14937725543406324,0.0014831170457553337,-0.5248966521378071,0.7718952073703299,0.00834388730403661,0.4754936380093683,0.14937725543406324,-0.0019777347801801905,0.0016431393969036272,0.02411424708366009,-0.012558175983773063,0.08415352977170346,0.04603708226463436,-0.0020891576224826994,0.002091338011461689,-0.0013637704107082617,-0.0076521083645249115,0.0008598619845368027,-0.007079710187094836,0.0,True,False,1,True,True,0.003583099998650141,4,1.05331228245624e-09,1.5181577954747918e-10,`gtol` termination condition is satisfied.,True,True,0.009999999999999787,0.009267298511147326,1.0,1.9398511093153333e-06,0.009046287372668872,1.9397610055169954e-06,0.009046287485103454
12.669999999999774,1786132515.353,0.0072868999995989725,0.007178800005931407,0.01,TELEOP,0,,0.0,12.669999999999774,1267,0.0,0.0,0.0,0.01929327859367,0.15487298829258186,3.469446951953614e-18,0.9877459829826861,3.065739346139088e-35,6.411926442850837e-27,1.2931018441568672e-14,0.02510076215782608,0.14919650542095486,-9.351243737687476e-19,0.9884889248288375,-0.016000000000000007,-0.22496149868535065,0.28023284255555325,-0.11767105172311322,0.07417381743860547,-0.009765168321383938,0.9902304832111642,-0.016000000000000007,-0.22496149868535065,0.28023284255555325,-0.11707917247379328,0.0735866677114098,-0.00968786859334087,0.9903451998722974,-0.016000000212376967,-0.22496149849958846,0.2802328435701218,-0.117079172401483,0.0735866677078555,-0.009687868572416238,0.9903451998813146,-0.01599938862175908,-0.22495969444781794,0.28023246748170816,-0.113910404924089,0.070442021507362,-0.009279588578767218,0.9909471380915308,-0.01599938862175908,-0.22495969444781794,0.28023246748170816,-0.113910404924089,0.070442021507362,-0.009279588578767218,0.9909471380915308,0.001215717057845932,-0.52466935235026,0.7747692556152046,0.006727294843917376,0.4856044364986738,0.1548003650013446,0.001463130865909867,-0.524880011555922,0.7721362133036307,0.00821754435432342,0.4763352592440068,0.14983692250459518,0.001463130865909867,-0.524880011555922,0.7721362133036307,0.00821754435432342,0.4763352592440068,0.14983692250459518,-0.001998617984546703,0.0016640581885138087,0.02410059333007362,-0.012634294971319219,0.084162123463857,0.04596670705319354,-0.002088320436651305,0.0020918791610181936,-0.0013653753586469891,-0.0076118987546156995,0.0008593692153543997,-0.007037521144082013,0.0,True,False,1,True,True,0.003476300000329502,4,1.053072117557393e-09,1.517967174390698e-10,`gtol` termination condition is satisfied.,True,True,0.009999999999999787,0.009268238453083277,1.0,1.941671540064093e-06,0.009046312861022664,1.9415810096902313e-06,0.009046312973458863
12.679999999999774,1786132515.3604722,0.00741169998946134,0.007238999998662621,0.01,TELEOP,0,,0.0,12.679999999999774,1268,0.0,0.0,0.0,0.018708770292964194,0.1554436718719353,-3.469446951953614e-18,0.9876675790918193,2.7856911289872073e-35,5.826211753475574e-27,1.1749799736492624e-14,0.024516400452076103,0.1497682083846764,-1.1384122811097797e-18,0.9884171335352891,-0.016000000000000007,-0.22496149868535073,0.28023284255555286,-0.11795900069799434,0.0744593866680261,-0.009802764223671271,0.9901744188297974,-0.016000000000000007,-0.22496149868535073,0.28023284255555286,-0.11736713177345845,0.07387229282511373,-0.009725471852933678,0.9902894808737849,-0.016000000211022866,-0.224961498499268,0.2802328435700991,-0.117367131701139,0.07387229282156582,-0.009725471832083788,0.9902894808828253,-0.015999384065338042,-0.22495969434287938,0.280232466036804,-0.11419841726466595,0.07072793019099022,-0.009317185577981018,0.9908932694483544,-0.015999384065338042,-0.22495969434287938,0.280232466036804,-0.11419841726466595,0.07072793019099022,-0.009317185577981018,0.9908932694483544,0.0011932369813216555,-0.5246501936833712,0.7750085998943661,0.006592392472501309,0.48644708119008884,0.15525219012989003,0.0014429359379641046,-0.5248631617317457,0.7723770825382587,0.008090444206795899,0.47717696636149554,0.15029589001109178,0.0014429359379641046,-0.5248631617317457,0.7723770825382587,0.008090444206795899,0.47717696636149554,0.15029589001109178,-0.002019492794576291,0.0016849824176312898,0.02408692346280041,-0.012710014752752415,0.08417071174887031,0.045896750649659944,-0.00208748100295883,0.002092422911748152,-0.0013669867273211588,-0.00757197814331978,0.0008588285013314222,-0.0069956403533597234,0.0,True,False,1,True,True,0.0037588999985018745,4,1.0528349693147454e-09,1.5177802639566779e-10,`gtol` termination condition is satisfied.,True,True,0.009999999999999787,0.009269177254666972,1.0,1.9434884019222853e-06,0.009046338642942632,1.943397445187957e-06,0.009046338755380504
12.689999999999774,1786132515.367643,0.007470500000636093,0.006939400002011098,0.01,TELEOP,0,,0.0,12.689999999999774,1269,0.0,0.0,0.0,0.01812424939233429,0.156014250763571,-3.469446951953615e-18,0.9875885100296814,2.531224670450492e-35,5.294000749834645e-27,1.067648263526415e-14,0.02393202223510382,0.15033981048296682,-1.3823577699190182e-18,0.9883446765656626,-0.016000000000000007,-0.2249614986853508,0.2802328425555526,-0.11824694453943435,0.0747449285966092,-0.009840356531735157,0.9901181864502359,-0.016000000000000007,-0.2249614986853508,0.2802328425555526,-0.1176550860381305,0.07415789073883387,-0.009763071531580682,0.9902335938579324,-0.01600000020967632,-0.22496149849894745,0.2802328435700762,-0.11765508596580176,0.07415789073529232,-0.009763071510804968,0.9902335938669962,-0.01599937953940709,-0.2249596942434598,0.2802324645823741,-0.11448642498199561,0.0710138121720539,-0.009354779294975942,0.9908392327113297,-0.01599937953940709,-0.2249596942434598,0.2802324645823741,-0.11448642498199561,0.0710138121720539,-0.009354779294975942,0.9908392327113297,0.001170549195612736,-0.5246308250826435,0.775247805444129,0.006456776674374225,0.4872898103956107,0.15570336152564332,0.0014225323460808268,-0.524846102610632,0.7726178149124029,0.007962590824809409,0.4780187593027637,0.15075416211089804,0.0014225323460808268,-0.524846102610632,0.7726178149124029,0.007962590824809409,0.4780187593027637,0.15075416211089804,-0.002040359188327828,0.001705912111371926,0.02407323741442143,-0.012785338198649207,0.08417929412682221,0.04582720998062685,-0.0020866393751537335,0.0020929693740636686,-0.0013686048378981689,-0.007532344589679443,0.0008582377951894353,-0.006954066903309443,0.0,True,False,1,True,True,0.0035392999998293817,4,1.0526008594433587e-09,1.5175996454687723e-10,`gtol` termination condition is satisfied.,True,True,0.009999999999999787,0.009270114828593301,1.0,1.945302322566045e-06,0.009046364632681369,1.945210942050503e-06,0.009046364745121258
12.699999999999774,1786132515.3760056,0.007194300007540733,0.008107700006803498,0.01,TELEOP,0,,0.0,12.699999999999774,1270,0.0,0.0,0.0,0.01753971628544163,0.15658472458321718,-3.469446951953615e-18,0.9875087758495235,2.300003135892036e-35,4.81040599365975e-27,9.701210575281481e-15,0.023347627900474097,0.1509113113308658,-1.599198204416119e-18,0.9882715539687559,-0.016000000000000007,-0.2249614986853509,0.2802328425555523,-0.11853488319919017,0.07503044317491041,-0.009877945239066125,0.990061786081952,-0.016000000000000007,-0.2249614986853509,0.2802328425555523,-0.11794303521954945,0.07444346140313196,-0.009800667622773217,0.990177538834157,-0.0160000002083373,-0.22496149849862704,0.2802328435700531,-0.11794303514721156,0.07444346139959672,-0.00980066760207114,0.9901775388432441,-0.015999375044051224,-0.2249596941479999,0.28023246312178995,-0.11477442806502003,0.0712996674192388,-0.009392369730497153,0.9907850278840002,-0.015999375044051224,-0.2249596941479999,0.28023246312178995,-0.11477442806502003,0.0712996674192388,-0.009392369730497153,0.9907850278840002,0.0011476537869547893,-0.5246112464891091,0.7754868720908207,0.00632045109815568,0.4881326239744397,0.15615388299556426,0.0014019201746383358,-0.5248288341376561,0.7728584102635518,0.007833988143220031,0.47886063800359063,0.15121174293075285,0.0014019201746383358,-0.5248288341376561,0.7728584102635518,0.007833988143220031,0.47886063800359063,0.15121174293075285,-0.002061217144249146,0.0017268472975929899,0.024059535114898663,-0.012860268158937972,0.08418787008269533,0.045758081985481716,-0.0020857955921318116,0.0020935186221064423,-0.0013702299522765661,-0.007492996028876639,0.0008575955873125115,-0.006912799514513629,0.0,True,False,1,True,True,0.00411809999786783,4,1.052369770379847e-09,1.517421705565814e-10,`gtol` termination condition is satisfied.,True,True,0.009999999999999787,0.009271051092846982,1.0,1.947113877298154e-06,0.009046390750060874,1.947022077187585e-06,0.009046390862502715
12.709999999999773,1786132515.3840435,0.008390099988901056,0.007755600003292784,0.01,TELEOP,0,,0.0,12.709999999999773,1271,0.0,0.0,0.0,0.016955171365955705,0.15715509294667288,-6.93889390390723e-18,0.9874283766050446,2.0899031551283492e-35,4.3709865028939436e-27,8.815027368199204e-15,0.02276321784176267,0.15148271054348106,-2.0735366548785272e-18,0.9881977657938155,-0.016000000000000007,-0.22496149868535095,0.28023284255555203,-0.11882281662902702,0.07531593035348234,-0.009915530339154299,0.9900052177344457,-0.016000000000000007,-0.22496149868535095,0.28023284255555203,-0.11823097926946351,0.07472900476856682,-0.009838260120002228,0.9901213158119031,-0.016000000207005677,-0.22496149849830657,0.28023284357003,-0.11823097919711652,0.07472900476503797,-0.009838260099373245,0.9901213158210135,-0.015999370579334145,-0.22495969405504784,0.2802324616581601,-0.11506242649999526,0.07158549590000847,-0.009429956884697766,0.9907306549702779,-0.015999370579334145,-0.22495969405504784,0.2802324616581601,-0.11506242649999526,0.07158549590000847,-0.009429956884697766,0.9907306549702779,0.0011245508419526137,-0.5245914578439251,0.7757257996605709,0.006183419368074717,0.4889755217860555,0.15660375832247211,0.0013810995082279571,-0.5248113562576107,0.7730988684284733,0.007704640068602372,0.4797026023945047,0.15166863656695115,0.0013810995082279571,-0.5248113562576107,0.7730988684284733,0.007704640068602372,0.4797026023945047,0.15166863656695115,-0.0020820666410379125,0.0017477880045512091,0.024045816492142543,-0.012934807461766274,0.08419643909140467,0.045689363619829955,-0.002084949678876704,0.002094070695821983,-0.0013718622756120058,-0.007453930282830387,0.00085690087093399,-0.006871836565176237,0.0,True,False,1,True,True,0.0036801999958697706,4,1.052141839496364e-09,1.5172469033659453e-10,`gtol` termination condition is satisfied.,True,True,0.009999999999999787,0.00927198597084905,1.0,1.948923588821581e-06,0.009046416920565748,1.94883137512579e-06,0.009046417033009525
12.719999999999773,1786132515.3923228,0.008020200009923428,0.00801470001169946,0.01,TELEOP,0,,0.0,12.719999999999773,1272,0.0,0.0,0.0,0.016370615027553968,0.15772535546980831,0.0,0.9873473123503919,1.8989953229439648e-35,3.971706968946621e-27,8.00979495281694e-15,0.022178792452555874,0.1520540077359888,-1.883801274693564e-18,0.9881233120905358,-0.016000000000000007,-0.22496149868535104,0.2802328425555518,-0.1191107447807183,0.07560139008287473,-0.009953111825489431,0.9899484814172448,-0.016000000000000007,-0.22496149868535104,0.2802328425555518,-0.11851891813962916,0.07501452078569432,-0.009875849016758271,0.9900649248006429,-0.01600000020568147,-0.2249614984979864,0.2802328435700065,-0.11851891806727285,0.07501452078217172,-0.00987584899620182,0.9900649248097766,-0.015999366145298337,-0.2249596939632612,0.2802324601943305,-0.11535042027047618,0.07187129758058797,-0.009467540757129887,0.9906761139744509,-0.015999366145298337,-0.2249596939632612,0.2802324601943305,-0.11535042027047618,0.07187129758058797,-0.009467540757129887,0.9906761139744509,0.001101240447578029,-0.5245714590883679,0.775964587979307,0.006045685084165312,0.48981850369021407,0.15705299126524058,0.0013600704316528189,-0.5247936689150048,0.7733391892431988,0.007574550479477593,0.4805446524007294,0.1521248470855377,0.0013600704316528189,-0.5247936689150048,0.7733391892431988,0.007574550479477593,0.4805446524007294,0.1521248470855377,-0.0021029076575138695,0.0017687342605905354,0.024032081472542956,-0.013008958912478151,0.08420500062247468,0.04562105185865623,-0.0020841016475957423,0.002094625603932661,-0.0013735019599586385,-0.007415145071187959,0.000856153107001619,-0.006831176117372216,0.0,True,False,1,True,True,0.004372099996544421,4,1.0519166685890442e-09,1.5170800297974977e-10,`gtol` termination condition is satisfied.,True,True,0.009999999999999787,0.009272919391550838,1.0,1.950731927471112e-06,0.009046443075391144,1.950639307480637e-06,0.009046443187837427
12.729999999999773,1786132515.3995335,0.008243799995398149,0.0069817000039620325,0.01,TELEOP,0,,0.0,12.729999999999773,1273,0.0,0.0,0.0,0.015786047663921724,0.15829551176856474,0.0,0.9872655831401602,1.7255264808390526e-35,3.608900699358189e-27,7.278118661051917e-15,0.0215943521264504,0.15262520252363385,-1.6940658945086007e-18,0.9880481929090599,-0.016000000000000007,-0.2249614986853511,0.2802328425555516,-0.11939866760604566,0.07588682231363428,-0.009990689691560865,0.9898915771399043,-0.016000000000000007,-0.2249614986853511,0.2802328425555516,-0.11880685178181101,0.07530000940506734,-0.009913434306531506,0.9900083658098763,-0.01600000020436453,-0.22496149849766622,0.28023284356998285,-0.11880685170944572,0.07530000940155107,-0.009913434286047074,0.9900083658190331,-0.015999361741965323,-0.22495969387140685,0.2802324587328866,-0.11563840935732284,0.07215707242595755,-0.009505121346740726,0.9906214049011899,-0.015999361741965323,-0.22495969387140685,0.2802324587328866,-0.11563840935732284,0.07215707242595755,-0.009505121346740726,0.9906214049011899,0.0010777226911711318,-0.5245512501638425,0.7762032368727616,0.005907251822466962,0.4906615695469373,0.1575015855589998,0.0013388330299278193,-0.5247757720540663,0.7735793725430135,0.0074437232265506395,0.481386787942173,0.15258037852252995,0.0013388330299278193,-0.5247757720540663,0.7735793725430135,0.0074437232265506395,0.481386787942173,0.15258037852252995,-0.002123740172499996,0.0017896860938484524,0.024018329981471895,-0.013082725292695687,0.08421355414435727,0.045553143699228,-0.002083251498612691,0.0020951833257917556,-0.0013751491071060766,-0.0073766380217536705,0.0008553521882583709,-0.006790815942823124,0.0,True,False,1,True,True,0.00346920000447426,4,1.0516944665908173e-09,1.5169124991189467e-10,`gtol` termination condition is satisfied.,True,True,0.009999999999999787,0.009273851289484658,1.0,1.9525393112205385e-06,0.009046469151447271,1.952446293836646e-06,0.0090464692638956
12.739999999999773,1786132515.4076083,0.007211999996798113,0.007844199993996881,0.01,TELEOP,0,,0.0,12.739999999999773,1274,0.0,0.0,0.0,0.01520146966875144,0.15886556145895517,0.0,0.9871831890293924,1.5679036172985158e-35,3.279235945566826e-27,6.613279310692557e-15,0.021009897257053003,0.1531962945217301,-1.4772254600114996e-18,0.9879724082999786,-0.016000000000000007,-0.22496149868535112,0.2802328425555514,-0.119686585056799,0.07617222699630484,-0.010028263930857585,0.9898345049120071,-0.016000000000000007,-0.22496149868535112,0.2802328425555514,-0.11909478014778196,0.07558547057723582,-0.009951015982811711,0.9899516388491305,-0.016000000203054848,-0.2249614984973461,0.28023284356995887,-0.11909478007540751,0.07558547057372582,-0.009951015962398762,0.9899516388583105,-0.015999357369336,-0.2249596937783612,0.2802324572761578,-0.11592639373872317,0.07244282039985549,-0.009542698651873016,0.9905665277555509,-0.015999357369336,-0.2249596937783612,0.2802324572761578,-0.11592639373872317,0.07244282039985549,-0.009542698651873016,0.9905665277555509,0.001053997660438527,-0.524530831011877,0.77644174616647,0.005768123135217056,0.49150471921651023,0.15794954491532806,0.0013173873882806719,-0.5247576656187464,0.7738194181624509,0.007312162132955559,0.48222900893345694,0.1530352348841673,0.0013173873882806719,-0.5247576656187464,0.7738194181624509,0.007312162132955559,0.48222900893345694,0.1530352348841673,-0.002144564164714782,0.0018106435319925436,0.02400456194374961,-0.013156109359508256,0.08422209912839503,0.045485636163735466,-0.0020823992214786644,0.0020957438144091553,-0.0013768037722284437,-0.007338406681257007,0.0008544984037757904,-0.006750753549253595,0.0,True,False,1,True,True,0.00408259998948779,4,1.0514749769692642e-09,1.516752013976936e-10,`gtol` termination condition is satisfied.,True,True,0.009999999999999787,0.009274781604764304,1.0,1.9543461068235543e-06,0.00904649509132151,1.9542527021166206e-06,0.009046495203772315
12.749999999999773,1786132515.414788,0.008083300010184757,0.0069404999958351254,0.01,TELEOP,0,,0.0,12.749999999999773,1275,0.0,0.0,0.0,0.014616881435742968,0.15943550415706423,0.0,0.9871001300735789,1.4246792387343658e-35,2.979685306556079e-27,6.009171501322355e-15,0.020425428237980256,0.1537672833456605,-1.2468324983583303e-18,0.9878959583143311,-0.016000000000000007,-0.22496149868535117,0.2802328425555512,-0.11997449708477648,0.07645760408142735,-0.010065834536868172,0.9897772647431639,-0.016000000000000007,-0.22496149868535117,0.2802328425555512,-0.11938270318932313,0.07587090425274678,-0.00998859403908828,0.9898947439279607,-0.016000000201752344,-0.22496149849702607,0.2802328435699348,-0.11938270311693965,0.07587090424924306,-0.009988594018746294,0.989894743937164,-0.015999353027391163,-0.2249596936831082,0.28023245582622225,-0.11621437339023422,0.07272854146478934,-0.009580272670269795,0.9905114825429754,-0.015999353027391163,-0.2249596936831082,0.28023245582622225,-0.11621437339023422,0.07272854146478934,-0.009580272670269795,0.9905114825429754,0.0010300654434534946,-0.5245102015741225,0.7766801156857737,0.005628302551045077,0.49234795255947783,0.1583968730224472,0.0012957335921539314,-0.5247393495527265,0.7740593259352917,0.007179870994507914,0.48307131528398123,0.15348942014718403,0.0012957335921539314,-0.5247393495527265,0.7740593259352917,0.007179870994507914,0.48307131528398123,0.15348942014718403,-0.0021653796126740897,0.0018316066019819389,0.023990777284077936,-0.013229113844764846,0.08423063505243217,0.045418526301674124,-0.0020815447959307977,0.0020963069989395826,-0.001378465967167454,-0.007300448525659178,0.0008535924037145898,-0.006710986206134631,0.0,True,False,1,True,True,0.0034586000110721216,4,1.0512584803164257e-09,1.5165938609597657e-10,`gtol` termination condition is satisfied.,True,True,0.009999999999999787,0.009275710283053296,1.0,1.9561526317027335e-06,0.009046520843207801,1.9560588507550035e-06,0.0090465209556611
12.759999999999772,1786132515.4226255,0.007210099996882491,0.00756810000166297,0.01,TELEOP,0,,0.0,12.759999999999772,1276,0.0,0.0,0.0,0.014032283358602876,0.1600053394790488,-3.469446951953614e-18,0.9870164063286578,1.2945380767587653e-35,2.7074979274086715e-27,5.460247546768792e-15,0.019840945462858268,0.15433816861087762,-1.4501204056993622e-18,0.9878188430036047,-0.016000000000000007,-0.22496149868535123,0.2802328425555511,-0.12026240364178455,0.07674295351953976,-0.010103401503080834,0.9897198566430129,-0.016000000000000007,-0.22496149868535123,0.2802328425555511,-0.11967062085822386,0.0761563103821443,-0.010026168468850214,0.9898376810559498,-0.016000000200456953,-0.22496149849670624,0.2802328435699107,-0.11967062078583131,0.07615631037864684,-0.010026168448578662,0.9898376810651763,-0.01599934871609208,-0.2249596935847386,0.2802324543849141,-0.11650234828483745,0.07301423558205478,-0.009617843399082891,0.9904562692692885,-0.01599934871609208,-0.2249596935847386,0.2802324543849141,-0.11650234828483745,0.07301423558205478,-0.009617843399082891,0.9904562692692885,0.0010059261286556906,-0.5244893617923607,0.776918345255821,0.005487793575164332,0.49319126943663155,0.15884357354541417,0.001273871727207904,-0.524720823799428,0.7742990956945661,0.007046853579963242,0.48391370689802193,0.15394293825910374,0.001273871727207904,-0.524720823799428,0.7742990956945661,0.007046853579963242,0.48391370689802193,0.15394293825910374,-0.0021861864946028046,0.0018525753298485668,0.023976975927439043,-0.013301741454467483,0.08423916140406999,0.045351811191972215,-0.0020806881928715376,0.002096872786662832,-0.001380135663889484,-0.007262760970263909,0.0008526351637822468,-0.0066715109701910354,0.0,True,False,1,True,True,0.0038835000013932586,4,1.0510448656499873e-09,1.5164405818200363e-10,`gtol` termination condition is satisfied.,True,True,0.009999999999999787,0.009276637275496602,1.0,1.9579591543575364e-06,0.009046546360799245,1.957865009089765e-06,0.00904654647325507
12.769999999999772,1786132515.429613,0.007808199996361509,0.006747399995219894,0.01,TELEOP,0,,0.0,12.769999999999772,1277,0.0,0.0,0.0,0.013447675831044451,0.160575067041138,0.0,0.9869320178510156,1.1762850097170151e-35,2.4601742374582827e-27,4.961466529193687e-15,0.019256449325322427,0.1549089499329037,-1.2739375526704677e-18,0.9877410624197348,-0.016000000000000007,-0.22496149868535126,0.2802328425555509,-0.12055030467963786,0.07702827526117721,-0.010140964822983387,0.9896622806212197,-0.016000000000000007,-0.22496149868535126,0.2802328425555509,-0.11995853310628177,0.07644168891596954,-0.010063739265586137,0.989780450242708,-0.016000000199168623,-0.2249614984963863,0.2802328435698861,-0.11995853303388015,0.07644168891247836,-0.0100637392453845,0.9897804502519578,-0.015999344435381223,-0.22495969348244685,0.2802324529538309,-0.11679031839300712,0.07329990271176129,-0.009655410834884852,0.9904008879406945,-0.015999344435381223,-0.22495969348244685,0.2802324529538309,-0.11679031839300712,0.07329990271176129,-0.009655410834884852,0.9904008879406945,0.0009815798048497563,-0.5244683116085013,0.7771564347015769,0.005346599689559264,0.4940346697090155,0.159289650126309,0.001251801879324336,-0.5247020883020229,0.7745387272725608,0.006913113631280598,0.4847561836748578,0.1543957931385524,0.001251801879324336,-0.5247020883020229,0.7745387272725608,0.006913113631280598,0.4847561836748578,0.1543957931385524,-0.0022069847883568394,0.0018735497405047285,0.02396315779946551,-0.01337399486826462,0.08424767768358747,0.04528548794486707,-0.002079829375403546,0.00209744106561621,-0.001381812797353477,-0.007225341379713862,0.0008516279517474061,-0.006632324710514545,0.0,True,False,1,True,True,0.003422400011913851,4,1.0508338268038133e-09,1.5162908153800019e-10,`gtol` termination condition is satisfied.,True,True,0.009999999999999787,0.009277562538609618,1.0,1.959765896489881e-06,0.009046571603154632,1.9596713999325203e-06,0.00904657171561321
12.779999999999772,1786132515.436641,0.006964700005482882,0.006810300008510239,0.01,TELEOP,0,,0.0,12.779999999999772,1278,0.0,0.0,0.0,0.012863059246787436,0.1611446864596333,0.0,0.9868469646974856,1.0688340875606381e-35,2.2354429960528944e-27,4.508248006974882e-15,0.018671940219017143,0.1554796269273309,-1.1519648082658485e-18,0.9876626166151048,-0.016000000000000007,-0.22496149868535129,0.2802328425555508,-0.12083820015015945,0.07731356925687181,-0.010178524490063269,0.989604536687478,-0.016000000000000007,-0.22496149868535129,0.2802328425555508,-0.12024643988530274,0.07672703980476075,-0.010101306422784284,0.9897230514978734,-0.0160000001978873,-0.2249614984960665,0.28023284356986145,-0.12024643981289224,0.07672703980127583,-0.01010130640265207,0.9897230515071466,-0.015999340185182984,-0.22495969337552849,0.28023245153434295,-0.11707828368279123,0.07358554281286389,-0.009692974973684047,0.9903453385637697,-0.015999340185182984,-0.22495969337552849,0.28023245153434295,-0.11707828368279123,0.07358554281286389,-0.009692974973684047,0.9903453385637697,0.0009570265612062249,-0.5244470509645802,0.7773943838478109,0.005204724353175858,0.4948781532379098,0.15973510638442537,0.0012295241346108009,-0.5246831430034472,0.7747782205008285,0.006778654863890226,0.48559874550892296,0.15484798867558777,0.0012295241346108009,-0.5246831430034472,0.7747782205008285,0.006778654863890226,0.48559874550892296,0.15484798867558777,-0.0022277744713535687,0.0018945298575756522,0.023949322826767074,-0.013445876739037525,0.08425618340651907,0.04521955370353994,-0.002078968299672953,0.0020980117070924314,-0.0013834972698438474,-0.007188187077290667,0.0008505722931601244,-0.006593424132713549,0.0,True,False,1,True,True,0.0034217000065837055,4,1.0506256112117782e-09,1.5161432659441815e-10,`gtol` termination condition is satisfied.,True,True,0.009999999999999787,0.009278486034157707,1.0,1.9615730357016687e-06,0.009046596534536658,1.9614782012694075e-06,0.009046596646997829
12.789999999999772,1786132515.4436474,0.00703389999398496,0.006783099990570918,0.01,TELEOP,0,,0.0,12.789999999999772,1279,0.0,0.0,0.0,0.012278433999557498,0.16171419735090936,0.0,0.9867612469253491,9.711985592729915e-36,2.0312404351347e-27,4.096429951266144e-15,0.018087418537595563,0.15605019920982172,-1.0164395367051604e-18,0.9875835056425462,-0.016000000000000007,-0.22496149868535134,0.28023284255555064,-0.12112609000518058,0.07759883545715292,-0.010216080497807542,0.989546624851509,-0.016000000000000007,-0.22496149868535134,0.28023284255555064,-0.1205343411471009,0.07701236299905324,-0.010138869933932506,0.9896654848311116,-0.016000000196612883,-0.22496149849574687,0.2802328435698364,-0.12053434107468121,0.07701236299557455,-0.010138869913869182,0.9896654848404081,-0.01599933596540462,-0.22495969326337703,0.280232450127602,-0.11736624411990175,0.07387115584320039,-0.009730535810942393,0.9902896211454553,-0.01599933596540462,-0.22495969326337703,0.280232450127602,-0.11736624411990175,0.07387115584320039,-0.009730535810942393,0.9902896211454553,0.0009322664872598502,-0.5244255798027638,0.777632192519111,0.005062171002104597,0.49572171988483293,0.16017994591645404,0.0012070385794056787,-0.5246639878464147,0.7750175752102008,0.006643480966964429,0.48644139228998207,0.1552995287320429,0.0012070385794056787,-0.5246639878464147,0.7750175752102008,0.006643480966964429,0.48644139228998207,0.1552995287320429,-0.0022485555205122645,0.0019155157032522468,0.02393547093723268,-0.013517389692579972,0.0842646781059133,0.04515400564551319,-0.0020781049158696166,0.0020985845676594964,-0.0013851889534391658,-0.007151295354244899,0.0008494699394228968,-0.006554805802675158,0.0,True,False,1,True,True,0.0035128000017721206,4,1.0504199608990912e-09,1.5160041550383161e-10,`gtol` termination condition is satisfied.,True,True,0.009999999999999787,0.009279407728986833,1.0,1.963380706576377e-06,0.009046621124227713,1.963285548274504e-06,0.009046621236692042
12.799999999999772,1786132515.4542599,0.007005299994489178,0.010390399998868816,0.01,TELEOP,0,,0.0,12.799999999999772,1280,0.0,0.0,0.0,0.011693800483086244,0.16228359933141373,0.0,0.9866748645923352,8.824818112665427e-36,1.845691307097226e-27,3.7222305249552854e-15,0.01750288467471931,0.1566206663961091,-9.622294280808852e-19,0.9875037295553382,-0.016000000000000007,-0.22496149868535137,0.28023284255555053,-0.12141397419654082,0.07788407381254682,-0.010253632839702874,0.9894885451230612,-0.016000000000000007,-0.22496149868535137,0.28023284255555053,-0.12082223684349873,0.07729765844937947,-0.010176429792518272,0.9896077502521161,-0.016000000195345348,-0.22496149849542735,0.28023284356981143,-0.12082223677107017,0.07729765844590701,-0.010176429772523346,0.9896077502614359,-0.015999331775937074,-0.2249596931454798,0.2802324487345529,-0.1176541996678144,0.07415674175953306,-0.009768093341595589,0.9902337356930463,-0.015999331775937074,-0.2249596931454798,0.2802324487345529,-0.1176541996678144,0.07415674175953306,-0.009768093341595589,0.9902337356930463,0.000907299672909599,-0.524403898065351,0.7778698605398779,0.004918943049765403,0.49656536951152996,0.1606241722966682,0.0011843453002836496,-0.524644622773433,0.7752567912308037,0.006507595603690789,0.48728412390332476,0.1557504171418811,0.0011843453002836496,-0.524644622773433,0.7752567912308037,0.006507595603690789,0.48728412390332476,0.1557504171418811,-0.002269327912202964,0.0019365072981642963,0.02392160206029467,-0.013588536327364297,0.08427316133427323,0.045088840983821335,-0.002077239169069998,0.002099159491204997,-0.0013868876938012004,-0.007114663478432589,0.000848322835993176,-0.006516466169185648,0.0,True,False,1,True,True,0.00536709999141749,4,1.0502171699270079e-09,1.5158644704088344e-10,`gtol` termination condition is satisfied.,True,True,0.009999999999999787,0.009280327594850868,1.0,1.96518900358669e-06,0.0090466453463287,1.96509353575227e-06,0.00904664545879586
12.809999999999771,1786132515.4636195,0.010795900001539849,0.008953700002166443,0.01,TELEOP,0,,0.0,12.809999999999771,1281,0.0,0.0,0.0,0.011109159091110876,0.16285289201766728,-3.469446951953614e-18,0.9865878177566204,8.018691335366514e-36,1.6770916638769858e-27,3.3822133530262937e-15,0.016918339024058246,0.15719102810199687,-1.179069862577986e-18,0.987423288407208,-0.016000000000000007,-0.2249614986853514,0.2802328425555505,-0.12170185267608805,0.07816928427357712,-0.010291181509235565,0.9894302975119109,-0.016000000000000007,-0.2249614986853514,0.2802328425555505,-0.12111012692632692,0.07758292610626893,-0.010213985992028675,0.9895498477706077,-0.016000000194084613,-0.22496149849510771,0.28023284356978617,-0.12111012685388947,0.0775829261028027,-0.010213985972101654,0.9895498477799507,-0.015999327616655994,-0.22495969302141441,0.28023244735594344,-0.11794215028787497,0.07444230051759447,-0.009805647560075343,0.9901776822141812,-0.015999327616655994,-0.22495969302141441,0.28023244735594344,-0.11794215028787497,0.07444230051759447,-0.009805647560075343,0.9901776822141812,0.0008821262084184153,-0.5243820056947724,0.7781073877343335,0.004775043887090109,0.497409101979973,0.16106778907710606,0.0011614443840616143,-0.5246250477268203,0.7754958683920754,0.006371002411546892,0.48812694022997677,0.15620065771156072,0.0011614443840616143,-0.5246250477268203,0.7754958683920754,0.006371002411546892,0.48812694022997677,0.15620065771156072,-0.0022900916222035736,0.00195750466127602,0.023907716127165815,-0.013659319214389965,0.08428163266520064,0.045024056967964673,-0.0020763710000610094,0.002099736311172435,-0.0013885933128852772,-0.007078288702566935,0.0008471330927404171,-0.006478401585666092,0.0,True,False,1,True,True,0.00482120001106523,4,1.0500169230486629e-09,1.515727976701951e-10,`gtol` termination condition is satisfied.,True,True,0.009999999999999787,0.009281245608205202,1.0,1.9669979826787686e-06,0.009046669179536703,1.966902220251115e-06,0.009046669292006817
12.819999999999771,1786132515.4704623,0.009174600010737777,0.0066217999992659315,0.01,TELEOP,0,,0.0,12.819999999999771,1282,0.0,0.0,0.0,0.010524510217373747,0.16342207502626468,0.0,0.9865001064768287,7.286202379582095e-36,1.5238932091353857e-27,3.073255965393766e-15,0.016333781979290158,0.15776128394335973,-1.0706496453294358e-18,0.9873421822523313,-0.016000000000000007,-0.2249614986853514,0.28023284255555037,-0.12198972539567851,0.07845446679076445,-0.010328726499891536,0.9893718820278623,-0.016000000000000007,-0.2249614986853514,0.28023284255555037,-0.1213980113474245,0.07786816592024827,-0.010251538525950418,0.9894917773963351,-0.016000000192830665,-0.22496149849478828,0.2802328435697606,-0.12139801127497812,0.07786816591678822,-0.010251538506090797,0.9894917774057014,-0.015999323487422727,-0.22495969289084394,0.2802324459923362,-0.11823009593941253,0.07472783207213661,-0.009843198460333448,0.9901214607168286,-0.015999323487422727,-0.22495969289084394,0.2802324459923362,-0.11823009593941253,0.07472783207213661,-0.009843198460333448,0.9901214607168286,0.0008567461844119982,-0.5243599026335873,0.7783447739265168,0.004630476882701042,0.498252917152355,0.16151079978775,0.0011383359178049597,-0.5246052626487222,0.7757348065227858,0.006233705002575779,0.48896984114692427,0.15665025422040726,0.0011383359178049597,-0.5246052626487222,0.7757348065227858,0.006233705002575779,0.48896984114692427,0.15665025422040726,-0.0023108466256655086,0.0019785078098036733,0.023893813071041853,-0.01372974089711153,0.08429009169475211,0.04495965088465461,-0.0020755003461935613,0.002100314852765359,-0.0013903056123961677,-0.0070421682721565106,0.0008459029551481645,-0.0064406083310064935,0.0,True,False,1,True,True,0.0033925000025192276,4,1.049819187967213e-09,1.5155966918313735e-10,`gtol` termination condition is satisfied.,True,True,0.009999999999999787,0.009282161749996243,1.0,1.9688076648805513e-06,0.009046692606912234,1.9687116226582042e-06,0.009046692719385569
12.829999999999771,1786132515.4774485,0.006837799999630079,0.006770500011043623,0.01,TELEOP,0,,0.0,12.829999999999771,1283,0.0,0.0,0.0,0.00993985425562241,0.1639911479738742,-3.469446951953614e-18,0.9864117308120316,6.62062460018624e-36,1.3846890798327174e-27,2.7925211224116192e-15,0.015749213934100517,0.15833143353614373,-1.260385025514399e-18,0.9872604111453309,-0.016000000000000007,-0.22496149868535142,0.2802328425555503,-0.1222775923071767,0.07873962131462645,-0.010366267805156313,0.989313298680747,-0.016000000000000007,-0.22496149868535142,0.2802328425555503,-0.12168589005863882,0.07815337784184122,-0.010289087387769829,0.9894335391390744,-0.016000000191583385,-0.22496149849446892,0.2802328435697349,-0.12168588998618361,0.07815337783838738,-0.010289087367977134,0.9894335391484639,-0.01599931938808532,-0.22495969275351252,0.2802324446441206,-0.11851803657985593,0.07501333637698258,-0.009880746035867166,0.9900650712092738,-0.01599931938808532,-0.22495969275351252,0.2802324446441206,-0.11851803657985593,0.07501333637698258,-0.009880746035867166,0.9900650712092738,0.0008311596918795623,-0.5243375888244928,0.7785820189402877,0.004485245383092183,0.49909681489108,0.1619532079367081,0.0011150199888341,-0.5245852674811308,0.7759736054510585,0.006095706963661401,0.4898128265273494,0.1570992104209909,0.0011150199888341,-0.5245852674811308,0.7759736054510585,0.006095706963661401,0.4898128265273494,0.1570992104209909,-0.0023315928970860196,0.001999516759146027,0.023879892827275765,-0.013799803891438065,0.0842985380425198,0.04489562005836452,-0.002074627142051141,0.0021008949342354137,-0.0013920243766088933,-0.0070062994326536695,0.0008446347767686093,-0.006403082629008981,0.0,True,False,1,True,True,0.003507999994326383,4,1.0496240576260916e-09,1.5154670761014478e-10,`gtol` termination condition is satisfied.,True,True,0.009999999999999787,0.009283076005430713,1.0,1.9706180376519447e-06,0.009046715615636672,1.970521730676735e-06,0.00904671572811304
12.83999999999977,1786132515.484677,0.007236399993416853,0.006762299992260523,0.01,TELEOP,0,,0.0,12.83999999999977,1284,0.0,0.0,0.0,0.009355191599609097,0.1645601104772385,3.469446951953614e-18,0.9863226908217482,6.015845815568089e-36,1.2582009266225657e-27,2.5374307597304338e-15,0.015164635282182225,0.15890147649636654,-8.267041565201971e-19,0.9871779751412778,-0.016000000000000007,-0.22496149868535145,0.2802328425555502,-0.12256545336245553,0.07902474779567811,-0.010403805418515068,0.9892545474804243,-0.016000000000000007,-0.22496149868535145,0.2802328425555502,-0.1219737630118255,0.07843856182156861,-0.010326632570972853,0.9893751330086294,-0.016000000190342742,-0.2249614984941498,0.28023284356970896,-0.12197376293936135,0.07843856181812094,-0.01032663255124658,0.9893751330180424,-0.0159993153184796,-0.22495969260924076,0.28023244331152425,-0.11880597216485515,0.07529881338508063,-0.00991829027974594,0.9900085137001041,-0.0159993153184796,-0.22495969260924076,0.28023244331152425,-0.11880597216485515,0.07529881338508063,-0.00991829027974594,0.9900085137001041,0.0008053668221721825,-0.5243150642103184,0.7788191225993308,0.0043393527128033705,0.4999407950587629,0.1623950170103884,0.0010914966847312153,-0.5245650621659024,0.7762122650043938,0.005957011856803374,0.49065589624087397,0.15754753003950783,0.0010914966847312153,-0.5245650621659024,0.7762122650043938,0.005957011856803374,0.49065589624087397,0.15754753003950783,-0.0023523304102885155,0.0020205315228369112,0.02386595533352522,-0.013869510685802968,0.08430697135245804,0.04483196185169351,-0.0020737513202496614,0.002101476369088452,-0.0013937493750547716,-0.006970679436490469,0.000843330993825081,-0.006365820667100902,0.0,True,False,1,True,True,0.003420599998207763,4,1.0494314736583114e-09,1.51534393783247e-10,`gtol` termination condition is satisfied.,True,True,0.009999999999999787,0.009283988363730566,1.0,1.9724290577876837e-06,0.009046738196756925,1.972332500939915e-06,0.009046738309236788
12.84999999999977,1786132515.4917638,0.006975500000407919,0.0068738999980269,0.01,TELEOP,0,,0.0,12.84999999999977,1285,0.0,0.0,0.0,0.00877052264309067,0.16512896215317446,-3.469446951953616e-18,0.9862329865659446,5.4663121778072185e-36,1.143267174422385e-27,2.305642313231975e-15,0.014580046417235336,0.15947141244011753,-1.0164395367051604e-18,0.9870948742956906,-0.016000000000000007,-0.22496149868535148,0.28023284255555014,-0.12285330851339621,0.07930984618443142,-0.010441339333452582,0.9891956284367809,-0.016000000000000007,-0.22496149868535148,0.28023284255555014,-0.1222616301588485,0.07872371780994845,-0.010364174069045062,0.9893165590148318,-0.016000000189108684,-0.22496149849383057,0.28023284356968287,-0.1222616300863756,0.07872371780650697,-0.010364174049384741,0.989316559024268,-0.015999311278430184,-0.2249596924579204,0.28023244199462544,-0.11909390264840461,0.0755842630485597,-0.009955831184638891,0.9899517881981938,-0.015999311278430184,-0.2249596924579204,0.28023244199462544,-0.11909390264840461,0.0755842630485597,-0.009955831184638891,0.9899517881981938,0.0007793676670029845,-0.5242923287340309,0.7790560847271538,0.0041928021745968064,0.5007848575182203,0.1628362304736763,0.0010677660933471251,-0.5245446466447773,0.7764507850096924,0.005817623219390415,0.4914990501538086,0.1579952167761634,0.0010677660933471251,-0.5245446466447773,0.7764507850096924,0.005817623219390415,0.4914990501538086,0.1579952167761634,-0.002373059138409077,0.002041552112511271,0.02385200052987037,-0.01393886374129617,0.08431539129346595,0.04476867366555826,-0.0020728728120561735,0.002102058967436019,-0.0013954803654849027,-0.0069353055493202205,0.0008419941007913045,-0.006328818613525178,0.0,True,False,1,True,True,0.0035749999951804057,4,1.0492414064282425e-09,1.5152208139664741e-10,`gtol` termination condition is satisfied.,True,True,0.009999999999999787,0.00928489881788891,1.0,1.974240653637936e-06,0.009046760344929052,1.974143862002298e-06,0.009046760457412137
12.85999999999977,1786132515.499003,0.007127699995180592,0.006985300002270378,0.01,TELEOP,0,,0.0,12.85999999999977,1286,0.0,0.0,0.0,0.008185847779828087,0.1656977026185735,0.0,0.9861426181050347,4.9669771701789886e-36,1.0388323553538719e-27,2.0950272066263308e-15,0.013995447732966782,0.16004124098355815,-9.215718466126788e-19,0.987011108664536,-0.016000000000000007,-0.22496149868535148,0.2802328425555501,-0.12314115771188827,0.07959491643139553,-0.010478869543453265,0.9891365415597315,-0.016000000000000007,-0.22496149868535148,0.2802328425555501,-0.12254949145158016,0.07900884575749587,-0.010401711875471646,0.9892578171675406,-0.016000000187881145,-0.2249614984935115,0.28023284356965655,-0.12254949137909821,0.07900884575406057,-0.010401711855876782,0.989257817177,-0.015999307267751575,-0.22495969229950974,0.280232440693365,-0.11938182798296687,0.07586968531878582,-0.00999336874284296,0.9898948947126879,-0.015999307267751575,-0.22495969229950974,0.280232440693365,-0.11938182798296687,0.07586968531878582,-0.00999336874284296,0.9898948947126879,0.0007531623184465321,-0.5242693823387305,0.7792929051470917,0.00404559704963007,0.50162900213247,0.16327685177010737,0.0010438283028082328,-0.5245240208593984,0.7766891652932816,0.005677544564471867,0.49234228812940606,0.15844227430555563,0.0010438283028082328,-0.5245240208593984,0.7766891652932816,0.005677544564471867,0.49234228812940606,0.15844227430555563,-0.0023937790538892875,0.0020625785378900123,0.02383802835890844,-0.01400786549185506,0.0843237975597475,0.044705752939222826,-0.002071991548021098,0.002102642537874187,-0.0013972170961932227,-0.00690017505588922,0.0008406266281549049,-0.00629207263354367,0.0,True,False,1,True,True,0.003710100005264394,4,1.0490537766707028e-09,1.5151069646282613e-10,`gtol` termination condition is satisfied.,True,True,0.009999999999999787,0.009285807364411702,1.0,1.9760527280974944e-06,0.00904678205815474,1.975955716370981e-06,0.009046782170641606
12.86999999999977,1786132515.5064473,0.007206200010841712,0.007224000000860542,0.01,TELEOP,0,,0.0,12.86999999999977,1287,0.0,0.0,0.0,0.007601167403586323,0.16626633149040224,-3.469446951953614e-18,0.9860515854998796,4.5132552636201346e-36,9.439374160946286e-28,1.9036513041574254e-15,0.01341083962309012,0.16061096174292225,-1.111307226797642e-18,0.9869266783042281,-0.016000000000000007,-0.2249614986853515,0.28023284255555003,-0.12342900090982975,0.07987995848707675,-0.010516396042001143,0.989077286859218,-0.016000000000000007,-0.2249614986853515,0.28023284255555003,-0.1228373468419011,0.07929394561472305,-0.010439245983737416,0.9891989074766424,-0.016000000186660077,-0.22496149849319252,0.28023284356962985,-0.12283734676941034,0.07929394561129391,-0.010439245964207545,0.9891989074861252,-0.015999303286249225,-0.22495969213402853,0.28023243940755865,-0.11966974811959766,0.07615508014641921,-0.010030902946311423,0.989837833252986,-0.015999303286249225,-0.22495969213402853,0.28023243940755865,-0.11966974811959766,0.07615508014641921,-0.010030902946311423,0.989837833252986,0.0007267508689380533,-0.5242462249676573,0.7795295836823097,0.0038977405976270783,0.5024732287647243,0.1637168843220388,0.001019683401523483,-0.5245031847513306,0.7769274056809399,0.0055367793810267765,0.4931856100281157,0.1588887062770574,0.001019683401523483,-0.5245031847513306,0.7769274056809399,0.0055367793810267765,0.4931856100281157,0.1588887062770574,-0.0024144901284750267,0.0020836108067749763,0.02382403876582451,-0.014076518344509351,0.08433218987096179,0.04464319715017868,-0.0020711074585739574,0.002103226888496461,-0.0013989593083929323,-0.006865285265429301,0.0008392311214288721,-0.006255578904415122,0.0,True,False,1,True,True,0.003369800004293211,4,1.0488684082706762e-09,1.5149926547710853e-10,`gtol` termination condition is satisfied.,True,True,0.009999999999999787,0.009286714003063912,1.0,1.9778651601657715e-06,0.009046803337520374,1.9777679429204897e-06,0.009046803450010852
12.87999999999977,1786132515.514038,0.007471899996744469,0.007342600001720712,0.01,TELEOP,0,,0.0,12.87999999999977,1288,0.0,0.0,0.0,0.007016481908134088,0.16683484838570226,0.0,0.9859598888117876,4.100979806569319e-36,8.577109106308921e-28,1.729757148908795e-15,0.012826222481325261,0.16118057433451619,-1.0028870095490918e-18,0.9868415832716289,-0.016000000000000007,-0.2249614986853515,0.28023284255555,-0.12371683805912687,0.08016497230197858,-0.01055391882257988,0.9890178643452106,-0.016000000000000007,-0.2249614986853515,0.28023284255555,-0.12312519628170036,0.07957901733213946,-0.010476776387326813,0.9891398299520517,-0.01600000018544541,-0.22496149849287356,0.28023284356960304,-0.12312519620920091,0.07957901732871643,-0.010476776367861476,0.9891398299615578,-0.015999299333720508,-0.2249596919615523,0.28023243813690873,-0.11995766300807052,0.07644044748147173,-0.010068433786682646,0.9897806038287262,-0.015999299333720508,-0.2249596919615523,0.28023243813690873,-0.11995766300807052,0.07644044748147173,-0.010068433786682646,0.9897806038287262,0.0007001334112737434,-0.5242228565641891,0.7797661201557992,0.0037492360570498986,0.5033175372783797,0.16415633153082188,0.0009953314781912838,-0.52448213826208,0.7771655059979242,0.005395331134230049,0.4940290157078374,0.15933451631519627,0.0009953314781912838,-0.52448213826208,0.7771655059979242,0.005395331134230049,0.4940290157078374,0.15933451631519627,-0.002435192333219982,0.002104648925058673,0.02381003169843586,-0.01414482467967307,0.0843405679721761,0.044581003813889124,-0.0020702204744955884,0.002103811828369703,-0.001400706738865157,-0.0068306335163719305,0.0008378101214307626,-0.006219333628955671,0.0,True,False,1,True,True,0.003903600008925423,4,1.0486855460862705e-09,1.5148795442385381e-10,`gtol` termination condition is satisfied.,True,True,0.009999999999999787,0.00928761873660866,1.0,1.9796778082798057e-06,0.009046824186930862,1.9795803997910727e-06,0.009046824299424898
12.88999999999977,1786132515.521746,0.007582099991850555,0.007468499999959022,0.01,TELEOP,0,,0.0,12.88999999999977,1289,0.0,0.0,0.0,0.006431791687243643,0.16740325292159045,0.0,0.9858675281025143,3.726364761473604e-36,7.793609975319851e-28,1.5717478235991534e-15,0.012241596701398209,0.16175007837471916,-8.944667923005412e-19,0.9867558236240477,-0.016000000000000007,-0.22496149868535154,0.2802328425555499,-0.12400466911169439,0.08044995782660162,-0.010591437878672758,0.9889582740277061,-0.016000000000000007,-0.22496149868535154,0.2802328425555499,-0.12341303972287528,0.07986406086025157,-0.010514303079723895,0.9890805846037105,-0.016000000184237112,-0.22496149849255478,0.28023284356957606,-0.12341303965036707,0.07986406085683471,-0.010514303060322618,0.9890805846132399,-0.01599929540995578,-0.22495969178220845,0.2802324368810158,-0.12024557259699832,0.07672578727336368,-0.010105961255308618,0.9897232064497674,-0.01599929540995578,-0.22495969178220845,0.2802324368810158,-0.12024557259699832,0.07672578727336368,-0.010105961255308618,0.9897232064497674,0.0006733100386094729,-0.5241992770718404,0.7800025143903853,0.0036000866452651947,0.5041619275370209,0.16459519677696854,0.0009707726218063386,-0.5244608813331125,0.7774034660689965,0.005253203265715237,0.4948725050241739,0.15977970802003033,0.0009707726218063386,-0.5244608813331125,0.7774034660689965,0.005253203265715237,0.4948725050241739,0.15977970802003033,-0.002455885638494574,0.0021256928967479287,0.023796007107219703,-0.014212786851481462,0.08434893163364998,0.04451917048340689,-0.0020693305274592367,0.0021043971689256036,-0.0014024591216156394,-0.0067962171808392865,0.0008363661473882271,-0.006183333048223431,0.0,True,False,1,True,True,0.0035796000011032447,4,1.0485050844747017e-09,1.5147719585164163e-10,`gtol` termination condition is satisfied.,True,True,0.009999999999999787,0.009288521570542274,1.0,1.9814905117661294e-06,0.009046844612851554,1.9813929258332677e-06,0.009046844725349307
12.89999999999977,1786132515.5301938,0.0078003000089665875,0.008116000011796132,0.01,TELEOP,0,,0.0,12.89999999999977,1290,0.0,0.0,0.0,0.005847097134690172,0.16797154471525969,-3.469446951953615e-18,0.9857745034342627,3.3859699365767935e-36,7.081681682552845e-28,1.4281722856570561e-15,0.011656962677040786,0.1623194734799835,-1.0842021724855044e-18,0.9866693994192417,-0.016000000000000007,-0.22496149868535154,0.28023284255554987,-0.1242924940194554,0.08073491501144371,-0.010628953203762694,0.98889851591673,-0.016000000000000007,-0.22496149868535154,0.28023284255554987,-0.1237008771173316,0.0801490761495631,-0.010551826054412353,0.9890211714415884,-0.01600000018303513,-0.22496149849223612,0.2802328435695489,-0.12370087704481462,0.08014907614615235,-0.01055182603507467,0.9890211714511411,-0.015999291514739382,-0.22495969159617007,0.28023243563939026,-0.12053347683395516,0.07701109947098006,-0.01014348534328346,0.9896656411261735,-0.015999291514739382,-0.22495969159617007,0.28023243563939026,-0.12053347683395516,0.07701109947098006,-0.01014348534328346,0.9896656411261735,0.0006462808444607108,-0.5241754864342688,0.7802387662087261,0.003450295558712015,0.5050063994044083,0.16503348342031923,0.0009460069216663498,-0.5244394139058726,0.7776412857184497,0.005110399193833582,0.4957160778306784,0.16022428496751911,0.0009460069216663498,-0.5244394139058726,0.7776412857184497,0.005110399193833582,0.4957160778306784,0.16022428496751911,-0.002476570013998934,0.002146742723993737,0.02378196494531921,-0.014280407188165797,0.08435728065045302,0.044457694748879166,-0.0020684375504360334,0.0021049827245808767,-0.0014042161900490978,-0.006762033668433783,0.0008349016803040529,-0.0061475734527725754,0.0,True,False,1,True,True,0.004390600006445311,4,1.0483269979316497e-09,1.5146676697191215e-10,`gtol` termination condition is satisfied.,True,True,0.009999999999999787,0.009289422512847034,1.0,1.9833030936380587e-06,0.009046864624050311,1.9832053436845127e-06,0.009046864736551962
12.90999999999977,1786132515.5375063,0.008395900003961287,0.007032699999399483,0.01,TELEOP,0,,0.0,12.90999999999977,1291,0.0,0.0,0.0,0.005262398644252126,0.1685397233839784,0.0,0.9856808148696824,3.076669393703708e-36,6.43478639703757e-28,1.297712041902663e-15,0.011072320801990393,0.1628887592668349,-9.622294280808854e-19,0.9865823107154157,-0.016000000000000007,-0.22496149868535154,0.28023284255554987,-0.1245803127343413,0.0810198438069998,-0.010666464791332217,0.9888385900223344,-0.016000000000000007,-0.22496149868535154,0.28023284255554987,-0.12398870841698348,0.08043406315057491,-0.0105893453048755,0.9889615904756827,-0.01600000018183937,-0.22496149849191746,0.28023284356952155,-0.12398870834445777,0.0804340631471703,-0.010589345285600965,0.9889615904852587,-0.01599928764785057,-0.2249596914036519,0.28023243441146367,-0.12082137566559373,0.07729638402272597,-0.01018100604147136,0.9896079078681963,-0.01599928764785057,-0.2249596914036519,0.28023243441146367,-0.12082137566559373,0.07729638402272597,-0.01018100604147136,0.9896079078681963,0.0006190459227023563,-0.5241514845952716,0.780474875433316,0.003299865973067422,0.5058509527444778,0.16547119480020953,0.0009210344673785546,-0.5244177359218012,0.7778789647701351,0.004966922313908967,0.4965597339790978,0.16066825070988863,0.0009210344673785546,-0.5244177359218012,0.7778789647701351,0.004966922313908967,0.4965597339790978,0.16066825070988863,-0.0024972454287795734,0.00216779840713381,0.02376790516853306,-0.014347687992461812,0.08436561484194262,0.04439657423695202,-0.0020675414780639903,0.002105568314007327,-0.0014059776786151611,-0.00672808042960168,0.0008334191489599528,-0.006112051192714493,0.0,True,False,1,True,True,0.0035733999975491315,4,1.0481511683905013e-09,1.514566245801419e-10,`gtol` termination condition is satisfied.,True,True,0.009999999999999787,0.009290321573729887,1.0,1.9851153621458386e-06,0.009046884231346475,1.9850174613127256e-06,0.009046884343852025
12.919999999999769,1786132515.5452824,0.007271599999512546,0.007536400007666089,0.01,TELEOP,0,,0.0,12.919999999999769,1292,0.0,0.0,0.0,0.004677696609710237,0.16910778854509154,0.0,0.9855864624718707,2.795622741920484e-36,5.846983503581216e-28,1.1791690404665834e-15,0.010487671469989693,0.16345793535187264,-8.267041565201971e-19,0.9864945575712218,-0.016000000000000007,-0.22496149868535156,0.2802328425555498,-0.1248681252082921,0.08130474416376203,-0.010703972634863508,0.9887784963546,-0.016000000000000007,-0.22496149868535156,0.2802328425555498,-0.12427653357375336,0.080719021813785,-0.010626860824596275,0.988901841716018,-0.016000000180649815,-0.22496149849159883,0.2802328435694939,-0.12427653350121909,0.0807190218103865,-0.010626860805384442,0.9889018417256173,-0.015999283809064492,-0.22495969120490505,0.2802324331965987,-0.12110926903775868,0.07758164087658063,-0.010218523340533884,0.9895500066862595,-0.015999283809064492,-0.22495969120490505,0.2802324331965987,-0.12110926903775868,0.07758164087658063,-0.010218523340533884,0.9895500066862595,0.0005916053675677097,-0.524127271498787,0.7807108418864843,0.00314880104340897,0.5066955874213346,0.1659083342356323,0.000895855348866056,-0.5243958473223538,0.7781165030474879,0.004822775998488487,0.4974034733196089,0.16111160877598946,0.000895855348866056,-0.5243958473223538,0.7781165030474879,0.004822775998488487,0.4974034733196089,0.16111160877598946,-0.0025179118512499176,0.0021888599447436098,0.02375382773528673,-0.014414631542048324,0.08437393405111182,0.04433580661008357,-0.0020666422470344537,0.0021061537609800237,-0.0014077433246334134,-0.006694354958651346,0.0008319209169209418,-0.006076762686844812,0.0,True,False,1,True,True,0.004015099999378435,4,1.0479776258233868e-09,1.514465265722401e-10,`gtol` termination condition is satisfied.,True,True,0.009999999999999787,0.009291218765379972,1.0,1.9869271136296678e-06,0.009046903447367544,1.9868290745535403e-06,0.009046903559876935
12.929999999999769,1786132515.5521352,0.007765299989841878,0.006623900000704452,0.01,TELEOP,0,,0.0,12.929999999999769,1293,0.0,0.0,0.0,0.004092991424847869,0.16967573981602033,0.0,0.9854914463043717,2.540249053452787e-36,5.312875048484887e-28,1.0714546687540021e-15,0.0099030150747864,0.16402700135176987,-7.453889935837843e-19,0.9864061400457598,-0.016000000000000007,-0.22496149868535156,0.2802328425555498,-0.1251559313932561,0.08158961603221974,-0.010741476727838354,0.9887182349236343,-0.016000000000000007,-0.22496149868535156,0.2802328425555498,-0.12456435253957218,0.08100395208968857,-0.010664372607057245,0.9888419251726468,-0.016000000179466407,-0.22496149849128036,0.280232843569466,-0.12456435246702906,0.08100395208629618,-0.01066437258790763,0.9888419251822695,-0.015999279998153,-0.2249596910002127,0.2802324319941004,-0.12139715689559905,0.07786686998014974,-0.010256037230956793,0.9894919375909422,-0.015999279998153,-0.2249596910002127,0.2802324319941004,-0.12139715689559905,0.07786686998014974,-0.010256037230956793,0.9894919375909422,0.0005639592736481208,-0.524102847088897,0.7809466653904006,0.0029971039043769354,0.507540303299247,0.16634490502540084,0.0008704696563739189,-0.5243737480490168,0.7783539003735538,0.0046779635975883836,0.4982472957010471,0.16155436267164724,0.0008704696563739189,-0.5243737480490168,0.7783539003735538,0.0046779635975883836,0.4982472957010471,0.16155436267164724,-0.0025385692492137677,0.0022099273336933065,0.023739732606591075,-0.014481240090010651,0.08438223814382345,0.04427538956577896,-0.0020657397963850773,0.0021067388949697224,-0.0014095128695652652,-0.006660854796232827,0.0008304092711628371,-0.006041704430461796,0.0,True,False,1,True,True,0.003377900007762946,4,1.047806197331603e-09,1.514373418909083e-10,`gtol` termination condition is satisfied.,True,True,0.009999999999999787,0.009292114101725701,1.0,1.9887381339337897e-06,0.009046922286309446,1.9886399685864077e-06,0.009046922398823154
12.939999999999769,1786132515.559517,0.006843200011644512,0.007162699999753386,0.01,TELEOP,0,,0.0,12.939999999999769,1294,0.0,0.0,0.0,0.0035082834834504477,0.1702435768142627,-3.469446951953615e-18,0.9853957664311767,2.308203162324725e-36,4.827556168667958e-28,9.73579756419405e-16,0.009318352010132983,0.16459595688327397,-1.0028870095490918e-18,0.9863170581985768,-0.016000000000000007,-0.22496149868535156,0.28023284255554975,-0.12544373124119,0.08187445936285946,-0.010778977063738183,0.9886578057395728,-0.016000000000000007,-0.22496149868535156,0.28023284255554975,-0.12485216526637932,0.081288853928778,-0.010701880645740609,0.9887818408556495,-0.016000000178289085,-0.22496149849096203,0.28023284356943795,-0.12485216519382772,0.0812888539253917,-0.010701880626652805,0.9887818408652954,-0.015999276214885602,-0.22495969078988526,0.28023243080322535,-0.12168503918367315,0.07815207128071625,-0.010293547703075797,0.9894337005929636,-0.015999276214885602,-0.22495969078988526,0.28023243080322535,-0.12168503918367315,0.07815207128071625,-0.010293547703075797,0.9894337005929636,0.0005361077358929775,-0.5240782113098265,0.781182345767072,0.0028447776703358135,0.5083851002426432,0.16678091044831012,0.0008448774804750089,-0.5243514380433247,0.7785911565710136,0.004532488438935146,0.4990912009711265,0.1619965158800048,0.0008448774804750089,-0.5243514380433247,0.7785911565710136,0.004532488438935146,0.4990912009711265,0.1619965158800048,-0.0025592175898910517,0.00223100056921217,0.023725619745985034,-0.014547515865324047,0.08439052700794655,0.04421532083575771,-0.002064834067728423,0.002107323551886385,-0.0014112860606040288,-0.006627577531339715,0.0008288864123096966,-0.006006873002125229,0.0,True,False,1,True,True,0.003886999998940155,4,1.0476371312552993e-09,1.5142776549809684e-10,`gtol` termination condition is satisfied.,True,True,0.009999999999999787,0.009293007598199954,1.0,1.990548200574483e-06,0.00904694076371196,1.9904499203876072e-06,0.009046940876229531
12.949999999999768,1786132515.5664015,0.007399399997666478,0.0066479000088293105,0.01,TELEOP,0,,0.0,12.949999999999768,1295,0.0,0.0,0.0,0.00292357317930525,0.17081129915739354,-3.469446951953614e-18,0.9852994229167237,2.0973541280624213e-36,4.386570048977569e-28,8.846454915465004e-16,0.008733682669786406,0.16516480156320654,-1.1926223897340549e-18,0.9862273120896674,-0.016000000000000007,-0.2249614986853516,0.28023284255554975,-0.12573152470405896,0.08215927410616489,-0.01081647363604406,0.9885972088125788,-0.016000000000000007,-0.2249614986853516,0.28023284255554975,-0.12513997170612243,0.08157372728154279,-0.010739384934128189,0.9887215887751335,-0.016000000177117817,-0.22496149849064373,0.2802328435694097,-0.12513997163356216,0.08157372727816259,-0.010739384915101732,0.9887215887848028,-0.015999272459030177,-0.22495969057425616,0.28023242962319134,-0.12197291584605027,0.0784372447252889,-0.010331054747101411,0.9893752957031674,-0.015999272459030177,-0.22495969057425616,0.28023242962319134,-0.12197291584605027,0.0784372447252889,-0.010331054747101411,0.9893752957031674,0.0005080508496087092,-0.5240533641059456,0.7814178828383491,0.0026918254355320177,0.5092299781161047,0.16721635376329538,0.0008190789120755478,-0.5243289172468751,0.7788282714622083,0.004386353828201602,0.49993518897665057,0.1624380718618554,0.0008190789120755478,-0.5243289172468751,0.7788282714622083,0.004386353828201602,0.49993518897665057,0.1624380718618554,-0.002579856839946172,0.0022520796449577722,0.02371148911946926,-0.01461346107335477,0.08439880055240807,0.04415559818506303,-0.002063925005512045,0.0021079075745602917,-0.0014130626515774375,-0.006594520803072428,0.0008273544461526404,-0.005972265069468091,0.0,True,False,1,True,True,0.0033964000031119213,4,1.0474702136937604e-09,1.514189307395685e-10,`gtol` termination condition is satisfied.,True,True,0.009999999999999787,0.009293899271516637,1.0,1.9923570842633903e-06,0.009046958896237186,1.9922587002769e-06,0.009046959008759013
12.959999999999768,1786132515.5738866,0.006901699991431087,0.00723170000128448,0.01,TELEOP,0,,0.0,12.959999999999768,1296,0.0,0.0,0.0,0.002338860906201085,0.1713789064630651,0.0,0.985202415825898,1.905765666688585e-36,3.985866994043989e-28,8.038351666141501e-16,0.008149007447507864,0.16573353500846397,-1.0706496453294358e-18,0.9861369017794734,-0.016000000000000007,-0.2249614986853516,0.2802328425555497,-0.12601931173383665,0.08244406021261697,-0.010853966438236665,0.9885364441528427,-0.016000000000000007,-0.2249614986853516,0.2802328425555497,-0.12542777181075768,0.08185857209846967,-0.01077688546570144,0.9886611689412341,-0.016000000175952513,-0.22496149849032557,0.2802328435693812,-0.12542777173818878,0.08185857209509555,-0.010776885446735891,0.9886611689509267,-0.015999268730353764,-0.22495969035367797,0.2802324284531861,-0.1222607868264073,0.0787223902606488,-0.010368558353142801,0.9893167229325073,-0.015999268730353764,-0.22495969035367797,0.2802324284531861,-0.1222607868264073,0.0787223902606488,-0.010368558353142801,0.9893167229325073,0.0004797887104589885,-0.5240283054217688,0.7816532764259259,0.0025382502742527856,0.5100749367843659,0.167651238209591,0.0007930740424203712,-0.5243061856013442,0.7790652448691626,0.004239563049237875,0.5007792595637123,0.16287903405596665,0.0007930740424203712,-0.5243061856013442,0.7790652448691626,0.004239563049237875,0.5007792595637123,0.16287903405596665,-0.002600486965517712,0.0022731645530906816,0.02369734069542843,-0.014679077896372994,0.08440705870617637,0.044096219411124155,-0.002063012557154076,0.002108490813290983,-0.0014148424040830803,-0.006561682301822501,0.0008258153768297277,-0.005937877393887651,0.0,True,False,1,True,True,0.0033691999997245148,4,1.0473054866918414e-09,1.514102825154084e-10,`gtol` termination condition is satisfied.,True,True,0.009999999999999787,0.00929478913945414,1.0,1.9941645508329136e-06,0.009046976701464194,1.9940660733559594e-06,0.0090469768139904
12.969999999999768,1786132515.5809915,0.007468900003004819,0.006867000003694557,0.01,TELEOP,0,,0.0,12.969999999999768,1297,0.0,0.0,0.0,0.0017541470579282572,0.17194639834900682,0.0,0.9851047452240315,1.7316783693005864e-36,3.6217672388275833e-28,7.30406678449273e-16,0.007564326737062523,0.16630215683601746,-9.893344823930226e-19,0.9860458273288841,-0.016000000000000007,-0.2249614986853516,0.2802328425555497,-0.1263070922825052,0.08272881763269381,-0.010891455463796326,0.9884755117705827,-0.016000000000000007,-0.2249614986853516,0.2802328425555497,-0.1257155655322497,0.08214338833004259,-0.010814382233941445,0.9886005813641143,-0.01600000017479313,-0.22496149849000738,0.28023284356935246,-0.12571556545967227,0.08214338832667453,-0.010814382215036382,0.9886005813738302,-0.015999265028623262,-0.22495969012851813,0.2802324272923757,-0.12254865206811982,0.07900750783339347,-0.010406058511230446,0.9892579822920329,-0.015999265028623262,-0.22495969012851813,0.2802324272923757,-0.12254865206811982,0.07900750783339347,-0.010406058511230446,0.9892579822920329,0.00045132141446328013,-0.5240030352019581,0.7818885263513404,0.002384055240979975,0.5109199761123037,0.16808556700688482,0.0007668629630978685,-0.5242832430485007,0.7793020766136081,0.004092119364297112,0.5016234125778841,0.16331940587939445,0.0007668629630978685,-0.5242832430485007,0.7793020766136081,0.004092119364297112,0.5016234125778841,0.16331940587939445,-0.0026211079322503265,0.002294255284351256,0.023683174444543986,-0.014744368494076562,0.08441530141718348,0.0440371823427792,-0.0020620966732615023,0.0021090731260574856,-0.0014166250884446673,-0.006529059770357006,0.0008242711007100159,-0.005903706834495491,0.0,True,False,1,True,True,0.0034871999960159883,4,1.0471427992979685e-09,1.514018131228745e-10,`gtol` termination condition is satisfied.,True,True,0.009999999999999787,0.009295677220653609,1.0,1.995970362570989e-06,0.009046994197691012,1.9958718015400304e-06,0.009046994310221495
12.979999999999768,1786132515.588273,0.007088199999998324,0.007060999996610917,0.01,TELEOP,0,,0.0,12.979999999999768,1298,0.0,0.0,0.0,0.0011694320282779338,0.17251377443302618,0.0,0.9850064111769031,1.573493544940406e-36,3.2909271563365197e-28,6.636857132917487e-16,0.0069796409322192485,0.1668706666629135,-9.0801931945661e-19,0.9859540887992363,-0.016000000000000007,-0.2249614986853516,0.28023284255554964,-0.12659486630205502,0.08301354631687075,-0.01092894070620299,0.9884144116760449,-0.016000000000000007,-0.2249614986853516,0.28023284255554964,-0.12600335282257147,0.0824281759267427,-0.010851875232328922,0.9885398260539646,-0.01600000017363966,-0.2249614984896894,0.2802328435693235,-0.1260033527499854,0.08242817592338077,-0.010851875213483901,0.9885398260637039,-0.015999261353606183,-0.22495968989915538,0.2802324261399123,-0.12283651151434843,0.07929259738997878,-0.010443555211337703,0.9891990737928761,-0.015999261353606183,-0.22495968989915538,0.2802324261399123,-0.12283651151434843,0.07929259738997878,-0.010443555211337703,0.9891990737928761,0.0004226490579971423,-0.5239775533913201,0.7821236324359765,0.002229243370546224,0.511765095964937,0.1685193433554748,0.0007404457660445972,-0.5242600895302193,0.779538766517005,0.003944026014255922,0.5024676478643961,0.16375919072778714,0.0007404457660445972,-0.5242600895302193,0.779538766517005,0.003944026014255922,0.5024676478643961,0.16375919072778714,-0.002641719705327192,0.0023153518281418353,0.02366899033969895,-0.014809335004119408,0.08442352865120492,0.043978484839270075,-0.0020611773076866,0.00210965437905798,-0.001418410484503585,-0.006496651004284802,0.0008227234021447594,-0.005869750350912957,0.0,True,False,1,True,True,0.003355499997269362,4,1.046982245107751e-09,1.5139396437624364e-10,`gtol` termination condition is satisfied.,True,True,0.009999999999999787,0.009296563534419544,1.0,1.9977742802895595e-06,0.009047011403747425,1.9976756447813033e-06,0.00904701151628248
12.989999999999768,1786132515.5955114,0.007320599994272925,0.006978199991863221,0.01,TELEOP,0,,0.0,12.989999999999768,1299,0.0,0.0,0.0,0.0005847162110421967,0.17308103433300842,-6.93889390390723e-18,0.9849074137507385,1.429758539381143e-36,2.990308552191515e-28,6.030595543879215e-16,0.006394950426750338,0.1674390641062739,-1.436567878543293e-18,0.9858616862523133,-0.016000000000000007,-0.2249614986853516,0.28023284255554964,-0.12688263374448527,0.0832982462156203,-0.01096642215893625,0.9883531438795026,-0.016000000000000007,-0.2249614986853516,0.28023284255554964,-0.1262911336337045,0.08271293483904826,-0.010889364454344222,0.9884789030210032,-0.016000000172492042,-0.2249614984893714,0.2802328435692945,-0.12629113356111019,0.08271293483569238,-0.01088936443555884,0.9884789030307658,-0.01599925770507112,-0.2249596896659763,0.28023242499494133,-0.1231243651081175,0.07957765887675797,-0.010481048443400916,0.9891399974462384,-0.01599925770507112,-0.2249596896659763,0.28023242499494133,-0.1231243651081175,0.07957765887675797,-0.010481048443400916,0.9891399974462384,0.00039377173779182547,-0.5239518599348125,0.7823585945010665,0.002073817678287949,0.5126102962074197,0.16895257043642153,0.0007138225435495653,-0.5242367249884933,0.7797753144005638,0.003795286218829497,0.5033119652683031,0.1641983919756793,0.0007138225435495653,-0.5242367249884933,0.7797753144005638,0.003795286218829497,0.5033119652683031,0.1641983919756793,-0.002662322249503239,0.002336454172606941,0.023654788355877816,-0.01487397954264277,0.08443174039070422,0.043920124789215906,-0.002060254417604771,0.002110234446510584,-0.001420198382113437,-0.006464453852336362,0.0008211739499303095,-0.005836005005417355,0.0,True,False,1,True,True,0.003519000005326234,4,1.046823956284053e-09,1.5138567391640754e-10,`gtol` termination condition is satisfied.,True,True,0.009999999999999787,0.009297448100540895,1.0,1.9995760637971016e-06,0.009047028338824774,1.99947736253068e-06,0.009047028451363943
12.999999999999767,1786132515.6024086,0.007201000000350177,0.006674799995380454,0.01,TELEOP,0,,0.0,12.999999999999767,1300,0.0,0.0,0.0,1.3600232051658169e-14,0.17364817766691718,-3.469446951953615e-18,0.9848077530122105,1.2991533950085069e-36,2.7171507640612574e-28,5.479714552461535e-16,0.005810255614431262,0.16800734878329626,-1.6127507315721878e-18,0.9857686197503464,-0.016000000000000007,-0.2249614986853516,0.28023284255554964,-0.12717039456180337,0.08358291727941239,-0.011003899815475338,0.9882917083912569,-0.016000000000000007,-0.2249614986853516,0.28023284255554964,-0.12657890791763876,0.08299766501743487,-0.010926849893467327,0.9884178122754756,-0.016000000171350184,-0.22496149848905367,0.2802328435692652,-0.12657890784503575,0.08299766501408502,-0.010926849874741127,0.9884178122852616,-0.01599925408278837,-0.22495968942937183,0.280232423856608,-0.12341221279239102,0.07986269224001848,-0.010518538197338478,0.9890807532633789,-0.01599925408278837,-0.22495968942937183,0.280232423856608,-0.12341221279239102,0.07986269224001848,-0.010518538197338478,0.9890807532633789,0.0003646895509335031,-0.5239259547775391,0.7825934123676933,0.0019177811601962865,0.5134555767050388,0.16938525141170077,0.0006869933882581746,-0.524213149365446,0.7800117200852644,0.003645903176781433,0.5041563646346396,0.16463701297677502,0.0006869933882581746,-0.524213149365446,0.7800117200852644,0.003645903176781433,0.5041563646346396,0.16463701297677502,-0.0026829155291391233,0.0023575623047189724,0.02364056847006127,-0.014938304204806713,0.08443993663365644,0.04386210010957395,-0.002059327963588439,0.00211081321120319,-0.0014219885816549086,-0.006432466216394333,0.0008196242952218196,-0.0058024679641961036,0.0,True,False,1,True,True,0.003379400004632771,4,1.0466675622542685e-09,1.513784544388345e-10,`gtol` termination condition is satisfied.,True,True,0.009999999999999787,0.009298330939116584,1.0,2.001375474294748e-06,0.009047045022309288,2.00127671515506e-06,0.009047045134853339
13.009999999999767,1786132515.610312,0.007113900006515905,0.007463900008588098,0.01,TELEOP,0,,0.0,13.009999999999767,1301,0.0,0.0,0.0,-1.3552527156068808e-20,0.17308103433303482,0.0005847162110149848,0.984907413750734,1.180478729291365e-36,2.46894530975004e-28,4.979155268825026e-16,0.00527905971307693,0.16847164014634947,5.345847484139081e-05,0.9856923633351008,-0.016000000000000007,-0.22496149868535162,0.28023284255554964,-0.12743211446891808,0.08381901093774408,-0.011007925298747728,0.9882379547396549,-0.016000000000000007,-0.22496149868535162,0.28023284255554964,-0.12686327150763205,0.08327140361576095,-0.010953871184851756,0.9883580304668483,-0.016000000094313505,-0.22496149849214028,0.28023284355498096,-0.12686327143561174,0.08327140361268563,-0.010953871171650413,0.9883580304764982,-0.015999250656251955,-0.22495968916022166,0.28023242273449805,-0.12370003065369495,0.08014762146186853,-0.010555953788787868,0.989021351149655,-0.015999250656251955,-0.22495968916022166,0.28023242273449805,-0.12370003065369495,0.08014762146186853,-0.010555953788787868,0.989021351149655,0.00032469647702176326,-0.5238999786142715,0.7828240847653011,0.0017049587928570469,0.5142881313983491,0.16974128201358543,0.0006598840451352582,-0.5241893635807696,0.780247955606518,0.0034954899411267885,0.5050007568785294,0.16507452854053506,0.0006598840451352582,-0.5241893635807696,0.780247955606518,0.0034954899411267885,0.5050007568785294,0.16507452854053506,-0.0027109343122917037,0.0023785784676413776,0.023623552125359392,-0.015041323565464752,0.08443922438898327,0.04375155637600557,-0.002801878315258097,0.0021016162922405605,-0.0017016344701876614,-0.010301936065804212,-7.122446731647658e-05,-0.011054373356837732,0.0016666666666278473,True,False,1,True,True,0.003900900002918206,4,1.022295754937293e-09,1.4783477478105312e-10,`gtol` termination condition is satisfied.,True,True,0.009999999999999787,0.009299212070399188,1.0,2.003104909554204e-06,0.009024959674518846,2.0030344390586005e-06,0.009024959784914485
13.019999999999767,1786132515.6174226,0.007741800000076182,0.0068328000052133575,0.01,TELEOP,0,,0.0,13.019999999999767,1302,0.0,0.0,0.0,0.0,0.17251377443305255,0.0011694320282507314,0.9850064111768985,1.0726447205260397e-36,2.243412851124111e-28,4.524320921047136e-16,0.004796461000135619,0.16884149119052658,0.0001554802749665597,0.9856315339112877,-0.016000000000000007,-0.22496149868535162,0.2802328425555496,-0.1276701811536939,0.08401098274230195,-0.010981561560663303,0.9881912188076482,-0.016000000000000007,-0.22496149868535162,0.2802328425555496,-0.12714098061247278,0.08352593542270888,-0.010963402124044102,0.9883007603834608,-0.01599999996742068,-0.2249614984984128,0.28023284352811845,-0.12714098054166365,0.08352593542009423,-0.010963402119980483,0.9883007603928362,-0.015999247824269647,-0.224959688781328,0.28023242165434237,-0.1239877504783549,0.0804322444306649,-0.010593112373318442,0.9889618181494214,-0.015999247824269647,-0.224959688781328,0.28023242165434237,-0.1239877504783549,0.0804322444306649,-0.010593112373318442,0.9889618181494214,0.0002668615688386783,-0.5238741260086895,0.7830471612782632,0.0013992738161412036,0.5150965771227379,0.16996939484170975,0.0006323044911871919,-0.5241653707950101,0.7804839437626099,0.0033430540853531874,0.5058448929649021,0.16550957660107327,0.0006323044911871919,-0.5241653707950101,0.7804839437626099,0.0033430540853531874,0.5058448929649021,0.16550957660107327,-0.0027579553948066855,0.0023992785759490913,0.023598815609180267,-0.015243585577360452,0.08441360863726836,0.04350480605382087,-0.004702108251498298,0.0020700108307714197,-0.0024736516179125513,-0.02022620118957047,-0.002561575171491105,-0.024675032218470415,0.0033333333332944783,True,False,1,True,True,0.003402400005143136,4,9.909075245364996e-10,1.4318071989085067e-10,`gtol` termination condition is satisfied.,True,True,0.009999999999999787,0.009287374519819647,1.0,2.004687688794606e-06,0.008963911925338712,2.0046642437870376e-06,0.0089639120320196
13.029999999999767,1786132515.6259372,0.007053299996186979,0.008294200000818819,0.01,TELEOP,0,,0.0,13.029999999999767,1303,0.0,0.0,0.0,0.0,0.17194639834903325,0.0017541470579010546,0.9851047452240269,9.746610997074593e-37,2.0384822623302054e-28,4.111034641716502e-16,0.004358007597308008,0.16912556986622881,0.0003016199575067093,0.9855848306526469,-0.016000000000000007,-0.22496149868535162,0.2802328425555496,-0.12788676231183868,0.08416287727339107,-0.010927590526298717,0.9881508861908433,-0.016000000000000007,-0.22496149868535162,0.2802328425555496,-0.1274089335518166,0.08375478029921907,-0.010950537261831586,0.9882470268925152,-0.015999999806673732,-0.22496149850771308,0.2802328434898387,-0.1274089334828618,0.08375478029720029,-0.010950537269379454,0.9882470269014926,-0.01599924620511633,-0.22495968815833106,0.2802324206659281,-0.12427524245727983,0.08071619984731193,-0.01062969573408685,0.9889022038417115,-0.01599924620511633,-0.22495968815833106,0.2802324206659281,-0.12427524245727983,0.08071619984731193,-0.01062969573408685,0.9889022038417115,0.0001865766546798226,-0.5238486212973763,0.78325956844701,0.0009769702553765768,0.5158705532210893,0.17003364914624847,0.0006039279012034968,-0.5241411777587748,0.7807195414104467,0.003186890079852549,0.5066883070180783,0.1659397878270192,0.0006039279012034968,-0.5241411777587748,0.7807195414104467,0.003186890079852549,0.5066883070180783,0.1659397878270192,-0.0028376589983695774,0.0024193036235323805,0.023559764783693073,-0.015616400550064163,0.08434140531762602,0.04302112259459637,-0.007970360356289381,0.002002504758328968,-0.0039050825487196793,-0.03728149727037199,-0.007220331964234254,-0.04836834592245164,0.004999999999961109,True,False,1,True,True,0.004530299993348308,4,9.70477514024443e-10,1.399485887547281e-10,`gtol` termination condition is satisfied.,True,True,0.009999999999999787,0.009251684157835838,1.0,2.0060060447718857e-06,0.008851038057327572,2.0060422905737634e-06,0.008851038159316977
13.039999999999766,1786132515.6332672,0.008524999997462146,0.007099399997969158,0.01,TELEOP,0,,0.0,13.039999999999766,1304,0.0,0.0,0.0,0.0,0.17137890646309148,0.0023388609061739053,0.9852024158258934,8.856280566197896e-37,1.8522716100840352e-28,3.7355011106244956e-16,0.00395965612603556,0.16933174199981246,0.00048784036159978453,0.9855510358608803,-0.016000000000000007,-0.22496149868535162,0.2802328425555496,-0.1280838260469792,0.08427836632143791,-0.010848538914447333,0.9881163897430194,-0.016000000000000007,-0.22496149868535162,0.2802328425555496,-0.12766411340861653,0.08395274916187966,-0.010911973921288749,0.988197722564111,-0.015999999624037798,-0.2249614985199507,0.28023284344094485,-0.12766411334217617,0.08395274916055409,-0.010911973942070819,0.9881977225725774,-0.015999246576105585,-0.22495968709897024,0.2802324198567975,-0.12456230051403545,0.08099894690873673,-0.01066524052525182,0.9888425843049364,-0.015999246576105585,-0.22495968709897024,0.2802324198567975,-0.12456230051403545,0.08099894690873673,-0.01066524052525182,0.9888425843049364,8.099231138386334e-05,-0.5238237120514144,0.7834585012343783,0.00042354839395337767,0.5166004266748924,0.169909589690785,0.0005742845299002511,-0.5241167961859247,0.7809545264752968,0.00302454986865822,0.5075302707311067,0.16636171618596804,0.0005742845299002511,-0.5241167961859247,0.7809545264752968,0.00302454986865822,0.5075302707311067,0.16636171618596804,-0.002964337130324633,0.0024381572850160384,0.023498506485004466,-0.01623402111943323,0.08419637130283361,0.042192835894884054,-0.012667813195505848,0.0018853661483658386,-0.006125829868860663,-0.06176205693690778,-0.01450340147924149,-0.08282866997123331,0.006666666666627741,True,False,1,True,True,0.0037453999975696206,4,9.760275646038868e-10,1.4028051150361366e-10,`gtol` termination condition is satisfied.,True,True,0.009999999999999787,0.009182246203011002,1.0,2.0069256803814157e-06,0.008677083409013903,2.007029401109653e-06,0.008677083505974462
13.049999999999766,1786132515.6418898,0.0073675000021466985,0.008353799988981336,0.01,TELEOP,0,,0.0,13.049999999999766,1305,0.0,0.0,0.0,0.0,0.17081129915742,0.002923573179278029,0.9852994229167192,8.047279766347102e-37,1.683070871365544e-28,3.3942717013084174e-16,0.003597734170197139,0.16946714629516318,0.0007104750118561024,0.9855290142155491,-0.016000000000000007,-0.22496149868535162,0.2802328425555496,-0.12826315935534147,0.08436078347362652,-0.010746701680623109,0.9880872069644916,-0.016000000000000007,-0.22496149868535162,0.2802328425555496,-0.12790355106894225,0.08411583958842347,-0.01084591801019684,0.988153618227857,-0.01599999943059837,-0.22496149853506672,0.28023284338209864,-0.1279035510056996,0.08411583958785362,-0.010845918045048013,0.9881536182357089,-0.015999249771961092,-0.2249596853599526,0.2802324193716519,-0.12484862988012042,0.08127975612530028,-0.010699140312018844,0.9887830648114136,-0.015999249771961092,-0.2249596853599526,0.2802324193716519,-0.12484862988012042,0.08127975612530028,-0.010699140312018844,0.9887830648114136,-5.1082886000013424e-05,-0.5237996686123673,0.7836413824564095,-0.0002668518589854566,0.5172771676203372,0.16958344037455744,0.0005427686102618574,-0.5240922441359956,0.7811885881735005,0.0028528810519547827,0.5083697575853356,0.16677085693298077,0.0005427686102618574,-0.5240922441359956,0.7811885881735005,0.0028528810519547827,0.5083697575853356,0.16677085693298077,-0.0031515919638394267,0.0024552049929017824,0.023406169820360083,-0.017166881670344105,0.08394868542289642,0.040914074701275276,-0.01872548335147976,0.0017047707885744306,-0.009233666464438338,-0.09328605509108955,-0.02476858799371947,-0.12787611936088075,0.008333333333294371,True,False,1,True,True,0.00444999999308493,4,1.0148828052695408e-09,1.4527507446864675e-10,`gtol` termination condition is satisfied.,True,True,0.009999999999999787,0.009070155943785685,1.0,2.007330796336085e-06,0.00843651244750968,2.0075048504094086e-06,0.008436512539796591
13.059999999999766,1786132515.649474,0.008767899998929352,0.007170500000938773,0.01,TELEOP,0,,0.0,13.059999999999766,1306,0.0,0.0,0.0,0.0,0.17024357681428912,0.0035082834834232364,0.9853957664311722,7.312179323341055e-37,1.5293262298128372e-28,3.0842128113775654e-16,0.0032689061992730805,0.16953826220033974,0.000966193986824966,0.9855177108360504,-0.016000000000000007,-0.22496149868535162,0.2802328425555496,-0.12842638487706656,0.08441315545406451,-0.010624163306842306,0.9880628573161351,-0.016000000000000007,-0.22496149868535162,0.2802328425555496,-0.1281244057969964,0.08424143192373364,-0.010752248026223293,0.9881153307934192,-0.01599999923842396,-0.22496149855291098,0.28023284331428316,-0.12812440573764103,0.08424143192394326,-0.010752248075118943,0.9881153308005656,-0.0159992565492486,-0.22495968266140243,0.2802324194335295,-0.12513383733651073,0.08155771177470302,-0.010730659569468018,0.9887237811182243,-0.0159992565492486,-0.22495968266140243,0.2802324194335295,-0.12513383733651073,0.08155771177470302,-0.010730659569468018,0.9887237811182243,-0.00020902749433905708,-0.5237767778311283,0.7838059474124247,-0.0010907196663921244,0.517892626873704,0.169053200900822,0.0005086582109780461,-0.5240675473519991,0.7814213208360129,0.0026681318538770015,0.509205418238437,0.16716175222863025,0.0005086582109780461,-0.5240675473519991,0.7814213208360129,0.0026681318538770015,0.509205418238437,0.16716175222863025,-0.003411039928381215,0.0024696783996511753,0.0232732662512497,-0.01847491980777853,0.08356606531013307,0.03908952956494766,-0.0259447964541794,0.0014473406749393191,-0.013290356911038517,-0.13080381374344546,-0.038262011276336945,-0.18245451363276508,0.009999999999961004,True,False,1,True,True,0.0034909000096376985,4,1.0831506086090784e-09,1.5446633656401813e-10,`gtol` termination condition is satisfied.,True,True,0.009999999999999787,0.008907410035001506,1.0,2.0071681731590144e-06,0.008128112643645047,2.0074098355060855e-06,0.008128112732343073
13.069999999999766,1786132515.6587112,0.007488900009775534,0.008919300002162345,0.01,TELEOP,0,,0.0,13.069999999999766,1307,0.0,0.0,0.0,0.0,0.16967573981604675,0.0040929914248206585,0.9854914463043672,6.644228610057028e-37,1.3896258066043006e-28,2.8024770857909633e-16,0.002970142634191695,0.16955097134751568,0.0012519729207081827,0.985516148488523,-0.016000000000000007,-0.22496149868535162,0.28023284255554953,-0.12857497607927765,0.08443823053303778,-0.01048281714295412,0.988042899521782,-0.016000000000000007,-0.22496149868535162,0.28023284255554953,-0.12832430728162872,0.08432874535355865,-0.010632714885439851,0.9880832354826944,-0.015999999060736927,-0.22496149857299588,0.28023284323963316,-0.12832430722677618,0.08432874535452599,-0.010632714947406127,0.988083235489069,-0.0159992674297258,-0.22495967870994363,0.2802324203597022,-0.12541742625315272,0.08183172818683566,-0.010758960002260166,0.9886648988578793,-0.0159992674297258,-0.22495967870994363,0.2802324203597022,-0.12541742625315272,0.08183172818683566,-0.010758960002260166,0.9886648988578793,-0.0003902779258593835,-0.5237553132523272,0.7839505407681456,-0.002034559677229165,0.518440567808151,0.1683301635069933,0.00047114773290651477,-0.5240427403409769,0.7816522231372892,0.002466120842228577,0.5100355734869029,0.16752818688351978,0.00047114773290651477,-0.5240427403409769,0.7816522231372892,0.002466120842228577,0.5100355734869029,0.16752818688351978,-0.0037510478071532106,0.0024807011022302157,0.023090230127626624,-0.0202011011648429,0.08301552484659,0.036643465488954204,-0.03400078787720026,0.0011022702579040736,-0.018303612362307806,-0.17261813570644044,-0.05505404635430741,-0.24460640759935115,0.011666666666627634,True,False,1,True,True,0.0036703999940073118,4,1.1673942560871088e-09,1.6601431883529386e-10,`gtol` termination condition is satisfied.,True,True,0.009999999999999787,0.008687208635266952,1.0,2.0064926866083307e-06,0.007756117757619801,2.006793219504878e-06,0.0077561178445527835
13.079999999999766,1786132515.668297,0.009302699996624142,0.00920159999805037,0.01,TELEOP,0,,0.0,13.079999999999766,1308,0.0,0.0,0.0,2.1684043449710093e-19,0.169107788545118,0.004677696609683021,0.9855864624718663,6.0372936535874534e-37,1.2626866947917195e-28,2.5464772688222845e-16,0.0026986917636825404,0.16951061320471644,0.00156506483815415,0.9855234241994343,-0.016000000000000007,-0.22496149868535162,0.28023284255554953,-0.1287102710213608,0.08443850429078949,-0.010324382984969831,0.9880269289056457,-0.016000000000000007,-0.22496149868535162,0.28023284255554953,-0.12850200461573863,0.08437927980305895,-0.010490762819057592,0.988057344411309,-0.015999998909075823,-0.22496149859422876,0.28023284316225283,-0.1285020045657697,0.08437927980471538,-0.01049076289227646,0.9880573444168889,-0.015999282549178453,-0.22495967323176994,0.28023242256523995,-0.12569880043995132,0.0821005816955235,-0.010783136946923164,0.9886066103414431,-0.015999282549178453,-0.22495967323176994,0.28023242256523995,-0.12569880043995132,0.0821005816955235,-0.010783136946923164,0.9886066103414431,-0.0005906923927991184,-0.5237354693232686,0.7840746101957622,-0.003076814276124061,0.5189184724352005,0.1674379800450374,0.00042938923824576667,-0.5240178667543612,0.7818807057124763,0.0022424514765622956,0.510858235929582,0.16786345888079018,0.00042938923824576667,-0.5240178667543612,0.7818807057124763,0.0022424514765622956,0.510858235929582,0.16786345888079018,-0.0041758494660749015,0.0024873586615639627,0.02284825751870842,-0.02236693656662861,0.08226624426791421,0.03352719972703977,-0.04248016589216999,0.0006657559333747044,-0.02419726089182084,-0.21658354017857567,-0.0749280578675809,-0.31162657619145,0.013333333333294265,True,False,1,True,True,0.00523310000426136,4,1.2516021109298352e-09,1.7767134992519238e-10,`gtol` termination condition is satisfied.,True,True,0.009999999999999787,0.008404994321248083,1.0,2.005497807500891e-06,0.007331468921023971,2.00584354334398e-06,0.007331469008739574
13.089999999999765,1786132515.6756508,0.009435100000700913,0.007120700000086799,0.01,TELEOP,0,,0.0,13.089999999999765,1309,0.0,0.0,0.0,-2.168404344971009e-19,0.1685397233840048,0.005262398644224904,0.985680814869678,5.485800805299879e-37,1.1473431780171595e-28,2.313862444587463e-16,0.0024520542422289747,0.16942203551094473,0.001902974555619065,0.9855387054809984,-0.016000000000000007,-0.22496149868535162,0.28023284255554953,-0.1288334848399046,0.0844162429923208,-0.010150423055581875,0.9880145747988034,-0.016000000000000007,-0.22496149868535162,0.28023284255554953,-0.12865796330144888,0.08439667267324001,-0.01033063985496173,0.9880372503104304,-0.015999998788251816,-0.2249614986149946,0.2802328430877872,-0.1286579632563484,0.08439667267548534,-0.010330639937235573,0.9880372503152512,-0.015999301549806753,-0.22495966601416084,0.2802324265522363,-0.1259772800833141,0.08236295578076236,-0.010802258970165065,0.9885491285813811,-0.015999301549806753,-0.22495966601416084,0.2802324265522363,-0.1259772800833141,0.08236295578076236,-0.010802258970165065,0.9885491285813811,-0.0008056821242310554,-0.5237172871449404,0.7841790697058294,-0.004193726506395148,0.5193290034857004,0.16640677059881123,0.0003825337336784366,-0.5239929786082315,0.7821061089341294,0.001992725544264335,0.5116711679433998,0.16816067565410764,0.0003825337336784366,-0.5239929786082315,0.7821061089341294,0.001992725544264335,0.5116711679433998,0.16816067565410764,-0.004685550456733109,0.0024888146129759033,0.0225403221653113,-0.024972593229796617,0.0812932013817814,0.029721677331745598,-0.050970099065821804,0.0001455951411940728,-0.03079353533971269,-0.26056566631680633,-0.09730428861328365,-0.38055223952942535,0.014999999999960897,True,False,1,True,True,0.003769299990381114,4,1.3253530468627543e-09,1.8795022972518938e-10,`gtol` termination condition is satisfied.,True,True,0.009999999999999787,0.00806023650561849,1.0,2.0045121926019234e-06,0.006872124029668737,2.0048878079804364e-06,0.0068721241214037485
13.099999999999765,1786132515.6853406,0.007369099999777973,0.009441600006539375,0.01,TELEOP,0,,0.0,13.099999999999765,1310,0.0,0.0,0.0,0.0,0.16797154471528608,0.005847097134663013,0.9857745034342583,4.984685556507008e-37,1.0425360254228824e-28,2.1024964479452955e-16,0.0022279599236324356,0.16928964000029237,0.0022634354180113467,0.9855612263290692,-0.016000000000000007,-0.22496149868535162,0.28023284255554953,-0.12894572107828114,0.08437350480099609,-0.009962356530980801,0.9880054980391294,-0.016000000000000007,-0.22496149868535162,0.28023284255554953,-0.12879428450186764,0.08438569981790216,-0.010156175607504028,0.988022235601469,-0.015999998694323284,-0.22496149863379925,0.28023284302118245,-0.12879428446121907,0.0843856998206324,-0.01015617569687888,0.9880222356056158,-0.015999323544139507,-0.22495965694806178,0.28023243288907523,-0.1262521280605035,0.08261749108040171,-0.010815402002107809,0.988492679491005,-0.015999323544139507,-0.22495965694806178,0.28023243288907523,-0.1262521280605035,0.08261749108040171,-0.010815402002107809,0.988492679491005,-0.001031536711690825,-0.5237006387323415,0.7842660817962384,-0.005366169941981945,0.5196794273295764,0.16526455992745187,0.00032976292084332004,-0.5239681343362522,0.7823277283655204,0.0017127066654478288,0.5124719685351369,0.16841301244821352,0.00032976292084332004,-0.5239681343362522,0.7823277283655204,0.0017127066654478288,0.5124719685351369,0.16841301244821352,-0.005277081283511769,0.0024844271979292632,0.022161943139111066,-0.028001887881651196,0.08008005917370002,0.025233679410589276,-0.059153082677867265,-0.00043874150466402246,-0.03783790262002435,-0.30292946518546426,-0.12131422080813986,-0.4487997921156417,0.016666666666627528,True,False,1,True,True,0.004178099989076145,4,1.3871782039056497e-09,1.9661962015025286e-10,`gtol` termination condition is satisfied.,True,True,0.009999999999999787,0.007657835542300595,1.0,2.0039567040295422e-06,0.006401570692336334,2.0043491203298316e-06,0.006401570791922324
13.109999999999765,1786132515.697311,0.00987860000168439,0.011532899996382184,0.01,TELEOP,0,,0.0,13.109999999999765,1311,0.0,0.0,0.0,-2.1684043449710093e-19,0.1674032529216169,0.0064317916872164375,0.9858675281025101,4.529346029707202e-37,9.473027644465462e-29,1.9104382475124733e-16,0.0020243468086033447,0.16911742385754264,0.0026443881718629637,0.9855902831191993,-0.016000000000000007,-0.22496149868535162,0.28023284255554953,-0.12904798197292996,0.0843121590309959,-0.009761472738431996,0.9879993885819076,-0.016000000000000007,-0.22496149868535162,0.28023284255554953,-0.12891390436147887,0.08435102833015265,-0.009970076798356337,0.9880114912543073,-0.015999998618691922,-0.22496149864991197,0.2802328429646319,-0.12891390432464334,0.08435102833328251,-0.00997007689347023,0.9880114912578866,-0.015999347148884565,-0.22495964606151186,0.28023244218553733,-0.12652258007211803,0.08286283084839392,-0.01082167344995319,0.9884374939162454,-0.015999347148884565,-0.22495964606151186,0.28023244218553733,-0.12652258007211803,0.08286283084839392,-0.01082167344995319,0.9884374939162454,-0.0012659975602531803,-0.5236852905654453,0.7843383313901143,-0.006582569179514816,0.5199791074626865,0.1640319397806043,0.00027030800573684896,-0.5239433962274184,0.7825448420319664,0.0013984166109426818,0.5132581686534482,0.16861389706039664,0.00027030800573684896,-0.5239433962274184,0.7825448420319664,0.0013984166109426818,0.5132581686534482,0.16861389706039664,-0.005945491510647233,0.002473810883384391,0.021711366644597573,-0.03142900545051536,0.07862001183113451,0.020088461218311645,-0.06684102271354778,-0.0010616314544872358,-0.04505764945135039,-0.34271175688642364,-0.14600473425655455,-0.5145218192277741,0.01833333333329416,True,False,1,True,True,0.006116299991845153,4,1.4410469764022336e-09,2.0421669449311008e-10,`gtol` termination condition is satisfied.,True,True,0.009999999999999787,0.007207458794439514,1.0,2.0042755730550277e-06,0.005946382061932861,2.004675988090935e-06,0.0059463821735648
13.119999999999765,1786132515.7041883,0.011762099995394237,0.006648499998846091,0.01,TELEOP,0,,0.0,13.119999999999765,1312,0.0,0.0,0.0,-2.1684043449710093e-19,0.16683484838572868,0.007016481908106916,0.9859598888117833,4.115600718292882e-37,8.607688421741249e-29,1.7359241206449377e-16,0.001839341910458269,0.1689090172933096,0.0030439618000885843,0.9856252304983393,-0.016000000000000007,-0.22496149868535165,0.28023284255554953,-0.12914117779504497,0.084233903614418,-0.009548943134238725,0.98799596323295,-0.016000000000000007,-0.22496149868535165,0.28023284255554953,-0.1290197350598746,0.08429649333946453,-0.009773981902622311,0.9880042907060256,-0.015999998553597062,-0.22496149866338822,0.28023284291767364,-0.12901973502619737,0.08429649334293306,-0.009773982002664664,0.9880042907091378,-0.015999370565740103,-0.2249596335373516,0.2802324550665935,-0.12678787216533763,0.08309765687042676,-0.010820227218546807,0.9883838007461322,-0.015999370565740103,-0.2249596335373516,0.2802324550665935,-0.12678787216533763,0.08309765687042676,-0.010820227218546807,0.9883838007461322,-0.0015079807316012814,-0.5236709878900848,0.7843983487419038,-0.007837429907357014,0.5202370392999048,0.16272199459112197,0.000203458439546625,-0.5239188279030892,0.7827567344672498,0.001046179571269218,0.5140273164747229,0.1687571252988612,0.000203458439546625,-0.5239188279030892,0.7827567344672498,0.001046179571269218,0.5140273164747229,0.1687571252988612,-0.006684956619022539,0.002456832432917325,0.02118924352833768,-0.03522370396734712,0.07691478212746823,0.014322823846456157,-0.07394651083753213,-0.0016978450467066098,-0.052212311625990396,-0.37946985168318426,-0.17052297036663228,-0.576563737185561,0.01999999999996079,True,False,1,True,True,0.0033925999887287617,4,1.4912068074248456e-09,2.1132294528088809e-10,`gtol` termination condition is satisfied.,True,True,0.009999999999999787,0.007980985790457498,1.0,2.005864487276089e-06,0.005534286773682876,2.0062682374662786e-06,0.0055342869015078235
13.129999999999765,1786132515.7128665,0.006935199999134056,0.008391800001845695,0.01,TELEOP,0,,0.0,13.129999999999765,1313,0.0,0.0,0.0,0.0,0.16626633149042871,0.007601167403559113,0.9860515854998754,3.739650086639074e-37,7.821395940828503e-29,1.5773514566935695e-16,0.0016712438671661442,0.16866771758595367,0.0034604561558460047,0.9856654773458767,-0.016000000000000007,-0.22496149868535165,0.28023284255554953,-0.12922613533385782,0.08414028094044841,-0.009325832163352038,0.9879949635116563,-0.016000000000000007,-0.22496149868535165,0.28023284255554953,-0.1291142162739894,0.08422499203706935,-0.009568847767137541,0.9880000541623054,-0.015999998494300685,-0.2249614986746787,0.28023284287859185,-0.12911421624291483,0.08422499204083492,-0.00956884787164436,0.9880000541650332,-0.015999391685111605,-0.22495961971452172,0.2802324721453148,-0.1270472626031575,0.08332071562005754,-0.010810272788194852,0.9883318215133269,-0.015999391685111605,-0.22495961971452172,0.2802324721453148,-0.1270472626031575,0.08332071562005754,-0.010810272788194852,0.9883318215133269,-0.001757037516386237,-0.5236575062659348,0.7844482009700842,-0.009128532790725587,0.520460660363671,0.16134276452241608,0.0001285651152893864,-0.5238944922055294,0.7829627154947515,0.0006526378934991371,0.5147770446434534,0.16883692923428395,0.0001285651152893864,-0.5238944922055294,0.7829627154947515,0.0006526378934991371,0.5147770446434534,0.16883692923428395,-0.00748933242572402,0.002433569755975897,0.020598102750166745,-0.03935416777700894,0.07497281687305989,0.007980393542275841,-0.08043758067014982,-0.0023262676941428933,-0.05911407781709454,-0.41304638096619095,-0.1941965254408382,-0.6342430304180452,0.02166666666662742,True,False,1,True,True,0.003511699993396178,4,1.540000226517248e-09,2.1825602284151756e-10,`gtol` termination condition is satisfied.,True,True,0.009999999999999787,0.008883609478626233,1.0,2.0090176271523747e-06,0.00519277281533171,2.0094233314921865e-06,0.005192772962819128
13.139999999999764,1786132515.7246392,0.008765400008996949,0.011399199996958487,0.01,TELEOP,0,,0.0,13.139999999999764,1314,0.0,0.0,0.0,0.0,0.16569770261859998,0.008185847779800868,0.9861426181050305,3.398041677935291e-37,7.106929464209585e-29,1.4332640397951073e-16,0.0015185071474683057,0.1683965199097937,0.003892326237648525,0.985710482857301,-0.016000000000000007,-0.22496149868535165,0.28023284255554953,-0.1293036055976068,0.08403269221149474,-0.009093107098195682,0.9879961536475977,-0.016000000000000007,-0.22496149868535165,0.28023284255554953,-0.1291992369665494,0.0841386727301474,-0.009355290529157562,0.9879983398050757,-0.015999998438573325,-0.22496149868429252,0.28023284284555317,-0.129199236937646,0.08413867273418076,-0.009355290637835006,0.9879983398074828,-0.01599940819704059,-0.22495960507589363,0.28023249399492595,-0.12730004787915386,0.08353083658589672,-0.010791081004023597,0.9882817663601763,-0.01599940819704059,-0.22495960507589363,0.28023249399492595,-0.12730004787915386,0.08353083658589672,-0.010791081004023597,0.9882817663601763,-0.0020129585439493734,-0.5236446665344604,0.7844894728373171,-0.010454883297874756,0.5206557172220738,0.15989958960150463,4.504120930887124e-05,-0.5238704495822728,0.7831621339181736,0.00021475579171424675,0.5155051195799191,0.16884801798319385,4.504120930887124e-05,-0.5238704495822728,0.7831621339181736,0.00021475579171424675,0.5155051195799191,0.16884801798319385,-0.008352390598051694,0.002404262325664722,0.01994184234221229,-0.04378821017848997,0.0728074936465691,0.0011088748909895852,-0.08630581723276926,-0.0029307430311175447,-0.0656260407954467,-0.4434042401481125,-0.21653232264908218,-0.6871518651286402,0.023333333333294053,True,False,1,True,True,0.005766400005086325,4,1.5881298791160126e-09,2.25106681051103e-10,`gtol` termination condition is satisfied.,True,True,0.009999999999999787,0.009781170684224724,1.0,2.0139102749187573e-06,0.004947003767471448,2.0143192474318568e-06,0.004947003936593477
13.149999999999764,1786132515.732629,0.011773699996410869,0.007614700007252395,0.01,TELEOP,0,,0.0,13.149999999999764,1315,0.0,0.0,0.0,-2.1684043449710093e-19,0.16512896215320091,0.008770522643063468,0.9862329865659404,3.087638409336477e-37,6.45772785208213e-29,1.3023386760461673e-16,0.0013797277126612122,0.16809814524865221,0.004338167951499491,0.9857597527867664,-0.016000000000000007,-0.22496149868535165,0.28023284255554953,-0.12937427080105202,0.08391241045202726,-0.008851646951494724,0.9879993187108344,-0.016000000000000007,-0.22496149868535165,0.28023284255554953,-0.12927622367450672,0.08403916413411852,-0.009133784188923784,0.9879988111685599,-0.015999998385584458,-0.22496149869265078,0.28023284281707145,-0.12927622364745048,0.0840391641383974,-0.009133784301546996,0.9879988111706951,-0.015999417701048603,-0.2249595902265571,0.28023252112051084,-0.12754557388212,0.08372694488238701,-0.010761988100462656,0.9882338310824357,-0.015999417701048603,-0.2249595902265571,0.28023252112051084,-0.12754557388212,0.08372694488238701,-0.010761988100462656,0.9882338310824357,-0.002275576641174082,-0.5236323307775601,0.7845233622429212,-0.011815694281765161,0.5208265745924341,0.15839654989781368,-4.7637772912732085e-05,-0.5238467569081438,0.7833543871141213,-0.00027018092709884026,0.5162094761537106,0.16878560303021278,-4.7637772912732085e-05,-0.5238467569081438,0.7833543871141213,-0.00027018092709884026,0.5162094761537106,0.16878560303021278,-0.00926789822216053,0.002369267412909812,0.019225319594769346,-0.048493671881309736,0.07043565737915716,-0.006241495298106729,-0.09155076241088539,-0.003499491275491104,-0.07165227474429618,-0.470546170281987,-0.23718362674119953,-0.7350370189096471,0.024999999999960682,True,False,1,True,True,0.0036591999960364774,4,1.6354768585561412e-09,2.3185251614735702e-10,`gtol` termination condition is satisfied.,True,True,0.009999999999999787,0.010669639089589003,1.0,2.020625160202018e-06,0.004816186975632638,2.021041197851911e-06,0.004816187166127327
13.159999999999764,1786132515.740251,0.007876899995608255,0.007360199990216643,0.01,TELEOP,0,,0.0,13.159999999999764,1316,0.0,0.0,0.0,-2.1684043449710093e-19,0.16456011047726501,0.009355191599581918,0.986322690821744,2.8055897632787763e-37,5.86782930962933e-29,1.1833730422540656e-16,0.001253630005523486,0.16777506567414935,0.00479670521319188,0.985812835871466,-0.016000000000000007,-0.22496149868535165,0.28023284255554953,-0.1294387507032296,0.08378059229725988,-0.008602250553245655,0.9880042628734589,-0.016000000000000007,-0.22496149868535165,0.28023284255554953,-0.12934626069659022,0.08392775231660961,-0.008904752757087714,0.9880012057751888,-0.01599999833511792,-0.22496149870006196,0.2802328427920681,-0.12934626067113697,0.0839277523211158,-0.00890475287345454,0.9880012057770894,-0.0159994178106394,-0.2249595758661425,0.28023255393132995,-0.1277832433846633,0.08390806976079497,-0.010722398666427326,0.9881881949841091,-0.0159994178106394,-0.2249595758661425,0.28023255393132995,-0.1277832433846633,0.08390806976079497,-0.010722398666427326,0.9881881949841091,-0.0025446950558183187,-0.5236203929288127,0.7845507877049298,-0.013210017378059304,0.5209765877271063,0.15683717915769066,-0.00014993418219160114,-0.5238234666514467,0.7835389275478428,-0.0008045662280313925,0.5168882412878347,0.16864541415753206,-0.00014993418219160114,-0.5238234666514467,0.7835389275478428,-0.0008045662280313925,0.5168882412878347,0.16864541415753206,-0.010229640927887123,0.002329025669702792,0.018454043372155598,-0.053438530093256366,0.06787651341241892,-0.014018887268071366,-0.09617427057266133,-0.00402417432070205,-0.07712762226137652,-0.4944858211946733,-0.2559143966738298,-0.7777391969964803,0.026666666666627314,True,False,1,True,True,0.0033100000000558794,4,1.6816628064974504e-09,2.3843675696384416e-10,`gtol` termination condition is satisfied.,True,True,0.009999999999999787,0.011545513354666321,1.0,2.029221396988289e-06,0.004809247100915621,2.0296507341756886e-06,0.004809247310149606
13.169999999999764,1786132515.7513843,0.007599000004120171,0.010894100007135421,0.01,TELEOP,0,,0.0,13.169999999999764,1317,0.0,0.0,0.0,0.0,0.1639911479739007,0.009939854255595201,0.9864117308120275,2.5493056104021533e-37,5.33181663823809e-29,1.0752746446762236e-16,0.0011390551462326065,0.16742952724634744,0.005266778255626204,0.9858693204508621,-0.016000000000000007,-0.22496149868535165,0.28023284255554953,-0.1294976083548211,0.08363828867924346,-0.008345643874958508,0.9880108077979215,-0.016000000000000007,-0.22496149868535165,0.28023284255554953,-0.129410191189213,0.08380549745106938,-0.008668605479230852,0.9880053118745848,-0.01599999828716877,-0.22496149870674095,0.2802328427697922,-0.12941019116517577,0.08380549745578701,-0.00866860559914466,0.988005311876281,-0.015999406249956785,-0.22495956275805032,0.2802325927148924,-0.1280125208254176,0.08407335011383894,-0.010671787827571605,0.9881450193454001,-0.015999406249956785,-0.22495956275805032,0.2802325927148924,-0.1280125208254176,0.08407335011383894,-0.010671787827571605,0.9881450193454001,-0.002820073694984536,-0.5236087699702383,0.7845724734366392,-0.014636673663386323,0.5211084042307533,0.15522476965919219,-0.000262248526202737,-0.5238006263002994,0.7837152670140931,-0.0013904757221873047,0.5175397493478855,0.16842370877078072,-0.000262248526202737,-0.5238006263002994,0.7837152670140931,-0.0013904757221873047,0.5175397493478855,0.16842370877078072,-0.011231434401113825,0.0022840351147334196,0.017633946625028995,-0.05859094941559248,0.06515080600507754,-0.022170538675134605,-0.10017934732267222,-0.00449905549693735,-0.082009674712662,-0.5152419322336227,-0.27257074073414345,-0.8151651407063414,0.028333333333293947,True,False,1,True,True,0.005765800000517629,4,1.726310597122271e-09,2.4480394968365314e-10,`gtol` termination condition is satisfied.,True,True,0.009999999999999787,0.012405451150027912,1.0,2.03983647532115e-06,0.004922392792145279,2.0402877208362707e-06,0.00492239301586264
13.179999999999763,1786132515.7634342,0.011274599994067103,0.011669299987261184,0.01,TELEOP,0,,0.0,13.179999999999763,1318,0.0,0.0,0.0,-2.168404344971009e-19,0.16342207502629116,0.01052451021734653,0.9865001064768246,2.3164324236886406e-37,4.8447674878921003e-29,9.770507863532576e-17,0.0010349502235428012,0.1670635707706727,0.005747333020010182,0.9859288312867944,-0.016000000000000007,-0.22496149868535165,0.28023284255554953,-0.12955135531023293,0.08348645451750182,-0.008082486675983378,0.9880187911464596,-0.016000000000000007,-0.22496149868535165,0.28023284255554953,-0.12946869010467976,0.08367330617042992,-0.008425746588543618,0.9880109528297313,-0.01599999824177206,-0.22496149871283677,0.28023284274972227,-0.129468690081911,0.08367330617534464,-0.008425746711808905,0.9880109528312475,-0.015999380940809285,-0.22495955169779241,0.2802326376138987,-0.12823293509741743,0.08422203768873227,-0.010609702735314747,0.988104446367755,-0.015999380940809285,-0.22495955169779241,0.2802326376138987,-0.12823293509741743,0.08422203768873227,-0.010609702735314747,0.988104446367755,-0.003101436436406683,-0.5235973952535105,0.7845890087583836,-0.016094292508904425,0.5212241776348433,0.1535624830049359,-0.0003849199242560272,-0.523778277985034,0.7838829791758245,-0.002029669263960201,0.5181625513771471,0.16811727587621808,-0.0003849199242560272,-0.523778277985034,0.7838829791758245,-0.002029669263960201,0.5181625513771471,0.16811727587621808,-0.01226713980532928,0.002234831526553544,0.016771216173144962,-0.063919354177291,0.06228020292615295,-0.03064328945626544,-0.10357054042154773,-0.004920358817987696,-0.08627304518840509,-0.5328404761698627,-0.28706030789246506,-0.8472750781131013,0.029999999999960576,True,False,1,True,True,0.005936300003668293,4,1.7691308606042825e-09,2.5091193936642626e-10,`gtol` termination condition is satisfied.,True,True,0.009999999999999787,0.013246197941199018,1.0,2.0528050973475815e-06,0.005140663477307241,2.0532890487359877e-06,0.005140663710881405
13.189999999999763,1786132515.770761,0.012070099997799844,0.006925800000317395,0.01,TELEOP,0,,0.0,13.189999999999763,1319,0.0,0.0,0.0,-4.336808689942018e-19,0.1628528920176938,0.01110915909108365,0.9865878177566163,2.1048316653841926e-37,4.4022091538940526e-29,8.877994509030477e-17,0.0009403585783903923,0.16667905062125993,0.0062374115238188095,0.9859910265855477,-0.016000000000000007,-0.22496149868535165,0.2802328425555495,-0.12960045635501088,0.08332595751075293,-0.007813378538368127,0.9880280652052883,-0.016000000000000007,-0.22496149868535165,0.2802328425555495,-0.12952231365478722,0.08353197559508686,-0.008176575276656429,0.9880179770304981,-0.015999998198942367,-0.2249614987184533,0.2802328427314908,-0.12952231363316713,0.08353197560018547,-0.008176575403079166,0.9880179770318551,-0.015999340078629343,-0.22495954348211178,0.28023268860703104,-0.12844408084642742,0.0843534984827461,-0.01053576338560018,0.988066598503927,-0.015999340078629343,-0.22495954348211178,0.28023268860703104,-0.12844408084642742,0.0843534984827461,-0.01053576338560018,0.988066598503927,-0.0033884833849608287,-0.5235862138353344,0.7846008875568566,-0.017581375487412294,0.5213257105055781,0.151853379095776,-0.0005182267853931036,-0.5237564582505565,0.7840417007989466,-0.0027235946371371032,0.5187554196201398,0.16772343532856038,-0.0005182267853931036,-0.5237564582505565,0.7840417007989466,-0.0027235946371371032,0.5187554196201398,0.16772343532856038,-0.01333068611370793,0.0021819734477431956,0.015872162312210777,-0.0693925373176917,0.05928682429927292,-0.03938405476577235,-0.10635463083786723,-0.005285807881034925,-0.08990538609342054,-0.5473183140400816,-0.29933786268800966,-0.8740765309507098,0.03166666666662721,True,False,1,True,True,0.003464399997028522,4,1.809933614519735e-09,2.567331200323487e-10,`gtol` termination condition is satisfied.,True,True,0.009999999999999787,0.014554792871282168,1.0,2.0687739960513917e-06,0.0054426546256981225,2.0693032815356668e-06,0.005442654865155912
13.199999999999763,1786132515.7790415,0.007354400004260242,0.007852700000512414,0.01,TELEOP,0,,0.0,13.199999999999763,1320,0.0,0.0,0.0,0.0,0.1622835993314402,0.011693800483059062,0.9866748645923312,1.9125601482253673e-37,4.0000775028029987e-29,8.067010190591888e-17,0.0008544109861723676,0.1662776518185236,0.006736143111036602,0.9860555952194441,-0.016000000000000007,-0.22496149868535165,0.2802328425555495,-0.12964533379468338,0.08315758611622996,-0.007538864349075173,0.9880384956169032,-0.016000000000000007,-0.22496149868535165,0.2802328425555495,-0.1295715321340076,0.08338222032214224,-0.007921482738330578,0.9880262514254476,-0.01599999815866,-0.22496149872366525,0.28023284271483095,-0.12957153211343647,0.08338222032741235,-0.007921482867719957,0.9880262514266633,-0.015999282196226552,-0.22495953888012366,0.2802327454943585,-0.12864561863494686,0.08446721264993573,-0.010449662775434482,0.9880315781092537,-0.015999282196226552,-0.22495953888012366,0.2802327454943585,-0.12864561863494686,0.08446721264993573,-0.010449662775434482,0.9880315781092537,-0.003680902222105342,-0.5235751793230032,0.784608534105144,-0.019096355304022143,0.5214145486881469,0.15010041502855342,-0.0006623877653014802,-0.5237351979458442,0.7841911319625461,-0.003473392622735962,0.5193173483502999,0.1672400327411241,-0.0006623877653014802,-0.5237351979458442,0.7841911319625461,-0.003473392622735962,0.5193173483502999,0.1672400327411241,-0.014416097990837966,0.002126030471232141,0.01494311635994138,-0.07497979855988744,0.056192873016005125,-0.048340258743629294,-0.10854118771300607,-0.0055942976511055625,-0.0929045952269416,-0.558726124219586,-0.3093951283267864,-0.8956203977857133,0.03333333333329384,True,False,1,True,True,0.0036617999867303297,4,1.8486134112939154e-09,2.6225204622333463e-10,`gtol` termination condition is satisfied.,True,True,0.009999999999999787,0.01587005623278437,1.0,2.088789298588294e-06,0.0058056014488460745,2.0893778173515824e-06,0.00580560169129587
13.209999999999763,1786132515.7864246,0.008176799994544126,0.00705839999136515,0.01,TELEOP,0,,0.0,13.209999999999763,1321,0.0,0.0,0.0,-4.336808689942019e-19,0.16171419735093587,0.01227843399953031,0.9867612469253451,1.7378521906226496e-37,3.6346796503925854e-29,7.330107418845453e-17,0.0007763176527728505,0.16586090552865174,0.0072427365010379425,0.9861222541430116,-0.016000000000000007,-0.22496149868535165,0.2802328425555495,-0.12968637134673658,0.08298205679403052,-0.007259439281787373,0.9880499602137853,-0.016000000000000007,-0.22496149868535165,0.2802328425555495,-0.12961675169093714,0.08322468937868728,-0.007660848960749985,0.9880356573282726,-0.015999998120873687,-0.22496149872852775,0.2802328426995421,-0.12961675167132977,0.08322468938411731,-0.007660849092920192,0.9880356573293626,-0.01599920621450559,-0.2249595386073861,0.2802328078878988,-0.12883727422769142,0.08456277316081416,-0.010351166409995638,0.9879994673677127,-0.01599920621450559,-0.2249595386073861,0.2802328078878988,-0.12883727422769142,0.08456277316081416,-0.010351166409995638,0.9879994673677127,-0.0039783770972644005,-0.5235642517557854,0.7846123200361054,-0.02063764188388699,0.5214920435601433,0.14830643574209185,-0.0008175630339116784,-0.5237145222068714,0.7843310354463564,-0.0042799036182929046,0.5198475517363482,0.16666543039014756,-0.0008175630339116784,-0.5237145222068714,0.7843310354463564,-0.0042799036182929046,0.5198475517363482,0.16666543039014756,-0.01551752686102014,0.002067573897281452,0.013990348381029123,-0.08065109955569602,0.05302033860484052,-0.057460235097654605,-0.11014288701821975,-0.005845657395069044,-0.09527679789122771,-0.5671300995808705,-0.3172534411164677,-0.9119976354025505,0.03499999999996047,True,False,1,True,True,0.0034703000128502026,4,1.8851296425458606e-09,2.674627777566402e-10,`gtol` termination condition is satisfied.,True,True,0.009999999999999787,0.017139617712570665,1.0,2.1143326219583935e-06,0.0062087609063574125,2.114994772611196e-06,0.006208761149942414
13.219999999999763,1786132515.793917,0.0072791999991750345,0.007272200004081242,0.01,TELEOP,0,,0.0,13.219999999999763,1322,0.0,0.0,0.0,-4.336808689942019e-19,0.16114468645965982,0.012863059246760237,0.9868469646974816,1.5791034019266116e-37,3.3026600488917065e-29,6.660519015393852e-17,0.000705360947671612,0.16543020313500997,0.007756472561591154,0.9861907459969619,-0.016000000000000007,-0.22496149868535165,0.2802328425555495,-0.12972391767332278,0.0828000205858718,-0.006975553324919559,0.9880623479468669,-0.016000000000000007,-0.22496149868535165,0.2802328425555495,-0.12965832894623203,0.08305997727179709,-0.007395040129172378,0.9880460876355756,-0.015999998085508057,-0.22496149873308327,0.2802328426854682,-0.12965832892751453,0.08305997727737627,-0.007395040263943979,0.988046087636554,-0.015999111479663104,-0.22495954330353127,0.2802328752076498,-0.12901883718768858,0.08463988340428247,-0.010240111183644327,0.9879703284567776,-0.015999111479663104,-0.22495954330353127,0.2802328752076498,-0.12901883718768858,0.08463988340428247,-0.010240111183644327,0.9879703284567776,-0.004280595070772978,-0.5235533961706254,0.7846125756872581,-0.02220365575514017,0.5215593937951715,0.14647416472639319,-0.000983855863727007,-0.523694450515339,0.7844612354470777,-0.005143675865170427,0.5203454592989677,0.16599849444575412,-0.000983855863727007,-0.523694450515339,0.7844612354470777,-0.005143675865170427,0.5203454592989677,0.16599849444575412,-0.01662928298153323,0.0020071691532344386,0.01302000007212509,-0.08637722468775405,0.04979075626195335,-0.06669359443934594,-0.11117561205131128,-0.006040474404701465,-0.09703483089040543,-0.5726125132058155,-0.32295823428872356,-0.9233359341691543,0.0366666666666271,True,False,1,True,True,0.003802399995038286,4,1.9194886339043742e-09,2.7236604288631755e-10,`gtol` termination condition is satisfied.,True,True,0.009999999999999787,0.01835899464805571,1.0,2.1472848785021946e-06,0.006634826641144034,2.148034592880718e-06,0.006634826884795095
13.229999999999762,1786132515.800908,0.007510000010370277,0.006752700006472878,0.01,TELEOP,0,,0.0,13.229999999999762,1323,0.0,0.0,0.0,0.0,0.16057506704116445,0.013447675831017266,0.9869320178510116,1.4348559488726054e-37,3.0009696720774915e-29,6.052095967975676e-17,0.0006408888050058079,0.16498680901595936,0.00827669773919561,0.9862608368919477,-0.016000000000000007,-0.22496149868535165,0.2802328425555495,-0.12975828958857263,0.08261206909056514,-0.006687615397667028,0.9880755579022875,-0.016000000000000007,-0.22496149868535165,0.2802328425555495,-0.12969658100829842,0.08288863153049217,-0.007124406811522844,0.9880574449217738,-0.015999998052471015,-0.22496149873736493,0.2802328426724831,-0.12969658099040546,0.08288863153621014,-0.007124406948723773,0.9880574449226536,-0.015998997786737596,-0.22495955351385902,0.28023294668318155,-0.12919015892720437,0.08469835388843229,-0.010116403669041282,0.9879442039213341,-0.015998997786737596,-0.22495955351385902,0.28023294668318155,-0.12919015892720437,0.08469835388843229,-0.010116403669041282,0.9879442039213341,-0.004587250563468263,-0.5235425816139604,0.7846095978720756,-0.023792851126305102,0.5216176740525236,0.14460619740002953,-0.0011613145320281497,-0.5236749968196193,0.7845816157423569,-0.006064975253010476,0.5208107093893797,0.16523857887835372,-0.0011613145320281497,-0.5236749968196193,0.7845816157423569,-0.006064975253010476,0.5208107093893797,0.16523857887835372,-0.017745866830114643,0.0019453695719778463,0.01203802952791881,-0.09212993878400684,0.04652500904120445,-0.07599155674004233,-0.11165838485814364,-0.006179958125659361,-0.09819705442063,-0.5752714096252908,-0.3265747220748975,-0.9297962300696586,0.03833333333329373,True,False,1,True,True,0.0034179999929619953,4,1.9517294973634326e-09,2.769673097064638e-10,`gtol` termination condition is satisfied.,True,True,0.009999999999999787,0.01952432971936094,1.0,2.1898046147528698e-06,0.007070060596744706,2.1906542682152617e-06,0.007070060839919621
13.239999999999762,1786132515.8091156,0.006971499999053776,0.007989299992914312,0.01,TELEOP,0,,0.0,13.239999999999762,1324,0.0,0.0,0.0,0.0,0.16000533947907533,0.014032283358575653,0.987016406328654,1.3037851679017455e-37,2.726838015238966e-29,5.499250962414917e-17,0.0005823087302410337,0.164531872150032,0.008802818086583813,0.9863323143632083,-0.016000000000000007,-0.22496149868535165,0.2802328425555495,-0.12978977497102492,0.08241873989231058,-0.006395997091796325,0.9880894984001886,-0.016000000000000007,-0.22496149868535165,0.2802328425555495,-0.12973179251361244,0.08271115812542189,-0.006849282838845564,0.9880696400848222,-0.01599999802165986,-0.22496149874140015,0.2802328426604823,-0.1297317924964862,0.08271115813126918,-0.006849282978311736,0.9880696400856146,-0.015998865389741417,-0.22495956967509861,0.2802330213606762,-0.12935115032672354,0.08473809817546148,-0.009980017857850763,0.9879211172306807,-0.015998865389741417,-0.22495956967509861,0.2802330213606762,-0.12935115032672354,0.08473809817546148,-0.009980017857850763,0.9879211172306807,-0.004898048308282544,-0.5235317804442136,0.7846036553646007,-0.02540373124064889,0.521667855270117,0.1427049975225377,-0.0013499345180837407,-0.523656169707047,0.784692117399295,-0.007043796608444672,0.5212431410408737,0.16438550640437685,-0.0013499345180837407,-0.523656169707047,0.784692117399295,-0.007043796608444672,0.5212431410408737,0.16438550640437685,-0.018861998605559507,0.0018827112572336578,0.011050165693817192,-0.09788213554342172,0.04324316514939399,-0.08530724739768862,-0.11161317754448868,-0.006265831474418991,-0.09878638341016392,-0.5752196759414996,-0.3281843891810527,-0.9315690657646482,0.039999999999960366,True,False,1,True,True,0.004321700005675666,4,1.981913740859223e-09,2.8127524026496686e-10,`gtol` termination condition is satisfied.,True,True,0.009999999999999787,0.02063238147832419,1.0,2.244122460487686e-06,0.007503852568360565,2.245081795511545e-06,0.0075038528108419275
13.249999999999762,1786132515.8167357,0.008237300004111603,0.00737180000578519,0.01,TELEOP,0,,0.0,13.249999999999762,1325,0.0,0.0,0.0,-4.336808689942019e-19,0.1594355041570908,0.01461688143571574,0.987100130073575,1.1846874004154862e-37,2.477747652879439e-29,4.9969070727965986e-17,0.0005290823561794148,0.16406643665747908,0.009334293832988366,0.9864049854867003,-0.016000000000000007,-0.22496149868535165,0.2802328425555495,-0.12981863540868893,0.08222052149243787,-0.006101036073278429,0.9881040861695544,-0.016000000000000007,-0.22496149868535165,0.2802328425555495,-0.12976422072123017,0.08252802557373451,-0.006569984737362559,0.9880825913434887,-0.015999997992966045,-0.22496149874521193,0.2802328426493766,-0.12976422070481838,0.08252802557970212,-0.0065699848789381446,0.9880825913442043,-0.01599871499893672,-0.22495959210537692,0.28023309811512254,-0.1295017790131807,0.08475912817104858,-0.009830992403716921,0.9879010734949443,-0.01599871499893672,-0.22495959210537692,0.28023309811512254,-0.1295017790131807,0.08475912817104858,-0.009830992403716921,0.9879010734949443,-0.0052127052178038554,-0.523520967825102,0.7845949929003507,-0.02703485815521968,0.5217108194944968,0.14077289624176614,-0.0015496609684938658,-0.5236379726185644,0.7847927361091346,-0.00807987633388973,0.5216427844884488,0.16343954684376882,-0.0015496609684938658,-0.5236379726185644,0.7847927361091346,-0.00807987633388973,0.5216427844884488,0.16343954684376882,-0.019972645041012937,0.0018197088482592816,0.010061870983954476,-0.10360797254450799,0.0399643447575162,-0.09459595606080515,-0.11106464354534541,-0.006300240897437758,-0.09882947098627375,-0.5725837001086391,-0.32788203918778563,-0.928870866311672,0.041666666666626995,True,False,1,True,True,0.0038674999959766865,4,2.010117436318399e-09,2.8530067224534065e-10,`gtol` termination condition is satisfied.,True,True,0.009999999999999787,0.021680508881839144,1.0,2.312274180779831e-06,0.007928135669354616,2.313349439250274e-06,0.0079281359111123
13.259999999999762,1786132515.8253007,0.007642299999133684,0.008295100007671863,0.01,TELEOP,0,,0.0,13.259999999999762,1326,0.0,0.0,0.0,0.0,0.15886556145898167,0.015201469668724248,0.9871831890293885,1.0764689392516317e-37,2.2514111205140864e-29,4.540451138676511e-17,0.0004807204974581901,0.16359145137664113,0.009870634447866917,0.9864786751470527,-0.016000000000000007,-0.22496149868535165,0.2802328425555495,-0.12984510860158155,0.08201785779035627,-0.005803039174674228,0.9881192455933958,-0.016000000000000007,-0.22496149868535165,0.2802328425555495,-0.1297940993145747,0.08233966820547059,-0.006286811573309405,0.9880962234636731,-0.015999997966278465,-0.2249614987488198,0.2802328426390884,-0.1297940992988301,0.08233966821155009,-0.006286811716846949,0.9880962234643215,-0.01599854776611431,-0.22495962099829342,0.2802331756672181,-0.12964206637240344,0.08476154887736355,-0.009669427423376804,0.9878840603187744,-0.01599854776611431,-0.22495962099829342,0.2802331756672181,-0.12964206637240344,0.08476154887736355,-0.009669427423376804,0.9878840603187744,-0.005530951482116991,-0.5235101213457516,0.784583834196959,-0.028684858569696877,0.5217473710948286,0.13881209319833188,-0.001760391398825529,-0.5236204040980608,0.7848835192187641,-0.009172706236629689,0.5220098506112704,0.16240139326289593,-0.001760391398825529,-0.5236204040980608,0.7848835192187641,-0.009172706236629689,0.5220098506112704,0.16240139326289593,-0.02107304303316678,0.0017568520503576655,0.009078310962947459,-0.10928299027399828,0.03670661228215367,-0.1038153580872913,-0.110039799215387,-0.006285679790161754,-0.09835600210070372,-0.5675017729490408,-0.32577324753626025,-0.9219402026486341,0.043333333333293624,True,False,1,True,True,0.0045150999940233305,4,2.036425855038461e-09,2.8905569928604103e-10,`gtol` termination condition is satisfied.,True,True,0.009999999999999787,0.02266665060200268,1.0,2.39581620551666e-06,0.008336845290216582,2.3970096643914012e-06,0.008336845531321573
13.269999999999762,1786132515.8327184,0.008545299991965294,0.007166999988839962,0.01,TELEOP,0,,0.0,13.269999999999762,1327,0.0,0.0,0.0,0.0,0.15829551176859127,0.015786047663894527,0.9872655831401564,9.78135984874264e-38,2.0457499082619985e-29,4.1256914011752774e-17,0.0004367786575456979,0.16310777856418474,0.010411394153323204,0.986553224447645,-0.016000000000000007,-0.22496149868535165,0.2802328425555495,-0.12986941054418982,0.08181115215514108,-0.005502285206332939,0.9881349080188703,-0.016000000000000007,-0.22496149868535165,0.2802328425555495,-0.1298216413281253,0.0821464888768546,-0.0060000450963879565,0.9881104671376161,-0.015999997941485995,-0.22496149875224108,0.28023284262954934,-0.12982164131300525,0.08214648888303816,-0.006000045241748348,0.9881104671382058,-0.015998365258985976,-0.22495965642088686,0.2802332526044029,-0.12977208435838616,0.08474555270987293,-0.009495480915136148,0.9878700487712786,-0.015998365258985976,-0.22495965642088686,0.2802332526044029,-0.12977208435838616,0.08474555270987293,-0.009495480915136148,0.9878700487712786,-0.00585253112554229,-0.5234992207264431,0.7845703843133461,-0.03035242688347435,0.5217782455338927,0.13682465914553812,-0.001981978596953975,-0.5236034580697407,0.7849645625213035,-0.010321548374188846,0.5223447195219305,0.1612721362712808,-0.001981978596953975,-0.5236034580697407,0.7849645625213035,-0.010321548374188846,0.5223447195219305,0.1612721362712808,-0.022158719812845055,0.0016946028320068236,0.008104330253939388,-0.1148842137559182,0.03348689106601758,-0.1129256991615153,-0.10856767796782972,-0.006224921835084311,-0.09739807090080907,-0.5601223481920047,-0.3219721216136158,-0.9110341074224203,0.04499999999996026,True,False,1,True,True,0.003620900009991601,4,2.060929429706226e-09,2.9255319997004115e-10,`gtol` termination condition is satisfied.,True,True,0.009999999999999787,0.023589300064564056,1.0,2.495579360626057e-06,0.008725477727923137,2.496889385488564e-06,0.008725477968496095
13.279999999999761,1786132515.8415685,0.007413800005451776,0.008603400012361817,0.01,TELEOP,0,,0.0,13.279999999999761,1328,0.0,0.0,0.0,4.336808689942019e-19,0.15772535546983482,0.01637061502752681,0.9873473123503881,8.887855190425518e-38,1.8588753733251314e-29,3.7488190089175073e-17,0.00039685294659211004,0.16261620179983394,0.010956167844548727,0.9866284892532228,-0.016000000000000007,-0.22496149868535165,0.2802328425555495,-0.1298917375081722,0.08160077112529861,-0.005199027511901402,0.9881510111272443,-0.016000000000000007,-0.22496149868535165,0.2802328425555495,-0.1298470414691303,0.08194886130446163,-0.0057099500939854966,0.9881252584680449,-0.01599999791847903,-0.2249614987554907,0.28023284262069775,-0.12984704145459558,0.08194886131074183,-0.005709950241037755,0.9881252584685842,-0.015998169426002753,-0.22495969831518578,0.28023332740535334,-0.129891952152325,0.08471141347032923,-0.009309364855720724,0.9878589944520929,-0.015998169426002753,-0.22495969831518578,0.28023332740535334,-0.129891952152325,0.08471141347032923,-0.009309364855720724,0.9878589944520929,-0.006177202185301196,-0.5234882475833331,0.784554831551916,-0.03203632631876518,0.5218041164499968,0.13481253964063333,-0.002214233692379683,-0.5235871241376251,0.7850360068613439,-0.01152545073601096,0.5226479285020361,0.160053236830143,-0.002214233692379683,-0.5235871241376251,0.7850360068613439,-0.01152545073601096,0.5226479285020361,0.160053236830143,-0.023225509542571292,0.0016333932115670986,0.007144434004036427,-0.12039023618221402,0.030320898010562217,-0.12188994411378293,-0.106678972972626,-0.00612096204397262,-0.09598962499029819,-0.5506022426295936,-0.316599305545543,-0.8964244952267809,0.04666666666662689,True,False,1,True,True,0.004492399995797314,4,2.0837210372289305e-09,2.9580638995848006e-10,`gtol` termination condition is satisfied.,True,True,0.009999999999999787,0.02444747712574269,1.0,2.611510327320593e-06,0.009090748939701115,2.6129319213993782e-06,0.009090749179882408
13.289999999999761,1786132515.8486881,0.008843199990224093,0.006879399996250868,0.01,TELEOP,0,,0.0,13.289999999999761,1329,0.0,0.0,0.0,-4.336808689942018e-19,0.1571550929466994,0.016955171365928494,0.9874283766050408,8.075970121488599e-38,1.6890713960682786e-29,3.4063730403146064e-17,0.000360576372400832,0.16211743316866548,0.011504587381301685,0.9867043388557026,-0.016000000000000007,-0.22496149868535165,0.2802328425555495,-0.1299122678436936,0.08138704777075663,-0.004893496291326645,0.9881674983589148,-0.016000000000000007,-0.22496149868535165,0.2802328425555495,-0.1298704780114213,0.08174713212834084,-0.0054167748906774615,0.9881405385266108,-0.015999997897150776,-0.22496149875858254,0.2802328426124785,-0.12987047799743623,0.08174713213471087,-0.00541677503929853,0.9881405385271071,-0.015997962553059672,-0.22495974650296602,0.2802333984671992,-0.13000183271654456,0.08465948006130217,-0.0091113410369524,0.9878508386343547,-0.015997962553059672,-0.22495974650296602,0.2802333984671992,-0.13000183271654456,0.08465948006130217,-0.0091113410369524,0.9878508386343547,-0.006504736627462388,-0.5234771852346852,0.7845373490368501,-0.033735388700607785,0.5218256015410687,0.13277755946432981,-0.0024569293557913222,-0.5235713879019153,0.7850980346048219,-0.012783263581324261,0.5229201594632373,0.15874649791628187,-0.0024569293557913222,-0.5235713879019153,0.7850980346048219,-0.012783263581324261,0.5229201594632373,0.15874649791628187,-0.02426956634116443,0.0015736235709780818,0.006202774347801631,-0.12578128453133275,0.0272230961201214,-0.13067389138611554,-0.10440567985931602,-0.00597696405890182,-0.09416596562348166,-0.5391048349118849,-0.309780189044088,-0.87839472723328,0.04833333333329352,True,False,1,True,True,0.0035799000033875927,4,2.10489395632814e-09,2.988285653950552e-10,`gtol` termination condition is satisfied.,True,True,0.009999999999999787,0.025240697189509664,1.0,2.742626439262774e-06,0.009430336078441416,2.744152129433466e-06,0.009430336318374907
13.299999999999761,1786132515.8565989,0.007186100003309548,0.007604600003105588,0.01,TELEOP,0,,0.0,13.299999999999761,1330,0.0,0.0,0.0,0.0,0.1565847245832437,0.017539716285414418,0.9875087758495197,7.338248880723947e-38,1.5347786204261254e-29,3.0952087209813654e-17,0.0003276154703058247,0.16161211978722984,0.012056318216786415,0.9867806547541543,-0.016000000000000007,-0.22496149868535165,0.2802328425555495,-0.1299311636160628,0.08117028474797436,-0.004585900712435279,0.9881843183890161,-0.016000000000000007,-0.22496149868535165,0.2802328425555495,-0.12989211437912213,0.08154162277259984,-0.00512075194495904,0.9881562529667312,-0.01599999787739796,-0.2249614987615287,0.28023284260484116,-0.12989211436565412,0.08154162277905322,-0.005120752095033509,0.9881562529671912,-0.015997747213644487,-0.22495980069328958,0.28023346413468225,-0.1301019292820554,0.08459017002101786,-0.00890171670298778,0.9878455094662536,-0.015997747213644487,-0.22495980069328958,0.28023346413468225,-0.1301019292820554,0.08459017002101786,-0.00890171670298778,0.9878455094662536,-0.0068349200816766745,-0.5234660185370881,0.7845180960565229,-0.03544851330988854,0.5218432675758441,0.13072142751144497,-0.002709803093959528,-0.5235562312874811,0.7851508660186468,-0.01409365625708759,0.5231622260951204,0.15735403536743114,-0.002709803093959528,-0.5235562312874811,0.7851508660186468,-0.01409365625708759,0.5231622260951204,0.15735403536743114,-0.02528737381682109,0.0015156614434154584,0.005283141382499456,-0.13103926757633566,0.02420666318831049,-0.1392462548850758,-0.1017807475656681,-0.005796212756262467,-0.09196329653021942,-0.5257983045003018,-0.3016432931810977,-0.8572363498960442,0.04999999999996015,True,False,1,True,True,0.003941700007999316,4,2.12454043817575e-09,3.016328377287749e-10,`gtol` termination condition is satisfied.,True,True,0.009999999999999787,0.025968938451952056,1.0,2.8870785266951494e-06,0.00974268225931843,2.888699365589987e-06,0.009742682499142842
13.30999999999976,1786132515.8638108,0.007881900004576892,0.006934100005310029,0.01,TELEOP,0,,0.0,13.30999999999976,1331,0.0,0.0,0.0,-4.336808689942019e-19,0.15601425076359757,0.018124249392307095,0.9875885100296777,6.667916773510846e-38,1.3945801339127647e-29,2.8124685444182267e-17,0.00029766724091504263,0.1611008497336148,0.01261105633333571,0.9868573295403336,-0.016000000000000007,-0.22496149868535165,0.2802328425555495,-0.1299485720927873,0.08095075707621978,-0.0042764308302679225,0.9882014246494418,-0.016000000000000007,-0.22496149868535165,0.2802328425555495,-0.1299121004998329,0.08133263114780521,-0.00482209850818756,0.9881723516777191,-0.015999997859121297,-0.2249614987643407,0.2802328425977397,-0.12991210048685198,0.08133263115433603,-0.004822098659607345,0.9881723516781493,-0.01599752621403397,-0.2249598604923678,0.28023352273046986,-0.13019248180316,0.08450396295096574,-0.008680840047175344,0.9878429232138028,-0.01599752621403397,-0.2249598604923678,0.28023352273046986,-0.13019248180316,0.08450396295096574,-0.008680840047175344,0.9878429232138028,-0.007167551452448246,-0.5234547337439225,0.7844972192291715,-0.03717466510313335,0.5218576347504587,0.12864574196297685,-0.0029725606064365537,-0.5235416328801973,0.7851947556008373,-0.015455134326857066,0.5233750608455642,0.15587824821567595,-0.0029725606064365537,-0.5235416328801973,0.7851947556008373,-0.015455134326857066,0.5233750608455642,0.15587824821567595,-0.026275751247703143,0.001459840728379861,0.004388958219044432,-0.13614780697695048,0.021283475044380672,-0.14757871517552368,-0.09883774308820749,-0.005582071503559863,-0.08941831634550423,-0.5108539400614919,-0.29231881439298774,-0.8332460290448059,0.05166666666662678,True,False,1,True,True,0.0035628999903565273,4,2.142750787607265e-09,3.042321006243641e-10,`gtol` termination condition is satisfied.,True,True,0.009999999999999787,0.026632607855986173,1.0,3.042292725170579e-06,0.010026847939602755,3.0439992083480497e-06,0.010026848179447764
13.31999999999976,1786132515.871283,0.007166700001107529,0.007239400001708418,0.01,TELEOP,0,,0.0,13.31999999999976,1332,0.0,0.0,0.0,-4.336808689942019e-19,0.1554436718719619,0.01870877029293699,0.9876675790918157,6.058817957954165e-38,1.2671884557293113e-29,2.555556030752605e-17,0.0002704563675490021,0.1605841574360131,0.013168525457061564,0.9869342658815763,-0.016000000000000007,-0.22496149868535165,0.2802328425555495,-0.12996462709475531,0.08072871466048097,-0.003965259331614187,0.9882187748934044,-0.016000000000000007,-0.22496149868535165,0.2802328425555495,-0.12993057398192062,0.08112043322458341,-0.004521017320278829,0.9881887884714006,-0.015999997842225916,-0.22496149876702864,0.2802328425911315,-0.12993057396939947,0.08112043323118608,-0.00452101747294286,0.9881887884718064,-0.015997302535140596,-0.2249599254152777,0.2802335725858437,-0.13027376340804755,0.08440139390262112,-0.008449095625094126,0.9878429855285286,-0.015997302535140596,-0.2249599254152777,0.2802335725858437,-0.13027376340804755,0.08440139390262112,-0.008449095625094126,0.9878429855285286,-0.007502442448041131,-0.5234433183808558,0.7844748535322931,-0.03891287250737847,0.5218691805395556,0.12655199560087885,-0.0032448791723294138,-0.5235275682672751,0.7852299883979248,-0.01686605685039937,0.5235597018646793,0.1543217887945198,-0.0032448791723294138,-0.5235275682672751,0.7852299883979248,-0.01686605685039937,0.5235597018646793,0.1543217887945198,-0.027231856589286594,0.0014064612922242493,0.00352327970874615,-0.14109225235423326,0.018464101911509687,-0.15564594211561675,-0.09561053415834726,-0.005337943615561284,-0.08656785102983001,-0.49444453772828795,-0.2819373132871044,-0.8067226940093236,0.05333333333329341,True,False,1,True,True,0.003948799989302643,4,2.1596125214401597e-09,3.0663884767123706e-10,`gtol` termination condition is satisfied.,True,True,0.009999999999999787,0.0272325062526991,1.0,3.205153396666636e-06,0.010282396176721182,3.2069361739493295e-06,0.010282396416705942
13.32999999999976,1786132515.8784924,0.00749609999184031,0.0069531000044662505,0.01,TELEOP,0,,0.0,13.32999999999976,1333,0.0,0.0,0.0,0.0,0.1548729882926084,0.0192932785936428,0.9877459829826825,5.505358914115451e-38,1.1514337134778679e-29,2.3221118825586575e-17,0.00024573268779904604,0.16006252856932665,0.013728474526153646,0.9870113755933234,-0.016000000000000007,-0.22496149868535165,0.2802328425555495,-0.1299794502239898,0.08050438458414545,-0.003652543120618164,0.9882363307989387,-0.016000000000000007,-0.22496149868535165,0.2802328425555495,-0.1299476611540492,0.08090528449837996,-0.0042176973236523595,0.9882055207952012,-0.015999997826621322,-0.224961498769602,0.28023284258497805,-0.1299476611419623,0.08090528450504929,-0.004217697477466168,0.9882055207955881,-0.01599707927257135,-0.22495999489906285,0.2802336120710199,-0.13034607687053418,0.08428304678367983,-0.00820689973717883,0.987845592724908,-0.01599707927257135,-0.22495999489906285,0.2802336120710199,-0.13034607687053418,0.08428304678367983,-0.00820689973717883,0.987845592724908,-0.007839417056440895,-0.523431761134748,0.7844511232239086,-0.04066222493871002,0.5218783431455348,0.12444158116453341,-0.0035264110374819756,-0.5235140103781205,0.7852568763426576,-0.018324653664259744,0.5237172800299852,0.15268753288325176,-0.0035264110374819756,-0.5235140103781205,0.7852568763426576,-0.018324653664259744,0.5237172800299852,0.15268753288325176,-0.028153186515256775,0.001355788915460496,0.002688794473283883,-0.14585968138604055,0.01575781653058919,-0.16342559112680574,-0.09213299259702015,-0.005067237676375431,-0.0834485235462285,-0.47674290318074053,-0.27062853809205517,-0.7779649011189154,0.054999999999960046,True,False,1,True,True,0.0035053999890806153,4,2.1752101216505927e-09,3.088650828225425e-10,`gtol` termination condition is satisfied.,True,True,0.009999999999999787,0.02776979319364095,1.0,3.372194109140947e-06,0.010509302454659676,3.3740444534834737e-06,0.010509302694892496
13.33999999999976,1786132515.8859482,0.007177100007538684,0.0072318999882554635,0.01,TELEOP,0,,0.0,13.33999999999976,1334,0.0,0.0,0.0,-4.336808689942019e-19,0.15430220040987935,0.0198777739007717,0.987823721649475,5.002457077199371e-38,1.0462528999053963e-29,2.1099923187879103e-17,0.0002232688959805973,0.15953640450478523,0.014290675389792581,0.9870885787940155,-0.016000000000000007,-0.22496149868535165,0.2802328425555495,-0.1299931519792673,0.08027797319246062,-0.0033384247598902002,0.9882540576080264,-0.016000000000000007,-0.22496149868535165,0.2802328425555495,-0.12996347799402716,0.08068742135931223,-0.003912314381965127,0.9882225094675073,-0.015999997812221715,-0.2249614987720694,0.28023284257924347,-0.12996347798235142,0.08068742136604337,-0.003912314536840593,0.98822250946788,-0.01599685957638114,-0.22496006831676568,0.2802336396244115,-0.13040975112487763,0.08414954783839475,-0.007954695830644532,0.9878506330535923,-0.01599685957638114,-0.22496006831676568,0.2802336396244115,-0.13040975112487763,0.08414954783839475,-0.007954695830644532,0.9878506330535923,-0.008178310989560152,-0.5234200517534779,0.784426142675698,-0.042421870151135875,0.5218855246193015,0.12231579667562306,-0.0038167867746501435,-0.5235009298226132,0.7852757546415311,-0.019829042524790612,0.5238490061578303,0.1509785501298142,-0.0038167867746501435,-0.5235009298226132,0.7852757546415311,-0.019829042524790612,0.5238490061578303,0.1509785501298142,-0.029037573716817425,0.001308055550729459,0.0018878298873438357,-0.15043888605308994,0.013172612784509801,-0.17089827534375837,-0.08843872015606687,-0.004773336473103786,-0.08009645859400642,-0.45792046670494907,-0.25852037460794464,-0.747268421695279,0.056666666666626675,True,False,1,True,True,0.003387999997357838,4,2.189624448782131e-09,3.1092236316073086e-10,`gtol` termination condition is satisfied.,True,True,0.009999999999999787,0.028245951718718354,1.0,3.5397750729201397e-06,0.010707882422262845,3.5416851311860007e-06,0.010707882662842118
13.34999999999976,1786132515.8930984,0.0074505999946268275,0.006931399999302812,0.01,TELEOP,0,,0.0,13.34999999999976,1335,0.0,0.0,0.0,-4.336808689942019e-19,0.15373130860818704,0.02046225582067963,0.9879007950398377,4.5454941629800695e-38,9.506801110192538e-30,1.917249387845344e-17,0.00020285845538738488,0.15900618635342662,0.014854920716727189,0.9871658031355656,-0.016000000000000007,-0.22496149868535165,0.2802328425555495,-0.1300058327698578,0.08004966798586767,-0.003023033780255606,0.988271923798269,-0.016000000000000007,-0.22496149868535165,0.2802328425555495,-0.12997813096655106,0.08046706237714701,-0.0036050319938415046,0.9882397184323032,-0.015999997798945738,-0.22496149877443894,0.28023284257389464,-0.12997813095526542,0.08046706238393551,-0.003605032149696478,0.9882397184326662,-0.01599664659189585,-0.2249601449919578,0.2802336537802064,-0.13046513784283517,0.08400155925094789,-0.007692949966322222,0.9878579879577202,-0.01599664659189585,-0.2249601449919578,0.2802336537802064,-0.13046513784283517,0.08400155925094789,-0.007692949966322222,0.9878579879577202,-0.008518971111028955,-0.5234081809548808,0.7844000171324083,-0.0441910114928338,0.5218910937054386,0.1201758506783821,-0.004115618591612483,-0.523488295224039,0.7852869782383517,-0.02137724598699976,0.5239561584941022,0.1491980749707504,-0.004115618591612483,-0.523488295224039,0.7852869782383517,-0.02137724598699976,0.5239561584941022,0.1491980749707504,-0.029883181696234575,0.0012634598574272563,0.0011223596820632252,-0.1548203462209179,0.010715233627195404,-0.17804751590638399,-0.08456079794171674,-0.004459569330220368,-0.0765470205280627,-0.4381460167828052,-0.2457379157314449,-0.7149240562625765,0.058333333333293304,True,False,1,True,True,0.0035657000116771087,4,2.2029328150199944e-09,3.128216971025214e-10,`gtol` termination condition is satisfied.,True,True,0.009999999999999787,0.028662753454191142,1.0,3.7042369494608843e-06,0.010878732828808083,3.706199827534612e-06,0.010878733069823204
13.35999999999976,1786132515.9005556,0.007196200007456355,0.007192200006102212,0.01,TELEOP,0,,0.0,13.35999999999976,1336,0.0,0.0,0.0,-4.336808689942018e-19,0.153160313272014,0.02104672395973152,0.9879772031018638,4.1302737568421574e-38,8.638376759283563e-30,1.742113079020566e-17,0.0001843137011850919,0.15847223864053983,0.015421022094460115,0.9872429831030848,-0.016000000000000007,-0.22496149868535165,0.2802328425555495,-0.13001758383669892,0.07981963934055665,-0.002706487871083149,0.9882899007842861,-0.016000000000000007,-0.22496149868535165,0.2802328425555495,-0.1299917177842691,0.08024440950887414,-0.0032960019944873013,0.9882571145308894,-0.0159999977867166,-0.22496149877671776,0.2802328425689007,-0.1299917177733539,0.08024440951571585,-0.003296002151245251,0.9882571145312469,-0.015996443402846595,-0.22496022421337503,0.2802336531937171,-0.1305126080897607,0.08383977291529567,-0.007422146391617966,0.9878675333009288,-0.015996443402846595,-0.22496022421337503,0.2802336531937171,-0.1305126080897607,0.08383977291529567,-0.007422146391617966,0.9878675333009288,-0.008861254858741032,-0.5233961403435231,0.78437284340824,-0.045968905125764695,0.5218953884508553,0.11802286735706807,-0.004422503564571908,-0.5234760735442312,0.7852909183768948,-0.022967207904710674,0.52404007056594,0.14734947824429137,-0.004422503564571908,-0.5234760735442312,0.7852909183768948,-0.022967207904710674,0.52404007056594,0.14734947824429137,-0.030688497295943168,0.001222167980777651,0.0003940138543137271,-0.15899619177109475,0.008391207183785492,-0.18485967264590902,-0.08053155997086116,-0.004129187664960617,-0.07283458277495136,-0.41758455501769365,-0.23240264434099614,-0.6812156739525179,0.05999999999995994,True,False,1,True,True,0.0034334000083617866,4,2.2152086722148873e-09,3.1457357655112534e-10,`gtol` termination condition is satisfied.,True,True,0.009999999999999787,0.02902222429236831,1.0,3.862029130263484e-06,0.011022682325129788,3.8640388675185335e-06,0.011022682566661854
13.36999999999976,1786132515.908773,0.00741540000308305,0.007994400002644397,0.01,TELEOP,0,,0.0,13.36999999999976,1337,0.0,0.0,0.0,-4.336808689942019e-19,0.15258921478591234,0.021631177924301605,0.9880529457840941,3.7529827769649755e-38,7.849280969528887e-30,1.5829750679984753e-17,0.00016746411653639827,0.15793489264477464,0.015988808301711097,0.9873200593779832,-0.016000000000000007,-0.22496149868535165,0.2802328425555495,-0.13002848808946302,0.07958804207200576,-0.002388893962055001,0.9883079626462347,-0.016000000000000007,-0.22496149868535165,0.2802328425555495,-0.13000432810300544,0.08001964923464662,-0.0029853652400476643,0.9882746672890255,-0.015999997775461874,-0.22496149877891303,0.28023284256423386,-0.13000432809244275,0.08001964924153765,-0.002985365397637379,0.9882746672893808,-0.015996252977906238,-0.22496030524929983,0.2802336366640461,-0.13055254907448138,0.08366490440960822,-0.007142783256216607,0.9878791405570021,-0.015996252977906238,-0.22496030524929983,0.2802336366640461,-0.13055254907448138,0.08366490440960822,-0.007142783256216607,0.9878791405570021,-0.009205029670303651,-0.5233839223343312,0.7843447105282257,-0.04775485724950647,0.5218987186063453,0.1158578915034511,-0.004737026776630073,-0.5234642303987831,0.7852879592827213,-0.024596809449728977,0.5241021194654053,0.14543623967044808,-0.004737026776630073,-0.5234642303987831,0.7852879592827213,-0.024596809449728977,0.5241021194654053,0.14543623967044808,-0.03145232120581715,0.0011843145448100882,-0.0002959094173436913,-0.16296015450183385,0.006204889946529282,-0.19132385738433333,-0.07638239098740023,-0.0037853435967563583,-0.06899232716574331,-0.3963962730739184,-0.21863172372562567,-0.6464184738424436,0.06166666666662657,True,False,1,True,True,0.004252800004906021,4,2.2265217398948304e-09,3.161879299693867e-10,`gtol` termination condition is satisfied.,True,True,0.009999999999999787,0.029326610887223298,1.0,4.009814981027967e-06,0.011140749771160124,4.011866459067069e-06,0.01114075001328316
13.37999999999976,1786132515.9170134,0.008230199993704446,0.008004999996046536,0.01,TELEOP,0,,0.0,13.37999999999976,1338,0.0,0.0,0.0,4.336808689942018e-19,0.15201801353450367,0.022215617320773658,0.9881280230355176,3.4101564577560777e-38,7.132267259864013e-30,1.438373947180037e-17,0.00015215476614114073,0.1573944494325346,0.01655812373839701,0.9873969782590083,-0.016000000000000007,-0.22496149868535165,0.2802328425555495,-0.13003862086720033,0.07935501685582869,-0.0020703492062557447,0.9883260858830611,-0.016000000000000007,-0.22496149868535165,0.2802328425555495,-0.1300160441594654,0.07979295362671891,-0.0026732522710311507,0.9882923487182038,-0.01599999776511336,-0.22496149878103078,0.2802328425598678,-0.13001604414923884,0.07979295363365574,-0.0026732524293864093,0.9882923487185608,-0.015996078121556026,-0.2249603873613785,0.28023360315369705,-0.13058536100589307,0.0834776872082996,-0.0068553685024609675,0.9878926779524229,-0.015996078121556026,-0.2249603873613785,0.28023360315369705,-0.13058536100589307,0.0834776872082996,-0.0068553685024609675,0.9878926779524229,-0.009550172417343865,-0.5233715200823542,0.7843157003208459,-0.04954822135921565,0.52190136784382,0.11368189331523651,-0.00505876434352168,-0.5234527303604805,0.7852784949813827,-0.02626388455981163,0.5241437146258764,0.14346192135029165,-0.00505876434352168,-0.5234527303604805,0.7852784949813827,-0.02626388455981163,0.5241437146258764,0.14346192135029165,-0.0321737566891614,0.0011500038302626363,-0.0009464301338674475,-0.16670751100826892,0.004159516047106549,-0.1974318320156468,-0.07214354833442599,-0.0034310714547452527,-0.065052071652377,-0.37473565064351444,-0.20453738994227766,-0.6107974631313592,0.0633333333332932,True,False,1,True,True,0.0034207999997306615,4,2.2369379674548796e-09,3.1767415996751e-10,`gtol` termination condition is satisfied.,True,True,0.009999999999999787,0.029578348166996976,1.0,4.144558146911119e-06,0.011234108371614957,4.1466469640858315e-06,0.011234108614396736
13.389999999999759,1786132515.9241672,0.008237999994889833,0.00692059998982586,0.01,TELEOP,0,,0.0,13.389999999999759,1339,0.0,0.0,0.0,0.0,0.15144670990247885,0.022800041755541255,0.9882024348055716,3.098646531967287e-38,6.480751098553335e-30,1.3069818051791792e-17,0.00013824487282062408,0.15685118261547065,0.01712882699879617,0.9874736911361885,-0.016000000000000007,-0.22496149868535165,0.2802328425555495,-0.13004805062953947,0.07912069151894786,-0.0017509418735629026,0.9883442491882956,-0.016000000000000007,-0.22496149868535165,0.2802328425555495,-0.13002694135794787,0.07956448135524427,-0.002359783952217096,0.9883101331300144,-0.01599999775560706,-0.2249614987830771,0.2802328425557787,-0.13002694134804205,0.07956448136222356,-0.002359784111276352,0.988310133130376,-0.015995921430039844,-0.22496046981761036,0.28023355180486265,-0.13061145406762553,0.08327886715973548,-0.006560415957635419,0.9879080115544132,-0.015995921430039844,-0.22496046981761036,0.28023355180486265,-0.13061145406762553,0.08327886715973548,-0.006560415957635419,0.9879080115544132,-0.00989656885301232,-0.5233589274180694,0.7842858879667746,-0.051348395559621,0.5219035958072606,0.11149577301239028,-0.005387286311154893,-0.5234415372493807,0.7852629262675541,-0.027966234737108287,0.5241662871422901,0.1414301424155795,-0.005387286311154893,-0.5234415372493807,0.7852629262675541,-0.027966234737108287,0.5241662871422901,0.1414301424155795,-0.03285219676332199,0.0011193111099706216,-0.0015568713828563465,-0.17023501772966962,0.0022572516413645544,-0.20317789347121873,-0.0678440074160606,-0.003069272029201533,-0.061044124898891196,-0.35275067214007655,-0.1902264405742035,-0.5746061455572054,0.06499999999995983,True,False,1,True,True,0.0035137000086251646,4,2.2465195335257775e-09,3.190411502395258e-10,`gtol` termination condition is satisfied.,True,True,0.009999999999999787,0.02978002803505514,1.0,4.263594061917272e-06,0.011304054438115073,4.265716392029461e-06,0.011304054681617565
13.399999999999759,1786132515.931556,0.007148300006520003,0.00716130000364501,0.01,TELEOP,0,,0.0,13.399999999999759,1340,0.0,0.0,0.0,-8.673617379884035e-19,0.15087530427459767,0.023384450835008064,0.9882761810441415,2.815592319301052e-38,5.888749435645945e-30,1.1875920322516914e-17,0.00012560652408775714,0.1563053408563493,0.017700789574864415,0.9875501540130547,-0.016000000000000007,-0.22496149868535165,0.2802328425555495,-0.13005683958478556,0.07888518221292257,-0.0014307521625064159,0.988362433246378,-0.016000000000000007,-0.22496149868535165,0.2802328425555495,-0.1300370888112983,0.07933437863426678,-0.0020450720872909416,0.9883279969627266,-0.01599999774688295,-0.22496149878505728,0.28023284255194403,-0.13003708880169967,0.07933437864128542,-0.00204507224699708,0.9883279969630956,-0.015995785252991942,-0.22496055190429132,0.28023348195220726,-0.1306312455207065,0.08306919725302361,-0.006258441650744154,0.987925006298328,-0.015995785252991942,-0.22496055190429132,0.28023348195220726,-0.1306312455207065,0.08306919725302361,-0.006258441650744154,0.987925006298328,-0.01024411307581252,-0.5233461387877709,0.7842553425077664,-0.05315481995100316,0.5219056400120945,0.10930036526294143,-0.00572215941179546,-0.5234306144082226,0.7852416578371016,-0.029701643130282267,0.5241712796772651,0.13934455493964448,-0.00572215941179546,-0.5234306144082226,0.7852416578371016,-0.029701643130282267,0.5241712796772651,0.13934455493964448,-0.033487310064057384,0.0010922841158131917,-0.0021268430452486605,-0.17354083931740186,0.0004992534975039478,-0.2085587475935046,-0.06351133007354084,-0.002702699415743046,-0.05699716623923262,-0.33058215877323033,-0.1757998143860644,-0.5380854122285987,0.06666666666662646,True,False,1,True,True,0.0035417000035522506,4,2.2553249626800542e-09,3.202972569268396e-10,`gtol` termination condition is satisfied.,True,True,0.009999999999999787,0.02993436940318922,1.0,4.364690213904498e-06,0.011351979910377836,4.366842658510073e-06,0.011351980154658131
13.409999999999759,1786132515.9393377,0.007499500003177673,0.007443900001817383,0.01,TELEOP,0,,0.0,13.409999999999759,1341,0.0,0.0,0.0,-8.673617379884037e-19,0.1503037970356886,0.023968844165588095,0.9883492617015608,2.5583944560059196e-38,5.350825759002114e-30,1.0791082396700613e-17,0.00011412349683702908,0.15575715014626001,0.018273894677852832,0.987626327072869,-0.016000000000000007,-0.22496149868535165,0.2802328425555495,-0.13006504426067847,0.07864859448018324,-0.0011098529380235264,0.9883806205476793,-0.016000000000000007,-0.22496149868535165,0.2802328425555495,-0.13004654984039757,0.07910278011088301,-0.0017292200070838913,0.9883459186193392,-0.01599999773888473,-0.22496149878697638,0.28023284254834346,-0.1300465498310932,0.07910278011793818,-0.0017292201673838753,0.9883459186197183,-0.015995671661153992,-0.22496063293674481,0.2802333931320544,-0.13064515694284975,0.08284943269285182,-0.0059499603718648295,0.9879435269495034,-0.015995671661153992,-0.22496063293674481,0.2802333931320544,-0.13064515694284975,0.08284943269285182,-0.0059499603718648295,0.9879435269495034,-0.010592707011987796,-0.5233331491986252,0.784224127318972,-0.054966974098692944,0.5219077176052713,0.10709644341330998,-0.006062949667939536,-0.5234199249620943,0.7852150955916999,-0.03146788784463904,0.5241601369866034,0.13720882120110453,-0.006062949667939536,-0.5234199249620943,0.7852150955916999,-0.03146788784463904,0.5241601369866034,0.13720882120110453,-0.03407902561440838,0.0010689446128269635,-0.002656224540179104,-0.17662447143568127,-0.0011142690661725563,-0.2135733738540003,-0.05917155503510074,-0.002333950298622863,-0.052938149493045504,-0.3083632118279482,-0.16135225636765385,-0.5014626260495798,0.0683333333332931,True,False,1,True,True,0.003393899998627603,4,2.2634093338394687e-09,3.2145030683982657e-10,`gtol` termination condition is satisfied.,True,True,0.009999999999999787,0.030044189676703054,1.0,4.446098017212416e-06,0.01137934800455799,4.448277453571222e-06,0.011379348249668488
13.419999999999758,1786132515.946596,0.007686999990255572,0.007014799994067289,0.01,TELEOP,0,,0.0,13.419999999999758,1342,0.0,0.0,0.0,0.0,0.14973218857064852,0.02455322135370593,0.9884216767286115,2.3246910242128605e-38,4.862040169325007e-30,9.805341912878606e-18,0.00010369018937155856,0.15520681587402704,0.018848036167452967,0.9877021742849517,-0.016000000000000007,-0.22496149868535165,0.2802328425555495,-0.13007271602304601,0.07841102422294123,-0.0007883104018609192,0.9883987952205363,-0.016000000000000007,-0.22496149868535165,0.2802328425555495,-0.13005538243578538,0.07886980970029767,-0.0014123231307801966,0.98836387831643,-0.015999997731559853,-0.22496149878883898,0.28023284254495784,-0.13005538242676365,0.0788698097073868,-0.0014123232916248472,0.9883638783168216,-0.015995582420434806,-0.22496071226871855,0.28023328508797146,-0.13065361161179517,0.08262032629715407,-0.005635482487836244,0.9879634389958342,-0.015995582420434806,-0.22496071226871855,0.28023328508797146,-0.13065361161179517,0.08262032629715407,-0.005635482487836244,0.9879634389958342,-0.010942259918005012,-0.5233199541680758,0.7841923005475286,-0.05678437459424632,0.5219100269965686,0.10488472352091843,-0.006409224835030394,-0.5234094320615182,0.7851836441233859,-0.03326275443522724,0.5241342970896771,0.13502659237355272,-0.006409224835030394,-0.5234094320615182,0.7851836441233859,-0.03326275443522724,0.5241342970896771,0.13502659237355272,-0.03462751670908647,0.0010492900576042849,-0.0031451468313941984,-0.17948665905882394,-0.002583989692626702,-0.21822288275518498,-0.05484910946781044,-0.0019654555222678974,-0.048892229121510464,-0.28621876231427273,-0.1469720626454177,-0.46495089011847646,0.06999999999995972,True,False,1,True,True,0.003463799992459826,4,2.2708241994143693e-09,3.225076956122992e-10,`gtol` termination condition is satisfied.,True,True,0.009999999999999787,0.030112377787794548,1.0,4.506598556527371e-06,0.01138767152335424,4.508801978374362e-06,0.011387671769343233
13.429999999999758,1786132515.9541366,0.007434900006046519,0.007120099995518103,0.01,TELEOP,0,,0.0,13.429999999999758,1343,0.0,0.0,0.0,0.0,0.14916047926444256,0.02513758200579708,0.9884934260765237,2.112335861801654e-38,4.417904015723082e-30,8.909646548324966e-18,9.421065096861332e-05,0.15465452470678795,0.01942311757867394,0.9877776630475078,-0.016000000000000007,-0.22496149868535165,0.2802328425555495,-0.13007990154710877,0.07817255858365359,-0.000466184701762636,0.9884169428787649,-0.016000000000000007,-0.22496149868535165,0.2802328425555495,-0.13006363968450052,0.07863558136932078,-0.0010944694998339549,0.9883818579431957,-0.01599999772485918,-0.22496149879064947,0.28023284254176983,-0.13006363967575071,0.0786355813764414,-0.0010944696611776895,0.9883818579436019,-0.015995518972412186,-0.2249607893003693,0.2802331577728224,-0.13065703203899856,0.08238262422846351,-0.005315511023949248,0.9879846094684605,-0.015995518972412186,-0.2249607893003693,0.2802331577728224,-0.13065703203899856,0.08238262422846351,-0.005315511023949248,0.9879846094684605,-0.011292687904146233,-0.5233065496772715,0.7841599155198503,-0.058606572713875635,0.5219127493703277,0.10266586818894055,-0.006760556676176983,-0.5233990991083218,0.7851477043843513,-0.03508404754797926,0.5240951831027769,0.13280148869701489,-0.006760556676176983,-0.5233990991083218,0.7851477043843513,-0.03508404754797926,0.5240951831027769,0.13280148869701489,-0.035133184114659696,0.0010332953196419256,-0.003593973903455514,-0.18212931127520549,-0.003911398690011496,-0.22251036765378904,-0.05056674055732384,-0.0015994737962359592,-0.044882707206132515,-0.2642652216381612,-0.13274089973848224,-0.42874848986041486,0.07166666666662636,True,False,1,True,True,0.0033984000037889928,4,2.2776178976477254e-09,3.2347630080020735e-10,`gtol` termination condition is satisfied.,True,True,0.009999999999999787,0.030141868852634285,1.0,4.545544032966748e-06,0.01137849348086624,4.547768378573425e-06,0.011378493727777748
13.439999999999758,1786132515.96189,0.007364299992332235,0.007509299990488216,0.01,TELEOP,0,,0.0,13.439999999999758,1344,0.0,0.0,0.0,0.0,0.14858866950210364,0.025721925728308132,0.9885645096969757,1.9193788536109463e-38,4.014338675209214e-30,8.095770889112678e-18,8.559770007925005e-05,0.15410044629896782,0.019999051237546014,0.9878527638636695,-0.016000000000000007,-0.22496149868535165,0.2802328425555495,-0.13008664324575925,0.07793327674511252,-0.00014353048502431414,0.9884350504832476,-0.016000000000000007,-0.22496149868535165,0.2802328425555495,-0.1300713701648254,0.07840019987072777,-0.0007757402846338312,0.9883998409301197,-0.015999997718736895,-0.22496149879241162,0.28023284253876324,-0.13007137015633735,0.07840019987787765,-0.0007757404464343889,0.9883998409305425,-0.01599548242123571,-0.22496086348479977,0.28023301134742573,-0.13065583765888386,0.08213706206616006,-0.0049905390174920525,0.9880069076889646,-0.01599548242123571,-0.22496086348479977,0.28023301134742573,-0.13065583765888386,0.08213706206616006,-0.0049905390174920525,0.9880069076889646,-0.011643913479809358,-0.5232929321282539,0.7841270211197974,-0.06043315217771165,0.5219160500858558,0.10044049020469749,-0.007116523063919914,-0.5233888899638636,0.7851076715453436,-0.03692960168348619,0.5240441957466121,0.13053708117065854,-0.007116523063919914,-0.5233888899638636,0.7851076715453436,-0.03692960168348619,0.5240441957466121,0.13053708117065854,-0.03559663877429386,0.0010209144458300531,-0.00400328390077446,-0.1845554135506969,-0.0050987356164834815,-0.22644075263563807,-0.04634546596341746,-0.0012380873811872726,-0.04093099973189548,-0.2426102275491481,-0.11873369264720111,-0.3930384981849109,0.07333333333329299,True,False,1,True,True,0.003783899999689311,4,2.283835590319937e-09,3.2436255159624423e-10,`gtol` termination condition is satisfied.,True,True,0.009999999999999787,0.030135620508074334,1.0,4.562896410220477e-06,0.011353369779725835,4.565138369229876e-06,0.011353370027599924
13.449999999999758,1786132515.9689667,0.007754300007945858,0.006831500009866431,0.01,TELEOP,0,,0.0,13.449999999999758,1345,0.0,0.0,0.0,0.0,0.14801675966873248,0.026306252127697122,0.9886349275420947,1.744048023000802e-38,3.6476380975974924e-30,7.35624089390238e-18,7.77721230703004e-05,0.15354473484530584,0.020575757457554723,0.98792745004774,-0.016000000000000007,-0.22496149868535165,0.2802328425555495,-0.13009297965874198,0.07769325065749194,0.0001796025985132479,0.9884531062163187,-0.016000000000000007,-0.22496149868535165,0.2802328425555495,-0.1300786183113183,0.07816376143080817,-0.0004562102641878435,0.9884178121267347,-0.01599999771315028,-0.22496149879412936,0.28023284253592307,-0.13007861830308332,0.07816376143798522,-0.0004562104264061129,0.9884178121271759,-0.015995473526761686,-0.2249609343331468,0.2802328461760165,-0.13065044267783543,0.08188436122344396,-0.004661047145483636,0.9880302059424205,-0.015995473526761686,-0.2249609343331468,0.2802328461760165,-0.13065044267783543,0.08188436122344396,-0.004661047145483636,0.9880302059424205,-0.011995865120795712,-0.5232790983046424,0.7840936621396817,-0.06226372701189023,0.5219200799739615,0.09820915598452086,-0.007476709905857015,-0.5233787691393655,0.7850639330442694,-0.0387972910669259,0.5239827065328176,0.1282368747910393,-0.007476709905857015,-0.5233787691393655,0.7850639330442694,-0.0387972910669259,0.5239827065328176,0.1282368747910393,-0.03601868419371089,0.0010120824498033845,-0.004373850107419549,-0.18676893834397493,-0.006148921379450525,-0.23002063796193042,-0.04220454194170381,-0.0008831996026668746,-0.037056620664509744,-0.22135247932780627,-0.10501857629670655,-0.35798853262924424,0.07499999999995961,True,False,1,True,True,0.003433899997617118,4,2.2895194822610915e-09,3.2517248461275827e-10,`gtol` termination condition is satisfied.,True,True,0.009999999999999787,0.030096590965961054,1.0,4.559264406662779e-06,0.01131385373872295,4.5615201957403804e-06,0.011313853987595917
13.459999999999757,1786132515.9761834,0.007103900003130548,0.006944599997950718,0.01,TELEOP,0,,0.0,13.459999999999757,1346,0.0,0.0,0.0,-8.673617379884035e-19,0.14744475014949707,0.026890560810433724,0.9887046795644556,1.5847332593097084e-38,3.314434771837289e-30,6.6842652577897745e-18,7.066194615534494e-05,0.15298753049216318,0.02115316380944597,0.9880016974588908,-0.016000000000000007,-0.22496149868535165,0.2802328425555495,-0.13009894580630504,0.07745254569901744,0.0005031694394196063,0.9884710993677787,-0.016000000000000007,-0.22496149868535165,0.2802328425555495,-0.13008542475227797,0.07792635439235535,-0.00013594827928475124,0.9884357576879753,-0.015999997708059665,-0.2249614987958057,0.280232842533236,-0.13008542474428778,0.07792635439955768,-0.00013594844188451115,0.9884357576884367,-0.015995492703641215,-0.22496100141825282,0.2802326628187586,-0.1306412540860811,0.08162522570976556,-0.0043275016257311606,0.988054380076484,-0.015995492703641215,-0.22496100141825282,0.2802326628187586,-0.1306412540860811,0.08162522570976556,-0.0043275016257311606,0.988054380076484,-0.012348476858613582,-0.5232650453355842,0.7840598796058792,-0.0640979395142205,0.5219249765364764,0.09597238882893774,-0.00784071289258239,-0.5233687019682717,0.7850168668249625,-0.040685038615962954,0.5239120516285314,0.12590429334609593,-0.00784071289258239,-0.5233687019682717,0.7850168668249625,-0.040685038615962954,0.5239120516285314,0.12590429334609593,-0.03640029867253815,0.0010067171093901754,-0.004706621930683303,-0.18877475490370935,-0.007065490428622156,-0.23325814449434001,-0.038161447882726435,-0.0005365340413209264,-0.03327718232637614,-0.20058165597344563,-0.09165690491716508,-0.32375065324096525,0.07666666666662625,True,False,1,True,True,0.003559100005077198,4,2.2947088104001355e-09,3.259117187489472e-10,`gtol` termination condition is satisfied.,True,True,0.009999999999999787,0.03002771880651843,1.0,4.535939432330275e-06,0.011261482312920346,4.5382045290583096e-06,0.011261482562824426
13.469999999999757,1786132515.9841204,0.0071807999920565635,0.007700499991187826,0.01,TELEOP,0,,0.0,13.469999999999757,1347,0.0,0.0,0.0,-1.7347234759768075e-18,0.14687264132963265,0.027474851382999568,0.9887737657170822,1.4399715317708406e-38,3.011668801244196e-30,6.073673045907234e-18,6.42017738323374e-05,0.15242896062004108,0.021731204457712,0.9880754842598026,-0.016000000000000007,-0.22496149868535165,0.2802328425555495,-0.1301045735105647,0.0772112212763149,0.0008271290533875526,0.9884890202314759,-0.016000000000000007,-0.22496149868535165,0.2802328425555495,-0.1300918266215923,0.07768805981528777,0.00018498234026564407,0.9884536649686356,-0.0159999977034281,-0.22496149879744406,0.2802328425306892,-0.13009182661383917,0.07768805982251364,0.00018498217731793452,0.9884536649691186,-0.01599554002598697,-0.2249610643769819,0.28023246202159574,-0.13062866983462776,0.08136033923661617,-0.003990352387483957,0.9880793100274706,-0.01599554002598697,-0.2249610643769819,0.28023246202159574,-0.13062866983462776,0.08136033923661617,-0.003990352387483957,0.9880793100274706,-0.012701687891614468,-0.5232507706627396,0.784025711080714,-0.0659354583231617,0.5219308650551635,0.09373067199288578,-0.00820813906790726,-0.5233586547607028,0.7849668397645962,-0.042590824006102465,0.5238335263928429,0.12354266576216724,-0.00820813906790726,-0.5233586547607028,0.7849668397645962,-0.042590824006102465,0.5238335263928429,0.12354266576216724,-0.036742617532487795,0.0010047207568938134,-0.005002706036632308,-0.19057853901395488,-0.00785252356885354,-0.23616275839287423,-0.03423188599496532,-0.0001996352496362073,-0.029608410594901165,-0.180378411024557,-0.07870331402314015,-0.2904613898534275,0.07833333333329288,True,False,1,True,True,0.0036995000118622556,4,2.2994402088430055e-09,3.2658544631618527e-10,`gtol` termination condition is satisfied.,True,True,0.009999999999999787,0.029931904517158187,1.0,4.494930085919842e-06,0.011197763879977302,4.497198911206069e-06,0.011197764130940728
13.479999999999757,1786132515.9914937,0.007924400008050725,0.0071494000003440306,0.01,TELEOP,0,,0.0,13.479999999999757,1348,0.0,0.0,0.0,-8.673617379884037e-19,0.14630043359444125,0.028059123451888456,0.9888421859534464,1.308433454102971e-38,2.7365598036372887e-30,5.5188570240520325e-18,5.833218775534547e-05,0.15186914100905904,0.02230981955767693,0.9881487906979548,-0.016000000000000007,-0.22496149868535165,0.2802328425555495,-0.1301098916875308,0.07696933136994374,0.0011514442038930736,0.9885068600114864,-0.016000000000000007,-0.22496149868535165,0.2802328425555495,-0.1300978578467638,0.0774489520370372,0.0005065233735966621,0.9884715224254668,-0.015999997699221283,-0.22496149879904737,0.280232842528271,-0.1300978578392407,0.07744895204428498,0.0005065232103320251,0.9884715224259727,-0.015995615237166864,-0.22496112291126052,0.28023224470375746,-0.13061307717842477,0.08109036266203229,-0.0036500315054312713,0.9881048802750305,-0.015995615237166864,-0.22496112291126052,0.28023224470375746,-0.13061307717842477,0.08109036266203229,-0.0036500315054312713,0.9881048802750305,-0.013055442217634904,-0.5232362720100933,0.7839911909421273,-0.06777597658906621,0.5219378596159513,0.0914844515762909,-0.008578608222717055,-0.5233485949402187,0.7849142062868822,-0.044512690840000924,0.5237483805741777,0.12115521398949736,-0.008578608222717055,-0.5233485949402187,0.7849142062868822,-0.044512690840000924,0.5237483805741777,0.12115521398949736,-0.03704691548098023,0.0010059820484092563,-0.00526334777140525,-0.1921866833898501,-0.008514581866512655,-0.23874517726699324,-0.030429794849243706,0.00012612915154429485,-0.026064173477294797,-0.16081443758952538,-0.06620582976591281,-0.25824188741190557,0.0799999999999595,True,False,1,True,True,0.003708899996127002,4,2.3037477220199703e-09,3.2719855170560596e-10,`gtol` termination condition is satisfied.,True,True,0.009999999999999787,0.029811993769281467,1.0,4.438993065520343e-06,0.011124167489465165,4.441258609413852e-06,0.011124167741511948
13.489999999999757,1786132515.999747,0.0073745999980019405,0.008028499985812232,0.01,TELEOP,0,,0.0,13.489999999999757,1349,0.0,0.0,0.0,-8.673617379884037e-19,0.1457281273292915,0.02864337662360667,0.9889099402274689,1.188911076395003e-38,2.4865813783340193e-30,5.014722165930969e-18,5.2999200522045005e-05,0.15130817689807147,0.022888954707654306,0.9882215989074807,-0.016000000000000007,-0.22496149868535165,0.2802328425555495,-0.13011492661247157,0.07672692503011601,0.0014760810593392457,0.9885246107370117,-0.016000000000000007,-0.22496149868535165,0.2802328425555495,-0.13010354941477303,0.07720909919478798,0.0008286213311477859,0.9884893195264666,-0.015999997695407466,-0.2249614988006179,0.280232842525971,-0.13010354940747387,0.07720909920205614,0.0008286211675949293,0.9884893195269966,-0.015995717764212214,-0.2249611767879474,0.28023201194325886,-0.1305948511859694,0.08081593176687968,-0.0033069518886041874,0.9881309802276074,-0.015995717764212214,-0.2249611767879474,0.28023201194325886,-0.1305948511859694,0.08081593176687968,-0.0033069518886041874,0.9881309802276074,-0.01340968828767423,-0.5232215473563904,0.7839563506425776,-0.06961921024596267,0.5219460640541164,0.0892341392408902,-0.008951754115077124,-0.5233384911632206,0.7848593071570034,-0.04644875293361591,0.5236578141534565,0.11874504240101798,-0.008951754115077124,-0.5233384911632206,0.7848593071570034,-0.04644875293361591,0.5236578141534565,0.11874504240101798,-0.03731458923600769,0.001010377699811478,-0.00548991298788857,-0.19360620936150266,-0.00905664207212364,-0.24101715884794317,-0.02676737550274637,0.0004395651402221887,-0.02265652164833244,-0.1419525971652592,-0.054206020561099647,-0.22719815809499797,0.08166666666662614,True,False,1,True,True,0.00466640001104679,4,2.3076628808376638e-09,3.277555272469697e-10,`gtol` termination condition is satisfied.,True,True,0.009999999999999787,0.02967076241320646,1.0,4.371655388728753e-06,0.011042113488729646,4.373908784879583e-06,0.011042113741879493
13.499999999999757,1786132516.0071464,0.00825319999421481,0.007174500002292916,0.01,TELEOP,0,,0.0,13.499999999999757,1350,0.0,0.0,0.0,-8.673617379884037e-19,0.1451557229196185,0.029227610504673207,0.9889770284935188,1.0803067921736926e-38,2.2594379055262315e-30,4.556638864149401e-18,4.81537593622271e-05,0.15074616394712637,0.023468560451152205,0.988293892729684,-0.016000000000000007,-0.22496149868535165,0.2802328425555495,-0.13011970216105034,0.07648404682714897,0.001801008881536381,0.9885422651851922,-0.016000000000000007,-0.22496149868535165,0.2802328425555495,-0.13010892961732318,0.07696856371159977,0.0011512271005533895,0.9885070466669273,-0.015999997691957153,-0.2249614988021585,0.2802328425237792,-0.1301089296102419,0.07696856371888694,0.0011512269367388714,0.9885070466674828,-0.015995846736283133,-0.22496122583764322,0.280231764960744,-0.13057435341462573,0.08053765535395951,-0.0029615062138873154,0.9881575045413481,-0.015995846736283133,-0.22496122583764322,0.280231764960744,-0.13057435341462573,0.08053765535395951,-0.0029615062138873154,0.9881575045413481,-0.01376437868004784,-0.5232065949100045,0.7839212189485237,-0.07146489638164358,0.5219555728257085,0.0869801147595622,-0.009327225520330594,-0.5233283134214362,0.7848024684531666,-0.048397199737818725,0.5235629738141304,0.116315128669624,-0.009327225520330594,-0.5233283134214362,0.7848024684531666,-0.048397199737818725,0.5235629738141304,0.116315128669624,-0.03754714052534782,0.0010177741784494654,-0.00568387038367537,-0.19484468042028552,-0.009484033932604987,-0.24299137313940325,-0.023255128934013443,0.0007396478637987561,-0.019395739578680397,-0.12384710587828816,-0.04273918604813555,-0.19742142914601357,0.08333333333329278,True,False,1,True,True,0.003348600002937019,4,2.3112150491661183e-09,3.2826057168626544e-10,`gtol` termination condition is satisfied.,True,True,0.009999999999999787,0.029510903160127777,1.0,4.2972182547790345e-06,0.010952965450996416,4.299448329581108e-06,0.010952965705264566
13.509999999999756,1786132516.0143745,0.007429100005538203,0.006973300012759864,0.01,TELEOP,0,,0.0,13.509999999999756,1351,0.0,0.0,0.0,-8.673617379884035e-19,0.1445832207509233,0.029811824701620047,0.9890434507064134,9.816232587851419e-39,2.053043464979656e-30,4.140400415268502e-18,4.375129517026132e-05,0.1501831891120843,0.02404859182455926,0.9883656575504857,-0.016000000000000007,-0.22496149868535165,0.2802328425555495,-0.13012424002844689,0.07624073726078132,0.002126199742657555,0.9885598168111053,-0.016000000000000007,-0.22496149868535165,0.2802328425555495,-0.13011402427690957,0.07672740274839283,0.0014742956151338187,0.9885246950918287,-0.01599999768884307,-0.22496149880367114,0.28023284252168673,-0.13011402427004062,0.07672740275569775,0.0014742954510822382,0.9885246950924106,-0.01599600100660527,-0.22496126995256846,0.2802315051020241,-0.1305519307500124,0.08025611365920783,-0.002614066092311842,0.9881843533755377,-0.01599600100660527,-0.22496126995256846,0.2802315051020241,-0.1305519307500124,0.08025611365920783,-0.002614066092311842,0.9881843533755377,-0.014119469794373653,-0.5231914130860598,0.7838858221617625,-0.0733127917033981,0.5219664718102188,0.08472272840472643,-0.00970468711593824,-0.5233180331280269,0.7847440007087371,-0.05035630091921005,0.5234649500169433,0.11386831608067328,-0.00970468711593824,-0.5233180331280269,0.7847440007087371,-0.05035630091921005,0.5234649500169433,0.11386831608067328,-0.0377461595607654,0.0010280293409233908,-0.005846774442955258,-0.19591011813913628,-0.009802379718715393,-0.24468125889507625,-0.019901903541758317,0.0010255162473925584,-0.01629040592798918,-0.10654377188507777,-0.03183457861104129,-0.16898857556730426,0.0849999999999594,True,False,1,True,True,0.0035245999897597358,4,2.3144313709172924e-09,3.287175341636116e-10,`gtol` termination condition is satisfied.,True,True,0.009999999999999787,0.029335013910061797,1.0,4.2207266070108155e-06,0.01085802334005759,4.222919462857739e-06,0.010858023595454559
13.519999999999756,1786132516.0213182,0.00719089999620337,0.00672649999614805,0.01,TELEOP,0,,0.0,13.519999999999756,1352,0.0,0.0,0.0,0.0,0.14401062120877303,0.03039601882099248,0.9891092068214193,8.919542385261943e-39,1.865502680461575e-30,3.762184388504465e-18,3.975131274039156e-05,0.1496193314394121,0.024629007946160908,0.9884368801532268,-0.016000000000000007,-0.22496149868535165,0.2802328425555495,-0.13012855992847208,0.07599703313210886,0.002451628268069435,0.9885772596842871,-0.016000000000000007,-0.22496149868535165,0.2802328425555495,-0.1301188569550651,0.07648566862372132,0.0017977855440306416,0.9885422568241721,-0.015999997686040057,-0.22496149880515803,0.2802328425196854,-0.1301188569484037,0.0764856686310428,0.0017977853797647115,0.9885422568247811,-0.015996179177277716,-0.2249613090836363,0.2802312338196638,-0.13052791440692196,0.07997185706273141,-0.0022649814550729647,0.9882114325879485,-0.015996179177277716,-0.2249613090836363,0.2802312338196638,-0.13052791440692196,0.07997185706273141,-0.0022649814550729647,0.9882114325879485,-0.014474921564691894,-0.5231760004856287,0.7838501843238215,-0.07516267109639749,0.5219788390492218,0.08246230318258209,-0.010083820206694925,-0.5233076231879407,0.7846841982181147,-0.052324410128382556,0.5233647746544681,0.1114073072290095,-0.010083820206694925,-0.5233076231879407,0.7846841982181147,-0.052324410128382556,0.5233647746544681,0.1114073072290095,-0.03791330907566943,0.001040994008622972,-0.0059802490622337,-0.19681092091725508,-0.010017536247517885,-0.2461008851663832,-0.016714951490403217,0.0012964667699581572,-0.013347461927844454,-0.09008027781188094,-0.02151565288024975,-0.14196262713069796,0.08666666666662604,True,False,1,True,True,0.003336399997351691,4,2.317336932102862e-09,3.291300283481198e-10,`gtol` termination condition is satisfied.,True,True,0.009999999999999787,0.029145587675946855,1.0,4.147881288480055e-06,0.0107585178517997,4.150020028324139e-06,0.010758518108331365
13.529999999999756,1786132516.0296006,0.0070533999969484285,0.007954699991387315,0.01,TELEOP,0,,0.0,13.529999999999756,1353,0.0,0.0,0.0,0.0,0.14343792467880007,0.030980192469349244,0.9891742967942511,8.104762764173466e-39,1.6950933139858324e-30,3.4185175233079084e-18,3.6117018441739645e-05,0.14905466278843404,0.025209771642713482,0.9885075485853962,-0.016000000000000007,-0.22496149868535165,0.2802328425555495,-0.13013267977450285,0.07575296788155098,0.002777271402675403,0.9885945884311725,-0.016000000000000007,-0.22496149868535165,0.2802328425555495,-0.13012344914404905,0.07624340920320077,0.0021216590030054944,0.9885597245988754,-0.015999997683524697,-0.224961498806621,0.2802328425177675,-0.13012344913759075,0.07624340921053775,0.002121658838546262,0.9885597245995127,-0.01599637962635088,-0.2249613432368523,0.2802309526539505,-0.1305026190883912,0.07968540508612937,-0.0019145801452743895,0.9882386538737478,-0.01599637962635088,-0.2249613432368523,0.2802309526539505,-0.1305026190883912,0.07968540508612937,-0.0019145801452743895,0.9882386538737478,-0.014830697190966908,-0.5231603558768538,0.7838143274045578,-0.07701432627146948,0.5219927454254716,0.08019913692009716,-0.010464323296723775,-0.5232970580532013,0.784623338498839,-0.054299967987784345,0.5232634192581089,0.10893465904339471,-0.010464323296723775,-0.5232970580532013,0.784623338498839,-0.054299967987784345,0.5232634192581089,0.10893465904339471,-0.03805030900288585,0.0010565134739369112,-0.006085971927573208,-0.19755578594018305,-0.01013553963591673,-0.24726481856148483,-0.013699992721642452,0.0015519465313939443,-0.010572286533951035,-0.07448650229279971,-0.011800338839884657,-0.11639333951016402,0.08833333333329267,True,False,1,True,True,0.003596200011088513,4,2.3199550855164538e-09,3.2950135812388753e-10,`gtol` termination condition is satisfied.,True,True,0.009999999999999787,0.028945004046427414,1.0,4.084865348177261e-06,0.010655605876573241,4.08693010083806e-06,0.01065560613424059
13.539999999999756,1786132516.0363655,0.008188500010874122,0.006531399994855747,0.01,TELEOP,0,,0.0,13.539999999999756,1354,0.0,0.0,0.0,0.0,0.14286513154670238,0.0315643452532629,0.9892387205810721,7.364411381919081e-39,1.5402504500334091e-30,3.1062438334684432e-18,3.281498191340659e-05,0.14848924848765965,0.0257908491101475,0.9885776520379796,-0.016000000000000007,-0.22496149868535165,0.2802328425555495,-0.13013661584389688,0.0755085718959495,0.0031031081986234174,0.9886117981829066,-0.016000000000000007,-0.22496149868535165,0.2802328425555495,-0.1301278204431703,0.07600066826039711,0.002445881284910813,0.98857709180186,-0.015999997681275586,-0.22496149880806185,0.28023284251592623,-0.13012782043691076,0.07600066826774858,0.002445881120277753,0.9885770918025262,-0.015996600536583507,-0.2249613724691747,0.28023066321357193,-0.13047634229872931,0.07939724566147562,-0.0015631677007285282,0.9882659348517764,-0.015996600536583507,-0.2249613724691747,0.28023066321357193,-0.13047634229872931,0.07939724566147562,-0.0015631677007285282,0.9882659348517764,-0.01518676288820104,-0.5231444781778264,0.7837782714760273,-0.07886756449882515,0.5220082552866896,0.07793350421170377,-0.010845912515302146,-0.523286313763889,0.7845616819018445,-0.056281504334673764,0.5231617937283115,0.10645277907580551,-0.010845912515302146,-0.523286313763889,0.7845616819018445,-0.056281504334673764,0.5231617937283115,0.10645277907580551,-0.0381589218578379,0.0010744289312302722,-0.006165659699450252,-0.19815363468894612,-0.010162552979742653,-0.24818799675892422,-0.010861285495205805,0.0017915457293361384,-0.007968777187704494,-0.0597848748763082,-0.0027013343825923533,-0.09231781974394204,0.0899999999999593,True,False,1,True,True,0.003325900004711002,4,2.3223072009196854e-09,3.298345943752797e-10,`gtol` termination condition is satisfied.,True,True,0.009999999999999787,0.028735522123297552,1.0,4.038057989280218e-06,0.01055036702830594,4.040026423002303e-06,0.01055036728710496
13.549999999999756,1786132516.0439594,0.006743099991581403,0.007382700001471676,0.01,TELEOP,0,,0.0,13.549999999999756,1355,0.0,0.0,0.0,0.0,0.14229224219824282,0.032148476779320055,0.9893024781384944,6.691689390574064e-39,1.3995521245079653e-30,2.8224956248356964e-18,2.9814828672236827e-05,0.14792314793120268,0.02637220960528417,0.9886471807362496,-0.016000000000000007,-0.22496149868535165,0.2802328425555495,-0.13014038292739438,0.07526387278761726,0.003429119622426987,0.9886288845280294,-0.016000000000000007,-0.22496149868535165,0.2802328425555495,-0.1301319887208604,0.07575748581091975,0.0027704206088386336,0.988594352413978,-0.015999997679272834,-0.22496149880948205,0.28023284251415526,-0.13013198871479606,0.07575748581828479,0.0027704204440497544,0.9885943524146736,-0.01599683992530968,-0.22496139688395758,0.28023036715630417,-0.1304493638055598,0.07910783465647625,-0.0012110273127117108,0.988293199102137,-0.01599683992530968,-0.22496139688395758,0.28023036715630417,-0.1304493638055598,0.07910783465647625,-0.0012110273127117108,0.988293199102137,-0.01554308765235348,-0.5231283664410936,0.7837420348726609,-0.0807222074241286,0.5220254270180413,0.07566565823269254,-0.011228321904117397,-0.5232753679756111,0.7844994713613413,-0.05826763975744361,0.5230607455571759,0.10396392298854937,-0.011228321904117397,-0.5232753679756111,0.7844994713613413,-0.05826763975744361,0.5230607455571759,0.10396392298854937,-0.038240938881525945,0.0010945788277912166,-0.006221054050317993,-0.19861354227698869,-0.010104817113562833,-0.24888560872562007,-0.008201702368804652,0.0020149896560944787,-0.0055394350867742186,-0.045990758804257084,0.0057735866179821176,-0.06976119666958769,0.09166666666662593,True,False,1,True,True,0.004136000003200024,4,2.3244131407858925e-09,3.301325789356571e-10,`gtol` termination condition is satisfied.,True,True,0.009999999999999787,0.028519274864101746,1.0,4.013626215193341e-06,0.010443801186603862,4.0154746912349726e-06,0.010443801446525566
13.559999999999755,1786132516.0508723,0.007658300004550256,0.0066368000116199255,0.01,TELEOP,0,,0.0,13.559999999999755,1356,0.0,0.0,0.0,0.0,0.14171925701924917,0.03273258665412168,0.9893655694235789,6.080419001287876e-39,1.2717062664531425e-30,2.5646671605046687e-18,2.7088960809511297e-05,0.1473564151207579,0.02695382516573325,0.9887161258409222,-0.016000000000000007,-0.22496149868535165,0.2802328425555495,-0.13014399446487915,0.0750188956478978,0.0037552883797256614,0.9886458434695816,-0.016000000000000007,-0.22496149868535165,0.2802328425555495,-0.13013597026354648,0.07551389842139711,0.0030952478869598664,0.9886115009594449,-0.015999997677498125,-0.22496149881088318,0.2802328425124488,-0.13013597025767362,0.07551389842877484,0.0030952477220318668,0.9886115009601708,-0.015997095674875988,-0.22496141662610097,0.28023006616998775,-0.13042194524523393,0.07881759563964738,-0.000858419945365493,0.9883203761590832,-0.015997095674875988,-0.22496141662610097,0.28023006616998775,-0.13042194524523393,0.07881759563964738,-0.000858419945365493,0.9883203761590832,-0.01589964304226181,-0.5231120198396425,0.7837056343386931,-0.08257808996323773,0.522044313567066,0.07339583242622526,-0.011611303573990713,-0.5232641999743011,0.7844369322754451,-0.0602570864658562,0.5229610595114813,0.10147019316854843,-0.011611303573990713,-0.5232641999743011,0.7844369322754451,-0.0602570864658562,0.5229610595114813,0.10147019316854843,-0.038298166987332405,0.0011168001310090541,-0.006253908589630546,-0.19894467084126333,-0.009968604569453303,-0.24937298200009902,-0.005722810580645853,0.00222213032178381,-0.0032854539312553444,-0.03311285642746386,0.013621254410953347,-0.04873732744789597,0.09333333333329256,True,False,1,True,True,0.0033493999944766983,4,2.3262912167814567e-09,3.303979008048588e-10,`gtol` termination condition is satisfied.,True,True,0.009999999999999787,0.028298264755856825,1.0,4.017020166529206e-06,0.010336826997051898,4.018725536040223e-06,0.010336827258082304
13.569999999999755,1786132516.0582266,0.0068509999982779846,0.007140299989259802,0.01,TELEOP,0,,0.0,13.569999999999755,1357,0.0,0.0,0.0,-8.673617379884037e-19,0.1411461763956137,0.03331667448428322,0.989427994393835,5.5249867519704106e-39,1.1555388326138666e-30,2.33039073162566e-18,2.4612303210647834e-05,0.14678909915810298,0.027535670355398504,0.9887844793587054,-0.016000000000000007,-0.22496149868535165,0.2802328425555495,-0.13014746266874233,0.07477366327756285,0.0040815987560732835,0.9886626713862198,-0.016000000000000007,-0.22496149868535165,0.2802328425555495,-0.1301397799123066,0.07526993949494466,0.003420336508079138,0.9886285324584636,-0.015999997675934678,-0.22496149881226657,0.2802328425108015,-0.13013977990662204,0.07526993950233436,0.003420336343027495,0.9886285324592203,-0.015997365563146237,-0.2249614318770194,0.2802297619540434,-0.1303943298653389,0.07852691986887886,-0.0005055846004234696,0.9883474014632141,-0.015997365563146237,-0.2249614318770194,0.2802297619540434,-0.1303943298653389,0.07852691986887886,-0.0005055846004234696,0.9883474014632141,-0.016256402976751447,-0.5230954376542487,0.7836690851637664,-0.08443505927187227,0.5220649629246226,0.0711242420708195,-0.011994627739449312,-0.5232527906792109,0.7843742725084313,-0.06224864853749841,0.522863457743297,0.0989735383953689,-0.011994627739449312,-0.5232527906792109,0.7843742725084313,-0.06224864853749841,0.522863457743297,0.0989735383953689,-0.03833241654586077,0.0011409295090168841,-0.006265976701382621,-0.19915620716422475,-0.009760176818428546,-0.24966547731795807,-0.0034249558528365426,0.0024129378007830544,-0.0012068111752075754,-0.021153632296143598,0.02084277510247605,-0.029249531785906457,0.09499999999995919,True,False,1,True,True,0.0038441999931819737,4,2.327958211282291e-09,3.306329749771268e-10,`gtol` termination condition is satisfied.,True,True,0.009999999999999787,0.028074360742323168,1.0,4.052447161666091e-06,0.010230281272725069,4.053988965065475e-06,0.010230281534845318
13.579999999999755,1786132516.0651019,0.007366999998339452,0.006648499998846091,0.01,TELEOP,0,,0.0,13.579999999999755,1358,0.0,0.0,0.0,0.0,0.14057300071329293,0.033900739876435076,0.9894897530072209,5.0202919573442277e-39,1.0499830258781046e-30,2.1175149140905034e-18,2.23620729662793e-05,0.14622124469264083,0.028117722033252104,0.9888522340613553,-0.016000000000000007,-0.22496149868535165,0.2802328425555495,-0.13015079863598195,0.07452819639616294,0.004408036472289337,0.9886793649969691,-0.016000000000000007,-0.22496149868535165,0.2802328425555495,-0.13014343118822852,0.07502563953466605,0.003745662136948996,0.988645442383732,-0.01599999767456693,-0.22496149881363348,0.28023284250920855,-0.1301434311827294,0.07502563954206701,0.003745661971788033,0.98864544238452,-0.01599764729361363,-0.22496144284953254,0.28022945620174955,-0.13036674239745727,0.0782361664864368,-0.00015273871210410073,0.9883742162769461,-0.01599764729361363,-0.22496144284953254,0.28022945620174955,-0.13036674239745727,0.0782361664864368,-0.00015273871210410073,0.9883742162769461,-0.016613343546123916,-0.5230786192620668,0.783632401307565,-0.08629297378645331,0.5220874185651776,0.06885108573502706,-0.012378082639777157,-0.5232411226349815,0.7843116825053292,-0.06424122158406595,0.5227686002948356,0.09647575448759085,-0.012378082639777157,-0.5232411226349815,0.7843116825053292,-0.06424122158406595,0.5227686002948356,0.09647575448759085,-0.03834549003278529,0.0011668044229489164,-0.006259000310202353,-0.19925730465675803,-0.009485744846142433,-0.24977839077781006,-0.0013073486924522711,0.0025874913932032776,0.0006976391180267911,-0.01010974925332887,0.027443197228611892,-0.011291345985199597,0.09666666666662582,True,False,1,True,True,0.003380399997695349,4,2.329429697025682e-09,3.3084001123150956e-10,`gtol` termination condition is satisfied.,True,True,0.009999999999999787,0.02784929632454941,1.0,4.122438697309976e-06,0.010124919236752683,4.1238012849167525e-06,0.010124919499939256
13.589999999999755,1786132516.0738401,0.0068644999992102385,0.008522599993739277,0.01,TELEOP,0,,0.0,13.589999999999755,1359,0.0,0.0,0.0,0.0,0.13999973035830737,0.034484782437222694,0.9895508452221435,4.5616998679656046e-39,9.540694985890954e-31,1.92408481142036e-18,2.0317569855988666e-05,0.14565289232808384,0.028699959143252247,0.9889193834124376,-0.016000000000000007,-0.22496149868535165,0.2802328425555495,-0.13015401245006616,0.07428251383225246,0.004734588553042504,0.9886959213292744,-0.016000000000000007,-0.22496149868535165,0.2802328425555495,-0.13014693640733416,0.0747810263866588,0.004071202528410632,0.9886622266205561,-0.01599999767338063,-0.22496149881498498,0.2802328425076654,-0.13014693640201758,0.07478102639407028,0.004071202363153658,0.9886622266213759,-0.015997938524706937,-0.22496144978277016,0.28022915058347336,-0.13033938905284428,0.07794566290330424,0.00019992134267930237,0.9884007675671608,-0.015997938524706937,-0.22496144978277016,0.28022915058347336,-0.13033938905284428,0.07794566290330424,0.00019992134267930237,0.9884007675671608,-0.01697044283722921,-0.5230615641263446,0.7835955955142759,-0.0881517023323836,0.5221117198495727,0.06657654662586587,-0.012761474355337765,-0.5232291799936833,0.7842493355094923,-0.0662337918819495,0.5226770859639872,0.09397848585086567,-0.012761474355337765,-0.5232291799936833,0.7842493355094923,-0.0662337918819495,0.5226770859639872,0.09397848585086567,-0.038339171556061556,0.001194264129812078,-0.006234699583694727,-0.1992570297883599,-0.009151433084840923,-0.24972686367252378,0.0006318476723738559,0.002745970686316214,0.002430072650762688,2.7486839813038733e-05,0.03343117613015163,0.0051527105286268415,0.09833333333329246,True,False,1,True,True,0.0035600999981397763,4,2.3307199335545964e-09,3.310210594953056e-10,`gtol` termination condition is satisfied.,True,True,0.009999999999999787,0.027624668752563794,1.0,4.227623641970705e-06,0.010021415541885183,4.228797660945742e-06,0.010021415806109752
13.599999999999755,1786132516.0810301,0.008767299994360656,0.006945200002519414,0.01,TELEOP,0,,0.0,13.599999999999755,1360,0.0,0.0,0.0,0.0,0.1394263657167415,0.035068801773306936,0.9896112709974589,4.144999108060956e-39,8.6691745076241e-31,1.7483241024201325e-18,1.845998597946315e-05,0.14508407899200998,0.0292823625234726,0.9889859215010662,-0.016000000000000007,-0.22496149868535165,0.2802328425555495,-0.13015711327349477,0.0740366326962359,0.005061243207456884,0.9887123376900423,-0.016000000000000007,-0.22496149868535165,0.2802328425555495,-0.13015030678587522,0.07453612546392437,0.004396937355455521,0.9886788814302958,-0.01599999767236269,-0.22496149881632213,0.28023284250616814,-0.13015030678073877,0.0745361254713458,0.004396937190114882,0.9886788814311478,-0.01599823689792688,-0.224961452937176,0.2802288467310185,-0.1303124576332711,0.07765570535574949,0.0005522196332034915,0.9884270078588275,-0.01599823689792688,-0.224961452937176,0.2802288467310185,-0.1303124576332711,0.07765570535574949,0.0005522196332034915,0.9884270078588275,-0.01732768077133869,-0.5230442717871774,0.7835586794176468,-0.09001112329607211,0.5221379023931957,0.06430079383738652,-0.013144626528046105,-0.523216948487726,0.7841873878737817,-0.06822543501205194,0.5225894534970235,0.09148322785044065,-0.013144626528046105,-0.523216948487726,0.7841873878737817,-0.06822543501205194,0.5225894534970235,0.09148322785044065,-0.038315217270834846,0.001223150595734656,-0.0061947635710573115,-0.1991643130102484,-0.008763246696376079,-0.24952580004250732,0.002395428522670995,0.0028886465922578672,0.003993601263741655,0.009271677811151235,0.038818638846485204,0.0201063630016457,0.09999999999995908,True,False,1,True,True,0.0035229999921284616,4,2.3318420342261086e-09,3.311779771693484e-10,`gtol` termination condition is satisfied.,True,True,0.009999999999999787,0.027401939224999797,1.0,4.3667666020026275e-06,0.009920365998686093,4.36774947749988e-06,0.009920366263916253
13.609999999999754,1786132516.089709,0.007208800001535565,0.008415300006163307,0.01,TELEOP,0,,0.0,13.609999999999754,1361,0.0,0.0,0.0,-1.7347234759768075e-18,0.138852907174743,0.03565279749136427,0.9896710302924715,3.766363001318715e-39,7.87726541460347e-31,1.5886187287382367e-18,1.6772232785653202e-05,0.14451483827167805,0.02986491473268821,0.9890518429819602,-0.016000000000000007,-0.22496149868535165,0.2802328425555495,-0.13016010943190848,0.0737905685374227,0.005387989720641935,0.9887286116393962,-0.016000000000000007,-0.22496149868535165,0.2802328425555495,-0.13015355253675182,0.07429095995251225,0.004722848050332931,0.988695403416892,-0.01599999767150103,-0.2249614988176458,0.28023284250471314,-0.13015355253179323,0.07429095995994309,0.004722847884920101,0.9886954034177765,-0.015998540064499793,-0.2249614525896786,0.28022854622321974,-0.1302861177489387,0.07736655961713393,0.000903999976786341,0.9884528950632702,-0.015998540064499793,-0.2249614525896786,0.28022854622321974,-0.1302861177489387,0.07736655961713393,0.000903999976786341,0.9884528950632702,-0.017685038954053142,-0.5230267418531878,0.7835216636373447,-0.09187112385706915,0.5221659984023076,0.062023983505552174,-0.013527379994876021,-0.5232044153945253,0.7841259794560718,-0.07021531405384736,0.5225061830752601,0.08899132993098932,-0.013527379994876021,-0.5232044153945253,0.7841259794560718,-0.07021531405384736,0.5225061830752601,0.08899132993098932,-0.03827534668299239,0.0012533093200750183,-0.006140841770994947,-0.1989879041795452,-0.008327042176341875,-0.2491897919451376,0.003987058784246078,0.0030158724340362954,0.005392180006236564,0.017640883070319434,0.04362045200342126,0.03360080973697245,0.10166666666662572,True,False,1,True,True,0.004392799994093366,4,2.3328080847475333e-09,3.3131249833809586e-10,`gtol` termination condition is satisfied.,True,True,0.009999999999999787,0.027182434013054133,1.0,4.537046381240737e-06,0.00982228993954054,4.5378417737266135e-06,0.009822290205739768
13.619999999999754,1786132516.0969317,0.008660100007546134,0.00697760000184644,0.01,TELEOP,0,,0.0,13.619999999999754,1362,0.0,0.0,0.0,0.0,0.138279355118523,0.03623676919808709,0.9897301230669349,3.422314429480912e-39,7.157695390436193e-31,1.4435020725301593e-18,1.5238783910296817e-05,0.14394520071918165,0.0304475998928228,0.98911714302122,-0.016000000000000007,-0.22496149868535165,0.2802328425555495,-0.1301630084905172,0.07354433548673145,0.005714818355147493,0.9887447409668889,-0.016000000000000007,-0.22496149868535165,0.2802328425555495,-0.13015668295775418,0.0740455510011572,0.00504891765786105,0.9887117894962384,-0.01599999767078463,-0.22496149881895683,0.2802328425032969,-0.13015668295297125,0.0740455510085969,0.005048917492386673,0.9887117894971558,-0.01599884571028642,-0.22496144902908993,0.2802282505728875,-0.13026052113511186,0.07707846184820867,0.0012551251668488958,0.9884783922845957,-0.01599884571028642,-0.22496144902908993,0.2802282505728875,-0.13026052113511186,0.07707846184820867,0.0012551251668488958,0.9884783922845957,-0.01804250053650813,-0.523008973994062,0.7834845578672793,-0.09373159927677636,0.5221960369810613,0.059746259875375136,-0.013909592343231443,-0.5231915694938103,0.7840652340899155,-0.07220267737843016,0.5224276980629895,0.08650399940721717,-0.013909592343231443,-0.5231915694938103,0.7840652340899155,-0.07220267737843016,0.5224276980629895,0.08650399940721717,-0.0382212348355431,0.0012845900715016464,-0.0060745366156290045,-0.19873633245828382,-0.007848501227062541,-0.24873305237721932,0.0054111847449290346,0.0031280751426628743,0.006630515536594372,0.025157172126140152,0.047854094927934306,0.04567395679182819,0.10333333333329235,True,False,1,True,True,0.003510499998810701,4,2.333629136443992e-09,3.3142623426678224e-10,`gtol` termination condition is satisfied.,True,True,0.009999999999999787,0.026967346425437147,1.0,4.734481693351124e-06,0.009727633141494467,4.735098230751722e-06,0.009727633408622597
13.629999999999754,1786132516.1040418,0.007201100001111627,0.006886700008180924,0.01,TELEOP,0,,0.0,13.629999999999754,1363,0.0,0.0,0.0,0.0,0.13770570993435555,0.03682071650018395,0.9897885492810514,3.109693901021346e-39,6.503856428055942e-31,1.3116414881082554e-18,1.3845532377358195e-05,0.1433751941287402,0.031030403545808022,0.9891818172472803,-0.016000000000000007,-0.22496149868535165,0.2802328425555495,-0.1301658173235493,0.07329794638635607,0.006041720261436384,0.9887607236699473,-0.016000000000000007,-0.22496149868535165,0.2802328425555495,-0.1301597065122807,0.0737999178955995,0.005375130700134416,0.9887280368681756,-0.01599999767020334,-0.22496149882025618,0.2802328425019164,-0.13015970650767156,0.07379991790304762,0.005375130534608433,0.9887280368691262,-0.015999151578735243,-0.22496144255178122,0.2802279612151763,-0.1302358020589303,0.07679161956949752,0.0016054761397428393,0.9885034676076384,-0.015999151578735243,-0.22496144255178122,0.2802279612151763,-0.1302358020589303,0.07679161956949752,0.0016054761397428393,0.9885034676076384,-0.018400050087159597,-0.5229909679338488,0.7834473709565171,-0.09559245224028391,0.5222280444116123,0.05746775628602732,-0.014291137396890082,-0.5231784010184329,0.7840052601214014,-0.07418685608472725,0.5223543669847179,0.08402230584986223,-0.014291137396890082,-0.5231784010184329,0.7840052601214014,-0.07418685608472725,0.5223543669847179,0.08402230584986223,-0.038154505365864615,0.0013168475377386532,-0.005997396851408811,-0.19841787062971417,-0.007333107827152616,-0.24816935573549956,0.006672946967848509,0.0032257466237007623,0.007713976422019503,0.03184618285696518,0.051539339990993666,0.05636966417197677,0.10499999999995897,True,False,1,True,True,0.0035755000135395676,4,2.334315372134255e-09,3.315205814294948e-10,`gtol` termination condition is satisfied.,True,True,0.009999999999999787,0.02675773953184204,1.0,4.954391703591926e-06,0.009636771227404285,4.954841416143464e-06,0.00963677149541793
13.639999999999754,1786132516.1112633,0.007107999990694225,0.007000600002356805,0.01,TELEOP,0,,0.0,13.639999999999754,1364,0.0,0.0,0.0,-8.673617379884035e-19,0.13713197200857732,0.03740463900437986,0.9898463088954723,2.8256305366763472e-39,5.909744146598393e-31,1.1918260638942687e-18,1.2579660851873593e-05,0.14280484378867037,0.03161331252353748,0.9892458617065502,-0.016000000000000007,-0.22496149868535165,0.2802328425555495,-0.13016854217735832,0.07305141290758284,0.006368687396550164,0.9887765579343355,-0.016000000000000007,-0.22496149868535165,0.2802328425555495,-0.1301626309031367,0.07355407821871005,0.005701473051856224,0.9887441429908997,-0.015999997669747825,-0.22496149882154434,0.28023284250056885,-0.13016263089869942,0.07355407822616608,0.0057014728862878825,0.988744142991884,-0.01599945549171715,-0.224961433457672,0.2802276794974244,-0.13021207780775257,0.07650621273979946,0.001954951092157871,0.9885280938705928,-0.01599945549171715,-0.224961433457672,0.2802276794974244,-0.13021207780775257,0.07650621273979946,0.001954951092157871,0.9885280938705928,-0.018757673473460516,-0.522972723444962,0.7834101109833636,-0.09745359224800546,0.5222620444095105,0.05518859607939172,-0.01467190464105335,-0.5231649015995212,0.7839461510034715,-0.07616726112218902,0.5222865057006412,0.08154718599332526,-0.01467190464105335,-0.5231649015995212,0.7839461510034715,-0.07616726112218902,0.5222865057006412,0.08154718599332526,-0.03807672441632759,0.0013499418911707766,-0.005910911792984343,-0.1980405037461812,-0.006786128407672837,-0.24751198565370136,0.007778094953702723,0.0033094353432124124,0.008648505842447005,0.03773668835329799,0.05469794194797907,0.06573700817982231,0.10666666666662561,True,False,1,True,True,0.0035472000017762184,4,2.334876132225132e-09,3.315968998634865e-10,`gtol` termination condition is satisfied.,True,True,0.009999999999999787,0.026554549563834906,1.0,5.191804206868078e-06,0.009550013462333647,5.1921010316977636e-06,0.009550013731186476
13.649999999999753,1786132516.1192114,0.007229800001368858,0.007718900000327267,0.01,TELEOP,0,,0.0,13.649999999999753,1365,0.0,0.0,0.0,8.673617379884035e-19,0.13655814172758768,0.03798853631741652,0.989903401871298,2.567515705380372e-39,5.369902651540138e-31,1.082955502289258e-18,1.1429523751581927e-05,0.14223417271034822,0.03219631482971868,0.9893092728232938,-0.016000000000000007,-0.22496149868535165,0.2802328425555495,-0.13017118872776706,0.07280474565784194,0.006695712450218707,0.9887922421164524,-0.016000000000000007,-0.22496149868535165,0.2802328425555495,-0.1301654631399774,0.07330804799747502,0.006027931825561049,0.9887601055575925,-0.015999997669409592,-0.22496149882282201,0.2802328424992515,-0.13016546313571026,0.07330804800493858,0.006027931659958982,0.9887601055586105,-0.015999755368126648,-0.2249614220465618,0.28022740667048873,-0.13018944925034756,0.0762223949253664,0.0023034645601513475,0.9885522484253186,-0.015999755368126648,-0.2249614220465618,0.28022740667048873,-0.13018944925034756,0.0762223949253664,0.0023034645601513475,0.9885522484253186,-0.019115357752771834,-0.5229542403428015,0.7833727853231545,-0.09931493505390827,0.5222980583564493,0.052908893437264654,-0.015051798594812168,-0.5231510642067916,0.7838879859392559,-0.07814338014216592,0.5222243797503473,0.07907944909319374,-0.015051798594812168,-0.5231510642067916,0.7838879859392559,-0.07814338014216592,0.5222243797503473,0.07907944909319374,-0.03798939537588257,0.0013837392729619316,-0.00581650642156695,-0.19761190199769338,-0.006212595029388932,-0.24677369001315724,0.008732904044501886,0.003379738179115573,0.009440537141739463,0.04286017484878418,0.05735333782839172,0.07382956405441339,0.10833333333329224,True,False,1,True,True,0.0035242999874753878,4,2.3353199451383127e-09,3.3165642020795026e-10,`gtol` termination condition is satisfied.,True,True,0.009999999999999787,0.02635858991393354,1.0,5.4417679888158135e-06,0.009467606860918682,5.441926556946746e-06,0.009467607130562041
13.659999999999753,1786132516.1267,0.008006300005945377,0.007200899999588728,0.01,TELEOP,0,,0.0,13.659999999999753,1366,0.0,0.0,0.0,-8.673617379884037e-19,0.13598421947784797,0.038572408046052595,0.9899598281700775,2.3329790684980642e-39,4.879374431736696e-31,9.840300153417539e-19,1.0384540133665986e-05,0.14166320183626296,0.03277939953253526,0.9893720473633496,-0.016000000000000007,-0.22496149868535165,0.2802328425555495,-0.1301737621321745,0.07255795427797616,0.00702278877773288,0.9888077747272898,-0.016000000000000007,-0.22496149868535165,0.2802328425555495,-0.13016820960091535,0.0730618418378311,0.006354495266030711,0.9887759224750924,-0.015999997669180782,-0.22496149882408994,0.28023284249796243,-0.13016820959681688,0.07306184184530179,0.006354495100402972,0.9887759224761444,-0.016000049240176707,-0.22496140861482253,0.2802271438815746,-0.1301680014622875,0.07594029454490184,0.002650946470051064,0.9885759128881103,-0.016000049240176707,-0.22496140861482253,0.2802271438815746,-0.1301680014622875,0.07594029454490184,0.002650946470051064,0.9885759128881103,-0.019473091071873398,-0.5229355184809475,0.7833354007102561,-0.10117640214725783,0.5223361055122457,0.05062875415217154,-0.015430738139070676,-0.5231368830848044,0.7838308305663013,-0.08011477411884675,0.5221682068359245,0.07661978266431609,-0.015430738139070676,-0.5231368830848044,0.7838308305663013,-0.08011477411884675,0.5221682068359245,0.07661978266431609,-0.03789395442585154,0.0014181121987179054,-0.005715537295464021,-0.19713939766808833,-0.005617291442288172,-0.24596664288777068,0.009544095003102711,0.0034372925755974592,0.010096912610293092,0.047250432960506406,0.059530358710077225,0.08070471253865721,0.10999999999995887,True,False,1,True,True,0.0037518000026466325,4,2.3356546927195055e-09,3.3170024666764136e-10,`gtol` termination condition is satisfied.,True,True,0.009999999999999787,0.026170555655929087,1.0,5.699563668840935e-06,0.00938974052177855,5.699598439111932e-06,0.009389740792161814
13.669999999999753,1786132516.1346316,0.007463999994797632,0.007668499994906597,0.01,TELEOP,0,,0.0,13.669999999999753,1367,0.0,0.0,0.0,0.0,0.13541020564588152,0.03915625379706397,0.990015587753809,2.1198668123604555e-39,4.433654833250537e-31,8.941411434233194e-19,9.43509637193358e-06,0.14109195022907026,0.03336255666713129,0.9894341824013203,-0.016000000000000007,-0.22496149868535165,0.2802328425555495,-0.13017626707690436,0.07231104753062054,0.00734991033896185,0.9888231544178949,-0.016000000000000007,-0.22496149868535165,0.2802328425555495,-0.13017087608877545,0.07281547304827875,0.0066811526532432434,0.9887915918444393,-0.015999997669054283,-0.2249614988253484,0.2802328424966993,-0.1301708760848442,0.07281547305575624,0.0066811524875973775,0.9887915918455255,-0.016000335267355652,-0.224961393452461,0.2802268921685408,-0.1301478044069962,0.07566001617617674,0.0029973411706828946,0.9885990728835252,-0.016000335267355652,-0.224961393452461,0.2802268921685408,-0.1301478044069962,0.07566001617617674,0.0029973411706828946,0.9885990728835252,-0.019830862574481987,-0.5229165577468695,0.7832979632947573,-0.1030379202749474,0.5223762032078337,0.04834827633648685,-0.015808655807664662,-0.5231223536859139,0.7837747376739294,-0.08208107377911045,0.5221181594169528,0.07416875853279054,-0.015808655807664662,-0.5231223536859139,0.7837747376739294,-0.08208107377911045,0.5221181594169528,0.07416875853279054,-0.03779176685939955,0.0014529398890573318,-0.005609289237192023,-0.1966299660263731,-0.005004741897160512,-0.2451024131525601,0.010218756645199539,0.0034827690339426978,0.010624805827200042,0.050943164171524113,0.06125495451276736,0.08642297352105857,0.1116666666666255,True,False,1,True,True,0.0035681999870575964,4,2.335887499751637e-09,3.3172940898916436e-10,`gtol` termination condition is satisfied.,True,True,0.009999999999999787,0.02599102851214455,1.0,5.960828906457266e-06,0.009316550107137203,5.960753619644076e-06,0.009316550378208385
13.679999999999753,1786132516.1419835,0.007904099998995662,0.0071158999926410615,0.01,TELEOP,0,,0.0,13.679999999999753,1368,0.0,0.0,0.0,8.673617379884037e-19,0.13483610061827345,0.03974007317724405,0.99007068058494,1.926221869208771e-39,4.028650691889883e-31,8.124634125969202e-19,8.572457729715213e-06,0.14052043524338,0.033945777147019705,0.9894956752909075,-0.016000000000000007,-0.22496149868535165,0.2802328425555495,-0.13017870782022928,0.07206403338050475,0.007677071642952874,0.9888383799661995,-0.016000000000000007,-0.22496149868535165,0.2802328425555495,-0.13017346788244244,0.0725689537531412,0.007007894213231756,0.988807111943138,-0.015999997669023453,-0.22496149882659805,0.28023284249546015,-0.130173467878677,0.07256895376062517,0.007007894047574817,0.9888071119442585,-0.016000611748050973,-0.22496137684055528,0.2802266524556422,-0.13012891366407117,0.07538164191075902,0.0033426064555792142,0.9886217177836677,-0.016000611748050973,-0.22496137684055528,0.2802266524556422,-0.13012891366407117,0.07538164191075902,0.0033426064555792142,0.9886217177836677,-0.020188662316201936,-0.5228973580580796,0.783260478694252,-0.1048994210016049,0.5224183670208741,0.046067551074309966,-0.01618549704907399,-0.5231074726006264,0.7837197479463407,-0.08404197587895282,0.5220743673912561,0.07172683913820822,-0.01618549704907399,-0.5231074726006264,0.7837197479463407,-0.08404197587895282,0.5220743673912561,0.07172683913820822,-0.037684124140933806,0.0014881085287430326,-0.0054989727588686515,-0.19609020998424093,-0.004379202569674064,-0.24419193945823606,0.010764271846574447,0.0035168639685701645,0.011031647832337382,0.05397560421321612,0.06255393274864615,0.09104736943240563,0.11333333333329214,True,False,1,True,True,0.00374549999833107,4,2.3360250360599986e-09,3.3174486982276763e-10,`gtol` termination condition is satisfied.,True,True,0.009999999999999787,0.025820482196303687,1.0,6.22162089767603e-06,0.009248122389693372,6.2214482794762525e-06,0.0092481226613994
13.689999999999753,1786132516.149313,0.007343700010096654,0.007102200004737824,0.01,TELEOP,0,,0.0,13.689999999999753,1369,0.0,0.0,0.0,-1.7347234759768075e-18,0.1342619047816702,0.04032386579340396,0.9901251066263663,1.7502659449093912e-39,3.6606427445696716e-31,7.382467540654478e-19,7.788688015510123e-06,0.13994867268185449,0.034529052683598765,0.9895565236380874,-0.016000000000000007,-0.22496149868535165,0.2802328425555495,-0.13018108823146612,0.07181691906741654,0.008004267697602952,0.9888534502650838,-0.016000000000000007,-0.22496149868535165,0.2802328425555495,-0.13017598978371342,0.07232229499627935,0.007334711036266421,0.9888224812089965,-0.015999997669082375,-0.2249614988278394,0.28023284249424324,-0.13017598978011247,0.07232229500376944,0.007334710870605055,0.9888224812101515,-0.016000877128876906,-0.22496135904906062,0.28022642555065896,-0.13011137119671526,0.07510523274409397,0.003686712583039898,0.9886438404451302,-0.016000877128876906,-0.22496135904906062,0.28022642555065896,-0.13011137119671526,0.07510523274409397,0.003686712583039898,0.9886438404451302,-0.020546481186375722,-0.5228779193587205,0.7832229520411632,-0.10676084030482762,0.5224626109354944,0.04378666302028058,-0.016561219465763805,-0.5230922374860442,0.7836658907244873,-0.08599723936232134,0.522036920836758,0.06929438402568884,-0.016561219465763805,-0.5230922374860442,0.7836658907244873,-0.08599723936232134,0.522036920836758,0.06929438402568884,-0.037572241668982195,0.001523511458226861,-0.005385722185336185,-0.19552634833685614,-0.003744655449813547,-0.24324551125194394,0.011188247195161502,0.0035402929483829013,0.011325057353246898,0.056386164738479974,0.06345471198605303,0.094642820629214,0.11499999999995876,True,False,1,True,True,0.0033851000043796375,4,2.3360732483242036e-09,3.31747438542447e-10,`gtol` termination condition is satisfied.,True,True,0.009999999999999787,0.025659288063898257,1.0,6.478437512314588e-06,0.009184499794357015,6.4781791519942205e-06,0.009184500066644197
13.699999999999752,1786132516.1570902,0.007334499998250976,0.007544799998868257,0.01,TELEOP,0,,0.0,13.699999999999752,1370,0.0,0.0,0.0,0.0,0.1336876185227793,0.04090763125237289,0.9901788658414337,1.590383188395593e-39,3.326251474307978e-31,6.708096160861334e-19,7.076576582683683e-06,0.13937667693704914,0.03511237571303526,0.9896167252768591,-0.016000000000000007,-0.22496149868535165,0.2802328425555495,-0.13018341182650042,0.0715697111724964,0.008331493963938456,0.988868364311563,-0.016000000000000007,-0.22496149868535165,0.2802328425555495,-0.13017844616003432,0.07207550683601678,0.007661595001808133,0.9888376982254059,-0.015999997669225503,-0.22496149882907251,0.2802328424930471,-0.13017844615659685,0.07207550684351278,0.007661594836148558,0.9888376982265955,-0.01600113001177193,-0.22496134033497417,0.2802262121433426,-0.13009520615038422,0.07483082998894264,0.004029641301152101,0.9886654369456025,-0.01600113001177193,-0.22496134033497417,0.2802262121433426,-0.13009520615038422,0.07483082998894264,0.004029641301152101,0.9886654369456025,-0.020904310836324137,-0.5228582416165082,0.7831853880259279,-0.1086221182030254,0.5225089474875181,0.04150569094927976,-0.0169357920378028,-0.5230766469930276,0.7836131847801595,-0.08794668143624737,0.5220058727913206,0.06687165647062657,-0.0169357920378028,-0.5230766469930276,0.7836131847801595,-0.08794668143624737,0.5220058727913206,0.06687165647062657,-0.03745725720390058,0.0015590493016635007,-0.005270594432780034,-0.19494420739260707,-0.0031048045437457156,-0.2422727555062327,0.011498446508161817,0.00355378434366405,0.0115127752556153,0.058214094424907895,0.0639850906067845,0.09727557457112415,0.1166666666666254,True,False,1,True,True,0.0036069999914616346,4,2.3360376763589963e-09,3.31737949887807e-10,`gtol` termination condition is satisfied.,True,True,0.009999999999999787,0.02550772100540826,1.0,6.728213524075684e-06,0.009125684869581275,6.727879865155795e-06,0.009125685142395933
13.709999999999752,1786132516.1645885,0.00782519999484066,0.0072179999988293275,0.01,TELEOP,0,,0.0,13.709999999999752,1371,0.0,0.0,0.0,0.0,0.13311324222836934,0.04149136916099833,0.9902319581939362,1.4451053528681158e-39,3.0224060752032285e-31,6.095327050956909e-19,6.429572002015105e-06,0.13880446112029748,0.03569573932984063,0.989676278247317,-0.016000000000000007,-0.22496149868535165,0.2802328425555495,-0.13018568180006684,0.07132241567847263,0.008658746314580978,0.988883121196989,-0.016000000000000007,-0.22496149868535165,0.2802328425555495,-0.13018084098347035,0.07182859843197713,0.00798853870971694,0.9888527617079388,-0.015999997669447805,-0.224961498830298,0.2802328424918702,-0.13018084098019503,0.07182859843947874,0.007988538544065027,0.9888527617091634,-0.016001369158956145,-0.22496132094084625,0.28022601280510573,-0.1300804356750775,0.07455845670098067,0.0043713848841340315,0.988686506321971,-0.016001369158956145,-0.22496132094084625,0.28022601280510573,-0.1300804356750775,0.07455845670098067,0.0043713848841340315,0.988686506321971,-0.021262143613500074,-0.5228383248200144,0.7831477909364266,-0.11048319841349695,0.5225573878964717,0.03922470826071844,-0.017309194337003113,-0.523060700692672,0.7835616390961664,-0.08989017359413268,0.521981242049011,0.06445883018258401,-0.017309194337003113,-0.523060700692672,0.7835616390961664,-0.08989017359413268,0.521981242049011,0.06445883018258401,-0.03734022992003197,0.0015946300355618387,-0.005154568399307323,-0.19434921578853537,-0.0024630742309675745,-0.24128262880426066,0.011702728386860789,0.003558073389833876,0.01160260334727129,0.05949916040717147,0.06417303127781547,0.09901267019720786,0.11833333333329203,True,False,1,True,True,0.003567000007024035,4,2.335923386528665e-09,3.3171710384438215e-10,`gtol` termination condition is satisfied.,True,True,0.009999999999999787,0.02536596552134681,1.0,6.968303195845799e-06,0.009071644631382858,6.967903592921887e-06,0.0090716449046714
13.719999999999752,1786132516.1739638,0.007578600008855574,0.009014499999466352,0.01,TELEOP,0,,0.0,13.719999999999752,1372,0.0,0.0,0.0,0.0,0.13253877628526944,0.042075079126146255,0.9902843836481174,1.3130983124858266e-39,2.7463162523891536e-31,5.538532985692401e-19,5.8417217972241636e-06,0.1382320371788236,0.036279137226528146,0.9897351807758302,-0.016000000000000007,-0.22496149868535165,0.2802328425555495,-0.13018790105508113,0.07107503802439073,0.008986020996016638,0.9888977200981722,-0.016000000000000007,-0.22496149868535165,0.2802328425555495,-0.13018317786623246,0.07158157812448598,0.008315535417231677,0.9888676704921553,-0.015999997669744675,-0.22496149883151612,0.28023284249071134,-0.13018317786311834,0.07158157813199298,0.00831553525159295,0.9888676704934147,-0.016001593495859164,-0.2249613010936173,0.28022582798986706,-0.1300670657640442,0.07428811910616769,0.004711945185656758,0.9887070503115506,-0.016001593495859164,-0.2249613010936173,0.28022582798986706,-0.1300670657640442,0.07428811910616769,0.004711945185656758,0.9887070503115506,-0.02161997250110978,-0.5228181689762469,0.783110164693951,-0.11234402803850879,0.5226079421855192,0.0369437834408761,-0.017681415737409695,-0.5230443990026485,0.7835112536469351,-0.09182763761694682,0.5219630159528418,0.062055996038394255,-0.017681415737409695,-0.5230443990026485,0.7835112536469351,-0.09182763761694682,0.5219630159528418,0.062055996038394255,-0.037222140040658935,0.0016301690023379878,-0.005038544923125729,-0.19374640228141862,-0.0018226096169229088,-0.24028341441898057,0.011808987937303393,0.0035538966776149693,0.01160234761815968,0.06028135071167567,0.06404646140446793,0.09992143852801164,0.11999999999995865,True,False,1,True,True,0.004392100003315136,4,2.335734991440169e-09,3.316855552875686e-10,`gtol` termination condition is satisfied.,True,True,0.009999999999999787,0.025234121921865575,1.0,7.196456305623471e-06,0.009022314732393934,7.195999114756283e-06,0.009022315006103489
13.729999999999752,1786132516.1813123,0.00924599998688791,0.007117000001017004,0.01,TELEOP,0,,0.0,13.729999999999752,1373,0.0,0.0,0.0,-8.673617379884037e-19,0.13196422108036923,0.042658760754701534,0.9903361421686703,1.1931498107255872e-39,2.4954465979988014e-31,5.032600773864471e-19,5.307617689334857e-06,0.1376594160021563,0.036862563638794615,0.9897934312571237,-0.016000000000000007,-0.22496149868535165,0.2802328425555495,-0.13019007222929346,0.07082758315533987,0.009313314594320513,0.9889121602693396,-0.016000000000000007,-0.22496149868535165,0.2802328425555495,-0.13018546009305515,0.0713344535071419,0.008642578981269128,0.9888824235225084,-0.015999997670111937,-0.22496149883272715,0.2802328424895692,-0.13018546009010115,0.071334453514654,0.008642578815648809,0.9888824235238028,-0.01600180211214611,-0.22496128100376164,0.280225658035961,-0.13005509210207333,0.07401980802031374,0.005051332714118403,0.9887270730979143,-0.01600180211214611,-0.22496128100376164,0.280225658035961,-0.13005509210207333,0.07401980802031374,0.005051332714118403,0.9887270730979143,-0.021977791062778605,-0.5227977741084981,0.783072512886013,-0.11420455727726742,0.5226606192903989,0.034662980486538056,-0.0180524546275419,-0.5230277431139178,0.7834620201743,-0.09375904157994534,0.5219511531656419,0.05966316879822132,-0.0180524546275419,-0.5230277431139178,0.7834620201743,-0.09375904157994534,0.5219511531656419,0.05966316879822132,-0.03710388901322133,0.001665588873080928,-0.004923347263505599,-0.19314039629985638,-0.0011862787199869267,-0.23928272401729903,0.011825102743761215,0.0035419870742940934,0.01151976596201329,0.06060059815622456,0.06363308969359956,0.10006904016815754,0.12166666666662529,True,False,1,True,True,0.003506799999740906,4,2.3354766873105784e-09,3.316439354669085e-10,`gtol` termination condition is satisfied.,True,True,0.009999999999999787,0.025112212597518155,1.0,7.410791736466829e-06,0.008977603418044775,7.410284419573032e-06,0.008977603692123302
13.739999999999752,1786132516.1885376,0.007350400002906099,0.0069918999943183735,0.01,TELEOP,0,,0.0,13.739999999999752,1374,0.0,0.0,0.0,0.0,0.1313895770006182,0.043242413653568075,0.9903872337207363,1.0841583279011875e-39,2.267493307825128e-31,4.572884302490979e-19,4.8223458463685805e-06,0.13708660751882215,0.03744601329572149,0.9898510282380789,-0.016000000000000007,-0.22496149868535165,0.2802328425555495,-0.1301921977195076,0.07058005556763368,0.009640624004020326,0.9889264410348464,-0.016000000000000007,-0.22496149868535165,0.2802328425555495,-0.13018769065069818,0.07108723149311709,0.008969663805621909,0.9888970198422565,-0.015999997670545708,-0.22496149883393127,0.28023284248844293,-0.1301876906479036,0.07108723150063412,0.00896966364002493,0.9888970198435861,-0.01600199426098118,-0.22496126086471324,0.2802255031690147,-0.13004450091694955,0.07375350025208673,0.005389565734201195,0.9887465810626218,-0.01600199426098118,-0.22496126086471324,0.2802255031690147,-0.13004450091694955,0.07375350025208673,0.005389565734201195,0.9887465810626218,-0.02233559339187009,-0.5227771402544311,0.7830348387962545,-0.11606473916181843,0.5227154271583382,0.03238235929295528,-0.01842231762935981,-0.5230107349182792,0.7834139229537037,-0.09568439589034589,0.5219455864023246,0.057280293762054,-0.01842231762935981,-0.5230107349182792,0.7834139229537037,-0.09568439589034589,0.5219455864023246,0.057280293762054,-0.03698630018179191,0.0017008195638565703,-0.004809722059633981,-0.19253543104005802,-0.0005566763317267127,-0.23828750361673665,0.011758883142942307,0.0035230690775642933,0.011362520387162074,0.06049652597983855,0.06296023882602274,0.09952204005623892,0.12333333333329193,True,False,1,True,True,0.003449800002272241,4,2.335152355987023e-09,3.3159279756869016e-10,`gtol` termination condition is satisfied.,True,True,0.009999999999999787,0.025000188311683262,1.0,7.6097708497518095e-06,0.008937395241801252,7.60922007989456e-06,0.008937395516197974
13.749999999999751,1786132516.1962495,0.0072767000092426315,0.007427000004099682,0.01,TELEOP,0,,0.0,13.749999999999751,1375,0.0,0.0,0.0,0.0,0.1308148444330259,0.04382603742966915,0.9904376582699067,9.851229656087412e-40,2.0603630248609355e-31,4.155161870292943e-19,4.381441680872213e-06,0.13651362078420506,0.03802948137453622,0.9899079704030942,-0.016000000000000007,-0.22496149868535165,0.2802328425555495,-0.13019427970358774,0.07033245934986082,0.00996794639981194,0.9889405617825748,-0.016000000000000007,-0.22496149868535165,0.2802328425555495,-0.1301898722548215,0.07083991837570597,0.009296784792663352,0.9889114585842939,-0.01599999767104245,-0.22496149883512895,0.28023284248733127,-0.13018987225218506,0.0708399183832277,0.009296784627094412,0.9889114585856587,-0.016002169356679044,-0.22496124085254882,0.28022536350569266,-0.13003526982808852,0.07348915998151748,0.005726669398434545,0.9887655825439862,-0.016002169356679044,-0.22496124085254882,0.28022536350569266,-0.13003526982808852,0.07348915998151748,0.005726669398434545,0.9887655825439862,-0.022693374065095334,-0.522756267464381,0.7829971454317198,-0.11792452931503278,0.5227723728378524,0.03010197600894147,-0.018791018828496615,-0.5229933769371806,0.7833669395464766,-0.09760374937921781,0.5219462251084194,0.05490725332783735,-0.018791018828496615,-0.5229933769371806,0.7833669395464766,-0.09760374937921781,0.5219462251084194,0.05490725332783735,-0.036870119913681144,0.0017357981098534059,-0.0046983407227088455,-0.19193534888719688,6.387060947814205e-05,-0.23730404342167008,0.011618026811076784,0.0034978545996836373,0.011138133692513737,0.06000821528611584,0.0620546941204868,0.09834601950665749,0.12499999999995855,True,False,1,True,True,0.003628200007369742,4,2.3347655709609896e-09,3.315325893291344e-10,`gtol` termination condition is satisfied.,True,True,0.009999999999999787,0.02489793446909872,1.0,7.792171704120327e-06,0.008901554520903535,7.7915834665274e-06,0.008901554795569097
13.759999999999751,1786132516.2037647,0.007710199992288835,0.0072321999905398116,0.01,TELEOP,0,,0.0,13.759999999999751,1376,0.0,0.0,0.0,0.0,0.13024002376466148,0.04440963168994766,0.9904874157822217,8.95134255204662e-40,1.8721536154326285e-31,3.7755974186644995e-19,3.980848779595286e-06,0.13594046406037882,0.03861296345951647,0.9899642565608497,-0.016000000000000007,-0.22496149868535165,0.2802328425555495,-0.13019632016045557,0.07008479822018272,0.010295279210865605,0.9889545219579527,-0.016000000000000007,-0.22496149868535165,0.2802328425555495,-0.13019200737446152,0.07059251988360052,0.009623937299195591,0.9889257389628167,-0.01599999767159896,-0.2249614988363199,0.2802328424862337,-0.13019200737198278,0.07059251989112678,0.00962393713365914,0.9889257389642166,-0.0160023269708991,-0.22496122112590342,0.28022523905820745,-0.13002736868682485,0.07322674010686057,0.006062674911916749,0.9887840876038688,-0.0160023269708991,-0.22496122112590342,0.28022523905820745,-0.13002736868682485,0.07322674010686057,0.006062674911916749,0.9887840876038688,-0.023051128100067663,-0.522735155799849,0.7829594355477008,-0.11978388572895407,0.5228314625602367,0.027821883361735685,-0.01915857901986904,-0.5229756722521643,0.7833210415343047,-0.09951718546866803,0.5219529580713106,0.052543873416151944,-0.01915857901986904,-0.5229756722521643,0.7833210415343047,-0.09951718546866803,0.5219529580713106,0.052543873416151944,-0.03675601913724317,0.001770468501623711,-0.004589801217188577,-0.1913436089450251,0.0006732962891169953,-0.23633799116854598,0.011410077643797823,0.0034670391770305767,0.01085395055202711,0.05917399421717836,0.060942567963886626,0.09660522531241278,0.12666666666662518,True,False,1,True,True,0.003526700005750172,4,2.3343195016834955e-09,3.314638232295412e-10,`gtol` termination condition is satisfied.,True,True,0.009999999999999787,0.02480527731889588,1.0,7.957064537592517e-06,0.008869928522899485,7.956444221050826e-06,0.008869928797786168
13.76999999999975,1786132516.2117243,0.007486999995307997,0.007704799994826317,0.01,TELEOP,0,,0.0,13.76999999999975,1377,0.0,0.0,0.0,8.673617379884037e-19,0.1296651153826533,0.044993196041366354,0.9905365062241707,8.133658059079718e-40,1.7011367013898098e-31,3.4307053041043217e-19,3.616881587618147e-06,0.13536714488864568,0.03919645550465836,0.9900198856323473,-0.016000000000000007,-0.22496149868535165,0.2802328425555495,-0.13019832088826153,0.06983707556022092,0.010622620097486097,0.9889683210585352,-0.016000000000000007,-0.22496149868535165,0.2802328425555495,-0.13019409825431982,0.0703450412313345,0.009951117096103298,0.9889398602657525,-0.015999997672212298,-0.22496149883750494,0.28023284248514907,-0.1301940982519978,0.07034504123886512,0.009951116930603566,0.9889398602671879,-0.0160024668275423,-0.22496120182609064,0.28022512973949665,-0.13002076040328522,0.07296618355345579,0.006397618732815658,0.9888021078033483,-0.0160024668275423,-0.22496120182609064,0.28022512973949665,-0.13002076040328522,0.07296618355345579,0.006397618732815658,0.9888021078033483,-0.023408850916486906,-0.5227138053321594,0.7829217116703763,-0.12164276856190247,0.5228927018135129,0.02554213095406559,-0.019525024972353606,-0.5229576244372883,0.7832761952324254,-0.10142481843325596,0.5219656559521706,0.050189929730009165,-0.019525024972353606,-0.5229576244372883,0.7832761952324254,-0.10142481843325596,0.5219656559521706,0.050189929730009165,-0.036644595248457534,0.001804781487602957,-0.004484630187928721,-0.19076329645879694,0.0012697880859977142,-0.2353943686142827,0.011142388878563418,0.0034312985979246717,0.010517102925985875,0.05803124862281776,0.059649179688073144,0.0943622554263307,0.1283333333332918,True,False,1,True,True,0.004193400003714487,4,2.3338171436018676e-09,3.313869229725345e-10,`gtol` termination condition is satisfied.,True,True,0.009999999999999787,0.02472199005441626,1.0,8.103788578365181e-06,0.008842350381168866,8.103141058196867e-06,0.008842350656230813
13.77999999999975,1786132516.2195773,0.007939600007375702,0.007618000003276393,0.01,TELEOP,0,,0.0,13.77999999999975,1378,0.0,0.0,0.0,0.0,0.12909011967418885,0.04557673009090815,0.9905849295626924,7.390667158291975e-40,1.545741787939058e-31,3.1173182886041667e-19,3.2861915037497836e-06,0.13479367015544724,0.03977995379976419,0.9900748566400999,-0.016000000000000007,-0.22496149868535165,0.2802328425555495,-0.13020028352089535,0.06958929444584673,0.010949966929910902,0.9889819586290953,-0.016000000000000007,-0.22496149868535165,0.2802328425555495,-0.13019614693505493,0.07009748716530394,0.01027832033150047,0.9889538218478853,-0.015999997672879736,-0.22496149883868372,0.28023284248407687,-0.13019614693288883,0.07009748717283872,0.010278320166041513,0.988953821849356,-0.016002588796510002,-0.2249611830774048,0.2802250353689653,-0.13001540175524812,0.07270742453900247,0.006731541810773708,0.9888196559879746,-0.016002588796510002,-0.2249611830774048,0.2802250353689653,-0.13001540175524812,0.07270742453900247,0.006731541810773708,0.9888196559879746,-0.023766538300660774,-0.5226922161412806,0.782883976117433,-0.12350113995284856,0.5229560954095036,0.023262765535663185,-0.019890388715799925,-0.5229392374938185,0.7832323623785153,-0.10332678977245872,0.5219841737280793,0.047845153821917556,-0.019890388715799925,-0.5229392374938185,0.7832323623785153,-0.10332678977245872,0.5219841737280793,0.047845153821917556,-0.03653637434463272,0.0018386943469747522,-0.00438328539101274,-0.19019713392028095,0.001851777590868041,-0.23447759080916608,0.010822090382481622,0.003391285937179584,0.010134479691598267,0.05661625385159931,0.05819895048703394,0.09167778051166267,0.12999999999995845,True,False,1,True,True,0.0037093999999342486,4,2.333261196595471e-09,3.313022521077118e-10,`gtol` termination condition is satisfied.,True,True,0.009999999999999787,0.024647798775943575,1.0,8.231930102818348e-06,0.008818641744375987,8.231259812823585e-06,0.00881864201956926
13.78999999999975,1786132516.2283237,0.00785090000135824,0.008513600012520328,0.01,TELEOP,0,,0.0,13.78999999999975,1379,0.0,0.0,0.0,-1.7347234759768075e-18,0.1285150370265145,0.046160233445576335,0.9906326857651748,6.715546762342722e-40,1.4045418413634776e-31,2.8325584540415875e-19,2.985736075380713e-06,0.1342200461522524,0.040363454939636736,0.9901291686983615,-0.016000000000000007,-0.22496149868535165,0.2802328425555495,-0.13020220954298958,0.06934145767515527,0.011277317769051175,0.988995434257178,-0.016000000000000007,-0.22496149868535165,0.2802328425555495,-0.1301981552717541,0.06984986200573944,0.010605543497081064,0.9889676231246112,-0.01599999767359879,-0.22496149883985656,0.28023284248301655,-0.1301981552697432,0.06984986201327824,0.010605543331666727,0.9889676231261173,-0.016002692886483556,-0.2249611649875759,0.2802249556786974,-0.13001124417486393,0.07245038979040275,0.007064488864883948,0.9888367460831948,-0.016002692886483556,-0.2249611649875759,0.2802249556786974,-0.13001124417486393,0.07245038979040275,0.007064488864883948,0.9888367460831948,-0.024124186373087646,-0.5226703883147727,0.7828462310168436,-0.12535896385166204,0.523021647544674,0.020983831251335305,-0.02025470685324577,-0.5229205157874501,0.7831895007946417,-0.10522326470894462,0.5220083530352775,0.045509238943871204,-0.02025470685324577,-0.5229205157874501,0.7831895007946417,-0.10522326470894462,0.5220083530352775,0.045509238943871204,-0.03643181374458536,0.00187217063684199,-0.004286158387367069,-0.18964749364859318,0.002417930719819784,-0.23359148780463992,0.01045606000473643,0.003347628986723847,0.009712700364567287,0.05496402716877782,0.056615312895175476,0.08861030045261657,0.13166666666662508,True,False,1,True,True,0.004617900005541742,4,2.332654157120688e-09,3.312101962347722e-10,`gtol` termination condition is satisfied.,True,True,0.009999999999999787,0.02458238828625437,1.0,8.341301589592074e-06,0.008798615170247744,8.340612585359634e-06,0.008798615445530514
13.79999999999975,1786132516.23575,0.00875169999198988,0.007187900002463721,0.01,TELEOP,0,,0.0,13.79999999999975,1380,0.0,0.0,0.0,0.0,0.12793986782693506,0.04674370571239492,0.9906797747994553,6.1020970571802004e-40,1.2762401841842972e-31,2.5738107734757743e-19,2.7127510094721507e-06,0.13364627862997322,0.04094695579609591,0.9901828210042999,-0.016000000000000007,-0.22496149868535165,0.2802328425555495,-0.13020410030355237,0.06909356779388176,0.011604670848997191,0.9890087475690704,-0.016000000000000007,-0.22496149868535165,0.2802328425555495,-0.1302001249507453,0.06960216968497553,0.0109327833974062,0.9889812635662718,-0.015999997674367286,-0.22496149884102368,0.2802328424819673,-0.1302001249488887,0.06960216969251816,0.010932783232040194,0.9889812635678135,-0.01600277923687921,-0.22496114764835723,0.280224890320042,-0.13000823450957177,0.0721949997080457,0.007396507702481436,0.9888533929004171,-0.01600277923687921,-0.22496114764835723,0.280224890320042,-0.13000823450957177,0.0721949997080457,0.007396507702481436,0.9888533929004171,-0.02448179155885196,-0.5226483219468576,0.7828084783239657,-0.12721620586395616,0.5230893618553044,0.01870536986751356,-0.020618019900804505,-0.522901463988275,0.7831475650200445,-0.10711442882541093,0.5220380244059037,0.04318184565929846,-0.020618019900804505,-0.522901463988275,0.7831475650200445,-0.10711442882541093,0.5220380244059037,0.04318184565929846,-0.03633130475587421,0.0019051799175166264,-0.004193577459722559,-0.1891164116466351,0.0029671370626312694,-0.23273932845727943,0.010050898871114742,0.0033009280674637076,0.00925809276445118,0.05310820019580886,0.0549206342811497,0.08521593473605182,0.1333333333332917,True,False,1,True,True,0.003644600001280196,4,2.331998214898583e-09,3.3111104088102235e-10,`gtol` termination condition is satisfied.,True,True,0.009999999999999787,0.0245254076925359,1.0,8.431921820240118e-06,0.008782076278210964,8.431217834250984e-06,0.008782076553543409
13.80999999999975,1786132516.2449963,0.007490600008168258,0.008944200002588332,0.01,TELEOP,0,,0.0,13.80999999999975,1381,0.0,0.0,0.0,0.0,0.12736461246281372,0.047327146498408836,0.9907261966338204,5.544684567464408e-40,1.1596585874192259e-31,2.338699096644557e-19,2.464724742256899e-06,0.1330723728484077,0.04153045349255937,0.9902358128300158,-0.016000000000000007,-0.22496149868535165,0.2802328425555495,-0.13020595702835508,0.06884562711849347,0.011932024561127085,0.9890218982261536,-0.016000000000000007,-0.22496149868535165,0.2802328425555495,-0.13020205750489636,0.06935441378233455,0.011260037121881386,0.9889947426930107,-0.015999997675183064,-0.22496149884218491,0.2802328424809287,-0.13020205750319364,0.06935441378988094,0.011260036956567271,0.9889947426945878,-0.016002848109128314,-0.22496113113622043,0.28022483887048566,-0.13000631575401556,0.07194116947409346,0.007727648579606133,0.9888696119540721,-0.016002848109128314,-0.22496113113622043,0.28022483887048566,-0.13000631575401556,0.07194116947409346,0.007727648579606133,0.9888696119540721,-0.024839350560593616,-0.5226260171375998,0.7827707198371031,-0.1290728331093277,0.5231592414675104,0.016427420979081328,-0.020980371657315214,-0.5228820870136791,0.7831065069128932,-0.10900048485081003,0.5220730093919057,0.04086260719927194,-0.020980371657315214,-0.5228820870136791,0.7831065069128932,-0.10900048485081003,0.5220730093919057,0.04086260719927194,-0.03623517565107158,0.0019376974595813193,-0.0041058107151216135,-0.18860560253991326,0.0034984986001943582,-0.23192384600265695,0.00961291048026351,0.0032517542064693615,0.008776674460094707,0.05108091067218268,0.05313615375631001,0.08154824546224987,0.13499999999995835,True,False,1,True,True,0.004254100000252947,4,2.331295508959942e-09,3.3100508339225227e-10,`gtol` termination condition is satisfied.,True,True,0.009999999999999787,0.0244764757917849,1.0,8.503996794264825e-06,0.008768825678266591,8.503281282621347e-06,0.008768825953611203
13.81999999999975,1786132516.2541578,0.00922310000169091,0.00888229999691248,0.01,TELEOP,0,,0.0,13.81999999999975,1382,0.0,0.0,0.0,-1.734723475976807e-18,0.1267892713215716,0.047910555410684175,0.9907719512370062,5.038190422832222e-40,1.0537264505855393e-31,2.1250643291308566e-19,2.239375333758949e-06,0.132498333621164,0.04211394538095241,0.9902881435153357,-0.016000000000000007,-0.22496149868535165,0.2802328425555495,-0.13020778083118884,0.06859763775717068,0.012259377439671915,0.9890348859215963,-0.016000000000000007,-0.22496149868535165,0.2802328425555495,-0.1302039543275362,0.06910659755591711,0.011587302019196444,0.9890080600701056,-0.015999997676044223,-0.22496149884334044,0.2802328424799003,-0.1302039543259867,0.06910659756346708,0.011587301853937602,0.9890080600717182,-0.016002899877426043,-0.2249611155131371,0.280224800840724,-0.13000542775020243,0.07168881010198348,0.008057963603638496,0.9888854192899252,-0.016002899877426043,-0.2249611155131371,0.280224800840724,-0.13000542775020243,0.07168881010198348,0.008057963603638496,0.9888854192899252,-0.02519686033384075,-0.5226034739921794,0.7827329572116727,-0.13092881409189672,0.5232312890425898,0.014150022198120027,-0.021341808605481457,-0.522862389974317,0.7830662762195238,-0.11088164960493341,0.5221131225710928,0.0385511345484063,-0.021341808605481457,-0.522862389974317,0.7830662762195238,-0.11088164960493341,0.5221131225710928,0.0385511345484063,-0.03614369481662502,0.0019697039362132048,-0.004023069336931272,-0.1881164754123418,0.004011317918708739,-0.23114726508656883,0.009148083444656362,0.003200647663188593,0.008274137819034338,0.048912712757145926,0.05128193185143914,0.07765809160881372,0.13666666666662497,True,False,1,True,True,0.004571400000713766,4,2.3305479487237366e-09,3.3089266663369966e-10,`gtol` termination condition is satisfied.,True,True,0.009999999999999787,0.024435186220190613,1.0,8.557901351839903e-06,0.008758660695123559,8.557177535060435e-06,0.008758660970444995
13.82999999999975,1786132516.2654266,0.009135200001765043,0.011016100004781038,0.01,TELEOP,0,,0.0,13.82999999999975,1383,0.0,0.0,0.0,0.0,0.12621384479068778,0.04849393205630856,0.990817038578198,4.577963349919862e-40,9.574709700849241e-32,1.9309446048119455e-19,2.034629474612098e-06,0.1319241653564792,0.04269742902073404,0.9903398124612965,-0.016000000000000007,-0.22496149868535165,0.2802328425555495,-0.13020957272409234,0.0683496016288678,0.012586728148603654,0.9890477103773597,-0.016000000000000007,-0.22496149868535165,0.2802328425555495,-0.13020581668512024,0.06885872397156627,0.011914575674018662,0.989021215303735,-0.01599999767694908,-0.22496149884449052,0.28023284247888175,-0.13020581668372297,0.06885872397911967,0.011914575508818399,0.9890212153053831,-0.01600293501908415,-0.22496110082742798,0.2802247756818548,-0.13000550785359044,0.07143782942498457,0.008387506178286033,0.9889008313248028,-0.01600293501908415,-0.22496110082742798,0.2802247756818548,-0.13000550785359044,0.07143782942498457,0.008387506178286033,0.9889008313248028,-0.025554318064505192,-0.5225806926202486,0.782695191973093,-0.13278411858212366,0.5233055068181314,0.011873209326098868,-0.021702379345877067,-0.5228423781232763,0.7830268211100018,-0.11275815110855476,0.5221581734315076,0.03624702124884678,-0.021702379345877067,-0.5228423781232763,0.7830268211100018,-0.11275815110855476,0.5221581734315076,0.03624702124884678,-0.03605707403956165,0.0020011851040762393,-0.003945510952208418,-0.1876501503621399,0.00450508604148203,-0.23041132995595714,0.008662077706337971,0.00314811678630353,0.007755838472285477,0.0466325050201918,0.04937681227733014,0.07359351306116836,0.1383333333332916,True,False,1,True,True,0.005225999993854202,4,2.329757227132136e-09,3.30773938694959e-10,`gtol` termination condition is satisfied.,True,True,0.009999999999999787,0.024401112350286275,1.0,8.594161429419233e-06,0.008751376907202053,8.593432326955413e-06,0.008751377182467194
13.83999999999975,1786132516.2775557,0.011396999994758517,0.011748000004445203,0.01,TELEOP,0,,0.0,13.83999999999975,1384,0.0,0.0,0.0,-1.734723475976807e-18,0.12563833325769858,0.04907727604239129,0.9908614586270305,4.159776958455666e-40,8.700082056836872e-32,1.7545572695097293e-19,1.8486034120842288e-06,0.13134987209430674,0.04328090215984534,0.9903908191242596,-0.016000000000000007,-0.22496149868535165,0.2802328425555495,-0.13021133362664625,0.06810152048063244,0.012914075469725245,0.9890603713414862,-0.016000000000000007,-0.22496149868535165,0.2802328425555495,-0.13020764572875218,0.06861079572925163,0.012241855885746732,0.9890342080371374,-0.015999997677896012,-0.224961498845635,0.2802328424778725,-0.13020764572750662,0.06861079573680837,0.012241855720608224,0.989034208038821,-0.016002954104615136,-0.2249610871146603,0.28022476279261704,-0.1300064915632059,0.0711881330222291,0.008716330490806008,0.9889158646978067,-0.016002954104615136,-0.2249610871146603,0.28022476279261704,-0.1300064915632059,0.0711881330222291,0.008716330490806008,0.9889158646978067,-0.025911721148355066,-0.5225576731353726,0.7826574255285172,-0.1346387175089591,0.5233818966452688,0.009597016510912855,-0.022062134064868028,-0.5228220568085173,0.7829880886791796,-0.11463022586465492,0.5222079681314279,0.03394984791357046,-0.022062134064868028,-0.5228220568085173,0.7829880886791796,-0.11463022586465492,0.5222079681314279,0.03394984791357046,-0.03597547189909679,0.00203213147589188,-0.0038732430822219694,-0.18720747561002013,0.004979469992026007,-0.22971733352763707,0.008160214046485972,0.003094637181564137,0.007226786998645028,0.0442674752119764,0.04743839505439874,0.069399642832009,0.13999999999995824,True,False,1,True,True,0.005789200004073791,4,2.328924950893103e-09,3.30649166280293e-10,`gtol` termination condition is satisfied.,True,True,0.009999999999999787,0.024373811922747915,1.0,8.613436896402948e-06,0.008746769519812974,8.612705356356763e-06,0.008746769794990871
13.84999999999975,1786132516.2855146,0.012153300005593337,0.0075530000030994415,0.01,TELEOP,0,,0.0,13.84999999999975,1385,0.0,0.0,0.0,-1.734723475976807e-18,0.12506273711019777,0.049660586976063695,0.9909052113535878,3.779790929169753e-40,7.905349630493899e-32,1.5942825103930152e-19,1.6795856198679562e-06,0.13077545754001432,0.04386436271740418,0.9904411630105925,-0.016000000000000007,-0.22496149868535165,0.2802328425555495,-0.1302130643744181,0.06785339590333966,0.013241418291852243,0.9890728685856409,-0.016000000000000007,-0.22496149868535165,0.2802328425555495,-0.13020944250466482,0.06836281528709802,0.012569140649148238,0.9890470379471284,-0.01599999767888355,-0.22496149884677405,0.2802328424768724,-0.13020944250357047,0.06836281529465797,0.012569140484074525,0.9890470379488477,-0.016002957787665674,-0.2249610743985786,0.28022476152660886,-0.13000831311429406,0.07093962508119288,0.009044491041085356,0.9889305361330103,-0.016002957787665674,-0.2249610743985786,0.28022476152660886,-0.13000831311429406,0.07093962508119288,0.009044491041085356,0.9889305361330103,-0.026269067172299924,-0.5225344156545249,0.7826196591774961,-0.13649258286146543,0.5234604600224416,0.007321476390051218,-0.02242112403718913,-0.5228014314286412,0.7829500254127197,-0.11649811631466903,0.5222623111333757,0.03165918644287606,-0.02242112403718913,-0.5228014314286412,0.7829500254127197,-0.11649811631466903,0.5222623111333757,0.03165918644287606,-0.03589899723211088,0.002062537987617897,-0.003806326645983665,-0.18678904500141466,0.005434300194783364,-0.2290661470694446,0.0076474666985915565,0.003040651172601736,0.006691643623830577,0.04184306086054898,0.04548302027573672,0.06511864581925028,0.14166666666662486,True,False,1,True,True,0.003619700000854209,4,2.328052595608354e-09,3.3051859836274883e-10,`gtol` termination condition is satisfied.,True,True,0.009999999999999787,0.024352831402657607,1.0,8.616504943113718e-06,0.008744634590817367,8.615773666949752e-06,0.008744634865879399
13.859999999999749,1786132516.294231,0.007857099990360439,0.008413000003201887,0.01,TELEOP,0,,0.0,13.859999999999749,1386,0.0,0.0,0.0,-1.7347234759768075e-18,0.12448705673583603,0.05024386446447936,0.9909482967284033,3.4345157470986097e-40,7.183214177990346e-32,1.4486484807961182e-19,1.526021052224917e-06,0.13020092509500134,0.04444780876798648,0.9904908436718645,-0.016000000000000007,-0.22496149868535165,0.2802328425555495,-0.13021476572663612,0.06760522934598745,0.013568755600986372,0.9890852019028868,-0.016000000000000007,-0.22496149868535165,0.2802328425555495,-0.13021120796375227,0.0681147848832651,0.012896428136718182,0.9890597047409431,-0.01599999767991037,-0.22496149884790775,0.28023284247588115,-0.1302112079628085,0.06811478489082819,0.01289642797171226,0.989059704742698,-0.016002946794908202,-0.22496106269205285,0.2802247711994203,-0.13001090603238805,0.07069220919610693,0.009372042211961796,0.9889448623135613,-0.016002946794908202,-0.22496106269205285,0.2802247711994203,-0.13001090603238805,0.07069220919610693,0.009372042211961796,0.9889448623135613,-0.0266263538973306,-0.5225109202976516,0.7825818941216881,-0.1383456875991051,0.5235411981259923,0.005046620221087018,-0.022779401163623345,-0.5227805073920118,0.7829125776178327,-0.11836206847221276,0.5223210067114988,0.029374603940421556,-0.022779401163623345,-0.5227805073920118,0.7829125776178327,-0.11836206847221276,0.5223210067114988,0.029374603940421556,-0.035827712643422105,0.002092403662948111,-0.0037447794887014423,-0.1863952157543774,0.005869557812312921,-0.2284582502454555,0.007128458868877498,0.002986567533021476,0.006154715728222415,0.03938292470372848,0.04352576175295664,0.06078968239891028,0.14333333333329148,True,False,1,True,True,0.0049202000082004815,4,2.3271414778144505e-09,3.3038237095660756e-10,`gtol` termination condition is satisfied.,True,True,0.009999999999999787,0.024337710052824844,1.0,8.604244005589525e-06,0.00874477012555084,8.603515569324745e-06,0.008744770400470453
13.869999999999749,1786132516.3012998,0.008641699998406693,0.0068402000033529475,0.01,TELEOP,0,,0.0,13.869999999999749,1387,0.0,0.0,0.0,0.0,0.12391129252232082,0.050827108114814376,0.9909907147224604,3.1207806564209468e-40,6.527044133234347e-32,1.316317783850974e-19,1.3864968376516848e-06,0.12962627788451733,0.04503123852734863,0.9905398607005055,-0.016000000000000007,-0.22496149868535165,0.2802328425555495,-0.1302164383731622,0.06735702212868454,0.013896086471390078,0.9890973711056683,-0.016000000000000007,-0.22496149868535165,0.2802328425555495,-0.1302129429702397,0.0678667065558667,0.013223716682609266,0.9890722081533719,-0.015999997680975216,-0.22496149884903585,0.28023284247489827,-0.1302129429694459,0.06786670656343274,0.013223716517673982,0.9890722081551624,-0.016002921915989163,-0.22496105199803254,0.2802247910956262,-0.13001420364803704,0.07044578910225804,0.009699037879958955,0.9889588597670432,-0.016002921915989163,-0.22496105199803254,0.2802247910956262,-0.13001420364803704,0.07044578910225804,0.009699037879958955,0.9889588597670432,-0.026983579242971602,-0.5224871871872847,0.7825441314736848,-0.14019800556996118,0.5236241118378878,0.0027724780005767683,-0.023137017543961292,-0.5227592900792353,0.7828756918187408,-0.1202223297353622,0.5223838603326005,0.02709566632747823,-0.023137017543961292,-0.5227592900792353,0.7828756918187408,-0.1202223297353622,0.5223838603326005,0.02709566632747823,-0.035761638033795444,0.002121731277651778,-0.0036885799091901307,-0.18602612631494903,0.006285362110168073,-0.22789376129433753,0.006607460962666385,0.0029327614703667454,0.005619957951131283,0.03690894394283786,0.04158042978551605,0.05644889511179664,0.14499999999995813,True,False,1,True,True,0.0034434999979566783,4,2.326192838219116e-09,3.3024068703282054e-10,`gtol` termination condition is satisfied.,True,True,0.009999999999999787,0.024327983719334537,1.0,8.577618225278295e-06,0.008746977055945071,8.576895096993828e-06,0.008746977330697833
13.879999999999749,1786132516.3110769,0.007069800005410798,0.009547699999529868,0.01,TELEOP,0,,0.0,13.879999999999749,1388,0.0,0.0,0.0,-1.734723475976807e-18,0.12333544485741595,0.05141031753426761,0.9910324653071912,2.8357045425453767e-40,5.930813708398682e-32,1.1960751908082785e-19,1.259729280468069e-06,0.12905151878293727,0.04561465033945912,0.9905882137258849,-0.016000000000000007,-0.22496149868535165,0.2802328425555495,-0.13021808294082785,0.0671087754544501,0.014223410057479501,0.9891093760239849,-0.016000000000000007,-0.22496149868535165,0.2802328425555495,-0.13021464830956725,0.06761858216110256,0.013551004767997067,0.9890845479441663,-0.01599999768207697,-0.22496149885015884,0.2802328424739239,-0.13021464830892265,0.06761858216867146,0.013551004603135207,0.9890845479459923,-0.016002883993623446,-0.2249610423104944,0.28022482047558794,-0.13001813957177413,0.07020026934657134,0.010025531065420926,0.9889725447618958,-0.016002883993623446,-0.2249610423104944,0.28022482047558794,-0.13001813957177413,0.07020026934657134,0.010025531065420926,0.9889725447618958,-0.02734074127311614,-0.522463216448199,0.7825063722650349,-0.142049511436215,0.523709201770837,0.0004990785723669056,-0.023494025085167985,-0.5227377848089746,0.782839315117117,-0.1220791468772829,0.5224506799119315,0.024821941656203023,-0.023494025085167985,-0.5227377848089746,0.782839315117117,-0.1220791468772829,0.5224506799119315,0.024821941656203023,-0.035700754120670024,0.0021505270260670675,-0.003637670162386714,-0.18568171419207327,0.00668195793309606,-0.2273724671275256,0.006088391312542077,0.0028795748415290107,0.005090974680341814,0.03444121228757559,0.03965958229279958,0.05212941668119286,0.14666666666662476,True,False,1,True,True,0.00436700000136625,4,2.3252078095249597e-09,3.3009374475029757e-10,`gtol` termination condition is satisfied.,True,True,0.009999999999999787,0.02432318832690146,1.0,8.537662450011035e-06,0.008751060116752129,8.536947003443284e-06,0.00875106039131577
13.889999999999748,1786132516.319478,0.009910799999488518,0.00803769999765791,0.01,TELEOP,0,,0.0,13.889999999999748,1389,0.0,0.0,0.0,0.0,0.12275951412894155,0.051993492330061064,0.9910735484544778,2.576669474052214e-40,5.389047557473719e-32,1.0868164812616583e-19,1.144552050763028e-06,0.12847665043672615,0.04619804266471948,0.9906359024107688,-0.016000000000000007,-0.22496149868535165,0.2802328425555495,-0.13021969999919156,0.06686049041993432,0.01455072558646088,0.9891212165037377,-0.016000000000000007,-0.22496149868535165,0.2802328425555495,-0.1302163246955593,0.0673704133897604,0.013878291007754676,0.9890967238956854,-0.015999997683214574,-0.22496149885127628,0.2802328424729574,-0.13021632469506342,0.06737041339733209,0.013878290842968996,0.989096723897547,-0.01600283391391397,-0.22496103361537523,0.28022485858201973,-0.13002264812921377,0.06995555589526534,0.010351573620867987,0.9889859332146352,-0.01600283391391397,-0.22496103361537523,0.28022485858201973,-0.13002264812921377,0.06995555589526534,0.010351573620867987,0.9889859332146352,-0.02769783818312323,-0.5224390082071205,0.7824686174535497,-0.14390018060625692,0.5237964682910502,-0.0017735502737729271,-0.023850475144454365,-0.522715996807056,0.7828033955179649,-0.12393276421382807,0.5225212769456177,0.02255300312468703,-0.023850475144454365,-0.522715996807056,0.7828033955179649,-0.12393276421382807,0.5225212769456177,0.02255300312468703,-0.035645005928638666,0.0021788001918490248,-0.003591959915220699,-0.18536173365452135,0.007059703368614919,-0.22689385315160399,0.0055748192031359126,0.0028273165781957706,0.004571024716601565,0.03199805375519218,0.037774543551886676,0.04786139759216125,0.14833333333329138,True,False,1,True,True,0.003990799988969229,4,2.3241874246741546e-09,3.2994159114082863e-10,`gtol` termination condition is satisfied.,True,True,0.009999999999999787,0.02432286308383612,1.0,8.485467784869347e-06,0.008756828629716308,8.484762311249588e-06,0.008756828904070488
13.899999999999748,1786132516.3281686,0.008265900003607385,0.008462700003292412,0.01,TELEOP,0,,0.0,13.899999999999748,1390,0.0,0.0,0.0,0.0,0.12218350072477366,0.05257663210943995,0.9911139641366515,2.3412966615178574e-40,4.896770494677154e-32,9.875383027916218e-20,1.0399054540553897e-06,0.12790167528530363,0.04678141406926561,0.9906829264481202,-0.016000000000000007,-0.22496149868535165,0.2802328425555495,-0.13022129006577013,0.06661216802515765,0.014878032351642327,0.989132892405231,-0.016000000000000007,-0.22496149868535165,0.2802328425555495,-0.1302179727769433,0.06712220178223265,0.014205574138321898,0.9891087358107647,-0.015999997684387056,-0.2249614988523885,0.280232842471999,-0.13021797277659558,0.06712220178980707,0.014205573973615023,0.9891087358126621,-0.016002772596966558,-0.22496102589148034,0.28022490464628114,-0.13002766475645772,0.06971155667973,0.010677215956252034,0.9889990406075704,-0.016002772596966558,-0.22496102589148034,0.28022490464628114,-0.13002766475645772,0.06971155667973,0.010677215956252034,0.9889990406075704,-0.028054868288065506,-0.5224145625924576,0.7824308679299317,-0.14574998917285809,0.5238859115388533,-0.004045381712348571,-0.024206418206741957,-0.5226939311788071,0.7827678822216029,-0.1257834219456544,0.522595467522283,0.020288431798317963,-0.024206418206741957,-0.5226939311788071,0.7827678822216029,-0.1257834219456544,0.522595467522283,0.020288431798317963,-0.03559430622875985,0.002206562824888338,-0.0035513296361975788,-0.18506577318263764,0.0074190576665328755,-0.22645713263691172,0.005069969987881879,0.00277626330393139,0.004063027902312139,0.029596047188371055,0.03593542979179641,0.04367205146922742,0.14999999999995803,True,False,1,True,True,0.005045400001108646,4,2.3231326561581186e-09,3.2978445029836533e-10,`gtol` termination condition is satisfied.,True,True,0.009999999999999787,0.024326553398459957,1.0,8.422167712135754e-06,0.008764097204551539,8.421474427680545e-06,0.00876409747867796
13.909999999999748,1786132516.335583,0.008734199989703484,0.007142700007534586,0.01,TELEOP,0,,0.0,13.909999999999748,1391,0.0,0.0,0.0,0.0,0.12160740503284394,0.05315973647967314,0.9911537123264936,2.127424612445105e-40,4.449461805971022e-32,8.973289569076412e-20,9.448266819669502e-07,0.127326595580001,0.04736476321525048,0.9907292855582082,-0.016000000000000007,-0.22496149868535165,0.2802328425555495,-0.1302228536107925,0.06636380918235973,0.015205329706359195,0.9891444036018151,-0.016000000000000007,-0.22496149868535165,0.2802328425555495,-0.130219593143277,0.06687394874218001,0.01453285300666394,0.9891205835107844,-0.015999997685593553,-0.22496149885349526,0.2802328424710481,-0.13021959314307685,0.06687394874975702,0.014532852842038473,0.9891205835127171,-0.01600270098786062,-0.2249610191113628,0.2802249578943625,-0.1300331263562513,0.06946818208210064,0.01100250679966862,0.9890118819166687,-0.01600270098786062,-0.2249610191113628,0.2802249578943625,-0.1300331263562513,0.06946818208210064,0.01100250679966862,0.9890118819166687,-0.028411830012029685,-0.5223898797340748,0.7823931245238103,-0.14759891385688406,0.5239775314473697,-0.006316389800404621,-0.02456190359582008,-0.5226715928845461,0.7827327258825919,-0.1276313546714343,0.5226730732170394,0.018027819043599635,-0.02456190359582008,-0.5226715928845461,0.7827327258825919,-0.1276313546714343,0.5226730732170394,0.018027819043599635,-0.03554853890781301,0.0022338294261006523,-0.0035156339010926456,-0.184793272577994,0.0077605694756319775,-0.22606127547183755,0.004576732094684298,0.0027266601212314816,0.0035695735104933754,0.027250060464364494,0.03415118090991097,0.039585716507418066,0.15166666666662465,True,False,1,True,True,0.0036733000015374273,4,2.3220443555850806e-09,3.2962240011551074e-10,`gtol` termination condition is satisfied.,True,True,0.009999999999999787,0.024333813510666533,1.0,8.34892479136892e-06,0.008772686363760223,8.348245843708642e-06,0.008772686637642376
13.919999999999748,1786132516.3454223,0.007365199999185279,0.009616900002583861,0.01,TELEOP,0,,0.0,13.919999999999748,1392,0.0,0.0,0.0,0.0,0.1210312274411395,0.05374280504805331,0.9911927929972343,1.9330892816901943e-40,4.0430137341162396e-32,8.153600266731718e-20,8.584409542214308e-07,0.12675141340128457,0.047948088852018476,0.9907749794859975,-0.016000000000000007,-0.22496149868535165,0.2802328425555495,-0.1302243910615192,0.06611541472403795,0.015532617058456594,0.9891557499786575,-0.016000000000000007,-0.22496149868535165,0.2802328425555495,-0.1302211863303371,0.06662565554896187,0.014860126560223305,0.9891322668339179,-0.01599999768683324,-0.2249614988545967,0.28023284247010494,-0.13022118633028362,0.06662565555654136,0.01486012639568176,0.9891322668358864,-0.016002620048027362,-0.2249610132421671,0.280225017552536,-0.13003897161557124,0.06922534536228801,0.011327492991978692,0.9890244715491894,-0.016002620048027362,-0.2249610132421671,0.280225017552536,-0.13003897161557124,0.06922534536228801,0.011327492991978692,0.9890244715491894,-0.02876872187837528,-0.522364959763091,0.7823553880092274,-0.14944693195606376,0.5240713277594421,-0.00858654940314294,-0.024916979218326103,-0.5226489867181301,0.7826978788366002,-0.1294767900678758,0.5227539218715549,0.01577076868200546,-0.024916979218326103,-0.5226489867181301,0.7826978788366002,-0.1294767900678758,0.5227539218715549,0.01577076868200546,-0.03550756225060304,0.0022606166416027284,-0.003484704599171363,-0.18454353964415385,0.008084865451553418,-0.22570503615942233,0.00409766572099738,0.0026787215502076774,0.003092930192128333,0.024973293384015126,0.03242959759214474,0.03562393124152315,0.15333333333329127,True,False,1,True,True,0.005849000008311123,4,2.320923339296856e-09,3.294555834189929e-10,`gtol` termination condition is satisfied.,True,True,0.009999999999999787,0.024344208844004254,1.0,8.266917964099508e-06,0.008782423096724163,8.266255434734027e-06,0.008782423370347424
13.929999999999747,1786132516.3524709,0.009840100014116615,0.006824700001743622,0.01,TELEOP,0,,0.0,13.929999999999747,1393,0.0,0.0,0.0,1.7347234759768075e-18,0.12045496833770271,0.05432583742189728,0.9912312061225538,1.7565060351025412e-40,3.673693756021646e-32,7.408787691278106e-20,7.799534704840991e-07,0.12617613067440397,0.04853138980808938,0.9908200079987902,-0.016000000000000007,-0.22496149868535165,0.2802328425555495,-0.13022590280616692,0.06586698541025107,0.01585989386527817,0.9891669314316299,-0.016000000000000007,-0.22496149868535165,0.2802328425555495,-0.13022275282501866,0.066377323368944,0.01518739383777701,0.9891437856335473,-0.01599999768810534,-0.22496149885569278,0.28023284246916935,-0.1302227528251116,0.06637732337652594,0.015187393673321867,0.9891437856355514,-0.01600253074707879,-0.22496100824643173,0.2802250828526488,-0.13004514128554207,0.06898296302847402,0.011652219313708401,0.9890368232906704,-0.01600253074707879,-0.22496100824643173,0.2802250828526488,-0.13004514128554207,0.06898296302847402,0.011652219313708401,0.9890368232906704,-0.02912554250086685,-0.5223398028117047,0.7823176591096187,-0.15129402129837696,0.524167300042964,-0.010855836126252396,-0.025271691339529823,-0.5226261172884541,0.7826632952963372,-0.1313199477314923,0.5228378482643845,0.013516898872709012,-0.025271691339529823,-0.5226261172884541,0.7826632952963372,-0.1313199477314923,0.5228378482643845,0.013516898872709012,-0.03547121212037275,0.0022869429675979346,-0.0034583540263109346,-0.18431576636165573,0.00839263928295804,-0.22538698092964954,0.003635013023029048,0.002632632599520694,0.0026350572860429195,0.02277732824981204,0.030777383140462793,0.031805522977279566,0.15499999999995792,True,False,1,True,True,0.003475399993476458,4,2.319770373568579e-09,3.292840933532781e-10,`gtol` termination condition is satisfied.,True,True,0.009999999999999787,0.024357318085148398,1.0,8.17733047858786e-06,0.00879314134714911,8.176686383720861e-06,0.00879314162050053
13.939999999999747,1786132516.3609734,0.007034299997030757,0.008293600010802038,0.01,TELEOP,0,,0.0,13.939999999999747,1394,0.0,0.0,0.0,-1.734723475976807e-18,0.11987862811063069,0.054908833208546205,0.9912689516765817,1.596053260744382e-40,3.338110305970187e-32,6.732012026441428e-20,7.086420980045888e-07,0.12560074918360928,0.04911466498387809,0.9908643708840961,-0.016000000000000007,-0.22496149868535165,0.2802328425555495,-0.13022738919747545,0.06561852193525429,0.016187159629114715,0.9891779478662994,-0.016000000000000007,-0.22496149868535165,0.2802328425555495,-0.1302242930697888,0.06612895326578365,0.015514653961118735,0.9891551397768261,-0.015999997689409174,-0.22496149885678343,0.2802328424682411,-0.13022429307002756,0.06612895327336787,0.015514653796752393,0.9891551397788657,-0.016002434055122906,-0.22496100408285075,0.28022515303704243,-0.130051578424765,0.06874095515330249,0.011976728342527065,0.9890489502608293,-0.016002434055122906,-0.22496100408285075,0.28022515303704243,-0.130051578424765,0.06874095515330249,0.011976728342527065,0.9890489502608293,-0.029482290575604354,-0.522314409013038,0.7822799385023477,-0.15314016019965532,0.5242654477047712,-0.013124226254359158,-0.025626084389772638,-0.522602989003783,0.7826289315178043,-0.1331610381763919,0.5229246946761477,0.011265843734138189,-0.025626084389772638,-0.522602989003783,0.7826289315178043,-0.1331610381763919,0.5229246946761477,0.011265843734138189,-0.03543930502428233,0.002312828467114804,-0.003436377853277723,-0.1841090444899643,0.008684641176313426,-0.2251055138570872,0.0031907096090416295,0.0025885499516870012,0.0021976173033212156,0.020672187169143895,0.029200189335539178,0.028146707256234325,0.15666666666662454,True,False,1,True,True,0.0047774999984540045,4,2.3185861229309917e-09,3.291080735363449e-10,`gtol` termination condition is satisfied.,True,True,0.009999999999999787,0.024372734998961407,1.0,8.081338459346878e-06,0.008804682436865215,8.080714748426556e-06,0.008804682709933561
13.949999999999747,1786132516.3678193,0.008518899994669482,0.006620200001634657,0.01,TELEOP,0,,0.0,13.949999999999747,1395,0.0,0.0,0.0,-1.734723475976807e-18,0.11930220714807524,0.05549179201536595,0.9913060296338972,1.4502574771876961e-40,3.03318162994932e-32,6.117058257385936e-20,6.438507277967755e-07,0.12502527058506765,0.04969791334508255,0.9909080679477087,-0.016000000000000007,-0.22496149868535165,0.2802328425555495,-0.13022885055594802,0.06537002493352699,0.016514413893070467,0.9891887991970163,-0.016000000000000007,-0.22496149868535165,0.2802328425555495,-0.13022580746673554,0.0658805462097835,0.01584190612749245,0.9891663291433778,-0.015999997690744047,-0.22496149885786867,0.2802328424673201,-0.13022580746711948,0.06588054621736995,0.015841905963217277,0.9891663291454529,-0.016002330935592796,-0.22496100070698816,0.28022522736308336,-0.13005822860731422,0.06849924563817497,0.012301060339550814,0.9890608648779161,-0.016002330935592796,-0.22496100070698816,0.28022522736308336,-0.13005822860731422,0.06849924563817497,0.012301060339550814,0.9890608648779161,-0.029838964873679326,-0.5222887785010047,0.782242226822819,-0.15498532742502966,0.5243657700032249,-0.015391696695057527,-0.025980200800300127,-0.5225796060587874,0.7825947459382119,-0.13500026198177653,0.5230143113544797,0.009017254715245521,-0.025980200800300127,-0.5225796060587874,0.7825947459382119,-0.13500026198177653,0.5230143113544797,0.009017254715245521,-0.03541164105274956,0.002338294499562351,-0.003418557959244415,-0.1839223805384657,0.008961667833202071,-0.22485890188927143,0.0027663971532772167,0.002546603244754754,0.0017819894033308478,0.018666395149858954,0.027702665688865077,0.024661196781579818,0.15833333333329117,True,False,1,True,True,0.0033779999939724803,4,2.3173712770332313e-09,3.289275948334046e-10,`gtol` termination condition is satisfied.,True,True,0.009999999999999787,0.024390069988497347,1.0,7.980100147272143e-06,0.008816895428169201,7.979498698803626e-06,0.008816895700944795
13.959999999999747,1786132516.3755345,0.006865600007586181,0.007469799995305948,0.01,TELEOP,0,,0.0,13.959999999999747,1396,0.0,0.0,0.0,0.0,0.11872570583824256,0.05607471344974722,0.9913424399695293,1.3177798021338518e-40,2.756107485066487e-32,5.558279096544188e-20,5.849832382336633e-07,0.12444969641859882,0.050281133916678655,0.9909510990119692,-0.016000000000000007,-0.22496149868535165,0.2802328425555495,-0.13023028717279614,0.0651214949852491,0.0168416562373088,0.9891994853460861,-0.016000000000000007,-0.22496149868535165,0.2802328425555495,-0.1302272963812485,0.0656321030863984,0.01616914960271056,0.9891773536241174,-0.015999997692109396,-0.22496149885894862,0.2802328424664065,-0.13022729638177688,0.06563210309398702,0.01616914943852892,0.9891773536262279,-0.016002222338610546,-0.22496099807194653,0.28022530510729693,-0.13006504009679987,0.06825776242821698,0.012625253162682048,0.9890725788310427,-0.016002222338610546,-0.22496099807194653,0.28022530510729693,-0.13006504009679987,0.06825776242821698,0.012625253162682048,0.9890725788310427,-0.03019556423449302,-0.5222629114101907,0.7822045246682199,-0.1568295021538832,0.5244682660596153,-0.017658224928026413,-0.02633408086713222,-0.5225559724241484,0.7825606992869883,-0.13683780908235205,0.5231065568839587,0.006770801728182304,-0.02633408086713222,-0.5225559724241484,0.7825606992869883,-0.13683780908235205,0.5231065568839587,0.006770801728182304,-0.03538800668320994,0.0023633634639021114,-0.0034046651223573784,-0.18375471005755653,0.009224552947890463,-0.22464529870632655,0.0023634369539620934,0.002506896433976113,0.0013892836887036536,0.016767048090918224,0.026288511468839728,0.021360318294488582,0.15999999999995781,True,False,1,True,True,0.004117299991776235,4,2.31612638921401e-09,3.287426472449251e-10,`gtol` termination condition is satisfied.,True,True,0.009999999999999787,0.024408951410303047,1.0,7.874745838645682e-06,0.0088296374263333,7.874168453945818e-06,0.008829637698807888
13.969999999999747,1786132516.3825743,0.0077000999881420285,0.006809800004702993,0.01,TELEOP,0,,0.0,13.969999999999747,1397,0.0,0.0,0.0,0.0,0.11814912456939299,0.0566575971191059,0.9913781826589565,1.1974036570936333e-40,2.504343424157701e-32,5.050543123040734e-20,5.314980105266828e-07,0.1238740281183366,0.05086432577746644,0.9909934639141971,-0.016000000000000007,-0.22496149868535165,0.2802328425555495,-0.13023169931261525,0.06487293262127608,0.017168886275642496,0.9892100062430212,-0.016000000000000007,-0.22496149868535165,0.2802328425555495,-0.13022876014536428,0.06538362470397052,0.016496383714895268,0.989188213120184,-0.01599999769350464,-0.224961498860023,0.2802328424655,-0.13022876014603657,0.0653836247115612,0.01649638355080942,0.9891882131223302,-0.016002109194900197,-0.22496099612898843,0.28022538556910087,-0.13007196398801735,0.0680164376806017,0.012949342205171493,0.9890841030599947,-0.016002109194900197,-0.22496099612898843,0.28022538556910087,-0.13007196398801735,0.0680164376806017,0.012949342205171493,0.9890841030599947,-0.030552087559677442,-0.5222368078757567,0.7821668326009235,-0.1586726639480017,0.5245729348684948,-0.019923788958780435,-0.026687762641537646,-0.5225320918385877,0.7825267546713802,-0.1386738581944466,0.5232012984664292,0.004526174054714895,-0.026687762641537646,-0.5225320918385877,0.7825267546713802,-0.1386738581944466,0.5232012984664292,0.004526174054714895,-0.0353681774405433,0.0023880585560712123,-0.0033944615608171055,-0.1836049112094613,0.009474158247049643,-0.2244627673467457,0.001982924266664618,0.002469509216910138,0.0010203561540273163,0.014979884809523022,0.024960529915918538,0.018253135958086475,0.16166666666662444,True,False,1,True,True,0.0034604999964358285,4,2.3148520180235582e-09,3.285534578899763e-10,`gtol` termination condition is satisfied.,True,True,0.009999999999999787,0.02442902665620872,1.0,7.76636855576966e-06,0.008842773823567057,7.765816951222592e-06,0.008842774095733785
13.979999999999746,1786132516.3905644,0.007033700007013977,0.0077661999966949224,0.01,TELEOP,0,,0.0,13.979999999999746,1398,0.0,0.0,0.0,0.0,0.11757246372984062,0.05724044263088333,0.9914132576781067,1.0880235952163831e-40,2.275577429437815e-32,4.5891876594598176e-20,4.829029456353891e-07,0.12329826702241518,0.051447488055117126,0.9910351625052739,-0.016000000000000007,-0.22496149868535165,0.2802328425555495,-0.13023308721581614,0.06462433832765856,0.017496103652437135,0.9892203618238624,-0.016000000000000007,-0.22496149868535165,0.2802328425555495,-0.13023019906080763,0.06513511180076262,0.01682360784878742,0.989198907541974,-0.015999997694929227,-0.22496149886109196,0.2802328424646006,-0.13023019906162348,0.0651351118083553,0.016823607684799617,0.9891989075441556,-0.016001992410258497,-0.22496099482810827,0.2802254680741339,-0.13007895431780792,0.06777520788901123,0.013273360357578612,0.9890954477420291,-0.016001992410258497,-0.22496099482810827,0.2802254680741339,-0.13007895431780792,0.06777520788901123,0.013273360357578612,0.9890954477420291,-0.030908533807565437,-0.5222104680333439,0.7821291511515728,-0.16051479272264027,0.5246797753070437,-0.022188367276644753,-0.027041281845617812,-0.5225079678031762,0.7824928776381852,-0.14050857637031242,0.5232984121173091,0.0022830810392353317,-0.027041281845617812,-0.5225079678031762,0.7824928776381852,-0.14050857637031242,0.5232984121173091,0.0022830810392353317,-0.03535192040801732,0.002412403541151256,-0.003387703319504183,-0.18347181758658512,0.009711365088000034,-0.22430930154796108,0.0016257032525975972,0.0024344985080044265,0.0006758241312923032,0.013309362287617504,0.023720684095039708,0.015346579878460637,0.16333333333329106,True,False,1,True,True,0.003902700002072379,4,2.313548714254889e-09,3.2836002344774274e-10,`gtol` termination condition is satisfied.,True,True,0.009999999999999787,0.024449963013495328,1.0,7.656015494309033e-06,0.008856178485574876,7.655491291128636e-06,0.008856178757428265
13.989999999999746,1786132516.397747,0.008002499991562217,0.006945999994059093,0.01,TELEOP,0,,0.0,13.989999999999746,1399,0.0,0.0,0.0,0.0,0.11699572370795314,0.05782324959254654,0.9914476650033578,9.88635149671181e-41,2.0677086806129408e-32,4.16997595321164e-20,4.3875093676375165e-07,0.1227224143817693,0.052030619921675056,0.9910761946483646,-0.016000000000000007,-0.22496149868535165,0.2802328425555495,-0.13023445110083412,0.06437571254974833,0.01782330803979873,0.9892305520305644,-0.016000000000000007,-0.22496149868535165,0.2802328425555495,-0.13023161340175549,0.06488656505135267,0.01715082144057189,0.9892094368082656,-0.015999997696382693,-0.22496149886215533,0.2802328424637083,-0.13023161340271416,0.06488656505894728,0.017150821276684363,0.9892094368104827,-0.016001872860586262,-0.2249609941185591,0.2802255519771853,-0.1300859681468354,0.06753401396708562,0.013597337991308151,0.9891066222851529,-0.016001872860586262,-0.2249609941185591,0.2802255519771853,-0.1300859681468354,0.06753401396708562,0.013597337991308151,0.9891066222851529,-0.031264901988160884,-0.5221838920190041,0.7820914808218926,-0.16235586872024707,0.5247887861435526,-0.024451938816577243,-0.027394671811458958,-0.52248360357777,0.7824590362131988,-0.14234211867284174,0.5233977827835757,4.125258160259321e-05,-0.027394671811458958,-0.52248360357777,0.7824590362131988,-0.14234211867284174,0.5233977827835757,4.125258160259321e-05,-0.03533899658411523,0.002436422540619311,-0.0033841424986375754,-0.18335423025293543,0.00993706662666914,-0.22418284576327863,0.0012923823902088092,0.0024018999468055665,0.0003560820866607326,0.011758733364969354,0.022570153866911108,0.012645578468246701,0.1649999999999577,True,False,1,True,True,0.0035466999979689717,4,2.312216918692983e-09,3.2816238683320146e-10,`gtol` termination condition is satisfied.,True,True,0.009999999999999787,0.024471448315880086,1.0,7.544680286801768e-06,0.008869733881872089,7.544184999585898e-06,0.008869734153407794
13.999999999999746,1786132516.4063616,0.007170400000177324,0.008390500006498769,0.01,TELEOP,0,,0.0,13.999999999999746,1400,0.0,0.0,0.0,0.0,0.11641890489215179,0.05840601761158851,0.9914814046115373,8.983256093549848e-41,1.8788282624768157e-32,3.789058269282043e-20,3.986357557912924e-07,0.12214647136812898,0.0526137205894728,0.9911165602177622,-0.016000000000000007,-0.22496149868535165,0.2802328425555495,-0.1302357911661367,0.06412705569592839,0.018150499135019718,0.9892405768104398,-0.016000000000000007,-0.22496149868535165,0.2802328425555495,-0.1302330034173496,0.06463798507244724,0.017478023973173017,0.9892198008454258,-0.015999997697864594,-0.22496149886321312,0.280232842462823,-0.1302330034184504,0.06463798508004366,0.017478023809387885,0.9892198008476784,-0.01600175138747865,-0.22496099394933083,0.28022563666472833,-0.13009296561404893,0.06729280129375034,0.013921302961912909,0.9891176353273783,-0.01600175138747865,-0.22496099394933083,0.28022563666472833,-0.13009296561404893,0.06729280129375034,0.013921302961912909,0.9891176353273783,-0.031621191158564245,-0.5221570799691262,0.7820538220872304,-0.16419587248660797,0.5248999660451177,-0.026714482924494118,-0.02774796344227935,-0.522459002179421,0.7824252009199754,-0.14417462796275587,0.523499304389192,-0.002199560556686418,-0.02774796344227935,-0.522459002179421,0.7824252009199754,-0.14417462796275587,0.523499304389192,-0.002199560556686418,-0.03532916308203986,0.002460139834903691,-0.00338352932234027,-0.18325092899141734,0.010152160561628614,-0.2240813138289059,0.0009833502075375668,0.0023717294284380354,6.131762973052437e-05,0.01033012615180735,0.021509393495947802,0.010153193437272234,0.16666666666662433,True,False,1,True,True,0.003954400002839975,4,2.310857063114692e-09,3.2796073241685214e-10,`gtol` termination condition is satisfied.,True,True,0.009999999999999787,0.024493191398179837,1.0,7.433296137779452e-06,0.008883331161163832,7.432831161635451e-06,0.008883331432378662
14.009999999999746,1786132516.4138281,0.008693300012964755,0.0071632000035606325,0.01,TELEOP,0,,0.0,14.009999999999746,1401,0.0,0.0,0.0,-1.7347234759768075e-18,0.11584200767091056,0.05898874629552847,0.9915144764799224,8.162656372185516e-41,1.7072016348237396e-32,3.442936537069754e-20,3.6218831579583967e-07,0.12157043908128276,0.053196789307421534,0.9911562590978452,-0.016000000000000007,-0.22496149868535165,0.2802328425555495,-0.1302371075920475,0.06387836814100141,0.018477676658259362,0.9892504361156547,-0.016000000000000007,-0.22496149868535165,0.2802328425555495,-0.13023436933398008,0.06438937242816621,0.017805214971977797,0.9892299995866932,-0.015999997699374453,-0.2249614988642656,0.2802328424619449,-0.1302343693352223,0.06438937243576438,0.01780521480829727,0.9892299995889813,-0.016001628794368214,-0.22496099426958344,0.2802257215570648,-0.1300999099656461,0.0670515197233326,0.014245280630375782,0.9891284947414487,-0.016001628794368214,-0.22496099426958344,0.2802257215570648,-0.1300999099656461,0.0670515197233326,0.014245280630375782,0.9891284947414487,-0.03197740041881149,-0.522130032020383,0.78201617539888,-0.1660347848491952,0.5250133135846152,-0.02897597932578394,-0.028101185193979514,-0.5224341663826078,0.782391344779513,-0.14600623479022187,0.523602879813753,-0.004439586619347851,-0.028101185193979514,-0.5224341663826078,0.782391344779513,-0.14600623479022187,0.523602879813753,-0.004439586619347851,-0.03532217517001719,0.0024835796813269862,-0.003385614046239234,-0.18316068274660433,0.010357542456092347,-0.22400260626614812,0.0006987912022669157,0.0023439846423295883,-0.00020847238989642078,0.009024624481302156,0.020538189446373773,0.007870756275776594,0.16833333333329095,True,False,1,True,True,0.0036389000015333295,4,2.3094696286210214e-09,3.277549384951783e-10,`gtol` termination condition is satisfied.,True,True,0.009999999999999787,0.0245149223678077,1.0,7.32272988599194e-06,0.00889687017332853,7.322296482633391e-06,0.008896870444220226
14.019999999999746,1786132516.4214525,0.007383299991488457,0.007404699994367547,0.01,TELEOP,0,,0.0,14.019999999999746,1402,0.0,0.0,0.0,-1.7347234759768075e-18,0.11526503243275639,0.05957143525191213,0.9915468805862399,7.417016542389534e-41,1.5512527036945262e-32,3.128432226653498e-20,3.2907327528418606e-07,0.12099431855567629,0.053779825357642405,0.9911952911821367,-0.016000000000000007,-0.22496149868535165,0.2802328425555495,-0.13023840054240382,0.06362965022926831,0.018804840350437516,0.9892601299027733,-0.016000000000000007,-0.22496149868535165,0.2802328425555495,-0.13023571135736053,0.06414072763484684,0.018132394000948345,0.9892400329715276,-0.015999997700911883,-0.22496149886531216,0.2802328424610737,-0.13023571135874362,0.06414072764244673,0.018132393837374514,0.989240032973851,-0.016001505843210338,-0.22496099502903621,0.28022580611009484,-0.1301067675603837,0.06681012356337644,0.014569293900616745,0.9891392076445419,-0.016001505843210338,-0.22496099502903621,0.28022580611009484,-0.1301067675603837,0.06681012356337644,0.014569293900616745,0.9891392076445419,-0.032333528908091415,-0.5221027483096835,0.7819785411861829,-0.167872586897528,0.5251288272470226,-0.03123640809672905,-0.02845436307549711,-0.5224090987211336,0.7823574432924688,-0.1478370573828109,0.5237084208101093,-0.0066790328814915305,-0.02845436307549711,-0.5224090987211336,0.7823574432924688,-0.1478370573828109,0.5237084208101093,-0.0066790328814915305,-0.035317788151760135,0.002506766147413799,-0.003390148704420735,-0.18308225925890542,0.010554099635632991,-0.22394462621437272,0.000438701825705654,0.0023186466086813624,-0.00045346581815005607,0.007842348769889162,0.01965571795406478,0.005798005177540255,0.1699999999999576,True,False,1,True,True,0.004041299995151348,4,2.308054952324531e-09,3.2754521798590726e-10,`gtol` termination condition is satisfied.,True,True,0.009999999999999787,0.024536392706436087,1.0,7.2137770469593896e-06,0.008910259439844295,7.213376331108997e-06,0.008910259710411709
14.029999999999745,1786132516.4289477,0.007639899995410815,0.007259899997734465,0.01,TELEOP,0,,0.0,14.029999999999745,1403,0.0,0.0,0.0,1.734723475976807e-18,0.1146879795662688,0.06015408408831194,0.9915786169086662,6.739489190986333e-41,1.4095493476773908e-32,2.8426571594880017e-20,2.98985952888346e-07,0.12041811076640674,0.054362828052407317,0.9912336563724541,-0.016000000000000007,-0.22496149868535165,0.2802328425555495,-0.13023967016606267,0.06338090227732451,0.01913198997132154,0.989269658132344,-0.016000000000000007,-0.22496149868535165,0.2802328425555495,-0.13023702967441486,0.06389205116541033,0.018459560659088332,0.989249900945022,-0.015999997702476496,-0.22496149886635325,0.28023284246020974,-0.13023702967593848,0.06389205117301185,0.018459560495623303,0.9892499009473806,-0.016001383251697806,-0.2249609961783136,0.2802258898167186,-0.1301135078530913,0.066568571523042,0.014893363271511206,0.989149780412455,-0.016001383251697806,-0.2249609961783136,0.2802258898167186,-0.1301135078530913,0.066568571523042,0.014893363271511206,0.989149780412455,-0.03268957580130548,-0.5220752289741224,0.7819409198584345,-0.16970925996536085,0.5252465054351554,-0.03349574963856983,-0.028807520666373015,-0.5223838014915392,0.7823234744054975,-0.14966720172172965,0.5238158478666654,-0.008918085821491832,-0.028807520666373015,-0.5223838014915392,0.7823234744054975,-0.14966720172172965,0.5238158478666654,-0.008918085821491832,-0.03531575908759149,0.0025297229594426606,-0.0033968886971317224,-0.18301443389187855,0.010742705655612268,-0.22390529400003492,0.00020290641686426572,0.0022956812028862095,-0.0006739992710987704,0.0067825367026867756,0.018860601997927925,0.0039332214337798235,0.17166666666662422,True,False,1,True,True,0.003819300007307902,4,2.3066134336558392e-09,3.273315297213907e-10,`gtol` termination condition is satisfied.,True,True,0.009999999999999787,0.024557375215237518,1.0,7.107157900662704e-06,0.008923416074827021,7.106790825210942e-06,0.008923416345069629
14.039999999999745,1786132516.4364874,0.007489900002838112,0.007309599997824989,0.01,TELEOP,0,,0.0,14.039999999999745,1404,0.0,0.0,0.0,0.0,0.11411084946007959,0.0607366924123274,0.991609685425828,6.123852400198161e-41,1.280790266347865e-32,2.582986985475586e-20,2.7164952414389967e-07,0.11984181663466875,0.05494579673136114,0.9912713545781421,-0.016000000000000007,-0.22496149868535165,0.2802328425555495,-0.1302409165982697,0.06313212457660042,0.01945912529778934,0.9892790207685253,-0.016000000000000007,-0.22496149868535165,0.2802328425555495,-0.1302383244549915,0.06364334345333061,0.018786714577231488,0.9892596034573693,-0.015999997704067903,-0.22496149886738856,0.28023284245935276,-0.13023832445665476,0.06364334346093369,0.018786714413877307,0.9892596034597634,-0.016001261690987537,-0.22496099766925087,0.28022597220788964,-0.13012010335825022,0.06632682663493736,0.015217506901754519,0.9891602186977964,-0.016001261690987537,-0.22496099766925087,0.28022597220788964,-0.13012010335825022,0.06632682663493736,0.015217506901754519,0.9891602186977964,-0.03304554030593863,-0.5220474741509523,0.7819033118066264,-0.1715447856145357,0.525366346474868,-0.03575398465397235,-0.029160679149950693,-0.522358276757879,0.7822894184632817,-0.15149676169832743,0.5239250900199544,-0.011156911425050996,-0.029160679149950693,-0.522358276757879,0.7822894184632817,-0.15149676169832743,0.5239250900199544,-0.011156911425050996,-0.03531584835776832,0.002552473366007759,-0.0034055942215868015,-0.18295599765978177,0.010924215328896427,-0.22388256035592127,-8.927017682823973e-06,0.0022750406565098884,-0.0008705524455079427,0.00584362320967836,0.018150967328416263,0.0022733644113659877,0.17333333333329085,True,False,1,True,True,0.004024900001240894,4,2.305145434267029e-09,3.2711400870047035e-10,`gtol` termination condition is satisfied.,True,True,0.009999999999999787,0.024577663817077995,1.0,7.0035146657041445e-06,0.008936265659187861,7.0031820087931135e-06,0.008936265929106013
14.049999999999745,1786132516.4435275,0.0075376000022515655,0.006811999992351048,0.01,TELEOP,0,,0.0,14.049999999999745,1405,0.0,0.0,0.0,0.0,0.11353364250287244,0.061319259831585274,0.991640086116801,5.564452610083403e-41,1.1637930300733857e-32,2.3470370828460842e-20,2.46812474562086e-07,0.11926543703270162,0.05552873075899916,0.9913083857153798,-0.016000000000000007,-0.22496149868535165,0.2802328425555495,-0.13024213996190223,0.06288331739566898,0.019786246122251806,0.9892882177787471,-0.016000000000000007,-0.22496149868535165,0.2802328425555495,-0.13023959585342149,0.06339460489624157,0.01911385541512301,0.9892691404633811,-0.015999997705685793,-0.22496149886841815,0.28023284245850266,-0.13023959585522388,0.06339460490384606,0.019113855251881726,0.9892691404658104,-0.016001141783920453,-0.2249609994551598,0.2802260528533324,-0.13012652959548293,0.06608485615317354,0.015541740685963586,0.9891705274517133,-0.016001141783920453,-0.2249609994551598,0.2802260528533324,-0.13012652959548293,0.06608485615317354,0.015541740685963586,0.9891705274517133,-0.033401421659216585,-0.5220194839775472,0.7818657174050188,-0.1733791456203549,0.5254883486197752,-0.038011094125691494,-0.029513857360655687,-0.5223325263577161,0.7822552581477903,-0.15332581934300057,0.524036084622968,-0.01339565560817912,-0.029513857360655687,-0.5223325263577161,0.7822552581477903,-0.15332581934300057,0.524036084622968,-0.01339565560817912,-0.03531782107050005,0.002575040016293144,-0.003416031549137171,-0.18290576446731902,0.011099460301363993,-0.22387441831281707,-0.00019727127317318202,0.002256665028538599,-0.0010437327550369717,0.005023319246274388,0.017524497246756962,0.0008142043104203411,0.1749999999999575,True,False,1,True,True,0.0035428999981377274,4,2.303651263547597e-09,3.268926153320964e-10,`gtol` termination condition is satisfied.,True,True,0.009999999999999787,0.024597073228921355,1.0,6.903409808029005e-06,0.008948742070747596,6.903112160607077e-06,0.00894874234034221
14.059999999999745,1786132516.4508114,0.00710800000524614,0.006987700005993247,0.01,TELEOP,0,,0.0,14.059999999999745,1406,0.0,0.0,0.0,1.734723475976807e-18,0.11295635908338295,0.06190178595373986,0.9916698189611113,5.056152700359346e-41,1.0574832214406689e-32,2.1326406595271335e-20,2.2424628556099962e-07,0.1186889727882838,0.05611162952237669,0.9913447497065566,-0.016000000000000007,-0.22496149868535165,0.2802328425555495,-0.13024334036859964,0.06263448098234244,0.02011335225122042,0.9892972491334038,-0.016000000000000007,-0.22496149868535165,0.2802328425555495,-0.13024084400993466,0.06314583585921549,0.019440982858767362,0.9892785119220503,-0.015999997707329808,-0.224961498869442,0.28023284245765967,-0.13024084401187538,0.06314583586682142,0.019440982695640992,0.989278511924515,-0.016001024103712642,-0.22496100149105805,0.2802261313619428,-0.13013276501877452,0.06584263143036373,0.015866078340467382,0.9891807109487062,-0.016001024103712642,-0.22496100149105805,0.2802261313619428,-0.13013276501877452,0.06584263143036373,0.015866078340467382,0.9891807109487062,-0.03375721912551937,-0.5219912585913763,0.7818281370125694,-0.17521232195833142,0.5256125100555332,-0.04026705929722224,-0.029867071843835705,-0.5223065519091894,0.7822209784062619,-0.15515444511877965,0.5241487770745678,-0.01563444474610936,-0.029867071843835705,-0.5223065519091894,0.7822209784062619,-0.15515444511877965,0.5241487770745678,-0.01563444474610936,-0.0353214483180026,0.0025974448526713562,-0.003427974152834712,-0.18286257757791108,0.011269245159976156,-0.22387891379302893,-0.00036272475025540124,0.002240483637821256,-0.001194260369754153,0.004318688940794143,0.016978485861216613,-0.00044954802118588977,0.17666666666662412,True,False,1,True,True,0.0036644000065280125,4,2.302131255299083e-09,3.2666743760683925e-10,`gtol` termination condition is satisfied.,True,True,0.009999999999999787,0.024615438517512377,1.0,6.8073255036414275e-06,0.008960787273446385,6.807063258567825e-06,0.00896078754271918
14.069999999999744,1786132516.4579003,0.00720349999028258,0.0068734000087715685,0.01,TELEOP,0,,0.0,14.069999999999744,1407,0.0,0.0,0.0,-1.734723475976807e-18,0.11237899959039815,0.062484270386473306,0.9916988839387344,4.594284814830678e-41,9.608845685886428e-33,1.9378288549037764e-20,2.037433319682824e-07,0.1181124246888155,0.05669449242902916,0.9913804464797065,-0.016000000000000007,-0.22496149868535165,0.2802328425555495,-0.1302445179197899,0.06238561556557624,0.020440443504006457,0.9893061148055768,-0.016000000000000007,-0.22496149868535165,0.2802328425555495,-0.1302420690519466,0.06289703667774216,0.019768096618018156,0.9892877177961563,-0.015999997708999663,-0.22496149887046002,0.2802328424568237,-0.13024206905402522,0.0628970366853494,0.019768096455008675,0.9892877177986563,-0.016000909173094737,-0.22496100373386302,0.28022620738188964,-0.13013879093121472,0.06560012777620422,0.01619053149730508,0.9891907728140928,-0.016000909173094737,-0.22496100373386302,0.28022620738188964,-0.13013879093121472,0.06560012777620422,0.01619053149730508,0.9891907728140928,-0.03411293199403012,-0.5219627981299815,0.7817905709742361,-0.17704429679219277,0.525738828903733,-0.042521861655262824,-0.030220336926682627,-0.5222803548190177,0.7821865663693608,-0.15698269827208694,0.5242631205151256,-0.017873386295525644,-0.030220336926682627,-0.5222803548190177,0.7821865663693608,-0.15698269827208694,0.5242631205151256,-0.017873386295525644,-0.03532650828469295,0.002619709017176467,-0.0034412036901164205,-0.18282531533073315,0.011434344055787356,-0.2238941549416331,-0.000505996669035042,0.0022264164505111025,-0.00132295372817084,0.003726224717792252,0.016509889581120454,-0.0015241148604162869,0.17833333333329074,True,False,1,True,True,0.003517599994665943,4,2.3005856778258575e-09,3.264385527816258e-10,`gtol` termination condition is satisfied.,True,True,0.009999999999999787,0.02463261455111288,1.0,6.715664258084134e-06,0.008972351069055636,6.715437602161734e-06,0.008972351338008578
14.079999999999744,1786132516.4651637,0.0070983000041451305,0.007038700001430698,0.01,TELEOP,0,,0.0,14.079999999999744,1408,0.0,0.0,0.0,-1.734723475976807e-18,0.11180156441275625,0.06306671273749585,0.9917272810300958,4.174607495197609e-41,8.731099798386588e-33,1.7608126592364187e-20,1.8511497175254926e-07,0.11753579348502768,0.05727731890508371,0.991415475968,-0.016000000000000007,-0.22496149868535165,0.2802328425555495,-0.13024567270762266,0.06213672135719909,0.02076751971153981,0.9893148147707824,-0.016000000000000007,-0.22496149868535165,0.2802328425555495,-0.1302432710952283,0.06264820766043648,0.02009519642438835,0.9892967580519078,-0.015999997710695036,-0.2249614988714721,0.28023284245599495,-0.1302432710974441,0.06264820766804503,0.020095196261497753,0.9892967580544431,-0.016000797463874193,-0.22496100614255296,0.2802262806004369,-0.1301445913870012,0.06535732430018058,0.01651510980502213,0.9892007160537034,-0.016000797463874193,-0.22496100614255296,0.2802262806004369,-0.1301445913870012,0.06535732430018058,0.01651510980502213,0.9892007160537034,-0.03446855957659814,-0.5219341027309587,0.7817530196221566,-0.17887505246303192,0.5258673032254296,-0.04477548291382972,-0.030573664798805605,-0.5222539362913042,0.7821520112609014,-0.15881062723338907,0.5243790754933474,-0.020112569497895454,-0.030573664798805605,-0.5222539362913042,0.7821520112609014,-0.15881062723338907,0.5243790754933474,-0.020112569497895454,-0.03533278721229875,0.0026418527713415805,-0.0034555108459429647,-0.18279289613021718,0.011595497822182884,-0.22391832023698593,-0.0006278927605805433,0.0022143754165114154,-0.0014307155826544346,0.003241920051596607,0.016115376639553106,-0.0024165295352850578,0.1799999999999574,True,False,1,True,True,0.0033702999935485423,4,2.2990148279325366e-09,3.2620590588710097e-10,`gtol` termination condition is satisfied.,True,True,0.009999999999999787,0.02464847535973718,1.0,6.628750659043353e-06,0.008983390815011988,6.628559567389388e-06,0.008983391083647638
14.089999999999744,1786132516.472247,0.007261899998411536,0.006860099994810298,0.01,TELEOP,0,,0.0,14.089999999999744,1409,0.0,0.0,0.0,-1.7347234759768075e-18,0.11122405393934656,0.063649112614546,0.9917550102160706,3.793266730591742e-41,7.933533972905487e-33,1.5999664846982487e-20,1.681898104057851e-07,0.11695907989435146,0.057860108393544586,0.9914498381092841,-0.016000000000000007,-0.22496149868535165,0.2802328425555495,-0.13024680481581702,0.06188779855348448,0.02109458071529653,0.9893233490067439,-0.016000000000000007,-0.22496149868535165,0.2802328425555495,-0.13024445024496886,0.06239934909149873,0.020422282029060584,0.9893056326586182,-0.015999997712415632,-0.2249614988724784,0.28023284245517327,-0.13024445024732118,0.06239934909910843,0.02042228186629081,0.9893056326611885,-0.01600068939689426,-0.2249610086782961,0.28022635074350644,-0.13015015308239586,0.06511420374083812,0.016839821034928724,0.9892105430854127,-0.01600068939689426,-0.2249610086782961,0.28022635074350644,-0.13015015308239586,0.06511420374083812,0.016839821034928724,0.9892105430854127,-0.03482410120579547,-0.5219051725319378,0.7817154832767175,-0.18070457147949287,0.5259979310243555,-0.047027904999868426,-0.03092706560107799,-0.5222272973370158,0.782117304300479,-0.1606382700607362,0.5244966096090161,-0.022352066152164812,-0.03092706560107799,-0.5222272973370158,0.782117304300479,-0.1606382700607362,0.5244966096090161,-0.022352066152164812,-0.035340080227239036,0.00266389542884536,-0.003470696042242107,-0.18276428273471562,0.011753411566867749,-0.22394966542694056,-0.0007293014940285929,0.002204265750377994,-0.0015185196299142476,0.002861339550156809,0.015791374468486843,-0.003134518995462586,0.181666666666624,True,False,1,True,True,0.003377500004717149,4,2.2974190043022886e-09,3.2596961382910057e-10,`gtol` termination condition is satisfied.,True,True,0.009999999999999787,0.024662913415934264,1.0,6.54683420590771e-06,0.008993871112165997,6.546678439824361e-06,0.008993871380487118
14.099999999999744,1786132516.4798856,0.007106700009899214,0.007391899998765439,0.01,TELEOP,0,,0.0,14.099999999999744,1410,0.0,0.0,0.0,-1.734723475976807e-18,0.11064646855910898,0.06423146962539088,0.9917820714779838,3.4467605651469884e-41,7.208823945738923e-33,1.4538132371604916e-20,1.52812124012592e-07,0.11638228460397845,0.05844286035273624,0.9914835328456675,-0.016000000000000007,-0.22496149868535165,0.2802328425555495,-0.13024791432043178,0.061638847336578026,0.021421626366324945,0.9893317174931859,-0.016000000000000007,-0.22496149868535165,0.2802328425555495,-0.13024560659674164,0.06215046123295021,0.020749353201079512,0.989314341588413,-0.015999997714161197,-0.22496149887347852,0.2802328424543586,-0.13024560659922968,0.06215046124056106,0.02074935303843249,0.9893143415910187,-0.01600058534236267,-0.22496101130455293,0.2802264175750015,-0.13015546523726249,0.0648707522839436,0.01716467119156345,0.9892202557721271,-0.01600058534236267,-0.22496101130455293,0.2802264175750015,-0.13015546523726249,0.0648707522839436,0.01716467119156345,0.9892202557721271,-0.035179556233150874,-0.5218760076705746,0.7816779622475287,-0.18253283650890667,0.5261307102498334,-0.04927911004023153,-0.03128054752143929,-0.5222004387840122,0.7820824386002796,-0.16246565491947224,0.5246156971361625,-0.02459193144557885,-0.03128054752143929,-0.5222004387840122,0.7820824386002796,-0.16246565491947224,0.5246156971361625,-0.02459193144557885,-0.03534819203613084,0.0026858553003590497,-0.0034865700199373925,-0.18273848587360772,0.011908752714640753,-0.2239865293414085,-0.000811180889180585,0.0021959871513690062,-0.0015873977695285894,0.002579686110791337,0.01553411477730069,-0.0036863914467950842,0.18333333333329063,True,False,1,True,True,0.0035703000030480325,4,2.2957984192946427e-09,3.257296841643264e-10,`gtol` termination condition is satisfied.,True,True,0.009999999999999787,0.024675838847703614,1.0,6.470093130207577e-06,0.009003763466346484,6.469972238458457e-06,0.009003763734356256
14.109999999999744,1786132516.4868114,0.007645199992111884,0.006672199990134686,0.01,TELEOP,0,,0.0,14.109999999999744,1411,0.0,0.0,0.0,0.0,0.11006880866103391,0.06481378337782658,0.9918084647976104,3.1319069385872336e-41,6.550314507776292e-33,1.321010751635641e-20,1.3884042649526035e-07,0.11580540827364118,0.059025574254889884,0.9915165601231462,-0.016000000000000007,-0.22496149868535165,0.2802328425555495,-0.13024900129056552,0.06138986787579399,0.021748656524361393,0.9893399202116471,-0.016000000000000007,-0.22496149868535165,0.2802328425555495,-0.13024674023738214,0.061901544326664754,0.021076409725709566,0.9893228848159654,-0.015999997715931448,-0.22496149887447278,0.28023284245355107,-0.13024674024000535,0.06190154433427666,0.021076409563187192,0.9893228848186061,-0.01600048562052166,-0.2249610139871493,0.2802264808959123,-0.13016051946874943,0.06462695937174703,0.01748966462618454,0.9892298554558752,-0.01600048562052166,-0.2249610139871493,0.2802264808959123,-0.13016051946874943,0.06462695937174703,0.01748966462618454,0.9892298554558752,-0.03553492402754329,-0.5218466082845328,0.7816404568343055,-0.1843598303692805,0.526265638799435,-0.05152908034989155,-0.031634116896396204,-0.5221733612875126,0.7820474090572775,-0.16429280059171505,0.5247363186309305,-0.02683220483193277,-0.031634116896396204,-0.5221733612875126,0.7820474090572775,-0.16429280059171505,0.5247363186309305,-0.02683220483193277,-0.03535693749569216,0.0027077496499676402,-0.0035029543002023994,-0.18271456722428503,0.012062149476804354,-0.22402733863539717,-0.0008745459561316481,0.002189434960859116,-0.001638428026500735,0.002391864932268367,0.015339676216360445,-0.00408092939886695,0.18499999999995728,True,False,1,True,True,0.0033863999997265637,4,2.294153365182253e-09,3.254862083483676e-10,`gtol` termination condition is satisfied.,True,True,0.009999999999999787,0.02468717859465268,1.0,6.398639089457499e-06,0.009013045927704551,6.398552412682647e-06,0.009013046195406339
14.119999999999743,1786132516.4948864,0.0069011000014143065,0.0078464999969583,0.01,TELEOP,0,,0.0,14.119999999999743,1412,0.0,0.0,0.0,1.7347234759768075e-18,0.10949107463416198,0.06539605347967824,0.9918341901571752,2.845814464502136e-41,5.951958387906854e-33,1.2003394668116624e-20,1.2614616785396236e-07,0.11522845153813852,0.05960824958486019,0.9915489198912659,-0.016000000000000007,-0.22496149868535165,0.2802328425555495,-0.13025006578899262,0.06114086032879322,0.022075671057027374,0.989347957145311,-0.016000000000000007,-0.22496149868535165,0.2802328425555495,-0.13024785124578572,0.061652598596214504,0.02140345140294305,0.9893312623182549,-0.015999997717726127,-0.2249614988754609,0.2802328424527509,-0.13024785124854352,0.06165259860382739,0.021403451240547235,0.9893312623209307,-0.01600039050263138,-0.22496101669432622,0.28022654054322493,-0.13016530965860998,0.064382817505427,0.017814804152192516,0.9892393429926654,-0.01600039050263138,-0.22496101669432622,0.28022654054322493,-0.13016530965860998,0.064382817505427,0.017814804152192516,0.9892393429926654,-0.035890203973742416,-0.5218169745114778,0.781602967327668,-0.18618553602207474,0.5264027145213918,-0.05377779842128592,-0.03198777831703272,-0.5221460653408876,0.7820122122419589,-0.16611971700953734,0.5248584605281517,-0.029072910947127707,-0.03198777831703272,-0.5221460653408876,0.7820122122419589,-0.16611971700953734,0.5248584605281517,-0.029072910947127707,-0.035366142063652684,0.002729594662494488,-0.003519681531858836,-0.1826916417822333,0.012214189722113187,-0.2240706115194982,-0.0009204567960522866,0.0021845012526848276,-0.0016727231656436926,0.0022925442051744778,0.01520402453088369,-0.004327288410103242,0.1866666666666239,True,False,1,True,True,0.004287299991119653,4,2.2924840563983483e-09,3.2523912591618787e-10,`gtol` termination condition is satisfied.,True,True,0.009999999999999787,0.02469687551795878,1.0,6.332522585951631e-06,0.009021702711803746,6.332469265018389e-06,0.00902170297920097
14.129999999999743,1786132516.5028932,0.008261800001491793,0.007591200002934784,0.01,TELEOP,0,,0.0,14.129999999999743,1413,0.0,0.0,0.0,-1.7347234759768075e-18,0.10891326686758362,0.06597827953880037,0.9918592475393525,2.5858558779600237e-41,5.4082607192858524e-33,1.0906912254890633e-20,1.1461255142517076e-07,0.11465141500962979,0.060190885838960186,0.9915806121028173,-0.016000000000000007,-0.22496149868535165,0.2802328425555495,-0.13025110787274105,0.0608918248426529,0.022402669839100577,0.9893558282788532,-0.016000000000000007,-0.22496149868535165,0.2802328425555495,-0.13024893969363255,0.06140362424854709,0.02173047804614493,0.9893394740743512,-0.015999997719544988,-0.224961498876443,0.28023284245195784,-0.13024893969652426,0.06140362425616092,0.02173047788387753,0.989339474077062,-0.016000300212237858,-0.22496101939676605,0.28022659638865377,-0.1301698318155755,0.06413832204267683,0.018140091161470504,0.9892487187878023,-0.016000300212237858,-0.22496101939676605,0.28022659638865377,-0.1301698318155755,0.06413832204267683,0.018140091161470504,0.9892487187878023,-0.036245395471080306,-0.5217871064890673,0.7815654940098717,-0.1880099365656836,0.5265419352167965,-0.05602524691468,-0.032341534738408194,-0.5221185512866771,0.7819768462846385,-0.16794640580612546,0.5249821147303866,-0.031314060552497726,-0.032341534738408194,-0.5221185512866771,0.7819768462846385,-0.16794640580612546,0.5249821147303866,-0.031314060552497726,-0.035375642137548007,0.0027514054210506732,-0.0035365957320422628,-0.18266887965881543,0.012365420223495993,-0.22411496053700689,-0.0009500073895321824,0.0021810758556185567,-0.0016914200183427161,0.002276212341787339,0.015123050138280799,-0.004434901750868803,0.18833333333329053,True,False,1,True,True,0.003649799997219816,4,2.2907907437284088e-09,3.249885508652718e-10,`gtol` termination condition is satisfied.,True,True,0.009999999999999787,0.02470488747415821,1.0,6.271738944529754e-06,0.009029723806383354,6.271717932517804e-06,0.009029724073479677
14.139999999999743,1786132516.5105958,0.007808900001691654,0.007485500012990087,0.01,TELEOP,0,,0.0,14.139999999999743,1414,0.0,0.0,0.0,-3.469446951953615e-18,0.10833538575043905,0.06656046116307722,0.9918836369272669,2.349643908620096e-41,4.9142285784791115e-33,9.910590980722027e-21,1.0413345927874152e-07,0.11407429927971861,0.060773482523903584,0.991611636713561,-0.016000000000000007,-0.22496149868535165,0.2802328425555495,-0.1302521275936179,0.06064276155483847,0.022729652751853034,0.9893635335983023,-0.016000000000000007,-0.22496149868535165,0.2802328425555495,-0.1302500056460465,0.061154621475509416,0.022057489480821743,0.9893475200652173,-0.01599999772138779,-0.22496149887741895,0.28023284245117214,-0.13025000564907133,0.06115462148312409,0.022057489318684634,0.9893475200679632,-0.01600021492669701,-0.2249610220675985,0.2802266483372193,-0.1301740839341177,0.06389347099225536,0.01846552574071059,0.9892579828313717,-0.01600021492669701,-0.2249610220675985,0.2802266483372193,-0.1301740839341177,0.06389347099225536,0.01846552574071059,0.9892579828313717,-0.03660049793224618,-0.521757004354945,0.7815280371554659,-0.18983301522956814,0.5266832986416061,-0.05827140864946819,-0.03269538759129292,-0.5220908193277359,0.7819413107603644,-0.1697728608795496,0.5251072781929299,-0.03355565149698254,-0.03269538759129292,-0.5220908193277359,0.7819413107603644,-0.1697728608795496,0.5251072781929299,-0.03355565149698254,-0.035385285288473164,0.002773195894110388,-0.003553552427408571,-0.182645507342416,0.012516346254329336,-0.2241590944484858,-0.0009643150925155627,0.0021790473059715254,-0.001695669536630867,0.0023372316399430477,0.015092603083334733,-0.004413391147891725,0.18999999999995718,True,False,1,True,True,0.004218899994157255,4,2.2890736354117564e-09,3.2473443770405283e-10,`gtol` termination condition is satisfied.,True,True,0.009999999999999787,0.024711186362182273,1.0,6.216234665155427e-06,0.009037104567630062,6.216244741796925e-06,0.009037104834429054
14.149999999999743,1786132516.517851,0.007708599994657561,0.0070318999933078885,0.01,TELEOP,0,,0.0,14.149999999999743,1415,0.0,0.0,0.0,-3.469446951953615e-18,0.1077574316719178,0.06714259796042292,0.9919073583044926,2.1350093577801755e-41,4.4653251340903786e-33,9.005281356611929e-21,9.461247586286267e-08,0.11349710492134577,0.06135603915584452,0.9916419936819794,-0.016000000000000007,-0.22496149868535165,0.2802328425555495,-0.13025312499868624,0.06039367059408612,0.023056619682450225,0.989371073090915,-0.016000000000000007,-0.22496149868535165,0.2802328425555495,-0.13025104916219393,0.06090559045523208,0.022384485543503425,0.9893554002735316,-0.015999997723254264,-0.22496149887838865,0.28023284245039354,-0.1302510491653512,0.06090559046284756,0.022384485381498436,0.9893554002763126,-0.01600013477892629,-0.22496102468238638,0.2802266963256892,-0.1301780658508528,0.06364826480719657,0.018791106786877176,0.9892671347336311,-0.01600013477892629,-0.22496102468238638,0.2802266963256892,-0.1301780658508528,0.06364826480719657,0.018791106786877176,0.9892671347336311,-0.03695551078218722,-0.5217266682467346,0.7814905970318918,-0.19165475536896903,0.5268268025084675,-0.060516266596313574,-0.033049336895262904,-0.5220628695384218,0.7819056065733321,-0.17159906896414268,0.5252339525080081,-0.03579766968983896,-0.033049336895262904,-0.5220628695384218,0.7819056065733321,-0.17159906896414268,0.5252339525080081,-0.03579766968983896,-0.03539493039699922,0.002794978931407644,-0.0035704187032305,-0.1826208084593115,0.01266743150781409,-0.22420181928564742,-0.0009645108526059344,0.002178303729725655,-0.0016866275821929536,0.00246988831045028,0.015108525348475564,-0.004272483716162567,0.1916666666666238,True,False,1,True,True,0.0034048000088660046,4,2.287332996287005e-09,3.2447690107359135e-10,`gtol` termination condition is satisfied.,True,True,0.009999999999999787,0.024715757152485654,1.0,6.16591396202821e-06,0.009043845309664763,6.165953751486941e-06,0.009043845576170082
14.159999999999743,1786132516.525522,0.007275600000866689,0.007427099990309216,0.01,TELEOP,0,,0.0,14.159999999999743,1416,0.0,0.0,0.0,0.0,0.1071794050212586,0.0677246895387818,0.9919304116550539,1.9399811780355709e-41,4.057427983805783e-33,8.182669678275257e-21,8.596200091783296e-08,0.11291983249050841,0.061938555259505874,0.9916716829690527,-0.016000000000000007,-0.22496149868535165,0.2802328425555495,-0.13025410013069877,0.060144552081204665,0.023383570523405534,0.9893784467450614,-0.016000000000000007,-0.22496149868535165,0.2802328425555495,-0.1302520702958277,0.060656531353387166,0.022711466080727664,0.9893631146835272,-0.015999997725144224,-0.22496149887935205,0.2802328424496223,-0.13025207029911673,0.060656531361003393,0.022711465918856578,0.9893631146863432,-0.0160000598593559,-0.2249610272190956,0.2802267403209077,-0.1301817790997607,0.06340270617823635,0.019116832121038718,0.9892761737600646,-0.0160000598593559,-0.2249610272190956,0.2802267403209077,-0.1301817790997607,0.06340270617823635,0.019116832121038718,0.9892761737600646,-0.03731043345711281,-0.521696098302034,0.7814531739000254,-0.19347514046015857,0.5269724444883861,-0.06275980387006273,-0.033403381372248235,-0.5220347018757424,0.7818697358416545,-0.1734250102048531,0.5253621434911379,-0.0380400900762089,-0.033403381372248235,-0.5220347018757424,0.7818697358416545,-0.1734250102048531,0.5253621434911379,-0.0380400900762089,-0.035404447698533945,0.0028167662679485636,-0.0035870731677575657,-0.18259412407104658,0.012819098312980974,-0.22424203863699887,-0.0009517301534721935,0.0021787336540919737,-0.001665446452706618,0.0026684388264921572,0.015166680516688827,-0.004021935135144669,0.19333333333329042,True,False,1,True,True,0.0041083000105572864,4,2.285568977358019e-09,3.2421598889992446e-10,`gtol` termination condition is satisfied.,True,True,0.009999999999999787,0.024718596906474613,1.0,6.120645301545847e-06,0.00904995089078551,6.1207132914508525e-06,0.00904995115700081
14.169999999999742,1786132516.5331087,0.007651299994904548,0.0073625999939395115,0.01,TELEOP,0,,0.0,14.169999999999742,1417,0.0,0.0,0.0,0.0,0.10660130618774902,0.06830673550612866,0.9919527969634249,1.7627683726151524e-41,3.686791297253172e-33,7.43520167913513e-21,7.810244349373278e-08,0.11234248252782181,0.06252103036738799,0.9917007045380578,-0.016000000000000007,-0.22496149868535165,0.2802328425555495,-0.13025505302849202,0.059895406129803735,0.02371050517208494,0.989385654550123,-0.016000000000000007,-0.22496149868535165,0.2802328425555495,-0.13025306909578166,0.060407444324331,0.023038430948117423,0.9893706632808461,-0.015999997727057465,-0.22496149888030928,0.2802328424488586,-0.13025306909920176,0.0604074443319479,0.023038430786382097,0.9893706632836969,-0.015999990218052068,-0.2249610296580485,0.28022678031802684,-0.1301852267673005,0.06315679982888413,0.0194426985998798,0.9892850988658806,-0.015999990218052068,-0.2249610296580485,0.28022678031802684,-0.1301852267673005,0.06315679982888413,0.0194426985998798,0.9892850988658806,-0.037665265403586286,-0.5216652946584122,0.7814157680146709,-0.1952941540961718,0.5271202222122483,-0.06500200372335391,-0.03375751855970242,-0.5220063161903881,0.7818337017832627,-0.17525065873030515,0.5254918607723479,-0.04028287760848651,-0.03375751855970242,-0.5220063161903881,0.7818337017832627,-0.17525065873030515,0.5254918607723479,-0.04028287760848651,-0.035413718745418654,0.002838568535432192,-0.003603405839183041,-0.18256485254520846,0.012971728121003698,-0.22427875322776633,-0.0009271046884706698,0.0021802267483628872,-0.0016332671425475275,0.0029271525838122743,0.01526298080227282,-0.0036714590767460606,0.19499999999995707,True,False,1,True,True,0.004024599998956546,4,2.2837817811478382e-09,3.239515950881465e-10,`gtol` termination condition is satisfied.,True,True,0.009999999999999787,0.024719713793853834,1.0,6.080267768493152e-06,0.009055430299811078,6.080362331186757e-06,0.00905543056573973
14.179999999999742,1786132516.5406742,0.007590300010633655,0.0073382000118726864,0.01,TELEOP,0,,0.0,14.179999999999742,1418,0.0,0.0,0.0,-1.734723475976807e-18,0.10602313556072525,0.06888873547046898,0.9919745142145295,1.60174354817132e-41,3.350011417023922e-33,6.7560131574401095e-21,7.09614896607071e-08,0.1117650555599378,0.06310346401905038,0.9917290583543852,-0.016000000000000007,-0.22496149868535165,0.2802328425555495,-0.13025598372734423,0.059646232846955256,0.02403742353025746,0.9893926964963992,-0.016000000000000007,-0.22496149868535165,0.2802328425555495,-0.1302540456064199,0.06015832951214221,0.023365380009543135,0.9893780460524071,-0.01599999772899369,-0.2249614988812602,0.2802328424481022,-0.13025404560997023,0.06015832951975971,0.023365379847945327,0.9893780460552928,-0.015999925866985693,-0.22496103198186432,0.2802268163386629,-0.13018841334842196,0.06291055231343375,0.01976870222428261,0.9892939087297601,-0.015999925866985693,-0.22496103198186432,0.2802268163386629,-0.13018841334842196,0.06291055231343375,0.01976870222428261,0.9892939087297601,-0.03802000607769941,-0.5216342574534091,0.7813783796250127,-0.19711177998297616,0.5272701332722153,-0.06724284954085828,-0.034111744922632616,-0.5219777122375843,0.781797508603638,-0.17707598322066864,0.5256231173947061,-0.04252598820704913,-0.034111744922632616,-0.5219777122375843,0.781797508603638,-0.17707598322066864,0.5256231173947061,-0.04252598820704913,-0.03542263629302057,0.002860395280381583,-0.003619317962480329,-0.18253244903635152,0.013125662235827966,-0.2243110598562662,-0.0008917547601914114,0.002182674494939113,-0.001591212329728823,0.0032403508856949925,0.015393411482427158,-0.0032306628499868357,0.1966666666666237,True,False,1,True,True,0.0035147000016877428,4,2.281971685890072e-09,3.2368386785781644e-10,`gtol` termination condition is satisfied.,True,True,0.009999999999999787,0.024719126114867394,1.0,6.044597105539796e-06,0.00906029624564734,6.044716520459459e-06,0.009060296511292762
14.189999999999742,1786132516.5479298,0.007572100003017113,0.007020999997621402,0.01,TELEOP,0,,0.0,14.189999999999742,1419,0.0,0.0,0.0,0.0,0.10544489352957187,0.06947068903983929,0.9919955633937418,1.455427969984669e-41,3.0439956019620524e-33,6.13886694043425e-21,6.447343717178174e-08,0.11118755210083316,0.06368585576045976,0.9917567443853752,-0.016000000000000007,-0.22496149868535165,0.2802328425555495,-0.1302568922593006,0.059397032333794196,0.02436432550368691,0.9893995725750228,-0.016000000000000007,-0.22496149868535165,0.2802328425555495,-0.13025499986804523,0.05990918705156487,0.023692313136361845,0.9893852629862873,-0.01599999773095272,-0.22496149888220457,0.2802328424473532,-0.13025499987172504,0.05990918705918291,0.02369231297490332,0.9893852629892079,-0.015999866782420182,-0.22496103417538688,0.2802268484289938,-0.13019134460438755,0.06266397181908022,0.02009483824444308,0.9893026017866772,-0.015999866782420182,-0.22496103417538688,0.2802268484289938,-0.13019134460438755,0.06266397181908022,0.02009483824444308,0.9893026017866772,-0.03837465494432386,-0.5216029868245278,0.7813410089750114,-0.19892800193604815,0.5274221752229947,-0.06948232483410473,-0.034466055963802596,-0.5219488896877013,0.7817611613860053,-0.17890094746680307,0.5257559294223421,-0.04476936970453052,-0.034466055963802596,-0.5219488896877013,0.7817611613860053,-0.17890094746680307,0.5257559294223421,-0.04476936970453052,-0.03543110411699889,0.0028822549883056854,-0.003634721763264325,-0.1824964246134469,0.01328120276359827,-0.22433814974814373,-0.0008467823978319453,0.002185970792410289,-0.001540380078399643,0.0036024422904635165,0.01555405277703065,-0.0027089891877538075,0.1983333333332903,True,False,1,True,True,0.003646800003480166,4,2.2801388333659455e-09,3.2341279921441255e-10,`gtol` termination condition is satisfied.,True,True,0.009999999999999787,0.024716861333809154,1.0,6.013431303104236e-06,0.009064564752961184,6.013573779065314e-06,0.009064565018326557
14.199999999999742,1786132516.554838,0.007241499988595024,0.00668789999326691,0.01,TELEOP,0,,0.0,14.199999999999742,1420,0.0,0.0,0.0,-1.734723475976807e-18,0.10486658048372144,0.07005259582230726,0.9920159444868856,1.3224779823412328e-41,2.7659336256817754e-33,5.578095606704811e-21,5.8578590955181485e-08,0.1106099726529797,0.06426820514339829,0.9917837626001698,-0.016000000000000007,-0.22496149868535165,0.2802328425555495,-0.1302577786534692,0.05914780468606418,0.024691211001761384,0.9894062827778838,-0.016000000000000007,-0.22496149868535165,0.2802328425555495,-0.13025593191727008,0.05966001706886522,0.024019230206726198,0.9893923140716137,-0.015999997732934347,-0.22496149888314265,0.28023284244661184,-0.13025593192107893,0.05966001707648374,0.024019230045408724,0.9893923140745691,-0.015999812907393492,-0.2249610362256027,0.28022687665781587,-0.13019402742323036,0.062417067973180425,0.02042110126105937,0.9893111762596418,-0.015999812907393492,-0.2249610362256027,0.28022687665781587,-0.13019402742323036,0.062417067973180425,0.02042110126105937,0.9893111762596418,-0.03872921147642725,-0.5215714829092349,0.7813036563037787,-0.20074280387730048,0.5275763455830133,-0.0717204132368164,-0.03482044633149053,-0.5219198481365691,0.7817246659845488,-0.1807255109174992,0.525890315559902,-0.04701296276841822,-0.03482044633149053,-0.5219198481365691,0.7817246659845488,-0.1807255109174992,0.525890315559902,-0.04701296276841822,-0.03543903676879388,0.002904155113215153,-0.003649540145649609,-0.1824563450696162,0.013438613755986737,-0.22435930638877472,-0.0007932651794992825,0.002190012490946787,-0.0014818382385284093,0.004007954383070805,0.01574109923884705,-0.0021156640630991728,0.19999999999995696,True,False,1,True,True,0.003362199990078807,4,2.278283432393365e-09,3.2313843277949304e-10,`gtol` termination condition is satisfied.,True,True,0.009999999999999787,0.024712955129574207,1.0,5.986555640594844e-06,0.009068254766585836,5.986719337888778e-06,0.009068255031674174
14.209999999999742,1786132516.5629733,0.00695100000302773,0.007872100002714433,0.01,TELEOP,0,,0.0,14.209999999999742,1421,0.0,0.0,0.0,-1.734723475976807e-18,0.10428819681265451,0.07063445542597217,0.9920356574802347,1.2016726693769401e-41,2.5132719694949493e-33,5.068549440711366e-21,5.3222713879030766e-08,0.11003231770840713,0.06485051172492637,0.9918101129695788,-0.016000000000000007,-0.22496149868535165,0.2802328425555495,-0.1302586429362891,0.05889854999461323,0.025018079937156917,0.9894128270975602,-0.016000000000000007,-0.22496149868535165,0.2802328425555495,-0.1302568417873537,0.059410819682609924,0.024346131104956936,0.9893991992984658,-0.015999997734938348,-0.22496149888407432,0.280232842445878,-0.1302568417912906,0.05941081969022888,0.024346130943782258,0.9893991993014559,-0.01599976415427041,-0.22496103812154936,0.28022690111457493,-0.1301964696835932,0.0621698516565742,0.02074748532220082,0.9893196301902302,-0.01599976415427041,-0.22496103812154936,0.28022690111457493,-0.1301964696835932,0.0621698516565742,0.02074748532220082,0.9893196301902302,-0.039083675154453254,-0.5215397458449607,0.7812663218459102,-0.20255616983234692,0.5277326418354842,-0.07395709850073051,-0.03517490992425282,-0.5218905871154507,0.7816880289211399,-0.18254962921199042,0.5260262967851345,-0.049256701797345225,-0.03517490992425282,-0.5218905871154507,0.7816880289211399,-0.18254962921199042,0.5260262967851345,-0.049256701797345225,-0.03544635927622962,0.0029261021118419817,-0.0036637063409000964,-0.18241182944912576,0.013598122523253276,-0.2243739028927048,-0.0007322507435736948,0.002194699862682957,-0.0014166195250487825,0.004451562049042716,0.0159508767266542,-0.001459650393008614,0.20166666666662358,True,False,1,True,True,0.00412109999160748,4,2.2764056884559516e-09,3.2286074839880973e-10,`gtol` termination condition is satisfied.,True,True,0.009999999999999787,0.024707450468398173,1.0,5.963747117832015e-06,0.009071387767020506,5.963930170461421e-06,0.009071388031834651
14.219999999999741,1786132516.5696855,0.008087399997748435,0.006496999994851649,0.01,TELEOP,0,,0.0,14.219999999999741,1422,0.0,0.0,0.0,0.0,0.10370974290589906,0.07121626745896502,0.9920547023605127,1.0919026430754654e-41,2.2836903727550794e-33,4.605549141548625e-21,4.835652773110865e-08,0.10945458774966832,0.06543277506689524,0.9918357954659597,-0.016000000000000007,-0.22496149868535165,0.2802328425555495,-0.13025948513177502,0.05864926834584368,0.025344932225532146,0.9894192055272555,-0.016000000000000007,-0.22496149868535165,0.2802328425555495,-0.1302577295085086,0.05916159500437305,0.02467301572097308,0.989405918657787,-0.015999997736964543,-0.22496149888499933,0.2802328424451514,-0.13025772951257303,0.059161595011992335,0.02467301555994292,0.989405918660812,-0.015999720407342002,-0.2249610398542166,0.28022692190738957,-0.1301986801226117,0.06192233482376194,0.02107398401553211,0.989327961467792,-0.015999720407342002,-0.2249610398542166,0.28022692190738957,-0.1301986801226117,0.06192233482376194,0.02107398401553211,0.989327961467792,-0.03943804546575678,-0.5215077757690953,0.7812290058317847,-0.20436808392806075,0.5278910614293943,-0.07619236449184452,-0.035529439992212024,-0.5218611061006313,0.7816512572860055,-0.18437325469524674,0.5261638959960716,-0.051500515787017885,-0.035529439992212024,-0.5218611061006313,0.7816512572860055,-0.18437325469524674,0.5261638959960716,-0.051500515787017885,-0.03545300679592157,0.0029481014819352303,-0.0036771635134328607,-0.18236254832563634,0.0137599210937182,-0.22438139896727058,-0.0006647519691949447,0.0021999370093248923,-0.0013457172532764727,0.004928112348941832,0.016179857046492593,-0.0007496074565777519,0.2033333333332902,True,False,1,True,True,0.003318200004287064,4,2.274505758577516e-09,3.225798247942142e-10,`gtol` termination condition is satisfied.,True,True,0.009999999999999787,0.024700396703385287,1.0,5.944778243826603e-06,0.0090739873991138,5.944978780308812e-06,0.009073987663656266
14.229999999999741,1786132516.578618,0.00670360001095105,0.008726000000024214,0.01,TELEOP,0,,0.0,14.229999999999741,1423,0.0,0.0,0.0,-3.469446951953615e-18,0.10313121915303043,0.07179803152944887,0.9920730791148936,9.921598554566129e-42,2.075080525273297e-33,4.184842851654679e-21,4.3935259823579256e-08,0.10887678325071597,0.06601499473550441,0.9918608100631087,-0.016000000000000007,-0.22496149868535165,0.2802328425555495,-0.13026030526173865,0.058399959822121074,0.025671767785251116,0.9894254180607417,-0.016000000000000007,-0.22496149868535165,0.2802328425555495,-0.13025859510817922,0.05891234313937826,0.024999883949774464,0.9894124721413055,-0.015999997739012683,-0.22496149888591782,0.2802328424444328,-0.13025859511237023,0.05891234314699785,0.024999883788890523,0.9894124721443651,-0.015999681525450726,-0.22496104141644138,0.28022693916107805,-0.13020066820841963,0.0616745303306201,0.02140059055563032,0.9893361678572399,-0.015999681525450726,-0.22496104141644138,0.28022693916107805,-0.13020066820841963,0.0616745303306201,0.02140059055563032,0.9893361678572399,-0.03979232190408945,-0.5214755728189877,0.7811917084878388,-0.20617853039040224,0.5280516017804094,-0.07842619518705204,-0.03588402923445156,-0.521831404522591,0.7816143586427007,-0.1861963369138925,0.5263031376740441,-0.05374432916227361,-0.03588402923445156,-0.521831404522591,0.7816143586427007,-0.1861963369138925,0.5263031376740441,-0.05374432916227361,-0.035458924223954094,0.002970157804026454,-0.0036898643304847578,-0.18230822186458018,0.013924167797254064,-0.22438133752557732,-0.0005917428032524893,0.0022056322091224432,-0.001270081705189753,0.0054326461056151965,0.016424670353586843,6.144169327019556e-06,0.20499999999995686,True,False,1,True,True,0.005199099992751144,4,2.272583856857465e-09,3.22295690236445e-10,`gtol` termination condition is satisfied.,True,True,0.009999999999999787,0.024691848704826637,1.0,5.929420182884675e-06,0.00907607911574832,5.9296363446788246e-06,0.009076079380021484
14.23999999999974,1786132516.585471,0.008950599993113428,0.006628099989029579,0.01,TELEOP,0,,0.0,14.23999999999974,1424,0.0,0.0,0.0,-1.7347234759768075e-18,0.10255262594367094,0.07237974724561907,0.9920907877310009,9.015283413977897e-42,1.8855267061329886e-33,3.802567110847614e-21,3.9918231053629035e-08,0.10829890467769872,0.06659717030090033,0.9918851567361627,-0.016000000000000007,-0.22496149868535165,0.2802328425555495,-0.13026110334599028,0.05815062450214549,0.02599858653713186,0.9894314646923086,-0.016000000000000007,-0.22496149868535165,0.2802328425555495,-0.1302594386112945,0.05866306418708216,0.025326735690971932,0.9894188597414608,-0.015999997741082593,-0.22496149888682973,0.28023284244372165,-0.13025943861561134,0.058663064194701964,0.025326735530235938,0.9894188597445551,-0.015999647344620803,-0.22496104280279877,0.2802269530152057,-0.13020244401778452,0.06142645177022705,0.021727297866193058,0.9893442470253463,-0.015999647344620803,-0.22496104280279877,0.2802269530152057,-0.13020244401778452,0.06142645177022705,0.021727297866193058,0.9893442470253463,-0.04014650396913344,-0.5214431371319475,0.7811544300368215,-0.20798749354249524,0.5282142602717125,-0.08065857467113689,-0.03623866989216198,-0.5218014817747302,0.7815773409376859,-0.1880188230909053,0.5264440475635583,-0.055988062572291795,-0.03623866989216198,-0.5218014817747302,0.7815773409376859,-0.1880188230909053,0.5264440475635583,-0.055988062572291795,-0.03546406577104256,0.0029922747860822844,-0.0037017705014715683,-0.18224861770128373,0.01409098895141924,-0.22437334100182316,-0.0005141547088464404,0.002211698205583073,-0.0011906170986810834,0.005960416329645057,0.016682115416517977,0.000799652375416358,0.20666666666662348,True,False,1,True,True,0.003381300004548393,4,2.270640166371305e-09,3.2200827322241386e-10,`gtol` termination condition is satisfied.,True,True,0.009999999999999787,0.024681866024778433,1.0,5.917445273759121e-06,0.00907768983807603,5.9176752343438385e-06,0.009077690102081872
14.24999999999974,1786132516.5935786,0.006845700001576915,0.00789019999501761,0.01,TELEOP,0,,0.0,14.24999999999974,1425,0.0,0.0,0.0,-1.734723475976807e-18,0.10197396366748979,0.07296141421570351,0.9921078281969082,8.191758070773821e-42,1.7132881911040445e-33,3.455211377120817e-21,3.6268481624232255e-08,0.10772095248968437,0.06717930133681188,0.9919088354615114,-0.016000000000000007,-0.22496149868535165,0.2802328425555495,-0.13026187940252212,0.05790126246128871,0.02632538840421801,0.9894373454167166,-0.016000000000000007,-0.22496149868535165,0.2802328425555495,-0.1302602600404982,0.05841375824170418,0.02565357084836071,0.9894250814513394,-0.015999997743174087,-0.22496149888773503,0.2802328424430181,-0.13026026004494012,0.058413758249324155,0.02565357068777429,0.9894250814544685,-0.015999617680674545,-0.22496104400948772,0.28022696362216076,-0.13020401811929738,0.061178113317265054,0.022054098656990963,0.9893521965654887,-0.015999617680674545,-0.22496104400948772,0.28022696362216076,-0.13020401811929738,0.061178113317265054,0.022054098656990963,0.9893521965654887,-0.040500591166074545,-0.5214104688452416,0.7811171706980092,-0.20979495780292148,0.5283790342547696,-0.08288948713408484,-0.036593353837243145,-0.5217713372216252,0.781540212414758,-0.18984065857755605,0.5265866523698576,-0.05823163364648758,-0.036593353837243145,-0.5217713372216252,0.781540212414758,-0.18984065857755605,0.5265866523698576,-0.05823163364648758,-0.03546839450811719,0.0030144553104980805,-0.0037128522927910934,-0.18218354866507688,0.014260480629919914,-0.22435710741958306,-0.00043287370746260734,0.0022180524415796534,-0.0011081791319525484,0.006506903620685789,0.0169491678500676,0.0016233582240093858,0.2083333333332901,True,False,1,True,True,0.0045886000007158145,4,2.26867485141424e-09,3.2171778860483166e-10,`gtol` termination condition is satisfied.,True,True,0.009999999999999787,0.024670512098845097,1.0,5.908628977703068e-06,0.00907884763358466,5.908870957873762e-06,0.009078847897325106
14.25999999999974,1786132516.6003776,0.008154900002409704,0.006534200001624413,0.01,TELEOP,0,,0.0,14.25999999999974,1426,0.0,0.0,0.0,1.734723475976807e-18,0.10139523271420259,0.07354303204796302,0.9921242005011394,7.443459867944264e-42,1.556783267099233e-33,3.13958578838178e-21,3.295243098892363e-08,0.10714292713931636,0.06776138742021975,0.9919318462167172,-0.016000000000000007,-0.22496149868535165,0.2802328425555495,-0.13026263344767453,0.05765187377190027,0.02665217331157151,0.9894430602291552,-0.016000000000000007,-0.22496149868535165,0.2802328425555495,-0.13026105941635777,0.058164425392707775,0.02598038932953304,0.9894311372646154,-0.01599999774528692,-0.22496149888863362,0.2802328424423226,-0.13026105942092414,0.05816442540032786,0.02598038916909789,0.989431137267779,-0.015999592331817285,-0.22496104503421602,0.28022697114527534,-0.13020540146247755,0.06092952958136775,0.022380985495470428,0.9893600140208012,-0.015999592331817285,-0.22496104503421602,0.28022697114527534,-0.13020540146247755,0.06092952958136775,0.022380985495470428,0.9893600140208012,-0.04085458300521494,-0.5213775680960939,0.7810799306874159,-0.21160090768421708,0.5285459210500466,-0.08511891686868803,-0.036948072656122904,-0.5217409702067961,0.7815029815345231,-0.1916617872813377,0.5267309794747999,-0.06047495770909899,-0.036948072656122904,-0.5217409702067961,0.7815029815345231,-0.1916617872813377,0.5267309794747999,-0.06047495770909899,-0.035471881887976724,0.0030367014829088233,-0.0037230880234905422,-0.18211287037816842,0.014432710494224522,-0.2243324062611459,-0.00034873798595361216,0.0022246172410743522,-0.0010235730699449013,0.0070678286908473775,0.01722298643046117,0.0024701158437163513,0.20999999999995675,True,False,1,True,True,0.0033316000044578686,4,2.2666881099255076e-09,3.2142409854546377e-10,`gtol` termination condition is satisfied.,True,True,0.009999999999999787,0.02465785348759726,1.0,5.902751301806483e-06,0.009079581413026767,5.903003583543024e-06,0.00907958167650327
14.26999999999974,1786132516.6078444,0.006743299993104301,0.007258099998580292,0.01,TELEOP,0,,0.0,14.26999999999974,1427,0.0,0.0,0.0,-1.734723475976807e-18,0.10081643347357132,0.07412460035069136,0.9921399046326679,6.763516979751709e-42,1.4145747068731084e-33,2.8527918690816976e-21,2.99395688844827e-08,0.10656482907341026,0.06834342813105652,0.9919541889804434,-0.016000000000000007,-0.22496149868535165,0.2802328425555495,-0.13026336549628717,0.05740245850358587,0.0269789411860847,0.9894486091252049,-0.016000000000000007,-0.22496149868535165,0.2802328425555495,-0.13026183675755404,0.057915065725237684,0.026307191045526535,0.9894370271754964,-0.015999997747420926,-0.2249614988895255,0.28023284244163466,-0.13026183676224393,0.05791506573285781,0.026307190885244292,0.9894370271786945,-0.01599957108117446,-0.22496104587608298,0.2802269757569968,-0.13020660527307854,0.06068071546968641,0.022707950872960396,0.989367696905705,-0.01599957108117446,-0.22496104587608298,0.2802269757569968,-0.13020660527307854,0.06068071546968641,0.022707950872960396,0.989367696905705,-0.041208479001621154,-0.5213444350216871,0.7810427102179796,-0.21340532779155136,0.5287149179476717,-0.08734684826841296,-0.03730281772860642,-0.5217103800599728,0.781465656899054,-0.1934821520689029,0.526877056671503,-0.06271794845093245,-0.03730281772860642,-0.5217103800599728,0.781465656899054,-0.1934821520689029,0.526877056671503,-0.06271794845093245,-0.035474507248352445,0.0030590146823254206,-0.003732463546910484,-0.18203647875652498,0.014607719670311235,-0.22429907418335177,-0.00026253603757243665,0.002231319941659761,-0.0009375523419941773,0.0076391621643440155,0.01750091760867174,0.0033332077794120027,0.21166666666662337,True,False,1,True,True,0.003938299996661954,4,2.2646801240569137e-09,3.211273100195717e-10,`gtol` termination condition is satisfied.,True,True,0.009999999999999787,0.024643959159589036,1.0,5.899597774861956e-06,0.00907992064698872,5.899858714455443e-06,0.009079920910202545
14.27999999999974,1786132516.6146426,0.007484300003852695,0.006571799996891059,0.01,TELEOP,0,,0.0,14.27999999999974,1428,0.0,0.0,0.0,-1.7347234759768075e-18,0.10023756633540386,0.07470611873221578,0.9921549405809174,6.145685305887676e-42,1.2853565705736678e-33,2.592195912726879e-21,2.7202174615351622e-08,0.10598665873349514,0.06892542305193423,0.9919758637323899,-0.016000000000000007,-0.22496149868535165,0.2802328425555495,-0.13026407556183664,0.05715301672345956,0.027305691956309438,0.9894539921008026,-0.016000000000000007,-0.22496149868535165,0.2802328425555495,-0.13026259208105403,0.05766567932051684,0.026633975910504832,0.9894427511786759,-0.015999997749575907,-0.2249614988904105,0.2802328424409546,-0.1302625920858668,0.05766567932813697,0.02663397575037716,0.9894427511819085,-0.015999553699265902,-0.22496104653546226,0.2802269776371222,-0.1302076409548174,0.06043168605886312,0.023034987265481317,0.989375242725804,-0.015999553699265902,-0.22496104653546226,0.2802269776371222,-0.1302076409548174,0.06043168605886312,0.023034987265481317,0.989375242725804,-0.04156227867480189,-0.5213110697591605,0.7810055094997235,-0.2152082028215703,0.5288860222080441,-0.089573265825509,-0.03765758030162045,-0.5216795661038515,0.7814282471818231,-0.19530169514328674,0.5270249119180401,-0.0649605185571588,-0.03765758030162045,-0.5216795661038515,0.7814282471818231,-0.19530169514328674,0.5270249119180401,-0.0649605185571588,-0.03547625730140326,0.003081395612140181,-0.0037409717230919262,-0.18195430743838914,0.014785524653716665,-0.2242570106226395,-0.00017500530508166487,0.0022380929814760503,-0.0008508176181442291,0.008217131813583375,0.01778049834054348,0.00420635607122725,0.21333333333329,True,False,1,True,True,0.0033613999985391274,4,2.2626510461136633e-09,3.2082738604613424e-10,`gtol` termination condition is satisfied.,True,True,0.009999999999999787,0.02462889981748051,1.0,5.8989600498470135e-06,0.009079895102652981,5.899228087354383e-06,0.009079895365605065
14.28999999999974,1786132516.6224236,0.006783299992093816,0.0075702000031014904,0.01,TELEOP,0,,0.0,14.28999999999974,1429,0.0,0.0,0.0,0.0,0.09965863168955376,0.07528758680089706,0.9921693083357614,5.5842911302028286e-42,1.167942212941817e-33,2.3554047958363365e-21,2.4715062002365508e-08,0.10540841655630546,0.0695073717678976,0.9919968704532344,-0.016000000000000007,-0.22496149868535165,0.2802328425555495,-0.13026476365656106,0.05690354849637347,0.02763242555230245,0.9894592091522104,-0.016000000000000007,-0.22496149868535165,0.2802328425555495,-0.1302633254022676,0.05741626625620713,0.026960743841467783,0.9894483092692887,-0.015999997751751635,-0.22496149889128875,0.2802328424402822,-0.1302633254072022,0.05741626626382716,0.02696074368149626,0.9894483092725559,-0.015999539946404146,-0.2249610470138852,0.2802269769711019,-0.1302085199976912,0.06018245647651596,0.023362087189194376,0.9893826489961443,-0.015999539946404146,-0.2249610470138852,0.2802269769711019,-0.1302085199976912,0.06018245647651596,0.023362087189194376,0.9893826489961443,-0.041915981548415256,-0.5212774724456083,0.7809683287399128,-0.21700951756138578,0.529059231062411,-0.09179815412932922,-0.03801235155776382,-0.5216485276603358,0.7813907610629593,-0.19712035839493094,0.5271745731103129,-0.0672025802904508,-0.03801235155776382,-0.5216485276603358,0.7813907610629593,-0.19712035839493094,0.5271745731103129,-0.0672025802904508,-0.03547712561433827,0.0031038443515751476,-0.003748611886383078,-0.1818663251644255,0.014966119227275627,-0.22420617332920456,-8.683129350123274e-05,0.0022448739434967214,-0.0007640163291151815,0.00879822739636484,0.0180594573558966,0.005083729343494335,0.21499999999995664,True,False,1,True,True,0.003286499995738268,4,2.2606011107625183e-09,3.2052441040681936e-10,`gtol` termination condition is satisfied.,True,True,0.009999999999999787,0.024612747268350194,1.0,5.900636205450475e-06,0.009079534601081928,5.900909873616197e-06,0.009079534863772956
14.29999999999974,1786132516.634838,0.007943400007206947,0.012040500005241483,0.01,TELEOP,0,,0.0,14.29999999999974,1430,0.0,0.0,0.0,1.7347234759768075e-18,0.09907962992592025,0.07586900416512994,0.9921830078875239,5.074179017429816e-42,1.0612533860254991e-33,2.140244001238559e-21,2.2455347650570553e-08,0.10483010297422758,0.0700892738661999,0.9920172091245802,-0.016000000000000007,-0.22496149868535165,0.2802328425555495,-0.1302654297915735,0.05665405388512573,0.027959141905484552,0.9894642602759874,-0.016000000000000007,-0.22496149868535165,0.2802328425555495,-0.1302640367351899,0.05716682660673682,0.027287494757988258,0.9894537014428726,-0.01599999775394796,-0.22496149889216013,0.28023284243961794,-0.13026403674024564,0.057166826614356736,0.02728749459817451,0.9894537014461741,-0.01599952957500476,-0.2249610473139255,0.28022697394842055,-0.13020925389298024,0.059933041792266925,0.02368924325056596,0.9893899132578498,-0.01599952957500476,-0.2249610473139255,0.28022697394842055,-0.13020925389298024,0.059933041792266925,0.02368924325056596,0.9893899132578498,-0.04226958715000262,-0.5212436432180839,0.7809311681431873,-0.21880925688770614,0.5292345417133933,-0.09402149786485493,-0.03836712267861913,-0.521617264056264,0.7813532071698358,-0.19893808372624908,0.5273260678740843,-0.06944404602912405,-0.03836712267861913,-0.521617264056264,0.7813532071698358,-0.19893808372624908,0.5273260678740843,-0.06944404602912405,-0.03547711208553147,0.0031263604071743297,-0.003755389312359519,-0.18177253313181727,0.015149476377141851,-0.22414657386732928,1.3528806801684363e-06,0.002251605559918251,-0.0006777425976441423,0.009379203260824014,0.018335714986622696,0.005959946187528617,0.21666666666662326,True,False,1,True,True,0.006003999995300546,4,2.2585304215204703e-09,3.20218413679727e-10,`gtol` termination condition is satisfied.,True,True,0.009999999999999787,0.02459557383887842,1.0,5.904430824269945e-06,0.009078868795152715,5.904708754387572e-06,0.009078869057583157
14.30999999999974,1786132516.643657,0.012510500004282221,0.008348899995326065,0.01,TELEOP,0,,0.0,14.30999999999974,1431,0.0,0.0,0.0,1.7347234759768075e-18,0.0985005614344475,0.07645037043334323,0.9921960392269782,4.6106644694202823e-42,9.64310337335751e-34,1.944737648889427e-21,2.0402240405131117e-08,0.10425171841570516,0.07067112893609953,0.9920368797289087,-0.016000000000000007,-0.22496149868535165,0.2802328425555495,-0.13026607397696527,0.05640453295064987,0.028285840948513257,0.9894691454689643,-0.016000000000000007,-0.22496149868535165,0.2802328425555495,-0.13026472609253092,0.05691736044359802,0.02761422858197327,0.9894589276953308,-0.015999997756164657,-0.22496149889302458,0.2802328424389616,-0.1302647260977073,0.056917360451217744,0.027614228422318896,0.9894589276986668,-0.015999522331797977,-0.22496104743908596,0.2802269687610604,-0.13020985405499258,0.05968345691827426,0.024016448191354355,0.9893970330931532,-0.015999522331797977,-0.22496104743908596,0.2802269687610604,-0.13020985405499258,0.05968345691827426,0.024016448191354355,0.9893970330931532,-0.04262309501074422,-0.5212095822135948,0.7808940279116895,-0.22060740576607768,0.5294119513354915,-0.09624328181138696,-0.0387218849028207,-0.5215857746286241,0.7813155940229576,-0.2007548133496784,0.5274794233760235,-0.07168482876028467,-0.0387218849028207,-0.5215857746286241,0.7813155940229576,-0.2007548133496784,0.5274794233760235,-0.07168482876028467,-0.03547622242015738,0.0031489427639856,-0.003761314687820055,-0.1816729623429357,0.015335550193912766,-0.22407827311606776,8.89665374089026e-05,0.0022582356811270974,-0.0005925375460535866,0.009957078888157372,0.0186073816770919,0.006830075126152783,0.2183333333332899,True,False,1,True,True,0.004192599997622892,4,2.2564391977640893e-09,3.1990937976379926e-10,`gtol` termination condition is satisfied.,True,True,0.009999999999999787,0.024577451835730887,1.0,5.910154911207147e-06,0.009077926968085159,5.910435838702415e-06,0.009077927230255047
14.31999999999974,1786132516.65096,0.008586299998569302,0.007065600002533756,0.01,TELEOP,0,,0.0,14.31999999999974,1432,0.0,0.0,0.0,0.0,0.09792142660512486,0.07703168521400022,0.9922084023453482,4.189490906125416e-42,8.762228125133606e-34,1.7670903508288446e-21,1.8536850056690606e-08,0.10367326330560735,0.07125293656867585,0.9920558822495366,-0.016000000000000007,-0.22496149868535165,0.2802328425555495,-0.13026669622189951,0.05615498575218632,0.028612522615166995,0.98947386472822,-0.016000000000000007,-0.22496149868535165,0.2802328425555495,-0.13026539348583316,0.056667867835616885,0.02794094523744713,0.9894639880229014,-0.015999997758401587,-0.2249614988938822,0.28023284243831315,-0.1302653934911291,0.05666786784323636,0.02794094507795373,0.9894639880262716,-0.01599951795993269,-0.224961047393689,0.28022696160205335,-0.1302103317495452,0.05943371651916687,0.0243436949285548,0.9894040061388564,-0.01599951795993269,-0.224961047393689,0.28022696160205335,-0.1302103317495452,0.05943371651916687,0.0243436949285548,0.9894040061388564,-0.04297650466523856,-0.5211752895691042,0.7808569082451762,-0.2224039492502459,0.5295914570755481,-0.09846349084140664,-0.03907662957891114,-0.5215540587292631,0.7812779299870847,-0.20257049005935365,0.5276346661534922,-0.07392484252830081,-0.03907662957891114,-0.5215540587292631,0.7812779299870847,-0.20257049005935365,0.5276346661534922,-0.07392484252830081,-0.03547446760904556,0.003171589936097845,-0.003766403587294362,-0.1815676709675296,0.015524277746867684,-0.22400137680161902,0.0001754811111823763,0.0022647172112245126,-0.0005088899474307309,0.010529137540610245,0.018872755295492094,0.007689631444872623,0.21999999999995654,True,False,1,True,True,0.003561200006515719,4,2.254327578106658e-09,3.195972888134891e-10,`gtol` termination condition is satisfied.,True,True,0.009999999999999787,0.024558453051102283,1.0,5.917625715586099e-06,0.00907673785233414,5.9179084831475515e-06,0.00907673811424332
14.329999999999739,1786132516.6594422,0.0073705999966477975,0.008177299998351373,0.01,TELEOP,0,,0.0,14.329999999999739,1433,0.0,0.0,0.0,-1.7347234759768075e-18,0.09734222582798614,0.07761294811559885,0.9922200972343076,3.806790576264688e-42,7.961818798811704e-34,1.60567072364523e-21,1.684201353812536e-08,0.10309473806556312,0.07183469635666172,0.992074216670577,-0.016000000000000007,-0.22496149868535165,0.2802328425555495,-0.1302672965346962,0.0559054123474385,0.02893918684024006,0.989478418051061,-0.016000000000000007,-0.22496149868535165,0.2802328425555495,-0.13026603892557853,0.05641834884919888,0.028267644650354574,0.989468882422126,-0.015999997760658483,-0.2249614988947328,0.28023284243767277,-0.1302660389309932,0.05641834885681805,0.02826764449102367,0.9894688824255307,-0.01599951620096513,-0.22496104718276913,0.2802269526641245,-0.13021069802913848,0.05918383493122228,0.02467097658946394,0.9894108300982563,-0.01599951620096513,-0.22496104718276913,0.2802269526641245,-0.13021069802913848,0.05918383493122228,0.02467097658946394,0.9894108300982563,-0.043329815651298065,-0.5211407654215331,0.7808198093411166,-0.22419887248160794,0.5297730560531836,-0.10068210991957612,-0.039431348213052296,-0.5215221157291007,0.781240223227493,-0.2043850574767105,0.5277918219626975,-0.07616400283919945,-0.039431348213052296,-0.5215221157291007,0.781240223227493,-0.2043850574767105,0.5277918219626975,-0.07616400283919945,-0.03547186341411601,0.0031943000162355166,-0.0037706759591643203,-0.18145674173568985,0.01571558092052551,-0.22391603108986974,0.0002604194929545107,0.0022710080137672258,-0.00042723718699581197,0.011092923183976533,0.019130317365782874,0.00853457117492897,0.22166666666662316,True,False,1,True,True,0.004386600005091168,4,2.2521957839418163e-09,3.192823170162976e-10,`gtol` termination condition is satisfied.,True,True,0.009999999999999787,0.02453864831310583,1.0,5.926666507084054e-06,0.009075329468468868,5.926950066105649e-06,0.009075329730117024
14.339999999999739,1786132516.6665602,0.008413400006247684,0.006881900000735186,0.01,TELEOP,0,,0.0,14.339999999999739,1434,0.0,0.0,0.0,0.0,0.0967629594931097,0.07819415874667202,0.9922311238859801,3.4590490387148285e-42,7.2345250180466935e-34,1.4589964070383357e-21,1.5302137010579555e-08,0.10251614311426478,0.07241640789429184,0.9920918829769061,-0.016000000000000007,-0.22496149868535165,0.2802328425555495,-0.1302678749229096,0.05565581279271444,0.0292658335594474,0.9894828054350021,-0.016000000000000007,-0.22496149868535165,0.2802328425555495,-0.13026666242128543,0.05616880354855164,0.028594326748382113,0.9894736108898255,-0.01599999776293518,-0.22496149889557637,0.2802328424370404,-0.1302666624268181,0.05616880355617042,0.02859432658921527,0.9894736108932644,-0.015999516796725562,-0.22496104681197154,0.2802269421384309,-0.13021096367473395,0.058933826090578324,0.024998286542046798,0.9894175027515858,-0.015999516796725562,-0.22496104681197154,0.2802269421384309,-0.13021096367473395,0.058933826090578324,0.024998286542046798,0.9894175027515858,-0.04368302750976635,-0.5211060099077551,0.7807827313947884,-0.22599216068875908,0.5299567453612167,-0.10289912410187207,-0.03978603251168664,-0.5214899450218592,0.7812024816712513,-0.20619846027048241,0.5279509156447364,-0.07840222702184733,-0.03978603251168664,-0.5214899450218592,0.7812024816712513,-0.20619846027048241,0.5279509156447364,-0.07840222702184733,-0.03546842986343555,0.0032170707241502973,-0.003774155624167713,-0.18134027937719385,0.015909368203897864,-0.22382241826479213,0.00034335506804607463,0.0022770707914781313,-0.00034796650033928005,0.011646235849598527,0.01937872833723594,0.009361282507760332,0.22333333333328978,True,False,1,True,True,0.0035605000011855736,4,2.2500439745457958e-09,3.189643591768504e-10,`gtol` termination condition is satisfied.,True,True,0.009999999999999787,0.02451810708037666,1.0,5.937106345813971e-06,0.00907372898352471,5.937389757219518e-06,0.009073729244911132
14.349999999999739,1786132516.6748116,0.007106399993062951,0.008026999988942407,0.01,TELEOP,0,,0.0,14.349999999999739,1435,0.0,0.0,0.0,-1.7347234759768075e-18,0.09618362799061804,0.0787753167157878,0.9922414822929395,3.1430728884419845e-42,6.573667846416572e-34,1.3257204509017996e-21,1.3903052387793324e-08,0.10193747886774346,0.07299807077716523,0.9921088811541302,-0.016000000000000007,-0.22496149868535165,0.2802328425555495,-0.13026843139339844,0.05540618714305523,0.029592462709338196,0.9894870268777498,-0.016000000000000007,-0.22496149868535165,0.2802328425555495,-0.1302672639815972,0.0559192319958873,0.02892099146079586,0.9894781734230744,-0.01599999776523149,-0.224961498896413,0.28023284243641605,-0.13026726398724697,0.05591923200350565,0.028920991301794603,0.9894781734265474,-0.01599951949105831,-0.22496104628745295,0.28022693021339773,-0.13021113914400903,0.058683703470222955,0.02532561842080725,0.9894240219650229,-0.01599951949105831,-0.22496104628745295,0.28022693021339773,-0.13021113914400903,0.058683703470222955,0.02532561842080725,0.9894240219650229,-0.04403613978434776,-0.5210710231646002,0.7807456745993572,-0.22778379918711567,0.5301425220660468,-0.10511451853483608,-0.04014067441927272,-0.5214575460273235,0.7811647129733638,-0.2080106443516944,0.5281119710089757,-0.08063943454700363,-0.04014067441927272,-0.5214575460273235,0.7811647129733638,-0.2080106443516944,0.5281119710089757,-0.08063943454700363,-0.03546419075860836,0.003239899453567635,-0.0037768697887468655,-0.1812184081212008,0.01610553642392751,-0.22372075251563497,0.0004239104827185337,0.002282872941733811,-0.00027141645791525857,0.012187125599306264,0.019616822002965283,0.01016657491571584,0.22499999999995643,True,False,1,True,True,0.004265100011252798,4,2.2478723256338597e-09,3.186435081679475e-10,`gtol` termination condition is satisfied.,True,True,0.009999999999999787,0.02449689708002474,1.0,5.94877988110563e-06,0.009071962588196257,5.94906231444393e-06,0.00907196284932007
14.359999999999738,1786132516.681767,0.00828150000597816,0.006700300000375137,0.01,TELEOP,0,,0.0,14.359999999999738,1436,0.0,0.0,0.0,0.0,0.09560423171067751,0.07935642163154971,0.9922511724482097,2.8559604305955253e-42,5.973178452934362e-34,1.2046189459142998e-21,1.2631886980280054e-08,0.10135874573961942,0.07357968460212042,0.9921252111885593,-0.016000000000000007,-0.22496149868535165,0.2802328425555495,-0.13026896595238993,0.05515653545235181,0.02991907422721736,0.9894910823771859,-0.016000000000000007,-0.22496149868535165,0.2802328425555495,-0.13026784361436208,0.0556696342516062,0.029247638718294316,0.9894825700191797,-0.015999997767547233,-0.22496149889724237,0.2802328424358,-0.13026784362012814,0.05566963425922404,0.029247638559460186,0.9894825700226868,-0.015999524031430883,-0.2249610456157894,0.2802269170736534,-0.13021123452592903,0.05843348002546653,0.025652966148378305,0.9894303856983255,-0.015999524031430883,-0.2249610456157894,0.2802269170736534,-0.13021123452592903,0.05843348002546653,0.025652966148378305,0.9894303856983255,-0.04438915202145427,-0.521035805328854,0.7807086391459543,-0.22957377337861293,0.5303303832080277,-0.10732827845493337,-0.04049526615124177,-0.5214249181941487,0.7811269244876099,-0.20982155704438119,0.5282750107331329,-0.08287554730553531,-0.04049526615124177,-0.5214249181941487,0.7811269244876099,-0.20982155704438119,0.5282750107331329,-0.08287554730553531,-0.03545917319690597,0.0032627833174853063,-0.003778848575385613,-0.18109126926868305,0.016303972415719698,-0.22361127585317217,0.0005017561702399392,0.002288386391767194,-0.00019787866387473689,0.01271388525177474,0.019843599179219063,0.010947666246282028,0.22666666666662305,True,False,1,True,True,0.003407700001844205,4,2.2456809683361527e-09,3.1831971592636005e-10,`gtol` termination condition is satisfied.,True,True,0.009999999999999787,0.02447508398783245,1.0,5.961527199636847e-06,0.009070055392141606,5.961807931156639e-06,0.00907005565300168
14.369999999999738,1786132516.6903603,0.006917799997609109,0.008376700003282167,0.01,TELEOP,0,,0.0,14.369999999999738,1437,0.0,0.0,0.0,0.0,0.09502477104349813,0.07993747310259705,0.9922601943452647,2.595075033455729e-42,5.42754238032403e-34,1.0945797840476755e-21,1.1476945054844884e-08,0.10077994414132907,0.07416124896712217,0.9921408730671806,-0.016000000000000007,-0.22496149868535165,0.2802328425555495,-0.1302694786055375,0.054906857773451015,0.03024566805107448,0.9894949719313544,-0.016000000000000007,-0.22496149868535165,0.2802328425555495,-0.13026840132670642,0.05542001037446374,0.029574268452874794,0.9894868006756614,-0.015999997769882195,-0.22496149889806472,0.280232842435192,-0.13026840133258794,0.05542001038208105,0.029574268294209265,0.9894868006792026,-0.015999530170409938,-0.22496104480388787,0.2802269028990635,-0.13021125950144424,0.05818316814756794,0.025980323953061064,0.9894365920111573,-0.015999530170409938,-0.22496104480388787,0.2802269028990635,-0.13021125950144424,0.05818316814756794,0.025980323953061064,0.9894365920111573,-0.044742063770063095,-0.5210003565372541,0.7806716252237426,-0.2313620687514625,0.5305203258018177,-0.1095403891880028,-0.04084980022234411,-0.5213920610022322,0.7810891232418921,-0.21163114723286547,0.5284400562793651,-0.08511048984726204,-0.04084980022234411,-0.5213920610022322,0.7810891232418921,-0.21163114723286547,0.5284400562793651,-0.08511048984726204,-0.03545340711023417,0.0032857191916494744,-0.0037801245717891292,-0.1809590188484326,0.01650455462321865,-0.2234942541726769,0.0005766086671799588,0.0022935874164168755,-0.00012759964035162816,0.013225042025044598,0.020058220749895647,0.011702168049526156,0.22833333333328967,True,False,1,True,True,0.004201600007945672,4,2.2434701327112717e-09,3.179931208010668e-10,`gtol` termination condition is satisfied.,True,True,0.009999999999999787,0.024452731149398055,1.0,5.975193738238179e-06,0.009068031336581541,5.975472148574628e-06,0.009068031597176611
14.379999999999738,1786132516.6972427,0.008609500000602566,0.006648599999607541,0.01,TELEOP,0,,0.0,14.379999999999738,1438,0.0,0.0,0.0,-1.734723475976807e-18,0.09444524637933326,0.08051847073760507,0.9922685479780282,2.3580209155282284e-42,4.93174890426083e-34,9.945924457767018e-22,1.0427600226190934e-08,0.10020107448233113,0.07474276347115905,0.9921558667776353,-0.016000000000000007,-0.22496149868535165,0.2802328425555495,-0.13026996935797389,0.05465715415825176,0.030572244119519264,0.989498695538448,-0.016000000000000007,-0.22496149868535165,0.2802328425555495,-0.13026893712510076,0.05517036042172194,0.029900880597712183,0.9894908653902346,-0.015999997772236194,-0.22496149889887995,0.2802328424345922,-0.13026893713109702,0.055170360429338636,0.029900880439216782,0.9894908653938099,-0.015999537667002312,-0.22496104385890373,0.28022688786386435,-0.13021122331009444,0.057932779625154814,0.02630768638254991,0.9894426390681723,-0.015999537667002312,-0.22496104385890373,0.28022688786386435,-0.13021122331009444,0.057932779625154814,0.02630768638254991,0.9894426390681723,-0.04509487458158861,-0.5209646769264932,0.7806346330199779,-0.23314867087997343,0.5307123468367134,-0.11175083614879948,-0.041204269470571556,-0.5213589739646717,0.7810513159178873,-0.21343936548652542,0.528607127825615,-0.08734418958204998,-0.041204269470571556,-0.5213589739646717,0.7810513159178873,-0.21343936548652542,0.528607127825615,-0.08734418958204998,-0.03544692482274556,0.0033087037560530293,-0.0037807324004692907,-0.1808218253659993,0.01670715462499789,-0.22336997347879928,0.0006482287488608514,0.002298456440355549,-6.0782868016132755e-05,0.013719348243329776,0.020260000177924037,0.012428069387762874,0.22999999999995632,True,False,1,True,True,0.0033870000042952597,4,2.2412399727644286e-09,3.1766363131125245e-10,`gtol` termination condition is satisfied.,True,True,0.009999999999999787,0.02442989934074076,1.0,5.989630268966744e-06,0.00906591312331117,5.989905839278461e-06,0.009065913383639627
14.389999999999738,1786132516.7041893,0.006862599999294616,0.006732800000463612,0.01,TELEOP,0,,0.0,14.389999999999738,1439,0.0,0.0,0.0,-1.7347234759768075e-18,0.0938656581084793,0.08109941414528538,0.9922762333408746,2.142621144431522e-42,4.481245018528228e-34,9.037387202036936e-22,9.474197685654504e-09,0.09962213717029386,0.07532422771415032,0.9921701923081997,-0.016000000000000007,-0.22496149868535165,0.2802328425555495,-0.1302704382143587,0.05440742465779234,0.03089880237172304,0.9895022531967973,-0.016000000000000007,-0.22496149868535165,0.2802328425555495,-0.13026945101542012,0.05492068444928696,0.030227475087048948,0.9894947641607937,-0.015999997774609028,-0.22496149889968794,0.2802328424340007,-0.13026945102153015,0.05492068445690301,0.030227474928725136,0.9894947641644032,-0.015999546287860978,-0.22496104278816387,0.28022687213589503,-0.1302111347222798,0.05768232561305493,0.02663504831408845,0.9894485251429262,-0.015999546287860978,-0.22496104278816387,0.28022687213589503,-0.1302111347222798,0.05768232561305493,0.02663504831408845,0.9894485251429262,-0.04544758400976401,-0.5209287666332174,0.7805976627200639,-0.23493356542442287,0.5309064432769663,-0.11395960484061211,-0.04155866707685778,-0.5213256566293283,0.781013508834787,-0.21524616416306022,0.528776244211423,-0.08957657694490116,-0.04155866707685778,-0.5213256566293283,0.781013508834787,-0.21524616416306022,0.528776244211423,-0.08957657694490116,-0.035439760628622634,0.0033317335343362965,-0.003780708310029782,-0.1806798676534837,0.016911638580797583,-0.22323873628512306,0.0007164194122926543,0.0023029778283267517,2.409043950851012e-06,0.014195771251560482,0.020448395579969934,0.013123719367623642,0.23166666666662294,True,False,1,True,True,0.0035601000126916915,4,2.2389906571248397e-09,3.1733134572916976e-10,`gtol` termination condition is satisfied.,True,True,0.009999999999999787,0.0244066465667495,1.0,6.004692954403632e-06,0.009063722159185049,6.004965262272525e-06,0.009063722419245215
14.399999999999737,1786132516.7116263,0.007044500001939014,0.007125400006771088,0.01,TELEOP,0,,0.0,14.399999999999737,1440,0.0,0.0,0.0,-1.7347234759768075e-18,0.09328600662127558,0.08168030293438595,0.9922832504286275,1.946897645535361e-42,4.07189362352459e-34,8.211842728783193e-22,8.607965369295564e-09,0.09904313261126499,0.07590564129686164,0.9921838496477654,-0.016000000000000007,-0.22496149868535165,0.2802328425555495,-0.13027088517892232,0.05415766932232991,0.031225342747365645,0.9895056449048599,-0.016000000000000007,-0.22496149868535165,0.2802328425555495,-0.13026994300299863,0.05467098251183403,0.030554051856095242,0.9894984969853978,-0.015999997777000535,-0.22496149890048875,0.2802328424334173,-0.1302699430092216,0.054670982519449345,0.03055405169794449,0.9894984969890412,-0.015999555808356238,-0.2249610415990963,0.2802268558759254,-0.13021100201693725,0.05743181660813638,0.02696240496130531,0.9894542486206915,-0.015999555808356238,-0.2249610415990963,0.2802268558759254,-0.13021100201693725,0.05743181660813638,0.02696240496130531,0.9894542486206915,-0.045800191610532746,-0.5208926257940268,0.7805607145076068,-0.2367167381309691,0.5311026120620944,-0.11616668085494672,-0.04191298658077067,-0.5212921085800184,0.7809757079368952,-0.2170514974913276,0.5289474228973766,-0.09180758552689006,-0.04191298658077067,-0.5212921085800184,0.7809757079368952,-0.2170514974913276,0.5289474228973766,-0.09180758552689006,-0.03543195039128948,0.0033548049309898268,-0.0037800897891802597,-0.18053333282674125,0.017117868595364044,-0.22310085819889444,0.0007810237333157634,0.002307139665353089,6.185208495224834e-05,0.01465348267424722,0.020623001456646403,0.013787808622861785,0.23333333333328957,True,False,1,True,True,0.0034293000062461942,4,2.2367223560493513e-09,3.169962404006737e-10,`gtol` termination condition is satisfied.,True,True,0.009999999999999787,0.02438302789571095,1.0,6.0202434709813045e-06,0.0090614785151005,6.020512186080647e-06,0.009061478774890448
14.409999999999737,1786132516.7191231,0.007376599998679012,0.00724580000678543,0.01,TELEOP,0,,0.0,14.409999999999737,1441,0.0,0.0,0.0,0.0,0.09270629230810395,0.08226113671369165,0.9922895992365615,1.7690530367639028e-42,3.6999355341533355e-34,7.461709838776229e-22,7.820933248248176e-09,0.0984640612098258,0.07648700382082865,0.9921968387858229,-0.016000000000000007,-0.22496149868535165,0.2802328425555495,-0.13027131025550498,0.05390788820141238,0.031551865186587286,0.9895088706612112,-0.016000000000000007,-0.22496149868535165,0.2802328425555495,-0.13027041309267912,0.05442125466292089,0.030880610840938336,0.9895020638622574,-0.01599999777941047,-0.2249614989012823,0.28023284243284236,-0.130270413099014,0.05442125467053542,0.03088061068296208,0.9895020638659348,-0.015999566013513995,-0.22496104029916375,0.2802268392370793,-0.13021083296434566,0.057181262431737837,0.027289751877980006,0.9894598080002454,-0.015999566013513995,-0.22496104029916375,0.2802268392370793,-0.13021083296434566,0.057181262431737837,0.027289751877980006,0.9894598080002454,-0.04615269694194824,-0.5208562545454715,0.7805237885644476,-0.23849817483161173,0.5313008501071641,-0.11837204987127926,-0.042267221892421214,-0.5212583294373555,0.7809379187848524,-0.21885532163488022,0.5291206799373466,-0.09403715217388257,-0.042267221892421214,-0.5212583294373555,0.7809379187848524,-0.21885532163488022,0.5291206799373466,-0.09403715217388257,-0.03542353116505534,0.003377914266287156,-0.003778915204281624,-0.1803824143552657,0.017325703996991678,-0.22295666469925685,0.0008419226234140469,0.002310933529732983,0.00011745848986357994,0.01509184714755668,0.020783540162763823,0.014419349963758673,0.23499999999995622,True,False,1,True,True,0.003943100004107691,4,2.234435272691854e-09,3.166583850345588e-10,`gtol` termination condition is satisfied.,True,True,0.009999999999999787,0.024359095328056662,1.0,6.0361491914956845e-06,0.00905920089847269,6.036414069759879e-06,0.00905920115799041
14.419999999999737,1786132516.7261915,0.007465299990144558,0.006848899996839464,0.01,TELEOP,0,,0.0,14.419999999999737,1442,0.0,0.0,0.0,0.0,0.09212651555938867,0.08284191509202435,0.9922952797604006,1.6074541227476898e-42,3.3619549582046833e-34,6.780099857847626e-22,7.105859997649463e-09,0.0978849233692312,0.07706831488828761,0.9922091597124467,-0.016000000000000007,-0.22496149868535165,0.2802328425555495,-0.1302717134475932,0.05365808134394372,0.03187836962994487,0.9895119304645354,-0.016000000000000007,-0.22496149868535165,0.2802328425555495,-0.13027086128885862,0.05417150095509072,0.031207151978460426,0.9895054647897226,-0.015999997781838703,-0.22496149890206857,0.2802328424322757,-0.13027086129530488,0.05417150096270442,0.03120715182066012,0.9895054647934338,-0.015999576698823167,-0.2249610388958049,0.28022682236435087,-0.13021063481377088,0.05693067221826174,0.027617084958990297,0.9894652018947102,-0.015999576698823167,-0.2249610388958049,0.28022682236435087,-0.13021063481377088,0.05693067221826174,0.027617084958990297,0.9894652018947102,-0.04650509956408469,-0.5208196530240553,0.7804868850707177,-0.2402778614441847,0.5315011543030853,-0.12057569765685947,-0.042621367300820764,-0.5212243188592667,0.7809001465502428,-0.22065759473736807,0.5292960299626366,-0.09626521705503528,-0.042621367300820764,-0.5212243188592667,0.7809001465502428,-0.22065759473736807,0.5292960299626366,-0.09626521705503528,-0.03541454083995592,0.0034010578088883637,-0.003777223460962798,-0.18022731024878832,0.01753500252900538,-0.22280648811527495,0.0008990325099419993,0.0023143542601208244,0.0001691743318826005,0.01551041064773671,0.020929853201370637,0.015017658398189481,0.23666666666662284,True,False,1,True,True,0.003577200011932291,4,2.232129525702963e-09,3.163177659624605e-10,`gtol` termination condition is satisfied.,True,True,0.009999999999999787,0.02433489769739669,1.0,6.052283411087465e-06,0.009056906638184467,6.052544289916748e-06,0.009056906897427735
14.429999999999737,1786132516.7334254,0.007066800011671148,0.00701620000472758,0.01,TELEOP,0,,0.0,14.429999999999737,1443,0.0,0.0,0.0,-1.7347234759768075e-18,0.09154667676559587,0.08342263767824323,0.9923002919963191,1.460616896746772e-42,3.054848128207586e-34,6.1607533763232935e-22,6.456166371657181e-09,0.09730571949153671,0.07764957410211269,0.9922208124182818,-0.016000000000000007,-0.22496149868535165,0.2802328425555495,-0.13027209475835214,0.053408248798243435,0.03220485601837243,0.9895148243136188,-0.016000000000000007,-0.22496149868535165,0.2802328425555495,-0.13027128759552922,0.05392172143996571,0.03153367520626402,0.9895086997662728,-0.015999997784284993,-0.2249614989028475,0.2802328424317175,-0.1302712876020857,0.05392172144757854,0.031533675048641074,0.9895086997700178,-0.01599958767091576,-0.22496103739638065,0.2802268053942077,-0.13021041428564673,0.05668005440949241,0.02794440043868898,0.9894704290315196,-0.01599958767091576,-0.22496103739638065,0.2802268053942077,-0.13021041428564673,0.05668005440949241,0.02794440043868898,0.9894704290315196,-0.04685739903895139,-0.520782821366234,0.7804500042048662,-0.24205578397238248,0.5317035215168727,-0.12277761006656666,-0.04297541747892404,-0.5211900765412059,0.7808623960133411,-0.22245827695100284,0.5294734861771679,-0.09849172370311644,-0.04297541747892404,-0.5211900765412059,0.7808623960133411,-0.22245827695100284,0.5294734861771679,-0.09849172370311644,-0.035405017810328086,0.0034242318060870294,-0.0037750536901718337,-0.18006822136348263,0.017745621453141135,-0.22265066480812107,0.0009523029627835194,0.0023173997198666337,0.00021697707909641128,0.015908888530568693,0.02106189241357608,0.01558233071538966,0.23833333333328946,True,False,1,True,True,0.0033552999957464635,4,2.229805335765426e-09,3.159744426799145e-10,`gtol` termination condition is satisfied.,True,True,0.009999999999999787,0.024310480601824183,1.0,6.068525610817325e-06,0.009054611680983935,6.06878240302374e-06,0.009054611939950448
14.439999999999737,1786132516.7405696,0.007237500001792796,0.006922700005816296,0.01,TELEOP,0,,0.0,14.439999999999737,1444,0.0,0.0,0.0,0.0,0.09096677631723363,0.08400330408124512,0.9923046359409414,1.327192912613553e-42,2.7757947986896363e-34,5.597982767163523e-22,5.865874669162699e-09,0.09672644997771376,0.07823078106575909,0.9922317968945311,-0.016000000000000007,-0.22496149868535165,0.2802328425555495,-0.13027245419065536,0.053158390612100426,0.03253132429314527,0.9895175522073417,-0.016000000000000007,-0.22496149868535165,0.2802328425555495,-0.13027169201631525,0.0536719161683319,0.03186018046260427,0.9895117687905063,-0.01599999778674917,-0.22496149890361916,0.2802328424311676,-0.1302716920229811,0.053671916175943774,0.03186018030516007,0.9895117687942852,-0.015999598748123126,-0.22496103580812596,0.280226788454282,-0.13021017756798836,0.056429416754202044,0.028271694886955724,0.9894754882515849,-0.015999598748123126,-0.22496103580812596,0.280226788454282,-0.13021017756798836,0.056429416754202044,0.028271694886955724,0.9894754882515849,-0.0472095949304163,-0.5207457597084126,0.7804131461436944,-0.2438319285058146,0.5319079485919151,-0.124977773042809,-0.04332936748559851,-0.521155602216089,0.780824671563753,-0.2242573304492987,0.529653060362813,-0.10071661902871648,-0.04332936748559851,-0.521155602216089,0.780824671563753,-0.2242573304492987,0.529653060362813,-0.10071661902871648,-0.03539500066744815,0.0034474325116861815,-0.003772444958801037,-0.17990534982958947,0.017957418564509376,-0.22248953256000858,0.0010017142879938101,0.0023200705599152735,0.0002608731370796616,0.016287153389317237,0.02117971113682439,0.016113224811247405,0.2399999999999561,True,False,1,True,True,0.0035568000021157786,4,2.227462867713057e-09,3.1562844670623685e-10,`gtol` termination condition is satisfied.,True,True,0.009999999999999787,0.02428588636345022,1.0,6.0847617366678235e-06,0.009052330598313873,6.085014424926739e-06,0.009052330857001196
14.449999999999736,1786132516.7479937,0.007148599994252436,0.007198499995865859,0.01,TELEOP,0,,0.0,14.449999999999736,1445,0.0,0.0,0.0,1.734723475976807e-18,0.09038681460485147,0.08458391390996454,0.992308311591342,1.2059569016453931e-42,2.5222323470965224e-34,5.086619954938333e-22,5.329553733732685e-09,0.09614711522775433,0.07881193538321139,0.9922421131329457,-0.016000000000000007,-0.22496149868535165,0.2802328425555495,-0.13027279174711187,0.05290850683282176,0.032857774395847285,0.9895201141446729,-0.016000000000000007,-0.22496149868535165,0.2802328425555495,-0.13027207455450746,0.05342208519021625,0.032186667686327615,0.9895146718611322,-0.01599999778923106,-0.2249614989043835,0.28023284243062613,-0.13027207456128184,0.053422085197827096,0.03218666752906356,0.9895146718649449,-0.015999609760913296,-0.224961034138107,0.2802267716631418,-0.1302099303167253,0.05617876631260378,0.028598965203163896,0.9894803785077376,-0.015999609760913296,-0.224961034138107,0.2802267716631418,-0.1302099303167253,0.05617876631260378,0.028598965203163896,0.9894803785077376,-0.04756168680413504,-0.5207084681869469,0.7803763110623855,-0.24560628122008663,0.532114432348228,-0.1271761726154645,-0.043683212764762176,-0.521120895653974,0.7807869772037045,-0.22605471942531147,0.5298347628939976,-0.10293985331042449,-0.043683212764762176,-0.521120895653974,0.7807869772037045,-0.22605471942531147,0.5298347628939976,-0.10293985331042449,-0.035384527916366725,0.003470656211505453,-0.003769436004850631,-0.17973889760128198,0.018170253118449536,-0.2223234281708051,0.0010472751081422548,0.0023223699819271927,0.00030089539504061364,0.016645222830749772,0.021283455394016458,0.016610438920348684,0.24166666666662273,True,False,1,True,True,0.003430800003116019,4,2.225102273616189e-09,3.1527979447034993e-10,`gtol` termination condition is satisfied.,True,True,0.009999999999999787,0.024261154014092526,1.0,6.100884486356522e-06,0.009050076602564856,6.101133117121678e-06,0.009050076860970448
14.459999999999736,1786132516.759986,0.007605799997691065,0.011584799998672679,0.01,TELEOP,0,,0.0,14.459999999999736,1446,0.0,0.0,0.0,-1.734723475976807e-18,0.08980679201904018,0.08516446677337426,0.9923113189450454,1.0957955206091606e-42,2.2918322405327533e-34,4.621968955986437e-22,4.842268982365047e-09,0.09556771564076581,0.07939303665893695,0.9922517611258135,-0.016000000000000007,-0.22496149868535165,0.2802328425555495,-0.13027310743009052,0.05265859750727717,0.0331842062683416,0.9895225101246635,-0.016000000000000007,-0.22496149868535165,0.2802328425555495,-0.1302724352130936,0.053172228554956645,0.032513136816816036,0.9895174089769623,-0.015999997791730416,-0.22496149890514042,0.2802328424300932,-0.13027243521997564,0.05317222856256643,0.03251313665973352,0.9895174089808088,-0.015999620552214055,-0.2249610323931849,0.28022675513014017,-0.1302096776596368,0.05592810946521649,0.028926208608295558,0.9894850988625193,-0.015999620552214055,-0.2249610323931849,0.28022675513014017,-0.1302096776596368,0.05592810946521649,0.028926208608295558,0.9894850988625193,-0.047913674227484826,-0.5206709469381426,0.7803394991345316,-0.24737882837690106,0.5323229695827016,-0.12937279490185427,-0.044036949141931105,-0.5210859566615086,0.7807493165537353,-0.22785041007659812,0.5300186027606993,-0.10516138016304175,-0.044036949141931105,-0.5210859566615086,0.7807493165537353,-0.22785041007659812,0.5300186027606993,-0.10516138016304175,-0.03537363771689356,0.003493899246540673,-0.003766064996927586,-0.1795690651286679,0.018383986670178796,-0.22215268526173093,0.001089019947316435,0.002324303503522058,0.00033710079230450565,0.01698324726140584,0.02137335517292657,0.01707429090741878,0.24333333333328935,True,False,1,True,True,0.005723700000089593,4,2.2227237715571518e-09,3.149284396725086e-10,`gtol` termination condition is satisfied.,True,True,0.009999999999999787,0.02423631930504,1.0,6.1167935861646554e-06,0.009047861571769362,6.117038263808858e-06,0.009047861829890536
14.469999999999736,1786132516.7685683,0.011954100002185442,0.00821249998989515,0.01,TELEOP,0,,0.0,14.469999999999736,1447,0.0,0.0,0.0,-1.734723475976807e-18,0.08922670895043158,0.08574496228048535,0.9923136580000264,9.956971276077843e-43,2.082478652211328e-34,4.1997627539212015e-22,4.399537004943101e-09,0.09498825161505721,0.07997408449784357,0.9922607408659512,-0.016000000000000007,-0.22496149868535165,0.2802328425555495,-0.13027340124174228,0.05240866268193932,0.03351061985274374,0.9895247401464421,-0.016000000000000007,-0.22496149868535165,0.2802328425555495,-0.1302727739947865,0.052922346311265384,0.03283958779393659,0.9895199801369037,-0.015999997794247097,-0.22496149890588973,0.28023284242956853,-0.13027277400177542,0.05292234631887407,0.032839587637036975,0.9895199801407837,-0.015999630977627712,-0.22496103057998307,0.2802267389553382,-0.13020942420358164,0.05567745192571019,0.029253422635430768,0.9894896484853921,-0.015999630977627712,-0.22496103057998307,0.2802267389553382,-0.13020942420358164,0.05567745192571019,0.029253422635430768,0.9894896484853921,-0.04826555676950494,-0.5206331960982562,0.7803027105321598,-0.2491495563241803,0.5325335570693434,-0.13156762610675077,-0.04439057281841633,-0.5210507850811705,0.7807116928605581,-0.22964437057810796,0.530204587598986,-0.10738115648588333,-0.04439057281841633,-0.5210507850811705,0.7807116928605581,-0.22964437057810796,0.530204587598986,-0.10738115648588333,-0.03536236764852315,0.003517158033809773,-0.0037623693177221097,-0.17939605015098875,0.01859848382866668,-0.2219776322841624,0.0011270068370410752,0.0023258787269100673,0.00036956792054764685,0.017301497767915203,0.02144971584878873,0.01750529775685327,0.244999999999956,True,False,1,True,True,0.004321500004152767,4,2.2203274866973496e-09,3.145745108337917e-10,`gtol` termination condition is satisfied.,True,True,0.009999999999999787,0.024211414738812526,1.0,6.132396046223726e-06,0.009045696081779228,6.132636927683239e-06,0.009045696339613309
14.479999999999736,1786132516.7784598,0.00842670000565704,0.009678200003691018,0.01,TELEOP,0,,0.0,14.479999999999736,1448,0.0,0.0,0.0,0.0,0.08864656578969819,0.08632540004034751,0.9923153287547093,9.047424918978122e-43,1.8922490312413996e-34,3.816124114459663e-22,3.997284312213145e-09,0.09440872354821729,0.0805550785052412,0.9922690523466964,-0.016000000000000007,-0.22496149868535165,0.2802328425555495,-0.1302736731840205,0.05215870240292024,0.033837015091397395,0.9895268042092095,-0.016000000000000007,-0.22496149868535165,0.2802328425555495,-0.13027309090204955,0.05267243850728679,0.03316602055799552,0.9895223853399523,-0.015999997796780883,-0.2249614989066317,0.2802328424290526,-0.13027309090914435,0.0526724385148943,0.03316602040128013,0.989522385343866,-0.015999640905543122,-0.2249610287048607,0.2802267232294949,-0.1302091740447031,0.05542679875731057,0.029580605118828596,0.989494026649437,-0.015999640905543122,-0.2249610287048607,0.2802267232294949,-0.1302091740447031,0.05542679875731057,0.029580605118828596,0.989494026649437,-0.04861733400083972,-0.5205952158034881,0.780265945425746,-0.2509184514962029,0.5327461915595121,-0.1337606525224098,-0.04474408036340573,-0.5210153807903212,0.7806741090068483,-0.23143657104420098,0.5303927237282524,-0.1095991423931862,-0.04474408036340573,-0.5210153807903212,0.7806741090068483,-0.23143657104420098,0.5303927237282524,-0.1095991423931862,-0.03535075449894024,0.0035404290849384177,-0.003758385370975873,-0.17922004660930563,0.0188136129266431,-0.22179859073029223,0.001161314958290742,0.0023271051128645067,0.000398394674623719,0.017600354168313452,0.021512909797642324,0.017904155387015362,0.24666666666662262,True,False,1,True,True,0.004568099990137853,4,2.217913620675892e-09,3.1421801329465537e-10,`gtol` termination condition is satisfied.,True,True,0.009999999999999787,0.024186469620867443,1.0,6.147606386908698e-06,0.009043589445002716,6.147843675088332e-06,0.009043589702546956
14.489999999999736,1786132516.7853951,0.009924999991199002,0.00668789999326691,0.01,TELEOP,0,,0.0,14.489999999999736,1449,0.0,0.0,0.0,-1.7347234759768075e-18,0.08806636292755302,0.0869057796620493,0.9923163312079691,8.220963523437038e-43,1.7193964473210162e-34,3.4675299797265127e-22,3.631809855647204e-09,0.09382913183718544,0.08113601828680721,0.9922766955618998,-0.016000000000000007,-0.22496149868535165,0.2802328425555495,-0.1302739232586994,0.051908716716004735,0.03416339192685244,0.9895287023122353,-0.016000000000000007,-0.22496149868535165,0.2802328425555495,-0.13027338593711965,0.05242250519064966,0.033492435049696755,0.9895246245851876,-0.015999997799331585,-0.22496149890736625,0.2802328424285451,-0.13027338594431942,0.052422505198255955,0.03349243489316694,0.9895246245891348,-0.015999650217151606,-0.22496102677389063,0.2802267080341233,-0.13020893078131116,0.05517615439235056,0.029907754181807394,0.9894982327276082,-0.015999650217151606,-0.22496102677389063,0.2802267080341233,-0.13020893078131116,0.05517615439235056,0.029907754181807394,0.9894982327276082,-0.048969005493686955,-0.5205570061899895,0.7802292039842429,-0.2526855004137561,0.5329608697821501,-0.13595186052862826,-0.04509746870416185,-0.5209797437000958,0.7806365675227351,-0.2332269834809637,0.5305830161943431,-0.11181530112859885,-0.04509746870416185,-0.5209797437000958,0.7806365675227351,-0.2332269834809637,0.5305830161943431,-0.11181530112859885,-0.03533883407561274,0.003563709022535016,-0.0037541484113149757,-0.17904124367627677,0.01902924660907399,-0.22161587354126933,0.0011920423327500703,0.0023279937596598814,0.00042369596608970273,0.01788029330288659,0.021563368243089284,0.018271718902292355,0.24833333333328925,True,False,1,True,True,0.0033913000079337507,4,2.2154823608226047e-09,3.138589215156699e-10,`gtol` termination condition is satisfied.,True,True,0.009999999999999787,0.024161510129223587,1.0,6.16234681863096e-06,0.009041549754814355,6.1625807577855e-06,0.00904155001206592
14.499999999999735,1786132516.7931142,0.006903400004375726,0.007503200002247468,0.01,TELEOP,0,,0.0,14.499999999999735,1450,0.0,0.0,0.0,0.0,0.0874861007547492,0.08748610075471851,0.9923166653591308,7.469997469878505e-43,1.56233354820145e-34,3.1507791150562805e-22,3.2997509772606393e-09,0.09324947687831607,0.08171690344855505,0.9922836705059194,-0.016000000000000007,-0.22496149868535165,0.2802328425555495,-0.13027415146739052,0.05165870566668027,0.03448975030184503,0.9895304344548536,-0.016000000000000007,-0.22496149868535165,0.2802328425555495,-0.1302736591020284,0.05217254640851463,0.03381883121010416,0.9895266978717666,-0.01599999780189905,-0.2249614989080933,0.2802328424280462,-0.13027365910933214,0.052172546416119625,0.03381883105376121,0.9895266978757473,-0.015999658806372906,-0.22496102479284116,0.28022669344160295,-0.13020869752913236,0.05492552265456996,0.030234868223622355,0.9895022661886073,-0.015999658806372906,-0.22496102479284116,0.28022669344160295,-0.13020869752913236,0.05492552265456996,0.030234868223622355,0.9895022661886073,-0.04932057082175067,-0.5205185673938584,0.7801924863750932,-0.25445068968430157,0.5331775884440078,-0.13814123659282548,-0.04545073511456044,-0.5209438737541515,0.7805990705987728,-0.23501558172996384,0.5307754688177712,-0.11402959896567312,-0.04545073511456044,-0.5209438737541515,0.7805990705987728,-0.23501558172996384,0.5307754688177712,-0.11402959896567312,-0.03532664103985947,0.0035869945944330918,-0.003749692396234519,-0.17885982490001612,0.019245262342807153,-0.22142978370743205,0.00121930357532696,0.0023285571898076373,0.00044560150804567894,0.018141877626066488,0.021601573373316738,0.01860898338372774,0.2499999999999559,True,False,1,True,True,0.0042108000052394345,4,2.2130338354154738e-09,3.134973224491983e-10,`gtol` termination condition is satisfied.,True,True,0.009999999999999787,0.024136559400029414,1.0,6.176547378451574e-06,0.009039583934792086,6.176778248413399e-06,0.00903958419174813
14.509999999999735,1786132516.800458,0.0077748000039719045,0.00707239999610465,0.01,TELEOP,0,,0.0,14.509999999999735,1451,0.0,0.0,0.0,-1.7347234759768075e-18,0.08690577966208003,0.08806636292752229,0.9923163312079692,6.787630432966807e-43,1.4196179826001539e-34,2.8629627111855057e-22,2.9980524681626685e-09,0.09266975906743685,0.0822977335968058,0.9922899771736146,-0.016000000000000007,-0.22496149868535165,0.2802328425555495,-0.1302743578115583,0.05140866930016444,0.03481609015927954,0.9895320006364592,-0.016000000000000007,-0.22496149868535165,0.2802328425555495,-0.13027391039862105,0.05192256220761742,0.03414520898060736,0.9895286051989194,-0.01599999780448299,-0.22496149890881284,0.28023284242755586,-0.13027391040602798,0.05192256221522113,0.03414520882445263,0.9895286052029336,-0.015999666579698382,-0.22496102276716326,0.28022667951534785,-0.1302084769386403,0.05467490678377866,0.030561945905527414,0.9895061265924392,-0.015999666579698382,-0.22496102276716326,0.28022667951534785,-0.1302084769386403,0.05467490678377866,0.030561945905527414,0.9895061265924392,-0.04967202956019483,-0.5204798995511385,0.7801557927642453,-0.25621400600214767,0.5333963442298661,-0.1403287672701369,-0.045803877202187156,-0.5209077709272928,0.7805616201001786,-0.23680234140454856,0.5309700842462753,-0.11624200509621664,-0.045803877202187156,-0.5209077709272928,0.7805616201001786,-0.23680234140454856,0.5309700842462753,-0.11624200509621664,-0.03531420876267284,0.0036102826858782702,-0.0037450498594146057,-0.17867596745847578,0.019461542850416964,-0.22124061305435702,0.0012432277186628696,0.002328809144517912,0.0004642536819913478,0.018385744154035315,0.021628050760981486,0.01891706530750409,0.2516666666666225,True,False,1,True,True,0.003410799996345304,4,2.2105683088378967e-09,3.131331568058163e-10,`gtol` termination condition is satisfied.,True,True,0.009999999999999787,0.024111637627152363,1.0,6.1901460089412775e-06,0.00903769779198011,6.190374120067162e-06,0.009037698048637762
14.519999999999735,1786132516.8082035,0.00729319998936262,0.007525299995904788,0.01,TELEOP,0,,0.0,14.519999999999735,1452,0.0,0.0,0.0,0.0,0.0863254000403782,0.08864656578966748,0.9923153287547093,6.167596050777041e-43,1.289939154696992e-34,2.6014376718668363e-22,2.7239384598696506e-09,0.09208997879990168,0.0828785083381624,0.9922956155603405,-0.016000000000000007,-0.22496149868535165,0.2802328425555495,-0.13027454229253335,0.05115860766142966,0.03514241144221218,0.9895334008565053,-0.016000000000000007,-0.22496149868535165,0.2802328425555495,-0.13027413982857397,0.05167255263430788,0.03447156830289076,0.989530346565945,-0.015999997807083288,-0.2249614989095248,0.2802328424270742,-0.13027413983608313,0.05167255264191013,0.0344715681469255,0.9895303465699926,-0.0159996734559579,-0.22496102070198026,0.2802266663100226,-0.13020827121417872,0.05442430946251376,0.03088898613619749,0.9895098135857073,-0.0159996734559579,-0.22496102070198026,0.2802266663100226,-0.13020827121417872,0.05442430946251376,0.03088898613619749,0.9895098135857073,-0.05002338128560335,-0.5204410027978187,0.7801191233161667,-0.25797543614863466,0.5336171338027537,-0.14251443920353116,-0.04615689289420204,-0.5208714352239954,0.7805242175821339,-0.23858723981975183,0.5311668640109908,-0.11845249150829344,-0.04615689289420204,-0.5208714352239954,0.7805242175821339,-0.23858723981975183,0.5311668640109908,-0.11845249150829344,-0.03530156920148913,0.0036335703297454306,-0.0037402518044716317,-0.17848984152032926,0.019677976471547714,-0.22104864120768458,0.0012639561183711244,0.0023287643867161106,0.00047980549429741564,0.018612593814652106,0.02164336211307533,0.019197184667244887,0.25333333333328917,True,False,1,True,True,0.004085799999302253,4,2.2080858771828294e-09,3.127665462127752e-10,`gtol` termination condition is satisfied.,True,True,0.009999999999999787,0.024086762173920265,1.0,6.203088580976518e-06,0.009035896073421612,6.203314269269267e-06,0.00903589632977788
14.529999999999735,1786132516.8196185,0.007750800010398962,0.011189600001671351,0.01,TELEOP,0,,0.0,14.529999999999735,1453,0.0,0.0,0.0,0.0,0.08574496228051609,0.08922670895040088,0.9923136580000265,5.60420037909076e-43,1.1721061885766858e-34,2.363802341597961e-22,2.474886882765175e-09,0.09151013647063869,0.08345922727948647,0.9923005856619437,-0.016000000000000007,-0.22496149868535165,0.2802328425555495,-0.13027470491152554,0.05090852079522583,0.03546871409383628,0.9895346351145,-0.016000000000000007,-0.22496149868535165,0.2802328425555495,-0.13027434739341037,0.05142251773458558,0.03479790911890544,0.989531921972207,-0.01599999780969977,-0.22496149891022915,0.280232842426601,-0.13027434740102076,0.051422517742186376,0.03479790896313091,0.9895319219762879,-0.015999679366017663,-0.22496101860208206,0.28022665387180273,-0.13020808213460586,0.05417373284433945,0.031215988056675876,0.989513326896704,-0.015999679366017663,-0.22496101860208206,0.28022665387180273,-0.13020808213460586,0.05417373284433945,0.031215988056675876,0.989513326896704,-0.05037462557594085,-0.5204018772698343,0.7800824781938592,-0.25973496699232473,0.5338399538041626,-0.14469823912393534,-0.0465097804221722,-0.5208348666768466,0.780486864305952,-0.240370255916831,0.5313658085855436,-0.12066103285558358,-0.0465097804221722,-0.5208348666768466,0.780486864305952,-0.240370255916831,0.5313658085855436,-0.12066103285558358,-0.03528875279701699,0.0036568547148784756,-0.003735327618178601,-0.1783016097079219,0.019894457455288055,-0.22085413472901774,0.0012816404472140372,0.0023284385133045616,0.0004924186293030961,0.01882318124073653,0.021648098374034565,0.019450647866684167,0.25499999999995576,True,False,1,True,True,0.005871899993508123,4,2.2055867073922536e-09,3.123975323016174e-10,`gtol` termination condition is satisfied.,True,True,0.009999999999999787,0.024061947695237715,1.0,6.215328855833766e-06,0.00903418252525289,6.215552478547667e-06,0.00903418278130495
14.539999999999734,1786132516.8301651,0.011531699987244792,0.010204300007899292,0.01,TELEOP,0,,0.0,14.539999999999734,1454,0.0,0.0,0.0,1.7347234759768075e-18,0.085164466773405,0.0898067920190095,0.9923113189450457,5.092269602358947e-43,1.0650369920916773e-34,2.147874450566511e-22,2.248606262194902e-09,0.0909302324741937,0.08403989002787715,0.9923048874747576,-0.016000000000000007,-0.22496149868535165,0.2802328425555495,-0.13027484566963493,0.05065840874610054,0.03579499805746873,0.9895357034100042,-0.016000000000000007,-0.22496149868535165,0.2802328425555495,-0.13027453309451448,0.051172457554131995,0.03512423137084361,0.9895333314171303,-0.015999997812332183,-0.2249614989109261,0.2802328424261366,-0.1302745331022253,0.0511724575617313,0.03512423121526113,0.9895333314212447,-0.015999684252415575,-0.22496101647192268,0.2802266422386741,-0.13020791107519533,0.053923178583454516,0.031542951024999995,0.9895166663303481,-0.015999684252415575,-0.22496101647192268,0.2802266422386741,-0.13020791107519533,0.053923178583454516,0.031542951024999995,0.9895166663303481,-0.05072576201051548,-0.520362523103063,0.7800458575588645,-0.2614925854891956,0.5340648008542577,-0.146880153850373,-0.0468625383060639,-0.5207980653449201,0.7804495612559307,-0.24215137018340613,0.5315669174474165,-0.12286760631973001,-0.0468625383060639,-0.5207980653449201,0.7804495612559307,-0.24215137018340613,0.5315669174474165,-0.12286760631973001,-0.03527578838917063,0.003680133192655042,-0.0037303050021412036,-0.1781114266575149,0.0201108861872877,-0.22065734641464782,0.0012964407846361575,0.0023278477776566956,0.0005022616037397272,0.019018305040698534,0.021642873199964986,0.019678831436992922,0.2566666666666224,True,False,1,True,True,0.00610939999751281,4,2.20307104593559e-09,3.120259280223497e-10,`gtol` termination condition is satisfied.,True,True,0.009999999999999787,0.024037206268351763,1.0,6.226828388793203e-06,0.009032559953699221,6.227050319626468e-06,0.009032560209444089
14.549999999999734,1786132516.8372416,0.010425500004203059,0.006854799998109229,0.01,TELEOP,0,,0.0,14.549999999999734,1455,0.0,0.0,0.0,0.0,0.08458391390999526,0.09038681460482077,0.9923083115913423,4.627102521147914e-43,9.677483197158933e-35,1.951671074273366e-22,2.043014633837837e-09,0.09035026720476977,0.08462049619065215,0.9923085209955997,-0.016000000000000007,-0.22496149868535165,0.2802328425555495,-0.1302749645678624,0.05040827155841774,0.03612126327653787,0.9895366057426285,-0.016000000000000007,-0.22496149868535165,0.2802328425555495,-0.1302746969331448,0.050922372138339805,0.035450535001115564,0.9895345749001985,-0.015999997814980346,-0.22496149891161527,0.280232842425681,-0.13027469694095528,0.050922372145937596,0.035450534845726335,0.989534574904346,-0.01599968806894164,-0.22496101431562016,0.28022663144076637,-0.13020775903054585,0.053672647865293556,0.031869874600646816,0.9895198317630176,-0.01599968806894164,-0.22496101431562016,0.28022663144076637,-0.13020775903054585,0.053672647865293556,0.031869874600646816,0.9895198317630176,-0.05107679016994603,-0.520322940433328,0.7800092615712813,-0.26324827868284156,0.5342916715520876,-0.1490601702901131,-0.047215165337574916,-0.5207610313121014,0.7804123091567121,-0.24393056457012383,0.5317701891409713,-0.12507219146721413,-0.047215165337574916,-0.5207610313121014,0.7804123091567121,-0.24393056457012383,0.5317701891409713,-0.12507219146721413,-0.03526270315110234,0.0037034032818727275,-0.0037252099218582045,-0.17791943867177437,0.020327169355479763,-0.22045851474841544,0.0013085238068291996,0.002327008921768616,0.0005095080282999171,0.019198798574052156,0.021628316819206732,0.019883166623239912,0.25833333333328906,True,False,1,True,True,0.0035100999957649037,4,2.200539019414864e-09,3.1165202024587505e-10,`gtol` termination condition is satisfied.,True,True,0.009999999999999787,0.024012547530642997,1.0,6.237556372199741e-06,0.009031030287360332,6.2377769975266615e-06,0.009031030542795217
14.559999999999734,1786132516.8488185,0.007302700003492646,0.011129499995149672,0.01,TELEOP,0,,0.0,14.559999999999734,1456,0.0,0.0,0.0,0.0,0.08400330408127585,0.09096677631720292,0.9923046359409416,4.204427379747403e-43,8.793467431338936e-35,1.773390423798146e-22,1.8562203892962808e-09,0.08977024105626287,0.08520104537533046,0.9923114862217667,-0.016000000000000007,-0.22496149868535165,0.2802328425555495,-0.13027506160711894,0.05015810927637451,0.03644750969457254,0.989537342112032,-0.016000000000000007,-0.22496149868535165,0.2802328425555495,-0.13027483891044578,0.0506722615323394,0.03577681995232869,0.9895356524209497,-0.0159999978176441,-0.2249614989122969,0.280232842425234,-0.13027483891835467,0.05067226153993558,0.03577681979713395,0.9895356524251304,-0.0159996907801695,-0.22496101213695952,0.2802266215007157,-0.1302076266382598,0.0534221414378248,0.032196758528928386,0.9895228231373234,-0.0159996907801695,-0.22496101213695952,0.2802266215007157,-0.1302076266382598,0.0534221414378248,0.032196758528928386,0.9895228231373234,-0.051427709636130095,-0.520283129396393,0.7799726903897679,-0.2650020337046762,0.5345205624757912,-0.15123827543882654,-0.04756766056297776,-0.5207237646853807,0.7803751084909913,-0.24570782240471611,0.531975621341555,-0.12727477010221075,-0.04756766056297776,-0.5207237646853807,0.7803751084909913,-0.24570782240471611,0.531975621341555,-0.12727477010221075,-0.035249522540284906,0.0037266626720697227,-0.0037200665720812745,-0.17772578345923232,0.02054322005837024,-0.22025786349966722,0.0013180610817431146,0.002325939019699553,0.0005143349776929992,0.019365521254206357,0.021605070289048286,0.02006512487482242,0.25999999999995566,True,False,1,True,True,0.00552790000801906,4,2.1979908034090582e-09,3.112756865216976e-10,`gtol` termination condition is satisfied.,True,True,0.009999999999999787,0.023987978822898964,1.0,6.247489423938632e-06,0.009029594640222547,6.247709139062624e-06,0.009029594895344524
14.569999999999734,1786132516.8602245,0.01146100000187289,0.011074000009102747,0.01,TELEOP,0,,0.0,14.569999999999734,1457,0.0,0.0,0.0,-3.469446951953615e-18,0.08342263767827397,0.09154667676556519,0.9923002919963193,3.820362637477107e-43,7.990204466458726e-35,1.6113952994819389e-22,1.6865048705852087e-09,0.08919015442229432,0.0857815371896168,0.9923137831510321,-0.016000000000000007,-0.22496149868535165,0.2802328425555495,-0.13027513678823419,0.049907921944016255,0.03677373725519201,0.9895379125179201,-0.016000000000000007,-0.22496149868535165,0.2802328425555495,-0.13027495902745856,0.050422125781022974,0.036103086167268476,0.9895365639789748,-0.015999997820323214,-0.2249614989129708,0.2802328424247955,-0.1302749590354651,0.05042212578861748,0.03610308601226944,0.9895365639831888,-0.015999692360946425,-0.22496100993939822,0.28022661243405256,-0.1302075142031698,0.05317165964327016,0.03252360272545565,0.9895256404568648,-0.015999692360946425,-0.22496100993939822,0.28022661243405256,-0.1302075142031698,0.05317165964327016,0.03252360272545565,0.9895256404568648,-0.05177851999221358,-0.5202430901279664,0.7799361441715553,-0.26675383777413586,0.5347514701828007,-0.153414456380748,-0.04792002326563339,-0.5206862655931269,0.7803379595174178,-0.2474831283042689,0.5321832109201542,-0.12947532611678084,-0.04792002326563339,-0.5206862655931269,0.7803379595174178,-0.2474831283042689,0.5321832109201542,-0.12947532611678084,-0.035236270265563814,0.0037499092253793953,-0.003714897357349515,-0.17753058995528223,0.02075895785992668,-0.2200556014570125,0.001325227472109084,0.0023246553309672915,0.0005169214731759428,0.019519350395009093,0.021573780155644505,0.02022620426547379,0.2616666666666223,True,False,1,True,True,0.006075600002077408,4,2.1954266094149167e-09,3.1089703475342915e-10,`gtol` termination condition is satisfied.,True,True,0.009999999999999787,0.023963505336615787,1.0,6.256611322662528e-06,0.00902825337488168,6.256830528363679e-06,0.009028253629687883
14.579999999999734,1786132516.867362,0.011301299993647262,0.006909899995662272,0.01,TELEOP,0,,0.0,14.579999999999734,1458,0.0,0.0,0.0,-3.469446951953615e-18,0.08284191509205505,0.092126515559358,0.9922952797604009,3.4713813234438355e-43,7.26031772043487e-35,1.4641980560779442e-22,1.5323065587105437e-09,0.08861000769624028,0.08636197124138764,0.9923154117816442,-0.016000000000000007,-0.22496149868535165,0.2802328425555495,-0.13027519011196437,0.04965770960525067,0.03709994590209704,0.9895383169600426,-0.016000000000000007,-0.22496149868535165,0.2802328425555495,-0.13027505728513078,0.05017196492906644,0.036429333588881355,0.9895373095739153,-0.01599999782301748,-0.22496149891363698,0.28023284242436597,-0.13027505729323405,0.05017196493665923,0.03642933343407922,0.9895373095781623,-0.015999692795847946,-0.22496100772607422,0.28022660424960977,-0.13020742172190208,0.052921202449990316,0.03285040726077788,0.9895282837810059,-0.015999692795847946,-0.22496100772607422,0.28022660424960977,-0.13020742172190208,0.052921202449990316,0.03285040726077788,0.9895282837810059,-0.0521292208225627,-0.5202028227636954,0.7798996230724484,-0.26850367819888626,0.5349843912100443,-0.15558870028884456,-0.04827225294832417,-0.5206485341833565,0.780300862288552,-0.24925646808646046,0.5323929540081055,-0.13167384533966495,-0.04827225294832417,-0.5206485341833565,0.780300862288552,-0.24925646808646046,0.5323929540081055,-0.13167384533966495,-0.03522296826907885,0.0037731409770362986,-0.0037097228865769017,-0.17733397821915967,0.020974308795134223,-0.21985192228841682,0.0013301996484961383,0.002323175165690357,0.0005174470772613534,0.019661173612257887,0.021535093520754812,0.02036791685956797,0.26333333333328895,True,False,1,True,True,0.003524300002027303,4,2.192846605561706e-09,3.1051604844319094e-10,`gtol` termination condition is satisfied.,True,True,0.009999999999999787,0.023939130263967157,1.0,6.264912695710308e-06,0.009027006165507919,6.265131794348264e-06,0.009027006419995527
14.589999999999733,1786132516.8768816,0.007136000000173226,0.009294299990870059,0.01,TELEOP,0,,0.0,14.589999999999733,1459,0.0,0.0,0.0,0.0,0.08226113671372243,0.09270629230807327,0.9922895992365618,3.154278647409394e-43,6.597104444940787e-35,1.3304469413009232e-22,1.3922067049139443e-09,0.08802980127125823,0.08694234713867847,0.992316372112322,-0.016000000000000007,-0.22496149868535165,0.2802328425555495,-0.13027522157899907,0.049407472303860056,0.037426135579061603,0.989538555438192,-0.016000000000000007,-0.22496149868535165,0.2802328425555495,-0.13027513368432547,0.04992177902094919,0.03675556216025902,0.9895378892054605,-0.01599999782572675,-0.22496149891429565,0.28023284242394525,-0.1302751336925244,0.04992177902854021,0.03675556200565496,0.9895378892097406,-0.015999692078603644,-0.2249610054998143,0.28022659694994634,-0.13020734890758137,0.052670769484300814,0.033177172345293826,0.9895307532197075,-0.015999692078603644,-0.2249610054998143,0.28022659694994634,-0.13020734890758137,0.052670769484300814,0.033177172345293826,0.9895307532197075,-0.05247981171273812,-0.5201623274391703,0.7798631272468391,-0.270251542375028,0.5352193220741478,-0.15776099442498745,-0.048624349315543595,-0.5206105706220102,0.7802638166687464,-0.25102782868047335,0.5326048460614083,-0.13387031538484567,-0.048624349315543595,-0.5206105706220102,0.7802638166687464,-0.25102782868047335,0.5326048460614083,-0.13387031538484567,-0.03520963672194308,0.0037963561346348023,-0.0037045619805516393,-0.1771360594012905,0.0211892053302913,-0.21964700451807828,0.001333154713577256,0.0023215157598504097,0.0005160906025262594,0.019791881786916425,0.021489653515708303,0.020491777033855112,0.26499999999995555,True,False,1,True,True,0.004028600000310689,4,2.1902509512270255e-09,3.1013275180587646e-10,`gtol` termination condition is satisfied.,True,True,0.009999999999999787,0.02391485494917961,1.0,6.272390662640444e-06,0.009025852060130514,6.272610055674969e-06,0.009025852314296798
14.599999999999733,1786132516.8889916,0.009665400008088909,0.011738900007912889,0.01,TELEOP,0,,0.0,14.599999999999733,1460,0.0,0.0,0.0,-3.469446951953615e-18,0.08168030293441668,0.0932860066212449,0.9922832504286279,2.866142569330964e-43,5.994474172247474e-35,1.2089136823186403e-22,1.2649162772310164e-09,0.08744953554031117,0.08752266448967225,0.9923166641422546,-0.016000000000000007,-0.22496149868535165,0.2802328425555495,-0.13027523118996778,0.04915721008351292,0.037752306229925564,0.9895386279522027,-0.016000000000000007,-0.22496149868535165,0.2802328425555495,-0.13027518822582912,0.04967156810097214,0.037081771824624375,0.9895383028733461,-0.015999997828450817,-0.2249614989149466,0.28023284242353314,-0.130275188234123,0.049671568108561374,0.03708177167021961,0.9895383028776593,-0.015999690211499835,-0.22496100326314594,0.2802265905317841,-0.1302072952144993,0.05242036006200265,0.0335038983145201,0.9895330489284451,-0.015999690211499835,-0.22496100326314594,0.2802265905317841,-0.1302072952144993,0.05242036006200265,0.0335038983145201,0.9895330489284451,-0.05283029224946855,-0.52012160428992,0.7798266568477071,-0.2719974177872993,0.5354562592716342,-0.15993132614012456,-0.04897631225586921,-0.5205723750912477,0.7802268223518342,-0.252797198038227,0.5328188819242292,-0.13606472550095078,-0.04897631225586921,-0.5205723750912477,0.7802268223518342,-0.252797198038227,0.5328188819242292,-0.13606472550095078,-0.03519629403256237,0.0038195530762556297,-0.0036994316912274143,-0.17693693577536765,0.021403586282090537,-0.21944101161051544,0.0013342689380703664,0.002319694162082782,0.0005130289324225205,0.019912362592285536,0.021438095179923997,0.02059929075628487,0.2666666666666222,True,False,1,True,True,0.005715599996619858,4,2.187639834210528e-09,3.097471231748674e-10,`gtol` termination condition is satisfied.,True,True,0.009999999999999787,0.023890679040141777,1.0,6.2790484420411265e-06,0.009024789541861917,6.279268527416736e-06,0.009024789795704102
14.609999999999733,1786132516.897644,0.012192800000775605,0.008197999995900318,0.01,TELEOP,0,,0.0,14.609999999999733,1461,0.0,0.0,0.0,0.0,0.08109941414531611,0.09386565810844862,0.9922762333408749,2.6043270573060772e-43,5.446892784803344e-35,1.0984822061886763e-22,1.1492641018538696e-09,0.08686921089618951,0.08810292290268913,0.9923162878710983,-0.016000000000000007,-0.22496149868535165,0.2802328425555495,-0.1302752189454459,0.04890692298777416,0.03807845779858796,0.9895385345019492,-0.016000000000000007,-0.22496149868535165,0.2802328425555495,-0.13027522091035895,0.04942133221327401,0.03740796252531865,0.9895385505773521,-0.015999997831189456,-0.2249614989155898,0.28023284242312996,-0.13027522091874655,0.04942133222086138,0.037407962371114295,0.9895385505816984,-0.015999687204765578,-0.22496100101830876,0.28022658498645125,-0.13020725986257684,0.052169973219433126,0.033830585614791714,0.9895351711032424,-0.015999687204765578,-0.22496100101830876,0.28022658498645125,-0.13020725986257684,0.052169973219433126,0.033830585614791714,0.9895351711032424,-0.05318066202062773,-0.5200806534514146,0.779790212026628,-0.27374129200928154,0.5356951992791193,-0.16209968287445853,-0.049328141824534065,-0.5205339477877721,0.7801898788785173,-0.25456456504652236,0.533035055891224,-0.13825706642247426,-0.049328141824534065,-0.5205339477877721,0.7801898788785173,-0.25456456504652236,0.533035055891224,-0.13825706642247426,-0.0351829568664867,0.003842730347562813,-0.003694347331684952,-0.17673670082954157,0.021617396699478916,-0.21923409215235287,0.0013337166075667525,0.002317727130718395,0.000508435954246246,0.02002349458260754,0.021381041738838202,0.020691945816257024,0.26833333333328885,True,False,1,True,True,0.004115599993383512,4,2.1850134433884677e-09,3.0935930744798194e-10,`gtol` termination condition is satisfied.,True,True,0.009999999999999787,0.023866600639173785,1.0,6.284894928768135e-06,0.009023816588725905,6.285116097836308e-06,0.00902381684224139
14.619999999999733,1786132516.9057128,0.008418799989158288,0.007849000001442619,0.01,TELEOP,0,,0.0,14.619999999999733,1462,0.0,0.0,0.0,0.0,0.08051847073763584,0.09444524637930259,0.9922685479780287,2.366427788342628e-43,4.949331693928916e-35,9.981383906573192e-23,1.0441860846978476e-09,0.08628882773153083,0.08868312198617712,0.9923152432989746,-0.016000000000000007,-0.22496149868535165,0.2802328425555495,-0.13027518484595962,0.04865661106011451,0.03840459022900093,0.9895382750873452,-0.016000000000000007,-0.22496149868535165,0.2802328425555495,-0.1302752317385696,0.049171071401846206,0.037734134205789846,0.9895386323173018,-0.015999997833942525,-0.22496149891622536,0.2802328424227354,-0.13027523174705005,0.049171071409431596,0.03773413405178702,0.9895386323216809,-0.015999683075946822,-0.22496099876726874,0.28022658030033176,-0.13020724186147267,0.05191960774386051,0.034157234789459597,0.9895371199758448,-0.015999683075946822,-0.22496099876726874,0.28022658030033176,-0.13020724186147267,0.05191960774386051,0.034157234789459597,0.9895371199758448,-0.053530920615212016,-0.5200394750590621,0.7797537929337761,-0.2754831527036,0.5359361385535119,-0.16426605215762252,-0.049679838226301,-0.5204952889211922,0.7801529856533607,-0.25632991944063394,0.5332533617683463,-0.1404473302236982,-0.049679838226301,-0.5204952889211922,0.7801529856533607,-0.25632991944063394,0.5332533617683463,-0.1404473302236982,-0.03516964017669472,0.003865886657981154,-0.003689322515670376,-0.17653543941116148,0.02183058771222222,-0.21902638012239864,0.0013316689791981542,0.0023156310418341475,0.0005024816014576072,0.02012614183800887,0.021319101274330905,0.02077120299542254,0.26999999999995544,True,False,1,True,True,0.00333140000293497,4,2.182371936936485e-09,3.089692754074558e-10,`gtol` termination condition is satisfied.,True,True,0.009999999999999787,0.023842616451984266,1.0,6.289944242407974e-06,0.009022930731794518,6.290166878302838e-06,0.009022930984980557
14.629999999999733,1786132516.9128041,0.00809990000561811,0.00683980000030715,0.01,TELEOP,0,,0.0,14.629999999999733,1463,0.0,0.0,0.0,-3.469446951953615e-18,0.0799374731026278,0.09502477104346745,0.9922601943452651,2.1502600688074933e-43,4.4972216609205165e-35,9.069607511993338e-23,9.48715423170106e-10,0.08570838643883782,0.08926326134870366,0.9923135304264696,-0.016000000000000007,-0.22496149868535165,0.2802328425555495,-0.13027512889199128,0.04840627434391901,0.038730703465164225,0.9895378497083424,-0.016000000000000007,-0.22496149868535165,0.2802328425555495,-0.13027522071105915,0.04892078571054617,0.038060286809582185,0.9895385480930594,-0.015999997836709773,-0.22496149891685313,0.2802328424223498,-0.13027522071963163,0.04892078571812959,0.03806028665578206,0.9895385480974714,-0.015999677849274408,-0.2249609965117317,0.2802265764553147,-0.13020724003419876,0.051669262203066446,0.03448384646564101,0.9895388958090539,-0.015999677849274408,-0.2249609965117317,0.2802265764553147,-0.13020724003419876,0.051669262203066446,0.03448384646564101,0.9895388958090539,-0.053881067623317215,-0.5199980692482088,0.7797173997179274,-0.27722298762212044,0.5361790735322047,-0.16643042160885557,-0.05003140179873331,-0.5204563987124317,0.7801161419613043,-0.2580932517198299,0.5334737929318462,-0.14263551017610596,-0.05003140179873331,-0.5204563987124317,0.7801161419613043,-0.2580932517198299,0.5334737929318462,-0.14263551017610596,-0.03515635724323142,0.0038890208760545574,-0.0036843692056375997,-0.176333227919597,0.022043116349994306,-0.21881799524078027,0.0013282933463301325,0.0023134218073403803,0.0004953310032776466,0.020221149156449358,0.021252863777208864,0.020838488161838375,0.2716666666666221,True,False,1,True,True,0.0034684999991441146,4,2.1797155155828538e-09,3.085769886703158e-10,`gtol` termination condition is satisfied.,True,True,0.009999999999999787,0.023818721933924314,1.0,6.2942152608631246e-06,0.009022129111375272,6.29443973575836e-06,0.009022129364229347
14.639999999999732,1786132516.9198954,0.007058899995172396,0.00687169999582693,0.01,TELEOP,0,,0.0,14.639999999999732,1464,0.0,0.0,0.0,-3.469446951953615e-18,0.07935642163158045,0.09560423171064687,0.9922511724482103,1.953838771791234e-43,4.086410836489628e-35,8.241119787751628e-23,8.619737103856541e-10,0.08512788741049443,0.08984334059894802,0.9923111492546316,-0.016000000000000007,-0.22496149868535165,0.2802328425555495,-0.13027505108398324,0.04815591288249457,0.03905679745112025,0.9895372583649296,-0.016000000000000007,-0.22496149868535165,0.2802328425555495,-0.1302751878283748,0.048670475183109636,0.03838642028032661,0.98953829790453,-0.015999997839491055,-0.22496149891747308,0.28023284242197294,-0.13027518783703826,0.04867047519069104,0.0383864201267303,0.9895382979089749,-0.015999671555030674,-0.22496099425315835,0.28022657342924195,-0.13020725304012307,0.05141893497397853,0.03481042134156859,0.9895404988922433,-0.015999671555030674,-0.22496099425315835,0.28022657342924195,-0.13020725304012307,0.05141893497397853,0.03481042134156859,0.9895404988922433,-0.054231102636120285,-0.5199564361541389,0.7796810325264677,-0.27896078460614665,0.5364240006332749,-0.16859277893717975,-0.05038283299594478,-0.5204172773921908,0.7800793469836218,-0.2598545530652478,0.5336963423852032,-0.1448216006099872,-0.05038283299594478,-0.5204172773921908,0.7800793469836218,-0.2598545530652478,0.5336963423852032,-0.1448216006099872,-0.03514311972114753,0.003912132024086653,-0.003679497768248772,-0.176130134541795,0.022254945335709174,-0.21860904338812762,0.0013237522083886974,0.0023111148032096524,0.0004871437388827564,0.02030933778019948,0.0211828985714871,0.020895185265266496,0.27333333333328874,True,False,1,True,True,0.003383099989150651,4,2.177044323021521e-09,3.081825239925292e-10,`gtol` termination condition is satisfied.,True,True,0.009999999999999787,0.023794911432749616,1.0,6.29773113754315e-06,0.009021408531031427,6.297957811480664e-06,0.009021408783551
14.649999999999732,1786132516.9277475,0.007099700000253506,0.0076243999938014895,0.01,TELEOP,0,,0.0,14.649999999999732,1465,0.0,0.0,0.0,-3.469446951953615e-18,0.07877531671581856,0.09618362799058737,0.9922414822929401,1.775360107148251e-43,3.7131266332026577e-35,7.488312505944891e-23,7.831628526976586e-10,0.08454733103878066,0.09042335934569445,0.9923080997849701,-0.016000000000000007,-0.22496149868535165,0.2802328425555495,-0.13027495142234202,0.04790552671907711,0.03938287213094957,0.9895365010571321,-0.016000000000000007,-0.22496149868535165,0.2802328425555495,-0.13027513309101751,0.04842013986316159,0.03871253456173215,0.989537881751657,-0.01599999784228612,-0.22496149891808537,0.2802328424216049,-0.13027513309977104,0.048420139870740994,0.03871253440834076,0.9895378817561347,-0.015999664228919058,-0.22496099199277997,0.28022657119635114,-0.13020727939724738,0.05116862427023398,0.03513696017457639,0.9895419295370708,-0.015999664228919058,-0.22496099199277997,0.28022657119635114,-0.13020727939724738,0.05116862427023398,0.03513696017457639,0.9895419295370708,-0.05458102524585718,-0.5199145759120742,0.7796446915053913,-0.2806965315866097,0.536670916255672,-0.17075311194157244,-0.050734132372901905,-0.5203779251994692,0.7800425998132585,-0.2616138152605014,0.53392100281377,-0.14700559678084765,-0.050734132372901905,-0.5203779251994692,0.7800425998132585,-0.2616138152605014,0.53392100281377,-0.14700559678084765,-0.03512993769571329,0.003935219272160371,-0.003674717036332567,-0.17592621952536894,0.022466042856670025,-0.21839961708605118,0.001318202543423852,0.0023087248073717726,0.0004780731916205469,0.020391501642605392,0.021109752096085586,0.020942630207643198,0.27499999999995534,True,False,1,True,True,0.0038886000111233443,4,2.174358606314052e-09,3.077858970200188e-10,`gtol` termination condition is satisfied.,True,True,0.009999999999999787,0.023771178327192555,1.0,6.300518814142419e-06,0.009020765509248886,6.300748033019403e-06,0.009020765761431586
14.659999999999732,1786132516.9348183,0.007960600007208996,0.006734100010362454,0.01,TELEOP,0,,0.0,14.659999999999732,1466,0.0,0.0,0.0,0.0,0.0781941587467028,0.09676295949307903,0.9922311238859807,1.6131850568017225e-43,3.37394108078538e-35,6.804272432738074e-23,7.115577266536252e-10,0.08396671771588587,0.09100331719782613,0.992304382019455,-0.016000000000000007,-0.22496149868535165,0.2802328425555495,-0.1302748299074421,0.04765511589683785,0.03970892744876689,0.9895355777850106,-0.016000000000000007,-0.22496149868535165,0.2802328425555495,-0.13027505649944696,0.04816977979422641,0.039038629597578124,0.9895372996344225,-0.015999997845094847,-0.22496149891868983,0.28023284242124574,-0.1302750565082894,0.04816977980180364,0.03903862944439269,0.9895372996389329,-0.015999655911441115,-0.22496098973161327,0.2802265697277105,-0.13020731750367012,0.050918328168570816,0.03546346376975198,0.9895431880733997,-0.015999655911441115,-0.22496098973161327,0.2802265697277105,-0.13020731750367012,0.050918328168570816,0.03546346376975198,0.9895431880733997,-0.054930835045806155,-0.519872488657173,0.7796083767993067,-0.2824302165842573,0.5369198167794158,-0.17291140851113976,-0.05108530057034111,-0.520338342380153,0.7800058994694953,-0.26337103061534334,0.5341477666369397,-0.14918749474115234,-0.05108530057034111,-0.520338342380153,0.7800058994694953,-0.26337103061534334,0.5341477666369397,-0.14918749474115234,-0.03511681974392069,0.00395828193163054,-0.003670034376326933,-0.17572153548419644,0.022676382316979344,-0.218189796030472,0.0013117951792600744,0.0023062659470169935,0.0004682660005633654,0.02046840411724834,0.02103394603093246,0.020982105557919066,0.276666666666622,True,False,1,True,True,0.003354800006491132,4,2.171658456440017e-09,3.073872361905924e-10,`gtol` termination condition is satisfied.,True,True,0.009999999999999787,0.02374751516072479,1.0,6.3026085305818784e-06,0.009020196328597808,6.302840624815005e-06,0.009020196580441191
14.669999999999732,1786132516.943138,0.007064099991112016,0.007990199999767356,0.01,TELEOP,0,,0.0,14.669999999999732,1467,0.0,0.0,0.0,0.0,0.07761294811562962,0.09734222582795546,0.9922200972343082,1.465824323195219e-43,3.065739346140399e-35,6.182717842259352e-23,6.464995069507557e-10,0.08338604783392067,0.09158321376431942,0.992299995960515,-0.016000000000000007,-0.22496149868535165,0.2802328425555495,-0.1302746865396289,0.047404680458888966,0.040034963348717305,0.9895344885486604,-0.016000000000000007,-0.22496149868535165,0.2802328425555495,-0.1302749580540853,0.047919395019736875,0.03936470533170704,0.9895365515528453,-0.01599999784791698,-0.22496149891928652,0.2802328424208954,-0.13027495806301592,0.047919395027311906,0.03936470517872868,0.9895365515573883,-0.015999646647284736,-0.2249609874704767,0.28022656899164333,-0.13020736565814794,0.05066804463396301,0.03578993296927717,0.9895442748454416,-0.015999646647284736,-0.2249609874704767,0.28022656899164333,-0.13020736565814794,0.05066804463396301,0.03578993296927717,0.9895442748454416,-0.05528053163026783,-0.5198301745245301,0.7795720885514391,-0.2841618277098346,0.5371706985657855,-0.17506765662528329,-0.05143633830035431,-0.5202985291856712,0.7799692449118925,-0.2651261918926602,0.5343766260576845,-0.1513672912178492,-0.05143633830035431,-0.5202985291856712,0.7799692449118925,-0.2651261918926602,0.5343766260576845,-0.1513672912178492,-0.03510377300132086,0.003981319448177237,-0.003665455760283137,-0.1755161277316879,0.02288594207448504,-0.21797964766969027,0.0013046742599832097,0.0023037516546697834,0.00045786160437961086,0.020540775250853932,0.020955975750570004,0.021014836078173116,0.27833333333328864,True,False,1,True,True,0.003968600009102374,4,2.168944118895815e-09,3.069863738743915e-10,`gtol` termination condition is satisfied.,True,True,0.009999999999999787,0.02372391376998742,1.0,6.304033339855796e-06,0.009019697082268074,6.304268623262845e-06,0.009019697333769765
14.679999999999731,1786132516.9501455,0.008216400005039759,0.006781399992178194,0.01,TELEOP,0,,0.0,14.679999999999731,1468,0.0,0.0,0.0,3.469446951953614e-18,0.07703168521403098,0.09792142660509418,0.9922084023453488,1.3319246526685455e-43,2.7856911289883983e-35,5.617940829804457e-23,5.873896059490919e-10,0.08280532178492793,0.09216304865423915,0.9922949416110368,-0.016000000000000007,-0.22496149868535165,0.2802328425555495,-0.130274521319222,0.047154220448288854,0.0403609797749731,0.9895332333482115,-0.016000000000000007,-0.22496149868535165,0.2802328425555495,-0.13027483775532112,0.04766898558304241,0.039690761708018184,0.9895356375069803,-0.015999997850752356,-0.22496149891987532,0.28023284242055396,-0.1302748377643388,0.04766898559061521,0.039690761555247873,0.9895356375115559,-0.0159996364847269,-0.22496098521000582,0.28022656895414144,-0.13020742207969163,0.05041777154342868,0.03611636864247205,0.9895451902081263,-0.0159996364847269,-0.22496098521000582,0.28022656895414144,-0.13020742207969163,0.05041777154342868,0.03611636864247205,0.9895451902081263,-0.05563011459454856,-0.5197876336491747,0.7795358269036304,-0.28589135316426295,0.5374235579575122,-0.17722184435386684,-0.051787246332687206,-0.5202584858717262,0.779932635053477,-0.2668792922390312,0.5346075731093384,-0.15354498349604365,-0.051787246332687206,-0.5202584858717262,0.779932635053477,-0.2668792922390312,0.5346075731093384,-0.15354498349604365,-0.03509080323329013,0.004004331394507276,-0.0036609858415526126,-0.17531003463710473,0.02309470516538047,-0.21776922781945057,0.0012969768030732013,0.002301194633003937,0.0004469918730524637,0.020609309458317675,0.02087630908954357,0.021041985023971303,0.27999999999995523,True,False,1,True,True,0.0033980000007431954,4,2.1662157352455425e-09,3.0658356047306984e-10,`gtol` termination condition is satisfied.,True,True,0.009999999999999787,0.023700365407434087,1.0,6.304828630772391e-06,0.009019263717886273,6.305067399438331e-06,0.009019263969044159
14.689999999999731,1786132516.9599004,0.007105299999238923,0.009430700010852888,0.01,TELEOP,0,,0.0,14.689999999999731,1469,0.0,0.0,0.0,3.469446951953614e-18,0.07645037043337397,0.09850056143441688,0.9921960392269789,1.2102564081616487e-43,2.5312246704515747e-35,5.104754894596735e-23,5.336841642304128e-10,0.08222453996089252,0.0927428214767339,0.9922892189743645,-0.016000000000000007,-0.22496149868535165,0.2802328425555495,-0.13027433424651763,0.046903735908046924,0.04068697667173065,0.9895318121838271,-0.016000000000000007,-0.22496149868535165,0.2802328425555495,-0.13027469560351287,0.04741855152741662,0.04001679867046189,0.9895345574969182,-0.015999997853600765,-0.2249614989204566,0.2802328424202215,-0.13027469561261673,0.04741855153498719,0.040016798517900735,0.9895345575015264,-0.01599962547505426,-0.22496098295066883,0.2802265695792624,-0.1302074849261351,0.05016750670845753,0.036442771676551064,0.9895459345237076,-0.01599962547505426,-0.22496098295066883,0.2802265695792624,-0.1302074849261351,0.05016750670845753,0.036442771676551064,0.9895459345237076,-0.05597958353494348,-0.5197448661660726,0.7794995919963452,-0.28761878123881257,0.5376783912789717,-0.17937395985737803,-0.0521380254817858,-0.5202182126970983,0.7798960687731438,-0.2686303251190364,0.5348405996995323,-0.15572056930912007,-0.0521380254817858,-0.5202182126970983,0.7798960687731438,-0.2686303251190364,0.5348405996995323,-0.15572056930912007,-0.035077914909860584,0.004027317462779972,-0.003656628033320288,-0.17510328800052755,0.023302659019399652,-0.21755858130764524,0.0012888323429543816,0.0022986068272696685,0.0004357808232324934,0.020674663657720138,0.020795385401918498,0.021064651180533606,0.2816666666666219,True,False,1,True,True,0.005280299999867566,4,2.1634735291080685e-09,3.061786126864465e-10,`gtol` termination condition is satisfied.,True,True,0.009999999999999787,0.023676860857823195,1.0,6.305031665430831e-06,0.009018892078548911,6.305274196759948e-06,0.009018892329360777
14.699999999999731,1786132516.9678538,0.009662099997512996,0.007722599999397062,0.01,TELEOP,0,,0.0,14.699999999999731,1470,0.0,0.0,0.0,-3.469446951953615e-18,0.0758690041651607,0.0990796299258896,0.9921830078875246,1.0997022771233566e-43,2.3000031358930196e-35,4.638447310741139e-23,4.848890478861227e-10,0.08164370275375024,0.09332253184103213,0.9922828280542988,-0.016000000000000007,-0.22496149868535165,0.2802328425555495,-0.13027412532179147,0.046653226881127566,0.04101295398320768,0.9895302250557036,-0.016000000000000007,-0.22496149868535165,0.2802328425555495,-0.1302745315989918,0.04716809289606397,0.04034281616303419,0.9895333115227841,-0.015999997856462025,-0.22496149892102985,0.28023284241989777,-0.1302745316081807,0.047168092903632164,0.04034281601068318,0.9895333115274249,-0.01599961367200439,-0.22496098069278153,0.2802265708295123,-0.1302075523116364,0.049917247896017064,0.036769142968093714,0.989546508158607,-0.01599961367200439,-0.22496098069278153,0.2802265708295123,-0.1302075523116364,0.049917247896017064,0.036769142968093714,0.989546508158607,-0.056328938048720106,-0.5197018722101254,0.7794633839686731,-0.2893441003152688,0.5379351948363736,-0.18152399138708505,-0.05248867659461878,-0.52017770992253,0.7798595449272517,-0.2703792842534595,0.535075697651216,-0.15789404673553709,-0.05248867659461878,-0.52017770992253,0.7798595449272517,-0.2703792842534595,0.535075697651216,-0.15789404673553709,-0.035065111283298804,0.00405027745683505,-0.003652384589203787,-0.17489591344231165,0.02350979516836724,-0.21734774264170606,0.001280362656178267,0.002295999405507905,0.0004243444116500865,0.020737455821590034,0.02071361489675942,0.021083866593919524,0.28333333333328853,True,False,1,True,True,0.0035038999922107905,4,2.1607176315074134e-09,3.057716882317276e-10,`gtol` termination condition is satisfied.,True,True,0.009999999999999787,0.023653390548257963,1.0,6.304681132134678e-06,0.009018577941029182,6.304927684620665e-06,0.009018578191492854
14.70999999999973,1786132516.9801376,0.008222100004786626,0.011784000002080575,0.01,TELEOP,0,,0.0,14.70999999999973,1471,0.0,0.0,0.0,3.469446951953615e-18,0.0752875868009278,0.09965863168952317,0.9921693083357622,9.992470109266043e-44,2.089903155129243e-35,4.214735848981709e-23,4.405553036230603e-10,0.08106281055539581,0.0939021793564386,0.9922757688550957,-0.016000000000000007,-0.22496149868535165,0.2802328425555495,-0.13027389454530047,0.04640269341045443,0.041338911653641,0.9895284719640703,-0.016000000000000007,-0.22496149868535165,0.2802328425555495,-0.13027434574206495,0.046917609732126005,0.04066881412977214,0.9895318995847375,-0.015999997859335938,-0.2249614989215953,0.28023284241958296,-0.13027434575133817,0.04691760973969181,0.040668813977632286,0.9895318995894107,-0.015999601131229942,-0.22496097843652246,0.2802265726662109,-0.13020762232307387,0.04966699284811012,0.03709548341522647,0.9895469114804959,-0.015999601131229942,-0.22496097843652246,0.2802265726662109,-0.13020762232307387,0.04966699284811012,0.03709548341522647,0.9895469114804959,-0.0566781777341022,-0.5196586519161669,0.779427202958325,-0.29106729886609395,0.5381939649179517,-0.1836719272851898,-0.052839200539295424,-0.520136977809687,0.7798230623603998,-0.2721261635614906,0.5353128587407228,-0.16006541410245861,-0.052839200539295424,-0.520136977809687,0.7798230623603998,-0.2721261635614906,0.5353128587407228,-0.16006541410245861,-0.035052394467665164,0.004073211284295389,-0.003648256685191471,-0.17468793080311518,0.023716108950680867,-0.21713673669215605,0.0012716815633638755,0.0022933827460338467,0.0004127904012315997,0.020798263919647363,0.020631378231363077,0.02110059495500083,0.2849999999999551,True,False,1,True,True,0.005903900004341267,4,2.157948243338049e-09,3.0536276943756113e-10,`gtol` termination condition is satisfied.,True,True,0.009999999999999787,0.02362994465154797,1.0,6.303816720629057e-06,0.009018317051140973,6.304067532765511e-06,0.009018317301254406
14.71999999999973,1786132516.9922838,0.012159199992311187,0.011770800003432669,0.01,TELEOP,0,,0.0,14.71999999999973,1472,0.0,0.0,0.0,-3.469446951953614e-18,0.07470611873224656,0.10023756633537319,0.9921549405809181,9.079681015644103e-44,1.898995322944777e-35,3.829729451826673e-23,4.002750237383848e-10,0.08048186375769018,0.09448176363233106,0.9922680413814672,-0.016000000000000007,-0.22496149868535165,0.2802328425555495,-0.1302736419172851,0.04615213553891357,0.0416648496272841,0.9895265529091882,-0.016000000000000007,-0.22496149868535165,0.2802328425555495,-0.13027413803301757,0.04666710207868689,0.04099479251474952,0.9895303216829712,-0.01599999786222231,-0.22496149892215306,0.2802328424192771,-0.13027413804237384,0.046667102086250245,0.04099479236282183,0.9895303216876769,-0.01599958790978797,-0.22496097618194688,0.28022657504983756,-0.13020769303531518,0.049416739299869596,0.037421793910509024,0.98954714485562,-0.01599958790978797,-0.22496097618194688,0.28022657504983756,-0.13020769303531518,0.049416739299869596,0.037421793910509024,0.98954714485562,-0.057027302190255064,-0.5196152054189652,0.7793910491016403,-0.2927883654545834,0.5384546977941538,-0.18581775598497693,-0.05318959819449179,-0.520096016620201,0.7797866199153775,-0.27387095710699894,0.5355520747328639,-0.16223466989632082,-0.05318959819449179,-0.520096016620201,0.7797866199153775,-0.27387095710699894,0.5355520747328639,-0.16223466989632082,-0.035039765519637264,0.00409611894860537,-0.0036442445022307392,-0.1744793545508367,0.023921599214117885,-0.21692557938622523,0.0012628948027902191,0.0022907664309981335,0.00040121829607318486,0.020857625227847787,0.020549026343702308,0.02111573059308374,0.28666666666662177,True,False,1,True,True,0.005903099998249672,4,2.155165551999681e-09,3.0495185739150903e-10,`gtol` termination condition is satisfied.,True,True,0.009999999999999787,0.023606513182731187,1.0,6.302478719776786e-06,0.00901810515626144,6.302734009920691e-06,0.009018105406022688
14.72999999999973,1786132517.0019367,0.012138900012359954,0.009284700005082414,0.01,TELEOP,0,,0.0,14.72999999999973,1473,0.0,0.0,0.0,3.469446951953615e-18,0.07412460035072213,0.1008164334735407,0.9921399046326687,8.250273100081686e-44,1.7255264808397908e-35,3.479892500910151e-23,3.636775985747667e-10,0.07990086275246701,0.09506128427815744,0.9922596456385793,-0.016000000000000007,-0.22496149868535165,0.2802328425555495,-0.1302733674379713,0.04590155330935689,0.04199076784840529,0.9895244678913508,-0.016000000000000007,-0.22496149868535165,0.2802328425555495,-0.1302739084721155,0.04641656997877847,0.04132075126207293,0.9895285778177111,-0.015999997865120956,-0.22496149892270284,0.2802328424189802,-0.1302739084815541,0.04641656998633934,0.04132075111035841,0.9895285778224492,-0.015999574065655987,-0.224960973929001,0.280226577940358,-0.13020776252534283,0.04916648499618656,0.03774807533451154,0.9895472086463606,-0.015999574065655987,-0.224960973929001,0.280226577940358,-0.13020776252534283,0.04916648499618656,0.03774807533451154,0.9895472086463606,-0.05737631101727014,-0.5195715328532247,0.7793549225335888,-0.2945072887350134,0.5387173897178326,-0.1879614660109548,-0.053539870439691085,-0.5200548266147903,0.779750216442289,-0.27561365904890944,0.5357933374130556,-0.16440181268037946,-0.053539870439691085,-0.5200548266147903,0.779750216442289,-0.27561365904890944,0.5357933374130556,-0.16440181268037946,-0.03502722451993024,0.004119000541066266,-0.0036403473088424897,-0.17427019419105483,0.02412626801916961,-0.21671427840586893,0.0012540999707025616,0.0022881592460896882,0.00038971933882495265,0.020916035978189168,0.020466880505172973,0.021130098035629145,0.2883333333332884,True,False,1,True,True,0.005293900001561269,4,2.1523696975268077e-09,3.0453899675758813e-10,`gtol` termination condition is satisfied.,True,True,0.009999999999999787,0.023583086088656113,1.0,6.300707641358568e-06,0.009017938035034383,6.300967607468946e-06,0.009017938284441437
14.73999999999973,1786132517.009219,0.009511299998848699,0.007055800000671297,0.01,TELEOP,0,,0.0,14.73999999999973,1474,0.0,0.0,0.0,-3.469446951953614e-18,0.07354303204799381,0.10139523271417196,0.9921242005011403,7.496629684308669e-44,1.5679036172991866e-35,3.1620123484479416e-23,3.3042630098538937e-10,0.07931980793153852,0.09564074090343322,0.9922505816320524,-0.016000000000000007,-0.22496149868535165,0.2802328425555495,-0.13027307110757191,0.04565094676460479,0.04231666626128578,0.9895222169108826,-0.016000000000000007,-0.22496149868535165,0.2802328425555495,-0.13027365705960733,0.046166013475384814,0.041646690315878254,0.9895266679892158,-0.01599999786803165,-0.22496149892324496,0.28023284241869206,-0.13027365706912722,0.04616601348294318,0.04164669016437784,0.9895266679939861,-0.015999559657276514,-0.22496097167753415,0.28022658129753064,-0.1302078288852344,0.048916227706878666,0.03807432855006747,0.9895471032090306,-0.015999559657276514,-0.22496097167753415,0.28022658129753064,-0.1302078288852344,0.048916227706878666,0.03807432855006747,0.9895471032090306,-0.05772520381615048,-0.5195276343535797,0.7793188233877695,-0.2962240574527841,0.5389820369244339,-0.1901030459789932,-0.053890018146238075,-0.520013408052461,0.7797138508068572,-0.27735426359568766,0.5360366386165047,-0.16656684101922914,-0.053890018146238075,-0.520013408052461,0.7797138508068572,-0.27735426359568766,0.5360366386165047,-0.16656684101922914,-0.035014770654699524,0.00414185623292919,-0.003636563543188642,-0.1740604546778243,0.024330120344918212,-0.21650283388497274,0.001245386523071601,0.0022855691862924314,0.00037837656538479815,0.020973951323051875,0.020385232574860607,0.021144452089620625,0.289999999999955,True,False,1,True,True,0.003761200001463294,4,2.1495609469461196e-09,3.0412424056719904e-10,`gtol` termination condition is satisfied.,True,True,0.009999999999999787,0.02355965333057533,1.0,6.298543871680786e-06,0.009017811524291723,6.298808691512466e-06,0.009017811773342868
14.74999999999973,1786132517.0165632,0.007279700002982281,0.00712059999932535,0.01,TELEOP,0,,0.0,14.74999999999973,1475,0.0,0.0,0.0,0.0,0.07296141421573431,0.10197396366745914,0.9921078281969091,6.811829856044579e-44,1.4246792387349754e-35,2.8731698146199195e-23,3.002151929831776e-10,0.07873869968670096,0.09622013311773916,0.9922408493679608,-0.016000000000000007,-0.22496149868535165,0.2802328425555495,-0.1302727529262884,0.04540031594744897,0.04264254481021816,0.9895197999681394,-0.016000000000000007,-0.22496149868535165,0.2802328425555495,-0.1302733837957262,0.04591543261144638,0.04197260962032752,0.989524592197776,-0.015999997870954245,-0.22496149892377915,0.2802328424184129,-0.1302733838053264,0.045915432619002175,0.04197260946904213,0.9895245922025785,-0.01599954474313094,-0.22496096942731264,0.2802265850811915,-0.13020789023399662,0.048665965240416754,0.03840055439718185,0.989546828891902,-0.01599954474313094,-0.22496096942731264,0.2802265850811915,-0.13020789023399662,0.048665965240416754,0.03840055439718185,0.989546828891902,-0.058073980188797135,-0.5194835100546008,0.7792827517964129,-0.2979386604445575,0.5392486356321841,-0.1922424845964571,-0.054240042169201697,-0.5199717611897852,0.7796775218979165,-0.27909276496390706,0.5362819702544976,-0.16872975341023877,-0.054240042169201697,-0.5199717611897852,0.7796775218979165,-0.27909276496390706,0.5362819702544976,-0.16872975341023877,-0.0350024022963628,0.004164686267587997,-0.00363289089406476,-0.17385013682194303,0.02453316379928566,-0.21629123910096665,0.0012368358336724168,0.0022830034658806947,0.00036726491238819897,0.021031785588128175,0.02030434543674499,0.021159478400608937,0.29166666666662167,True,False,1,True,True,0.003693599996040575,4,2.1467393818409286e-09,3.0370764321686845e-10,`gtol` termination condition is satisfied.,True,True,0.009999999999999787,0.02353620495976405,1.0,6.29602735335989e-06,0.009017721543250189,6.296297183988691e-06,0.009017721791943678
14.75999999999973,1786132517.023785,0.007374899985734373,0.00696800000150688,0.01,TELEOP,0,,0.0,14.75999999999973,1476,0.0,0.0,0.0,0.0,0.07237974724564983,0.10255262594364033,0.9920907877310018,6.189584912380444e-44,1.2945380767593194e-35,2.610712379948497e-23,2.7276630773672133e-10,0.07815753840973921,0.09679946053071928,0.9922304488528318,-0.016000000000000007,-0.22496149868535165,0.2802328425555495,-0.13027241289431205,0.045149660900654594,0.04296840343950486,0.989517217063508,-0.016000000000000007,-0.22496149868535165,0.2802328425555495,-0.13027308868069165,0.04566482742986374,0.04229850911960598,0.989522350443714,-0.01599999787388851,-0.22496149892430556,0.28023284241814267,-0.13027308869037105,0.04566482743741695,0.042298508968536576,0.9895223504485486,-0.01599952938134382,-0.22496096717803032,0.2802265892515182,-0.13020794472826688,0.048415695456232775,0.03872675368857248,0.9895463860334566,-0.01599952938134382,-0.22496096717803032,0.2802265892515182,-0.13020794472826688,0.048415695456232775,0.03872675368857248,0.9895463860334566,-0.05842263973799438,-0.5194391600907888,0.7792467078903845,-0.2996510866383847,0.5395171820422808,-0.19437977066232867,-0.05458994334003497,-0.5199298862802559,0.779641228634113,-0.28082915734084757,0.5365293243378507,-0.17089054822180377,-0.05458994334003497,-0.5199298862802559,0.779641228634113,-0.28082915734084757,0.5365293243378507,-0.17089054822180377,-0.034990117083327485,0.004187490952925339,-0.0036293263803454582,-0.17363923769405726,0.02473540833530573,-0.21607948115650408,0.0012285213035314116,0.002280468533734233,0.0003564513719301753,0.02108991278857858,0.02022445360200754,0.021175794446256595,0.2933333333332883,True,False,1,True,True,0.003363100011483766,4,2.1439052469346974e-09,3.0328921567052363e-10,`gtol` termination condition is satisfied.,True,True,0.009999999999999787,0.023512731186218327,1.0,6.293197295394924e-06,0.009017664115047057,6.293472273673429e-06,0.009017664363381157
14.76999999999973,1786132517.0315485,0.007194800011347979,0.007535700002335943,0.01,TELEOP,0,,0.0,14.76999999999973,1477,0.0,0.0,0.0,0.0,0.07179803152947968,0.10313121915299979,0.9920730791148946,5.624180608911102e-44,1.1762850097175185e-35,2.3722298264914718e-23,2.4782709330615615e-10,0.07757632449243126,0.097378722752079,0.9922193800936459,-0.016000000000000007,-0.22496149868535165,0.2802328425555495,-0.13027205101182557,0.044898981666962635,0.04329424209345692,0.9895144681974061,-0.016000000000000007,-0.22496149868535165,0.2802328425555495,-0.1302727717147111,0.04541419797350105,0.04262438875791958,0.9895199427273835,-0.015999997876834295,-0.22496149892482414,0.2802328424178813,-0.13027277172446872,0.045414197981051514,0.04262438860706709,0.9895199427322504,-0.01599951362931781,-0.22496096492932022,0.2802265937692716,-0.1302079905718979,0.04816541627564449,0.03905292720581903,0.9895457749608552,-0.01599951362931781,-0.22496096492932022,0.2802265937692716,-0.1302079905718979,0.04816541627564449,0.03905292720581903,0.9895457749608552,-0.058771182067397516,-0.5193945845965793,0.779210691799184,-0.30136132505383145,0.5397876723390805,-0.19651489306733078,-0.05493972246001659,-0.5198877835737175,0.7796049699698284,-0.2825634348510499,0.5367786929975995,-0.17304922363827674,-0.05493972246001659,-0.5198877835737175,0.7796049699698284,-0.2825634348510499,0.5367786929975995,-0.17304922363827674,-0.03497791199816307,0.004210270653845907,-0.0036258664284618066,-0.17342775102023575,0.02493686597488429,-0.21586754164730027,0.0012205085164409177,0.002277970092056823,0.00034599518836519425,0.021148667382151858,0.02014576395785615,0.021193950920381004,0.2949999999999549,True,False,1,True,True,0.0033833000052254647,4,2.141058673025499e-09,3.028688310388414e-10,`gtol` termination condition is satisfied.,True,True,0.009999999999999787,0.0234892224405249,1.0,6.290091915309408e-06,0.009017635385698015,6.290372158147119e-06,0.009017635633670936
14.77999999999973,1786132517.0386047,0.007764900001347996,0.006827500008512288,0.01,TELEOP,0,,0.0,14.77999999999973,1478,0.0,0.0,0.0,0.0,0.07121626745899579,0.10370974290586847,0.9920547023605137,5.110424684276054e-44,1.0688340875610956e-35,2.155532104155715e-23,2.2516808854738593e-10,0.07699505832655201,0.09795791939158352,0.992207643097836,-0.016000000000000007,-0.22496149868535165,0.2802328425555495,-0.13027166727900374,0.04464827828909167,0.04362006071639268,0.9895115533702811,-0.016000000000000007,-0.22496149868535165,0.2802328425555495,-0.13027243289798152,0.04516354428518907,0.042950248479492546,0.9895173690491698,-0.01599999787979137,-0.2249614989253348,0.28023284241762875,-0.13027243290781662,0.04516354429273684,0.04295024832885784,0.9895173690540686,-0.015999497543400056,-0.22496096268076476,0.28022659859601623,-0.1302080260244518,0.04791512569143505,0.03937907569609237,0.9895449959886166,-0.015999497543400056,-0.22496096268076476,0.28022659859601623,-0.1302080260244518,0.04791512569143505,0.03937907569609237,0.9895449959886166,-0.05911960678151832,-0.5193497837063396,0.7791747036509493,-0.3030693648020915,0.5400601026902873,-0.19864784079403602,-0.05528938029445462,-0.5198454533158671,0.7795687449003531,-0.2842955915267287,0.5370300685030129,-0.17520577761140305,-0.05528938029445462,-0.5198454533158671,0.7795687449003531,-0.2842955915267287,0.5370300685030129,-0.17520577761140305,-0.034965783443803466,0.004233025785037847,-0.0036225069475338103,-0.1732156675678839,0.025137550541343756,-0.21565539731263586,0.0012128554359610438,0.0022755131191940442,0.0003359480927996191,0.021208345235185916,0.020068456645947124,0.021214433466440707,0.29666666666662156,True,False,1,True,True,0.0033528000058140606,4,2.1381998743007696e-09,3.024467682669148e-10,`gtol` termination condition is satisfied.,True,True,0.009999999999999787,0.023465669429054037,1.0,6.286748211300693e-06,0.009017631640565614,6.287033816103272e-06,0.009017631888175915
14.78999999999973,1786132517.0458188,0.00713829998858273,0.006903200002852827,0.01,TELEOP,0,,0.0,14.78999999999973,1479,0.0,0.0,0.0,-3.469446951953615e-18,0.07063445542600298,0.10428819681262391,0.9920356574802357,4.643599178212453e-44,9.711985592734072e-36,1.9586292188720476e-23,2.045808121162434e-10,0.07641374030387675,0.09853705005905654,0.9921952378732881,-0.016000000000000007,-0.22496149868535165,0.2802328425555495,-0.1302712616960149,0.04439755080973959,0.04394585925263681,0.9895084725826113,-0.016000000000000007,-0.22496149868535165,0.2802328425555495,-0.13027207223069037,0.044912866407727965,0.04327608822856529,0.9895146294094882,-0.015999997882759555,-0.22496149892583756,0.28023284241738533,-0.13027207224060175,0.04491286641527295,0.043276088078149304,0.9895146294144194,-0.015999481178579713,-0.22496096043190536,0.2802266036943192,-0.1302080494086289,0.04766482177613426,0.039705199869434986,0.9895440494174971,-0.015999481178579713,-0.22496096043190536,0.2802266036943192,-0.1302080494086289,0.04766482177613426,0.039705199869434986,0.9895440494174971,-0.059467913485713,-0.5193047575543684,0.7791387435724532,-0.3047751950860992,0.5403344692471368,-0.20077860291697874,-0.05563891756762877,-0.5198028957478271,0.7795325524663348,-0.2860256212819299,0.5372834432770317,-0.17736020781805756,-0.05563891756762877,-0.5198028957478271,0.7795325524663348,-0.2860256212819299,0.5372834432770317,-0.17736020781805756,-0.034953727317415945,0.0042557568039920685,-0.0036192434018365084,-0.1730029755201231,0.02533747740187334,-0.2154430206654549,0.0012056126387523006,0.002273101895422239,0.0003263545697301821,0.021269204776080502,0.0199926860529589,0.02123766471809757,0.2983333333332882,True,False,1,True,True,0.00341810000827536,4,2.1353289997478634e-09,3.0202282806328005e-10,`gtol` termination condition is satisfied.,True,True,0.009999999999999787,0.023442063182632977,1.0,6.283201765075042e-06,0.009017649318440672,6.283492809699754e-06,0.009017649565686726
14.799999999999729,1786132517.0526493,0.0071303000004263595,0.0066030000016326085,0.01,TELEOP,0,,0.0,14.799999999999729,1480,0.0,0.0,0.0,3.469446951953615e-18,0.07005259582233808,0.10486658048369087,0.9920159444868867,4.219417105243965e-44,8.824818112669205e-36,1.779712957938946e-23,1.85875845585496e-10,0.07583237081618428,0.09911611436437871,0.9921821644283394,-0.016000000000000007,-0.22496149868535165,0.2802328425555495,-0.13027083426302166,0.04414679927158538,0.04427163764651925,0.9895052258349049,-0.016000000000000007,-0.22496149868535165,0.2802328425555495,-0.1302716897130172,0.044662164383889875,0.04360190794939251,0.9895117238087857,-0.015999997885738644,-0.2249614989263326,0.28023284241715063,-0.1302716897230039,0.04466216439143207,0.04360190779919612,0.9895117238137487,-0.015999464588216498,-0.22496095818225095,0.28022660902792673,-0.13020805911666983,0.047414502689052014,0.04003130039656234,0.9895429355335624,-0.015999464588216498,-0.22496095818225095,0.28022660902792673,-0.13020805911666983,0.047414502689052014,0.04003130039656234,0.9895429355335624,-0.059816101786168856,-0.5192595062748977,0.7791028116891138,-0.30647880520062604,0.5406107681445923,-0.2029071686027484,-0.05598833495844494,-0.5197601111057841,0.7794963917575317,-0.2877535178902997,0.5375388099092403,-0.1795125116240512,-0.05598833495844494,-0.5197601111057841,0.7794963917575317,-0.2877535178902997,0.5375388099092403,-0.1795125116240512,-0.03494173908161745,0.004278464204304828,-0.0036160708803091757,-0.17278966083698516,0.02553666322085653,-0.21523038059936897,0.0011988235798493392,0.0022707400312760367,0.00031725215273329283,0.021331468313792273,0.019918581898319337,0.021264006608593077,0.2999999999999548,True,False,1,True,True,0.0033457999961683527,4,2.132446288864604e-09,3.015971197093148e-10,`gtol` termination condition is satisfied.,True,True,0.009999999999999787,0.023418395098921185,1.0,6.2794865734046286e-06,0.00901768502333952,6.2797831175375915e-06,0.00901768527021989
14.809999999999729,1786132517.05965,0.006841000009444542,0.006763000012142584,0.01,TELEOP,0,,0.0,14.809999999999729,1481,0.0,0.0,0.0,0.0,0.06947068903987007,0.10544489352954127,0.991995563393743,3.833983086128201e-44,8.018691335369946e-36,1.6171402847139435e-23,1.6888108679514666e-10,0.07525095025525974,0.09969511191748684,0.9921684227717794,-0.016000000000000007,-0.22496149868535165,0.2802328425555495,-0.13027038498018173,0.04389602371729028,0.04459739584237441,0.9895018131276996,-0.016000000000000007,-0.22496149868535165,0.2802328425555495,-0.13027128534513432,0.044411438256421125,0.04392770758624141,0.9895086522475387,-0.015999997888728468,-0.22496149892681985,0.280232842416925,-0.13027128535519542,0.04441143826396046,0.043927707436265416,0.9895086522525337,-0.015999447823800066,-0.22496095593128665,0.2802266145619212,-0.1302080536157677,0.04716416668212028,0.04035737790715331,0.9895416546074419,-0.015999447823800066,-0.22496095593128665,0.2802266145619212,-0.1302080536157677,0.04716416668212028,0.04035737790715331,0.9895416546074419,-0.06016417128989244,-0.5192140300020911,0.7790669081249852,-0.30818018453238244,0.5408889955015218,-0.20503352711009093,-0.05633763309677259,-0.5197170996206912,0.7794602619159029,-0.2894792749663198,0.537796161166489,-0.181662686053754,-0.05633763309677259,-0.5197170996206912,0.7794602619159029,-0.2894792749663198,0.537796161166489,-0.181662686053754,-0.034929813832765645,0.0043011485092884745,-0.003612984162885125,-0.1725757076020161,0.025735125724869527,-0.21501744297028247,0.0011925248851803183,0.002268430498364644,0.0003086717424050776,0.02139532349690702,0.01984625040130026,0.02129376290864992,0.30166666666662145,True,False,1,True,True,0.0035396000021137297,4,2.1295518685053117e-09,3.011698323628899e-10,`gtol` termination condition is satisfied.,True,True,0.009999999999999787,0.023394656978697193,1.0,6.275634909902907e-06,0.009017735534135466,6.2759369949439476e-06,0.009017735780648817
14.819999999999729,1786132517.0674906,0.0069807999971089885,0.007623099998454563,0.01,TELEOP,0,,0.0,14.819999999999729,1482,0.0,0.0,0.0,0.0,0.0688887354704998,0.10602313556069468,0.9919745142145306,3.483757575530616e-44,7.286202379585214e-36,1.4694182501616693e-23,1.5344017056289141e-10,0.07466947901289718,0.10027404232837274,0.9921540129128493,-0.016000000000000007,-0.22496149868535165,0.2802328425555495,-0.13026991384764894,0.04364522418949938,0.04492313378454043,0.9894982344615633,-0.016000000000000007,-0.22496149868535165,0.2802328425555495,-0.13027085912720815,0.04416068806804437,0.04425348708339021,0.9895054147262542,-0.015999997891728825,-0.22496149892729922,0.2802328424167081,-0.13027085913734265,0.04416068807558082,0.04425348693363552,0.9895054147312811,-0.01599943093473951,-0.22496095367848035,0.28022662026285555,-0.13020803145253146,0.046913812104601486,0.04068343298859754,0.9895402068937538,-0.01599943093473951,-0.22496095367848035,0.28022662026285555,-0.13020803145253146,0.046913812104601486,0.04068343298859754,0.9895402068937538,-0.06051212160469692,-0.5191683288700444,0.7790310330027677,-0.30987932256010153,0.5411691474208924,-0.20715766778999092,-0.056686812560433515,-0.5196738615180322,0.7794241621380685,-0.2912028859498506,0.5380554900012892,-0.18381072776526095,-0.056686812560433515,-0.5196738615180322,0.7794241621380685,-0.2912028859498506,0.5380554900012892,-0.18381072776526095,-0.03491794636609374,0.004323810265908084,-0.003609977783433058,-0.1723610983530854,0.02593288348002165,-0.21480417115070125,0.0011867466671906454,0.0022661756619609262,0.00030063794520674824,0.02146092489307,0.019775775515212958,0.021327181958122332,0.3033333333332881,True,False,1,True,True,0.004336099998909049,4,2.126645936029183e-09,3.0074072813834016e-10,`gtol` termination condition is satisfied.,True,True,0.009999999999999787,0.02337084105633694,1.0,6.2716772132275815e-06,0.009017797812140006,6.271984863608891e-06,0.009017798058284874
14.829999999999728,1786132517.0748935,0.007845899992389604,0.007180100001278333,0.01,TELEOP,0,,0.0,14.829999999999728,1483,0.0,0.0,0.0,-3.469446951953615e-18,0.0683067355061595,0.1066013061877184,0.9919527969634261,3.16552435741787e-44,6.620624600189073e-36,1.3351902826971637e-23,1.3941102792851007e-10,0.07408795748090169,0.10085290520708244,0.9921389348612418,-0.016000000000000007,-0.22496149868535165,0.2802328425555495,-0.13026942086557367,0.04339440073084249,0.04524885141735831,0.989494489837093,-0.016000000000000007,-0.22496149868535165,0.2802328425555495,-0.13027041105939982,0.04390991386146044,0.04457924638512665,0.9895020112454691,-0.015999997894739548,-0.2249614989277708,0.2802328424165001,-0.1302704110696066,0.04390991386899391,0.04457924623559407,0.9895020112505278,-0.015999413968182358,-0.2249609514232898,0.2802266260988702,-0.13020799125654972,0.04666343740672694,0.041009466185167424,0.9895385926306919,-0.015999413968182358,-0.2249609514232898,0.2802266260988702,-0.13020799125654972,0.04666343740672694,0.041009466185167424,0.9895385926306919,-0.060859952339190074,-0.5191224030127864,0.7789951864438062,-0.3115762088546205,0.5414512199899542,-0.20927958008575298,-0.05703587387280851,-0.5196303970176416,0.7793880916771769,-0.29292434409381474,0.5383167895581107,-0.18595663303081242,-0.05703587387280851,-0.5196303970176416,0.7793880916771769,-0.29292434409381474,0.5383167895581107,-0.18595663303081242,-0.0349061312375002,0.004346450039058617,-0.003607046089162503,-0.17214581439641852,0.026129955682148313,-0.21459052655515118,0.0011815128593534638,0.002263977315053391,0.0002931694270554854,0.021528395666691135,0.01970722021266662,0.021364459555007813,0.3049999999999547,True,False,1,True,True,0.0037019000010332093,4,2.12372864811899e-09,3.0030993367074985e-10,`gtol` termination condition is satisfied.,True,True,0.009999999999999787,0.02334694002472998,1.0,6.267642001288386e-06,0.009017869006756999,6.267955224844344e-06,0.009017869252532076
14.839999999999728,1786132517.0820916,0.007410500009427778,0.0069675000122515485,0.01,TELEOP,0,,0.0,14.839999999999728,1484,0.0,0.0,0.0,-3.469446951953615e-18,0.0677246895388126,0.10717940502122802,0.9919304116550551,2.8763610096720274e-44,6.015845815570663e-36,1.213223730420383e-23,1.2666457963603824e-10,0.07350638605109151,0.1014317001637155,0.9921231886271009,-0.016000000000000007,-0.22496149868535165,0.2802328425555495,-0.13026890603410365,0.04314355338393548,0.04557454868517146,0.9894905792549156,-0.016000000000000007,-0.22496149868535165,0.2802328425555495,-0.1302699411418662,0.04365911567935003,0.0449049854357468,0.9894984418057501,-0.015999997897760406,-0.2249614989282344,0.28023284241630114,-0.13026994115214455,0.04365911568688047,0.04490498528643715,0.9894984418108405,-0.015999396968862097,-0.2249609491651684,0.2802266320397883,-0.13020793174309758,0.046413041142327624,0.04133547799758106,0.9895368120397628,-0.015999396968862097,-0.2249609491651684,0.2802266320397883,-0.13020793174309758,0.046413041142327624,0.04133547799758106,0.9895368120397628,-0.061207663102761885,-0.5190762525642756,0.778959368568088,-0.3132708330789541,0.5417352092804271,-0.21139925353307445,-0.057384817501026926,-0.5195867063335796,0.7793520498442131,-0.2946436424548453,0.5385800531777132,-0.18810039772216697,-0.057384817501026926,-0.5195867063335796,0.7793520498442131,-0.2946436424548453,0.5385800531777132,-0.18810039772216697,-0.03489436282184281,0.0043690684061967805,-0.003604183296377381,-0.17192983610306375,0.026326361960244547,-0.21437646913545944,0.0011768415657392728,0.002261836713816391,0.00028627927851222323,0.021597829335476736,0.019640627809623726,0.02140574196917387,0.30666666666662135,True,False,1,True,True,0.003657199995359406,4,2.120800194661011e-09,2.9987751605382784e-10,`gtol` termination condition is satisfied.,True,True,0.009999999999999787,0.023322947054940563,1.0,6.263555811248545e-06,0.009017946459336373,6.263874600016487e-06,0.009017946704740338
14.849999999999728,1786132517.0892727,0.007188299990957603,0.00696060000336729,0.01,TELEOP,0,,0.0,14.849999999999728,1485,0.0,0.0,0.0,0.0,0.0671425979604537,0.1077574316718872,0.9919073583044938,2.613612066694117e-44,5.466312177809557e-36,1.1023985413388426e-23,1.1508354818699947e-10,0.07292476511529976,0.10201042680842423,0.9921067742210219,-0.016000000000000007,-0.22496149868535165,0.2802328425555495,-0.13026836935338443,0.04289268219138098,0.04590022553232499,0.9894865027156869,-0.016000000000000007,-0.22496149868535165,0.2802328425555495,-0.13026944937476045,0.04340829356437525,0.04523070417955385,0.9894947064076934,-0.01599999790079123,-0.22496149892869036,0.2802328424161109,-0.1302694493851089,0.0434082935719027,0.04523070403046791,0.9894947064128157,-0.015999379978973192,-0.22496094690357077,0.280226638057194,-0.13020785171504207,0.04616262197052561,0.04166146888292495,0.9895348653256626,-0.015999379978973192,-0.22496094690357077,0.280226638057194,-0.13020785171504207,0.04616262197052561,0.04166146888292495,0.9895348653256626,-0.061555253505573705,-0.5190298776584041,0.7789235794942541,-0.3149631849883605,0.5420211113486894,-0.2135166777601114,-0.057733643854703164,-0.5195427896740563,0.7793160360087883,-0.2963607738867172,0.5388452743996472,-0.19024201730061657,-0.057733643854703164,-0.5195427896740563,0.7793160360087883,-0.2963607738867172,0.5388452743996472,-0.19024201730061657,-0.0348826353676245,0.004391665952330021,-0.0036013835424841796,-0.171713143187194,0.026522122193402064,-0.2141619578449659,0.0011727454218303744,0.002259754613324077,0.00027997538932012823,0.02166929158697572,0.01957602331575202,0.021451129049353722,0.308333333333288,True,False,1,True,True,0.0034423000033712015,4,2.1178607901870143e-09,2.994435191653245e-10,`gtol` termination condition is satisfied.,True,True,0.009999999999999787,0.023298855810907487,1.0,6.2594431601904406e-06,0.00901802770535255,6.259767491730552e-06,0.0090180279503844
14.859999999999728,1786132517.0966344,0.0072435000038240105,0.007078599999658763,0.01,TELEOP,0,,0.0,14.859999999999728,1486,0.0,0.0,0.0,-3.469446951953615e-18,0.06656046116310803,0.10833538575040845,0.9918836369272681,2.3748646335419435e-44,4.9669771701811134e-36,1.0016969776258098e-23,1.0456137832740714e-10,0.07234309506537606,0.10258908475141333,0.9920896916540508,-0.016000000000000007,-0.22496149868535165,0.2802328425555495,-0.1302678108235602,0.04264178719576948,0.04622588190316533,0.9894822602200923,-0.016000000000000007,-0.22496149868535165,0.2802328425555495,-0.13026893575823298,0.043157447559181016,0.04555640256085713,0.9894908050519253,-0.015999997903831834,-0.22496149892913841,0.28023284241592966,-0.1302689357686509,0.043157447566705295,0.04555640241199568,0.9894908050570791,-0.015999363038072617,-0.22496094463795654,0.2802266441244925,-0.13020775006399277,0.04591217865655066,0.04198743925490246,0.9895327526762809,-0.015999363038072617,-0.22496094463795654,0.2802266441244925,-0.13020775006399277,0.04591217865655066,0.04198743925490246,0.9895327526762809,-0.061902723158546454,-0.5189832784289969,0.7788878193395906,-0.31665325443040254,0.5423089222359609,-0.21563184248754094,-0.05808235328518307,-0.5194986472414026,0.7792800495994461,-0.2980757310363754,0.5391124469630612,-0.1923814868113268,-0.05808235328518307,-0.5194986472414026,0.7792800495994461,-0.2980757310363754,0.5391124469630612,-0.1923814868113268,-0.03487094304799141,0.0044142432653715286,-0.003598640934219997,-0.17149571496582042,0.026717256341391958,-0.21394695107102732,0.001169231963309032,0.0022577313041508198,0.00027426082641826425,0.02174282213735825,0.019513414798989683,0.02150067739385674,0.3099999999999546,True,False,1,True,True,0.0036798999935854226,4,2.1149105634122343e-09,2.990079453163078e-10,`gtol` termination condition is satisfied.,True,True,0.009999999999999787,0.023274660459494834,1.0,6.255326529171615e-06,0.009018110475037765,6.255656366929563e-06,0.00901811071969612
14.869999999999727,1786132517.1035697,0.007299500008230098,0.006714500006637536,0.01,TELEOP,0,,0.0,14.869999999999727,1487,0.0,0.0,0.0,0.0,0.0659782795388312,0.10891326686755302,0.9918592475393538,2.1579262276601597e-44,4.5132552636220657e-36,9.101942694572828e-24,9.500125816228053e-11,0.07176137629318795,0.10316767360293931,0.9920719409376847,-0.016000000000000007,-0.22496149868535165,0.2802328425555495,-0.1302672304447738,0.042390868439679895,0.0465515177420396,0.9894778517688462,-0.016000000000000007,-0.22496149868535165,0.2802328425555495,-0.13026840029243164,0.042906577706396276,0.045882080523971115,0.9894867377391006,-0.01599999790688203,-0.22496149892957856,0.28023284241575724,-0.13026840030291797,0.04290657771391744,0.045882080375334984,0.9894867377442861,-0.015999346183006493,-0.22496094236779546,0.28022665021695375,-0.13020762577075543,0.04566171007175134,0.042313389484378044,0.9895304742628241,-0.015999346183006493,-0.22496094236779546,0.28022665021695375,-0.13020762577075543,0.04566171007175134,0.042313389484378044,0.9895304742628241,-0.06225007167334875,-0.518936455009809,0.7788520882200376,-0.3183410313449957,0.542598637968493,-0.21774473752860798,-0.05843094608526302,-0.519454279232084,0.7792440901035254,-0.2997885063423719,0.5393815648059506,-0.1945188008816812,-0.05843094608526302,-0.519454279232084,0.7792440901035254,-0.2997885063423719,0.5393815648059506,-0.1945188008816812,-0.034859280007996075,0.004436800931863897,-0.003595949592068665,-0.17127753059965503,0.026911784288936924,-0.21373140703544252,0.0011663039995338936,0.0022557666492368836,0.00026913421513321655,0.02181843661653929,0.01945279475449712,0.021554403558478784,0.31166666666662124,True,False,1,True,True,0.0034039000020129606,4,2.1119496971250116e-09,2.985707128775388e-10,`gtol` termination condition is satisfied.,True,True,0.009999999999999787,0.02325035567621414,1.0,6.251226363706256e-06,0.009018192692593756,6.25156165837082e-06,0.009018192936877552
14.879999999999727,1786132517.1111455,0.006938299993635155,0.007352000000537373,0.01,TELEOP,0,,0.0,14.879999999999727,1488,0.0,0.0,0.0,-3.469446951953615e-18,0.06539605347970905,0.1094910746341314,0.9918341901571766,1.9608046447171803e-44,4.100979806571074e-36,8.270501225994024e-24,8.631522619318311e-11,0.07117960919062215,0.1037461929733102,0.9920535220838719,-0.016000000000000007,-0.22496149868535165,0.2802328425555495,-0.13026662821716758,0.04213992596568046,0.04687713299329535,0.9894732773626917,-0.016000000000000007,-0.22496149868535165,0.2802328425555495,-0.13026784297750266,0.04265568404863522,0.04620773801321465,0.9894825044699042,-0.01599999790994161,-0.22496149893001113,0.28023284241559376,-0.13026784298805646,0.042655684056153234,0.046207737864804574,0.9894825044751212,-0.015999329447860502,-0.22496094009256998,0.2802266563117393,-0.1302074779051352,0.04541121519286698,0.042639319900184595,0.9895280302400435,-0.015999329447860502,-0.22496094009256998,0.2802266563117393,-0.1302074779051352,0.04541121519286698,0.042639319900184595,0.9895280302400435,-0.06259729866238586,-0.5188894075345288,0.778816386250186,-0.32002650576445574,0.5428902545577483,-0.2198553527891755,-0.05877942248934411,-0.5194096858367533,0.7792081570666165,-0.30149909203552205,0.5396526220629866,-0.19665395372330807,-0.05877942248934411,-0.5194096858367533,0.7792081570666165,-0.30149909203552205,0.5396526220629866,-0.19665395372330807,-0.03484764040810949,0.004459339533066313,-0.0035933036908819328,-0.17105856931501978,0.027105725703607277,-0.21351528416269336,0.0011639599886589108,0.0022538601202416308,0.000264590118673242,0.021896128463526576,0.019394141467035664,0.02161228727491568,0.3133333333332879,True,False,1,True,True,0.003747299997485243,4,2.108978418589498e-09,2.981319873609947e-10,`gtol` termination condition is satisfied.,True,True,0.009999999999999787,0.023225936646926792,1.0,6.247161094248039e-06,0.009018272474113994,6.247501784413051e-06,0.009018272718022162
14.889999999999727,1786132517.1183987,0.007583900005556643,0.0070210999983828515,0.01,TELEOP,0,,0.0,14.889999999999727,1489,0.0,0.0,0.0,-3.469446951953614e-18,0.06481378337785743,0.11006880866100333,0.9918084647976119,1.781689663651448e-44,3.726364761475198e-36,7.51501001758162e-24,7.842336431944026e-11,0.07059779414958563,0.10432464247288512,0.9920344351050107,-0.016000000000000007,-0.22496149868535165,0.2802328425555495,-0.13026600414088363,0.041888959816329306,0.04720272760128025,0.9894685370024014,-0.016000000000000007,-0.22496149868535165,0.2802328425555495,-0.13026726381359083,0.04240476662849822,0.04653337497291014,0.9894781052450496,-0.015999997913010412,-0.22496149893043565,0.28023284241543894,-0.130267263824211,0.04240476663601302,0.04653337482472688,0.9894781052502982,-0.015999312863932875,-0.22496093781177864,0.2802266623879157,-0.1302073056251494,0.045160693100627675,0.04296523079016542,0.9895254207465606,-0.015999312863932875,-0.22496093781177864,0.2802266623879157,-0.1302073056251494,0.045160693100627675,0.04296523079016542,0.9895254207465606,-0.06294440373878928,-0.5188421361367789,0.7787807135432859,-0.32170966781353455,0.5431837680005932,-0.2219636782677603,-0.05912778267398403,-0.5193648672403393,0.7791722500916491,-0.3032074801415903,0.5399256130620586,-0.1987869391374692,-0.05912778267398403,-0.5193648672403393,0.7791722500916491,-0.3032074801415903,0.5399256130620586,-0.1987869391374692,-0.03483601846399284,0.004481859641404128,-0.0035906974967324476,-0.17083881060683237,0.027299099907200152,-0.21329854141611632,0.001162194411664872,0.0022520108337815837,0.00026061941494854196,0.021975870818741427,0.019337420359287743,0.021674274657705838,0.3149999999999545,True,False,1,True,True,0.00356399999873247,4,2.105996843034426e-09,2.976916835866804e-10,`gtol` termination condition is satisfied.,True,True,0.009999999999999787,0.023201399065867434,1.0,6.24314716899569e-06,0.009018348124335938,6.243493182590353e-06,0.00901834836786739
14.899999999999727,1786132517.1267157,0.007247499990626238,0.008091199997579679,0.01,TELEOP,0,,0.0,14.899999999999727,1490,0.0,0.0,0.0,0.0,0.06423146962542171,0.11064646855907842,0.9917820714779852,1.6189364229195186e-44,3.385969936578242e-36,6.82853118827322e-24,7.125306114986843e-11,0.07001593156200661,0.10490302171207416,0.9920146800139504,-0.016000000000000007,-0.22496149868535165,0.2802328425555495,-0.1302653582160641,0.04163797003417492,0.04752830151034148,0.9894636306887766,-0.016000000000000007,-0.22496149868535165,0.2802328425555495,-0.13026666280084023,0.04215382548857282,0.0468589913473829,0.9894735400652799,-0.015999997916088266,-0.22496149893085252,0.28023284241529306,-0.13026666281152577,0.04215382549608433,0.046858991199427165,0.98947354007056,-0.01599929645972829,-0.22496093552493843,0.28022666842645283,-0.1302071081756978,0.04491014297774823,0.04329112240242015,0.9895226459052764,-0.01599929645972829,-0.22496093552493843,0.28022666842645283,-0.1302071081756978,0.04491014297774823,0.04329112240242015,0.9895226459052764,-0.06329138651640463,-0.5187946409501112,0.7787450702112398,-0.3233905077094498,0.5434791742794779,-0.22406970405556387,-0.059476026758809655,-0.5193198236221664,0.7791363688376485,-0.3049136624858186,0.5402005323196621,-0.20091775052349253,-0.059476026758809655,-0.5193198236221664,0.7791363688376485,-0.3049136624858186,0.5402005323196621,-0.20091775052349253,-0.034824408482563296,0.004504361817278832,-0.003588125400066758,-0.1706182344228321,0.027491925760363568,-0.21308113860233904,0.0011609981429541612,0.002250217587470519,0.00025720966656895427,0.022057618400026423,0.01928258531634202,0.021740281377728248,0.31666666666662113,True,False,1,True,True,0.0036453999928198755,4,2.1030051555570774e-09,2.972499401698946e-10,`gtol` termination condition is satisfied.,True,True,0.009999999999999787,0.023176739130291113,1.0,6.239199103111554e-06,0.009018418132349156,6.239550357759584e-06,0.009018418375502903
14.909999999999727,1786132517.1343324,0.008388400005060248,0.0073191999981645495,0.01,TELEOP,0,,0.0,14.909999999999727,1491,0.0,0.0,0.0,0.0,0.06364911261457683,0.11122405393931598,0.991755010216072,1.4710503152855378e-44,3.0766693937050244e-36,6.204760616437016e-24,6.473834370055582e-11,0.06943402181983546,0.1054813303013381,0.9919942568239912,-0.016000000000000007,-0.22496149868535165,0.2802328425555495,-0.13026469044285166,0.04138695666175683,0.047853854664825696,0.9894585584226475,-0.016000000000000007,-0.22496149868535165,0.2802328425555495,-0.13026603993939456,0.04190286067143451,0.04718458708096054,0.9894688089313668,-0.015999997919174898,-0.2249614989312616,0.280232842415156,-0.13026603995014444,0.04190286067894274,0.04718458693323302,0.9894688089366782,-0.015999280260971235,-0.2249609332315868,0.2802266744102101,-0.13020688488674653,0.04465956410638071,0.043616994946728216,0.9895197058238582,-0.015999280260971235,-0.2249609332315868,0.2802266744102101,-0.13020688488674653,0.04465956410638071,0.043616994946728216,0.9895197058238582,-0.06363824660978126,-0.5187469221080132,0.7787094563646131,-0.32506901576190694,0.5437764693626247,-0.22617342033649582,-0.05982415480775378,-0.5192745551561042,0.7791005130181963,-0.3066176306991118,0.5404773745352638,-0.20304638088993757,-0.05982415480775378,-0.5192745551561042,0.7791005130181963,-0.3066176306991118,0.5404773745352638,-0.20304638088993757,-0.0348128048944133,0.00452684660622312,-0.0035855819452246603,-0.17039682132932413,0.027684221560168372,-0.2128630366445075,0.001160358814999175,0.0022484788944288,0.0002543454842097794,0.022141309350798048,0.019229579980480808,0.02181019578315277,0.3183333333332878,True,False,1,True,True,0.003751600001123734,4,2.1000036123210733e-09,2.9680675004861793e-10,`gtol` termination condition is satisfied.,True,True,0.009999999999999787,0.023151953532071334,1.0,6.235329536766064e-06,0.009018481166376489,6.2356859412118235e-06,0.00901848140915162
14.919999999999726,1786132517.141942,0.007540000005974434,0.007388500001979992,0.01,TELEOP,0,,0.0,14.919999999999726,1492,0.0,0.0,0.0,0.0,0.06306671273752668,0.11180156441272568,0.9917272810300972,1.336673262436852e-44,2.79562274192168e-36,5.6379700474097695e-24,5.881927156979345e-11,0.06885206531504535,0.1060595678511882,0.9919731655488832,-0.016000000000000007,-0.22496149868535165,0.2802328425555495,-0.1302640008213896,0.04113591974160599,0.04817938700907865,0.9894533202048729,-0.016000000000000007,-0.22496149868535165,0.2802328425555495,-0.1302653952293974,0.041651872219647584,0.04751016211797241,0.9894639118441112,-0.015999997922270214,-0.22496149893166298,0.2802328424150278,-0.1302653952402108,0.04165187222715243,0.047510161970473835,0.989463911849454,-0.015999264290637437,-0.22496093093128314,0.28022668032391124,-0.1302066351710743,0.04440895586508857,0.043942848596121985,0.9895166005952896,-0.015999264290637437,-0.22496093093128314,0.28022668032391124,-0.1302066351710743,0.04440895586508857,0.043942848596121985,0.9895166005952896,-0.06398498363416226,-0.5186989797439044,0.7786738721126317,-0.32674518237311667,0.5440756492042124,-0.22827481738719255,-0.060172166830580395,-0.5192290620107403,0.779064682399632,-0.30831937622570005,0.5407561345847663,-0.20517282286818755,-0.060172166830580395,-0.5192290620107403,0.779064682399632,-0.30831937622570005,0.5407561345847663,-0.20517282286818755,-0.03480120228266253,0.00454931453639881,-0.0035830618564313176,-0.17017455265882828,0.027876004950257514,-0.2126441978250034,0.0011602611750773906,0.002246793017569086,0.0002520088793342575,0.02222686704958487,0.019178339008914653,0.02188388195041117,0.3199999999999544,True,False,1,True,True,0.0038658999983454123,4,2.096992299101747e-09,2.9636213548649986e-10,`gtol` termination condition is satisfied.,True,True,0.009999999999999787,0.02312703944655825,1.0,6.231549304408492e-06,0.009018536067745483,6.231910759294678e-06,0.00901853631014096
14.929999999999726,1786132517.1488929,0.007620499993208796,0.006718799995724112,0.01,TELEOP,0,,0.0,14.929999999999726,1493,0.0,0.0,0.0,-3.469446951953615e-18,0.06248427038650415,0.11237899959036758,0.991698883938736,1.2145712433818225e-44,2.5402490534538737e-36,5.122954489377662e-24,5.344138400851985e-11,0.06827006243963298,0.1066377339721862,0.9919514062028271,-0.016000000000000007,-0.22496149868535165,0.2802328425555495,-0.1302632893518224,0.04088485931624522,0.04850489848744502,0.9894479160363404,-0.016000000000000007,-0.22496149868535165,0.2802328425555495,-0.13026472867099265,0.041400860175765726,0.04783571640274907,0.9894588488043428,-0.015999997925374,-0.22496149893205655,0.2802328424149084,-0.13026472868186822,0.04140086018326715,0.0478357162554801,0.9894588488097169,-0.01599924856900164,-0.22496092862360983,0.2802266861541073,-0.13020635852163423,0.044158317725403476,0.04426868348858518,0.9895133302984783,-0.01599924856900164,-0.22496092862360983,0.2802266861541073,-0.13020635852163423,0.044158317725403476,0.04426868348858518,0.9895133302984783,-0.06433159720547282,-0.5186508139911389,0.7786383175631849,-0.32841899803780217,0.544376709744557,-0.23037388557702643,-0.06052006278466377,-0.519183344349576,0.7790288767990283,-0.3100188903321011,0.5410368075131978,-0.20729706872817252,-0.06052006278466377,-0.519183344349576,0.7790288767990283,-0.3100188903321011,0.5410368075131978,-0.20729706872817252,-0.03478959540833817,0.0045717661164220895,-0.0035805600603725208,-0.16995141064010796,0.028067292843146217,-0.21242458599850234,0.001160687432435736,0.0022451580023279344,0.0002501796058796812,0.02231420187203288,0.01912878928887072,0.021961182650106586,0.321666666666621,True,False,1,True,True,0.0033955999970203266,4,2.0939714135186566e-09,2.959160559658588e-10,`gtol` termination condition is satisfied.,True,True,0.009999999999999787,0.023101994519004992,1.0,6.227867512144162e-06,0.009018581844158996,6.228233911166806e-06,0.009018582086173954
14.939999999999726,1786132517.156253,0.006936299992958084,0.007143099996028468,0.01,TELEOP,0,,0.0,14.939999999999726,1494,0.0,0.0,0.0,0.0,0.0619017859537707,0.11295635908335239,0.9916698189611128,1.1036229620997285e-44,2.3082031623257127e-36,4.654984414522071e-24,4.855520068587811e-11,0.06768801358561906,0.10721582827494423,0.9919289788004738,-0.016000000000000007,-0.22496149868535165,0.2802328425555495,-0.13026255603429562,0.04063377542818957,0.048830389044268126,0.9894423459179665,-0.016000000000000007,-0.22496149868535165,0.2802328425555495,-0.1302640402643249,0.0411498245823327,0.04816124987962192,0.98945361981292,-0.015999997928486043,-0.22496149893244233,0.28023284241479784,-0.13026404027526203,0.04114982458983073,0.048161249732583275,0.9894536198183252,-0.01599923311370037,-0.22496092630817355,0.2802266918891312,-0.13020605450857825,0.04390764924802384,0.044594499728852155,0.9895098949989106,-0.01599923311370037,-0.22496092630817355,0.2802266918891312,-0.13020605450857825,0.04390764924802384,0.044594499728852155,0.9895098949989106,-0.06467808694031014,-0.518602424983003,0.778602792822827,-0.33009045334319853,0.5446796469103027,-0.2324706153681062,-0.06086784257698774,-0.519137402331241,0.7789930960819735,-0.3117161641172125,0.5413193885267399,-0.20941911039593605,-0.06086784257698774,-0.519137402331241,0.7789930960819735,-0.3117161641172125,0.5413193885267399,-0.20941911039593605,-0.03477797923239775,0.0045942018335070585,-0.003578071705481313,-0.16972737851113884,0.028258101354206845,-0.21220416677635887,0.001161617594042097,0.0022435717084969796,0.00024883548912076016,0.022403212896912376,0.01908085110606334,0.02204192221434721,0.3233333333332877,True,False,1,True,True,0.0033310999860987067,4,2.0909411587128735e-09,2.954685946971677e-10,`gtol` termination condition is satisfied.,True,True,0.009999999999999787,0.023076816848853904,1.0,6.224291621206085e-06,0.009018617662375468,6.224662851888759e-06,0.00901861790400902
14.949999999999726,1786132517.1633534,0.007381000003078952,0.00686209999548737,0.01,TELEOP,0,,0.0,14.949999999999726,1495,0.0,0.0,0.0,3.469446951953615e-18,0.06131925983161609,0.1135336425028419,0.9916400861168027,1.0028095503747106e-44,2.0973541280633187e-36,4.2297623264804234e-24,4.411576491484063e-11,0.06710591914504889,0.10779385037012475,0.9919058833569249,-0.016000000000000007,-0.22496149868535165,0.2802328425555495,-0.13026180086895642,0.04038266811994669,0.049155858623889784,0.9894366098506961,-0.016000000000000007,-0.22496149868535165,0.2802328425555495,-0.13026333000953955,0.04089876548188284,0.04848676249292274,0.98944822487073,-0.015999997931606207,-0.22496149893282036,0.28023284241469604,-0.13026333002053708,0.04089876548937733,0.04848676234611502,0.9894482248761665,-0.015999217939808023,-0.22496092398460552,0.2802266975190428,-0.13020572277599216,0.04365695007871094,0.04492029739028546,0.9895062947493436,-0.015999217939808023,-0.22496092398460552,0.2802266975190428,-0.13020572277599216,0.04365695007871094,0.04492029739028546,0.9895062947493436,-0.06502445245593305,-0.5185538128527188,0.7785672979967837,-0.331759538969048,0.5449844566146007,-0.23456499731527472,-0.06121550606633294,-0.5190912361097219,0.7789573401601928,-0.31341118852336897,0.541603872984208,-0.21153893947277025,-0.06121550606633294,-0.5190912361097219,0.7789573401601928,-0.31341118852336897,0.541603872984208,-0.21153893947277025,-0.03476634893452107,0.0046166221519107105,-0.003575592178073032,-0.16950244061565192,0.028448445746815175,-0.21198290768342526,0.0011630297876679663,0.0022420318403652325,0.00024795274082813285,0.022493789548691988,0.019034439260833473,0.0221259092933609,0.32499999999995427,True,False,1,True,True,0.003475399993476458,4,2.087901666003837e-09,2.95019819715508e-10,`gtol` termination condition is satisfied.,True,True,0.009999999999999787,0.02305150497217015,1.0,6.220827536946666e-06,0.00901864284039753,6.221203481655312e-06,0.009018643081648785
14.959999999999726,1786132517.170228,0.0071278000104939565,0.006608700001379475,0.01,TELEOP,0,,0.0,14.959999999999726,1496,0.0,0.0,0.0,-3.469446951953615e-18,0.06073669241235823,0.11411084946004903,0.9916096854258296,9.112052112520799e-45,1.9057656666894005e-36,3.843383295269303e-24,4.008222924303372e-11,0.06652377950999268,0.1083717998684405,0.9918821198877317,-0.016000000000000007,-0.22496149868535165,0.2802328425555495,-0.13026102385595362,0.04013153743401712,0.04948130717065016,0.989430707835503,-0.016000000000000007,-0.22496149868535165,0.2802328425555495,-0.13026259790678324,0.04064768291694163,0.04881225418698335,0.989442663978689,-0.015999997934734278,-0.22496149893319076,0.280232842414603,-0.13026259791784017,0.040647682924432556,0.04881225404040724,0.9894426639841566,-0.015999203059924843,-0.2249609216525618,0.2802267030355668,-0.13020536303838784,0.04340621994393695,0.04524607651681131,0.9895025295905286,-0.015999203059924843,-0.2249609216525618,0.2802267030355668,-0.13020536303838784,0.04340621994393695,0.04524607651681131,0.9895025295905286,-0.06537069337025166,-0.5185049777334413,0.7785318331889481,-0.33342624568758644,0.545291134757295,-0.23665702206609657,-0.061563053065621036,-0.5190448458346052,0.778921608989038,-0.31510395434820837,0.5418902563880891,-0.21365654725565525,-0.061563053065621036,-0.5190448458346052,0.778921608989038,-0.31510395434820837,0.5418902563880891,-0.21365654725565525,-0.034754699928810084,0.004639027511668546,-0.003573117115486849,-0.16927658248394306,0.0286383403881132,-0.2117607782885053,0.0011649005710981607,0.0022405359757835582,0.0002475062586183064,0.022585813170885687,0.01898946412980275,0.02221293949199385,0.3266666666666209,True,False,1,True,True,0.0033524000027682632,4,2.084853152239049e-09,2.945696760847851e-10,`gtol` termination condition is satisfied.,True,True,0.009999999999999787,0.02302605784250447,1.0,6.217479701412561e-06,0.009018656839266882,6.217860238196864e-06,0.009018657080135021
14.969999999999725,1786132517.1783886,0.006823699994129129,0.007945599994855002,0.01,TELEOP,0,,0.0,14.969999999999725,1497,0.0,0.0,0.0,-3.469446951953614e-18,0.06015408408834276,0.1146879795662383,0.9915786169086679,8.279687171933085e-45,1.7316783693013274e-36,3.492299097251296e-24,3.641748263626815e-11,0.0659415950725459,0.1089496763806547,0.9918576884088962,-0.016000000000000007,-0.22496149868535165,0.2802328425555495,-0.13026022499543793,0.039880383412894564,0.04980673462888757,0.9894246398733892,-0.016000000000000007,-0.22496149868535165,0.2802328425555495,-0.130261843956204,0.04039657693002609,0.04913772490613529,0.9894369371377415,-0.015999997937870096,-0.22496149893355336,0.2802328424145186,-0.13026184396731944,0.04039657693751344,0.04913772475979141,0.9894369371432402,-0.015999188484275322,-0.22496091931172316,0.2802267084320243,-0.13020497507699574,0.043155458646335916,0.04557183712489284,0.9894985995519577,-0.015999188484275322,-0.22496091931172316,0.2802267084320243,-0.13020497507699574,0.043155458646335916,0.04557183712489284,0.9894985995519577,-0.06571680930181753,-0.5184559197582626,0.7784963985018891,-0.3350905643635236,0.5455996772251043,-0.2387466803608407,-0.06191048334438649,-0.5189982316513292,0.7788859025648741,-0.31679445225719527,0.5421785343752371,-0.2157719247587525,-0.06191048334438649,-0.5189982316513292,0.7788859025648741,-0.31679445225719527,0.5421785343752371,-0.2157719247587525,-0.0347430278765457,0.00466141832760078,-0.003570642416382966,-0.16904979089869449,0.028827798714808762,-0.21153775030973088,0.0011672052264385716,0.002239081593223514,0.0002474699103882924,0.022679158524858044,0.018945832669556555,0.02230279787744302,0.32833333333328757,True,False,1,True,True,0.004288500000257045,4,2.081795753933421e-09,2.9411820868924025e-10,`gtol` termination condition is satisfied.,True,True,0.009999999999999787,0.023000474810441318,1.0,6.214251188103869e-06,0.0090186592545577,6.214636191683325e-06,0.00901865949504194
14.979999999999725,1786132517.1851451,0.008165999999619089,0.006536100001540035,0.01,TELEOP,0,,0.0,14.979999999999725,1498,0.0,0.0,0.0,-6.93889390390723e-18,0.05957143525194299,0.11526503243272584,0.9915468805862415,7.523356848549499e-45,1.5734935449410793e-36,3.1732856308331445e-24,3.30878060546139e-11,0.06535936622482966,0.1095274795175809,0.9918325889368702,-0.016000000000000007,-0.22496149868535165,0.2802328425555495,-0.13025940428756205,0.0396292060990662,0.050132140942938455,0.9894184059653857,-0.016000000000000007,-0.22496149868535165,0.2802328425555495,-0.13026106815795144,0.040145447563645235,0.04946317459470955,0.9894310443488609,-0.01599999794101342,-0.2249614989339083,0.280232842414443,-0.13026106816912422,0.040145447571128985,0.04946317444859852,0.9894310443543906,-0.015999174220815492,-0.22496091696179535,0.28022671370325763,-0.13020455873589715,0.04290466606000518,0.0458975792055234,0.9894945046526243,-0.015999174220815492,-0.22496091696179535,0.28022671370325763,-0.13020455873589715,0.04290466606000518,0.0458975792055234,0.9894945046526243,-0.06606279986981298,-0.5184066390602085,0.7784609940368507,-0.33675248595401347,0.5459100798918074,-0.24083396303245275,-0.062257796631348054,-0.5189513937014434,0.7788502209223904,-0.31848267279666115,0.5424687027073213,-0.2178850627357146,-0.062257796631348054,-0.5189513937014434,0.7788502209223904,-0.31848267279666115,0.5424687027073213,-0.2178850627357146,-0.03473132869615751,0.004683794988579005,-0.003568164248367344,-0.1688220539465937,0.029016833208415173,-0.2113137976962118,0.0011699180388189772,0.002237666097822501,0.0002478168015622234,0.022773695210078864,0.018903449360641526,0.0223952613519073,0.32999999999995416,True,False,1,True,True,0.0033014999935403466,4,2.078729711421995e-09,2.936654444746622e-10,`gtol` termination condition is satisfied.,True,True,0.009999999999999787,0.022974755602088198,1.0,6.211143799538843e-06,0.009018649807652795,6.21153314188623e-06,0.009018650047752375
14.989999999999725,1786132517.193627,0.006751399996574037,0.008267199998954311,0.01,TELEOP,0,,0.0,14.989999999999725,1499,0.0,0.0,0.0,-3.469446951953614e-18,0.058988746295559294,0.11584200767088002,0.9915144764799241,6.836115555486845e-45,1.4297585393817546e-36,2.8834133086647007e-24,3.0062564403457975e-11,0.06477709335899078,0.11010520889008321,0.9918068214885557,-0.016000000000000007,-0.22496149868535165,0.2802328425555495,-0.13025856173248093,0.039378005535012806,0.05045752605713708,0.9894120061125513,-0.016000000000000007,-0.22496149868535165,0.2802328425555495,-0.13026027051217695,0.039894294860300425,0.049788603197036284,0.9894249856130489,-0.015999997944164082,-0.2249614989342555,0.2802328424143763,-0.1302602705234061,0.0398942948677805,0.04978860305115868,0.9894249856186096,-0.01599916027534774,-0.22496091460250814,0.28022671884555167,-0.13020411391803985,0.04265384212570326,0.04622330272622372,0.9894902449017947,-0.01599916027534774,-0.22496091460250814,0.28022671884555167,-0.13020411391803985,0.04265384212570326,0.04622330272622372,0.9894902449017947,-0.06640866469404146,-0.5183571357722411,0.7784256198937549,-0.33841200150862166,0.5462223386184238,-0.24291886100652396,-0.06260499261705375,-0.518904332122873,0.7788145641318593,-0.32016860640722683,0.5427607572611144,-0.21999595170258823,-0.06260499261705375,-0.518904332122873,0.7788145641318593,-0.32016860640722683,0.5427607572611144,-0.21999595170258823,-0.03471959857057036,0.004706157857032361,-0.00356567905311139,-0.16859336105657236,0.029205455379312906,-0.21108889668736733,0.0011730125587152674,0.002236286845335598,0.00024851952559541517,0.02286928900213393,0.018862217089773578,0.022490100884447566,0.3316666666666208,True,False,1,True,True,0.004972700000507757,4,2.0756551595747123e-09,2.9321147030375204e-10,`gtol` termination condition is satisfied.,True,True,0.009999999999999787,0.022948900296738156,1.0,6.208158163797788e-06,0.009018628336883074,6.2085517149293e-06,0.009018628576597215
14.999999999999725,1786132517.2004132,0.008487099999911152,0.006565999996382743,0.01,TELEOP,0,,0.0,14.999999999999725,1500,0.0,0.0,0.0,0.0,0.058406017611619315,0.11641890489212127,0.9914814046115391,6.211652169201468e-45,1.2991533950090626e-36,2.620020154442215e-24,2.7313923177266566e-11,0.06419477686720201,0.11068286410907625,0.9917803860813048,-0.016000000000000007,-0.22496149868535165,0.2802328425555495,-0.13025769733035178,0.03912678176320896,0.05078288991581558,0.9894054403159743,-0.016000000000000007,-0.22496149868535165,0.2802328425555495,-0.1302594510190339,0.03964311886248565,0.050114010657444565,0.9894187609313362,-0.015999997947321994,-0.224961498934595,0.280232842414318,-0.1302594510303186,0.03964311886996206,0.05011401051180103,0.9894187609369277,-0.01599914665164197,-0.2249609122336157,0.2802267238565514,-0.1302036405811698,0.042402986845985625,0.04654900763302715,0.9894858202997804,-0.01599914665164197,-0.2249609122336157,0.2802267238565514,-0.1302036405811698,0.042402986845985625,0.04654900763302715,0.9894858202997804,-0.0667544033949185,-0.5183074100272592,0.7783902761712067,-0.3400691021692841,0.5465364492533985,-0.24500136530125263,-0.06295207095657471,-0.5188570470501862,0.778778932296368,-0.32185224343748187,0.5430546940187045,-0.222104581961102,-0.06295207095657471,-0.5188570470501862,0.778778932296368,-0.32185224343748187,0.5430546940187045,-0.222104581961102,-0.034707833952095576,0.004728507268678132,-0.0035631835491386605,-0.16836370302550888,0.029393675759011906,-0.21086302585138145,0.0011764618474786187,0.0022349411645771647,0.0002495503972729579,0.022965803106348114,0.018822037969900368,0.02258708359858877,0.33333333333328746,True,False,1,True,True,0.0033410999894840643,4,2.0725722189660387e-09,2.9275619614100977e-10,`gtol` termination condition is satisfied.,True,True,0.009999999999999787,0.02292290930393573,1.0,6.205293830052274e-06,0.009018594788605012,6.205691459288453e-06,0.009018595027932971
15.009999999999724,1786132517.209228,0.006812699997681193,0.008568300007027574,0.01,TELEOP,0,,0.0,15.009999999999724,1501,0.0,0.0,0.0,0.0,0.05782324959257737,0.11699572370792265,0.9914476650033596,5.644232072726781e-45,1.1804787292918699e-36,2.3806873572565763e-24,2.481659203221881e-11,0.06361241714166228,0.11126044478552545,0.9917532827329195,-0.016000000000000007,-0.22496149868535165,0.2802328425555495,-0.13025681108133447,0.03887553482612342,0.05110823246330388,0.9893987085767706,-0.016000000000000007,-0.22496149868535165,0.2802328425555495,-0.13025860967867786,0.03939191961268794,0.05043939692026227,0.9894123703047814,-0.015999997950486875,-0.22496149893492695,0.2802328424142687,-0.13025860969001693,0.03939191962016062,0.050439396774853304,0.9894123703104037,-0.015999133351561487,-0.2249609098548948,0.2802267287351746,-0.13020313873371514,0.04215210028031749,0.04687469385244056,0.9894812308387092,-0.015999133351561487,-0.2249609098548948,0.2802267287351746,-0.13020313873371514,0.04215210028031749,0.04687469385244056,0.9894812308387092,-0.06710001559345995,-0.5182574619580981,0.7783549629664939,-0.34172377917025615,0.5468524076327804,-0.24708146702739514,-0.06329903127222505,-0.5188095386148616,0.7787433255490434,-0.32353357415780437,0.5433505090577043,-0.22421094362214444,-0.06329903127222505,-0.5188095386148616,0.7787433255490434,-0.32353357415780437,0.5433505090577043,-0.22421094362214444,-0.034696031565035694,0.0047508435324605984,-0.0035606747324563393,-0.16813307203225417,0.029581503899980273,-0.21063616610424768,0.0011802387059881246,0.0022336263782467194,0.0002508816682321331,0.023063099325471015,0.018782814096837023,0.02268597471337721,0.33499999999995406,True,False,1,True,True,0.005214299992076121,4,2.069481134504341e-09,2.9229979510887127e-10,`gtol` termination condition is satisfied.,True,True,0.009999999999999787,0.022896783340150634,1.0,6.202549367118915e-06,0.009018549208282527,6.202950942806376e-06,0.009018549447223715
15.019999999999724,1786132517.2167928,0.008820500006549992,0.0073118000000249594,0.01,TELEOP,0,,0.0,15.019999999999724,1502,0.0,0.0,0.0,0.0,0.05724044263091418,0.11757246372981008,0.9914132576781085,5.128644493127348e-45,1.0726447205264986e-36,2.1632170589954534e-24,2.2547593647856065e-11,0.06303001457459668,0.11183795053044703,0.9917255114616521,-0.016000000000000007,-0.22496149868535165,0.2802328425555495,-0.13025590298559128,0.038624264766219,0.05143355364392949,0.989391810896085,-0.016000000000000007,-0.22496149868535165,0.2802328425555495,-0.13025774649126667,0.03914069715338751,0.050764761929815765,0.9894058137344721,-0.0159999979536586,-0.22496149893525114,0.28023284241422775,-0.13025774650265926,0.03914069716085639,0.05076476178464194,0.9894058137401254,-0.015999120375192657,-0.22496090746614533,0.2802267334815253,-0.1302026084306557,0.04190118254019992,0.04720036129336778,0.989476476503288,-0.015999120375192657,-0.22496090746614533,0.2802267334815253,-0.1302026084306557,0.04190118254019992,0.04720036129336778,0.989476476503288,-0.06744550091127444,-0.518207291697532,0.778319680375594,-0.3433760238380598,0.5471702095804084,-0.24915915738821537,-0.06364587315628682,-0.5187618069455547,0.7787077440502913,-0.3252125887742129,0.5436481985415285,-0.22631502662925326,-0.06364587315628682,-0.5187618069455547,0.7787077440502913,-0.3252125887742129,0.5436481985415285,-0.22631502662925326,-0.034684188406178124,0.0047731669306788635,-0.0035581498752026127,-0.16790146164085484,0.029768948382415304,-0.21040830071088742,0.0011843158857569847,0.002232339821826553,0.00025248572537268677,0.023161039139934135,0.018744448243503537,0.022786539336027332,0.3366666666666207,True,False,1,True,True,0.003534200004651211,4,2.0663820432158706e-09,2.9184225264310876e-10,`gtol` termination condition is satisfied.,True,True,0.009999999999999787,0.022870523405250698,1.0,6.199922453523203e-06,0.009018491731638613,6.200327844895812e-06,0.009018491970192251
15.029999999999724,1786132517.2248478,0.007569699999294244,0.007797400001436472,0.01,TELEOP,0,,0.0,15.029999999999724,1503,0.0,0.0,0.0,-3.469446951953615e-18,0.056657597119136725,0.11814912456936247,0.9913781826589583,4.660154649555055e-45,9.746610997078762e-37,1.965612170815006e-24,2.0486050965958132e-11,0.0624475695582565,0.11241538095490823,0.9916970722862046,-0.016000000000000007,-0.22496149868535165,0.2802328425555495,-0.13025497304328706,0.038372971625952906,0.05175885340201761,0.9893847472750906,-0.016000000000000007,-0.22496149868535165,0.2802328425555495,-0.13025686145696047,0.03888945152705809,0.05109010563042986,0.9893990912215245,-0.015999997956836955,-0.2249614989355678,0.28023284241419566,-0.13025686146840557,0.03888945153452315,0.0510901054854918,0.9893990912272085,-0.015999107720977065,-0.22496090506718858,0.2802267380968034,-0.130202049769405,0.04165023378434123,0.047526009848985355,0.9894715572715516,-0.015999107720977065,-0.22496090506718858,0.2802267380968034,-0.130202049769405,0.04165023378434123,0.047526009848985355,0.9894715572715516,-0.06779085897055231,-0.5181568993782711,0.7782844284931713,-0.34502582759142103,0.5474898509080883,-0.251234427679424,-0.06399259617372029,-0.5187138521683619,0.7786721879850664,-0.3268892774421513,0.5439477587098017,-0.22841682078195144,-0.06399259617372029,-0.5187138521683619,0.7786721879850664,-0.3268892774421513,0.5439477587098017,-0.22841682078195144,-0.03467230174334765,0.004795477719291456,-0.00355560652249132,-0.16766886679384482,0.029956016827325044,-0.21017941526982092,0.0011886662830473682,0.002231078861259254,0.00025433527112927144,0.023259484701002496,0.018706844490974362,0.022888544106649627,0.33833333333328736,True,False,1,True,True,0.003547400003299117,4,2.063275134814822e-09,2.9138336990357e-10,`gtol` termination condition is satisfied.,True,True,0.009999999999999787,0.022844130758962106,1.0,6.197409972225487e-06,0.00901842257592972,6.1978190487612605e-06,0.009018422814095059
15.039999999999724,1786132517.231852,0.008031200006371364,0.006770599997253157,0.01,TELEOP,0,,0.0,15.039999999999724,1504,0.0,0.0,0.0,0.0,0.056074713449778046,0.11872570583821206,0.9913424399695312,4.234460272469961e-45,8.856280566201684e-37,1.786058033330349e-24,1.8612996872404385e-11,0.06186508248491933,0.11299273567002747,0.991667965225729,-0.016000000000000007,-0.22496149868535165,0.2802328425555495,-0.1302540212545898,0.038121655447776806,0.052084131681890855,0.989377517714989,-0.016000000000000007,-0.22496149868535165,0.2802328425555495,-0.13025595457592207,0.0386381827761671,0.05141542796642759,0.9893922027670827,-0.015999997960021762,-0.22496149893587675,0.28023284241417207,-0.13025595458741865,0.038638182783628364,0.05141542782172577,0.9893922027727974,-0.01599909538584508,-0.2249609026578666,0.2802267425832144,-0.130201462885734,0.04139925421390459,0.04785163939856121,0.9894664731155965,-0.01599909538584508,-0.2249609026578666,0.2802267425832144,-0.130201462885734,0.04139925421390459,0.04785163939856121,0.9894664731155965,-0.06813608939405691,-0.5181062851329667,0.778249207412589,-0.34667318194119817,0.5478113274157791,-0.2533072692891094,-0.0643391998648422,-0.5186656744070781,0.7786366575601903,-0.328563630280116,0.5442491858689548,-0.23051631575878,-0.0643391998648422,-0.5186656744070781,0.7786366575601903,-0.328563630280116,0.5442491858689548,-0.23051631575878,-0.034660369112191336,0.00481777612837488,-0.0035530424876152873,-0.16743528379647366,0.030142715915310016,-0.20994949768286222,0.0011932631156316247,0.0022298409083425143,0.00025640348760325117,0.023358299737117942,0.018669908798497663,0.02299175869587116,0.33999999999995395,True,False,1,True,True,0.0034607999987201765,4,2.0601605858720834e-09,2.909234818772328e-10,`gtol` termination condition is satisfied.,True,True,0.009999999999999787,0.02281760689747256,1.0,6.195008097006163e-06,0.00901834203139697,6.195420729941495e-06,0.009018342269173514
15.049999999999724,1786132517.2397738,0.006988899986026809,0.007703800001763739,0.01,TELEOP,0,,0.0,15.049999999999724,1505,0.0,0.0,0.0,0.0,0.055491792015396814,0.11930220714804472,0.9913060296338992,3.847652094730026e-45,8.047279766350545e-37,1.6229057521053074e-24,1.691119748577219e-11,0.06128255374688903,0.11357001428697448,0.9916381902998271,-0.016000000000000007,-0.22496149868535165,0.2802328425555495,-0.13025304761966994,0.037870316274137006,0.05240938842786945,0.9893701222170102,-0.016000000000000007,-0.22496149868535165,0.2802328425555495,-0.1302550258483168,0.03838689094317588,0.05174072888213013,0.9893851483723197,-0.01599999796321285,-0.22496149893617823,0.2802328424141571,-0.1302550258598638,0.038386890950633246,0.05174072873766505,0.989385148378065,-0.01599908336534976,-0.22496090023804174,0.2802267469438799,-0.13020084794976064,0.041148244067857005,0.0481772498092079,0.9894612240022934,-0.01599908336534976,-0.22496090023804174,0.2802267469438799,-0.13020084794976064,0.041148244067857005,0.0481772498092079,0.9894612240022934,-0.06848119180511485,-0.518055449094207,0.7782140172259012,-0.3483180784903104,0.5481346348917675,-0.2553776736976687,-0.06468568374795584,-0.5186172737834509,0.7786011530017324,-0.3302356373830433,0.544552476383059,-0.23261350113989293,-0.06468568374795584,-0.5186172737834509,0.7786011530017324,-0.3302356373830433,0.544552476383059,-0.23261350113989293,-0.034648388311364735,0.004840062362726374,-0.0035504558457925346,-0.16720071029273587,0.03032905141043191,-0.2097185381112964,0.001198080082660466,0.0022286234351494498,0.00025866418227527016,0.02345735037378056,0.018633549512189936,0.023095957156583684,0.3416666666666206,True,False,1,True,True,0.0037603999953716993,4,2.057038575592818e-09,2.90462510539653e-10,`gtol` termination condition is satisfied.,True,True,0.009999999999999787,0.022790953530329394,1.0,6.192712379071256e-06,0.009018250452937965,6.193128441359215e-06,0.009018250690325039
15.059999999999723,1786132517.24692,0.008037800012971275,0.006811900006141514,0.01,TELEOP,0,,0.0,15.059999999999723,1506,0.0,0.0,0.0,0.0,0.054908833208577076,0.11987862811060017,0.9912689516765837,3.4961779517286467e-45,7.312179323344184e-37,1.4746570554067446e-24,1.5364994758286513e-11,0.06069998373649569,0.11414721641697052,0.991607747528551,-0.016000000000000007,-0.22496149868535165,0.2802328425555495,-0.1302520521387011,0.03761895414747436,0.05273462358427093,0.9893625607824124,-0.016000000000000007,-0.22496149868535165,0.2802328425555495,-0.13025407527431282,0.03813557607053979,0.05206600832185664,0.9893779280384367,-0.015999997966410072,-0.22496149893647202,0.28023284241415075,-0.13025407528590946,0.03813557607799318,0.05206600817762883,0.9893779280442128,-0.015999071653800247,-0.22496089780759526,0.2802267511827474,-0.1302002051620263,0.040897203618445205,0.048502840937564,0.9894558098939755,-0.015999071653800247,-0.22496089780759526,0.2802267511827474,-0.1302002051620263,0.040897203618445205,0.048502840937564,0.9894558098939755,-0.06882616582760732,-0.5180043913945229,0.7781788580238662,-0.349960508933653,0.5484597691128524,-0.257445632477725,-0.06503204732191871,-0.5185686504174251,0.7785656745524663,-0.33190528883538367,0.5448576266649449,-0.23470836642909249,-0.06503204732191871,-0.5185686504174251,0.7785656745524663,-0.33190528883538367,0.5448576266649449,-0.23470836642909249,-0.03463635739628676,0.0048623366025880525,-0.0035478449266057727,-0.1669651452340424,0.030515028188585775,-0.20948652891996064,0.0012030915077977193,0.0022274239861678705,0.0002610919186762155,0.023556505869347377,0.018597677815386834,0.023200919133575804,0.34333333333328725,True,False,1,True,True,0.003472699987469241,4,2.0539092159379342e-09,2.9000040165753595e-10,`gtol` termination condition is satisfied.,True,True,0.009999999999999787,0.02276417255777574,1.0,6.190517828620611e-06,0.009018148252038677,6.190937195475107e-06,0.009018148489035566
15.069999999999723,1786132517.254526,0.007038499999907799,0.00737910000316333,0.01,TELEOP,0,,0.0,15.069999999999723,1507,0.0,0.0,0.0,-3.469446951953614e-18,0.05432583742192813,0.12045496833767222,0.9912312061225558,3.1768101609018195e-45,6.644228610059871e-37,1.3399505351680978e-24,1.39601621414057e-11,0.06011737284609555,0.11472434167128856,0.9915766369324023,-0.016000000000000007,-0.22496149868535165,0.2802328425555495,-0.13025103481186,0.037367569110224694,0.05305983709541031,0.9893548334124824,-0.016000000000000007,-0.22496149868535165,0.2802328425555495,-0.1302531028540811,0.03788423820070848,0.05239126622992422,0.9893705417666636,-0.015999997969613246,-0.22496149893675832,0.2802328424141529,-0.13025310286572614,0.03788423820815783,0.05239126608593413,0.9893705417724701,-0.01599906024439373,-0.22496089536642624,0.2802267553045023,-0.13019953474968096,0.04064613316681777,0.048828412631397325,0.9894502307491014,-0.01599906024439373,-0.22496089536642624,0.2802267553045023,-0.13019953474968096,0.04064613316681777,0.048828412631397325,0.9894502307491014,-0.0691710110859598,-0.5179531121663842,0.778143729895944,-0.35160046505800785,0.5487867258445234,-0.2595111372940401,-0.06537829006863495,-0.5185198044273802,0.7785302224694132,-0.33357257472379725,0.5451646331676429,-0.23680090107519866,-0.06537829006863495,-0.5185198044273802,0.7785302224694132,-0.33357257472379725,0.5451646331676429,-0.23680090107519866,-0.03462427467162473,0.004884599004484104,-0.003545208305306842,-0.1667285888413612,0.03070065026979981,-0.20925346461062197,0.0012082724662028366,0.0022262401896052135,0.00026366212989304327,0.023655639268118738,0.01856220812140397,0.023306430933867316,0.34499999999995384,True,False,1,True,True,0.003997000007075258,4,2.0507727090349733e-09,2.8953727592478154e-10,`gtol` termination condition is satisfied.,True,True,0.009999999999999787,0.02273726604863252,1.0,6.188418992895127e-06,0.00901803588900053,6.188841542369796e-06,0.00901803612560666
15.079999999999723,1786132517.2620456,0.007637599992449395,0.007260899990797043,0.01,TELEOP,0,,0.0,15.079999999999723,1508,0.0,0.0,0.0,0.0,0.053742805048084166,0.12103122744110906,0.9911927929972364,2.8866158810420693e-45,6.037293653590037e-37,1.217549144809157e-24,1.2683774752611336e-11,0.05953472146807095,0.11530138966125347,0.9915448585323324,-0.016000000000000007,-0.22496149868535165,0.2802328425555495,-0.13024999563932613,0.037116161204818546,0.05338502890559997,0.9893469401085353,-0.016000000000000007,-0.22496149868535165,0.2802328425555495,-0.13025210858779543,0.0376328773761259,0.05271650255064773,0.9893629895582583,-0.015999997972822127,-0.2249614989370371,0.28023284241416374,-0.1302521085994879,0.03763287738357127,0.05271650240689582,0.9893629895640953,-0.01599904912934508,-0.22496089291445137,0.280226759314481,-0.1301988369627934,0.040395033038812804,0.04915396473112576,0.9894444865228875,-0.01599904912934508,-0.22496089291445137,0.280226759314481,-0.1301988369627934,0.040395033038812804,0.04915396473112576,0.9894444865228875,-0.06951572720513342,-0.517901611542203,0.7781086329303026,-0.35323793874194787,0.5491155008411391,-0.26157417990342136,-0.06572441145546164,-0.5184707359303588,0.7784947970214818,-0.33523748514941354,0.5454734923761819,-0.23889109449265863,-0.06572441145546164,-0.5184707359303588,0.7784947970214818,-0.33523748514941354,0.5454734923761819,-0.23889109449265863,-0.03461213868266883,0.00490684970215013,-0.0035425447931358095,-0.16649104256163016,0.03088592085391113,-0.20901934174600256,0.0012135988955899158,0.0022250697666026937,0.0002663512171032661,0.023754627973106523,0.018527058411132367,0.02341228646194025,0.3466666666666205,True,False,1,True,True,0.0035358000022824854,4,2.0476292758235593e-09,2.89073173692517e-10,`gtol` termination condition is satisfied.,True,True,0.009999999999999787,0.022710236218841412,1.0,6.18641003075614e-06,0.009017913865493346,6.186835643797687e-06,0.009017914101708269
15.089999999999723,1786132517.2692225,0.007486100003006868,0.006952399999136105,0.01,TELEOP,0,,0.0,15.089999999999723,1509,0.0,0.0,0.0,0.0,0.053159736479704,0.12160740503281346,0.9911537123264957,2.6229301792206785e-45,5.485800805302226e-37,1.1063288391011673e-24,1.15240882835781e-11,0.05895202999483027,0.1158783599982423,0.9915124123497429,-0.016000000000000007,-0.22496149868535165,0.2802328425555495,-0.13024893462128243,0.036864730473681426,0.05371019895914953,0.9893388808719146,-0.016000000000000007,-0.22496149868535165,0.2802328425555495,-0.13025109247563274,0.03738149363923056,0.053041717228339814,0.9893552714145073,-0.01599999797603665,-0.22496149893730832,0.28023284241418284,-0.13025109248737168,0.03738149364667183,0.053041717084826634,0.9893552714203747,-0.015999038300013643,-0.22496089045160345,0.28022676321858586,-0.130198112070801,0.04014390358092593,0.04947949707125223,0.9894385771679112,-0.015999038300013643,-0.22496089045160345,0.28022676321858586,-0.130198112070801,0.04014390358092593,0.04947949707125223,0.9894385771679112,-0.06986031381061712,-0.5178498896543334,0.7780735672138204,-0.3548729219557369,0.5494460898461095,-0.2636347521546245,-0.06607041093751911,-0.5184214450422833,0.7784593984872138,-0.3369000102396057,0.5457842007997729,-0.24097893608131615,-0.06607041093751911,-0.5184214450422833,0.7784593984872138,-0.3369000102396057,0.5457842007997729,-0.24097893608131615,-0.03459994820574885,0.004929088807544092,-0.003539853426806062,-0.16625250901921887,0.03107084235909049,-0.20878415886575644,0.0012190476919981981,0.0022239105393962724,0.00026913663297475476,0.02385335424113002,0.018492150517936384,0.023518288024613337,0.34833333333328714,True,False,1,True,True,0.0035844999947585166,4,2.0444789969952867e-09,2.8860794574276827e-10,`gtol` termination condition is satisfied.,True,True,0.009999999999999787,0.02268308541076272,1.0,6.184484782781679e-06,0.009017782717456997,6.1849133440501714e-06,0.00901778295327994
15.099999999999723,1786132517.2767518,0.0071783000021241605,0.007303500009584241,0.01,TELEOP,0,,0.0,15.099999999999723,1510,0.0,0.0,0.0,0.0,0.05257663210947079,0.12218350072474317,0.9911139641366538,2.3833315579844395e-45,4.98468555650914e-37,1.0052682517540473e-24,1.0470432775465909e-11,0.058369298818807744,0.11645525229368442,0.9914792984064846,-0.016000000000000007,-0.22496149868535165,0.2802328425555495,-0.13024785175791476,0.03661327695923391,0.054035347200366055,0.9893306557039919,-0.016000000000000007,-0.22496149868535165,0.2802328425555495,-0.13025005451777288,0.037130087032455523,0.05336691020731078,0.9893473873367253,-0.015999997979256563,-0.22496149893757209,0.28023284241421054,-0.13025005452955749,0.03713008703989273,0.053366910064036766,0.9893473873426232,-0.015999027747026214,-0.22496088797783045,0.28022676702320426,-0.1301973603591136,0.03989274515647164,0.049805009481710634,0.9894325026346803,-0.015999027747026214,-0.22496088797783045,0.28022676702320426,-0.1301973603591136,0.03989274515647164,0.049805009481710634,0.9894325026346803,-0.07020477052841667,-0.517797946635074,0.7780385328320892,-0.35650540676121917,0.5497784885920687,-0.26569284598824466,-0.06641628795989749,-0.5183719318781641,0.7784240271526408,-0.33856014015923747,0.5460967549643999,-0.24306441524527256,-0.06641628795989749,-0.5183719318781641,0.7784240271526408,-0.33856014015923747,0.5460967549643999,-0.24306441524527256,-0.034587702237837525,0.004951316411921891,-0.0035371334572976113,-0.16601299196318223,0.03125541646270505,-0.20854791639564377,0.0012245967911322121,0.0022227604377799207,0.00027199695084508647,0.023951705603666072,0.018457410361456036,0.023624247011268022,0.34999999999995374,True,False,1,True,True,0.003952300001401454,4,2.0413220992389446e-09,2.881417723699125e-10,`gtol` termination condition is satisfied.,True,True,0.009999999999999787,0.022655816073308355,1.0,6.182636837616787e-06,0.009017643008371783,6.183068235049452e-06,0.009017643243802304
15.109999999999722,1786132517.2842925,0.00759470000048168,0.007249100002809428,0.01,TELEOP,0,,0.0,15.109999999999722,1511,0.0,0.0,0.0,0.0,0.05199349233009193,0.12275951412891106,0.9910735484544799,2.165619718086529e-45,4.529346029709139e-37,9.13439315932203e-25,9.513113712576739e-12,0.05778652833246339,0.11703206615906178,0.9914455167248589,-0.016000000000000007,-0.22496149868535165,0.2802328425555495,-0.1302467470494125,0.036361800703891584,0.054360473573553794,0.9893222646061676,-0.016000000000000007,-0.22496149868535165,0.2802328425555495,-0.13024899471439888,0.036878657598228594,0.053692081431868544,0.9893393373262557,-0.01599999798248168,-0.2249614989378283,0.28023284241424684,-0.13024899472622817,0.036878657605661724,0.05369208128883412,0.9893393373321838,-0.01599901746039601,-0.224960885493095,0.2802267707351282,-0.1301965821258817,0.03964155814194927,0.050130501789121845,0.9894262628721697,-0.01599901746039601,-0.224960885493095,0.2802267707351282,-0.1301965821258817,0.03964155814194927,0.050130501789121845,0.9894262628721697,-0.07054909698504698,-0.5177457826166658,0.7780035298694197,-0.3581353853117044,0.5501126928010566,-0.26774845343660447,-0.0667620419597523,-0.5183221965522944,0.7783886833092599,-0.3402178651213476,0.5464111514058404,-0.2451475214107835,-0.0667620419597523,-0.5183221965522944,0.7783886833092599,-0.3402178651213476,0.5464111514058404,-0.2451475214107835,-0.03457539998548266,0.004973532586968877,-0.0035343843380930416,-0.16577249621101908,0.03143964414404675,-0.2083106165510984,0.0012302252354866663,0.0022216175046986778,0.0002749119204569742,0.024049575216313762,0.018422768134170275,0.023729984454537216,0.3516666666666204,True,False,1,True,True,0.0038231999933486804,4,2.038158749941578e-09,2.876746215463863e-10,`gtol` termination condition is satisfied.,True,True,0.009999999999999787,0.022628430742972105,1.0,6.1808595940287146e-06,0.009017495322916068,6.181293719386772e-06,0.00901749555795366
15.119999999999722,1786132517.2919664,0.007475099992007017,0.007448200005455874,0.01,TELEOP,0,,0.0,15.119999999999722,1512,0.0,0.0,0.0,0.0,0.0514103175342985,0.12333544485738548,0.9910324653071934,1.967795352540621e-45,4.115600718294642e-37,8.299987415645863e-25,8.643323050013843e-12,0.05720371892828281,0.11760880120590912,0.9914110673276162,-0.016000000000000007,-0.22496149868535165,0.2802328425555495,-0.13024562049596802,0.03611030175006514,0.05468557802301432,0.9893137075798699,-0.016000000000000007,-0.22496149868535165,0.2802328425555495,-0.13024791306569694,0.03662720537897236,0.054017230846318556,0.98933112138447,-0.015999997985711906,-0.22496149893807726,0.28023284241429136,-0.13024791307756967,0.0366272053864012,0.05401723070352407,0.9893311213904284,-0.015999007429636832,-0.22496088299737355,0.28022677436147936,-0.13019577767893745,0.03939034292362016,0.050455973817958,0.9894198578283225,-0.015999007429636832,-0.22496088299737355,0.28022677436147936,-0.13019577767893745,0.03939034292362016,0.050455973817958,0.9894198578283225,-0.07089329280752361,-0.5176933977312939,0.7779685584088442,-0.3597628498518462,0.5504486981846979,-0.2698015666236347,-0.0671076723682843,-0.5182722391784347,0.7783533672521301,-0.3418731753972437,0.5467273866631251,-0.24722824404314667,-0.0671076723682843,-0.5182722391784347,0.7783533672521301,-0.3418731753972437,0.5467273866631251,-0.24722824404314667,-0.0345630408532003,0.00499573738597184,-0.0035316057129851242,-0.16553102758961374,0.03162352572847166,-0.2080722632363202,0.0012359132282364442,0.0022204799002962525,0.00027786251079175886,0.02414686214053432,0.0183881584424911,0.023835331477820253,0.35333333333328704,True,False,1,True,True,0.0040680999954929575,4,2.0349891024149513e-09,2.872066643439781e-10,`gtol` termination condition is satisfied.,True,True,0.009999999999999787,0.022600932025820974,1.0,6.179146317867721e-06,0.009017340261019299,6.179583067235122e-06,0.00901734049566332
15.129999999999722,1786132517.299189,0.00767170000472106,0.0069992999924579635,0.01,TELEOP,0,,0.0,15.129999999999722,1513,0.0,0.0,0.0,0.0,0.05082710811484524,0.12391129252229031,0.9909907147224626,1.7880417864415428e-45,3.739650086640673e-37,7.541802711828184e-25,7.853058006939036e-12,0.05662087099877709,0.11818545704581421,0.9913759502379569,-0.016000000000000007,-0.22496149868535165,0.2802328425555495,-0.13024447209777723,0.03585878014016044,0.055010660493046454,0.9893049846265558,-0.016000000000000007,-0.22496149868535165,0.2802328425555495,-0.13024680957185641,0.03637573041710428,0.05434235839496378,0.989322739512768,-0.015999997988947013,-0.22496149893831852,0.28023284241434426,-0.13024680958377188,0.03637573042452897,0.05434235825240972,0.9893227395187566,-0.015998997643872033,-0.224960880490655,0.2802267779096362,-0.13019494733291614,0.03913909989430379,0.050781425391615426,0.9894132874505167,-0.015998997643872033,-0.224960880490655,0.2802267779096362,-0.13019494733291614,0.03913909989430379,0.050781425391615426,0.9894132874505167,-0.07123735762335356,-0.5176407921110923,0.7779336185321204,-0.3613877927175176,0.5507865004443738,-0.27185217776475157,-0.06745317861259884,-0.5182220598699845,0.7783180792780944,-0.3435260613259837,0.5470454572724504,-0.24930657266254624,-0.06745317861259884,-0.5182220598699845,0.7783180792780944,-0.3435260613259837,0.5470454572724504,-0.24930657266254624,-0.03455062443145393,0.005017930845017531,-0.0035287974035764446,-0.1652885928740028,0.03180706093252171,-0.2078328619399636,0.00124164217463682,0.0022193459045691576,0.0002808309408679717,0.024243471561095447,0.018353520405005666,0.023940129635661077,0.35499999999995363,True,False,1,True,True,0.003362799994647503,4,2.0318133023081136e-09,2.8673770333915306e-10,`gtol` termination condition is satisfied.,True,True,0.009999999999999787,0.022573322580488026,1.0,6.177490197150661e-06,0.00901717843232019,6.177929470616187e-06,0.009017178666570251
15.139999999999722,1786132517.3079145,0.007233700001961552,0.008491100001265295,0.01,TELEOP,0,,0.0,15.139999999999722,1514,0.0,0.0,0.0,-3.469446951953615e-18,0.05024386446451024,0.12448705673580557,0.9909482967284057,1.624708293945961e-45,3.398041677936744e-37,6.852876431706363e-25,7.135047002011786e-12,0.056037984936482606,0.11876203329041814,0.9913401654795312,-0.016000000000000007,-0.22496149868535165,0.2802328425555495,-0.13024330185503935,0.03560723591657855,0.05533572092794631,0.9892960957477103,-0.016000000000000007,-0.22496149868535165,0.2802328425555495,-0.13024568423307004,0.03612423275503676,0.05466746402210469,0.989314191712578,-0.015999997992186852,-0.22496149893855255,0.28023284241440577,-0.1302456842450273,0.03612423276245724,0.054667463879791454,0.9893141917185967,-0.015998988091938133,-0.22496087797294076,0.2802267813871654,-0.13019409140656388,0.038887829450396254,0.05110685633339701,0.9894065516859961,-0.015998988091938133,-0.22496087797294076,0.2802267813871654,-0.13019409140656388,0.038887829450396254,0.05110685633339701,0.9894065516859961,-0.07158129106052656,-0.5175879658881377,0.7778987103197348,-0.36301020633567194,0.5511260952714037,-0.27390027916672144,-0.0677985601174422,-0.5181716587401424,0.7782828196841285,-0.3451765133232293,0.5473653597615468,-0.2513824968588304,-0.0677985601174422,-0.5181716587401424,0.7782828196841285,-0.3451765133232293,0.5473653597615468,-0.2513824968588304,-0.034538150484338136,0.005040112984215217,-0.003525959396583678,-0.16504519972456386,0.03199024890964025,-0.20759241962842162,0.0012473947115795628,0.0022182139197686876,0.0002838006992766589,0.024339314943894186,0.01831879771185431,0.02404423115419686,0.3566666666666203,True,False,1,True,True,0.0033984000037889928,4,2.028631536545742e-09,2.8626785715162043e-10,`gtol` termination condition is satisfied.,True,True,0.009999999999999787,0.022545605102205324,1.0,6.1758843910810105e-06,0.00901701045103497,6.1763260926671e-06,0.009017010684890575
15.149999999999721,1786132517.3200333,0.008874599996488541,0.011734899992006831,0.01,TELEOP,0,,0.0,15.149999999999721,1515,0.0,0.0,0.0,0.0,0.04966058697609456,0.12506273711016735,0.9909052113535901,1.4762949392083995e-45,3.087638409337797e-37,6.226881978042708e-25,6.482684641916439e-12,0.05545506113396081,0.11933852955141547,0.9913037130764389,-0.016000000000000007,-0.22496149868535165,0.2802328425555495,-0.13024210976795686,0.03535566912171573,0.05566075927200717,0.9892870409448468,-0.016000000000000007,-0.22496149868535165,0.2802328425555495,-0.13024453704953368,0.035872712435177215,0.05499254767203914,0.9893054779853564,-0.015999997995431236,-0.22496149893877926,0.2802328424144755,-0.13024453706153158,0.03587271244259339,0.0549925475299671,0.9893054779914052,-0.015998978762482442,-0.2249608754442434,0.28022678480175767,-0.1301932102202324,0.03863653198911228,0.05143226646740435,0.9893996504822663,-0.015998978762482442,-0.2249608754442434,0.28022678480175767,-0.1301932102202324,0.03863653198911228,0.05143226646740435,0.9893996504822663,-0.07192509274750757,-0.517534919194457,0.7778638338509103,-0.36463008322420715,0.5514674783472188,-0.27594586322752584,-0.06814381630681297,-0.5181210359020532,0.778247588765818,-0.3468245218894612,0.5476870906445078,-0.2534560063052068,-0.06814381630681297,-0.5181210359020532,0.778247588765818,-0.3468245218894612,0.5476870906445078,-0.2534560063052068,-0.03452561893707757,0.005062283808923204,-0.0035230918310476768,-0.16480085662319593,0.03217308829610911,-0.20735094463764722,0.0012531547260564643,0.002217082470798712,0.00028675655360013144,0.024434310136792436,0.018283938646886738,0.024147499077441237,0.35833333333328693,True,False,1,True,True,0.0060781999927712604,4,2.0254439965975535e-09,2.857971658870183e-10,`gtol` termination condition is satisfied.,True,True,0.009999999999999787,0.022517782307891032,1.0,6.174322074471609e-06,0.009016836931234057,6.174766112857158e-06,0.00901683716469463
15.159999999999721,1786132517.3319285,0.01213060000736732,0.011499300002469681,0.01,TELEOP,0,,0.0,15.159999999999721,1516,0.0,0.0,0.0,0.0,0.04907727604242218,0.1256383332576681,0.9908614586270328,1.3414388020627794e-45,2.8055897632799757e-37,5.658070673662846e-25,5.889968241325032e-12,0.05487209998379811,0.11991494544055455,0.9912665930532296,-0.016000000000000007,-0.22496149868535165,0.2802328425555495,-0.13024089583673584,0.035104079797963525,0.05598577546951959,0.989277820219507,-0.016000000000000007,-0.22496149868535165,0.2802328425555495,-0.13024336802144668,0.0356211694999281,0.055317609289062424,0.9892965983325881,-0.01599999799868003,-0.22496149893899853,0.2802328424145536,-0.13024336803348427,0.03562116950733994,0.05531760914723193,0.989296598338667,-0.01599896964405472,-0.22496087290458633,0.28022678816116603,-0.130192304093567,0.038385207905952914,0.051757655619342195,0.9893925837874542,-0.01599896964405472,-0.22496087290458633,0.28022678816116603,-0.130192304093567,0.038385207905952914,0.051757655619342195,0.9893925837874542,-0.07226876231322688,-0.5174816521620245,0.7778289892036048,-0.3662474159918175,0.5518106453435364,-0.27798892243621715,-0.06848894660544738,-0.5180701914689434,0.7782123868159625,-0.3484700776175513,0.5480106464170765,-0.25552709077085056,-0.06848894660544738,-0.5180701914689434,0.7782123868159625,-0.3484700776175513,0.5480106464170765,-0.25552709077085056,-0.03451302986344187,0.005084443310977311,-0.0035201949855528983,-0.16455557280901034,0.03235557725686987,-0.20710844656437824,0.0012589073635699162,0.002215950205410688,0.00028968454947786714,0.024528381418559286,0.018248896076075948,0.02424980732689842,0.3599999999999535,True,False,1,True,True,0.0057964000006904826,4,2.0222507837911887e-09,2.8532562763305676e-10,`gtol` termination condition is satisfied.,True,True,0.009999999999999787,0.02248985692231903,1.0,6.17279648145863e-06,0.009016658482527999,6.173242769448944e-06,0.009016658715593111
15.169999999999721,1786132517.341835,0.011863799998536706,0.0095422000013059,0.01,TELEOP,0,,0.0,15.169999999999721,1517,0.0,0.0,0.0,0.0,0.04849393205633942,0.12621384479065734,0.9908170385782005,1.2189014619561777e-45,2.549305610403243e-37,5.141218969791107e-25,5.351444371730178e-12,0.05428910187860564,0.12049128056963772,0.9912288054349022,-0.016000000000000007,-0.22496149868535165,0.2802328425555495,-0.13023966006158574,0.034852467987708774,0.05631076946477141,0.9892684335732611,-0.016000000000000007,-0.22496149868535165,0.2802328425555495,-0.13024217714901176,0.035369603991687024,0.05564264881746723,0.9892875527557864,-0.015999998001933042,-0.22496149893921039,0.2802328424146399,-0.13024217716108802,0.03536960399909449,0.05564264867587863,0.9892875527618953,-0.01599896072519264,-0.224960870354003,0.2802267914731502,-0.13019137334338388,0.03813385759239668,0.052083023617237066,0.9893853515506346,-0.01599896072519264,-0.224960870354003,0.2802267914731502,-0.13019137334338388,0.03813385759239668,0.052083023617237066,0.9893853515506346,-0.0726122993870735,-0.5174281649227642,0.7777941764545196,-0.36786219733784314,0.5521555919225376,-0.28002944937276925,-0.0688339504401791,-0.5180191255542443,0.7781772141233071,-0.35011317119969143,0.5483360235523858,-0.2575957401324262,-0.0688339504401791,-0.5180191255542443,0.7781772141233071,-0.35011317119969143,0.5483360235523858,-0.2575957401324262,-0.034500383473173184,0.005106591469909184,-0.0035172692655365805,-0.16430935821401774,0.03253771353092312,-0.20686493615756804,0.0012646390268681793,0.0022148158931873567,0.00029257200163178477,0.024621459499261922,0.018213627405325637,0.024351040681021056,0.3616666666666202,True,False,1,True,True,0.005540800004382618,4,2.0190520949951493e-09,2.8485334404226564e-10,`gtol` termination condition is satisfied.,True,True,0.009999999999999787,0.022461831665366583,1.0,6.171300941526187e-06,0.009016475706156943,6.171749396367436e-06,0.009016475938826202
15.17999999999972,1786132517.3511956,0.00977699999930337,0.009125700002186932,0.01,TELEOP,0,,0.0,15.17999999999972,1518,0.0,0.0,0.0,0.0,0.04791055541071507,0.12678927132154114,0.9907719512370087,1.1075576251963639e-45,2.3164324236896304e-37,4.671580476782671e-25,4.862158161440984e-12,0.053706067211019046,0.1210675345505216,0.9911903502469058,-0.016000000000000007,-0.22496149868535165,0.2802328425555495,-0.1302384024427195,0.03460083373333359,0.0566357412020476,0.9892588810077073,-0.016000000000000007,-0.22496149868535165,0.2802328425555495,-0.13024096443243494,0.03511801595284671,0.05596766620154357,0.9892783412564926,-0.01599999800519008,-0.22496149893941497,0.2802328424147346,-0.13024096444454916,0.035118015960249785,0.055967666060197284,0.9892783412626315,-0.015998951994500733,-0.22496086779253655,0.2802267947454243,-0.13019041828173958,0.03788248143381097,0.05240837029207272,0.9893779537221211,-0.015998951994500733,-0.22496086779253655,0.2802267947454243,-0.13019041828173958,0.03788248143381097,0.05240837029207272,0.9893779537221211,-0.07295570359888566,-0.517374457608551,0.7777593956791025,-0.36947442005211006,0.5525023137370397,-0.28206743670792084,-0.0691788272411742,-0.5179678382717029,0.7781420709713993,-0.3517537934336839,0.5486632184971459,-0.25966194438453366,-0.0691788272411742,-0.5179678382717029,0.7781420709713993,-0.3517537934336839,0.5486632184971459,-0.25966194438453366,-0.034487680099510525,0.005128728254148202,-0.00351431519077286,-0.16406222339925142,0.03271949447602256,-0.2066204252107531,0.001270337366265859,0.002213678423901878,0.0002954074763720749,0.024713481476631532,0.01817809450994455,0.024451094681494694,0.3633333333332868,True,False,1,True,True,0.004457300005014986,4,2.0158481214039076e-09,2.843801475272037e-10,`gtol` termination condition is satisfied.,True,True,0.009999999999999787,0.022433709240343047,1.0,6.1698289142879694e-06,0.00901628919147513,6.170279457294106e-06,0.009016289423747974
15.18999999999972,1786132517.3584907,0.009345899990876205,0.007074900000588968,0.01,TELEOP,0,,0.0,15.18999999999972,1519,0.0,0.0,0.0,0.0,0.0473271464984397,0.1273646124627833,0.9907261966338229,1.0063847910740396e-45,2.1048316653850917e-37,4.244842376737695e-25,4.41760771843422e-12,0.05312299637369829,0.12164370699511734,0.9911512275151386,-0.016000000000000007,-0.22496149868535165,0.2802328425555495,-0.13023712298035353,0.034349177077215465,0.05696069062563047,0.9892491625244723,-0.016000000000000007,-0.22496149868535165,0.2802328425555495,-0.1302397298719259,0.0348664054257951,0.056292661385578834,0.9892689638362767,-0.015999998008451043,-0.22496149893961234,0.2802328424148373,-0.13023972988407687,0.03486640543319372,0.05629266124447507,0.9892689638424454,-0.01599894344072317,-0.224960865220239,0.2802267979856082,-0.1301894392141875,0.03763107980758144,0.05273369547834524,0.989370390253725,-0.01599894344072317,-0.224960865220239,0.2802267979856082,-0.1301894392141875,0.03763107980758144,0.05273369547834524,0.989370390253725,-0.07329897457894337,-0.5173205303512095,0.7777246469515523,-0.3710840770147665,0.5528508064306719,-0.2841028772030134,-0.0695235764430431,-0.5179163297354809,0.7781069576375683,-0.3533919352286012,0.54899222766827,-0.26172569364909387,-0.0695235764430431,-0.5179163297354809,0.7781069576375683,-0.3533919352286012,0.54899222766827,-0.26172569364909387,-0.03447492018689101,0.005150853622200705,-0.0035113333831022137,-0.16381417949173227,0.03290091711241368,-0.2063749264560235,0.0012759912619512866,0.0022125368052503705,0.0002981807670646283,0.02480439075191627,0.018142263639111686,0.024549875472959504,0.3649999999999534,True,False,1,True,True,0.003562500001862645,4,2.0126389865893106e-09,2.8390640414018336e-10,`gtol` termination condition is satisfied.,True,True,0.009999999999999787,0.022405492323387177,1.0,6.168374019369771e-06,0.009016099512823283,6.168826576396956e-06,0.009016099744699439
15.19999999999972,1786132517.3657625,0.007302300000446849,0.007044700003461912,0.01,TELEOP,0,,0.0,15.19999999999972,1520,0.0,0.0,0.0,0.0,0.04674370571242579,0.1279398678269046,0.9906797747994578,9.144538619609726e-46,1.912560148226184e-37,3.8570858177225787e-25,4.013702795146491e-12,0.05253988975932743,0.12221979751539082,0.9911114372659487,-0.016000000000000007,-0.22496149868535165,0.2802328425555495,-0.1302358216747077,0.03409749806172717,0.0572856176797995,0.9892392781252108,-0.016000000000000007,-0.22496149868535165,0.2802328425555495,-0.13023847346769743,0.03461477245291533,0.0566176343138577,0.9892594204967367,-0.015999998011715713,-0.2249614989398025,0.28023284241494845,-0.13023847347988432,0.03461477246030957,0.056617634172996895,0.9892594205029352,-0.015998935052809866,-0.22496086263717105,0.2802268012011846,-0.1301884364382207,0.03737965308145244,0.053058999014541634,0.9893626610989807,-0.015998935052809866,-0.22496086263717105,0.2802268012011846,-0.1301884364382207,0.03737965308145244,0.053058999014541634,0.9893626610989807,-0.07364211195796014,-0.5172663832825177,0.7776899303448201,-0.3726911611961156,0.5532010656380444,-0.2861357637098272,-0.06986819748583208,-0.5178646000602429,0.7780718743920235,-0.35502758760982756,0.5493230474499239,-0.2637869781836958,-0.06986819748583208,-0.5178646000602429,0.7780718743920235,-0.35502758760982756,0.5493230474499239,-0.2637869781836958,-0.03446210427889803,0.00517296752379726,-0.003508324554474372,-0.16356523812263962,0.03308197816538916,-0.20612845346019748,0.0012815907992978193,0.0022113901596554977,0.00030088286278418886,0.02489413690926664,0.01810610529754837,0.024647299582604653,0.36666666666662007,True,False,1,True,True,0.0037210999871604145,4,2.0094248726782854e-09,2.8343170809443244e-10,`gtol` termination condition is satisfied.,True,True,0.009999999999999787,0.022377183553919544,1.0,6.166930064048105e-06,0.009015907226776355,6.16738456462053e-06,0.00901590745825537
15.20999999999972,1786132517.3733258,0.007304900005692616,0.007303199992747977,0.01,TELEOP,0,,0.0,15.20999999999972,1521,0.0,0.0,0.0,0.0,0.046160233445607206,0.12851503702648406,0.9906326857651774,8.30920611154006e-46,1.737852190623392e-37,3.504749925887759e-25,3.646727139553808e-12,0.051956747760614375,0.12279580572336296,0.9910709795261338,-0.016000000000000007,-0.22496149868535165,0.2802328425555495,-0.13023449852600563,0.033845796729236856,0.05761052230883143,0.9892292278116063,-0.016000000000000007,-0.22496149868535165,0.2802328425555495,-0.13023719521996616,0.03436311707658582,0.05694258493066219,0.9892497112394988,-0.015999998014983953,-0.22496149893998538,0.28023284241506763,-0.13023719523218788,0.03436311708397552,0.05694258479004458,0.9892497112457272,-0.015998926819976278,-0.22496086004340138,0.2802268043994589,-0.13018741024189426,0.03712820161207349,0.05338428074354498,0.989354766213342,-0.015998926819976278,-0.22496086004340138,0.2802268043994589,-0.13018741024189426,0.03712820161207349,0.05338428074354498,0.989354766213342,-0.07398511536707522,-0.5172120165342083,0.7776552459306209,-0.3742956656564368,0.5535530869849257,-0.28816608917040437,-0.07021268981589726,-0.5178126493612328,0.77803682149707,-0.3566607417234976,0.5496556741909886,-0.265845788388933,-0.07021268981589726,-0.5178126493612328,0.77803682149707,-0.3566607417234976,0.5496556741909886,-0.265845788388933,-0.03444923300651982,0.005195069901004841,-0.0035052894953533607,-0.16331541136700942,0.033262674106469076,-0.20588102052372867,0.0012871272378206743,0.0022102377207581982,0.0003035059121011337,0.024982675563021972,0.01806959410799204,0.024743293646882724,0.3683333333332867,True,False,1,True,True,0.003313299996079877,4,2.0062059272225774e-09,2.8295639681939486e-10,`gtol` termination condition is satisfied.,True,True,0.009999999999999787,0.0223487855261314,1.0,6.165491065656484e-06,0.00901571286975309,6.165947443667694e-06,0.00901571310083453
15.21999999999972,1786132517.3808882,0.0075409999990370125,0.007324399994104169,0.01,TELEOP,0,,0.0,15.21999999999972,1522,0.0,0.0,0.0,-3.469446951953615e-18,0.04557673009093902,0.12909011967415845,0.990584929562695,7.550179301118344e-46,1.5791034019272862e-37,3.184599104995524e-25,3.3133039362273284e-12,0.051373570770290714,0.12337173123110998,0.9910298543229406,-0.016000000000000007,-0.22496149868535165,0.2802328425555495,-0.1302331535344742,0.03359407312210806,0.057935404457000225,0.98921901158537,-0.016000000000000007,-0.22496149868535165,0.2802328425555495,-0.1302358951289521,0.03411143933918025,0.05726751318027167,0.9892398360662178,-0.015999998018255576,-0.22496149894016101,0.28023284241519514,-0.1302358951412079,0.03411143934656544,0.0572675130398976,0.989239836072476,-0.015998918731756826,-0.22496085743900635,0.28022680758752444,-0.1301863609026247,0.03687672574374451,0.05370954051297021,0.9893467055543461,-0.015998918731756826,-0.22496085743900635,0.28022680758752444,-0.1301863609026247,0.03687672574374451,0.05370954051297021,0.9893467055543461,-0.07432798443784581,-0.5171574302379681,0.7776205937794323,-0.3758975835458059,0.5539068660884133,-0.29019384661687125,-0.070557052886665,-0.5177604777543399,0.7780017992064345,-0.35829138884035006,0.5499901042029189,-0.26790211481476117,-0.070557052886665,-0.5177604777543399,0.7780017992064345,-0.35829138884035006,0.5499901042029189,-0.26790211481476117,-0.034436307076774114,0.005217160689299379,-0.003502229063544552,-0.1630647116852505,0.033443001193030494,-0.2056326425828195,0.0012925929745711412,0.0022090788294538586,0.00030604318088090204,0.025069968175892254,0.01803270865614199,0.024837794090917336,0.3699999999999533,True,False,1,True,True,0.003935800006729551,4,2.0029823132942697e-09,2.824803936372212e-10,`gtol` termination condition is satisfied.,True,True,0.009999999999999787,0.022320300781471347,1.0,6.1640512727300385e-06,0.009015516955974629,6.164509465666687e-06,0.009015517186658136
15.22999999999972,1786132517.3880854,0.0075496000063139945,0.006971800001338124,0.01,TELEOP,0,,0.0,15.22999999999972,1523,0.0,0.0,0.0,3.469446951953615e-18,0.04499319604139721,0.1296651153826229,0.9905365062241732,6.860487838888176e-46,1.4348559488732185e-37,2.8936933230605286e-25,3.0103665464272303e-12,0.05079035918111143,0.12394757365076361,0.9909880616840661,-0.016000000000000007,-0.22496149868535165,0.2802328425555495,-0.1302317867003441,0.033342327282699695,0.05826026406857711,0.989208629448242,-0.016000000000000007,-0.22496149868535165,0.2802328425555495,-0.1302345731948787,0.03385973928306761,0.05759241900696276,0.9892297949785768,-0.01599999802153047,-0.2249614989403295,0.28023284241533053,-0.1302345732071673,0.03385973929044822,0.05759241886683244,0.9892297949848646,-0.015998910778052093,-0.22496085482406972,0.2802268107722311,-0.13018528868615775,0.03662522580735111,0.0540347781754343,0.9893384790817519,-0.015998910778052093,-0.22496085482406972,0.2802268107722311,-0.13018528868615775,0.03662522580735111,0.0540347781754343,0.9893384790817519,-0.07467071880223919,-0.5171026245254382,0.7775859739604994,-0.37749690810390857,0.5542623985571032,-0.29221902917125475,-0.07090128615928247,-0.5177080853561539,0.7779668077646997,-0.3599195203590173,0.5503263337579813,-0.2699559481659126,-0.07090128615928247,-0.5177080853561539,0.7779668077646997,-0.3599195203590173,0.5503263337579813,-0.2699559481659126,-0.03442332726174724,0.005239239818595028,-0.0034991441734818717,-0.1628131518667286,0.03362295550623927,-0.20538333511514953,0.0012979815026878511,0.0022079129295650007,0.000308489006268041,0.02515598185219061,0.01799543132087802,0.024930746766997174,0.37166666666661996,True,False,1,True,True,0.003379400004632771,4,1.999754176199202e-09,2.820037445396945e-10,`gtol` termination condition is satisfied.,True,True,0.009999999999999787,0.022291731802110082,1.0,6.162605180945198e-06,0.009015319975754475,6.163065130434453e-06,0.009015320206039745
15.23999999999972,1786132517.396139,0.0073154999990947545,0.0077099000045564026,0.01,TELEOP,0,,0.0,15.23999999999972,1524,0.0,0.0,0.0,0.0,0.04440963168997853,0.13024002376463106,0.9904874157822243,6.233798100736631e-46,1.3037851679023026e-37,2.6293611132371573e-25,2.73512664611137e-12,0.050207113385854686,0.12452333259451144,0.9909456016376564,-0.016000000000000007,-0.22496149868535165,0.2802328425555495,-0.13023039802384945,0.03309055925336599,0.05858510108783054,0.98919808140199,-0.016000000000000007,-0.22496149868535165,0.2802328425555495,-0.130233229417973,0.03360801695061218,0.057917302355009394,0.9892195879782869,-0.015999998024808438,-0.22496149894049075,0.280232842415474,-0.1302332294302937,0.033608016957988124,0.05791730221512311,0.9892195879846043,-0.015998902949169974,-0.22496085219868217,0.28022681396015786,-0.1301841938457013,0.0363737021194826,0.05435999358876518,0.9893300867576491,-0.015998902949169974,-0.22496085219868217,0.28022681396015786,-0.1301841938457013,0.0363737021194826,0.05435999358876518,0.9893300867576491,-0.075013318092625,-0.5170475995282179,0.7775513865418427,-0.3790936326598466,0.5546196799912636,-0.29424163004529086,-0.07124538910316336,-0.5176554722840117,0.7779318474068396,-0.3615451278087736,0.5506643590878529,-0.2720072793064082,-0.07124538910316336,-0.5176554722840117,0.7779318474068396,-0.3615451278087736,0.5506643590878529,-0.2720072793064082,-0.034410294388089506,0.00526130721422321,-0.0034960357860090645,-0.16256074497563267,0.03380253298716534,-0.2051331140495664,0.0013032873657734905,0.002206739562818238,0.00031083874728073503,0.025240689109594372,0.017957748092607348,0.025022106558312645,0.3733333333332866,True,False,1,True,True,0.003927300000214018,4,1.9965216828607993e-09,2.815264479114023e-10,`gtol` termination condition is satisfied.,True,True,0.009999999999999787,0.022263081005342134,1.0,6.161147548948901e-06,0.00901512239410527,6.161609199981892e-06,0.009015122623991838
15.24999999999972,1786132517.4029772,0.007932799999252893,0.006615500009502284,0.01,TELEOP,0,,0.0,15.24999999999972,1525,0.0,0.0,0.0,0.0,0.043826037429700045,0.1308148444329955,0.9904376582699094,5.6643550245029505e-46,1.1846874004159924e-37,2.389175041013539e-25,2.4850520811059078e-12,0.04962383377732157,0.12509900767459706,0.9909024742123071,-0.016000000000000007,-0.22496149868535165,0.2802328425555495,-0.13022898750522807,0.03283876907645665,0.05890991545902625,0.9891873674484105,-0.016000000000000007,-0.22496149868535165,0.2802328425555495,-0.1302318637984657,0.033356272384173574,0.05824216316868278,0.9892092150670875,-0.0159999980280893,-0.22496149894064493,0.2802328424156256,-0.13023186381081753,0.03335627239154487,0.0582421630290408,0.9892092150734345,-0.01599889523586079,-0.22496084956294093,0.28022681715758996,-0.13018307662121154,0.03612215498172283,0.05468518661615331,0.9893215285465432,-0.01599889523586079,-0.22496084956294093,0.28022681715758996,-0.13018307662121154,0.03612215498172283,0.05468518661615331,0.9893215285465432,-0.07535578194176779,-0.516992355377864,0.7775168315902606,-0.3806877506319411,0.5549787059830028,-0.29626164254022974,-0.07158936119643337,-0.5176026386560331,0.7778969183578528,-0.36316820285176665,0.5510041763825627,-0.2740560992632085,-0.07158936119643337,-0.5176026386560331,0.7778969183578528,-0.36316820285176665,0.5510041763825627,-0.2740560992632085,-0.034397209327001785,0.0052833627978626785,-0.003492904898688163,-0.16230750429930738,0.033981729470977856,-0.20488199568003415,0.0013085061087718282,0.0022055583639468994,0.00031308873209014214,0.025324067632530776,0.01791964838125191,0.02511183695322559,0.3749999999999532,True,False,1,True,True,0.0033408000017516315,4,1.99328502350065e-09,2.81048531685347e-10,`gtol` termination condition is satisfied.,True,True,0.009999999999999787,0.022234350738882636,1.0,6.159673408396673e-06,0.009014924649642538,6.160136709357333e-06,0.009014924879130156
15.25999999999972,1786132517.4112759,0.0068738999980269,0.008040400003665127,0.01,TELEOP,0,,0.0,15.25999999999972,1526,0.0,0.0,0.0,0.0,0.04324241365359894,0.1313895770005878,0.990387233720739,5.1469292596788515e-46,1.0764689392520917e-37,2.1709294124208014e-25,2.2578420253230318e-12,0.0490405207483359,0.12567459850332044,0.9908586794370635,-0.016000000000000007,-0.22496149868535165,0.2802328425555495,-0.13022755514472134,0.032586956794316745,0.05923470712642727,0.9891764875893282,-0.016000000000000007,-0.22496149868535165,0.2802328425555495,-0.13023047633659102,0.0331045056261068,0.05856700139225149,0.9891986762467466,-0.015999998031372926,-0.22496149894079215,0.28023284241578533,-0.13023047634897297,0.0331045056334735,0.05856700125285407,0.9891986762531232,-0.015998887629346835,-0.22496084691694995,0.2802268203704993,-0.13018193723883004,0.035870584680104525,0.05501035712625015,0.989312804415416,-0.015998887629346835,-0.22496084691694995,0.2802268203704993,-0.13018193723883004,0.035870584680104525,0.05501035712625015,0.989312804415416,-0.07569810998281981,-0.5169368922058921,0.7774823091713335,-0.38227925552752956,0.5553394721164402,-0.29827906004663546,-0.07193320192628079,-0.5175495845911489,0.7778620208324862,-0.36478873728475864,0.5513457817897541,-0.2761023992290492,-0.07193320192628079,-0.5175495845911489,0.7778620208324862,-0.36478873728475864,0.5513457817897541,-0.2761023992290492,-0.03438407298474222,0.005305406488416446,-0.0034897525366580765,-0.16205344329920046,0.03416054071914461,-0.2046299965840778,0.001313634225956715,0.0022043690553767907,0.00031523620300866905,0.025406100010692823,0.017881124816675892,0.02519990959563521,0.37666666666661985,True,False,1,True,True,0.004605699999956414,4,1.990044333548558e-09,2.8057000580907085e-10,`gtol` termination condition is satisfied.,True,True,0.009999999999999787,0.022205543277021234,1.0,6.158178072899673e-06,0.009014727153769905,6.158642975383402e-06,0.009014727382858315
15.269999999999719,1786132517.4233825,0.00826960000267718,0.011877900004037656,0.01,TELEOP,0,,0.0,15.269999999999719,1527,0.0,0.0,0.0,3.469446951953615e-18,0.04265876075473241,0.13196422108033884,0.9903361421686729,4.676769144861798e-46,9.781359848746821e-38,1.9726200185459826e-25,2.0514063131570406e-12,0.0484571746917439,0.1262501046930381,0.9908142173414202,-0.016000000000000007,-0.22496149868535165,0.2802328425555495,-0.13022610094257422,0.03233512244928671,0.05955947603429379,0.9891654418265958,-0.016000000000000007,-0.22496149868535165,0.2802328425555495,-0.13022906703258666,0.03285271671876213,0.058891816969981296,0.9891879715190603,-0.01599999803465917,-0.22496149894093223,0.2802328424159529,-0.13022906704499793,0.03285271672612411,0.05889181683082866,0.9891879715254663,-0.015998880121346225,-0.22496084426081886,0.28022682360452816,-0.13018077591045896,0.03561899148471721,0.055335504993217675,0.9893039143337643,-0.015998880121346225,-0.22496084426081886,0.28022682360452816,-0.13018077591045896,0.03561899148471721,0.055335504993217675,0.9893039143337643,-0.07604030184931349,-0.5168812101437795,0.7774478193494331,-0.38386814094275523,0.5557019739678757,-0.3002938760441779,-0.07227691078921754,-0.5174963102091206,0.7778271550350456,-0.366406723040404,0.5516891714142499,-0.2781461705645083,-0.07227691078921754,-0.5174963102091206,0.7778271550350456,-0.366406723040404,0.5516891714142499,-0.2781461705645083,-0.034370886293675296,0.0053274382028326685,-0.0034865797440568175,-0.16179857556454252,0.03433896244957808,-0.20437713354591067,0.0013186691066924272,0.0022031714416223566,0.00031727926012591826,0.025486773465795608,0.017842173043347336,0.025286303816712357,0.3783333333332865,True,False,1,True,True,0.0058216000034008175,4,1.986799749150805e-09,2.8009093247771796e-10,`gtol` termination condition is satisfied.,True,True,0.009999999999999787,0.022176660817586236,1.0,6.156657144334941e-06,0.009014530290125593,6.15712360321643e-06,0.009014530518814392
15.279999999999719,1786132517.4354625,0.01226689999748487,0.011690200000884943,0.01,TELEOP,0,,0.0,15.279999999999719,1528,0.0,0.0,0.0,3.469446951953615e-18,0.042075079126177146,0.13253877628523908,0.9902843836481202,4.249557071957132e-46,8.887855190429316e-38,1.7924257303369648e-25,1.8638450158259268e-12,0.04787379600041401,0.12682552585616344,0.9907690879553209,-0.016000000000000007,-0.22496149868535165,0.2802328425555495,-0.1302246248990353,0.03208326608370239,0.05988422212688341,0.9891542301620946,-0.016000000000000007,-0.22496149868535165,0.2802328425555495,-0.13022763588669403,0.03260090570448528,0.059216609846135346,0.9891771008858529,-0.015999998037947855,-0.22496149894106524,0.28023284241612834,-0.13022763589913347,0.03260090571184251,0.05921660970722771,0.9891771008922883,-0.01599887270409179,-0.22496084159466354,0.2802268268649772,-0.1301795928334689,0.0353673756494589,0.05566063009673347,0.9892948582736175,-0.01599887270409179,-0.22496084159466354,0.2802268268649772,-0.1301795928334689,0.0353673756494589,0.05566063009673347,0.9892948582736175,-0.07638235717515394,-0.5168253093229652,0.7774133621877226,-0.3854544005623557,0.5560662071059551,-0.3023060841014231,-0.07262048729125634,-0.5174428156305518,0.7777923211592853,-0.3680221521880925,0.5520343413178967,-0.2801874047993521,-0.07262048729125634,-0.5174428156305518,0.7777923211592853,-0.3680221521880925,0.5520343413178967,-0.2801874047993521,-0.034357650203880416,0.00534945785687116,-0.0034833875760263977,-0.16154291476885266,0.034516990364686306,-0.20412342348438675,0.0013236089794880826,0.0022019654038491843,0.00031921680304198614,0.025566079568987064,0.017802791510823125,0.025371006152392676,0.3799999999999531,True,False,1,True,True,0.0057105999876512215,4,1.983551447335343e-09,2.796112886489108e-10,`gtol` termination condition is satisfied.,True,True,0.009999999999999787,0.0221477054796696,1.0,6.155106516669271e-06,0.00901433441427115,6.155574489732789e-06,0.009014334642560079
15.289999999999718,1786132517.444355,0.012064099995768629,0.008518199989339337,0.01,TELEOP,0,,0.0,15.289999999999718,1529,0.0,0.0,0.0,-6.93889390390723e-18,0.04149136916102925,0.13311324222833892,0.9902319581939389,3.861369836409688e-46,8.07597012149205e-38,1.6286917746795186e-25,1.6934315820275882e-12,0.047290385067236665,0.12740086160516698,0.9907232913091595,-0.016000000000000007,-0.22496149868535165,0.2802328425555495,-0.13022312701435687,0.031831387739895044,0.06020894534845088,0.9891428525977339,-0.016000000000000007,-0.22496149868535165,0.2802328425555495,-0.13022618289915816,0.032349072625617294,0.05954137996497403,0.9891660643489768,-0.01599999804123881,-0.22496149894119127,0.28023284241631186,-0.13022618291162497,0.032349072632969725,0.059541379826311594,0.9891660643554416,-0.01599886537034477,-0.22496083891860508,0.28022683015679567,-0.1301783881905302,0.03511573741192038,0.055985732321954834,0.9892856362095364,-0.01599886537034477,-0.22496083891860508,0.28022683015679567,-0.1301783881905302,0.03511573741192038,0.055985732321954834,0.9892856362095364,-0.07672427559461213,-0.516769189874848,0.7773789377481616,-0.3870380281594413,0.5564321670918417,-0.30431567787561464,-0.07296393094800965,-0.5173891009768937,0.7777575193883722,-0.3696350169343857,0.5523812875196699,-0.2822260936332108,-0.07296393094800965,-0.5173891009768937,0.7777575193883722,-0.3696350169343857,0.5523812875196699,-0.2822260936332108,-0.03434436567533191,0.005371465365815121,-0.00348017709130457,-0.16128647462932943,0.034694620177313125,-0.20386888338587017,0.001328452854850934,0.0022007508943961587,0.0003210484721827871,0.02564401395232415,0.017762981262682553,0.025454009851658365,0.38166666666661975,True,False,1,True,True,0.004335800011176616,4,1.980299589045142e-09,2.7913111275745406e-10,`gtol` termination condition is satisfied.,True,True,0.009999999999999787,0.02211867930207101,1.0,6.153522378155614e-06,0.009014139853605137,6.153991825572081e-06,0.009014140081493918
15.299999999999718,1786132517.4511404,0.008743500002310611,0.006560199995874427,0.01,TELEOP,0,,0.0,15.299999999999718,1530,0.0,0.0,0.0,-3.469446951953614e-18,0.04090763125240379,0.13368761852274888,0.9901788658414364,3.5086426093502734e-46,7.338248880727082e-38,1.4799145381661315e-25,1.5385995971207985e-12,0.04670694228512395,0.12797611155257657,0.9906768274337785,-0.016000000000000007,-0.22496149868535165,0.2802328425555495,-0.1302216072887949,0.0315794874601913,0.060533645643248375,0.9891313091354516,-0.016000000000000007,-0.22496149868535165,0.2802328425555495,-0.1302247080702277,0.03209721752449459,0.05986612727075509,0.9891548619103133,-0.01599999804453193,-0.2249614989413104,0.2802328424165031,-0.13022470808272096,0.03209721753184224,0.059866127132338055,0.9891548619168075,-0.015998858113403902,-0.22496083623277033,0.28022683348457567,-0.13017716214955694,0.0348640769933933,0.05631081155944649,0.9892762481185947,-0.015998858113403902,-0.22496083623277033,0.28022683348457567,-0.13017716214955694,0.0348640769933933,0.05631081155944649,0.9892762481185947,-0.07706605674231753,-0.5167128519307937,0.7773445460915172,-0.3886190175952712,0.556799849479382,-0.306322651112451,-0.07330724128471622,-0.5173351663704425,0.7777227498949182,-0.37124530962307734,0.5527300059960154,-0.28426222893563147,-0.07330724128471622,-0.5173351663704425,0.7777227498949182,-0.37124530962307734,0.5527300059960154,-0.28426222893563147,-0.034331033670656944,0.005393460645122176,-0.003476949345400772,-0.16102926886916688,0.03487184763455934,-0.2036135302420756,0.00133320046749637,0.002199527930705577,0.00032277459037980343,0.025720576016254975,0.01772274572462192,0.025535314379458256,0.3833333333332864,True,False,1,True,True,0.0033451000053901225,4,1.977044303018034e-09,2.7865044228322473e-10,`gtol` termination condition is satisfied.,True,True,0.009999999999999787,0.02208958424240387,1.0,6.151901209721589e-06,0.009013946907482402,6.152372094498413e-06,0.009013947134970852
15.309999999999718,1786132517.4591894,0.006800499992095865,0.007809200003976002,0.01,TELEOP,0,,0.0,15.309999999999718,1531,0.0,0.0,0.0,-3.469446951953614e-18,0.04032386579343486,0.13426190478163977,0.9901251066263692,3.188136200803469e-46,6.667916773513695e-38,1.3447277590054965e-25,1.3979239857700443e-12,0.04612346804700942,0.12855127531097776,0.9906296963604704,-0.016000000000000007,-0.22496149868535165,0.2802328425555495,-0.13022006572260875,0.03132756528691319,0.060858322955525256,0.9891195997772133,-0.016000000000000007,-0.22496149868535165,0.2802328425555495,-0.1302232114001549,0.031845340443448986,0.060190851707733535,0.9891434935717716,-0.015999998047827025,-0.22496149894142248,0.2802328424167022,-0.13022321141267368,0.03184534045079181,0.06019085156956207,0.9891434935782949,-0.01599885092711007,-0.22496083353729113,0.2802268368525485,-0.13017591486375849,0.034612394598989966,0.05663586770507567,0.9892666939803445,-0.01599885092711007,-0.22496083353729113,0.2802268368525485,-0.13017591486375849,0.034612394598989966,0.05663586770507567,0.9892666939803445,-0.07740770025325132,-0.5166562956221334,0.7773101872773622,-0.3901973628190261,0.557169249815269,-0.3083269976458617,-0.07365041783620095,-0.5172810119343323,0.7776880128410746,-0.3728530227349054,0.5530804926814104,-0.2862958027455604,-0.07365041783620095,-0.5172810119343323,0.7776880128410746,-0.3728530227349054,0.5530804926814104,-0.2862958027455604,-0.0343176551484738,0.005415443611021077,-0.003473705384364566,-0.16077131118281185,0.035048668539494426,-0.20335738099289585,0.001337852218314765,0.0021982965898901625,0.00032439610362059427,0.025795768635502918,0.017682090493508752,0.025614924917975505,0.384999999999953,True,False,1,True,True,0.004524399992078543,4,1.9737857500128883e-09,2.781693306561229e-10,`gtol` termination condition is satisfied.,True,True,0.009999999999999787,0.022060422176819527,1.0,6.150239784063798e-06,0.00901375584751923,6.150712071347082e-06,0.009013756074607108
15.319999999999718,1786132517.4659827,0.008032900004764087,0.0065691999916452914,0.01,TELEOP,0,,0.0,15.319999999999718,1532,0.0,0.0,0.0,0.0,0.03974007317727494,0.13483610061824305,0.9900706805849429,2.896907313325872e-46,6.058817957956753e-38,1.221889980269219e-25,1.2701107933400443e-12,0.04553996274584782,0.12912635249301405,0.9905818981209765,-0.016000000000000007,-0.22496149868535165,0.2802328425555495,-0.1302185023160618,0.03107562126237816,0.06118297722952831,0.9891077245250136,-0.016000000000000007,-0.22496149868535165,0.2802328425555495,-0.1302216928891956,0.031593441424807654,0.06051555322016171,0.9891319593352886,-0.015999998051123943,-0.22496149894152762,0.2802328424169091,-0.1302216929017389,0.03159344143214557,0.060515553082236,0.9891319593418413,-0.01599884380584691,-0.22496083083230436,0.28022684026458455,-0.1301746464717857,0.0343606904178659,0.056960900659878314,0.9892569737767678,-0.01599884380584691,-0.22496083083230436,0.28022684026458455,-0.1301746464717857,0.0343606904178659,0.056960900659878314,0.9892569737767678,-0.07774920576273987,-0.5165995210801635,0.7772758613640844,-0.3917730578675718,0.5575403636392129,-0.3103287113977722,-0.07399346014677403,-0.5172266377925218,0.7776533083786833,-0.3744581488869469,0.5534327434691182,-0.28832680727030224,-0.07399346014677403,-0.5172266377925218,0.7776533083786833,-0.3744581488869469,0.5534327434691182,-0.28832680727030224,-0.034304231057308565,0.005437414181053208,-0.0034704462391328948,-0.16051261520415142,0.035225078770788315,-0.2031004524741905,0.001342409116523192,0.002197057003213115,0.00032591452316712297,0.02586959786604453,0.017641023129389272,0.025692851870534605,0.38666666666661964,True,False,1,True,True,0.003323100012494251,4,1.9705240912554254e-09,2.77687732657189e-10,`gtol` termination condition is satisfied.,True,True,0.009999999999999787,0.02203119490030131,1.0,6.14853516057378e-06,0.009013566918067574,6.149008817689882e-06,0.009013567144754566
15.329999999999718,1786132517.475244,0.00677910000376869,0.009052099994732998,0.01,TELEOP,0,,0.0,15.329999999999718,1533,0.0,0.0,0.0,-3.469446951953615e-18,0.03915625379709487,0.13541020564585118,0.990015587753812,2.6322815129058678e-46,5.505358914117803e-38,1.1102731492554918e-25,1.153983294555419e-12,0.04495642677461481,0.129701342711387,0.9905334327474878,-0.016000000000000007,-0.22496149868535165,0.2802328425555495,-0.1302169170694208,0.030823655428899,0.06150760840950152,0.9890956833808747,-0.016000000000000007,-0.22496149868535165,0.2802328425555495,-0.1302201525376094,0.03134152051089315,0.06084023175228927,0.9891202592028306,-0.015999998054422548,-0.22496149894162598,0.2802328424171238,-0.13022015255017647,0.03134152051822618,0.06084023161460946,0.9891202592094124,-0.01599883674453761,-0.22496082811795176,0.2802268437241943,-0.13017335709796685,0.03410896462353486,0.057285910329900096,0.9892470874922151,-0.01599883674453761,-0.22496082811795176,0.2802268437241943,-0.13017335709796685,0.03410896462353486,0.057285910329900096,0.9892470874922151,-0.07809057290644647,-0.5165425284361479,0.7772415684088897,-0.39334609686521854,0.5579131864841015,-0.3123277863778661,-0.07433636777007487,-0.5171720440697761,0.7776186366494788,-0.3760606808317229,0.5537867542121211,-0.29035523488400705,-0.07433636777007487,-0.5171720440697761,0.7776186366494788,-0.3760606808317229,0.5537867542121211,-0.29035523488400705,-0.03429076233008316,0.005459372274558401,-0.0034671729204507097,-0.16025319447760522,0.03540107430029435,-0.20284276137048288,0.0013468727225410954,0.002195809350519326,0.00032733186821850955,0.025942072654619685,0.017599552950603854,0.025769110370762554,0.3883333333332863,True,False,1,True,True,0.0038351999974111095,4,1.9672594768490484e-09,2.7720570574689463e-10,`gtol` termination condition is satisfied.,True,True,0.009999999999999787,0.02200190412746994,1.0,6.146784680885024e-06,0.009013380336839497,6.147259676979296e-06,0.009013380563125476
15.339999999999717,1786132517.4865637,0.009432399994693696,0.010939100000541657,0.01,TELEOP,0,,0.0,15.339999999999717,1534,0.0,0.0,0.0,-3.469446951953614e-18,0.03857240804608353,0.13598421947781755,0.9899598281700804,2.391828668909358e-46,5.002457077201509e-38,1.0088522582745994e-25,1.0484734825136346e-12,0.04437286052630677,0.13027624557885673,0.9904843002726446,-0.016000000000000007,-0.22496149868535165,0.2802328425555495,-0.1302153099829563,0.030571667828783927,0.06183221643968628,0.9890834763468476,-0.016000000000000007,-0.22496149868535165,0.2802328425555495,-0.1302185903456595,0.031089577744023416,0.06116488724836317,0.9891083931763913,-0.015999998057722682,-0.22496149894171757,0.2802328424173462,-0.13021859035824926,0.031089577751351603,0.06116488711092943,0.9891083931830021,-0.015998829738638157,-0.2249608253943794,0.28022684723453334,-0.13017204685262065,0.03385721737426526,0.05761089662601572,0.9892370351133329,-0.015998829738638157,-0.2249608253943794,0.28022684723453334,-0.13017204685262065,0.03385721737426526,0.05761089662601572,0.9892370351133329,-0.07843180132036714,-0.5164853178213216,0.7772073084678106,-0.39491647402348107,0.5582877138761678,-0.3143242166833469,-0.07467914026886655,-0.5171172308916451,0.7775839977853354,-0.3776606114560437,0.5541425207242074,-0.29238107812573183,-0.07467914026886655,-0.5171172308916451,0.7775839977853354,-0.3776606114560437,0.5541425207242074,-0.29238107812573183,-0.03427724987916809,0.0054813178131053126,-0.003463886414349418,-0.1599930624320813,0.0355766512086356,-0.20258432417248423,0.0013512450915068842,0.002194553854691185,0.00032865061012920464,0.02601320455239235,0.017557690834125776,0.02584371979986617,0.3899999999999529,True,False,1,True,True,0.005728499992983416,4,1.963992068217889e-09,2.7672325990294834e-10,`gtol` termination condition is satisfied.,True,True,0.009999999999999787,0.02197255149385907,1.0,6.1449859608962095e-06,0.00901319629566471,6.145462266983277e-06,0.009013196521549574
15.349999999999717,1786132517.4944513,0.011171899997862056,0.007654600005480461,0.01,TELEOP,0,,0.0,15.349999999999717,1535,0.0,0.0,0.0,3.469446951953615e-18,0.037988536317447426,0.13655814172755734,0.989903401871301,2.173340637529787e-46,4.5454941629820125e-38,9.166959317247712e-26,9.526110369278973e-13,0.043789264393940444,0.13085106070824196,0.9904345007295362,-0.016000000000000007,-0.22496149868535165,0.2802328425555495,-0.13021368105694253,0.03031965850433651,0.06215680126432134,0.9890711034250111,-0.016000000000000007,-0.22496149868535165,0.2802328425555495,-0.13021700631361272,0.030837613166511766,0.061489519652627736,0.989096361257993,-0.01599999806102421,-0.22496149894180223,0.2802328424175763,-0.13021700632622424,0.030837613173834908,0.06148951951544023,0.9890963612646331,-0.01599882278412747,-0.22496082266173803,0.28022685079840776,-0.1301707158324409,0.03360544881355038,0.057935859463729866,0.9892268166289816,-0.01599882278412747,-0.22496082266173803,0.28022685079840776,-0.1301707158324409,0.03360544881355038,0.057935859463729866,0.9892268166289816,-0.07877289064082196,-0.5164278893668892,0.7771730815957075,-0.3964841836408263,0.5586639413351511,-0.3163179964986886,-0.07502177721478638,-0.5170621983844363,0.7775493919085537,-0.3792579337796209,0.5545000387811959,-0.2944043296971251,-0.07502177721478638,-0.5170621983844363,0.7775493919085537,-0.3792579337796209,0.5545000387811959,-0.2944043296971251,-0.03426369459198423,0.005503250720871438,-0.003460587678172975,-0.15973223235772915,0.03575180569884904,-0.20232515713933052,0.0013555287183855565,0.0021932907766126636,0.00032987361764428983,0.026083007435215994,0.01751544902134413,0.025916703315372047,0.39166666666661953,True,False,1,True,True,0.00398920000588987,4,1.960721968895771e-09,2.7624034679523624e-10,`gtol` termination condition is satisfied.,True,True,0.009999999999999787,0.021943138557615094,1.0,6.143136883545302e-06,0.009013014961365353,6.143614472123512e-06,0.009013015186848692
15.359999999999717,1786132517.5016086,0.007916000002296641,0.006896299993968569,0.01,TELEOP,0,,0.0,15.359999999999717,1536,0.0,0.0,0.0,-3.469446951953616e-18,0.03740463900441078,0.13713197200854702,0.9898463088954754,1.974810983803532e-46,4.130273756843923e-38,8.329578730169395e-26,8.655127396034469e-13,0.04320563877055279,0.13142578771242044,0.9903840341517014,-0.016000000000000007,-0.22496149868535165,0.2802328425555495,-0.13021203029165737,0.030067627497855708,0.06248136282764268,0.9890585646174727,-0.016000000000000007,-0.22496149868535165,0.2802328425555495,-0.13021540044173952,0.030585626820666886,0.06181412890932459,0.9890841634496863,-0.015999998064326955,-0.22496149894188017,0.280232842417814,-0.13021540045437185,0.030585626827985022,0.061814128772383334,0.9890841634563553,-0.01599881587749468,-0.22496081992018233,0.2802268544182829,-0.130169364120943,0.03335365907064119,0.05826079876296324,0.989216432030145,-0.01599881587749468,-0.22496081992018233,0.2802268544182829,-0.130169364120943,0.03335365907064119,0.05826079876296324,0.989216432030145,-0.07911384050444863,-0.5163702432040266,0.7771388878462779,-0.3980492201024179,0.5590418643744614,-0.31830912009538126,-0.07536427818805777,-0.5170069466751867,0.7775148191321823,-0.38085264095347504,0.5548593041222775,-0.29642498245977905,-0.07536427818805777,-0.5170069466751867,0.7775148191321823,-0.38085264095347504,0.5548593041222775,-0.29642498245977905,-0.034250097327139885,0.005525170924972266,-0.003457277637127809,-0.1594707173854163,0.035926534108157056,-0.20206527626539755,0.001359726484434845,0.0021920204100827744,0.00033100410451657137,0.026151497231286423,0.017472840930802223,0.025988087393298786,0.3933333333332862,True,False,1,True,True,0.0033914000086952,4,1.9574493895912227e-09,2.7575724969845616e-10,`gtol` termination condition is satisfied.,True,True,0.009999999999999787,0.02191366680156348,1.0,6.141235588797342e-06,0.009012836476728223,6.14171443379936e-06,0.00901283670181013
15.369999999999717,1786132517.5095434,0.007130400001187809,0.007700299989664927,0.01,TELEOP,0,,0.0,15.369999999999717,1537,0.0,0.0,0.0,0.0,0.036820716500214845,0.13770570993432515,0.9897885492810544,1.7944165559724057e-46,3.7529827769665796e-38,7.568690928031915e-26,7.863783680218256e-13,0.042621984049200624,0.13200042620432909,0.9903329005731282,-0.016000000000000007,-0.22496149868535165,0.2802328425555495,-0.13021035768738232,0.029815574851635836,0.06280590107388374,0.9890458599263676,-0.016000000000000007,-0.22496149868535165,0.2802328425555495,-0.13021377273031418,0.030333618748792847,0.06213871496269272,0.9890717997535499,-0.0159999980676308,-0.22496149894195125,0.2802328424180593,-0.13021377274296655,0.030333618756105997,0.06213871482599792,0.9890717997602477,-0.015998809015723803,-0.22496081716987115,0.28022685809629244,-0.130167991788965,0.03310184826113356,0.05858571444782604,0.9892058813098327,-0.015998809015723803,-0.22496081716987115,0.28022685809629244,-0.130167991788965,0.03310184826113356,0.05858571444782604,0.9892058813098327,-0.0794546505481978,-0.5163123794638843,0.7771047272720597,-0.3996115778798636,0.5594214785013408,-0.3202975818316819,-0.07570664277716863,-0.5169514758916293,0.7774802795603689,-0.38244472625816345,0.5552203124514569,-0.2984430294322945,-0.07570664277716863,-0.5169514758916293,0.7774802795603689,-0.38244472625816345,0.5552203124514569,-0.2984430294322945,-0.03423645891108658,0.005547078355740093,-0.0034539571813412147,-0.1592085304688459,0.03610083291793797,-0.20180469725154696,0.0013638416053306814,0.0021907430767827705,0.00033204557865944273,0.02621869165703982,0.017429880978091634,0.026057901385060277,0.3949999999999528,True,False,1,True,True,0.004237100001773797,4,1.954174417534001e-09,2.752736340355463e-10,`gtol` termination condition is satisfied.,True,True,0.009999999999999787,0.021884137635602208,1.0,6.13928046402247e-06,0.009012660961564977,6.139760540561681e-06,0.009012661186245217
15.379999999999717,1786132517.5165918,0.00792879999789875,0.006820099995820783,0.01,TELEOP,0,,0.0,15.379999999999717,1538,0.0,0.0,0.0,-6.93889390390723e-18,0.03623676919811803,0.13827935511849263,0.989730123066938,1.6305007429856443e-46,3.410156457757535e-38,6.877308471386239e-26,7.144785793816028e-13,0.04203830062296041,0.13257497579696442,0.9902811000282536,-0.016000000000000007,-0.22496149868535165,0.2802328425555495,-0.13020866324440264,0.029563500607966565,0.06313041594727525,0.98903298935386,-0.016000000000000007,-0.22496149868535165,0.2802328425555495,-0.1302121231796145,0.030081588993189065,0.06246327775696844,0.9890592701716908,-0.015999998070935575,-0.2249614989420158,0.2802328424183121,-0.13021212319228592,0.030081589000497094,0.06246327762052014,0.9890592701784175,-0.015998802196276203,-0.22496081441096683,0.2802268618342502,-0.13016659889521412,0.03285001648760165,0.05891060644638229,0.9891951644629771,-0.015998802196276203,-0.22496081441096683,0.2802268618342502,-0.13016659889521412,0.03285001648760165,0.05891060644638229,0.9891951644629771,-0.07979532040932465,-0.5162542982775853,0.7770705999244365,-0.40117125153094574,0.5598027792170253,-0.3222833761523463,-0.07604887057852133,-0.5168957861621597,0.7774457732887349,-0.3840341831018555,0.5555830594390766,-0.30045846378710067,-0.07604887057852133,-0.5168957861621597,0.7774457732887349,-0.3840341831018555,0.5555830594390766,-0.30045846378710067,-0.034222780135271046,0.005568972946958957,-0.0034506271634047346,-0.15894568436920756,0.03627469876197674,-0.2015434354806207,0.001367877581553353,0.002189459121886418,0.00033300179364804185,0.026284609963834332,0.01738658440387763,0.026126177092626834,0.3966666666666194,True,False,1,True,True,0.0034720999974524602,4,1.9508972749890935e-09,2.747897821031319e-10,`gtol` termination condition is satisfied.,True,True,0.009999999999999787,0.021854552399387384,1.0,6.137270132481916e-06,0.00901248851383947,6.137751416756211e-06,0.009012488738117877
15.389999999999716,1786132517.5280414,0.007089899998391047,0.011179299996001646,0.01,TELEOP,0,,0.0,15.389999999999716,1539,0.0,0.0,0.0,-3.469446951953615e-18,0.03565279749139517,0.13885290717471266,0.9896710302924747,1.481558261390462e-46,3.0986465319686115e-38,6.249082207258216e-26,6.49152959034463e-13,0.041454588884927986,0.13314943610338267,0.9902286325519642,-0.016000000000000007,-0.22496149868535165,0.2802328425555495,-0.13020694696300728,0.02931140480913298,0.06345490739204547,0.9890199529021417,-0.016000000000000007,-0.22496149868535165,0.2802328425555495,-0.13021045178992208,0.029829537596150358,0.06278781723638548,0.9890465747062444,-0.01599999807424116,-0.22496149894207346,0.28023284241857255,-0.13021045180261184,0.02982953760345338,0.06278781710018382,0.989046574713,-0.015998795417071,-0.22496081164363554,0.2802268656336622,-0.13016518548685294,0.03259816384026829,0.05923547469040766,0.9891842814863256,-0.015998795417071,-0.22496081164363554,0.2802268656336622,-0.13016518548685294,0.03259816384026829,0.05923547469040766,0.9891842814863256,-0.08013584972538483,-0.5161959997762324,0.7770365058536464,-0.4027282356993605,0.5601857620169041,-0.32426649758837056,-0.07639096119605897,-0.5168398776157992,0.7774113004047711,-0.3856210050182781,0.5559475407234074,-0.3024712788470707,-0.07639096119605897,-0.5168398776157992,0.7774113004047711,-0.3856210050182781,0.5559475407234074,-0.3024712788470707,-0.03420906175376478,0.005590854636050758,-0.0034472883963769176,-0.1586821916422632,0.03644812843308108,-0.20128150599700642,0.0013718381506268654,0.0021881689091802353,0.0003338767027816959,0.026349272694437452,0.017342967110434614,0.02619294836143001,0.3983333333332861,True,False,1,True,True,0.005685899988748133,4,1.9476180082596707e-09,2.743056297505791e-10,`gtol` termination condition is satisfied.,True,True,0.009999999999999787,0.02182491236524564,1.0,6.1352034420994964e-06,0.00901231921085147,6.1356859110317e-06,0.009012319434728069
15.399999999999716,1786132517.5373752,0.011542300009750761,0.00897110000369139,0.01,TELEOP,0,,0.0,15.399999999999716,1540,0.0,0.0,0.0,-3.469446951953615e-18,0.03506880177333783,0.13942636571671116,0.989611270997462,1.346221331905063e-46,2.8155923193022557e-38,5.678242963151517e-26,5.898001677979644e-13,0.0408708492282183,0.13372380673670006,0.9901754981795954,-0.016000000000000007,-0.22496149868535165,0.2802328425555495,-0.13020520884348885,0.029059287497415445,0.06377937535241979,0.9890067505734332,-0.016000000000000007,-0.22496149868535165,0.2802328425555495,-0.13020875856152211,0.029577464599966876,0.06311233334517487,0.9890337133593741,-0.015999998077547397,-0.2249614989421247,0.2802328424188405,-0.13020875857422914,0.029577464607264757,0.06311233320921993,0.9890337133661585,-0.015998788676463867,-0.22496080886804654,0.2802268694957404,-0.13016375160011653,0.03234629039770539,0.05956031911514227,0.9891732323783297,-0.015998788676463867,-0.22496080886804654,0.2802268694957404,-0.13016375160011653,0.03234629039770539,0.05956031911514227,0.9891732323783297,-0.0804762381342257,-0.5161374840909012,0.7770024451087824,-0.4042825251144381,0.5605704223906806,-0.3262469407567138,-0.0767329142408724,-0.516783750382157,0.7773768609882489,-0.3872051856645555,0.5563137519122888,-0.3044814680819713,-0.0767329142408724,-0.516783750382157,0.7773768609882489,-0.3872051856645555,0.5563137519122888,-0.3044814680819713,-0.03419530448134461,0.005612723364225682,-0.0034439416522266016,-0.15841806462774122,0.036621118888152934,-0.2010189234900636,0.0013757272420163633,0.0021868728174924195,0.0003346744150316193,0.02641270145219629,0.01729904550718577,0.026258250694283457,0.39999999999995267,True,False,1,True,True,0.0048104000015882775,4,1.944336848688108e-09,2.7382114549700834e-10,`gtol` termination condition is satisfied.,True,True,0.009999999999999787,0.02179521874129986,1.0,6.13307945277903e-06,0.009012153110464284,6.1335630841018705e-06,0.009012153333938877
15.409999999999716,1786132517.5452645,0.009305699990363792,0.007554600000730716,0.01,TELEOP,0,,0.0,15.409999999999716,1541,0.0,0.0,0.0,-3.469446951953614e-18,0.034484782437253614,0.13999973035827704,0.9895508452221468,1.2232471187298183e-46,2.5583944560070137e-38,5.1595485671688873e-26,5.358740523802447e-13,0.04028708204596516,0.1342980873100932,0.9901216969469321,-0.016000000000000007,-0.22496149868535165,0.2802328425555495,-0.13020344888614366,0.028807148715089742,0.06410381977262125,0.988993382369983,-0.016000000000000007,-0.22496149868535165,0.2802328425555495,-0.1302070434947035,0.029325370046924155,0.06343682602756506,0.989020686133272,-0.01599999808085412,-0.22496149894216924,0.2802328424191158,-0.1302070435074269,0.029325370054216926,0.06343682589185687,0.989020686140085,-0.015998781973224498,-0.22496080608437233,0.28022687342141706,-0.13016229726095432,0.03209439622755616,0.05988513965904199,0.9891620171390311,-0.015998781973224498,-0.22496080608437233,0.28022687342141706,-0.13016229726095432,0.03209439622755616,0.05988513965904199,0.9891620171390311,-0.08081648527398304,-0.5160787513526496,0.7769684177378046,-0.40583411459087293,0.5609567558225326,-0.32822470036002954,-0.07707472933079243,-0.5167274045913911,0.777342455111642,-0.3887867188189647,0.5566816885848069,-0.3064890251047834,-0.07707472933079243,-0.5167274045913911,0.777342455111642,-0.3887867188189647,0.5566816885848069,-0.3064890251047834,-0.03418150899200383,0.0056345790765869996,-0.003440587660682935,-0.1581533154409277,0.03679366725180946,-0.20075570228120987,0.0013795489340777864,0.002185571236131854,0.000335399154366643,0.026474918681353387,0.017254836365652542,0.026322120885373855,0.4016666666666193,True,False,1,True,True,0.003619399998569861,4,1.9410539322404803e-09,2.7333640989084994e-10,`gtol` termination condition is satisfied.,True,True,0.009999999999999787,0.021765472674742492,1.0,6.130897423782669e-06,0.009011990252360196,6.131382195986157e-06,0.00901199047543283
15.419999999999716,1786132517.552683,0.007782700005918741,0.00719089999620337,0.01,TELEOP,0,,0.0,15.419999999999716,1542,0.0,0.0,0.0,3.469446951953614e-18,0.03390073987646597,0.1405730007132626,0.9894897530072241,1.1115063162483933e-46,2.3246910242138547e-38,4.688235707723127e-26,4.868790104157333e-13,0.039703287731320924,0.1348722774367992,0.9900672288902078,-0.016000000000000007,-0.22496149868535165,0.2802328425555495,-0.1302016670912716,0.028554988504426917,0.06442824059687005,0.9889798482940679,-0.016000000000000007,-0.22496149868535165,0.2802328425555495,-0.1302053065897588,0.02907325397930304,0.06376129522778186,0.9890074930301579,-0.015999998084161256,-0.22496149894220718,0.2802328424193985,-0.1302053066024976,0.029073253986590553,0.06376129509232048,0.9890074930369996,-0.015998775306512655,-0.22496080329278806,0.2802268774113606,-0.1301608224856915,0.03184248138727386,0.06020993626352938,0.9891506357699474,-0.015998775306512655,-0.22496080329278806,0.2802268774113606,-0.1301608224856915,0.03184248138727386,0.06020993626352938,0.9891506357699474,-0.08115659078307348,-0.5160198016925145,0.7769344237875402,-0.4073829990284407,0.5613447577912672,-0.33019977118638616,-0.07741640608997108,-0.5166708403741691,0.7773080828405573,-0.3903655983786279,0.5570513462929934,-0.30849394366792776,-0.07741640608997108,-0.5166708403741691,0.7773080828405573,-0.3903655983786279,0.5570513462929934,-0.30849394366792776,-0.034167675917865355,0.005656421722202398,-0.003437227108474518,-0.15788795596631985,0.036965770818644994,-0.20049185631444433,0.001383307413847732,0.0021842645615398454,0.00033605522084169,0.026535947460785508,0.017210356683554074,0.026384596676555516,0.40333333333328597,True,False,1,True,True,0.0037453999975696206,4,1.9377693304059043e-09,2.7285151044933e-10,`gtol` termination condition is satisfied.,True,True,0.009999999999999787,0.021735675255246167,1.0,6.128656801001408e-06,0.009011830659317998,6.129142692871566e-06,0.009011830881988465
15.429999999999715,1786132517.560611,0.007418900000629947,0.007699699999648146,0.01,TELEOP,0,,0.0,15.429999999999715,1543,0.0,0.0,0.0,-3.469446951953614e-18,0.03331667448431416,0.14114617639558333,0.9894279943938382,1.0099727783073973e-46,2.1123358618025576e-38,4.25997619075241e-26,4.4236298380861266e-13,0.03911946667745631,0.13544637673011595,0.9900120940461056,-0.016000000000000007,-0.22496149868535165,0.2802328425555495,-0.13019986345917656,0.02830280690769342,0.06475263776938404,0.988966148347993,-0.016000000000000007,-0.22496149868535165,0.2802328425555495,-0.13020354784698435,0.02882111643937976,0.06408574089004847,0.9889941340522801,-0.0159999980874686,-0.22496149894223866,0.2802328424196886,-0.13020354785973795,0.02882111644666208,0.06408574075483395,0.9889941340591506,-0.015998768675853647,-0.2249608004934716,0.2802268814659907,-0.13015932728170118,0.03159054592486821,0.0605347088727464,0.9891390882739575,-0.015998768675853647,-0.2249608004934716,0.2802268814659907,-0.13015932728170118,0.03159054592486821,0.0605347088727464,0.9891390882739575,-0.0814965543001889,-0.5159606352415148,0.7769004633036926,-0.4089291734117119,0.5617344237704822,-0.3321721481089813,-0.0777579441484558,-0.5166140578616277,0.7772737442341681,-0.39194181835715997,0.5574227205635357,-0.31049621765942853,-0.0777579441484558,-0.5166140578616277,0.7772737442341681,-0.39194181835715997,0.5574227205635357,-0.31049621765942853,-0.03415380584847229,0.005678251254139903,-0.0034338606389243812,-0.15762199785321268,0.03713742705423628,-0.2002273991500834,0.0013870069393070311,0.0021829531937505595,0.000336646955013689,0.02659581131071847,0.017165623559129338,0.02644571643609419,0.40499999999995256,True,False,1,True,True,0.00432330000330694,4,1.9344832642914727e-09,2.7236633431614773e-10,`gtol` termination condition is satisfied.,True,True,0.009999999999999787,0.021705827518458398,1.0,6.126357203753106e-06,0.009011674338495044,6.126844194430785e-06,0.009011674560763424
15.439999999999715,1786132517.5698192,0.007927200000267476,0.008981199993286282,0.01,TELEOP,0,,0.0,15.439999999999715,1544,0.0,0.0,0.0,0.0,0.03273258665415255,0.1417192570192189,0.9893655694235822,9.177140948374145e-47,1.9193788536117674e-38,3.870837192738079e-26,4.0191740452270863e-13,0.03853561927756006,0.1360203848034025,0.9899562924517574,-0.016000000000000007,-0.22496149868535165,0.2802328425555495,-0.1301980379901658,0.028050603967150953,0.06507701123437826,0.9889522825340917,-0.016000000000000007,-0.22496149868535165,0.2802328425555495,-0.13020176726668012,0.02856895746942586,0.06441016295858552,0.9889806092019156,-0.015999998090776048,-0.2249614989422637,0.28023284241998603,-0.1302017672794473,0.028568957476703037,0.06441016282361789,0.9889806092088146,-0.01599876208111293,-0.2249607976866032,0.2802268855854951,-0.13015781164808507,0.031338589879656,0.060859457433310664,0.9891273746551854,-0.01599876208111293,-0.2249607976866032,0.2802268855854951,-0.13015781164808507,0.031338589879656,0.060859457433310664,0.9891273746551854,-0.08183637546429123,-0.5159012521306527,0.7768665363308463,-0.4104726328097663,0.5621257492287193,-0.3341418260858592,-0.07809934314176009,-0.516557057185333,0.7772394393456493,-0.3935153728822908,0.5577958068994855,-0.3124958410990434,-0.07809934314176009,-0.516557057185333,0.7772394393456493,-0.3935153728822908,0.5577958068994855,-0.3124958410990434,-0.03413989933042976,0.005700067629471985,-0.003430488851876319,-0.15735545251308827,0.03730863359498296,-0.19996234396148663,0.001390651804252773,0.0021816375332081557,0.0003371787048062489,0.02665453401244263,0.01712065407466802,0.026505518859677262,0.4066666666666192,True,False,1,True,True,0.003947999997762963,4,1.9311958409912587e-09,2.7188099543038283e-10,`gtol` termination condition is satisfied.,True,True,0.009999999999999787,0.021675930449552794,1.0,6.1239984112715905e-06,0.009011521282710972,6.12448648013099e-06,0.00901152150457738
15.449999999999715,1786132517.5820007,0.00935550000576768,0.01180690000182949,0.01,TELEOP,0,,0.0,15.449999999999715,1545,0.0,0.0,0.0,0.0,0.03214847677935096,0.14229224219821254,0.9893024781384978,8.338830292779648e-47,1.744048023001548e-38,3.517245144517581e-26,3.6516970003397375e-13,0.03795174592483871,0.13659430127007924,0.9898998241447442,-0.016000000000000007,-0.22496149868535165,0.2802328425555495,-0.1301961906845505,0.02779837972505663,0.06540136093606543,0.9889382508547256,-0.016000000000000007,-0.22496149868535165,0.2802328425555495,-0.1301999648491498,0.028316777111708227,0.06473456137761105,0.9889669184813689,-0.015999998094083437,-0.22496149894228204,0.2802328424202905,-0.13019996486193,0.028316777118980067,0.06473456124289034,0.9889669184882964,-0.015998755522470348,-0.22496079487236514,0.280226889769846,-0.13015627557635392,0.031086613283008865,0.061184181894076366,0.9891154949188884,-0.015998755522470348,-0.22496079487236514,0.280226889769846,-0.13015627557635392,0.031086613283008865,0.061184181894076366,0.9891154949188884,-0.08217605391460653,-0.5158416524909167,0.7768326429124754,-0.41201337237589586,0.5625187296296239,-0.33610880015961525,-0.0784406027104338,-0.5164998384772405,0.7772051682226101,-0.3950862561934775,0.5581706007819544,-0.31449280813438873,-0.0784406027104338,-0.5164998384772405,0.7772051682226101,-0.3950862561934775,0.5581706007819544,-0.31449280813438873,-0.03412595686737064,0.0057218708092494725,-0.0034271123039240374,-0.15708833111866774,0.03747938824688605,-0.19969670353453767,0.0013942463059121147,0.0021803179777488686,0.0003376547952281633,0.026712139442052613,0.017075465190309558,0.026564042694897604,0.40833333333328586,True,False,1,True,True,0.006033700003172271,4,1.9279072046249345e-09,2.7139551739472607e-10,`gtol` termination condition is satisfied.,True,True,0.009999999999999787,0.021645984986815803,1.0,6.1215803495523025e-06,0.00901137147171987,6.122069476355842e-06,0.009011371693184075
15.459999999999715,1786132517.590453,0.012119999999413267,0.008138999997754581,0.01,TELEOP,0,,0.0,15.459999999999715,1546,0.0,0.0,0.0,0.0,0.031564345253293796,0.14286513154667205,0.9892387205810754,7.577097381739438e-47,1.5847332593103862e-38,3.1959529142277685e-26,3.3178197873535297e-13,0.03736784701251633,0.1371681257436282,0.989842689163096,-0.016000000000000007,-0.22496149868535165,0.2802328425555495,-0.13019432154264537,0.02754613422366278,0.06572568681865545,0.9889240533122846,-0.016000000000000007,-0.22496149868535165,0.2802328425555495,-0.13019814059470075,0.028064575408489074,0.06505893609134047,0.9889530618929732,-0.015999998097390646,-0.2249614989422942,0.28023284242060253,-0.13019814060749282,0.028064575415755653,0.06505893595686665,0.9889530618999293,-0.015998749000394177,-0.2249607920509416,0.28022689401881706,-0.13015471905110637,0.030834616159093636,0.061508882205901595,0.9891034490713444,-0.015998749000394177,-0.2249607920509416,0.28022689401881706,-0.13015471905110637,0.030834616159093636,0.061508882205901595,0.9891034490713444,-0.08251558929061886,-0.5157818364532766,0.7767987830909397,-0.4135513873473112,0.5629133604320948,-0.3380730654571048,-0.07878172249963597,-0.516442401869656,0.7771709309075209,-0.3966544626395224,0.5585470976717879,-0.31648711303708527,-0.07878172249963597,-0.516442401869656,0.7771709309075209,-0.3966544626395224,0.5585470976717879,-0.31648711303708527,-0.03411197892021827,0.0057436607584536005,-0.0034237315089236664,-0.1568206446044966,0.03764968898335421,-0.1994304902696568,0.0013977947152365884,0.0021789949204128562,0.0003380795000370894,0.026768651417113702,0.01703007364681642,0.02662132648808685,0.40999999999995246,True,False,1,True,True,0.003629800005001016,4,1.9246175035347813e-09,2.7090987397925014e-10,`gtol` termination condition is satisfied.,True,True,0.009999999999999787,0.021615992025226516,1.0,6.119103079075992e-06,0.009011224873462549,6.119593243028617e-06,0.009011225094524783
15.469999999999715,1786132517.5980706,0.008401999992202036,0.007354199988185428,0.01,TELEOP,0,,0.0,15.469999999999715,1547,0.0,0.0,0.0,-3.469446951953615e-18,0.030980192469380167,0.14343792467876976,0.9891742967942545,6.88494701493978e-47,1.4399715317714566e-38,2.904009988010636e-26,3.014465847078762e-13,0.03678392293383426,0.13774185783759316,0.9897848875452919,-0.016000000000000007,-0.22496149868535165,0.2802328425555495,-0.13019243056476903,0.027293867505217093,0.06604998882635583,0.9889096899091867,-0.016000000000000007,-0.22496149868535165,0.2802328425555495,-0.13019629450364403,0.027812352402025918,0.06538328704398665,0.9889390394390898,-0.015999998100697542,-0.2249614989422999,0.28023284242092167,-0.13019629451644715,0.02781235240928725,0.06538328690975978,0.9889390394460744,-0.0159987425156151,-0.2249607892225181,0.2802268983319999,-0.13015314205069903,0.0305825985256009,0.06183355832142287,0.989091237119743,-0.0159987425156151,-0.2249607892225181,0.2802268983319999,-0.13015314205069903,0.0305825985256009,0.06183355832142287,0.989091237119743,-0.08285498123206625,-0.5157218041486963,0.7767649569075077,-0.4150866730448376,0.5633096370904457,-0.34003461718914085,-0.07912270215871317,-0.5163847474951968,0.7771367274381334,-0.3982199866762116,0.5589252930112093,-0.31847875019894634,-0.07912270215871317,-0.5163847474951968,0.7771367274381334,-0.3982199866762116,0.5589252930112093,-0.31847875019894634,-0.03409796590772111,0.005765437445915571,-0.003420346938744741,-0.1565524036689241,0.037819533942142596,-0.19916371618611292,0.0014013012497161512,0.0021776687461971074,0.0003384570178925462,0.026824093557251127,0.0169844958788389,0.026677408354390995,0.4116666666666191,True,False,1,True,True,0.003434500002185814,4,1.9213268592069854e-09,2.704239761071484e-10,`gtol` termination condition is satisfied.,True,True,0.009999999999999787,0.02158595242001954,1.0,6.1165667803186184e-06,0.009011081445296065,6.1170579609903766e-06,0.009011081665956317
15.479999999999714,1786132517.6056693,0.00758430000860244,0.007369300001300871,0.01,TELEOP,0,,0.0,15.479999999999714,1548,0.0,0.0,0.0,-3.469446951953615e-18,0.03039601882102339,0.14401062120874272,0.9891092068214228,6.25602298747891e-47,1.3084334541035308e-38,2.6387353746427915e-26,2.7388482378310625e-13,0.036199974082050786,0.13831549716558017,0.9897264193302598,-0.016000000000000007,-0.22496149868535165,0.2802328425555495,-0.13019051775124363,0.02704157961196253,0.06637426690337149,0.9888951606478783,-0.016000000000000007,-0.22496149868535165,0.2802328425555495,-0.13019442657629446,0.02756010813457161,0.06570761417975989,0.9889248511221086,-0.015999998104004005,-0.2249614989422991,0.2802328424212479,-0.13019442658910793,0.02756010814182752,0.06570761404577992,0.9889248511291214,-0.01599873606910033,-0.22496078638728176,0.28022690270882106,-0.13015154454790545,0.030330560394457525,0.06215821019483804,0.9890788590720798,-0.01599873606910033,-0.22496078638728176,0.28022690270882106,-0.13015154454790545,0.030330560394457525,0.06215821019483804,0.9890788590720798,-0.08319422937893385,-0.5156615557081248,0.7767311644023484,-0.41661922487261044,0.5637075550545536,-0.3419934506501918,-0.07946354134078547,-0.5163268754867546,0.7771025578478908,-0.39978282286398503,0.5593051822254244,-0.32046771412823044,-0.07946354134078547,-0.5163268754867546,0.7771025578478908,-0.39978282286398503,0.5593051822254244,-0.32046771412823044,-0.03408391820723093,0.005787200844222628,-0.003416959024255662,-0.15628361877734628,0.037988921421508705,-0.19889639292841288,0.0014047700490175375,0.002176339830705699,0.0003387914489079248,0.026878489157782192,0.01693874793661099,0.026732325770004405,0.41333333333328576,True,False,1,True,True,0.003376099994056858,4,1.918035388696242e-09,2.6993811861946523e-10,`gtol` termination condition is satisfied.,True,True,0.009999999999999787,0.021555866990194517,1.0,6.113971742208629e-06,0.00901094113518876,6.1144639189915e-06,0.009010941355446948
15.489999999999714,1786132517.613459,0.0076249999983701855,0.007533600000897422,0.01,TELEOP,0,,0.0,15.489999999999714,1549,0.0,0.0,0.0,3.469446951953615e-18,0.02981182470165095,0.14458322075089305,0.989043450706417,5.684549719110201e-47,1.1889110763955118e-38,2.39769298526453e-26,2.488435889638763e-13,0.035616000850440976,0.13888904334125768,0.9896672845573767,-0.016000000000000007,-0.22496149868535165,0.2802328425555495,-0.1301885831023951,0.026789270586137368,0.06669852099390484,0.9888804655308341,-0.016000000000000007,-0.22496149868535165,0.2802328425555495,-0.1301925368129705,0.027307842648374308,0.06603191744286795,0.9889104969444471,-0.015999998107309857,-0.22496149894229214,0.28023284242158136,-0.13019253682579338,0.027307842655624893,0.06603191730913488,0.9889104969514884,-0.015998729662028116,-0.22496078354542054,0.28022690714855825,-0.1301499265105595,0.030078501772519688,0.06248283778169838,0.9890663149370534,-0.015998729662028116,-0.22496078354542054,0.28022690714855825,-0.1301499265105595,0.030078501772519688,0.06248283778169838,0.9890663149370534,-0.08353333337144968,-0.5156010912625022,0.7766974056145401,-0.4181490383177691,0.5641071097700117,-0.34394956121807696,-0.07980423970234246,-0.5162687859774586,0.7770684221663258,-0.4013429658656508,0.5596867607241811,-0.3224539994459759,-0.07980423970234246,-0.5162687859774586,0.7770684221663258,-0.4013429658656508,0.5596867607241811,-0.3224539994459759,-0.03406983615570072,0.005808950929601576,-0.0034135681565056705,-0.15601430016658416,0.03815784987567972,-0.19862853177454967,0.001408205153020925,0.002175008537894877,0.0003390867749991362,0.026931861076213058,0.016892845417101322,0.026786115386321273,0.41499999999995235,True,False,1,True,True,0.0035429999988991767,4,1.914743293516341e-09,2.6945207993067016e-10,`gtol` termination condition is satisfied.,True,True,0.009999999999999787,0.02152573652196138,1.0,6.111318350045736e-06,0.00901080388287804,6.111811501956302e-06,0.009010804102734382
15.499999999999714,1786132517.6209557,0.007887599989771843,0.007142200003727339,0.01,TELEOP,0,,0.0,15.499999999999714,1550,0.0,0.0,0.0,-3.469446951953614e-18,0.029227610504704127,0.14515572291958817,0.9889770284935222,5.165279215519315e-47,1.0803067921741548e-38,2.178669262113854e-26,2.2609132177119767e-13,0.035032003632296325,0.13946249597835675,0.9896074832664684,-0.016000000000000007,-0.22496149868535165,0.2802328425555495,-0.13018662661855304,0.026536940469975106,0.06702275104215566,0.9888656045605569,-0.016000000000000007,-0.22496149868535165,0.2802328425555495,-0.1301906252139943,0.02705555598567743,0.066356196777516,0.9888959769085517,-0.015999998110615005,-0.2249614989422788,0.28023284242192165,-0.13019062522682562,0.027055555992922576,0.06635619664402981,0.9888959769156213,-0.015998723295762664,-0.22496078069712325,0.2802269116503572,-0.1301482879021811,0.02982642266224304,0.06280744103871021,0.9890536047239671,-0.015998723295762664,-0.22496078069712325,0.2802269116503572,-0.1301482879021811,0.02982642266224304,0.06280744103871021,0.9890536047239671,-0.08387229285007927,-0.5155404109427637,0.7766636805820858,-0.41967610895014035,0.5645082966782852,-0.34590294435365215,-0.08014479690285121,-0.5162104791006408,0.777034320419445,-0.4029004104441534,0.5600700239032783,-0.3244376008824348,-0.08014479690285121,-0.5162104791006408,0.777034320419445,-0.4029004104441534,0.5600700239032783,-0.3244376008824348,-0.034055720050876225,0.005830687681784025,-0.0034101746880746257,-0.1557444578502643,0.038326317909723115,-0.19836014364589014,0.0014116104824496666,0.0021736752182449927,0.0003393468431044758,0.026984231631984462,0.01684680340433998,0.026838812865952882,0.416666666666619,True,False,1,True,True,0.003506100008962676,4,1.9114506647593802e-09,2.6896598783782187e-10,`gtol` termination condition is satisfied.,True,True,0.009999999999999787,0.021495561772101046,1.0,6.108607072082431e-06,0.009010669620987182,6.109101178225e-06,0.009010669840441696
15.509999999999714,1786132517.6282587,0.007400500006042421,0.007045299993478693,0.01,TELEOP,0,,0.0,15.509999999999714,1551,0.0,0.0,0.0,0.0,0.02864337662363756,0.14572812732926121,0.9889099402274725,4.693442874566334e-47,9.81623258785562e-39,1.979652850824038e-26,2.054195978899373e-13,0.034447982820924546,0.14003585469067142,0.9895470154978098,-0.016000000000000007,-0.22496149868535165,0.2802328425555495,-0.13018464830005078,0.026284589305704584,0.06734695699232139,0.988850577739578,-0.016000000000000007,-0.22496149868535165,0.2802328425555495,-0.13018869177969178,0.02680324818871973,0.06668045212790673,0.9888812910168967,-0.015999998113919316,-0.22496149894225928,0.280232842422269,-0.13018869179253073,0.026803248195959407,0.06668045199466735,0.9888812910239946,-0.015998716971829655,-0.22496077784257906,0.2802269162132465,-0.13014662868258023,0.02957432306232739,0.06313201992354747,0.9890407284426342,-0.015998716971829655,-0.22496077784257906,0.2802269162132465,-0.13014662868258023,0.02957432306232739,0.06313201992354747,0.9890407284426342,-0.08421110745552021,-0.5154795148798338,0.7766299893419024,-0.42120043242192606,0.564911111216856,-0.3478535956004999,-0.08048521260437777,-0.5161519549898022,0.7770002526300991,-0.4044551514604042,0.5604549671460173,-0.32641851327361976,-0.08048521260437777,-0.5161519549898022,0.7770002526300991,-0.4044551514604042,0.5604549671460173,-0.32641851327361976,-0.03404157015265668,0.005852411083862428,-0.003406778934584076,-0.1554741016250844,0.03849432427389735,-0.19809123911850007,0.0014149898219548269,0.0021723402078403743,0.00033957534905497254,0.027035622517991346,0.016800636417424464,0.026890452739007874,0.41833333333328565,True,False,1,True,True,0.003564300001016818,4,1.908157644489894e-09,2.6847991206740306e-10,`gtol` termination condition is satisfied.,True,True,0.009999999999999787,0.02146534347121737,1.0,6.105838450249493e-06,0.009010538276092684,6.106333489130533e-06,0.009010538495145461
15.519999999999714,1786132517.6354344,0.007265599997481331,0.006955499993637204,0.01,TELEOP,0,,0.0,15.519999999999714,1552,0.0,0.0,0.0,-6.938893903907228e-18,0.02805912345191941,0.1463004335944109,0.98884218595345,4.264707694916502e-47,8.91954238526576e-39,1.7988161296099186e-26,1.8663735379224888e-13,0.033863938809649274,0.14060911909205892,0.9894858812921242,-0.016000000000000007,-0.22496149868535165,0.2802328425555495,-0.1301826481472254,0.026032217135549856,0.06767113878859678,0.9888353850704564,-0.016000000000000007,-0.22496149868535165,0.2802328425555495,-0.13018673651039256,0.02655091929973521,0.06700468343824025,0.9888664392719847,-0.015999998117222646,-0.22496149894223358,0.2802328424226235,-0.13018673652323842,0.0265509193069695,0.06700468330524768,0.9888664392791108,-0.01599871069189261,-0.22496077498197747,0.2802269208361542,-0.13014494880843694,0.02932220296833336,0.0634565743946743,0.9890276861032893,-0.01599871069189261,-0.22496077498197747,0.2802269208361542,-0.13014494880843694,0.02932220296833336,0.0634565743946743,0.9890276861032893,-0.08454977682869756,-0.5154184032046364,0.7765963319298451,-0.4227220044673792,0.5653155488193808,-0.34980151058460585,-0.08082548647122378,-0.5160932137785809,0.7769662188183358,-0.40600718387118256,0.560841585824593,-0.3283967315579767,-0.08082548647122378,-0.5160932137785809,0.7769662188183358,-0.40600718387118256,0.560841585824593,-0.3283967315579767,-0.03402738668460181,0.005874121122127896,-0.003403381176322881,-0.15520324107783776,0.03866186785757504,-0.19782182843569873,0.0014183468054867802,0.0021710038265467563,0.0003397758261195224,0.02708605472466532,0.016754358367769447,0.0269410682801334,0.41999999999995224,True,False,1,True,True,0.0034549999982118607,4,1.904864362908715e-09,2.6799367548200906e-10,`gtol` termination condition is satisfied.,True,True,0.009999999999999787,0.02143508232688013,1.0,6.1030130874859e-06,0.00901040976974372,6.10350903711072e-06,0.009010409988394943
15.529999999999713,1786132517.642535,0.0071739999984856695,0.006881799999973737,0.01,TELEOP,0,,0.0,15.529999999999713,1553,0.0,0.0,0.0,3.469446951953615e-18,0.027474851383030494,0.14687264132960237,0.9887737657170858,3.875136484911524e-47,8.104762764176935e-39,1.634498425720408e-26,1.6957331263993403e-13,0.03327987199180981,0.14118228879643993,0.9894240806905841,-0.016000000000000007,-0.22496149868535165,0.2802328425555495,-0.13018062616041767,0.025779824001730286,0.06799529637517424,0.98882002655578,-0.016000000000000007,-0.22496149868535165,0.2802328425555495,-0.13018475940642996,0.026298569360953185,0.06732889065271416,0.9888514216763467,-0.01599999812052488,-0.22496149894220163,0.28023284242298474,-0.13018475941928195,0.026298569368181996,0.0673288905199683,0.9888514216835008,-0.01599870445772992,-0.2249607721155078,0.28022692551792167,-0.13014324823385653,0.029070062373269846,0.06378110441117936,0.9890144777165021,-0.01599870445772992,-0.2249607721155078,0.28022692551792167,-0.13014324823385653,0.029070062373269846,0.06378110441117936,0.9890144777165021,-0.08488830061075933,-0.515357076048091,0.7765627083807014,-0.42424082090248466,0.5657216049158336,-0.3517466850140434,-0.0811656181695794,-0.5160342556007218,0.7769322190017359,-0.4075565027271134,0.561229875301421,-0.33037225077319327,-0.0811656181695794,-0.5160342556007218,0.7769322190017359,-0.4075565027271134,0.561229875301421,-0.33037225077319327,-0.03401316983556246,0.005895817785901863,-0.0033999816599865466,-0.15493188559308885,0.0388289476828053,-0.19755192152165904,0.0014216849039353635,0.0021696663773967664,0.00033995163363341436,0.02713554847489109,0.016707982523026313,0.026990691403971,0.4216666666666189,True,False,1,True,True,0.0035207999899284914,4,1.9015709505494568e-09,2.675075629374741e-10,`gtol` termination condition is satisfied.,True,True,0.009999999999999787,0.021404779026629128,1.0,6.100131637544413e-06,0.009010284019427661,6.100628475862995e-06,0.009010284237677487
15.539999999999713,1786132517.6501834,0.007106100005330518,0.0074243999988539144,0.01,TELEOP,0,,0.0,15.539999999999713,1554,0.0,0.0,0.0,0.0,0.026890560810464623,0.14744475014946684,0.9887046795644593,3.521151706268688e-47,7.364411381922233e-39,1.4851907650293516e-26,1.5406914025822838e-13,0.032695782760760836,0.14175536341779885,0.9893616137348108,-0.016000000000000007,-0.22496149868535165,0.2802328425555495,-0.13017858233997204,0.02552740994646042,0.06831942969624356,0.9888045021981648,-0.016000000000000007,-0.22496149868535165,0.2802328425555495,-0.13018276046814095,0.0260461984145982,0.06765307371552359,0.9888362382325417,-0.015999998123825864,-0.2249614989421637,0.28023284242335295,-0.13018276048099803,0.026046198421821525,0.06765307358302437,0.988836238239724,-0.01599869827121298,-0.22496076924335923,0.2802269302573186,-0.13014152691089675,0.0288179012681491,0.06410560993262097,0.9890011032930985,-0.01599869827121298,-0.22496076924335923,0.2802269302573186,-0.13014152691089675,0.0288179012681491,0.06410560993262097,0.9890011032930985,-0.08522667844307096,-0.5152955335411146,0.776529118728202,-0.4257568776246291,0.5661292749326587,-0.35368911467864395,-0.08150560736719352,-0.5159750805900483,0.7768982531957309,-0.40910310317072723,0.5616198309303969,-0.33234506605315184,-0.08150560736719352,-0.5159750805900483,0.7768982531957309,-0.40910310317072723,0.5616198309303969,-0.33234506605315184,-0.033998919761412505,0.005917501067359508,-0.0033965806004973642,-0.154660044361384,0.038995562897597744,-0.19728152799586154,0.0014250074149959116,0.002168328145764552,0.00034010594891824503,0.027184123170484003,0.016661521479244386,0.027039352579750348,0.42333333333328554,True,False,1,True,True,0.004094300005817786,4,1.898277578267134e-09,2.670214585025987e-10,`gtol` termination condition is satisfied.,True,True,0.009999999999999787,0.021374434240850115,1.0,6.09719479581985e-06,0.009010160939480235,6.097692500131406e-06,0.00901016115732881
15.549999999999713,1786132517.6573374,0.007658599992282689,0.006920100000570528,0.01,TELEOP,0,,0.0,15.549999999999713,1555,0.0,0.0,0.0,0.0,0.026306252127728056,0.1480167596687022,0.9886349275420984,3.199502620574658e-47,6.691689390576927e-39,1.3495220147160826e-26,1.3998249445441177e-13,0.0321116715098722,0.1423283425701841,0.9892984804668743,-0.016000000000000007,-0.22496149868535165,0.2802328425555495,-0.13017651668623664,0.0252749750119501,0.06864353869599214,0.9887888120002547,-0.016000000000000007,-0.22496149868535165,0.2802328425555495,-0.1301807396958663,0.025793806502890062,0.0679772325708611,0.9888208889431572,-0.01599999812712552,-0.2249614989421196,0.28023284242372803,-0.1301807397087278,0.025793806510107833,0.06797723243860841,0.9888208889503675,-0.015998692134285116,-0.2249607663657202,0.2802269350530564,-0.13013978479006683,0.028565719642509625,0.06443009091888395,0.9889875628440861,-0.015998692134285116,-0.2249607663657202,0.2802269350530564,-0.13013978479006683,0.028565719642509625,0.06443009091888395,0.9889875628440861,-0.08556490996721106,-0.5152337758146256,0.7764955630050264,-0.4272701706122723,0.5665385542929161,-0.35562879544967096,-0.08184545373306214,-0.5159156888804348,0.776864321413902,-0.4106469804346062,0.5620114480580868,-0.33431517262503413,-0.08184545373306214,-0.5159156888804348,0.776864321413902,-0.4106469804346062,0.5620114480580868,-0.33431517262503413,-0.03398463658686253,0.00593917096134529,-0.0033931781828895917,-0.1543877263878972,0.039161712768991816,-0.1970106571882336,0.0014283174549974942,0.0021669893985783173,0.00034024176077726597,0.027231797348682002,0.01661498713940735,0.0270870807627957,0.42499999999995214,True,False,1,True,True,0.0034746000019367784,4,1.894984304311185e-09,2.665353542863637e-10,`gtol` termination condition is satisfied.,True,True,0.009999999999999787,0.021344048625492107,1.0,6.094203289369574e-06,0.0090100404419383,6.094701836550639e-06,0.009010040659385793
15.559999999999713,1786132517.66475,0.007205300003988668,0.007126999989850447,0.01,TELEOP,0,,0.0,15.559999999999713,1556,0.0,0.0,0.0,3.469446951953615e-18,0.025721925728339038,0.1485886695020734,0.9885645096969795,2.9072354368712813e-47,6.080419001290477e-39,1.2262462917801422e-26,1.2718423319721397e-13,0.03152753863252858,0.1429012258677083,0.9892346809292933,-0.016000000000000007,-0.22496149868535165,0.2802328425555495,-0.1301744291995634,0.025022519240404342,0.06896762331860483,0.9887729559647223,-0.016000000000000007,-0.22496149868535165,0.2802328425555495,-0.1301786970899504,0.025541393668043852,0.06830136716291682,0.9888053738108089,-0.01599999813042368,-0.22496149894206943,0.28023284242410984,-0.1301786971028152,0.025541393675256027,0.06830136703091062,0.9888053738180471,-0.01599868604894198,-0.22496076348277855,0.280226939903801,-0.13013802182079517,0.02831351748490597,0.06475454733004737,0.9889738563805834,-0.01599868604894198,-0.22496076348277855,0.280226939903801,-0.13013802182079517,0.02831351748490597,0.06475454733004737,0.9889738563805834,-0.08590299482496681,-0.5151718029995442,0.7764620412428094,-0.4287806959246141,0.5669494384164282,-0.3575657232794886,-0.08218515693713549,-0.5158560806057829,0.7768304236682596,-0.4121881298396203,0.5624047220248466,-0.33628256580658217,-0.08218515693713549,-0.5158560806057829,0.7768304236682596,-0.4121881298396203,0.5624047220248466,-0.33628256580658217,-0.033970320407335566,0.005960827465184976,-0.0033897745642409265,-0.15411494050141125,0.039327396675979585,-0.19673931815480752,0.0014316179526963069,0.002165650383968579,0.00034036186486654846,0.02727858864859332,0.016568390698777635,0.027133903342608373,0.4266666666666188,True,False,1,True,True,0.003712600009748712,4,1.891691317991621e-09,2.66049219573212e-10,`gtol` termination condition is satisfied.,True,True,0.009999999999999787,0.021313622824636835,1.0,6.091157868549923e-06,0.009009922437336327,6.0916572351323155e-06,0.009009922654382876
15.569999999999713,1786132517.6717737,0.007343899997067638,0.0068069999979343265,0.01,TELEOP,0,,0.0,15.569999999999713,1557,0.0,0.0,0.0,-3.469446951953615e-18,0.025137582005828,0.1491604792644123,0.9884934260765275,2.6416661861905565e-47,5.524986751972774e-39,1.1142315217591313e-26,1.1555537885073189e-13,0.030943384522129275,0.14347401292454856,0.9891702151650353,-0.016000000000000007,-0.22496149868535165,0.2802328425555495,-0.130172319880308,0.024770042674023465,0.06929168350826408,0.9887569340942679,-0.016000000000000007,-0.22496149868535165,0.2802328425555495,-0.1301766326507414,0.025288959952269877,0.06862547743587832,0.9887896928381406,-0.015999998133720217,-0.22496149894201334,0.2802328424244984,-0.130176632663609,0.02528895995947648,0.06862547730411851,0.9887896928454067,-0.01599868001721254,-0.22496076059472053,0.28022694480818555,-0.13013623795186802,0.02806129478336374,0.06507897912626387,0.9889599839137574,-0.01599868001721254,-0.22496076059472053,0.28022694480818555,-0.13013623795186802,0.02806129478336374,0.06507897912626387,0.9889599839137574,-0.0862409326583298,-0.5151096152267928,0.7764285534721469,-0.43028844970125507,0.5673619227199295,-0.3594998942012238,-0.08252471665004435,-0.515796255899998,0.7767965599695033,-0.41372654679325566,0.56279964816587,-0.33824724100351955,-0.08252471665004435,-0.515796255899998,0.7767965599695033,-0.41372654679325566,0.56279964816587,-0.33824724100351955,-0.03395597129088698,0.0059824705784960516,-0.003386369875632452,-0.15384169536354003,0.03949261410234439,-0.19646751969374138,0.001434911644858141,0.0021643113311076026,0.0003404688608474388,0.027324513787121744,0.016521742636480912,0.027179846106615883,0.42833333333328544,True,False,1,True,True,0.0033752000017557293,4,1.8883987556376274e-09,2.6556321702184005e-10,`gtol` termination condition is satisfied.,True,True,0.009999999999999787,0.021283157472906433,1.0,6.088059298856178e-06,0.009009806835442741,6.088559460794745e-06,0.009009807052088573
15.579999999999712,1786132517.6808698,0.007108200006769039,0.008794300010777079,0.01,TELEOP,0,,0.0,15.579999999999712,1558,0.0,0.0,0.0,3.469446951953614e-18,0.02455322135373686,0.1497321885706183,0.9884216767286153,2.4003560739382703e-47,5.020291957346376e-39,1.0124490425812961e-26,1.0499043854358263e-13,0.0303592095720879,0.14404670335494685,0.9891050832175164,-0.016000000000000007,-0.22496149868535165,0.2802328425555495,-0.13017018872882963,0.024517545355002918,0.06961571920914982,0.9887407463916207,-0.016000000000000007,-0.22496149868535165,0.2802328425555495,-0.13017454637859122,0.025036505397773683,0.06894956333393076,0.9887738460278243,-0.015999998137015078,-0.22496149894195122,0.28023284242489355,-0.13017454639146053,0.02503650540497474,0.06894956320241719,0.9887738460351184,-0.01599867404114178,-0.22496075770173168,0.28022694976482143,-0.1301344331318359,0.027809051525800356,0.06540338626765013,0.9889459454547633,-0.01599867404114178,-0.22496075770173168,0.28022694976482143,-0.1301344331318359,0.027809051525800356,0.06540338626765013,0.9889459454547633,-0.08657872310949115,-0.5150472126272998,0.7763950997226052,-0.43179342816185845,0.567776002617208,-0.3614313043284306,-0.08286413254284586,-0.5157362148969681,0.7767627303272621,-0.4152622267880367,0.5631962218121647,-0.34020919370713515,-0.08286413254284586,-0.5157362148969681,0.7767627303272621,-0.4152622267880367,0.5631962218121647,-0.34020919370713515,-0.033941589280151126,0.006004100302995132,-0.003382964224120041,-0.1535679994781081,0.03965736462946703,-0.19619527036156229,0.00143820107358604,0.0021629724499080526,0.0003405651512411167,0.027369588543194972,0.01647505271226395,0.02722493321790897,0.42999999999995203,True,False,1,True,True,0.004727999999886379,4,1.8851066711572755e-09,2.6507736093622205e-10,`gtol` termination condition is satisfied.,True,True,0.009999999999999787,0.021252653197704252,1.0,6.08490835348005e-06,0.009009693545938034,6.08540928642538e-06,0.009009693762183541
15.589999999999712,1786132517.6877728,0.009021099991514347,0.006676599994534627,0.01,TELEOP,0,,0.0,15.589999999999712,1559,0.0,0.0,0.0,-3.469446951953615e-18,0.02396884416561901,0.15030379703565838,0.9883492617015647,2.181089083780522e-47,4.561699867967556e-39,9.199641580821958e-27,9.539079053565158e-14,0.02977501417583216,0.14461929677321006,0.9890392851306015,-0.016000000000000007,-0.22496149868535165,0.2802328425555495,-0.13016803574549138,0.024265027325533407,0.06993973036543953,0.9887243928595376,-0.016000000000000007,-0.22496149868535165,0.2802328425555495,-0.13017243827385544,0.024784030046756035,0.06927362480125679,0.9887578333825606,-0.01599999814030805,-0.2249614989418831,0.28023284242529556,-0.1301724382867259,0.024784030053951495,0.06927362466998942,0.9887578333898827,-0.015998668122774184,-0.22496075480399572,0.2802269547723097,-0.13013260730938914,0.02755678770041149,0.0657277687141879,0.9889317410146916,-0.015998668122774184,-0.22496075480399572,0.2802269547723097,-0.13013260730938914,0.02755678770041149,0.0657277687141879,0.9889317410146916,-0.08691636582083698,-0.5149845953319991,0.7763616800227199,-0.43329562760580786,0.5681916735192477,-0.36335994985474995,-0.08320340428678884,-0.515675957730545,0.776728934750315,-0.41679516540004274,0.5635944382914562,-0.3421684194920301,-0.08320340428678884,-0.515675957730545,0.776728934750315,-0.41679516540004274,0.5635944382914562,-0.3421684194920301,-0.03392717439429903,0.006025716642307302,-0.0033795576947087762,-0.15329386120060684,0.03982164792915244,-0.19592257848949793,0.0014414885852094435,0.002161633931217079,0.00034065294112651124,0.027413827750125595,0.016428329968541655,0.027269187206435445,0.4316666666666187,True,False,1,True,True,0.003351100007421337,4,1.881815252856892e-09,2.6459147403254596e-10,`gtol` termination condition is satisfied.,True,True,0.009999999999999787,0.021222110621295476,1.0,6.081705806586675e-06,0.009009582479035544,6.0822074853709826e-06,0.00900958269488077
15.599999999999712,1786132517.6972637,0.006900400010636076,0.009267400004318915,0.01,TELEOP,0,,0.0,15.599999999999712,1560,0.0,0.0,0.0,0.0,0.023384450835038987,0.15087530427456747,0.9882761810441454,1.981851627363556e-47,4.14499910806273e-39,8.35927554435833e-27,8.666918365710791e-14,0.029190798726803545,0.14519179279371053,0.988972820948604,-0.016000000000000007,-0.22496149868535165,0.2802328425555495,-0.13016586093065996,0.024012488627800848,0.07026371692130835,0.9887078735008041,-0.016000000000000007,-0.22496149868535165,0.2802328425555495,-0.13017030833689328,0.024531533941412935,0.0695976617820366,0.9887416549050783,-0.015999998143599068,-0.22496149894180922,0.2802328424257042,-0.13017030834976392,0.024531533948602663,0.06959766165101518,0.988741654912428,-0.015998662264138742,-0.22496075190169448,0.2802269598292501,-0.13013076043370134,0.027304503296022697,0.0660521264256357,0.9889173706045192,-0.015998662264138742,-0.22496075190169448,0.2802269598292501,-0.13013076043370134,0.027304503296022697,0.0660521264256357,0.9889173706045192,-0.08725386043494544,-0.514921763471834,0.7763282944000128,-0.43479504441185807,0.5686089308343786,-0.3652858270535613,-0.08354253155309876,-0.5156154845345272,0.7766951732467919,-0.4183253582875192,0.5639942929290215,-0.3441249140140277,-0.08354253155309876,-0.5156154845345272,0.7766951732467919,-0.4183253582875192,0.5639942929290215,-0.3441249140140277,-0.033912726630993976,0.006047319601775393,-0.003376150352304006,-0.15301928874765025,0.039985463756530296,-0.19564945219976976,0.001444776330505361,0.002160295946809104,0.0003407342404770348,0.027457245295659426,0.01638158273778601,0.027312628972816826,0.43333333333328533,True,False,1,True,True,0.004201399991870858,4,1.8785246174543353e-09,2.6410585698874736e-10,`gtol` termination condition is satisfied.,True,True,0.009999999999999787,0.021191530362719868,1.0,6.0784524269697125e-06,0.009009473546042186,6.078954826150535e-06,0.009009473761487391
15.609999999999712,1786132517.7083218,0.009656800000811927,0.010668200004147366,0.01,TELEOP,0,,0.0,15.609999999999712,1561,0.0,0.0,0.0,-6.93889390390723e-18,0.022800041755572212,0.15144670990244863,0.9882024348055756,1.80081405298474e-47,3.766363001320327e-39,7.595675006749983e-27,7.8744370507651e-14,0.028606563618457086,0.14576419103088603,0.988905690716286,-0.016000000000000007,-0.22496149868535165,0.2802328425555495,-0.13016366428470588,0.02375992930398632,0.07058767882092891,0.9886911883182339,-0.016000000000000007,-0.22496149868535165,0.2802328425555495,-0.13016815656806777,0.024279017123935587,0.06992167422044795,0.988725310598134,-0.01599999814688801,-0.2249614989417294,0.28023284242611923,-0.13016815658093778,0.024279017131119643,0.06992167408967244,0.9887253106055114,-0.015998656467235015,-0.2249607489950082,0.2802269649342513,-0.13012889245474168,0.027052198302407987,0.06637645936145088,0.9889028342350664,-0.015998656467235015,-0.2249607489950082,0.2802269649342513,-0.13012889245474168,0.027052198302407987,0.06637645936145088,0.9889028342350664,-0.08759120659458146,-0.5148587171777571,0.7762949428809915,-0.4362916750377885,0.569027769968414,-0.36720893227763807,-0.08388151401278206,-0.5155547954426445,0.7766614458243556,-0.41985280118958285,0.5643957810484521,-0.3460786730082451,-0.08388151401278206,-0.5155547954426445,0.7766614458243556,-0.41985280118958285,0.5643957810484521,-0.3460786730082451,-0.03389824596832968,0.00606890918827335,-0.003372742243640055,-0.1527442902063664,0.04014881194306422,-0.19537589942174058,0.0014480662664293972,0.0021589586497956855,0.00034081086639509123,0.027499854128385886,0.01633481865339325,0.027355277802918836,0.4349999999999519,True,False,1,True,True,0.0056794999982230365,4,1.875234869065162e-09,2.6362031883277525e-10,`gtol` termination condition is satisfied.,True,True,0.009999999999999787,0.021160913039533547,1.0,6.0751489721152116e-06,0.009009366659865422,6.075652065937296e-06,0.009009366874910944
15.619999999999711,1786132517.715331,0.010906199997407384,0.006770599997253157,0.01,TELEOP,0,,0.0,15.619999999999711,1562,0.0,0.0,0.0,3.469446951953615e-18,0.022215617320804574,0.15201801353447347,0.9881280230355216,1.6363138434037951e-47,3.422314429482377e-39,6.901827616760904e-27,7.154498347927696e-14,0.02802230924426107,0.14633649109924016,0.9888378944788581,-0.016000000000000007,-0.22496149868535165,0.2802328425555495,-0.1301614458080033,0.023507349396266093,0.07091161600847139,0.9886743373146687,-0.016000000000000007,-0.22496149868535165,0.2802328425555495,-0.13016598296774562,0.02402647963651039,0.07024566206066614,0.9887088004645128,-0.015999998150174728,-0.22496149894164374,0.2802328424265407,-0.1301659829806142,0.024026479643688776,0.07024566193013634,0.988708800471918,-0.01599865073402056,-0.22496074608411482,0.28022697008593866,-0.13012700332355703,0.02679987271057426,0.06670076748072128,0.9888881319169579,-0.01599865073402056,-0.22496074608411482,0.28022697008593866,-0.13012700332355703,0.02679987271057426,0.06670076748072128,0.9888881319169579,-0.08792840394269294,-0.5147954565807309,0.7762616254911566,-0.4377855160200482,0.5694481863247944,-0.3691292619587954,-0.08422035133644945,-0.5154938905885442,0.7766277524903639,-0.4213774899250194,0.5647988979723493,-0.34802969228732317,-0.08422035133644945,-0.5154938905885442,0.7766277524903639,-0.4213774899250194,0.5647988979723493,-0.34802969228732317,-0.03388373236674032,0.0060904854100239,-0.003369333399169331,-0.15246887354365907,0.04031169238971326,-0.19510192790781106,0.0014513601589360645,0.002157622175055029,0.0003408844470724279,0.027541666270735253,0.01628804466490373,0.027397151392953106,0.4366666666666186,True,False,1,True,True,0.0034313000069232658,4,1.8719461729225354e-09,2.6313493696395654e-10,`gtol` termination condition is satisfied.,True,True,0.009999999999999787,0.021130259269392992,1.0,6.071796183781507e-06,0.009009261735462737,6.072299946057676e-06,0.009009261950108904
15.629999999999711,1786132517.7225761,0.006998900003964081,0.007017900003120303,0.01,TELEOP,0,,0.0,15.629999999999711,1563,0.0,0.0,0.0,-3.469446951953615e-18,0.021631177924332504,0.15258921478588214,0.9880529457840981,1.4868403484952084e-47,3.109693901022677e-39,6.271361585264234e-27,6.500327348873264e-14,0.0274380359976968,0.14690869261334266,0.9887694322819793,-0.016000000000000007,-0.22496149868535165,0.2802328425555495,-0.13015920550093013,0.02325474894681161,0.0712355284281036,0.9886573204929786,-0.016000000000000007,-0.22496149868535165,0.2802328425555495,-0.13016378753629726,0.023773921521318946,0.07056962524686404,0.9886921245070283,-0.01599999815345915,-0.2249614989415524,0.2802328424269688,-0.13016378754916372,0.023773921528491594,0.07056962511657978,0.9886921245144612,-0.015998645066399426,-0.22496074316918965,0.28022697528296187,-0.13012509299252226,0.02654752651301413,0.0670250507421066,0.9888732636605898,-0.015998645066399426,-0.22496074316918965,0.28022697528296187,-0.13012509299252226,0.02654752651301413,0.0670250507421066,0.9888732636605898,-0.08826545212240766,-0.5147319818117335,0.776228342255009,-0.4392765639734058,0.5698701753047254,-0.37104681260754113,-0.08455904319415816,-0.51543277010578,0.7765940932520149,-0.42289942039117223,0.565203639022952,-0.34997796773981293,-0.08455904319415816,-0.51543277010578,0.7765940932520149,-0.42289942039117223,0.565203639022952,-0.34997796773981293,-0.03386918577087183,0.0061120482764182305,-0.0033659238349016338,-0.15219304661528918,0.040474105060276114,-0.19482754524897816,0.0014546595868490664,0.002156286639433106,0.0003409564267697245,0.02758269283699063,0.01624126705628617,0.027438265883288997,0.4383333333332852,True,False,1,True,True,0.0034193000028608367,4,1.868658599892759e-09,2.626498032456834e-10,`gtol` termination condition is satisfied.,True,True,0.009999999999999787,0.02109956967147225,1.0,6.068394783903477e-06,0.009009158690238736,6.068899187691097e-06,0.009009158904485805
15.639999999999711,1786132517.731111,0.0074133999878540635,0.008139400000800379,0.01,TELEOP,0,,0.0,15.639999999999711,1564,0.0,0.0,0.0,3.469446951953615e-18,0.02104672395976243,0.15316031327198382,0.9879772031018679,1.3510209125376306e-47,2.8256305366775567e-39,5.698487171371266e-27,5.90603277004706e-14,0.026853744272258312,0.14748079518782958,0.9887003041717575,-0.016000000000000007,-0.22496149868535165,0.2802328425555495,-0.1301569433638679,0.02300212799778949,0.07155941602399087,0.9886401378560622,-0.016000000000000007,-0.22496149868535165,0.2802328425555495,-0.1301615702740969,0.02352134282053803,0.07089356372321205,0.988675282728522,-0.015999998156741142,-0.22496149894145526,0.2802328424274033,-0.13016157028696043,0.023521342827705002,0.07089356359317323,0.9886752827359825,-0.015998639466212033,-0.224960740250406,0.2802269805240022,-0.13012316141556265,0.026295159703926468,0.06734930910378839,0.9888582294760998,-0.015998639466212033,-0.224960740250406,0.2802269805240022,-0.13012316141556265,0.026295159703926468,0.06734930910378839,0.9888582294760998,-0.08860235077702823,-0.5146682930017565,0.7761950931960593,-0.4407648155905852,0.5702937323073223,-0.37296158081271263,-0.08489758925527219,-0.5153714341278016,0.7765604681164731,-0.42441858856291936,0.5656099995227015,-0.35192349532871253,-0.08489758925527219,-0.5153714341278016,0.7765604681164731,-0.42441858856291936,0.5656099995227015,-0.35192349532871253,-0.03385460611140339,0.00613359779784414,-0.0033625135541845612,-0.15191681717471855,0.04063604997495467,-0.1945527588899659,0.001457965946843829,0.0021549521425909732,0.00034102807170724404,0.027622944057063142,0.016194491467856505,0.027478635901227733,0.4399999999999518,True,False,1,True,True,0.004141499986872077,4,1.8653722794914944e-09,2.621647924703189e-10,`gtol` termination condition is satisfied.,True,True,0.009999999999999787,0.021068844867728198,1.0,6.064945469357053e-06,0.009009057444389314,6.0654504875075754e-06,0.009009057658237665
15.64999999999971,1786132517.7381682,0.008362799999304116,0.006833699997514486,0.01,TELEOP,0,,0.0,15.64999999999971,1565,0.0,0.0,0.0,3.469446951953614e-18,0.02046225582071054,0.15373130860815684,0.9879007950398419,1.2276082687433836e-47,2.5675157053814713e-39,5.1779435136675665e-27,5.3660648515786724e-14,0.02626943446145211,0.14805279843740357,0.9886305101947487,-0.016000000000000007,-0.22496149868535165,0.2802328425555495,-0.13015465939720208,0.02274948659136152,0.07188327874029633,0.9886227894068459,-0.016000000000000007,-0.22496149868535165,0.2802328425555495,-0.13015933118152231,0.023268743576339627,0.07121747743387824,0.988658275131864,-0.01599999816002058,-0.22496149894135253,0.28023284242784413,-0.13015933119438203,0.023268743583500808,0.07121747730408463,0.988658275139352,-0.0159986339352262,-0.22496073732793434,0.28022698580777794,-0.13012120854834652,0.026042772279407086,0.0676735425234287,0.9888430293733432,-0.0159986339352262,-0.22496073732793434,0.28022698580777794,-0.13012120854834652,0.026042772279407086,0.0676735425234287,0.9888430293733432,-0.08893909955002949,-0.5146043902818073,0.7761618783368294,-0.4422502676419098,0.5707188527297453,-0.37487356324112414,-0.0852359891883403,-0.5153098827879464,0.7765268770909789,-0.4259349904917361,0.566017974794743,-0.3538662710901512,-0.0852359891883403,-0.5153098827879464,0.7765268770909789,-0.4259349904917361,0.566017974794743,-0.3538662710901512,-0.033839993306812345,0.006155133985519873,-0.003359102549421742,-0.1516401928816798,0.040797527204155526,-0.1942775761438657,0.0014612804591046062,0.0021536187675733486,0.0003411004762819193,0.02766242930387584,0.016147722920085754,0.027518274610020592,0.44166666666661847,True,False,1,True,True,0.003379100002348423,4,1.86208737629047e-09,2.6167997226511855e-10,`gtol` termination condition is satisfied.,True,True,0.009999999999999787,0.021038085484000102,1.0,6.061448909963009e-06,0.009008957921197366,6.061954515049963e-06,0.009008958134647225
15.65999999999971,1786132517.7459908,0.007119700007024221,0.007536199991591275,0.01,TELEOP,0,,0.0,15.65999999999971,1566,0.0,0.0,0.0,-3.469446951953614e-18,0.019877773900802642,0.1543022004098491,0.987823721649479,1.1154690852686205e-47,2.332979068499063e-39,4.704950318293037e-27,4.8754159346839354e-14,0.025685106958796902,0.14862470197683417,0.9885600503979576,-0.016000000000000007,-0.22496149868535165,0.2802328425555495,-0.13015235360132157,0.022496824769684585,0.0722071165211804,0.9886052751482846,-0.016000000000000007,-0.22496149868535165,0.2802328425555495,-0.13015707025895518,0.023016123830890856,0.07154136632302818,0.9886411017199522,-0.01599999816329735,-0.22496149894124412,0.2802328424282913,-0.13015707027181042,0.02301612383804623,0.07154136619347967,0.9886411017274678,-0.015998628475129232,-0.2249607344019424,0.2802269911330508,-0.1301192343484498,0.025790364237609987,0.06799775095813693,0.9888276633618721,-0.015998628475129232,-0.2249607344019424,0.2802269911330508,-0.1301192343484498,0.025790364237609987,0.06799775095813693,0.9888276633618721,-0.08927569808505377,-0.5145402737829115,0.7761286976988618,-0.4437329169749365,0.5711455319673389,-0.3767827566372013,-0.08557424266099102,-0.5152481162194331,0.7764933201829417,-0.4274486223048404,0.5664275601633686,-0.3558062911322133,-0.08557424266099102,-0.5152481162194331,0.7764933201829417,-0.4274486223048404,0.5664275601633686,-0.3558062911322133,-0.03382534726507345,0.006176656851334173,-0.0033556908037178884,-0.15136318131042897,0.040958536862556336,-0.19400200420621727,0.0014646041738896587,0.002152286581430005,0.00034117457038538126,0.027701157125082275,0.016100965840081145,0.027557193764845188,0.4433333333332851,True,False,1,True,True,0.003580899996450171,4,1.8588039871498392e-09,2.611954231012981e-10,`gtol` termination condition is satisfied.,True,True,0.009999999999999787,0.021007292150972967,1.0,6.057905744831682e-06,0.009008860047279153,6.058411909003457e-06,0.009008860260330815
15.66999999999971,1786132517.7528088,0.007757700004731305,0.006596700011868961,0.01,TELEOP,0,,0.0,15.66999999999971,1567,0.0,0.0,0.0,0.0,0.019293278593673777,0.1548729882925782,0.9877459829826867,1.0135735575190334e-47,2.119866812361363e-39,4.275163960204406e-27,4.4296543429828145e-14,0.02510076215782334,0.14919650542095803,0.9884889248288372,-0.016000000000000007,-0.22496149868535165,0.2802328425555495,-0.13015002597661918,0.02224414257491079,0.07253092931080143,0.9885875950833614,-0.016000000000000007,-0.22496149868535165,0.2802328425555495,-0.1301547875067807,0.02276348362635401,0.07186523033482509,0.9886237624957132,-0.015999998166571328,-0.22496149894113002,0.28023284242874463,-0.13015478751963055,0.022763483633503535,0.07186523020552138,0.9886237625032561,-0.01599862308752126,-0.22496073147259502,0.28022699649862914,-0.1301172387754952,0.025537935578880882,0.06832193436444352,0.9888121314509195,-0.01599862308752126,-0.22496073147259502,0.28022699649862914,-0.1301172387754952,0.025537935578880882,0.06832193436444352,0.9888121314509195,-0.08961214602590868,-0.5144759436361158,0.7760955513027271,-0.44521276051409303,0.5715737654137679,-0.3786891578226207,-0.08591234933984389,-0.5151861345553562,0.7764597974000172,-0.4289594802044169,0.5668387509544032,-0.3577435516338981,-0.08591234933984389,-0.5151861345553562,0.7764597974000172,-0.4289594802044169,0.5668387509544032,-0.3577435516338981,-0.03381066788528793,0.006198166407693338,-0.003352278292445973,-0.151085789957652,0.04111907910345395,-0.1937260501684821,0.0014679379785522556,0.002150955635916526,0.00034125112719153756,0.027739135277695764,0.01605422408976163,0.027595403773518955,0.4449999999999517,True,False,1,True,True,0.003342199997860007,4,1.8555222356700839e-09,2.607111790158262e-10,`gtol` termination condition is satisfied.,True,True,0.009999999999999787,0.020976465504987996,1.0,6.054316580864374e-06,0.009008763752787297,6.054823276020617e-06,0.009008763965441242
15.67999999999971,1786132517.7605958,0.0068066999956499785,0.0075769999966723844,0.01,TELEOP,0,,0.0,15.67999999999971,1568,0.0,0.0,0.0,0.0,0.018708770292967917,0.1554436718719317,0.9876675790918199,9.209859511744276e-48,1.9262218692095952e-39,3.884637594486131e-27,4.0246479109454225e-14,0.024516400452073723,0.14976820838467914,0.9884171335352888,-0.016000000000000007,-0.22496149868535165,0.2802328425555495,-0.13014767652349138,0.02199144004918731,0.07285471705331518,0.9885697492150876,-0.016000000000000007,-0.22496149868535165,0.2802328425555495,-0.13015248292538795,0.022510823004886545,0.07218906941342976,0.9886062574621013,-0.01599999816984246,-0.2249614989410105,0.2802328424292043,-0.1301524829382317,0.022510823012030282,0.07218906928437073,0.9886062574696717,-0.015998617773909565,-0.22496072854005406,0.2802270019033732,-0.13011522179126495,0.025285486305864142,0.06864609269828122,0.9887964336493862,-0.015998617773909565,-0.22496072854005406,0.2802270019033732,-0.13011522179126495,0.025285486305864142,0.06864609269828122,0.9887964336493862,-0.08994844301656287,-0.5144113999724862,0.7760624391680296,-0.4466897952603056,0.572003548461158,-0.38059276369593875,-0.08625030889043624,-0.5151239379286824,0.7764263087501699,-0.43046756046691675,0.5672515424955373,-0.3596780488442066,-0.08625030889043624,-0.5151239379286824,0.7764263087501699,-0.43046756046691675,0.5672515424955373,-0.3596780488442066,-0.033795955059235445,0.006219662667378635,-0.0033488649847335378,-0.15080802624999265,0.04127915411341251,-0.19344972103085906,0.0014712826052482263,0.002149625968529769,0.0003413307712435175,0.027776370765937818,0.01600750099585626,0.02763291376230506,0.44666666666661836,True,False,1,True,True,0.004271300000254996,4,1.8522422069673695e-09,2.6022715107108677e-10,`gtol` termination condition is satisfied.,True,True,0.009999999999999787,0.0209456061887226,1.0,6.050681990438047e-06,0.009008668971570374,6.051189187996645e-06,0.009008669183826952
15.68999999999971,1786132517.7676082,0.007798499995260499,0.006790700004785322,0.01,TELEOP,0,,0.0,15.68999999999971,1569,0.0,0.0,0.0,-3.469446951953615e-18,0.018124249392338036,0.15601425076356737,0.987588510029682,8.368560090861852e-48,1.75026594491014e-39,3.529784911401032e-27,3.656637167538668e-14,0.023932022235101786,0.15033981048296924,0.9883446765656623,-0.016000000000000007,-0.22496149868535165,0.2802328425555495,-0.13014530524233836,0.021738717234656472,0.0731784796928751,0.9885517375465028,-0.016000000000000007,-0.22496149868535165,0.2802328425555495,-0.13015015651516962,0.02225814200864104,0.0725128835030006,0.9885885866220995,-0.015999998173110597,-0.2249614989408853,0.2802328424296702,-0.13015015652800638,0.02225814201577893,0.072512883374186,0.9885885866296974,-0.01599861253570408,-0.22496072560447836,0.2802270073461975,-0.13011318335979002,0.02503301642358496,0.06897022591497282,0.9887805699658322,-0.01599861253570408,-0.22496072560447836,0.2802270073461975,-0.13011318335979002,0.02503301642358496,0.06897022591497282,0.9887805699658322,-0.09028458870114257,-0.5143466429231132,0.7760293613134123,-0.4481640182906317,0.572434876500224,-0.3824935712322269,-0.08658812097716469,-0.5150615264722483,0.7763928542417213,-0.4319728594424286,0.5676659301166095,-0.3616097790813507,-0.08658812097716469,-0.5150615264722483,0.7763928542417213,-0.4319728594424286,0.5676659301166095,-0.3616097790813507,-0.033781208672845224,0.006241145643409042,-0.0033454508448652336,-0.15052989755118418,0.04143876210721606,-0.19317302371441267,0.0014746386390219676,0.0021482976030407505,0.0003414139868304236,0.027812869880846497,0.015960799380355765,0.02766973164464078,0.448333333333285,True,False,1,True,True,0.0034549999982118607,4,1.8489640209125406e-09,2.597434028887332e-10,`gtol` termination condition is satisfied.,True,True,0.009999999999999787,0.02091471485173213,1.0,6.047002509876978e-06,0.00900857564129152,6.047510181113098e-06,0.009008575853151173
15.69999999999971,1786132517.7748775,0.007003799997619353,0.007056400005239993,0.01,TELEOP,0,,0.0,15.69999999999971,1570,0.0,0.0,0.0,0.0,0.017539716285445404,0.15658472458321349,0.987508775849524,7.604111431348213e-48,1.5903831883962732e-39,3.2073472023334385e-27,3.3223017436093134e-14,0.0233476279004724,0.15091131133086785,0.9882715539687557,-0.016000000000000007,-0.22496149868535165,0.2802328425555495,-0.13014291213356396,0.021485974173455723,0.0735022171736323,0.988533560080675,-0.016000000000000007,-0.22496149868535165,0.2802328425555495,-0.13014780827652214,0.022005440679765235,0.07283667254769365,0.9885707499787191,-0.015999998176375624,-0.2249614989407547,0.28023284243014207,-0.13014780828935132,0.022005440686897228,0.07283667241912331,0.9885707499863442,-0.015998607374213727,-0.22496072266602365,0.280227012826074,-0.13011112344741632,0.02478052593950754,0.06929433396922406,0.9887645404084707,-0.015998607374213727,-0.22496072266602365,0.280227012826074,-0.13011112344741632,0.02478052593950754,0.06929433396922406,0.9887645404084707,-0.09062058272392842,-0.5142816726191104,0.7759963177565679,-0.4496354267578823,0.5728677449204121,-0.3843915774826948,-0.0869257852632405,-0.5149989003187592,0.7763594338833854,-0.43347537355411614,0.5680819091498409,-0.3635387387320755,-0.0869257852632405,-0.5149989003187592,0.7763594338833854,-0.43347537355411614,0.5680819091498409,-0.3635387387320755,-0.033766428607582936,0.006262615348915195,-0.0033420358335941557,-0.1502514111687617,0.04159790332314434,-0.19289596507247836,0.0014780065262285855,0.0021469705506153586,0.0003415011271077887,0.027848638242247474,0.015914121592828838,0.02770586419343265,0.4499999999999516,True,False,1,True,True,0.0037111000128788874,4,1.845687848069093e-09,2.5925992544293445e-10,`gtol` termination condition is satisfied.,True,True,0.009999999999999787,0.020883792150876157,1.0,6.043278638475161e-06,0.009008483703511025,6.04378675463132e-06,0.009008483914974
15.70999999999971,1786132517.781762,0.00736210000468418,0.006578299988177605,0.01,TELEOP,0,,0.0,15.70999999999971,1571,0.0,0.0,0.0,0.0,0.016955171365959396,0.1571550929466693,0.9874283766050451,6.909493393433423e-48,1.4451053528687339e-39,2.9143634341824582e-27,3.0185421761967646e-14,0.022763217841761274,0.15148271054348275,0.9881977657938152,-0.016000000000000007,-0.22496149868535165,0.2802328425555495,-0.1301404971975759,0.021233210907717598,0.07382592943973548,0.9885152168206999,-0.016000000000000007,-0.22496149868535165,0.2802328425555495,-0.1301454382098457,0.021752719060401975,0.07316043649166254,0.9885527475349992,-0.015999998179637452,-0.2249614989406187,0.28023284243062,-0.13014543822266642,0.02175271906752805,0.07316043636333615,0.9885527475426517,-0.01599860229064374,-0.22496071972484247,0.28022701834203356,-0.13010904202284918,0.02452801486357221,0.06961841681512286,0.988748344985166,-0.01599860229064374,-0.22496071972484247,0.28022701834203356,-0.13010904202284918,0.02452801486357221,0.06961841681512286,0.988748344985166,-0.09095642472935274,-0.5142164891916199,0.7759633085142404,-0.4511040178902522,0.5733021491100261,-0.3862867795743225,-0.08726330141065801,-0.514936059600789,0.7763260476842917,-0.4349750992977196,0.5684994749300266,-0.3654649242510888,-0.08726330141065801,-0.514936059600789,0.7763260476842917,-0.4349750992977196,0.5684994749300266,-0.3654649242510888,-0.03375161474175119,0.006284071797018986,-0.003338619909367494,-0.14997257436034825,0.041756578018566456,-0.19261855190133226,0.0014813865831748408,0.0021456448103790685,0.00034159242266613787,0.027883680841344953,0.015867469542211673,0.027741317114609913,0.45166666666661826,True,False,1,True,True,0.003348300000652671,4,1.8424137623465452e-09,2.587769511334803e-10,`gtol` termination condition is satisfied.,True,True,0.009999999999999787,0.02085283875061933,1.0,6.03951083877071e-06,0.00900839310373281,6.040019370699483e-06,0.009008393314799686
15.71999999999971,1786132517.7902782,0.006782800002838485,0.008312699996167794,0.01,TELEOP,0,,0.0,15.71999999999971,1572,0.0,0.0,0.0,0.0,0.016370615027557742,0.15772535546980462,0.9873473123503924,6.278327110921308e-48,1.3130983124863882e-39,2.6481430573903857e-27,2.7425571579378638e-14,0.022178792452554778,0.15205400773599018,0.9881233120905357,-0.016000000000000007,-0.22496149868535165,0.2802328425555495,-0.13013806043478546,0.020980427479569793,0.07414961643533118,0.9884967077697021,-0.016000000000000007,-0.22496149868535165,0.2802328425555495,-0.13014304631554413,0.02149997719268926,0.07348417527905858,0.9885345792940076,-0.01599999818289596,-0.22496149894047734,0.28023284243110413,-0.1301430463283559,0.021499977199809412,0.07348417515097597,0.9885345793016873,-0.015998597286094006,-0.22496071678108412,0.28022702389316806,-0.130106939057179,0.024275483208211303,0.06994247440614297,0.988731983703433,-0.015998597286094006,-0.22496071678108412,0.28022702389316806,-0.130106939057179,0.024275483208211303,0.06994247440614297,0.988731983703433,-0.09129211436199622,-0.5141510927718094,0.7759303336022362,-0.45256978899093697,0.5737380844563668,-0.38817917470947894,-0.08760066908017501,-0.5148730044507818,0.7762926956539971,-0.43647203324111455,0.5689186227946853,-0.3673883321605898,-0.08760066908017501,-0.5148730044507818,0.7762926956539971,-0.43647203324111455,0.5689186227946853,-0.3673883321605898,-0.03373676695170123,0.0063055150007255015,-0.003335203029458759,-0.14969339433949796,0.04191478646586657,-0.19234079095010329,0.0014847790049953246,0.00214432037065156,0.0003416879908735257,0.027918002085029064,0.015820844730011704,0.02777609512289725,0.4533333333332849,True,False,1,True,True,0.003365600001416169,4,1.8391418877528198e-09,2.5829419700499375e-10,`gtol` termination condition is satisfied.,True,True,0.009999999999999787,0.020821855323233718,1.0,6.035699535239017e-06,0.0090083037914196,6.036208453540915e-06,0.009008304002090715
15.729999999999709,1786132517.8018456,0.008686300003319047,0.011192999998456798,0.01,TELEOP,0,,0.0,15.729999999999709,1573,0.0,0.0,0.0,-6.938893903907228e-18,0.015786047663925468,0.15829551176856105,0.9872655831401608,5.7048164123278e-48,1.1931498107260977e-39,2.4062412978949903e-27,2.4917378273550672e-14,0.02159435212644958,0.15262520252363496,0.9880481929090598,-0.016000000000000007,-0.22496149868535165,0.2802328425555495,-0.13013560184560774,0.020727623931135,0.07447327810456329,0.9884780329308342,-0.016000000000000007,-0.22496149868535165,0.2802328425555495,-0.13014063259402506,0.02124721511876016,0.07380788885403072,0.9885162452588401,-0.01599999818615107,-0.2249614989403305,0.28023284243159413,-0.13014063260682673,0.021247215125874408,0.07380788872619161,0.9885162452665469,-0.015998592361558074,-0.2249607138348947,0.28022702947863076,-0.13010481452388672,0.02402293098834686,0.07026650669515189,0.9887154565704404,-0.015998592361558074,-0.2249607138348947,0.28022702947863076,-0.13010481452388672,0.02402293098834686,0.07026650669515189,0.9887154565704404,-0.09162765126658483,-0.5140854834908789,0.7758973930354275,-0.4540327374377577,0.5741755463458565,-0.39006876016554837,-0.08793788793130455,-0.5148097350010535,0.776259377802487,-0.4379661720239255,0.5693393480841722,-0.36930895904988903,-0.08793788793130455,-0.5148097350010535,0.776259377802487,-0.4379661720239255,0.5693393480841722,-0.36930895904988903,-0.03372188511295517,0.00632694497281981,-0.0033317851510105087,-0.14941387828109753,0.04207252894869105,-0.19206268892992703,0.0014881838746063497,0.0021429972094309238,0.000341787844825022,0.027951605840043546,0.01577424828244836,0.027810202017627038,0.4549999999999515,True,False,1,True,True,0.005757099992479198,4,1.8358722994201378e-09,2.578117762462801e-10,`gtol` termination condition is satisfied.,True,True,0.009999999999999787,0.020790842548889132,1.0,6.0318451145516755e-06,0.009008215719978216,6.032354389945167e-06,0.009008215930254101
15.739999999999709,1786132517.8096156,0.011466600000858307,0.007496599995647557,0.01,TELEOP,0,,0.0,15.739999999999709,1574,0.0,0.0,0.0,3.469446951953615e-18,0.015201469668755161,0.15886556145895153,0.987183189029393,5.1836945930631604e-48,1.0841583279016513e-39,2.1864367061049653e-27,2.2639483061685783e-14,0.021009897257052445,0.1531962945217309,0.9879724082999785,-0.016000000000000007,-0.22496149868535165,0.2802328425555495,-0.13013312143046146,0.020474800304531072,0.07479691439157357,0.9884591923072769,-0.016000000000000007,-0.22496149868535165,0.2802328425555495,-0.1301381970456998,0.020994432880742868,0.07413157716072552,0.9884977454326207,-0.01599999818940266,-0.22496149894017842,0.28023284243209023,-0.13013819705849095,0.02099443288785109,0.07413157703312967,0.9884977454403546,-0.015998587517922977,-0.224960710886417,0.28022703509763686,-0.13010266839883383,0.02377035822137078,0.07059051363442324,0.9886987635930163,-0.015998587517922977,-0.224960710886417,0.28022703509763686,-0.13010266839883383,0.02377035822137078,0.07059051363442324,0.9886987635930163,-0.09196303508798695,-0.514019661480057,0.7758644868277615,-0.455492860682772,0.5746145301641788,-0.3919555332945429,-0.08827495762231694,-0.5147462513837958,0.7762260941401672,-0.43945751235718866,0.5697616461417575,-0.3712268015751123,-0.08827495762231694,-0.5147462513837958,0.7762260941401672,-0.43945751235718866,0.5697616461417575,-0.3712268015751123,-0.03370696910123835,0.006348361725776896,-0.0033283662319856387,-0.14913403332631614,0.042229805758526966,-0.19178425252233164,0.001491601171682277,0.0021416752957086308,0.0003418919024870099,0.02798449547813988,0.01572768098359248,0.027843640759538796,0.45666666666661815,True,False,1,True,True,0.003525799998897128,4,1.8326051445631489e-09,2.573297876935221e-10,`gtol` termination condition is satisfied.,True,True,0.009999999999999787,0.020759801115659338,1.0,6.027947926771388e-06,0.009008128846717802,6.028457529602493e-06,0.00900812905659875
15.749999999999709,1786132517.8166764,0.0077261999977054074,0.006831200007582083,0.01,TELEOP,0,,0.0,15.749999999999709,1575,0.0,0.0,0.0,0.0,0.014616881435746689,0.15943550415706062,0.9871001300735793,4.710176049852565e-48,9.851229656091626e-40,1.9867107567246793e-27,2.056959203661224e-14,0.020425428237979944,0.15376728334566106,0.987895958314331,-0.016000000000000007,-0.22496149868535165,0.2802328425555495,-0.13013061918976912,0.020221956641870913,0.07512052524050147,0.988440185902239,-0.016000000000000007,-0.22496149868535165,0.2802328425555495,-0.13013573967098335,0.020741630520760678,0.07445524014328724,0.9884790798185017,-0.015999998192650626,-0.22496149894002107,0.28023284243259194,-0.130135739683763,0.020741630527862927,0.0744552400159344,0.9884790798262628,-0.015998582755969833,-0.22496070793579068,0.2802270407494638,-0.13010050066023618,0.02351776492711001,0.0709144951756521,0.9886819047776547,-0.015998582755969833,-0.22496070793579068,0.2802270407494638,-0.13010050066023618,0.02351776492711001,0.0709144951756521,0.9886819047776547,-0.0922982654712106,-0.5139536268706079,0.7758316149922676,-0.4569501562518962,0.5750550312964001,-0.393839491522726,-0.08861187781025115,-0.5146825537310791,0.7761928446778469,-0.4409460510230598,0.5701855123136734,-0.37314185645898096,-0.08861187781025115,-0.5146825537310791,0.7761928446778469,-0.4409460510230598,0.5701855123136734,-0.37314185645898096,-0.03369201879342242,0.006369765271676013,-0.003324946232028214,-0.1488538665871145,0.04238661719159598,-0.1915054883868691,0.001495030781592637,0.002140354589911706,0.0003419999957425007,0.028016673920164964,0.015681143306901388,0.027876413546254707,0.4583333333332848,True,False,1,True,True,0.0034746000019367784,4,1.8293405523958666e-09,2.568481624969388e-10,`gtol` termination condition is satisfied.,True,True,0.009999999999999787,0.020728731719430626,1.0,6.024008284286058e-06,0.009008043132784308,6.024518185295662e-06,0.00900804334227093
15.759999999999708,1786132517.8244486,0.007070399995427579,0.007533099997090176,0.01,TELEOP,0,,0.0,15.759999999999708,1576,0.0,0.0,0.0,-3.469446951953614e-18,0.014032283358606568,0.1600053394790452,0.9870164063286584,4.279912333240809e-48,8.951342552050448e-40,1.805229312087876e-27,1.868856902998567e-14,0.019840945462858185,0.15433816861087793,0.9878188430036047,-0.016000000000000007,-0.22496149868535165,0.2802328425555495,-0.13012809512395693,0.019969092985262497,0.07544411059548402,0.9884210137189581,-0.016000000000000007,-0.22496149868535165,0.2802328425555495,-0.13013326047029444,0.020488808080931963,0.07477887774585776,0.9884602484196637,-0.015999998195894892,-0.22496149893985853,0.2802328424330997,-0.13013326048306198,0.020488808088028245,0.0747788776187476,0.988460248427452,-0.015998578076375045,-0.2249607049831522,0.28022704643344987,-0.13009831128862293,0.02326515112777674,0.07123845126997361,0.9886648801305253,-0.015998578076375045,-0.2249607049831522,0.28022704643344987,-0.13009831128862293,0.02326515112777674,0.07123845126997361,0.9886648801305253,-0.09263334206140075,-0.513887379793828,0.7757987775410596,-0.45840462174451546,0.5754970451271033,-0.3957206323502244,-0.08894864815093494,-0.5146186421748578,0.7761596294267145,-0.44243178487456286,0.5706109419491341,-0.37505412049066084,-0.08894864815093494,-0.5146186421748578,0.7761596294267145,-0.44243178487456286,0.5706109419491341,-0.37505412049066084,-0.03367703406838,0.006391155622127343,-0.0033215251132392284,-0.1485733851503103,0.04254296354606706,-0.19122640316799353,0.001498472504242165,0.0021390350451330176,0.0003421118788985789,0.028048143680420766,0.015634635447109014,0.027908521887557346,0.4599999999999514,True,False,1,True,True,0.003566799990949221,4,1.8260785771090931e-09,2.5636702612091276e-10,`gtol` termination condition is satisfied.,True,True,0.009999999999999787,0.020697635063745057,1.0,6.020026465314843e-06,0.009007958543072962,6.020536634737066e-06,0.009007958752165835
15.769999999999708,1786132517.831472,0.007764599999063648,0.006791799998609349,0.01,TELEOP,0,,0.0,15.769999999999708,1577,0.0,0.0,0.0,0.0,0.013447675831048195,0.1605750670411343,0.986932017851016,3.888952214599314e-48,8.133658059083196e-40,1.6403257787730807e-27,1.697981219603989e-14,0.019256449325322562,0.15490894993290374,0.9877410624197348,-0.016000000000000007,-0.22496149868535165,0.2802328425555495,-0.13012554923345482,0.01971620937680885,0.07576767040065603,0.9884016757606996,-0.016000000000000007,-0.22496149868535165,0.2802328425555495,-0.13013075944405564,0.020235965603370182,0.07510248991257669,0.9884412512393157,-0.01599999819913533,-0.2249614989396908,0.2802328424336131,-0.13013075945681027,0.020235965610460458,0.075102489785709,0.9884412512471309,-0.015998573479712105,-0.2249607020286346,0.28022705214899435,-0.13009610026678414,0.023012516847907147,0.0715623818679841,0.9886476896574838,-0.015998573479712105,-0.2249607020286346,0.28022705214899435,-0.13009610026678414,0.023012516847907147,0.0715623818679841,0.9886476896574838,-0.09296826450383676,-0.5138209203810531,0.7757659744853495,-0.45985625483309667,0.575940567040514,-0.3975989533506426,-0.08928526829901245,-0.5145545168469757,0.7761264483983058,-0.4439147108353749,0.5710379304003298,-0.37696359052567285,-0.08928526829901245,-0.5145545168469757,0.7761264483983058,-0.4439147108353749,0.5710379304003298,-0.37696359052567285,-0.033662014807752376,0.0064125327882033015,-0.003318102840861659,-0.1482925960812107,0.04269884511957529,-0.19094700350120364,0.001501926062762287,0.0021377166075959063,0.0003422272377569713,0.028078906909960226,0.015588157350823693,0.02793996667898984,0.46166666666661804,True,False,1,True,True,0.0034524000075180084,4,1.8228193722661444e-09,2.558862261931997e-10,`gtol` termination condition is satisfied.,True,True,0.009999999999999787,0.020666511859563585,1.0,6.01600271217305e-06,0.009007875046122438,6.016513120593471e-06,0.009007875254821893
15.779999999999708,1786132517.8396363,0.007007899999734946,0.007948600003146566,0.01,TELEOP,0,,0.0,15.779999999999708,1578,0.0,0.0,0.0,-3.469446951953615e-18,0.012863059246791183,0.16114468645962965,0.986846964697486,3.533705400919941e-48,7.390667158295137e-40,1.4904858028233344e-27,1.5426990739551838e-14,0.018671940219017486,0.1554796269273307,0.9876626166151048,-0.016000000000000007,-0.22496149868535165,0.2802328425555495,-0.13012298151869645,0.01946330585860806,0.07609120460014987,0.9883821720307573,-0.016000000000000007,-0.22496149868535165,0.2802328425555495,-0.13012823659269296,0.01998310313018384,0.07542607658758126,0.9884220882806944,-0.01599999820237183,-0.22496149893951772,0.2802328424341322,-0.13012823660543418,0.019983103137268095,0.07542607646095574,0.9884220882885365,-0.015998568966453956,-0.22496069907236807,0.28022705789555563,-0.130093867579706,0.022759862114287842,0.07188628691976438,0.988630333364085,-0.015998568966453956,-0.22496069907236807,0.28022705789555563,-0.130093867579706,0.022759862114287842,0.07188628691976438,0.988630333364085,-0.09330303244392953,-0.5137542487636552,0.7757332058354485,-0.4613050532627968,0.5763855924206288,-0.3994744521706727,-0.08962173790797877,-0.514490177879172,0.776093301604467,-0.4453948258996431,0.5714664730224002,-0.37887026348585745,-0.08962173790797877,-0.514490177879172,0.776093301604467,-0.4453948258996431,0.5714664730224002,-0.37887026348585745,-0.03364696089663209,0.006433896780381197,-0.0033146793838852236,-0.14801150642681946,0.042854262207040555,-0.19066729601846433,0.0015053911120287262,0.002136399217789541,0.00034234569764353276,0.028108965439125243,0.01554170874652645,0.027970748273931322,0.4633333333332847,True,False,1,True,True,0.004273099999409169,4,1.819563028386601e-09,2.5540592232362124e-10,`gtol` termination condition is satisfied.,True,True,0.009999999999999787,0.02063536282496975,1.0,6.011937234368371e-06,0.009007792613989988,6.012447852400047e-06,0.009007792822296584
15.789999999999708,1786132517.8466966,0.008192900000722148,0.006815799992182292,0.01,TELEOP,0,,0.0,15.789999999999708,1579,0.0,0.0,0.0,0.0,0.012278433999561246,0.16171419735090573,0.9867612469253496,3.2109095641786706e-48,6.715546762345595e-40,1.3543333630223e-27,1.4016457265675353e-14,0.0180874185375961,0.15605019920982133,0.9875835056425462,-0.016000000000000007,-0.22496149868535165,0.2802328425555495,-0.1301203919801191,0.01921038247275327,0.07641471313809588,0.9883625025324531,-0.016000000000000007,-0.22496149868535165,0.2802328425555495,-0.13012569191663642,0.019730220703476548,0.07574963771500642,0.9884027595470655,-0.015999998205604327,-0.22496149893933992,0.2802328424346572,-0.13012569192936324,0.019730220710554674,0.07574963758862277,0.9884027595549345,-0.01599856453697585,-0.2249606961144796,0.28022706367264993,-0.13009161321449644,0.022507186955874024,0.07221016637490493,0.9886128112555955,-0.01599856453697585,-0.2249606961144796,0.28022706367264993,-0.13009161321449644,0.022507186955874024,0.07221016637490493,0.9886128112555955,-0.09363764552721958,-0.5136873650730446,0.7757004716007734,-0.4627510148510737,0.5768321166513393,-0.4013471265297064,-0.0899580566302204,-0.514425625403087,0.7760601890573113,-0.4468721271318294,0.5718965651733879,-0.38077413635938673,-0.0899580566302204,-0.514425625403087,0.7760601890573113,-0.4468721271318294,0.5718965651733879,-0.38077413635938673,-0.03363187222416331,0.0064552476084934396,-0.0033112547155709077,-0.14773012321863357,0.04300921509877266,-0.19038728735293184,0.0015088672468777909,0.0021350828112242756,0.0003424668314316097,0.028138320818589063,0.015495289173210585,0.02800086655324862,0.4649999999999513,True,False,1,True,True,0.003463700006250292,4,1.8163096789340681e-09,2.5492604769178776e-10,`gtol` termination condition is satisfied.,True,True,0.009999999999999787,0.020604188684815228,1.0,6.007830209736124e-06,0.009007711222115068,6.008341007715969e-06,0.009007711430029285
15.799999999999708,1786132517.8543804,0.007042099998216145,0.007457400002749637,0.01,TELEOP,0,,0.0,15.799999999999708,1580,0.0,0.0,0.0,-3.469446951953615e-18,0.01169380048308999,0.1622835993314101,0.9866748645923358,2.9176003824908667e-48,6.1020970571828106e-40,1.2306181345175153e-27,1.2734632142200053e-14,0.017502884674720037,0.15662066639610855,0.9875037295553382,-0.016000000000000007,-0.22496149868535165,0.2802328425555495,-0.13011778061816393,0.01895743926133262,0.07673819595862179,0.9883426672691372,-0.016000000000000007,-0.22496149868535165,0.2802328425555495,-0.13012312541631954,0.019477318365346923,0.07607317323898481,0.9883832650417221,-0.015999998208832727,-0.22496149893915668,0.28023284243518776,-0.1301231254290314,0.019477318372419013,0.07607317311284274,0.988383265049618,-0.015998560191558545,-0.2249606931550932,0.28022706947984916,-0.1300893371603023,0.022254491403698274,0.07253402018253235,0.9885951233370089,-0.015998560191558545,-0.2249606931550932,0.28022706947984916,-0.1300893371603023,0.022254491403698274,0.07253402018253235,0.9885951233370089,-0.09397210339937462,-0.5136202694406775,0.775667771789862,-0.46419413748728905,0.5772801351165607,-0.40321697421943903,-0.09029422411706102,-0.5143608595502702,0.7760271107691724,-0.44834661166657974,0.5723282022141765,-0.3826752062008167,-0.09029422411706102,-0.5143608595502702,0.7760271107691724,-0.44834661166657974,0.5723282022141765,-0.3826752062008167,-0.03361674868406236,0.006476585281681134,-0.0033078288138909144,-0.14744845347503888,0.043163704078856044,-0.19010698414300162,0.0015123540100956425,0.0021337673187694643,0.00034259016799931914,0.02816697435947003,0.015448898008338607,0.028030320993022162,0.46666666666661794,True,False,1,True,True,0.0040902000037021935,4,1.8130593385074979e-09,2.544466440488975e-10,`gtol` termination condition is satisfied.,True,True,0.009999999999999787,0.02057299017031966,1.0,6.003681785310914e-06,0.009007630849168304,6.004192733999527e-06,0.00900763105669075
15.809999999999707,1786132517.8617065,0.007732700003543869,0.007050599990179762,0.01,TELEOP,0,,0.0,15.809999999999707,1581,0.0,0.0,0.0,-3.469446951953615e-18,0.011109159091114597,0.16285289201766368,0.986587817756621,2.6510843179378875e-48,5.54468456746678e-40,1.1182040067475126e-27,1.1570022826097594e-14,0.016918339024059145,0.15719102810199614,0.9874232884072082,-0.016000000000000007,-0.22496149868535165,0.2802328425555495,-0.13011514743327568,0.018704476266429317,0.07706165300585327,0.9883226662441882,-0.016000000000000007,-0.22496149868535165,0.2802328425555495,-0.13012053709217972,0.01922439615788867,0.07639668310364679,0.9883636047679863,-0.015999998212056908,-0.2249614989389687,0.28023284243572383,-0.13012053710487578,0.019224396164954687,0.07639668297774603,0.988363604775909,-0.01599855593039203,-0.2249606901943299,0.2802270753167793,-0.13008703940821892,0.022001775490773243,0.07285784829133708,0.988577269613061,-0.01599855593039203,-0.2249606901943299,0.2802270753167793,-0.13008703940821892,0.022001775490773243,0.07285784829133708,0.988577269613061,-0.09430640570618647,-0.5135529619980488,0.7756351064103694,-0.4656344191323129,0.5777296432003545,-0.4050839931034771,-0.09063024001881162,-0.5142958804521867,0.7759940667525534,-0.44981827670861296,0.5727613795084144,-0.38457347013117377,-0.09063024001881162,-0.5142958804521867,0.7759940667525534,-0.44981827670861296,0.5727613795084144,-0.38457347013117377,-0.033601590175060946,0.0064979098083614815,-0.003304401661902119,-0.14716650420332256,0.04331772942379721,-0.1898263930357101,0.0015158509001414004,0.002132452668034793,0.00034271519887955025,0.028194927171631967,0.015402534494116858,0.02805911072915196,0.4683333333332846,True,False,1,True,True,0.003580699994927272,4,1.809812232526906e-09,2.539676852306072e-10,`gtol` termination condition is satisfied.,True,True,0.009999999999999787,0.02054176801862234,1.0,5.999492079480432e-06,0.009007551476892322,6.0000031497461975e-06,0.009007551684023448
15.819999999999707,1786132517.8700898,0.007280200006789528,0.00815409999631811,0.01,TELEOP,0,,0.0,15.819999999999707,1582,0.0,0.0,0.0,-6.93889390390723e-18,0.010524510217377494,0.16342207502626102,0.9865001064768293,2.408913881076445e-48,5.038190422834377e-40,1.0160586502298083e-27,1.0511570455208619e-14,0.01633378197929122,0.15776128394335884,0.9873421822523314,-0.016000000000000007,-0.22496149868535165,0.2802328425555495,-0.13011249242590286,0.018451493530121557,0.07738508422391363,0.9883024994610128,-0.016000000000000007,-0.22496149868535165,0.2802328425555495,-0.13011792694465799,0.018971454123190495,0.07672016725312038,0.9883437787292081,-0.015999998215276798,-0.2249614989387756,0.28023284243626545,-0.1301179269573377,0.018971454130250285,0.07672016712746058,0.9883437787371575,-0.015998551753579355,-0.22496068723230792,0.2802270811831176,-0.13008471995119317,0.02174903925198801,0.07318165064960183,0.9885592500882457,-0.015998551753579355,-0.22496068723230792,0.2802270811831176,-0.13008471995119317,0.02174903925198801,0.07318165064960183,0.9885592500882457,-0.0946405520935697,-0.5134854428767004,0.7756024754690797,-0.4670718578181288,0.5781806362870495,-0.40694818111694325,-0.09096610398482438,-0.5142306882402247,0.775961057020073,-0.4512871195326261,0.5731960924224286,-0.3864689253380689,-0.09096610398482438,-0.5142306882402247,0.775961057020073,-0.4512871195326261,0.5731960924224286,-0.3864689253380689,-0.033586396601276755,0.0065192211961968205,-0.0033009732480448373,-0.1468842824013206,0.04347129140142181,-0.18954552068951863,0.0015193573784192185,0.0021311387835339715,0.00034284138572814705,0.02822218020019779,0.015356197762459643,0.028087234619147743,0.4699999999999512,True,False,1,True,True,0.004757100003189407,4,1.8065683799148595e-09,2.534892474353068e-10,`gtol` termination condition is satisfied.,True,True,0.009999999999999787,0.020510522972303324,1.0,5.995261184069625e-06,0.00900747308993245,5.995772346884469e-06,0.009007473296672723
15.829999999999707,1786132517.8775654,0.008392299991101027,0.007237400001031347,0.01,TELEOP,0,,0.0,15.829999999999707,1583,0.0,0.0,0.0,0.0,0.00993985425562613,0.1639911479738706,0.9864117308120322,2.1888651549779706e-48,4.57796334992182e-40,9.232440363987423e-28,9.55056075457178e-15,0.01574921393410173,0.1583314335361427,0.987260411145331,-0.016000000000000007,-0.22496149868535165,0.2802328425555495,-0.13010981559649767,0.018198491094482572,0.07770848955692396,0.9882821669230458,-0.016000000000000007,-0.22496149868535165,0.2802328425555495,-0.13011529497419905,0.018718492303336165,0.07704362563153136,0.9883237869287653,-0.015999998218492295,-0.22496149893857753,0.2802328424368125,-0.13011529498686175,0.018718492310389846,0.07704362550611216,0.9883237869367416,-0.015998547661140963,-0.22496068426914267,0.28022708707859056,-0.13008237878392273,0.021496282724000372,0.0735054272052305,0.9885410647668323,-0.015998547661140963,-0.22496068426914267,0.28022708707859056,-0.13008237878392273,0.021496282724000372,0.0735054272052305,0.9885410647668323,-0.09497454220755959,-0.5134177122082216,0.775569878971915,-0.46850645164743326,0.5786331097613685,-0.4088095362660775,-0.09130181566354952,-0.514165283045704,0.7759280815844093,-0.4527531374832133,0.5736323363251288,-0.38836156907583397,-0.09130181566354952,-0.514165283045704,0.7759280815844093,-0.4527531374832133,0.5736323363251288,-0.38836156907583397,-0.033571167872514254,0.006540519452071413,-0.003297543566373063,-0.1466017950587155,0.04362439027001156,-0.18926437377650918,0.0015228728762501388,0.002129825587459289,0.0003429681671774508,0.02824873426050904,0.015309886858975535,0.02811469130094696,0.47166666666661783,True,False,1,True,True,0.0038017000042600557,4,1.8033279080754078e-09,2.530114460137681e-10,`gtol` termination condition is satisfied.,True,True,0.009999999999999787,0.020479255778874328,1.0,5.990989165450052e-06,0.009007395675662392,5.991500392013968e-06,0.009007395882012595
15.839999999999707,1786132517.8854496,0.007475899998098612,0.007645699995919131,0.01,TELEOP,0,,0.0,15.839999999999707,1584,0.0,0.0,0.0,3.469446951953615e-18,0.009355191599612846,0.1645601104772349,0.9863226908217487,1.9889173723951372e-48,4.159776958457445e-40,8.389078234342615e-28,8.677642480449388e-15,0.015164635282183585,0.15890147649636535,0.9871779751412779,-0.016000000000000007,-0.22496149868535165,0.2802328425555495,-0.1301071169455161,0.017945469001580575,0.07803186894900303,0.9882616686337504,-0.016000000000000007,-0.22496149868535165,0.2802328425555495,-0.13011264118125143,0.018465510740404447,0.07736705818300324,0.988303629370065,-0.015999998221703306,-0.2249614989383747,0.28023284243736507,-0.13011264119389634,0.018465510747452007,0.07736705805782437,0.9883036293780679,-0.015998543653019053,-0.22496068130494704,0.28022709300297055,-0.1300800159027496,0.021243505945125724,0.07382917790577724,0.9885227136528816,-0.015998543653019053,-0.22496068130494704,0.28022709300297055,-0.1300800159027496,0.021243505945125724,0.07382917790577724,0.9885227136528816,-0.09530837569430957,-0.5133497701242485,0.7755373169239373,-0.4699381987932355,0.5790870590085468,-0.4106680566278391,-0.0916373747025945,-0.5140996649998832,0.775895140458242,-0.4542163279747933,0.5740701065879054,-0.3902513986656742,-0.0916373747025945,-0.5140996649998832,0.775895140458242,-0.4542163279747933,0.5740701065879054,-0.3902513986656742,-0.03355590390449922,0.006561804582076177,-0.003294112616725268,-0.14631904915800467,0.04377702627766203,-0.1889829589840259,0.001526396801503939,0.0021285130004764343,0.00034309496477949485,0.028274590071085404,0.015263600765047226,0.028141479248329958,0.4733333333332845,True,False,1,True,True,0.004247099990607239,4,1.8000909345341772e-09,2.5253404241082137e-10,`gtol` termination condition is satisfied.,True,True,0.009999999999999787,0.020447967190243554,1.0,5.986676067411819e-06,0.009007319224006341,5.9871873290065765e-06,0.00900731942996696
15.849999999999707,1786132517.8927636,0.007883099999162368,0.007076399997458793,0.01,TELEOP,0,,0.0,15.849999999999707,1585,0.0,0.0,0.0,0.0,0.008770522643094416,0.1651289621531708,0.9862329865659452,1.8072343585071092e-48,3.779790929171369e-40,7.622755289753733e-28,7.88427754073312e-15,0.014580046417236833,0.15947141244011617,0.9870948742956908,-0.016000000000000007,-0.22496149868535165,0.2802328425555495,-0.13010439647341784,0.017692427293478783,0.07835522234426737,0.9882410045966182,-0.016000000000000007,-0.22496149868535165,0.2802328425555495,-0.13010996556626733,0.01821250947646912,0.0776904648516572,0.9882833060565416,-0.015999998224909762,-0.22496149893816697,0.280232842437923,-0.13010996557889373,0.0182125094835105,0.07769046472671827,0.9882833060645712,-0.01599853972908217,-0.22496067833983135,0.28022709895607417,-0.13007763130555325,0.02099070895522356,0.0741529026984759,0.9885041967502637,-0.01599853972908217,-0.22496067833983135,0.28022709895607417,-0.13007763130555325,0.02099070895522356,0.0741529026984759,0.9885041967502637,-0.09564205220008926,-0.513281616756466,0.7755047893293583,-0.47136709749845296,0.5795424794144547,-0.41252374034950307,-0.09197278074878501,-0.5140338342339683,0.7758622336541937,-0.4556766884915448,0.5745093985845239,-0.3921384114958321,-0.09197278074878501,-0.5140338342339683,0.7758622336541937,-0.4556766884915448,0.5745093985845239,-0.3921384114958321,-0.033540604619051194,0.006583076591498472,-0.003290680404834099,-0.14603605167515685,0.043929199661849445,-0.18870128301579378,0.0015299285448023305,0.0021272009422295323,0.00034322118911695495,0.028299748284783127,0.015217338418742286,0.028167596823211925,0.4749999999999511,True,False,1,True,True,0.0037247000000206754,4,1.7968575210298019e-09,2.5205728606166456e-10,`gtol` termination condition is satisfied.,True,True,0.009999999999999787,0.020416657962164908,1.0,5.98232191172378e-06,0.009007243727255518,5.982833179930208e-06,0.009007243932827197
15.859999999999706,1786132517.9251852,0.03210090000357013,0.00739620000240393,0.01,TELEOP,0,,0.0,15.859999999999706,1586,0.0,0.0,0.0,-3.469446951953614e-18,0.008185847779831834,0.16569770261856986,0.9861426181050352,1.642147668827204e-48,3.434515747100078e-40,6.9264341783816795e-28,7.163093360650076e-15,0.013995447732968413,0.16004124098355668,0.9870111086645362,-0.016000000000000007,-0.22496149868535165,0.2802328425555495,-0.13010165418066616,0.01743936601223541,0.07867854968683136,0.9882201748151687,-0.016000000000000007,-0.22496149868535165,0.2802328425555495,-0.13010726812970264,0.017959488553598982,0.07801384558161223,0.988262816991658,-0.01599999822811156,-0.22496149893795447,0.28023284243848623,-0.13010726814230983,0.017959488560634222,0.07801384545691295,0.9882628169997142,-0.015998535889129972,-0.22496067537390335,0.28022710493775815,-0.1300752249916392,0.020737891795582837,0.07447660153026867,0.9884855140626749,-0.015998535889129972,-0.22496067537390335,0.28022710493775815,-0.1300752249916392,0.020737891795582837,0.07447660153026867,0.9884855140626749,-0.09597557137128344,-0.5132132522366132,0.7754722961915469,-0.4727931460755137,0.5799993663657151,-0.4143765856482631,-0.092308033448227,-0.5139677908791201,0.7758293611847699,-0.4571342165873446,0.5749502076910158,-0.3940226050217576,-0.092308033448227,-0.5139677908791201,0.7758293611847699,-0.4571342165873446,0.5749502076910158,-0.3940226050217576,-0.03352526994419862,0.006604335484814661,-0.0032872469423804356,-0.1457528095799833,0.04408091064918925,-0.18841935259255468,0.001533467485257597,0.002125889331618974,0.00034334624536633507,0.02832420951735549,0.015171098733981227,0.028193042323909394,0.4766666666666177,True,False,1,True,True,0.0036843999987468123,4,1.7936277948103582e-09,2.5158096379990345e-10,`gtol` termination condition is satisfied.,True,True,0.009999999999999787,0.020385328853670948,1.0,5.977926701460843e-06,0.009007169179886643,5.978437948156921e-06,0.009007169385069954
15.869999999999706,1786132517.9327867,0.007617099996423349,0.0073816999938571826,0.01,TELEOP,0,,0.0,15.869999999999706,1587,0.0,0.0,0.0,-3.469446951953614e-18,0.00760116740359007,0.16626633149039857,0.9860515854998801,1.4921412674237916e-48,3.1207806564222808e-40,6.2937203942439335e-28,6.507842225181304e-15,0.013410839623091874,0.16061096174292064,0.9869266783042283,-0.016000000000000007,-0.22496149868535165,0.2802328425555495,-0.1300988900677282,0.017186285199903617,0.07900185092080697,0.9881991792929498,-0.016000000000000007,-0.22496149868535165,0.2802328425555495,-0.13010454887201695,0.017706448013857817,0.07833720031698503,0.9882421621789055,-0.015999998231308606,-0.22496149893773718,0.2802328424390549,-0.1301045488846043,0.017706448020886775,0.07833720019252499,0.9882421621869882,-0.01599853213289804,-0.22496067240726875,0.2802271109479176,-0.13007279696162868,0.02048505450880626,0.07480027434783458,0.9884666655936551,-0.01599853213289804,-0.22496067240726875,0.2802271109479176,-0.13007279696162868,0.02048505450880626,0.07480027434783458,0.9884666655936551,-0.09630893285438966,-0.5131446766964814,0.7754398375130325,-0.4742163429059476,0.5804577152498225,-0.41622659081082586,-0.09264313244636939,-0.5139015350664632,0.7757965230622998,-0.45858890988570694,0.5753925292855695,-0.3959039767662801,-0.09264313244636939,-0.5139015350664632,0.7757965230622998,-0.45858890988570694,0.5753925292855695,-0.3959039767662801,-0.03350989981423947,0.006625581265690311,-0.0032838122469996986,-0.14546932983623678,0.044232159455372566,-0.1881371744522503,0.0015370129959147694,0.002124578087565027,0.0003434695380737226,0.02834797437465189,0.015124880618331941,0.02821781403043918,0.47833333333328437,True,False,1,True,True,0.003842399994027801,4,1.7904018318728172e-09,2.511053989350348e-10,`gtol` termination condition is satisfied.,True,True,0.009999999999999787,0.020353980626505452,1.0,5.973490422000102e-06,0.00900709557837782,5.974001619128698e-06,0.00900709578317332
15.879999999999706,1786132517.9400456,0.00765549999778159,0.006984399995417334,0.01,TELEOP,0,,0.0,15.879999999999706,1588,0.0,0.0,0.0,-3.469446951953614e-18,0.0070164819081378615,0.16683484838569856,0.9859598888117882,1.3558376047503691e-48,2.8357045425465888e-40,5.718803554728483e-28,5.91252036479667e-15,0.012826222481327131,0.16118057433451446,0.9868415832716291,-0.016000000000000007,-0.22496149868535165,0.2802328425555495,-0.13009610413507483,0.01693318489853155,0.07932512599030411,0.9881780180335376,-0.016000000000000007,-0.22496149868535165,0.2802328425555495,-0.13010180779367372,0.0174533878993044,0.07866052900189006,0.9882213416218035,-0.015999998234500813,-0.22496149893751527,0.28023284243962865,-0.13010180780624056,0.017453387906327205,0.07866052887766901,0.9882213416299128,-0.015998528460062684,-0.22496066944003085,0.28022711698648206,-0.13007034721734712,0.020232197138696242,0.07512392109761755,0.9884476513466045,-0.015998528460062684,-0.22496066944003085,0.28022711698648206,-0.13007034721734712,0.020232197138696242,0.07512392109761755,0.9884476513466045,-0.09664213629601619,-0.5130758902679166,0.7754074132955173,-0.4756366864399781,0.5809175214552642,-0.41807375419300213,-0.0929780773880669,-0.5138350669270934,0.7757637192988774,-0.4600407660797215,0.5758363587484222,-0.3977825243197779,-0.0929780773880669,-0.5138350669270934,0.7757637192988774,-0.4600407660797215,0.5758363587484222,-0.3977825243197779,-0.03349449416975201,0.006646813936984613,-0.0032803763422375883,-0.1451856194014609,0.0443829462852684,-0.18785475534978643,0.0015405644487456623,0.002123267129430184,0.00034359047621103036,0.028371043477588148,0.015078682989583432,0.028241910246388134,0.47999999999995097,True,False,1,True,True,0.003326799997012131,4,1.787179772178805e-09,2.5063023052814296e-10,`gtol` termination condition is satisfied.,True,True,0.009999999999999787,0.020322614044545773,1.0,5.969013043159796e-06,0.009007022921027771,5.969524163194196e-06,0.009007023125436062
15.889999999999706,1786132517.9479954,0.007218400001875125,0.0077163999958429486,0.01,TELEOP,0,,0.0,15.889999999999706,1589,0.0,0.0,0.0,-3.469446951953614e-18,0.00643179168724739,0.1674032529215868,0.985867528102515,1.2319849672337448e-48,2.576669474053315e-40,5.196404042271402e-28,5.3716525585251196e-15,0.012241596701400188,0.16175007837471733,0.9867558236240479,-0.016000000000000007,-0.22496149868535165,0.2802328425555495,-0.13009329638318043,0.016680065150162335,0.07964837483943038,0.9881566910405363,-0.016000000000000007,-0.22496149868535165,0.2802328425555495,-0.1300990448951399,0.017200308251992483,0.07898383158043953,0.9882003553238997,-0.015999998237688096,-0.22496149893728856,0.2802328424402075,-0.13009904490768537,0.017200308259008878,0.07898383145645696,0.9882003553320355,-0.015998524870245803,-0.2249606664722909,0.2802271230534132,-0.13006787576171375,0.01997931973014063,0.0754475417258533,0.9884284713248005,-0.015998524870245803,-0.2249606664722909,0.2802271230534132,-0.13006787576171375,0.01997931973014063,0.0754475417258533,0.9884284713248005,-0.09697518134288108,-0.513006893082822,0.7753750235398797,-0.4770541751961187,0.5813787803716325,-0.41991807421930627,-0.0933128679176425,-0.5137683865920858,0.7757309499063028,-0.4614897829319876,0.5762816914617539,-0.39965824534034206,-0.0933128679176425,-0.5137683865920858,0.7757309499063028,-0.4614897829319876,0.5762816914617539,-0.39965824534034206,-0.0334790529575603,0.006668033500757674,-0.003276939257466187,-0.144901685226615,0.04453327133316984,-0.18757210205642116,0.0015441212191712995,0.0021219563773061927,0.0003437084771401466,0.028393417484590587,0.015032504790143952,0.028265329336527728,0.4816666666666176,True,False,1,True,True,0.004400299992994405,4,1.7839616723612813e-09,2.501558312497349e-10,`gtol` termination condition is satisfied.,True,True,0.009999999999999787,0.020291229873224237,1.0,5.9644945213771085e-06,0.009006951207776405,5.965005537068647e-06,0.009006951411798098
15.899999999999705,1786132517.9551556,0.007937400005175732,0.006939599988982081,0.01,TELEOP,0,,0.0,15.899999999999705,1590,0.0,0.0,0.0,0.0,0.005847097134693946,0.16797154471525602,0.9857745034342632,1.1194459824481557e-48,2.3412966615188578e-40,4.721724520194083e-28,4.880522526916343e-15,0.011656962677042875,0.1623194734799816,0.986669399419242,-0.016000000000000007,-0.22496149868535165,0.2802328425555495,-0.13009046681252334,0.01642692599683402,0.07997159741229115,0.9881351983175788,-0.016000000000000007,-0.22496149868535165,0.2802328425555495,-0.13009626017688633,0.016947209113970792,0.07930710799674344,0.9881792032887701,-0.015999998240870388,-0.22496149893705725,0.2802328424407917,-0.13009626018941006,0.016947209120980994,0.07930710787299906,0.9881792032969322,-0.015998521363019817,-0.22496066350414842,0.2802271291487015,-0.13006538259863262,0.01972642232900155,0.07577113617859578,0.9884091255314137,-0.015998521363019817,-0.22496066350414842,0.2802271291487015,-0.13006538259863262,0.01972642232900155,0.07577113617859578,0.9884091255314137,-0.09730806764181105,-0.5129376852731584,0.7753426682461785,-0.47846880776076556,0.5818414873897424,-0.42175954938254884,-0.09364750367894907,-0.513701494192503,0.7756982148960251,-0.46293595827454254,0.5767285228095856,-0.4015311375539301,-0.09364750367894907,-0.513701494192503,0.7756982148960251,-0.46293595827454254,0.5767285228095856,-0.4015311375539301,-0.03346357613065843,0.006689239958282988,-0.003273501027763643,-0.1446175342554929,0.044683134783175475,-0.18728922135880746,0.0015476826901865068,0.002120645752531447,0.00034382297025440896,0.028415097112212177,0.0149863450005637,0.02828806976137207,0.48333333333328427,True,False,1,True,True,0.0033399000094505027,4,1.7807476159674666e-09,2.4968205419630533e-10,`gtol` termination condition is satisfied.,True,True,0.009999999999999787,0.020259828878964214,1.0,5.959934801542353e-06,0.009006880440029553,5.960445685663826e-06,0.009006880643665394
15.909999999999705,1786132517.9665864,0.007297100004507229,0.011072499997681007,0.01,TELEOP,0,,0.0,15.909999999999705,1591,0.0,0.0,0.0,0.0,0.005262398644255845,0.16853972338397474,0.985680814869683,1.0171871743152157e-48,2.127424612446014e-40,4.290405877456905e-28,4.4343191228299336e-15,0.011072320801992575,0.1628887592668329,0.986582310715416,-0.016000000000000007,-0.22496149868535165,0.2802328425555495,-0.13008761542358563,0.016173767480579613,0.08029479365298958,0.9881135398683257,-0.016000000000000007,-0.22496149868535165,0.2802328425555495,-0.1300934536393875,0.016694090527283004,0.0796303581949095,0.9881578855200185,-0.01599999824404759,-0.22496149893682124,0.28023284244138086,-0.1300934536518888,0.016694090534286977,0.07963035807140299,0.988157885528207,-0.01599851793791231,-0.2249606605357009,0.2802271352723633,-0.13006286773288508,0.019473504982005677,0.0760947044017423,0.9883896139695244,-0.01599851793791231,-0.2249606605357009,0.2802271352723633,-0.13006286773288508,0.019473504982005677,0.0760947044017423,0.9883896139695244,-0.0976407948397386,-0.5128682669709477,0.7753103474136672,-0.47988058278778156,0.5823056379017476,-0.4235981782434231,-0.09398198431543002,-0.5136343898594024,0.7756655142790876,-0.46437929000878203,0.5771768481776826,-0.4034011987545073,-0.09398198431543002,-0.5136343898594024,0.7756655142790876,-0.46437929000878203,0.5771768481776826,-0.4034011987545073,-0.03344806364809629,0.0067104333100617124,-0.003270061693754077,-0.14433317342395116,0.044832536809689995,-0.18700612005772144,0.0015512482562139488,0.002119335177872436,0.0003439334009566001,0.02843608315417495,0.01494020265145202,0.028310130108603664,0.48499999999995086,True,False,1,True,True,0.005527799992705695,4,1.7775377143124331e-09,2.4920878150421844e-10,`gtol` termination condition is satisfied.,True,True,0.009999999999999787,0.02022841182861873,1.0,5.955333818312047e-06,0.009006810620488208,5.955844544300748e-06,0.009006810823738809
15.919999999999705,1786132517.9786053,0.011448399993241765,0.011643599995295517,0.01,TELEOP,0,,0.0,15.919999999999705,1592,0.0,0.0,0.0,0.0,0.004677696609713928,0.16910778854508796,0.9855864624718713,9.24269472412253e-49,1.93308928169102e-40,3.8984871977580187e-28,4.028895272956135e-15,0.010487671469991963,0.16345793535187053,0.9864945575712222,-0.016000000000000007,-0.22496149868535165,0.2802328425555495,-0.13008474221685268,0.015920589643427057,0.08061796350562667,0.9880917156964661,-0.016000000000000007,-0.22496149868535165,0.2802328425555495,-0.13009062528312157,0.016440952533967768,0.07995358211904327,0.9881364020212775,-0.015999998247219652,-0.2249614989365809,0.280232842441975,-0.13009062529559978,0.01644095254096543,0.0799535819957742,0.9881364020294924,-0.015998514594410807,-0.22496065756704423,0.28022714142443816,-0.13006033117002508,0.01922056773663847,0.0764182463410575,0.9883699366421371,-0.015998514594410807,-0.22496065756704423,0.28022714142443816,-0.13006033117002508,0.01922056773663847,0.0764182463410575,0.9883699366421371,-0.09797336258370173,-0.5127986383082714,0.7752780610407939,-0.4812894989980896,0.5827712273012537,-0.4254339594300987,-0.09431630947017834,-0.5135670737238439,0.7756328480660734,-0.46581977610537173,0.5776266629534629,-0.4052684268041724,-0.09431630947017834,-0.5135670737238439,0.7756328480660734,-0.46581977610537173,0.5776266629534629,-0.4052684268041724,-0.033432515474832517,0.006731613555841926,-0.0032666213014229738,-0.14404860965897437,0.04498147757802915,-0.18672280496651647,0.0015548173263778393,0.0021180245780214524,0.0003440392331103539,0.028456376497678952,0.014894076833916157,0.028331509120498033,0.4866666666666175,True,False,1,True,True,0.0059883000067202374,4,1.7743320649146044e-09,2.4873624073683275e-10,`gtol` termination condition is satisfied.,True,True,0.009999999999999787,0.0201969794889158,1.0,5.950691498447113e-06,0.009006741752983133,5.951202039914919e-06,0.009006741955849114
15.929999999999705,1786132517.9874601,0.012000800008536316,0.008497400005580857,0.01,TELEOP,0,,0.0,15.929999999999705,1593,0.0,0.0,0.0,0.0,0.004092991424851617,0.1696757398160167,0.9854914463043724,8.398395882334373e-49,1.7565060351032916e-40,3.5423693853626154e-28,3.6605917949628094e-15,0.009903015074788756,0.16402700135176768,0.9864061400457601,-0.016000000000000007,-0.22496149868535165,0.2802328425555495,-0.1300818471928141,0.01566739252739922,0.08094110691430123,0.9880697258057174,-0.016000000000000007,-0.22496149868535165,0.2802328425555495,-0.13008777510857053,0.01618779517605867,0.08027677971324809,0.9881147527962078,-0.01599999825038643,-0.22496149893633596,0.28023284244257424,-0.13008777512102504,0.01618779518305007,0.08027677959021602,0.9881147528044489,-0.015998511331967346,-0.2249606545982728,0.2802271476049858,-0.13005777291627818,0.018967610641041355,0.07674176194219647,0.9883500935521962,-0.015998511331967346,-0.2249606545982728,0.2802271476049858,-0.13005777291627818,0.018967610641041355,0.07674176194219647,0.9883500935521962,-0.09830577052084268,-0.5127287994172766,0.7752458091252104,-0.4826955551792623,0.5832382509834291,-0.42726689163781306,-0.09465047878599392,-0.5134995459168975,0.7756002162670543,-0.46725741460414766,0.578077962525914,-0.4071328196332657,-0.09465047878599392,-0.5134995459168975,0.7756002162670543,-0.46725741460414766,0.578077962525914,-0.4071328196332657,-0.03341693158155782,0.006752780694637984,-0.0032631799019037016,-0.14376384987759497,0.04512995724511436,-0.186439282909335,0.0015583893274700306,0.0021167138796058084,0.0003441399519272235,0.028475978137939423,0.014847966708520765,0.028352205718147387,0.48833333333328416,True,False,1,True,True,0.004493899992667139,4,1.7711307675785956e-09,2.4826436080972536e-10,`gtol` termination condition is satisfied.,True,True,0.009999999999999787,0.020165532625926297,1.0,5.9460077622442e-06,0.009006673842315049,5.946518093047571e-06,0.009006674044797209
15.939999999999705,1786132517.9952846,0.008752099995035678,0.007569499997771345,0.01,TELEOP,0,,0.0,15.939999999999705,1594,0.0,0.0,0.0,0.0,0.0035082834834541665,0.17024357681425908,0.9853957664311772,7.631221792095609e-49,1.5960532607450639e-40,3.218782113628785e-28,3.32591213684369e-15,0.009318352010135419,0.1645959568832717,0.9863170581985772,-0.016000000000000007,-0.22496149868535165,0.2802328425555495,-0.13007893035196297,0.015414176174513893,0.08126422382310983,0.9880475701998249,-0.016000000000000007,-0.22496149868535165,0.2802328425555495,-0.13008490311621998,0.015934618495584234,0.08059995092162506,0.9880929378484979,-0.015999998253547896,-0.22496149893608666,0.28023284244317825,-0.13008490312864984,0.015934618502569192,0.0805999507988296,0.9880929378567654,-0.01599850815000292,-0.22496065162947954,0.2802271538140833,-0.1300551929784433,0.01871463374391297,0.07706525115072647,0.988330084702599,-0.01599850815000292,-0.22496065162947954,0.2802271538140833,-0.1300551929784433,0.01871463374391297,0.07706525115072647,0.988330084702599,-0.09863801829840622,-0.5126587504301738,0.7752135916637813,-0.48409875018510484,0.5837067043451206,-0.4290969736284556,-0.09498449190543884,-0.5134318065696499,0.7755676188915419,-0.46869220361400443,0.5785307422855165,-0.40899437524045673,-0.09498449190543884,-0.5134318065696499,0.7755676188915419,-0.46869220361400443,0.5785307422855165,-0.40899437524045673,-0.033401311944492106,0.006773934724754032,-0.0032597375512401915,-0.14347890098568233,0.04527797596024829,-0.18615556071910566,0.0015619637065717013,0.0021154030116047615,0.0003442350663510403,0.028494889191264576,0.014801871513393159,0.02837221902293625,0.48999999999995075,True,False,1,True,True,0.003630799998063594,4,1.7679339121028308e-09,2.4779317652520437e-10,`gtol` termination condition is satisfied.,True,True,0.009999999999999787,0.020134072004547365,1.0,5.941282524935013e-06,0.0090066068941023,5.941792619504972e-06,0.009006607096201134
15.949999999999704,1786132518.002456,0.0077997000043978915,0.006941600004211068,0.01,TELEOP,0,,0.0,15.949999999999704,1595,0.0,0.0,0.0,-3.469446951953615e-18,0.002923573179308942,0.17081129915738996,0.9852994229167243,6.934127285265346e-49,1.4502574771883156e-40,2.924753792709291e-28,3.021508824391228e-15,0.008733682669788915,0.16516480156320418,0.9862273120896679,-0.016000000000000007,-0.22496149868535165,0.2802328425555495,-0.13007599169479608,0.015160940626783762,0.08158731417614681,0.9880252488825624,-0.016000000000000007,-0.22496149868535165,0.2802328425555495,-0.13008200930655936,0.015681422534567915,0.08092309568827309,0.9880709571818652,-0.015999998256703975,-0.22496149893583275,0.2802328424437873,-0.13008200931896438,0.01568142254154665,0.08092309556571389,0.9880709571901589,-0.015998505047911768,-0.2249606486607561,0.28022716005182235,-0.13005259136379854,0.018461637094415038,0.07738871391214716,0.98830991009621,-0.015998505047911768,-0.2249606486607561,0.28022716005182235,-0.13005259136379854,0.018461637094415038,0.07738871391214716,0.98830991009621,-0.09897010556373921,-0.5125884914792429,0.7751814086525897,-0.4854990829352435,0.5841765827849638,-0.4309242042301565,-0.09531834847089043,-0.5133638558132119,0.7755350559484406,-0.47012414131277064,0.578984997624176,-0.4108530916928103,-0.09531834847089043,-0.5133638558132119,0.7755350559484406,-0.47012414131277064,0.578984997624176,-0.4108530916928103,-0.03338565654515969,0.006795075643807186,-0.003256294310131457,-0.14319376987662485,0.04542553386595487,-0.18587164523536057,0.0015655399332417086,0.0021140919053154548,0.00034432411087348305,0.028513110905749317,0.014755790570658336,0.02839154837450883,0.4916666666666174,True,False,1,True,True,0.0035195000091334805,4,1.7647415163217902e-09,2.473226953669576e-10,`gtol` termination condition is satisfied.,True,True,0.009999999999999787,0.020102598387998882,1.0,5.93651569918143e-06,0.009006540914634648,5.937025532025433e-06,0.009006541116351062
15.959999999999704,1786132518.0116212,0.007220699990284629,0.008886099996743724,0.01,TELEOP,0,,0.0,15.959999999999704,1596,0.0,0.0,0.0,-6.938893903907228e-18,0.0023388609062048593,0.17137890646306142,0.9852024158258986,6.300710753560413e-49,1.3177798021344148e-40,2.6575842806345096e-28,2.744590037011274e-15,0.008149007447510447,0.16573353500846152,0.9861369017794739,-0.016000000000000007,-0.22496149868535165,0.2802328425555495,-0.13007303122181396,0.01490768592621644,0.0819103779175045,0.9880027618577318,-0.016000000000000007,-0.22496149868535165,0.2802328425555495,-0.13007909368008166,0.015428207335028086,0.08124621395728893,0.9880488108000548,-0.015999998259854546,-0.22496149893557468,0.28023284244440105,-0.1300790936924609,0.015428207342000417,0.08124621383496554,0.9880488108083747,-0.015998502025065513,-0.2249606456921928,0.28022716631830713,-0.13004996808001154,0.018208620742082158,0.07771215017190973,0.9882895697358733,-0.015998502025065513,-0.2249606456921928,0.28022716631830713,-0.13004996808001154,0.018208620742082158,0.07771215017190973,0.9882895697358733,-0.09930203196428823,-0.5125180226968274,0.7751492600869405,-0.4868965524147088,0.5846478817034909,-0.43274858233687263,-0.09565204812459188,-0.5132956937787243,0.775502527446004,-0.4715532259470698,0.5794407239351647,-0.4127089671258293,-0.09565204812459188,-0.5132956937787243,0.775502527446004,-0.4715532259470698,0.5794407239351647,-0.4127089671258293,-0.033369965370144854,0.006816203448756878,-0.003252850243662249,-0.14290846342991875,0.04557263109887177,-0.18558754330190158,0.0015691175014837084,0.0021127804949692963,0.0003444066469207795,0.028530644670612025,0.014709723291690218,0.028410193345899025,0.49333333333328405,True,False,1,True,True,0.004252300001098774,4,1.7615537937537461e-09,2.4685292542843963e-10,`gtol` termination condition is satisfied.,True,True,0.009999999999999787,0.02007111253734617,1.0,5.931707194962419e-06,0.009006475910736072,5.932216741221907e-06,0.009006476112070621
15.969999999999704,1786132518.0191538,0.009129400001256727,0.0072896999918157235,0.01,TELEOP,0,,0.0,15.969999999999704,1597,0.0,0.0,0.0,-3.469446951953614e-18,0.001754147057932004,0.1719463983490032,0.985104745224032,5.725155360846924e-49,1.197403657094145e-40,2.414820087174994e-28,2.4933532885920702e-15,0.007564326737065174,0.16630215683601493,0.9860458273288846,-0.016000000000000007,-0.22496149868535165,0.2802328425555495,-0.1300700489335209,0.014654412114814419,0.08223341499127286,0.9879801091291636,-0.016000000000000007,-0.22496149868535165,0.2802328425555495,-0.13007615623728372,0.015174972938978038,0.08156930567276707,0.9880264987068402,-0.01599999826299957,-0.22496149893531225,0.28023284244501984,-0.13007615624963667,0.015174972945944087,0.08156930555067908,0.9880264987151862,-0.01599849908081707,-0.22496064272387917,0.2802271726136512,-0.13004732313505407,0.01795558473673723,0.07803555987543465,0.9882690636244242,-0.01599849908081707,-0.22496064272387917,0.2802271726136512,-0.13004732313505407,0.01795558473673723,0.07803555987543465,0.9882690636244242,-0.09963379714760079,-0.5124473442153448,0.7751171459613708,-0.48829115767352504,0.5851205965032414,-0.43457010690797737,-0.0959855905087002,-0.513227320597365,0.7754700333917938,-0.4729794558321666,0.5798979166130716,-0.4145619997434727,-0.0959855905087002,-0.513227320597365,0.7754700333917938,-0.4729794558321666,0.5798979166130716,-0.4145619997434727,-0.03335423841083341,0.006837318135929593,-0.0032494054210189956,-0.14262298850968613,0.045719267790685775,-0.18530326176434597,0.00157269593114411,0.0021114687172715534,0.0003444822643253447,0.028547492023262476,0.014663669181400746,0.028428153755561774,0.49499999999995065,True,False,1,True,True,0.0035386999952606857,4,1.7583707291434375e-09,2.463838900497368e-10,`gtol` termination condition is satisfied.,True,True,0.009999999999999787,0.02003961521104336,1.0,5.926856922782618e-06,0.009006411889633569,5.927366157561356e-06,0.009006412090587125
15.979999999999704,1786132518.0267882,0.007632499997271225,0.0072912000032374635,0.01,TELEOP,0,,0.0,15.979999999999704,1598,0.0,0.0,0.0,-3.469446951953615e-18,0.0011694320282817086,0.17251377443302252,0.9850064111769038,5.2021756255534156e-49,1.088023595216848e-40,2.194231842773989e-28,2.2650745211752477e-15,0.006979640932221967,0.1668706666629109,0.9859540887992367,-0.016000000000000007,-0.22496149868535165,0.2802328425555495,-0.13006704483042486,0.014401119234575089,0.08255642534153991,0.9879572907007158,-0.016000000000000007,-0.22496149868535165,0.2802328425555495,-0.1300731969786661,0.014921719388425965,0.08189237077879992,0.9880040209060234,-0.015999998266138966,-0.22496149893504544,0.280232842445643,-0.1300731969909921,0.014921719395385566,0.0818923706569469,0.9880040209143955,-0.015998496214504464,-0.22496063975590352,0.28022717893797544,-0.13004465653712163,0.017702529128411373,0.078358942968128,0.9882483917647008,-0.015998496214504464,-0.22496063975590352,0.28022717893797544,-0.13004465653712163,0.017702529128411373,0.078358942968128,0.9882483917647008,-0.09996540076132229,-0.5123764561672832,0.7750850662696608,-0.48968289782628466,0.5855947225888745,-0.4363887769678358,-0.0963189752653316,-0.5131587364003545,0.7754375737926419,-0.47440282935179784,0.5803565710537626,-0.4164121878181483,-0.0963189752653316,-0.5131587364003545,0.7754375737926419,-0.47440282935179784,0.5803565710537626,-0.4164121878181483,-0.03333847566314041,0.006858419701047789,-0.0032459599151930963,-0.1423373519631276,0.04586544406910287,-0.1850188074675693,0.0015762747692999134,0.0021101565118196892,0.0003445505825899464,0.02856365465585311,0.014617627841709512,0.02844542967766761,0.4966666666666173,True,False,1,True,True,0.003795099997660145,4,1.7551924487723767e-09,2.459155526344108e-10,`gtol` termination condition is satisfied.,True,True,0.009999999999999787,0.020008107164504685,1.0,5.921964793138171e-06,0.009006348858836518,5.9224736925033285e-06,0.009006349059409599
15.989999999999704,1786132518.0335772,0.007514299999456853,0.006565500007127412,0.01,TELEOP,0,,0.0,15.989999999999704,1599,0.0,0.0,0.0,0.0,0.0005847162110459436,0.17308103433300476,0.9849074137507392,4.726968882657306e-49,9.886351496716036e-41,1.9937938256409882e-28,2.0579648011762038e-15,0.006394950426753117,0.1674390641062712,0.9858616862523137,-0.016000000000000007,-0.22496149868535165,0.2802328425555495,-0.13006401891303754,0.014147807327490701,0.08287940891239126,0.9879343065762753,-0.016000000000000007,-0.22496149868535165,0.2802328425555495,-0.1300702159047329,0.014668446725374951,0.08221540921947763,0.9879813774014341,-0.015999998269272644,-0.22496149893477435,0.280232842446271,-0.1300702159170313,0.014668446732328085,0.08221540909785914,0.9879813774098323,-0.01599849342545431,-0.22496063678835332,0.28022718529140583,-0.13004196829455777,0.017449453967269206,0.07868229939539659,0.9882275541595542,-0.01599849342545431,-0.22496063678835332,0.28022718529140583,-0.13004196829455777,0.017449453967269206,0.07868229939539659,0.9882275541595542,-0.10029684245319619,-0.5123053586852032,0.7750530210048282,-0.4910717720517418,0.586070255367266,-0.4382045916054006,-0.0966522020366039,-0.5130899413189619,0.7754051486546151,-0.4758233449579872,0.5808166826543509,-0.41825952969067914,-0.0966522020366039,-0.5130899413189619,0.7754051486546151,-0.4758233449579872,0.5808166826543509,-0.41825952969067914,-0.03332267712722911,0.006879508139259959,-0.003242513802686509,-0.14205156061893917,0.046011160058832754,-0.18473418725308594,0.0015798535911297137,0.002108843821217038,0.00034461125065874277,0.028579134418844215,0.01457159897298906,0.028462021448335866,0.49833333333328395,True,False,1,True,True,0.003320600008009933,4,1.752019028879108e-09,2.454480361698183e-10,`gtol` termination condition is satisfied.,True,True,0.009999999999999787,0.019976589149687474,1.0,5.917030719658007e-06,0.009006286826021488,5.917539259559335e-06,0.009006287026214876
15.999999999999703,1786132518.041797,0.006775200003175996,0.008010399993509054,0.01,TELEOP,0,,0.0,15.999999999999703,1600,0.0,0.0,0.0,-3.469446951953615e-18,1.7347234759768074e-14,0.17364817766691354,0.984807753012211,4.295171179506929e-49,8.983256093553687e-41,1.811665358998066e-28,1.8694898060167553e-15,0.0058102556144340985,0.16800734878329351,0.9857686197503468,-0.016000000000000007,-0.22496149868535165,0.2802328425555495,-0.1300609711818743,0.013894476435548395,0.08320236564791066,0.9879111567597569,-0.016000000000000007,-0.22496149868535165,0.2802328425555495,-0.13006721301599217,0.014415154991822986,0.0825384209388883,0.9879585681969306,-0.015999998272400524,-0.22496149893449913,0.2802328424469036,-0.13006721302826235,0.014415154998769662,0.08253842081750398,0.9879585682053549,-0.015998490712985175,-0.2249606338213156,0.28022719167407156,-0.13003925841578326,0.01719635930353917,0.07900562910266154,0.988206550811858,-0.015998490712985175,-0.2249606338213156,0.28022719167407156,-0.13003925841578326,0.01719635930353917,0.07900562910266154,0.988206550811858,-0.10062812187106342,-0.51223405190174,0.7750210101591473,-0.492457779592386,0.5865471902476271,-0.4400175499737854,-0.09698527046467612,-0.5130209354845102,0.775372757982983,-0.4772410011708441,0.5812782468131769,-0.42010402377024286,-0.09698527046467612,-0.5130209354845102,0.775372757982983,-0.4772410011708441,0.5812782468131769,-0.42010402377024286,-0.033306842807223576,0.0069005834451701855,-0.0032390671632041694,-0.1417656212856934,0.04615641588259405,-0.1844494079563748,0.0015834320005534096,0.0021075305910227228,0.0003446639482339815,0.028593933324577252,0.014525582376129973,0.028477929671115454,0.49999999999995054,True,False,1,True,True,0.004239900008542463,4,1.74885058477033e-09,2.4498108111468716e-10,`gtol` termination condition is satisfied.,True,True,0.009999999999999787,0.01994506191472145,1.0,5.9120546183625335e-06,0.009006225798928003,5.9125627752639584e-06,0.00900622599874233
16.009999999999703,1786132518.0488203,0.008282900002086535,0.006750599990482442,0.01,TELEOP,0,,0.0,16.009999999999703,1601,0.00026666666665875027,0.0,0.0,0.0,0.0,0.17364817766693036,0.9848077530122081,2.435960293245064e-05,8.162656372189005e-41,1.6461739076448456e-28,1.6985653335244155e-15,0.005279046942236367,0.1685235470774879,0.9856834916664697,-0.015992692119120272,-0.22496149868535165,0.2802328425555495,-0.1300581833545776,0.013664304549682614,0.08349575407132201,0.987889981109102,-0.015992692119120272,-0.22496149868535165,0.2802328425555495,-0.13006424302732347,0.014166412480218923,0.08285558385031903,0.9879360088932848,-0.015992690564677423,-0.22496149891921025,0.280232842465547,-0.13006424303822772,0.014166412486822755,0.08285558374044251,0.9879360089009696,-0.015998437142297973,-0.22496063074553624,0.28022719745778524,-0.1300365213654258,0.01694327625809102,0.07932889413739148,0.9881853849636514,-0.015998437142297973,-0.22496063074553624,0.28022719745778524,-0.1300365213654258,0.01694327625809102,0.07932889413739148,0.9881853849636514,-0.10087545651719518,-0.5121701130590528,0.7749931908573854,-0.4936982558264682,0.5869788927515577,-0.44167789380384664,-0.09731759837132926,-0.5129517716471972,0.7753404306511703,-0.478654805856627,0.5817409351111171,-0.421944628551743,-0.09731759837132926,-0.5129517716471972,0.7753404306511703,-0.478654805856627,0.5817409351111171,-0.421944628551743,-0.033232790665315405,0.00691638373130699,-0.003232733181268831,-0.14138046857829123,0.04626882979403123,-0.18406047815001286,0.007405214190817136,0.001580028613680427,0.0006333981935338419,0.03851527074021667,0.011241391143717734,0.03889298063619387,0.5016666666666172,True,False,1,True,True,0.0034155999892391264,4,1.5745103541753894e-09,2.2176040207828241e-10,`gtol` termination condition is satisfied.,True,True,0.009999999999999787,0.01991352620354253,1.0,8.102036318599544e-06,0.008991441022278893,8.100971522188766e-06,0.008991441203541867
16.019999999999705,1786132518.0570166,0.006965499997022562,0.007981699993251823,0.01,TELEOP,0,,0.0,16.019999999999705,1602,0.0005333333333254587,0.0,0.0,0.0,0.0,0.17364817766693036,0.9848077530122081,7.08539869834638e-05,7.417016542392584e-41,1.4957997186132374e-28,1.5432940298973352e-15,0.004796427954816629,0.16899244499626695,0.9856056756193412,-0.015978743803904967,-0.22496149868535165,0.2802328425555495,-0.1300556349341162,0.013455174074834219,0.0837622855523017,0.9878706239339008,-0.015978743803904967,-0.22496149868535165,0.2802328425555495,-0.13006134821906895,0.013925629746811137,0.08316255380507766,0.9879140206415792,-0.01597874243136123,-0.22496149890268413,0.28023284248546965,-0.1300613482284932,0.013925629753004742,0.08316255370738233,0.9879140206484751,-0.01599824010188264,-0.2249606273736129,0.28022720153784925,-0.13003374761050968,0.016690287997613767,0.0796519915454882,0.9881640648251486,-0.01599824010188264,-0.2249606273736129,0.28022720153784925,-0.13003374761050968,0.016690287997613767,0.0796519915454882,0.9881640648251486,-0.10104153503015582,-0.5121139814062772,0.7749696761609518,-0.4947860604498385,0.5873620569743541,-0.44317268860056624,-0.09764809295700322,-0.5128825534752094,0.7753082225797155,-0.4800628160866033,0.5822041016193905,-0.4237792666851241,-0.09764809295700322,-0.5128825534752094,0.7753082225797155,-0.4800628160866033,0.5822041016193905,-0.4237792666851241,-0.03304945856739087,0.006921817198781416,-0.0032208071454814997,-0.14080102299760822,0.04631665082733206,-0.18346381333808343,0.018333209792450608,0.0005433467474425272,0.0011926035787329222,0.05794455806829348,0.004782103330082389,0.05966648119293538,0.5033333333332841,True,False,1,True,True,0.003498199992463924,4,1.3914096828969074e-09,1.9717105694019496e-10,`gtol` termination condition is satisfied.,True,True,0.010000000000001563,0.01973326525210367,1.0,2.0315979147944044e-05,0.008951133832566488,2.0314672029710332e-05,0.008951133994134462
16.029999999999706,1786132518.0640955,0.008212600005208515,0.006847799988463521,0.01,TELEOP,0,,0.0,16.029999999999706,1603,0.000799999999992167,0.0,0.0,0.0,0.0,0.17364817766693036,0.9848077530122081,0.0001374614785208393,6.739489190988994e-41,1.3591618648630363e-28,1.4021986696755029e-15,0.004357950929364856,0.16941838684806254,0.9855345851168783,-0.015958761556443758,-0.22496149868535165,0.2802328425555495,-0.13005330672683257,0.013265161061846274,0.08400442216671763,0.9878529394438504,-0.015958761556443758,-0.22496149868535165,0.2802328425555495,-0.13005856164160298,0.01369536936389239,0.08345606904536453,0.987892854484331,-0.015958760370193992,-0.22496149888543018,0.2802328425061031,-0.1300585616494788,0.013695369369628736,0.08345606896021243,0.987892854490408,-0.015997773667660142,-0.22496062348016144,0.28022720251119687,-0.13003092539184105,0.016437542749967497,0.07997473634904492,0.9881426046760585,-0.015997773667660142,-0.22496062348016144,0.28022720251119687,-0.13003092539184105,0.016437542749967497,0.07997473634904492,0.9881426046760585,-0.10112950500295681,-0.5120658999329383,0.7749504936096204,-0.49571766963370606,0.5876946781929392,-0.4444940487178584,-0.0979752227997457,-0.5128134322790658,0.7752762142852563,-0.481462206391492,0.5826667999226242,-0.4256048709603953,-0.0979752227997457,-0.5128134322790658,0.7752762142852563,-0.481462206391492,0.5826667999226242,-0.4256048709603953,-0.03271298427424268,0.006912119614349017,-0.0032008294459240916,-0.13993903048885098,0.04626983032335207,-0.18256042752708626,0.033647429314813376,-0.0009697584432397576,0.001997769955740486,0.08619925087570887,-0.004682050397997821,0.09033858109970191,0.504999999999951,True,False,1,True,True,0.0034633000032044947,4,1.2040202954199767e-09,1.7184584365504042e-10,`gtol` termination condition is satisfied.,True,True,0.010000000000001563,0.019393421915442133,1.0,3.9428584251897414e-05,0.008877468752737172,3.942741312822729e-05,0.008877468893981912
16.039999999999708,1786132518.0712993,0.007065199999487959,0.006986699998378754,0.01,TELEOP,0,,0.0,16.039999999999708,1604,0.0010666666666588754,0.0,0.0,0.0,0.0,0.17364817766693036,0.9848077530122081,0.0002223450095555658,6.12385240020048e-41,1.2350055638535794e-28,1.273991762779092e-15,0.003959575696292051,0.16980531631537907,0.9854696729536326,-0.015933296497133338,-0.22496149868535165,0.2802328425555495,-0.13005118082317446,0.013092517505003882,0.08422439972219996,0.9878367916023953,-0.015941097218238807,-0.22496149868535165,0.2802328425555495,-0.13005590896790334,0.013477532300566633,0.08373371207363808,0.9878727054271662,-0.01594109607040809,-0.2249614988803789,0.2802328425118025,-0.1300559089753097,0.013477532306044435,0.08373371199140904,0.9878727054330864,-0.015996940443992993,-0.2249606189125759,0.2802271993706641,-0.13002804718546895,0.016185261245668676,0.08029685024085843,0.9881210250292928,-0.015996940443992993,-0.2249606189125759,0.2802271993706641,-0.13002804718546895,0.016185261245668676,0.08029685024085843,0.9881210250292928,-0.10122582745461137,-0.5120192380794573,0.7749317818879006,-0.4966174781317859,0.588016496467053,-0.44576247130380375,-0.09829766546569621,-0.5127445559451037,0.7752444814570203,-0.482850225780281,0.583128090704369,-0.42741832488177867,-0.09829766546569621,-0.5127445559451037,0.7752444814570203,-0.482850225780281,0.583128090704369,-0.42741832488177867,-0.03224426659504576,0.006887633396214774,-0.0031732828235941,-0.13880193887887288,0.046129078174481634,-0.18134539213830697,0.04687176791968439,-0.0024486218134239113,0.0027546622329987134,0.11370916099779221,-0.01407521488704152,0.12150353887790863,0.506666666666618,True,False,1,True,True,0.0033685999951558188,4,1.165102902778885e-09,1.659099018696158e-10,`gtol` termination condition is satisfied.,True,True,0.010000000000001563,0.018889177757463127,1.0,5.613566999985543e-05,0.00876499500151897,5.6134529466457224e-05,0.008764995137837107
16.04999999999971,1786132518.0790935,0.007234999997308478,0.007545499989646487,0.01,TELEOP,0,,0.0,16.04999999999971,1605,0.0013333333333255836,0.0,0.0,0.0,0.0,0.17364817766693036,0.9848077530122081,0.00032383526671270847,5.56445261008542e-41,1.122190654534732e-28,1.1575348969269927e-15,0.003597632243366763,0.17015681365993687,0.9854104301291615,-0.015902849419986195,-0.22496149868535165,0.2802328425555495,-0.13004924056267686,0.012935655255446198,0.08442424864060985,0.9878220538607406,-0.015917166455325964,-0.22496149868535165,0.2802328425555495,-0.1300534096182319,0.013273476409531854,0.08399375818146572,0.9878537209816196,-0.01591716551848079,-0.224961498860695,0.28023284253523106,-0.13005340962386194,0.01327347641446368,0.08399375811348787,0.987853720986592,-0.015995610088404378,-0.224960613511355,0.2802271909264949,-0.13002510454929067,0.015933737993066667,0.0806179615489482,0.9880993535349605,-0.015995610088404378,-0.224960613511355,0.2802271909264949,-0.13002510454929067,0.015933737993066667,0.0806179615489482,0.9880993535349605,-0.10123736805094175,-0.5119818036048359,0.774917915139371,-0.4973405954038671,0.5882799305543128,-0.4468314985330407,-0.0986136525107706,-0.5126761224143865,0.775213125209487,-0.4842232044535013,0.5835867172532597,-0.4292154713489583,-0.0986136525107706,-0.5126761224143865,0.775213125209487,-0.4842232044535013,0.5835867172532597,-0.4292154713489583,-0.03159870450743458,0.006843353071716169,-0.0031356247533288,-0.1372978673220125,0.04586265488906911,-0.17971464671793533,0.0645562087611081,-0.004428032449859812,0.0037658070265294183,0.15040715568601487,-0.026642328541247724,0.16307454203713795,0.5083333333332849,True,False,1,True,True,0.0035610000049928203,4,9.533294338081088e-10,1.3713838240012413e-10,`gtol` termination condition is satisfied.,True,True,0.010000000000001563,0.018344146422025087,1.0,7.865287709459367e-05,0.008610263471938821,7.865194221705988e-05,0.008610263585134918
16.05999999999971,1786132518.0866747,0.007840499994927086,0.007286200008820742,0.01,TELEOP,0,,0.0,16.05999999999971,1606,0.001599999999992292,0.0,0.0,0.0,0.0,0.17364817766693036,0.9848077530122081,0.0004404153775479806,5.056152700361097e-41,1.0196811269381393e-28,1.0517235411559855e-15,0.0032687867559209626,0.17047612943155419,0.9853563844250366,-0.015867875386735612,-0.22496149868535165,0.2802328425555495,-0.1300474704877082,0.012793131403617436,0.08460581289941921,0.9878086088065172,-0.01588846694050688,-0.22496149868535165,0.2802328425555495,-0.13005107747129385,0.013084095074216146,0.08423507484746885,0.9878360065669229,-0.015888466191294304,-0.22496149884288175,0.28023284255631437,-0.13005107747531064,0.013084095078624503,0.08423507479223726,0.9878360065710454,-0.015993633438393544,-0.22496060716649613,0.28022717609487974,-0.13002209085254712,0.015683339568100967,0.08093760668260412,0.9880776247718677,-0.015993633438393544,-0.22496060716649613,0.28022717609487974,-0.13002209085254712,0.015683339568100967,0.08093760668260412,0.9880776247718677,-0.1011789309335041,-0.5119525794042563,0.7749082617679413,-0.49790673394862717,0.5884908696707952,-0.4477192154027225,-0.09892112173558,-0.5126083670736588,0.7751822648753486,-0.48557679274766946,0.584041181537087,-0.43099135383313525,-0.09892112173558,-0.5126083670736588,0.7751822648753486,-0.48557679274766946,0.584041181537087,-0.43099135383313525,-0.030746922480935378,0.006775534072774689,-0.0030860334138470787,-0.135358829416793,0.04544642838271294,-0.17758824841766552,0.0851782026499068,-0.006781899894147021,0.004959133948171356,0.19390379052191958,-0.04162265063561057,0.21263983002694684,0.5099999999999518,True,False,1,True,True,0.003928599995560944,4,7.655950650374936e-10,1.1141081659497323e-10,`gtol` termination condition is satisfied.,True,True,0.010000000000001563,0.017616027184082395,1.0,0.00010532356685186572,0.008411566680064864,0.00010532281737656324,0.008411566772538978
16.069999999999713,1786132518.0936635,0.00750660001358483,0.006768599996576086,0.01,TELEOP,0,,0.0,16.069999999999713,1607,0.0018666666666590005,0.0,0.0,0.0,0.0,0.17364817766693036,0.9848077530122081,0.0005707069940757304,4.594284814832194e-41,9.265356082161647e-29,9.555886897744113e-16,0.002970010777384175,0.17076621501564698,0.9853070987490204,-0.01582878790177729,-0.22496149868535165,0.2802328425555495,-0.13004585628954057,0.012663634997107598,0.08477076721458751,0.9877963477541464,-0.01585567336562145,-0.22496149868535165,0.2802328425555495,-0.13004892133998536,0.012909871922766979,0.08445705170808057,0.9878196291236688,-0.015855672793892942,-0.22496149882590238,0.2802328425763554,-0.13004892134245902,0.012909871926660356,0.08445705166494223,0.9878196291269806,-0.015990849858679896,-0.22496059985668512,0.28022715409465504,-0.1300190031451538,0.015434499632063508,0.081255235989866,0.9880558798299212,-0.015990849858679896,-0.22496059985668512,0.28022715409465504,-0.1300190031451538,0.015434499632063508,0.081255235989866,0.9880558798299212,-0.10105708909130642,-0.5119311312401678,0.7749025389524551,-0.4983244873067855,0.5886517451042304,-0.44843334526307793,-0.09921780163162561,-0.5125415549847036,0.7751520336945904,-0.4869061076739841,0.5844897915998115,-0.43274037105078317,-0.09921780163162561,-0.5125415549847036,0.7751520336945904,-0.4869061076739841,0.5844897915998115,-0.43274037105078317,-0.029667989604556164,0.006681208895523309,-0.0030231180758136266,-0.13293149263144602,0.04486100627244747,-0.1749017217647643,0.10789328763790432,-0.00943251772513652,0.006291533803344247,0.24273367853465955,-0.0585422110265384,0.26865266529008186,0.5116666666666188,True,False,1,True,True,0.0034346000029472634,4,5.891187342602641e-10,8.702096882744891e-11,`gtol` termination condition is satisfied.,True,True,0.010000000000001563,0.016727861569587277,1.0,0.0001352996888914572,0.008168745644773647,0.00013529911587257057,0.008168745717567769
16.079999999999714,1786132518.1006813,0.006992699985858053,0.006793699998524971,0.01,TELEOP,0,,0.0,16.079999999999714,1608,0.002133333333325709,0.0,0.0,0.0,0.0,0.17364817766693036,0.9848077530122081,0.0007134576461304184,4.1746074951989185e-41,8.418987177592222e-29,8.682494285171259e-16,0.0026985532032553915,0.17102975032122647,0.9852621693314263,-0.015785962706160884,-0.22496149868535165,0.2802328425555495,-0.13004438474953425,0.012545974972269995,0.08492063263001536,0.9877851702980909,-0.015819207213119066,-0.22496149868535165,0.2802328425555495,-0.13004694532692507,0.01275092183282488,0.0846595480557198,0.9878046198143388,-0.015819206811277773,-0.22496149880960087,0.28023284259557585,-0.1300469453279118,0.012750921836213795,0.08465954802417801,0.9878046198168684,-0.015987092290183753,-0.22496059167860555,0.2802271245999878,-0.13001584359941679,0.015187711312508545,0.0815702230867475,0.9880341656763688,-0.015987092290183753,-0.22496059167860555,0.2802271245999878,-0.13001584359941679,0.015187711312508545,0.0815702230867475,0.9880341656763688,-0.10087619544974202,-0.5119171301297103,0.7749005398677231,-0.49860028231380377,0.5887644146906746,-0.44898008583497023,-0.09950127482673767,-0.5124759742861127,0.7751225752939866,-0.4882058559025491,0.5849307023732178,-0.43445641263073953,-0.09950127482673767,-0.5124759742861127,0.7751225752939866,-0.4882058559025491,0.5849307023732178,-0.43445641263073953,-0.028347319511201566,0.006558069859086108,-0.002945840060375874,-0.12997482285647757,0.044091077340620566,-0.17160415799560777,0.13206700933543913,-0.012313903643718187,0.007727801543774082,0.29566697749679716,-0.07699289318267838,0.3297563769156006,0.5133333333332857,True,False,1,True,True,0.003513299991027452,4,4.225120166578354e-10,6.367864363937218e-11,`gtol` termination condition is satisfied.,True,True,0.010000000000001563,0.015692974212294764,1.0,0.00016798527431795407,0.00788303247556585,0.00016798487068203234,0.007883032529479708
16.089999999999716,1786132518.1078622,0.007011600013356656,0.006963000007090159,0.01,TELEOP,0,,0.0,16.089999999999716,1609,0.0023999999999924173,0.0,0.0,0.0,0.0,0.17364817766693036,0.9848077530122081,0.0008675292487813167,3.7932667305928706e-41,7.649932120032002e-29,7.888858294911871e-16,0.0024519148479020276,0.1712691688816477,0.9852212238396859,-0.015739741225365613,-0.22496149868535165,0.2802328425555495,-0.13004304367760444,0.01243906918898336,0.08505679066287877,0.9877749838454645,-0.015779385482032962,-0.22496149868535165,0.2802328425555495,-0.13004514914611476,0.012607025779817394,0.08484284823006251,0.9877909764665612,-0.01577938524240701,-0.22496149879403268,0.2802328426139355,-0.13004514914567555,0.01260702578271767,0.084842848209606,0.987790976468339,-0.015982191191526635,-0.2249605828672212,0.2802270878567049,-0.13001262058919846,0.014943517466681551,0.08188187697404527,0.9880125343316549,-0.015982191191526635,-0.2249605828672212,0.2802270878567049,-0.13001262058919846,0.014943517466681551,0.08188187697404527,0.9880125343316549,-0.10063992111799806,-0.5119102348585317,0.7749020659139259,-0.4987405864931874,0.5888308696975361,-0.44936624569092365,-0.09976903252150192,-0.5124119298997128,0.7750940404449606,-0.48947044963005754,0.5853619550774812,-0.43613299125306193,-0.09976903252150192,-0.5124119298997128,0.7750940404449606,-0.48947044963005754,0.5853619550774812,-0.43613299125306193,-0.02677576947642091,0.006404438639982367,-0.0028534849026089783,-0.12645937275082494,0.0431252704263453,-0.16765786223221213,0.15715500347804098,-0.015363121910371723,0.009235515776688115,0.3515450105652083,-0.09658069142751136,0.39462957633950096,0.5149999999999526,True,False,1,True,True,0.0034158000053139403,4,2.695201127982709e-10,4.148422694464106e-11,`gtol` termination condition is satisfied.,True,True,0.010000000000001563,0.014523673204230703,1.0,0.00020288964771771433,0.007556905987555893,0.00020288940604396163,0.007556906023420289
16.099999999999717,1786132518.115325,0.007192899996880442,0.007232900010421872,0.01,TELEOP,0,,0.0,16.099999999999717,1610,0.0026666666666591253,0.0,0.0,0.0,0.0,0.17364817766693036,0.9848077530122081,0.001031887658564017,3.446760565147958e-41,6.951128467906051e-29,7.167863850209011e-16,0.0022278253474930874,0.17148668061375327,0.985183919461893,-0.0156904337024308,-0.22496149868535165,0.2802328425555495,-0.13004182184963833,0.012341934467936846,0.08518049613991843,0.9877657031406656,-0.015736472278457828,-0.22496149868535165,0.2802328425555495,-0.13004352848371872,0.012477665803214225,0.08500761690301369,0.9877786663135008,-0.015736472192532307,-0.22496149877930838,0.2802328426313212,-0.13004352848192438,0.012477665805647613,0.08500761689306731,0.9877786663145621,-0.015975977795303672,-0.22496057380668022,0.28022704476128274,-0.13000934939350486,0.014702499310351036,0.08218945632719939,0.9879910418890174,-0.015975977795303672,-0.22496057380668022,0.28022704476128274,-0.13000934939350486,0.014702499310351036,0.08218945632719939,0.9879910418890174,-0.10035175932793695,-0.5119100583181856,0.7749069064613255,-0.49875255395508816,0.5888534343111375,-0.44959982714419106,-0.10001852378896939,-0.5123497373261968,0.775066583958467,-0.490694119604753,0.5857815164399566,-0.43776337468387916,-0.10001852378896939,-0.5123497373261968,0.775066583958467,-0.490694119604753,0.5857815164399566,-0.43776337468387916,-0.024949126746743214,0.006219257351599959,-0.0027456486493603054,-0.12236699746952683,0.041956136247522056,-0.16303834308170007,0.18266427296774124,-0.018518128838237922,0.0107836253248656,0.4092375281297476,-0.1169134178823063,0.461951915051134,0.5166666666666195,True,False,1,True,True,0.0036326999979792163,4,1.4816347815838041e-10,2.0899567503042593e-11,`gtol` termination condition is satisfied.,True,True,0.010000000000001563,0.013233254437861719,1.0,0.0002395775545209121,0.007193941518560452,0.0002395774664247695,0.007193941537315781
16.10999999999972,1786132518.1225035,0.007485499998438172,0.006925900001078844,0.01,TELEOP,0,,0.0,16.10999999999972,1611,0.0029333333333258337,0.0,0.0,0.0,0.0,0.17364817766693036,0.9848077530122081,0.0012055931828778201,3.131906938588064e-41,6.316158917385505e-29,6.512802450120425e-16,0.002024222184127367,0.17168429245714276,0.985149940997836,-0.01563832204513666,-0.22496149868535165,0.2802328425555495,-0.13004070894512768,0.01225367753893858,0.08529288884692417,0.9877572497916512,-0.015690699872900126,-0.22496149868535165,0.2802328425555495,-0.13004207546115637,0.012362065469333694,0.08515484740473618,0.9877676295113963,-0.015690699931166077,-0.22496149876554236,0.28023284264761084,-0.13004207545808855,0.012362065471327675,0.08515484740465257,0.9877676295117824,-0.01596828685838108,-0.22496056503145487,0.28022699689999275,-0.1300060524988732,0.014465263902210484,0.08249218533963418,0.9879697474172937,-0.01596828685838108,-0.22496056503145487,0.28022699689999275,-0.1300060524988732,0.014465263902210484,0.08249218533963418,0.9879697474172937,-0.10001519729383494,-0.5119161619163863,0.7749148341599905,-0.4986441536121541,0.5888347939602538,-0.44969008476042294,-0.10024720101682058,-0.5122897165267946,0.7750403616944695,-0.491871025651053,0.5861873176716721,-0.43934071720432655,-0.10024720101682058,-0.5122897165267946,0.7750403616944695,-0.491871025651053,0.5861873176716721,-0.43934071720432655,-0.02286772278511537,0.006002079940223875,-0.0026222263997444486,-0.11769060462998295,0.040580123171545884,-0.15773425204471297,0.20814039616275215,-0.021717741137605023,0.012342224961583765,0.46763928395431553,-0.13760130759759556,0.530409103698627,0.5183333333332865,True,False,1,True,True,0.0035029999999096617,4,1.3528032226885057e-10,7.360361158929942e-12,`gtol` termination condition is satisfied.,True,True,0.010000000000001563,0.011836452460311897,1.0,0.0002776500437335236,0.006798639081666751,0.00027765009977828204,0.006798639084376068
16.11999999999972,1786132518.1303668,0.007173299993155524,0.007615800001076423,0.01,TELEOP,0,,0.0,16.11999999999972,1612,0.003199999999992542,0.0,0.0,0.0,0.0,0.17364817766693036,0.9848077530122081,0.0013877919556120517,2.845814464502845e-41,5.73919237054268e-29,5.917643220061664e-16,0.0018392316359925295,0.17186382709379688,0.9851189989862458,-0.015583662413316391,-0.22496149868535165,0.2802328425555495,-0.13003969548596284,0.012173486817056182,0.08539500410206756,0.9877495518050317,-0.01564227839686117,-0.22496149868535165,0.2802328425555495,-0.13004077924716517,0.012259239850081526,0.08528579797387283,0.9877577837886412,-0.015642278588941298,-0.22496149875282884,0.28023284266270015,-0.13004077924291435,0.012259239851667865,0.0852857979829418,0.9877577837883981,-0.01595895899527051,-0.22496055721766245,0.2802269465465486,-0.13000275948471263,0.014232431007605987,0.08278927045531839,0.9879487117919886,-0.01595895899527051,-0.22496055721766245,0.2802269465465486,-0.13000275948471263,0.014232431007605987,0.08278927045531839,0.9879487117919886,-0.09963375486863608,-0.5119280626447646,0.7749256069103174,-0.4984240659558339,0.588777944951856,-0.449647337352267,-0.10045256176632178,-0.512232185975384,0.7750155277109153,-0.49299536341783345,0.5865772926013015,-0.440858188265764,-0.10045256176632178,-0.512232185975384,0.7750155277109153,-0.49299536341783345,0.5865772926013015,-0.440858188265764,-0.020536074950116157,0.005753055141059285,-0.0024833983554269218,-0.11243377667802582,0.0389974929629334,-0.15174710614372236,0.23316478349988476,-0.024902479916455146,0.013882804431750488,0.5256827951956303,-0.15826302086122346,0.5987145900989673,0.5199999999999534,True,False,1,True,True,0.0034211000020150095,4,2.3006349930659492e-10,2.0287071379988576e-11,`gtol` termination condition is satisfied.,True,True,0.010000000000001563,0.01034936755609639,1.0,0.00031673668942352963,0.006376218518086277,0.0003167368792743358,0.006376218505918778
16.129999999999722,1786132518.1373909,0.007842799997888505,0.006797399997594766,0.01,TELEOP,0,,0.0,16.129999999999722,1613,0.0034666666666592506,0.0,0.0,0.0,0.0,0.17364817766693036,0.9848077530122081,0.001577708099985798,2.585855877960625e-41,5.214930386794275e-29,5.376931267852408e-16,0.001671151476359735,0.17202693992894416,0.9850908278891986,-0.015526687570004269,-0.22496149868535165,0.2802328425555495,-0.13003877277707732,0.012100624930961824,0.0854877823532751,0.9877425431352195,-0.015591400804673822,-0.22496149868535165,0.2802328425555495,-0.13003962683363118,0.012168056523028933,0.08540191401942573,0.9877490303388008,-0.01559140111960897,-0.22496149874122817,0.2802328426765215,-0.130039626828294,0.012168056524242982,0.08540191403689491,0.987749030337978,-0.015947842646660118,-0.22496055116498992,0.2802268966184842,-0.1299995064955631,0.014004619904171867,0.08307991727238488,0.9879279965049393,-0.015947842646660118,-0.22496055116498992,0.2802268966184842,-0.1299995064955631,0.014004619904171867,0.08307991727238488,0.9879279965049393,-0.0992109585325617,-0.5119452474372055,0.774938973418173,-0.49810144579950977,0.5886860975869832,-0.44948262775395653,-0.10063218687535232,-0.5121774570078536,0.7749922315989576,-0.4940614652761438,0.5869494140991958,-0.44230909534630525,-0.10063218687535232,-0.5121774570078536,0.7749922315989576,-0.4940614652761438,0.5869494140991958,-0.44230909534630525,-0.01796251090305047,0.005472896753039381,-0.0023296111957679436,-0.1066101858310202,0.03721214978941205,-0.14509070805410038,0.25735640470652876,-0.02801583880198598,0.015378715965895403,0.582359084700471,-0.17853431735210704,0.6656398089620943,0.5216666666666203,True,False,1,True,True,0.0034137000038754195,4,3.419657299147615e-10,3.6650158101702423e-11,`gtol` termination condition is satisfied.,True,True,0.010000000000001563,0.008789149086502968,1.0,0.00035649237819827844,0.005932378613579461,0.00035649269092227314,0.0059323785877774034
16.139999999999723,1786132518.147805,0.0070217000029515475,0.010189699998591095,0.01,TELEOP,0,,0.0,16.139999999999723,1614,0.003733333333325959,0.0,0.0,0.0,0.0,0.17364817766693036,0.9848077530122081,0.0017746366067863829,2.3496439086206044e-41,4.738558525881712e-29,4.885550514491245e-16,0.001518435260540974,0.17217513449664595,0.9850651843484377,-0.015467609017964092,-0.22496149868535165,0.2802328425555495,-0.13003793284942952,0.012034421934738552,0.08557207789038351,0.9877361632513341,-0.015538245685451793,-0.22496149868535165,0.2802328425555495,-0.1300386039406731,0.012087305249578526,0.08550473938216635,0.9877412606954071,-0.015538246112085357,-0.2249614987307591,0.2802328426890532,-0.13003860393434816,0.012087305250456709,0.08550473940726847,0.987741260694056,-0.015934795719060393,-0.22496054777017674,0.28022685059487434,-0.12999633532873908,0.013782436708113086,0.08336334687356142,0.9879076625057239,-0.015934795719060393,-0.22496054777017674,0.28022685059487434,-0.12999633532873908,0.013782436708113086,0.08336334687356142,0.9879076625057239,-0.09875028122503528,-0.5119671918175684,0.7749546807615707,-0.4976856039380702,0.5885625513400821,-0.4492072870371782,-0.10078377443605865,-0.5121258286126849,0.774970616059959,-0.495063892942525,0.5873017278142161,-0.4436869976124324,-0.10078377443605865,-0.5121258286126849,0.774970616059959,-0.495063892942525,0.5873017278142161,-0.4436869976124324,-0.015158756070631213,0.005162839516872932,-0.002161553899861477,-0.10024276663810529,0.035231371502020666,-0.1377902266126971,0.28037548324188166,-0.031005723616640106,0.016805729590644018,0.6367419192913905,-0.19807782873910754,0.7300481441402137,0.5233333333332872,True,False,1,True,True,0.005862399993930012,4,4.493342571399976e-10,5.187361639903137e-11,`gtol` termination condition is satisfied.,True,True,0.010000000000001563,0.007173532407651284,1.0,0.0003965960165089062,0.005473029695973062,0.0003965964409666121,0.00547302965780597
16.149999999999725,1786132518.154882,0.010411399998702109,0.006855300001916476,0.01,TELEOP,0,,0.0,16.149999999999725,1615,0.003999999999992667,0.0,0.0,0.0,0.0,0.17364817766693036,0.9848077530122081,0.001977936862737494,2.1350093577806027e-41,4.3057021355579706e-29,4.439130269970337e-16,0.0013796780547595667,0.17230977643789686,0.9850418455235226,-0.01540661894117876,-0.22496149868535165,0.2802328425555495,-0.13003716840564916,0.011974269140668018,0.08564866675427928,0.9877303567243452,-0.015482979027688071,-0.22496149868535165,0.2802328425555495,-0.1300376959605925,0.012015769643952111,0.0855958251101285,0.9877343639019757,-0.015482979555084844,-0.22496149872139548,0.28023284270032334,-0.1300376959533772,0.012015769644530822,0.0855958251421108,0.9877343639001469,-0.015919686924232845,-0.22496054799351428,0.28022681240046615,-0.12999329219091116,0.013566462764596377,0.08363881087847297,0.9878877691257546,-0.015919686924232845,-0.22496054799351428,0.28022681240046615,-0.12999329219091116,0.013566462764596377,0.08363881087847297,0.9878877691257546,-0.09825506840596306,-0.5119933798760424,0.7749724825917202,-0.4971856602935699,0.5884105612673077,-0.448832466897964,-0.10090516924149713,-0.5120775828008868,0.7749508147779031,-0.4959975194655345,0.5876323822852978,-0.4449858071153096,-0.10090516924149713,-0.5120775828008868,0.7749508147779031,-0.4959975194655345,0.5876323822852978,-0.4449858071153096,-0.012139480543845085,0.004824581179801816,-0.0019801282055943374,-0.09336265230093219,0.033065447108165585,-0.12988095028770139,0.3019275526785656,-0.03382583370710631,0.01814256942671114,0.688011433717203,-0.21659243938547423,0.7909276324994472,0.5249999999999542,True,False,1,True,True,0.003461500004050322,4,5.480930428621414e-10,6.568432464577934e-11,`gtol` termination condition is satisfied.,True,True,0.010000000000001563,0.005520289424745806,1.0,0.000436750036826605,0.005004023222872931,0.00043675056209449754,0.005004023173590474
16.159999999999727,1786132518.1627495,0.007143200011341833,0.007578999997349456,0.01,TELEOP,0,,0.0,16.159999999999727,1616,0.004266666666659376,0.0,0.0,0.0,0.0,0.17364817766693036,0.9848077530122081,0.002187026769677685,1.9399811780359277e-41,3.912386177967248e-29,4.033435369553418e-16,0.001253603474343674,0.17243210618490806,0.9850206075179168,-0.015343891969096702,-0.22496149868535165,0.2802328425555495,-0.130036472768551,0.011919613516217727,0.08571825391750378,0.9877250728359953,-0.015425755440982618,-0.22496149868535165,0.2802328425555495,-0.13003688881255804,0.01195229121852157,0.08567664798197609,0.987728233003973,-0.01542575605881109,-0.2249614987130723,0.28023284271040416,-0.1300368888045439,0.011952291218835124,0.0856766480201274,0.987728233001715,-0.015902396843666004,-0.2249605528202471,0.28022678626347247,-0.12999042619870205,0.013357244542789278,0.08390560463915006,0.9878683731272313,-0.015902396843666004,-0.2249605528202471,0.28022678626347247,-0.12999042619870205,0.013357244542789278,0.08390560463915006,0.9878683731272313,-0.09772846818812546,-0.5120233223204076,0.774992146536946,-0.4966102275758749,0.5882332171546834,-0.4483687153960569,-0.1009943873891673,-0.5120329806645131,0.7749329506287895,-0.4968575986957261,0.5879396546814935,-0.4461998749115633,-0.1009943873891673,-0.5120329806645131,0.7749329506287895,-0.4968575986957261,0.5879396546814935,-0.4461998749115633,-0.008921814767016052,0.004460213637373264,-0.00178641491134827,-0.08600792301914531,0.030727239619558058,-0.121406779625355,0.32176657768285294,-0.036436754242849534,0.01937132942460371,0.7354729281785723,-0.23382074886071613,0.8474170662345062,0.5266666666666211,True,False,1,True,True,0.004146699997363612,4,6.375424923985319e-10,7.810110725204173e-11,`gtol` termination condition is satisfied.,True,True,0.010000000000001563,0.0038466597826544158,1.0,0.00047668019997665275,0.004530911044523697,0.0004766808157315587,0.0045309109853115545
16.169999999999728,1786132518.169711,0.007800499995937571,0.006740200013155118,0.01,TELEOP,0,,0.0,16.169999999999728,1617,0.004533333333326084,0.0,0.0,0.0,0.0,0.17364817766693036,0.9848077530122081,0.0024013774006381573,1.762768372615448e-41,3.5549987257921613e-29,3.664840512226236e-16,0.0011390519108719227,0.17254325047250305,0.9850012838961824,-0.015279586779808561,-0.22496149868535165,0.2802328425555495,-0.13003583983262143,0.011869952593627314,0.0857814798038243,0.9877202652103054,-0.01536671907943325,-0.22496149868535165,0.2802328425555495,-0.13003616958580747,0.011895816651885627,0.08574855041750967,0.9877227699344244,-0.015366719778247624,-0.22496149870569673,0.28023284271940185,-0.13003616957707795,0.011895816651965457,0.08574855046118005,0.9877227699317814,-0.015882818741630538,-0.22496056321902747,0.2802267765557633,-0.12998778771259586,0.013155285314650015,0.08416307820252696,0.9878495279046048,-0.015882818741630538,-0.22496056321902747,0.2802267765557633,-0.12998778771259586,0.013155285314650015,0.08416307820252696,0.9878495279046048,-0.0971733800353823,-0.5120565697503251,0.7750134595798743,-0.49596717831255216,0.5880333544298983,-0.44782566431038584,-0.10104963591790811,-0.511992259185933,0.7749171342487069,-0.4976398211818519,0.58822197173737,-0.4473240605956211,-0.10104963591790811,-0.511992259185933,0.7749171342487069,-0.4976398211818519,0.58822197173737,-0.4473240605956211,-0.005524852874080153,0.004072147858000421,-0.0015816380082603258,-0.07822224861256674,0.028231705587653453,-0.11241856840575631,0.33969618929353673,-0.03880657793727822,0.020477690308791218,0.7785674406577345,-0.24955340319042157,0.8988211219597279,0.528333333333288,True,False,1,True,True,0.0034516000014264137,4,7.180550474624057e-10,8.922543957906123e-11,`gtol` termination condition is satisfied.,True,True,0.010000000000001563,0.003265919201041842,1.0,0.0005161354603992226,0.00405876503244922,0.0005161361572015702,0.004058764964398644
16.17999999999973,1786132518.1770804,0.006949599992367439,0.007160299996030517,0.01,TELEOP,0,,0.0,16.17999999999973,1618,0.004799999999992793,0.0,0.0,0.0,0.0,0.17364817766693036,0.9848077530122081,0.002620508143824427,1.6017435481715627e-41,3.230257792943692e-29,3.329991447517666e-16,0.0010349698389926188,0.1726442327860655,0.9849837042931946,-0.01521384755685268,-0.22496149868535165,0.2802328425555495,-0.13003526401851032,0.011824829845205234,0.08583892620795479,0.9877158914679026,-0.015306004391158918,-0.22496149868535165,0.2802328425555495,-0.13003552690346717,0.011845423322079574,0.08581270806880956,0.9877178882773946,-0.015306005162545835,-0.22496149869916174,0.2802328427274382,-0.1300355268940964,0.011845423321953211,0.08581270811742074,0.9877178882744064,-0.01586085914924491,-0.22496058009965658,0.28022678762479697,-0.12998542659830978,0.012961038711438727,0.08441064489851106,0.987831282849148,-0.01586085914924491,-0.22496058009965658,0.28022678762479697,-0.12998542659830978,0.012961038711438727,0.08441064489851106,0.987831282849148,-0.0965924298031403,-0.5120927196527862,0.7750362307684981,-0.49526352406740437,0.5878135069303015,-0.4472118652874825,-0.10106932758234573,-0.5119556288060323,0.7749034629594631,-0.49834035639750573,0.5884779258107633,-0.44835378500525636,-0.10106932758234573,-0.5119556288060323,0.7749034629594631,-0.49834035639750573,0.5884779258107633,-0.44835378500525636,-0.0019691664437619374,0.0036630379900744942,-0.0013671289243835632,-0.07005352156537412,0.02559540733932882,-0.10297244096351227,0.355568643031766,-0.04091098679258626,0.02145090838767291,0.816872704719135,-0.26362982483242214,0.9446127442242576,0.529999999999955,True,False,1,True,True,0.0038268000062089413,4,7.904266124485446e-10,9.919279795407551e-11,`gtol` termination condition is satisfied.,True,True,0.010000000000001563,0.0038762558825258114,1.0,0.0005548877856367926,0.003592073609165536,0.00055488855507819,0.0035920735332580357
16.18999999999973,1786132518.1839068,0.007383000003756024,0.006603399990126491,0.01,TELEOP,0,,0.0,16.18999999999973,1619,0.005066666666659501,0.0,0.0,0.0,0.0,0.17364817766693036,0.9848077530122081,0.0028439822899745276,1.455427969984866e-41,2.935181195191094e-29,3.0257033315460313e-16,0.0009404001037067176,0.1727359828451096,0.9849677131145869,-0.015146805313007649,-0.22496149868535165,0.2802328425555495,-0.13003474023050246,0.011783830481730585,0.08589112167089474,0.9877119129029878,-0.015243736760063506,-0.22496149868535165,0.2802328425555495,-0.13003474023050246,0.011783830481730585,0.08589112167089474,0.9877119129029878,-0.015243737488695844,-0.22496149870388704,0.2802328427219024,-0.13003474022157893,0.011783830481847644,0.08589112171636175,0.9877119129002073,-0.015836438215179778,-0.22496060425477174,0.280226823515458,-0.12998338827887745,0.012774789423366788,0.08464793380842285,0.9878136721207579,-0.015836438215179778,-0.22496060425477174,0.280226823515458,-0.12998338827887745,0.012774789423366788,0.08464793380842285,0.9878136721207579,-0.09600948364582658,-0.5121267448485359,0.7750582742095704,-0.4945949236389081,0.5876072818749987,-0.4466521005167834,-0.10105224046963215,-0.5119232392636407,0.7748920060224487,-0.4989565037288093,0.5887065042395977,-0.44928588179402984,-0.10105224046963215,-0.5119232392636407,0.7748920060224487,-0.4989565037288093,0.5887065042395977,-0.44928588179402984,0.0017087112713570969,0.0032389542391629157,-0.0011456937014437173,-0.06161473313034327,0.022857842883436657,-0.09320967887733404,0.36778777151184594,-0.04240837509115123,0.02214352229398113,0.8438788435029526,-0.2737564455891733,0.9762762086176694,0.5316666666666219,True,False,1,True,True,0.0033629000099608675,4,7.476108234747303e-10,9.283581268106612e-11,`gtol` termination condition is satisfied.,True,True,0.010000000000001563,0.00447689777920543,1.0,0.0005927319647699309,0.0031877944080865588,0.0005927326916466065,0.003187794337526489
16.199999999999733,1786132518.1916964,0.006812000006902963,0.007581700003356673,0.01,TELEOP,0,,0.0,16.199999999999733,1620,0.005333333333326209,0.0,0.0,0.0,0.0,0.17364817766693036,0.9848077530122081,0.0030714030226273864,1.3224779823413904e-41,2.667059163953728e-29,2.749231777562228e-16,0.0008544730980439021,0.17281934521218142,0.9849531683263716,-0.015078579093211792,-0.22496149868535165,0.2802328425555495,-0.13003426381690408,0.011746577635248981,0.0859385463611836,0.9877082941824381,-0.015180033076309035,-0.22496149868535165,0.2802328425555495,-0.13003426381690408,0.011746577635248981,0.0859385463611836,0.9877082941824381,-0.015180033992665529,-0.2249614986861622,0.2802328427435749,-0.13003426380623687,0.01174657763469573,0.0859385464196977,0.9877082941787578,-0.015809489937976377,-0.22496063635183178,0.28022688800893253,-0.12998171656765994,0.012596912157339393,0.08487446012134163,0.9877967387986942,-0.015809489937976377,-0.22496063635183178,0.28022688800893253,-0.12998171656765994,0.012596912157339393,0.08487446012134163,0.9877967387986942,-0.0953794275039614,-0.5121685970154739,0.7750838721897836,-0.49377029217184865,0.5873477061020332,-0.445895348552023,-0.1009971827484942,-0.5118952527230584,0.7748828362341252,-0.4994852900911364,0.5889065983678516,-0.45011675848066934,-0.1009971827484942,-0.5118952527230584,0.7748828362341252,-0.4994852900911364,0.5889065983678516,-0.45011675848066934,0.005505772113793732,0.00279865405823732,-0.0009169788323407963,-0.05287863623270174,0.02000941282539673,-0.08308766866393877,0.37970608424360414,-0.044030018092552664,0.022871486910288525,0.8736096897640163,-0.28484300580394817,1.0122010213393693,0.5333333333332888,True,False,1,True,True,0.0033450999908382073,4,9.35448257871225e-10,1.1918957800945664e-10,`gtol` termination condition is satisfied.,True,True,0.010000000000001563,0.005042756823805575,1.0,0.0006294847016189764,0.002731982726130214,0.000629485616153866,0.0027319826346223425
16.209999999999734,1786132518.1988702,0.0078635999961989,0.006891299999551848,0.01,TELEOP,0,,0.0,16.209999999999734,1621,0.005599999999992917,0.0,0.0,0.0,0.0,0.17364817766693036,0.9848077530122081,0.003302409774526062,1.2016726693770638e-41,2.423429461759841e-29,2.4980187460655473e-16,0.0007763987493563734,0.17289508710834367,0.9849399403307698,-0.015009277067642188,-0.22496149868535165,0.2802328425555495,-0.13003383053324705,0.011712728891090209,0.08598163650768081,0.9877050030663183,-0.015115002256327843,-0.22496149868535165,0.2802328425555495,-0.13003383053324705,0.011712728891090209,0.08598163650768081,0.9877050030663183,-0.015115003221567658,-0.22496149868197554,0.2802328427489065,-0.13003383052214829,0.01171272889040969,0.08598163656950535,0.9877050030624056,-0.015779962178972744,-0.22496067689339744,0.2802269844197913,-0.1299804502007614,0.012427715913149449,0.08508982374955248,0.9877805203267878,-0.015779962178972744,-0.22496067689339744,0.2802269844197913,-0.1299804502007614,0.012427715913149449,0.08508982374955248,0.9877805203267878,-0.09473071369816081,-0.5122122229533086,0.7751103979690299,-0.49290478570465895,0.5870752883359323,-0.4450920520488985,-0.10090319602460153,-0.5118717995763457,0.7748760108846545,-0.49992431297614126,0.5890773005546406,-0.45084350164875714,-0.10090319602460153,-0.5118717995763457,0.7748760108846545,-0.49992431297614126,0.5890773005546406,-0.45084350164875714,0.009398672389265271,0.0023453146712659203,-0.0006825349470729988,-0.04390228850047696,0.017070218678891413,-0.07267431680876806,0.389290027547093,-0.0453339386971329,0.023444388526776074,0.8976347732223373,-0.2939194146504857,1.0413351855169086,0.5349999999999557,True,False,1,True,True,0.0034992000000784174,4,9.844217730086331e-10,1.2587657313863812e-10,`gtol` termination condition is satisfied.,True,True,0.010000000000001563,0.0057149979192877565,1.0,0.0006649852708066153,0.002293546606085206,0.0006649862343090192,0.0022935465095962142
16.219999999999736,1786132518.207056,0.007107500001438893,0.007970100006787106,0.01,TELEOP,0,,0.0,16.219999999999736,1622,0.0058666666666596255,0.0,0.0,0.0,0.0,0.17364817766693036,0.9848077530122081,0.0035366749167352086,1.09190264307556e-41,2.2020547708507774e-29,2.2697433667805134e-16,0.0007054592399842132,0.17296390550885413,0.9849279109246448,-0.014938997524979444,-0.22496149868535165,0.2802328425555495,-0.1300334365081948,0.0116819731371523,0.08602078842524341,0.987702010148907,-0.015048745724668288,-0.22496149868535165,0.2802328425555495,-0.13003343650819482,0.011681973137152302,0.08602078842524342,0.9877020101489071,-0.01504874673495216,-0.22496149867816542,0.280232842753813,-0.1300334364966966,0.011681973136355404,0.08602078849011843,0.9877020101447802,-0.015747816533769308,-0.22496072618850474,0.28022711546381096,-0.1299796214955552,0.012267444987493421,0.08529370835178275,0.9877650485337858,-0.015747816533769308,-0.22496072618850474,0.28022711546381096,-0.1299796214955552,0.012267444987493421,0.08529370835178275,0.9877650485337858,-0.09406482279575908,-0.5122574291428568,0.7751377559608696,-0.4920016103261693,0.5867912076045761,-0.4442459304730302,-0.10076955282472183,-0.5118529788416265,0.7748715719884467,-0.5002717318523264,0.5892179019137106,-0.45146386641967284,-0.10076955282472183,-0.5118529788416265,0.7748715719884467,-0.5002717318523264,0.5892179019137106,-0.45146386641967284,0.013364319987967712,0.0018820734719165251,-0.00044388962077859687,-0.034741887618510804,0.014060135906994136,-0.06203647709155867,0.3965647598701821,-0.046324119934932274,0.023864532629436466,0.9160400881964726,-0.30100827718968076,1.0637839717207724,0.5366666666666227,True,False,1,True,True,0.003372599996509962,4,1.029579315192006e-09,1.3203998900921997e-10,`gtol` termination condition is satisfied.,True,True,0.010000000000001563,0.0070195272714823065,1.0,0.000699093686289106,0.001874345510472013,0.0006990946949221649,0.0018743454095786294
16.229999999999738,1786132518.2152643,0.00836949999211356,0.00780809999560006,0.01,TELEOP,0,,0.0,16.229999999999738,1623,0.006133333333326334,0.0,0.0,0.0,0.0,0.17364817766693036,0.9848077530122081,0.0037739007501010895,9.921598554566827e-42,2.0009021472840394e-29,2.0623388793158254e-16,0.0006410023948802038,0.17302643358574016,0.984916972336516,-0.014867829774969681,-0.22496149868535165,0.2802328425555495,-0.1300330782120177,0.011654027701419493,0.08605636217082732,0.9876992886192464,-0.014981357865168559,-0.22496149868535165,0.2802328425555495,-0.1300330782120177,0.011654027701419493,0.08605636217082732,0.9876992886192464,-0.014981358916970985,-0.22496149867470067,0.2802328427583301,-0.1300330782001492,0.011654027700516082,0.0860563622385141,0.9876992886149221,-0.01571302807209454,-0.2249607843312977,0.2802272831517895,-0.12997925527223775,0.012116280554069457,0.08548587956372342,0.9877503497036213,-0.01571302807209454,-0.2249607843312977,0.2802272831517895,-0.12997925527223775,0.012116280554069457,0.08548587956372342,0.9877503497036213,-0.09338312240943349,-0.5123040376532152,0.7751658583595283,-0.49106371031223256,0.5864965478794072,-0.4433603943613794,-0.10059575190250371,-0.5118388588543256,0.7748695466556109,-0.5005262545614677,0.5893278882009532,-0.4519762600148296,-0.10059575190250371,-0.5118388588543256,0.7748695466556109,-0.5005262545614677,0.5893278882009532,-0.4519762600148296,0.01738009222181016,0.0014119987300979292,-0.00020253328357364668,-0.025452270914123817,0.010998628724255673,-0.05123935951566777,0.4015772233841819,-0.04700747418185224,0.024135633720491247,0.9289616704385533,-0.30615071827379853,1.0797117575889215,0.5383333333332896,True,False,1,True,True,0.003879099996993318,4,1.071224425457682e-09,1.377224941070281e-10,`gtol` termination condition is satisfied.,True,True,0.010000000000001563,0.008270121526157137,1.0,0.000731690625927788,0.0014759842139011885,0.0007316916761689906,0.0014759841092557863
16.23999999999974,1786132518.2230983,0.008023300004424527,0.007619600000907667,0.01,TELEOP,0,,0.0,16.23999999999974,1624,0.006399999999993042,0.0,0.0,0.0,0.0,0.17364817766693036,0.9848077530122081,0.00401381677145349,9.015283413978385e-42,1.8181243518566345e-29,1.8739248705285788e-16,0.0005824356749850857,0.1730832465577254,0.9849070263378783,-0.01479585496856396,-0.22496149868535165,0.2802328425555495,-0.13003275242749956,0.011628635751338016,0.08608868486406063,0.9876968140401526,-0.014912926446180827,-0.22496149868535165,0.2802328425555495,-0.13003275242749956,0.011628635751338016,0.08608868486406063,0.9876968140401526,-0.014912927536262312,-0.22496149867155263,0.2802328427624895,-0.13003275241528778,0.011628635750337223,0.08608868493433994,0.9876968140356465,-0.015675584963450808,-0.22496085118714398,0.2802274887109755,-0.12997936805321775,0.011974342746351084,0.08566618252746411,0.9877364446892958,-0.015675584963450808,-0.22496085118714398,0.2802274887109755,-0.12997936805321775,0.011974342746351084,0.08566618252746411,0.9877364446892958,-0.09268687657365478,-0.5123518849638966,0.7751946244190071,-0.4900937914924364,0.5861923057815739,-0.4424385730400977,-0.10038151164513118,-0.5118294782139494,0.7748699475849795,-0.5006871193846456,0.5894069340863465,-0.4523797202063987,-0.10038151164513118,-0.5118294782139494,0.7748699475849795,-0.5006871193846456,0.5894069340863465,-0.4523797202063987,0.021424025737249483,0.0009380640376098009,4.009293686043578e-05,-0.016086482317784756,0.007904588539331606,-0.04034601915690771,0.40439335154386885,-0.04739346924880542,0.024262622043404455,0.9365788596337599,-0.3094040184923583,1.0893340358758354,0.5399999999999565,True,False,1,True,True,0.0033190000103786588,4,1.109636079668137e-09,1.4296314036503276e-10,`gtol` termination condition is satisfied.,True,True,0.010000000000001563,0.00946254424923515,1.0,0.000762676495212387,0.001099894717422888,0.0007626775838256279,0.0010998946099005195
16.24999999999974,1786132518.230478,0.007857200005673803,0.007141499998397194,0.01,TELEOP,0,,0.0,16.24999999999974,1625,0.006666666666659751,0.0,0.0,0.0,0.0,0.17364817766693036,0.9848077530122081,0.004256177189467317,8.191758070774131e-42,1.65204288640551e-29,1.7027225712295396e-16,0.0005292207207747892,0.17313486700231162,0.984897983424436,-0.014723146843159812,-0.22496149868535165,0.2802328425555495,-0.13003245622313117,0.01160556393108686,0.08611805370317809,0.9876945641446031,-0.014843533022928103,-0.22496149868535165,0.2802328425555495,-0.13003245622313117,0.01160556393108686,0.08611805370317809,0.9876945641446031,-0.014843534148312097,-0.22496149866869508,0.2802328427663206,-0.13003245621060128,0.011605563929997011,0.08611805377584869,0.9876945641399293,-0.015635488003984847,-0.22496092638628334,0.2802277325345674,-0.12997996754482788,0.011841693173016256,0.0858345388091234,0.9877233490645378,-0.015635488003984847,-0.22496092638628334,0.2802277325345674,-0.12997996754482788,0.011841693173016256,0.0858345388091234,0.9877233490645378,-0.09197725309968237,-0.5124008208956919,0.7752239799264958,-0.4890943404478554,0.5858793972158287,-0.44148333776073817,-0.10012676183597406,-0.5118248469511167,0.7748727736614947,-0.5007540733966087,0.5894548960308007,-0.45267388939279773,-0.10012676183597406,-0.5118248469511167,0.7748727736614947,-0.5007540733966087,0.5894548960308007,-0.45267388939279773,0.025474980915707664,0.000463126283265489,0.0002826076515084369,-0.00669540119630801,0.0047961944454161486,-0.029416918639899425,0.4050955178457549,-0.04749377543442376,0.024251471464796323,0.9391081121475278,-0.3108394093914972,1.0929100517006578,0.5416666666666234,True,False,1,True,True,0.0037760999985039234,4,1.1450725051464672e-09,1.4779779923919814e-10,`gtol` termination condition is satisfied.,True,True,0.010000000000001563,0.010593327892209181,1.0,0.0007919705496359471,0.000747586488139831,0.000791971673648274,0.0007475863793235122
16.259999999999742,1786132518.2388935,0.007396599990897812,0.00816080000367947,0.01,TELEOP,0,,0.0,16.259999999999742,1626,0.006933333333326459,0.0,0.0,0.0,0.0,0.17364817766693036,0.9848077530122081,0.004500758667390448,7.443459867944425e-42,1.50113257970281e-29,1.54717344079576e-16,0.00048086839551217804,0.17318176967970614,0.9848897620628368,-0.014649772399782874,-0.22496149868535165,0.2802328425555495,-0.13003218692844748,0.011584600214973952,0.08614473870435031,0.9876925186484019,-0.014773253319086048,-0.22496149868535165,0.2802328425555495,-0.13003218692844748,0.011584600214973952,0.08614473870435031,0.9876925186484019,-0.014773254477037926,-0.224961498666104,0.28023284276985033,-0.13003218691562202,0.01158460021380265,0.08614473877922736,0.9876925186435735,-0.015592750059106007,-0.22496100932481183,0.28022801415879633,-0.12998105239655514,0.011718337799457067,0.08599094279127883,0.9877110733078621,-0.015592750059106007,-0.22496100932481183,0.28022801415879633,-0.12998105239655514,0.011718337799457067,0.08599094279127883,0.9877110733078621,-0.09125533042024044,-0.5124507076108595,0.7752538567119022,-0.4880676420860606,0.5855586635367244,-0.44049732284974735,-0.09983163401497076,-0.5118249478814351,0.7748780106417058,-0.5007273476901405,0.5894718039764526,-0.45285898499044785,-0.09983163401497076,-0.5118249478814351,0.7748780106417058,-0.5007273476901405,0.5894718039764526,-0.45285898499044785,0.029512782100325454,-1.0093031828093844e-05,0.000523698021110213,0.0026725706468219597,0.0016907945651890846,-0.01850955976501,0.40378011846171585,-0.047321931509350885,0.024109036960173844,0.9367971843128505,-0.31053998802265786,1.090735887488772,0.5433333333332904,True,False,1,True,True,0.0033493999944766983,4,1.1777724235348411e-09,1.5225967556119117e-10,`gtol` termination condition is satisfied.,True,True,0.010000000000001563,0.011659732948753332,1.0,0.0008195099535507267,0.0004218908033973134,0.0008195111102311457,0.00042189069809799696
16.269999999999744,1786132518.2463603,0.00840450001123827,0.007222600004752167,0.01,TELEOP,0,,0.0,16.269999999999744,1627,0.007199999999993168,0.0,0.0,0.0,0.0,0.17364817766693036,0.9848077530122081,0.004747358271924534,6.763516979751746e-42,1.3640075813940425e-29,1.405829052887435e-16,0.00043693428237539367,0.17322438591365463,0.9848822879985558,-0.014575792518422647,-0.22496149868535165,0.2802328425555495,-0.13003194211136565,0.011565551957180375,0.08616898518984589,0.9876906590780458,-0.014702157589073407,-0.22496149868535165,0.2802328425555495,-0.13003194211136565,0.011565551957180375,0.08616898518984589,0.9876906590780458,-0.014702158777081208,-0.22496149866375753,0.2802328427731033,-0.13003194209826574,0.011565551955934493,0.08616898526675966,0.9876906590730747,-0.015547395435456583,-0.2249610991725819,0.2802283322662953,-0.12998261222488589,0.011604230132310286,0.08613545762370128,0.9876996230140958,-0.015547395435456583,-0.2249610991725819,0.2802283322662953,-0.12998261222488589,0.011604230132310286,0.08613545762370128,0.9876996230140958,-0.09052210396748882,-0.5125014186788852,0.7752841921909984,-0.48701579575524706,0.585230877278917,-0.43948294506681335,-0.09949645066483243,-0.5118297381147646,0.7748856319121027,-0.5006076300152189,0.5894578520467895,-0.4529357667888241,-0.09949645066483243,-0.5118297381147646,0.7748856319121027,-0.5006076300152189,0.5894578520467895,-0.4529357667888241,0.03351833501382809,-0.0004790233329606497,0.0007621270396931609,0.011971767492153132,-0.001395192966310224,-0.007678179837622399,0.4005552913502008,-0.04689303011324825,0.023842901858291063,0.9299196845329719,-0.3085987531498826,1.083137992738591,0.5449999999999573,True,False,1,True,True,0.0035531000030459836,4,1.2079563327252894e-09,1.5637902322431051e-10,`gtol` termination condition is satisfied.,True,True,0.010000000000001563,0.012659705604079863,1.0,0.0008452487875924067,0.0001433023771652681,0.0008452499744324626,0.00014330232063402036
16.279999999999745,1786132518.2536125,0.007441699999617413,0.007033500005491078,0.01,TELEOP,0,,0.0,16.279999999999745,1628,0.007466666666659876,0.0,0.0,0.0,0.0,0.17364817766693036,0.9848077530122081,0.004995791609435795,6.145685305887609e-42,1.2394086353576882e-29,1.2773765064363202e-16,0.00039701459384662086,0.17326310757004715,0.9848754936206823,-0.014501262517169268,-0.22496149868535165,0.2802328425555495,-0.1300317195573856,0.01154824411988561,0.08619101604811491,0.9876889686127363,-0.014630310962155672,-0.22496149868535165,0.2802328425555495,-0.1300317195573856,0.01154824411988561,0.08619101604811491,0.9876889686127363,-0.014630312177912278,-0.22496149866163528,0.28023284277610216,-0.13003171954403037,0.011548244118571468,0.08619101612690958,0.9876889686076338,-0.015499459194927914,-0.2249611948874222,0.2802286847137706,-0.12998462788209988,0.011499274647553166,0.08626821081239835,0.9876889991288552,-0.015499459194927914,-0.2249611948874222,0.2802286847137706,-0.12998462788209988,0.011499274647553166,0.08626821081239835,0.9876889991288552,-0.08977849212109587,-0.5125528382043152,0.7753149289399597,-0.4859407300375938,0.5848967474804916,-0.43844242134278905,-0.09912171343731854,-0.5118391506903831,0.7748955993059933,-0.5003960353411406,0.5894133884406656,-0.4529055018717381,-0.09912171343731854,-0.5118391506903831,0.7748955993059933,-0.5003960353411406,0.5894133884406656,-0.4529055018717381,0.037473722751382305,-0.0009412575618463385,0.0009967393890638991,0.021159467407825906,-0.004446360612380599,0.0030264917085943577,0.39553877375536006,-0.046223422888561655,0.023461234937070165,0.9187699915671339,-0.30511676460698983,1.0704671546215083,0.5466666666666242,True,False,1,True,True,0.0035192999930586666,4,1.2358276902234965e-09,1.601839358690099e-10,`gtol` termination condition is satisfied.,True,True,0.010000000000001563,0.013591834259971847,1.0,0.0008691570162797423,0.00020566627456889704,0.0008691582309755529,0.0002056664063483354
16.289999999999747,1786132518.2611687,0.007276299991644919,0.007313099995371886,0.01,TELEOP,0,,0.0,16.289999999999747,1629,0.0077333333333265844,0.0,0.0,0.0,0.0,0.17364817766693036,0.9848077530122081,0.005245891132390888,5.5842911302026775e-42,1.1261915156140466e-29,1.1606807772930952e-16,0.00036074245556860877,0.17329829067036953,0.9848693173795238,-0.01442623266028274,-0.22496149868535165,0.2802328425555495,-0.1300315172505191,0.011532517663451236,0.08621103378675124,0.987687431939523,-0.014557773769228085,-0.22496149868535165,0.2802328425555495,-0.1300315172505191,0.011532517663451236,0.08621103378675124,0.987687431939523,-0.014557775010614976,-0.2249614986597189,0.2802328427788675,-0.13003151723692621,0.011532517662074726,0.08621103386728377,0.9876874319342992,-0.015448986422516464,-0.22496129523493483,0.2802290685814547,-0.12998707194493586,0.011403330406388903,0.08638938952308835,0.9876791982018519,-0.015448986422516464,-0.22496129523493483,0.2802290685814547,-0.12998707194493586,0.011403330406388903,0.08638938952308835,0.9876791982018519,-0.08902534175822865,-0.5126048600133429,0.7753460142992902,-0.4848442163443836,0.5845569246260162,-0.4373777850474828,-0.09870809061988156,-0.5118530963105539,0.7749078639656243,-0.5000940748135358,0.5893389046918948,-0.45276992766424085,-0.09870809061988156,-0.5118530963105539,0.7749078639656243,-0.5000940748135358,0.5893389046918948,-0.45276992766424085,0.041362281743691255,-0.001394562017081318,0.0012264659630981235,0.03019605276047864,-0.007448374877078128,0.013557420749723768,0.38885589923083425,-0.04533044552349085,0.022972657403418847,0.9036585352651318,-0.30020142646970593,1.0530929041127763,0.5483333333332912,True,False,1,True,True,0.003892599997925572,4,1.2615741727275786e-09,1.6370018365770084e-10,`gtol` termination condition is satisfied.,True,True,0.010000000000001563,0.014463080528949068,1.0,0.000891219426769411,0.00044963658895654646,0.0008912206672052958,0.00044963672407377956
16.29999999999975,1786132518.2685354,0.0075372999999672174,0.007142499991459772,0.01,TELEOP,0,,0.0,16.29999999999975,1630,0.007999999999993292,0.0,0.0,0.0,0.0,0.17364817766693036,0.9848077530122081,0.005497504600474173,5.074179017429597e-42,1.0233165185871367e-29,1.0546491929558019e-16,0.0003277845303474855,0.1733302586736312,0.984863703253112,-0.014350748619857755,-0.22496149868535165,0.2802328425555495,-0.13003133335582007,0.011518228083834755,0.08622922239735661,0.9876860351206064,-0.014484601852993561,-0.22496149868535165,0.2802328425555495,-0.13003133335582007,0.011518228083834755,0.08622922239735661,0.9876860351206064,-0.014484603118065795,-0.22496149865799098,0.28023284278141863,-0.130031333342006,0.011518228082401142,0.08622922247949587,0.9876860351152706,-0.01539603145893224,-0.22496139881302055,0.2802294802414105,-0.1299899093940157,0.011316214806905268,0.08649923567101356,0.9876702126552719,-0.01539603145893224,-0.22496139881302055,0.2802294802414105,-0.1299899093940157,0.011316214806905268,0.08649923567101356,0.9876702126552719,-0.08826343343345043,-0.5126573868959701,0.775377400005289,-0.4837278814208569,0.5842120052341485,-0.43629090092048406,-0.09825640402899187,-0.5118714651469981,0.7749223672372282,-0.4997036235424489,0.5892350244537317,-0.4525312136216478,-0.09825640402899187,-0.5118714651469981,0.7749223672372282,-0.4997036235424489,0.5892350244537317,-0.4525312136216478,0.04516865908896142,-0.0018368836444191945,0.0014503271603849182,0.039045127108689424,-0.010388023816312528,0.023871404259301725,0.38063773452695704,-0.04423216273378074,0.02238611972867596,0.8849074348209401,-0.293964893923394,1.0313983509576343,0.5499999999999581,True,False,1,True,True,0.003334799999720417,4,1.2853689122586247e-09,1.669515986569392e-10,`gtol` termination condition is satisfied.,True,True,0.010000000000001563,0.015392142616758031,1.0,0.0009114345490373323,0.0006802434325823787,0.0009114358132706814,0.0006802435685628338
16.30999999999975,1786132518.2765791,0.007406100005027838,0.007780400002957322,0.01,TELEOP,0,,0.0,16.30999999999975,1631,0.00826666666666,0.0,0.0,0.0,0.0,0.17364817766693036,0.9848077530122081,0.005750493682261542,4.6106644694200083e-42,9.29838915224231e-30,9.582907248761527e-17,0.00029783795113189407,0.1733593054572851,0.9848586002589015,-0.014274851895321544,-0.22496149868535165,0.2802328425555495,-0.13003116620339375,0.011505244083762316,0.08624574904957544,0.9876847654718768,-0.014410846862156376,-0.22496149868535165,0.2802328425555495,-0.13003116620339375,0.011505244083762316,0.08624574904957544,0.9876847654718768,-0.01441084814912879,-0.2249614986564362,0.2802328427837729,-0.13003116618937338,0.011505244082276397,0.08624574913320078,0.9876847654664376,-0.015340657108010254,-0.22496150408021484,0.280229915441488,-0.12999309845218784,0.011237707423307885,0.08659804086449728,0.9876620310638143,-0.015340657108010254,-0.22496150408021484,0.280229915441488,-0.12999309845218784,0.011237707423307885,0.08659804086449728,0.9876620310638143,-0.08749348621352311,-0.5127103299006682,0.7754090418473375,-0.4825932188565598,0.5838625361130217,-0.4351834787836373,-0.09776761550251332,-0.5118941286967502,0.7749390415876575,-0.4992268876225227,0.5891024919552716,-0.45219192203511793,-0.09776761550251332,-0.5118941286967502,0.7749390415876575,-0.4992268876225227,0.5891024919552716,-0.45219192203511793,0.0488788526478463,-0.002266354975210802,0.00166743504292879,0.047673591992611855,-0.01325324984600215,0.03392915865297989,0.3710193558884298,-0.042947133079154015,0.021710788254383787,0.8628464883921085,-0.2865226029689174,1.0057754393676592,0.551666666666625,True,False,1,True,True,0.004368599998997524,4,1.3073714225936394e-09,1.699595464246257e-10,`gtol` termination condition is satisfied.,True,True,0.010000000000001563,0.016240312701163717,1.0,0.0009298135670006667,0.0008891599108472683,0.0009298148532480451,0.0008891600481248977
16.31999999999975,1786132518.2840047,0.008004199989954941,0.007201900007203221,0.01,TELEOP,0,,0.0,16.31999999999975,1632,0.008533333333326709,0.0,0.0,0.0,0.0,0.17364817766693036,0.9848077530122081,0.006004732684615405,4.189490906125099e-42,8.449002752922461e-30,8.707329291184758e-17,0.000270627534659802,0.17338569802483006,0.9848539620071496,-0.014198580194615385,-0.22496149868535165,0.2802328425555495,-0.13003101427377098,0.011493446365422499,0.0862607656299803,0.9876836114518197,-0.014336556530193657,-0.22496149868535165,0.2802328425555495,-0.13003101427377098,0.011493446365422499,0.0862607656299803,0.9876836114518197,-0.014336557837428106,-0.22496149865504023,0.28023284278594646,-0.1300310142595581,0.011493446363888661,0.08626076571498134,0.987683611446285,-0.015282933828137314,-0.22496160938687873,0.2802303694015858,-0.1299965915484666,0.011167553888388342,0.08668614126491583,0.987654638443282,-0.015282933828137314,-0.22496160938687873,0.2802303694015858,-0.1299965915484666,0.011167553888388342,0.08668614126491583,0.987654638443282,-0.0867161621896992,-0.5127636076786031,0.7754408993494135,-0.48144159968657035,0.5835090183051913,-0.43405708614128097,-0.0972428131496801,-0.5119209416658415,0.7749578115322299,-0.498666370751924,0.5889421602646688,-0.45175496838709167,-0.0972428131496801,-0.5119209416658415,0.7749578115322299,-0.498666370751924,0.5889421602646688,-0.45175496838709167,0.05248023528331392,-0.0026812969091188944,0.0018769944572375635,0.05605168705986242,-0.01603316906028042,0.043695364802619874,0.3601382635467062,-0.04149419339080276,0.02095594143087408,0.8378095067249258,-0.2779919214277834,0.9766206149638458,0.5533333333332919,True,False,1,True,True,0.0033820999960880727,4,1.3277286828696509e-09,1.727445821821982e-10,`gtol` termination condition is satisfied.,True,True,0.010000000000001563,0.017008443251480654,1.0,0.0009463792293169643,0.001075499193826181,0.0009463805359412749,0.0010754993325778977
16.329999999999753,1786132518.29606,0.007568900007754564,0.01168830000096932,0.01,TELEOP,0,,0.0,16.329999999999753,1633,0.008799999999993417,0.0,0.0,0.0,0.0,0.17364817766693036,0.9848077530122081,0.006260107398137157,3.806790576264338e-42,7.677205841796442e-30,7.911711243828791e-17,0.0002459032500623176,0.17340967896522475,0.9848497462926866,-0.01412196778055886,-0.22496149868535165,0.2802328425555495,-0.13003087618453893,0.011482726533563175,0.08627441014004136,0.9876825625599677,-0.014261774939231107,-0.22496149868535165,0.2802328425555495,-0.13003087618453893,0.011482726533563175,0.08627441014004136,0.9876825625599677,-0.014261776265224776,-0.22496149865378984,0.28023284278795413,-0.13003087617014628,0.011482726531985595,0.08627441022631689,0.9876825625543447,-0.015222938916094463,-0.22496171300828693,0.28023083691883766,-0.13000033637388536,0.011105469778765305,0.08676391242084901,0.9876480165449111,-0.015222938916094463,-0.22496171300828693,0.28023083691883766,-0.13000033637388536,0.011105469778765305,0.08676391242084901,0.9876480165449111,-0.08593207068808434,-0.5128171458745485,0.7754729354743172,-0.48027428216002355,0.5831519107426034,-0.4329131597634807,-0.09668319750359966,-0.5119517438611799,0.7749785945643524,-0.49802484078309806,0.5887549794821575,-0.45122358164984805,-0.09668319750359966,-0.5119517438611799,0.7749785945643524,-0.49802484078309806,0.5887549794821575,-0.45122358164984805,0.055961564608035363,-0.003080219533850065,0.0020783032122506473,0.0641529968825838,-0.018718078251136232,0.05313867372435508,0.3481329324720896,-0.039892262473110826,0.020130875501305254,0.810130982272011,-0.26849091908553935,0.9443308921733731,0.5549999999999589,True,False,1,True,True,0.005867900006705895,4,1.346576132243233e-09,1.7532507400573907e-10,`gtol` termination condition is satisfied.,True,True,0.010000000000001563,0.017697882245810703,1.0,0.0009611647678133053,0.001239453386807978,0.0009611660933120356,0.00123945352706662
16.339999999999755,1786132518.304576,0.012054499995429069,0.00814949999039527,0.01,TELEOP,0,,0.0,16.339999999999755,1634,0.009066666666660126,0.0,0.0,0.0,0.0,0.17364817766693036,0.9848077530122081,0.006516514048078311,3.4590490387144545e-42,6.975910798102958e-30,7.188768623347247e-17,0.0002234379190728081,0.17343146868692202,0.9848459147219902,-0.014045045785576514,-0.22496149868535165,0.2802328425555495,-0.13003075067812817,0.011472986098891382,0.0862868079661055,0.9876816092441316,-0.014186542769528934,-0.22496149868535165,0.2802328425555495,-0.13003075067812817,0.011472986098891382,0.0862868079661055,0.9876816092441316,-0.014186544112903526,-0.22496149865267304,0.2802328427898094,-0.1300307506635675,0.011472986097273584,0.08628680805356254,0.987681609238427,-0.015160755690931109,-0.22496181317867786,0.2802313124784097,-0.13000427699621717,0.01105114446630858,0.0868317641291439,0.9876421441528791,-0.015160755690931109,-0.22496181317867786,0.2802313124784097,-0.13000427699621717,0.01105114446630858,0.0868317641291439,0.9876421441528791,-0.08514177219699877,-0.5128708765617579,0.7755051163492049,-0.4790924207446721,0.5827916336308422,-0.4317530163380514,-0.09609006770784118,-0.5119863620728832,0.775001302078415,-0.49730529650585187,0.5885419849742213,-0.4506012648815983,-0.09609006770784118,-0.5119863620728832,0.775001302078415,-0.49730529650585187,0.5885419849742213,-0.4506012648815983,0.059312979575839114,-0.0034618211703195457,0.0022707514062663,0.07195442772460994,-0.021299450793622023,0.06223167682496347,0.33514149678032285,-0.03816016364694208,0.019244819401562235,0.7801430842024916,-0.25813725424853873,0.9093003100606968,0.5566666666666258,True,False,1,True,True,0.003994799990323372,4,1.3640384554788638e-09,1.7771783443328792e-10,`gtol` termination condition is satisfied.,True,True,0.010000000000001563,0.018310421886367334,1.0,0.0009742128307215943,0.0013815728036467004,0.0009742141737159581,0.0013815729453788572
16.349999999999756,1786132518.31225,0.008389900001930073,0.007433799997670576,0.01,TELEOP,0,,0.0,16.349999999999756,1635,0.009333333333326834,0.0,0.0,0.0,0.0,0.17364817766693036,0.9848077530122081,0.006773858341079116,3.143072888441593e-42,6.338677438887373e-30,6.531979276046262e-17,0.00020302512663161967,0.1734512674472247,0.9848424323726864,-0.013967842497676273,-0.22496149868535165,0.2802328425555495,-0.13003063661066094,0.011464135572600396,0.08629807303312088,0.9876807428156983,-0.014110897535073125,-0.22496149868535165,0.2802328425555495,-0.13003063661066094,0.011464135572600396,0.08629807303312088,0.9876807428156983,-0.014110898894564856,-0.22496149865167878,0.28023284279152477,-0.1300306365959428,0.011464135570945779,0.08629807312167426,0.9876807428099178,-0.015096472684732354,-0.2249619081253775,0.2802317903667485,-0.13000835500201643,0.01100424490298954,0.08689013537054295,0.9876369973826788,-0.015096472684732354,-0.2249619081253775,0.2802317903667485,-0.13000835500201643,0.01100424490298954,0.08689013537054295,0.9876369973826788,-0.08434578202883349,-0.5129247377181434,0.7755374110110735,-0.47789707442949664,0.5824285715807413,-0.43057786226885936,-0.095464807855625,-0.5120246119311477,0.7750258402783381,-0.49651093493173476,0.5883042857489361,-0.4498917564370031,-0.095464807855625,-0.5120246119311477,0.7750258402783381,-0.49651093493173476,0.5883042857489361,-0.4498917564370031,0.06252598522160836,-0.003824985826445908,0.002453819992312568,0.07943615741169587,-0.023769922528514967,0.0709508444595088,0.3213005645768748,-0.036316465612630563,0.018306858604623968,0.7481729687084749,-0.24704717348925587,0.8719167634543975,0.5583333333332927,True,False,1,True,True,0.0038283999892883003,4,1.3802304041742047e-09,1.7993860388063564e-10,`gtol` termination condition is satisfied.,True,True,0.010000000000001563,0.018848248543546886,1.0,0.0009855744371338707,0.0015025941453246418,0.0009855757963587672,0.001502594288466071
16.359999999999758,1786132518.319353,0.007678299996769056,0.006858499997179024,0.01,TELEOP,0,,0.0,16.359999999999758,1636,0.009599999999993543,0.0,0.0,0.0,0.0,0.17364817766693036,0.9848077530122081,0.00703205459898288,2.8559604305951232e-42,5.759653877051594e-30,5.935286916352971e-17,0.0001844773226217846,0.17346925719575762,0.9848392674828059,-0.013890383620305143,-0.22496149868535165,0.2802328425555495,-0.13003053294177433,0.011456093643688133,0.08630830885276426,0.9876799553723267,-0.014034873805762505,-0.22496149868535165,0.2802328425555495,-0.13003053294177433,0.011456093643688133,0.08630830885276426,0.9876799553723267,-0.01403487518021294,-0.22496149865079693,0.28023284279311156,-0.13003053292690847,0.011456093641999843,0.08630830894233596,0.9876799553664761,-0.015030182846418078,-0.22496199610217624,0.2802322647843412,-0.13001251063663188,0.010964419310177841,0.0869394893624287,0.9876325499782551,-0.015030182846418078,-0.22496199610217624,0.2802322647843412,-0.13001251063663188,0.010964419310177841,0.0869394893624287,0.9876325499782551,-0.08354457373267361,-0.5129786727412284,0.7755697911709438,-0.4766892143814844,0.582063076504404,-0.4293888026905635,-0.09480887358746187,-0.5120662997235157,0.7750521110650218,-0.49564511931830624,0.5880430530615599,-0.44909899207288495,-0.09480887358746187,-0.5120662997235157,0.7750521110650218,-0.49564511931830624,0.5880430530615599,-0.44909899207288495,0.06559342681630216,-0.004168779236798219,0.002627078668373858,0.08658156134284062,-0.026123268737619703,0.07927643641180074,0.3067441594693322,-0.034379341035225705,0.0173258676061263,0.7145403931143632,-0.23533462091043686,0.8325591952290633,0.5599999999999596,True,False,1,True,True,0.0035759000020334497,4,1.3952576000404463e-09,1.8200175420067617e-10,`gtol` termination condition is satisfied.,True,True,0.010000000000001563,0.01931389416814372,1.0,0.0009953079583519514,0.0016033770354881435,0.0009953093326467819,0.0016033771799613674
16.36999999999976,1786132518.3265843,0.007073500004480593,0.007016099989414215,0.01,TELEOP,0,,0.0,16.36999999999976,1637,0.009866666666660251,0.0,0.0,0.0,0.0,0.17364817766693036,0.9848077530122081,0.0072910249717732635,2.5950750334553216e-42,5.233522781884673e-30,5.3931434784628557e-17,0.00016762409723740908,0.17348560324911524,0.984836391167311,-0.013812692508468028,-0.22496149868535165,0.2802328425555495,-0.13003043872533618,0.011448786431493841,0.0863176094756487,0.987679239727429,-0.013958503416680697,-0.22496149868535165,0.2802328425555495,-0.13003043872533618,0.011448786431493841,0.0863176094756487,0.987679239727429,-0.013958504805028256,-0.22496149865001827,0.2802328427945805,-0.1300304387103321,0.011448786429774666,0.08631760956616724,0.9876792397215134,-0.014961982764020023,-0.2249620754212205,0.28023272995532966,-0.1300166839156045,0.010931300747081906,0.0869803087661881,0.987628773606007,-0.014961982764020023,-0.2249620754212205,0.28023272995532966,-0.1300166839156045,0.010931300747081906,0.0869803087661881,0.987628773606007,-0.08273858227288555,-0.513032629999436,0.7756022309955376,-0.4754697310075453,0.5816954702916463,-0.42818684976349775,-0.09412377904085,-0.5121112241601025,0.7750800128967772,-0.49471134814272755,0.5877595093288962,-0.4482270681952948,-0.09412377904085,-0.5121112241601025,0.7750800128967772,-0.49471134814272755,0.5877595093288962,-0.4482270681952948,0.06850945466117767,-0.0044924436586764056,0.0027901831755342502,0.09337711755785562,-0.028354373266369557,0.08719238775900415,0.2916027844875043,-0.032366442187813586,0.016310450716036675,0.6795556215013931,-0.22311045287495052,0.7915951347202165,0.5616666666666266,True,False,1,True,True,0.00373070000205189,4,1.4092172357811083e-09,1.839204220642009e-10,`gtol` termination condition is satisfied.,True,True,0.010000000000001563,0.01971018938232144,1.0,0.0010034781310920527,0.0016848711839961572,0.0010034795193922148,0.0016848713297191943
16.37999999999976,1786132518.33412,0.007237500001792796,0.007320300006540492,0.01,TELEOP,0,,0.0,16.37999999999976,1638,0.01013333333332696,0.0,0.0,0.0,0.0,0.17364817766693036,0.9848077530122081,0.007550698722408014,2.35802091552782e-42,4.7554525485699656e-30,4.900424413045029e-17,0.00015231061409047358,0.17350045581217494,0.9848337771596,-0.013734790383277603,-0.22496149868535165,0.2802328425555495,-0.13003035310097869,0.011442146806573102,0.08632606035640053,0.9876785893458635,-0.013881815664942829,-0.22496149868535165,0.2802328425555495,-0.13003035310097869,0.011442146806573102,0.08632606035640053,0.9876785893458635,-0.013881817066214996,-0.22496149864933418,0.2802328427959409,-0.13003035308584454,0.011442146804825718,0.08632606044780045,0.9876785893398875,-0.014891971910225375,-0.22496214448277627,0.28023318023164207,-0.13002081568402882,0.010904510536603752,0.08701309108173318,0.9876256381439371,-0.014891971910225375,-0.22496214448277627,0.28023318023164207,-0.13002081568402882,0.010904510536603752,0.08701309108173318,0.9876256381439371,-0.0819282069879163,-0.5130865624174006,0.7756347069053166,-0.4742394404679865,0.5813260472819124,-0.42697293030667094,-0.09341108423386593,-0.5121591780759827,0.7751094416176122,-0.4937132252062613,0.5874549174208503,-0.447280206461055,-0.09341108423386593,-0.5121591780759827,0.7751094416176122,-0.4937132252062613,0.5874549174208503,-0.447280206461055,0.07126948069839503,-0.004795391588021558,0.0029428720835031966,0.0998122936466055,-0.030459190804577846,0.09468617342396599,0.2760026037216932,-0.03029479293451048,0.015268890796892235,0.6435176088748874,-0.21048175382079584,0.7493785664960662,0.5633333333332935,True,False,1,True,True,0.003597599992644973,4,1.4221986447537247e-09,1.8570677219201418e-10,`gtol` termination condition is satisfied.,True,True,0.010000000000001563,0.02004021843179704,1.0,0.0010101551068233624,0.0017480946069268462,0.0010101565081524686,0.001748094753817734
16.389999999999763,1786132518.34159,0.007540899998275563,0.007243899992317893,0.01,TELEOP,0,,0.0,16.389999999999763,1639,0.010399999999993668,0.0,0.0,0.0,0.0,0.17364817766693036,0.9848077530122081,0.007811011576982479,2.142621144431116e-42,4.321052928245172e-30,4.4527251487737675e-17,0.0001383961866184805,0.17351395136013986,0.984831401575867,-0.013656696526905264,-0.22496149868535165,0.2802328425555495,-0.13003027528638092,0.011436113773660859,0.08633373913958785,0.9876779982853124,-0.01380483749460794,-0.22496149868535165,0.2802328425555495,-0.13003027528638092,0.011436113773660859,0.08633373913958785,0.9876779982853124,-0.013804838907914004,-0.22496149864873716,0.28023284279720195,-0.1300302752711243,0.011436113771887484,0.08633373923180915,0.9876779982792804,-0.014820251915348755,-0.22496220180232074,0.28023361018965,-0.1300248486039013,0.010883661530300105,0.08703834425688345,0.9876231119644004,-0.014820251915348755,-0.22496220180232074,0.28023361018965,-0.1300248486039013,0.010883661530300105,0.08703834425688345,0.9876231119644004,-0.08111381434270144,-0.5131404270930723,0.7756671973878015,-0.4729990906839078,0.5809550765458332,-0.42574789282172754,-0.09267238295321965,-0.5122099500614915,0.775140291249004,-0.49265443102476203,0.587130570387954,-0.4462627199155065,-0.09267238295321965,-0.5122099500614915,0.775140291249004,-0.49265443102476203,0.587130570387954,-0.4462627199155065,0.07387012806461564,-0.005077198550887601,0.003084963139176112,0.10587941814991263,-0.03243470328962521,0.10174865455483621,0.2600647366220199,-0.028180696286599864,0.014209105567289325,0.6067124503306172,-0.19755124850470498,0.7062481130869119,0.5649999999999604,True,False,1,True,True,0.0038949000008869916,4,1.4342839924404352e-09,1.8737199220432595e-10,`gtol` termination condition is satisfied.,True,True,0.010000000000001563,0.020307276154384046,1.0,0.0010154135408708197,0.0017941167529866248,0.0010154149543334433,0.0017941169009662345
16.399999999999764,1786132518.3487563,0.007467400006134994,0.0069423000095412135,0.01,TELEOP,0,,0.0,16.399999999999764,1640,0.010666666666660376,0.0,0.0,0.0,0.0,0.17364817766693036,0.9848077530122081,0.008071905134255866,1.9468976455349606e-42,3.9263347111540344e-30,4.045979927502254e-17,0.0001257529846783373,0.17352621389408085,0.9848292427003642,-0.013578428459723247,-0.22496149868535165,0.2802328425555495,-0.13003020457023545,0.011430631911043963,0.08634071637374918,0.9876774611428595,-0.01372759367014907,-0.22496149868535165,0.2802328425555495,-0.13003020457023545,0.011430631911043963,0.08634071637374918,0.9876774611428595,-0.013727595094673476,-0.22496149864822002,0.28023284279837163,-0.13003020455486355,0.011430631909246793,0.08634071646673706,0.9876774611367752,-0.014746925871303003,-0.2249622460345277,0.28023401471772363,-0.13002872805305926,0.01086836119741068,0.08705658253464878,0.9876211622090598,-0.014746925871303003,-0.2249622460345277,0.28023401471772363,-0.13002872805305926,0.01086836119741068,0.08705658253464878,0.9876211622090598,-0.08029574048731235,-0.5131941849445082,0.7756996828251719,-0.47174936687730024,0.5805828039897222,-0.42451251395615763,-0.09190929120661398,-0.5122633260126733,0.7751724547415031,-0.4915386956351414,0.586787781674478,-0.4451789808184804,-0.09190929120661398,-0.5122633260126733,0.7751724547415031,-0.4915386956351414,0.586787781674478,-0.4451789808184804,0.07630917466055591,-0.005337595118186375,0.0032163492499169507,0.11157353896204704,-0.03427887134759551,0.10837390970259315,0.24390465959398822,-0.02603965672987333,0.013138611074081805,0.5694120812133527,-0.18441680579700157,0.6625255147755903,0.5666666666666273,True,False,1,True,True,0.003377600005478598,4,1.44554873306547e-09,1.889263605925401e-10,`gtol` termination condition is satisfied.,True,True,0.010000000000001563,0.020514827093778942,1.0,0.0010193317243004925,0.0018240442840578234,0.0010193331490755495,0.0018240444330511422
16.409999999999766,1786132518.3561618,0.007188599993241951,0.007159699991461821,0.01,TELEOP,0,,0.0,16.409999999999766,1641,0.010933333333327085,0.0,0.0,0.0,0.0,0.17364817766693036,0.9848077530122081,0.008333326329118146,1.7690530367635103e-42,3.567673092649131e-30,3.67637710096784e-17,0.00011426485941337405,0.17353735608157314,0.9848272807897633,-0.013500002101264563,-0.22496149868535165,0.2802328425555495,-0.13003014030584073,0.011425650861184472,0.0863470561601071,0.9876769730063191,-0.013650106938973077,-0.22496149868535165,0.2802328425555495,-0.13003014030584073,0.011425650861184472,0.0863470561601071,0.9876769730063191,-0.013650108373969391,-0.2249614986477762,0.28023284279945726,-0.13003014029036006,0.011425650859365413,0.0863470562538113,0.9876769730001862,-0.014672097669579564,-0.22496227599381352,0.280234389093421,-0.13003240292293447,0.010858214526000706,0.08706832255698788,0.9876197550548022,-0.014672097669579564,-0.22496227599381352,0.280234389093421,-0.13003240292293447,0.010858214526000706,0.08706832255698788,0.9876197550548022,-0.07947429363377163,-0.5132478003843474,0.775732145335165,-0.470490896679442,0.5802094542954789,-0.4232675044499822,-0.09112343628908069,-0.5123190905955044,0.7752058246831944,-0.4903697729241301,0.5864278758581042,-0.4440333902825363,-0.09112343628908069,-0.5123190905955044,0.7752058246831944,-0.4903697729241301,0.5864278758581042,-0.4440333902825363,0.07858549175331712,-0.005576458283111186,0.0033369941691335425,0.11689227110111299,-0.035990581637378866,0.11455905359439068,0.22763170927608592,-0.02388631649247729,0.012064491921657289,0.5318732139065119,-0.17117102897830858,0.6185143891796556,0.5683333333332943,True,False,1,True,True,0.0033408000017516315,4,1.456062273057098e-09,1.9037907316436854e-10,`gtol` termination condition is satisfied.,True,True,0.010000000000001563,0.020666466862322763,1.0,0.0010219907610314592,0.0018390085860282253,0.0010219921963662024,0.0018390087359650288
16.419999999999767,1786132518.3639596,0.007412799997837283,0.007544199994299561,0.01,TELEOP,0,,0.0,16.419999999999767,1642,0.011199999999993793,0.0,0.0,0.0,0.0,0.17364817766693036,0.9848077530122081,0.008595226945070636,1.607454122747307e-42,3.2417743856257974e-30,3.3405073615578283e-17,0.00010382627557164744,0.1735474802929585,0.9848254978949671,-0.013421431916478817,-0.22496149868535165,0.2802328425555495,-0.1300300819052648,0.011421124867906895,0.08635281674194639,0.9876765294099044,-0.013572398183481205,-0.22496149868535165,0.2802328425555495,-0.1300300819052648,0.011421124867906895,0.08635281674194639,0.9876765294099044,-0.013572399628266285,-0.22496149864739978,0.28023284280046584,-0.13003008188968151,0.011421124866067773,0.08635281683632096,0.9876765294037261,-0.014595871375724434,-0.22496229067122167,0.2802347290494042,-0.13003582630587948,0.010852826727156713,0.08707407973938033,0.9876188559695068,-0.014595871375724434,-0.22496229067122167,0.2802347290494042,-0.13003582630587948,0.010852826727156713,0.08707407973938033,0.9876188559695068,-0.07864975626231661,-0.5133012410200558,0.7757645686243801,-0.4692242548402717,0.579835232707643,-0.4220135146064151,-0.09031644650337818,-0.5123770286188256,0.7752402939626697,-0.489151416563454,0.5860521799489944,-0.4428303498212811,-0.09031644650337818,-0.5123770286188256,0.7752402939626697,-0.489151416563454,0.5860521799489944,-0.4428303498212811,0.0806989785702383,-0.005793802332123766,0.0034469279475291765,0.12183563606758933,-0.03756959091097334,0.12030404612549873,0.21134868169208493,-0.021734404901254636,0.010993377839561669,0.49433649664755824,-0.15790092735942288,0.5744992531107153,0.5699999999999612,True,False,1,True,True,0.003412899997783825,4,1.4658882278403782e-09,1.917388968350596e-10,`gtol` termination condition is satisfied.,True,True,0.010000000000001563,0.02076588583255412,1.0,0.0010234737920835242,0.0018401545946696977,0.0010234752372877555,0.0018401547454849647
16.42999999999977,1786132518.3709924,0.007776500002364628,0.006800499992095865,0.01,TELEOP,0,,0.0,16.42999999999977,1643,0.011466666666660501,0.0,0.0,0.0,0.0,0.17364817766693036,0.9848077530122081,0.008857563171243253,1.4606168967464007e-42,2.9456457736984295e-30,3.0353425664857846e-17,9.434134144481347e-05,0.17355667954279508,0.9848238776988456,-0.013342731048627031,-0.22496149868535165,0.2802328425555495,-0.1300300288340307,0.011417012355891322,0.08635805104008899,0.9876761262938596,-0.01349448656315876,-0.22496149868535165,0.2802328425555495,-0.1300300288340307,0.011417012355891322,0.08635805104008899,0.9876761262938596,-0.013494488017107682,-0.2249614986470854,0.28023284280140354,-0.1300300288183502,0.011417012354033824,0.08635805113509191,0.9876761262876388,-0.014518350642302523,-0.22496228924751532,0.28023503082751794,-0.13003895606621382,0.010851805735863784,0.08707436492656546,0.9876184299566891,-0.014518350642302523,-0.22496228924751532,0.28023503082751794,-0.13003895606621382,0.010851805735863784,0.08707436492656546,0.9876184299566891,-0.07782238716779893,-0.5133544773781445,0.7757969378531232,-0.467949967568877,0.5794603266785701,-0.4207511393237456,-0.08948994156554267,-0.5124369263121431,0.7752757563847613,-0.48788735761481633,0.585662015273488,-0.44157423488111985,-0.08948994156554267,-0.5124369263121431,0.7752757563847613,-0.48788735761481633,0.585662015273488,-0.44157423488111985,0.08265049378353767,-0.00598976933175163,0.003546242209161144,0.12640589486374718,-0.039016467550631574,0.12561149401610766,0.19515152132990635,-0.01959669996278341,0.009931426163195202,0.45702587961571306,-0.14468766396580068,0.5307447890608111,0.5716666666666281,True,False,1,True,True,0.0034331000060774386,4,1.4750850807174863e-09,1.9301380677524698e-10,`gtol` termination condition is satisfied.,True,True,0.010000000000001563,0.020816835214865992,1.0,0.0010238652683718635,0.0018286307332815166,0.0010238667228129109,0.001828630884915645
16.43999999999977,1786132518.378352,0.0070328000001609325,0.007127499993657693,0.01,TELEOP,0,,0.0,16.43999999999977,1644,0.01173333333332721,0.0,0.0,0.0,0.0,0.17364817766693036,0.9848077530122081,0.009120295199880326,1.3271929126131943e-42,2.6765678273543486e-30,2.7580239795547273e-17,8.572292749707746e-05,0.17356503834517997,0.9848224053685091,-0.01326391144003591,-0.22496149868535165,0.2802328425555495,-0.13002998060627766,0.011413275548604072,0.08636280713939959,0.9876757599677061,-0.013416389647178112,-0.22496149868535165,0.2802328425555495,-0.13002998060627766,0.011413275548604072,0.08636280713939959,0.9876757599677061,-0.013416391109719365,-0.22496149864682824,0.28023284280227617,-0.13002998059050516,0.01141327554672966,0.08636280723499243,0.9876757599614455,-0.014439638161882953,-0.2249622711024462,0.2802352912207833,-0.13004175529229772,0.010854764504668754,0.08706968133608821,0.9876184417881627,-0.014439638161882953,-0.2249622711024462,0.2802352912207833,-0.13004175529229772,0.010854764504668754,0.08706968133608821,0.9876184417881627,-0.07699242335633874,-0.5134074826506599,0.7758292395109867,-0.46666851653287583,0.5790849073820326,-0.4194809227226585,-0.08864552371829619,-0.5124985725055905,0.775312107237833,-0.4865812838488294,0.5852586899605832,-0.4402693704070938,-0.08864552371829619,-0.5124985725055905,0.775312107237833,-0.4865812838488294,0.5852586899605832,-0.4402693704070938,0.08444178472463476,-0.006164619344742381,0.0036350853071653575,0.13060737659867203,-0.0403325312904788,0.1304864474025865,0.17912909410968136,-0.017485001299072322,0.008884309800419965,0.42014817349241934,-0.13160637398470157,0.4874953386478064,0.5733333333332951,True,False,1,True,True,0.00352549999661278,4,1.483706517994216e-09,1.9421091796424387e-10,`gtol` termination condition is satisfied.,True,True,0.010000000000001563,0.02082309555737427,1.0,0.001023250273003794,0.0018055798524028992,0.001023251736101756,0.0018055800048018458
16.449999999999772,1786132518.3856566,0.007366499994532205,0.00706499999796506,0.01,TELEOP,0,,0.0,16.449999999999772,1645,0.011999999999993918,0.0,0.0,0.0,0.0,0.17364817766693036,0.9848077530122081,0.009383386860598333,1.2059569016450476e-42,2.4320695306936177e-30,2.506095205217617e-17,7.78918655713996e-05,0.1735726334908321,0.9848210674208359,-0.013184983941820508,-0.22496149868535165,0.2802328425555495,-0.13002993678035685,0.01140988012115114,0.08636712873080261,0.9876754270767875,-0.013338123537993388,-0.22496149868535165,0.2802328425555495,-0.13002993678035685,0.01140988012115114,0.08636712873080261,0.9876754270767875,-0.013338125008604335,-0.22496149864662351,0.280232842803089,-0.130029936764497,0.011409880119261112,0.08636712882695025,0.9876754270704896,-0.014359835161150747,-0.224962235820251,0.28023550760335025,-0.13004419262981212,0.010861323088491208,0.08706052179286015,0.9876188562239903,-0.014359835161150747,-0.224962235820251,0.28023550760335025,-0.13004419262981212,0.010861323088491208,0.08706052179286015,0.9876188562239903,-0.0761600818018231,-0.5134602324623349,0.7758614613023963,-0.46538034254235106,0.5787091311048892,-0.41820336240050393,-0.08778476956723362,-0.5125617597103947,0.7753492438119304,-0.4852368208042686,0.5848434920428114,-0.4389200084725241,-0.08778476956723362,-0.5125617597103947,0.7753492438119304,-0.4852368208042686,0.5848434920428114,-0.4389200084725241,0.08607541510624399,-0.006318720480419674,0.0037136574097372545,0.13444630445605993,-0.04151979177717101,0.13493619345694793,0.1633630381608973,-0.015410113567726964,0.007857210257188453,0.3838927857387313,-0.11872604866920249,0.4449746054360754,0.574999999999962,True,False,1,True,True,0.00352700000803452,4,1.4918016799927558e-09,1.9533698836481492e-10,`gtol` termination condition is satisfied.,True,True,0.010000000000001563,0.020788447684435274,1.0,0.0010217138936129825,0.0017721311045368312,0.0010217153648362566,0.001772131257652046
16.459999999999773,1786132518.3929317,0.0073284000100102276,0.007012000001850538,0.01,TELEOP,0,,0.0,16.459999999999773,1646,0.012266666666660627,0.0,0.0,0.0,0.0,0.17364817766693036,0.9848077530122081,0.009646805288056622,1.0957955206088289e-42,2.2099055894185628e-30,2.2771845512221424e-17,7.077622130284156e-05,0.17357953475309956,0.9848198516000903,-0.013105958413583021,-0.22496149868535165,0.2802328425555495,-0.1300298969548225,0.011406794884861557,0.086371055512883,0.9876751245718217,-0.013259702986397623,-0.22496149868535165,0.2802328425555495,-0.1300298969548225,0.011406794884861557,0.086371055512883,0.9876751245718217,-0.013259704464600564,-0.22496149864646717,0.28023284280384675,-0.1300298969388796,0.0114067948829572,0.08637105560955328,0.9876751245654889,-0.0142790409368522,-0.22496218319149952,0.2802356779487115,-0.13004624249899152,0.010871110520986764,0.08704736625481224,0.9876196382191044,-0.0142790409368522,-0.22496218319149952,0.2802356779487115,-0.13004624249899152,0.010871110520986764,0.08704736625481224,0.9876196382191044,-0.07532556107134555,-0.5135127046568858,0.7758935920414147,-0.464085848942088,0.5783331405258572,-0.4169189133415652,-0.08690922264753813,-0.5126262850991492,0.7753870658675577,-0.4838575145977116,0.5844176831770973,-0.4375303079829813,-0.08690922264753813,-0.5126262850991492,0.7753870658675577,-0.4838575145977116,0.5844176831770973,-0.4375303079829813,0.08755469196953504,-0.00645253887544796,0.0037822055627344023,0.1379306206556809,-0.042580886571402916,0.13897004895425769,0.1479276863290825,-0.013381839502826426,0.00685481529971373,0.34843161996204397,-0.10610947942317403,0.40338554973091184,0.5766666666666289,True,False,1,True,True,0.0035463000094750896,4,1.4994157096686371e-09,1.9639807594145708e-10,`gtol` termination condition is satisfied.,True,True,0.010000000000001563,0.020716646072020173,1.0,0.001019340644883111,0.001729392706251134,0.001019342123744519,0.0017293928600393817
16.469999999999775,1786132518.400335,0.0072536999941803515,0.007161899993661791,0.01,TELEOP,0,,0.0,16.469999999999775,1647,0.012533333333327335,0.0,0.0,0.0,0.0,0.17364817766693036,0.9848077530122081,0.009910520619988908,9.956971276074668e-43,2.008035811686106e-30,2.0691744352001676e-17,6.43106330435668e-05,0.1735858055293978,0.9848187467665573,-0.013026843814003335,-0.22496149868535165,0.2802328425555495,-0.13002986076478482,0.011403991500699484,0.0863746235567676,0.9876748496811941,-0.013181141498504169,-0.22496149868535165,0.2802328425555495,-0.13002986076478482,0.011403991500699484,0.0863746235567676,0.9876748496811941,-0.013181142983862526,-0.22496149864635567,0.2802328428045539,-0.13002986074876302,0.011403991498781988,0.08637462365393124,0.9876748496748283,-0.014197352433915962,-0.2249621132114863,0.2802358008367002,-0.1300478852007625,0.010883766484693136,0.08703067962687876,0.9876207531160934,-0.014197352433915962,-0.2249621132114863,0.2802358008367002,-0.1300478852007625,0.010883766484693136,0.08703067962687876,0.9876207531160934,-0.07448904282819023,-0.5135648791010381,0.7759256215551127,-0.4627854047340891,0.5779570658898089,-0.41562799151012236,-0.08602038672240511,-0.5126919513860762,0.7754254760552686,-0.48244681647875914,0.5839824929856976,-0.43610431644761666,-0.08602038672240511,-0.5126919513860762,0.7754254760552686,-0.48244681647875914,0.5839824929856976,-0.43610431644761666,0.08888359251328781,-0.006566628692694601,0.003841018771086412,0.1410698118952236,-0.04351901913995867,0.1425991535364444,0.13289005437525658,-0.011408981724662334,0.005881320835200056,0.3139191239542226,-0.09381325685556026,0.3629104582186132,0.5783333333332958,True,False,1,True,True,0.003592999986722134,4,1.5065899708670089e-09,1.9739979717513147e-10,`gtol` termination condition is satisfied.,True,True,0.010000000000001563,0.020611394641416092,1.0,0.001016213941068703,0.0016784455484723214,0.0010162154271217538,0.0016784457028959424
16.479999999999777,1786132518.4074354,0.007384800002910197,0.006877499996335246,0.01,TELEOP,0,,0.0,16.479999999999777,1648,0.012799999999994044,0.0,0.0,0.0,0.0,0.17364817766693036,0.9848077530122081,0.01017450572282212,9.04742491897509e-43,1.824606372471673e-30,1.8801590330203705e-17,5.843571121680999e-05,0.17359150342398944,0.9848177427952173,-0.012947648283153371,-0.22496149868535165,0.2802328425555495,-0.13002982787859055,0.011401444218869539,0.08637786563764689,0.9876745998857482,-0.01310245143510348,-0.22496149868535165,0.2802328425555495,-0.13002982787859055,0.011401444218869539,0.08637786563764689,0.9876745998857482,-0.013102452927218365,-0.2249614986462854,0.2802328428052144,-0.13002982786249337,0.01140144421693983,0.08637786573527705,0.9876745998793514,-0.014114863865755202,-0.2249620260754114,0.2802358754499858,-0.13004910691860272,0.010898942778798871,0.08701090985802246,0.9876221668237594,-0.014114863865755202,-0.2249620260754114,0.2802358754499858,-0.13004910691860272,0.010898942778798871,0.08701090985802246,0.9876221668237594,-0.07365069322051916,-0.5136167375049427,0.7759575405948955,-0.46147934745072844,0.5775810260854982,-0.4143309771510336,-0.08511971980838118,-0.5127585676082513,0.7754643802866399,-0.48100806911258026,0.5835391140123298,-0.43464595379508386,-0.08511971980838118,-0.5127585676082513,0.7754643802866399,-0.48100806911258026,0.5835391140123298,-0.43464595379508386,0.09006669140237926,-0.006661622217516311,0.003890423137125714,0.14387473661786562,-0.044337897336767365,0.1458362652532572,0.11830988890912594,-0.009499352482169576,0.004940436603929418,0.2804924722641579,-0.0818878196808571,0.32371117168123004,0.5799999999999628,True,False,1,True,True,0.0034434999979566783,4,1.5133623371474572e-09,1.9834729284811478e-10,`gtol` termination condition is satisfied.,True,True,0.010000000000001563,0.020476324937494295,1.0,0.0010124156180071656,0.0016203376190184668,0.001012417110842692,0.0016203377740453076
16.489999999999778,1786132518.4154708,0.007105600001523271,0.007807399990269914,0.01,TELEOP,0,,0.0,16.489999999999778,1649,0.013066666666660752,0.0,0.0,0.0,0.0,0.17364817766693036,0.9848077530122081,0.010438735942362505,8.22096352343415e-43,1.657932789390239e-30,1.7084125150527207e-17,5.309749257378322e-05,0.17359668077747384,0.9848168304835677,-0.012868379217291255,-0.22496149868535165,0.2802328425555495,-0.13002979799480374,0.011399129642220566,0.0863808115359887,0.987674372895852,-0.013023644103834546,-0.22496149868535165,0.2802328425555495,-0.13002979799480374,0.011399129642220566,0.0863808115359887,0.987674372895852,-0.01302364560234157,-0.22496149864625314,0.2802328428058321,-0.13002979797863481,0.011399129640279684,0.08638081163406094,0.9876743728894257,-0.014031666376448489,-0.22496192217063868,0.28023590156093037,-0.13004989962443056,0.01091630458978895,0.08698848631378048,0.9876238459811588,-0.014031666376448489,-0.22496192217063868,0.28023590156093037,-0.13004989962443056,0.01091630458978895,0.08698848631378048,0.9876238459811588,-0.07281066416347615,-0.5136682632577335,0.7759893407551676,-0.46016798579744345,0.5772051296340543,-0.4130282178207053,-0.08420862891743627,-0.5128259498094777,0.7755036880575394,-0.47954449455945003,0.5830886972841158,-0.4331589981971067,-0.08420862891743627,-0.5128259498094777,0.7755036880575394,-0.47954449455945003,0.5830886972841158,-0.4331589981971067,0.0911090890944763,-0.0067382201226414765,0.0039307770899539105,0.14635745531299998,-0.04504167282139483,0.14869555979769356,0.10423976920968896,-0.007659790512515351,0.00403539528281904,0.2482718695133987,-0.07037754846273593,0.2859294544435893,0.5816666666666297,True,False,1,True,True,0.004338299986557104,4,1.5197675433095749e-09,1.9924519522514048e-10,`gtol` termination condition is satisfied.,True,True,0.010000000000001563,0.020314976644050242,1.0,0.0010080255038374618,0.0015560792022429565,0.0010080270030805158,0.0015560793578463866
16.49999999999978,1786132518.4223988,0.008028600001125596,0.006706700005452149,0.01,TELEOP,0,,0.0,16.49999999999978,1650,0.01333333333332746,0.0,0.0,0.0,0.0,0.17364817766693036,0.9848077530122081,0.010703188877259065,7.469997469875759e-43,1.506484453636847e-30,1.5523361066092752e-17,4.82469443331441e-05,0.17360138514786272,0.9848160014677746,-0.012789043336822287,-0.22496149868535165,0.2802328425555495,-0.1300297708394598,0.011397026511272498,0.0863834883112164,0.9876741666305365,-0.012944729844597111,-0.22496149868535165,0.2802328425555495,-0.1300297708394598,0.011397026511272498,0.0863834883112164,0.9876741666305365,-0.012944731349163529,-0.2249614986462563,0.28023284280641014,-0.13002977082322204,0.01139702650932124,0.08638348840970837,0.9876741666240826,-0.013947847744217753,-0.22496180206635427,0.2802358795097809,-0.13005026089797997,0.010935531571427399,0.08696381841487837,0.987625758106947,-0.013947847744217753,-0.22496180206635427,0.2802358795097809,-0.13005026089797997,0.010935531571427399,0.08696381841487837,0.987625758106947,-0.07196909452199841,-0.5137194412770447,0.7760210143987917,-0.4588516020824599,0.5768294755951291,-0.4117200311695415,-0.08328846550076845,-0.5128939216291267,0.7755433127249005,-0.4780591839102126,0.5826323484659683,-0.4316470738501584,-0.08328846550076845,-0.5128939216291267,0.7755433127249005,-0.4780591839102126,0.5826323484659683,-0.4316470738501584,0.0920163416667686,-0.006797181964898452,0.003962466736105141,0.1485310649237157,-0.0456348818147417,0.15119243469480642,0.09072525722921554,-0.005896184225696668,0.0031689646151225083,0.21736096107153718,-0.05932089933467766,0.24968748971124846,0.5833333333332966,True,False,1,True,True,0.00333659999887459,4,1.525837351772725e-09,2.0009792595273008e-10,`gtol` termination condition is satisfied.,True,True,0.010000000000001563,0.02013078037640137,1.0,0.0010031210373916497,0.001486638820611522,0.0010031225426987292,0.001486638976770684
16.50999999999978,1786132518.4299219,0.006986599997617304,0.007243000000016764,0.01,TELEOP,0,,0.0,16.50999999999978,1651,0.013599999999994169,0.0,0.0,0.0,0.0,0.17364817766693036,0.9848077530122081,0.010967844173163573,6.787630432964201e-43,1.368870573990031e-30,1.410511027503383e-17,4.383951364199227e-05,0.17360565974767192,0.9848152481464088,-0.012709646748050935,-0.22496149868535165,0.2802328425555495,-0.130029746163567,0.011395115508889385,0.08638592055036923,0.9876739791985222,-0.012865718108616739,-0.22496149868535165,0.2802328425555495,-0.130029746163567,0.011395115508889385,0.08638592055036923,0.9876739791985222,-0.012865719618938669,-0.22496149864629214,0.2802328428069519,-0.1300297461472637,0.01139511550692856,0.08638592064926055,0.9876739791920417,-0.013863492125369595,-0.22496166650097066,0.28023581017526017,-0.13005019366992918,0.010956318741564225,0.08693729453081236,0.9876278717339391,-0.013863492125369595,-0.22496166650097066,0.28023581017526017,-0.13005019366992918,0.010956318741564225,0.08693729453081236,0.9876278717339391,-0.07112611120122539,-0.5137702578714204,0.7760525545888193,-0.45753045444983237,0.5764541543970646,-0.41040670749542224,-0.08236052157507609,-0.5129623147988209,0.7755831717384809,-0.476555088527159,0.5821711245905213,-0.43011364065465896,-0.08236052157507609,-0.5129623147988209,0.7755831717384809,-0.476555088527159,0.5821711245905213,-0.43011364065465896,0.09279439256922069,-0.006839316969416409,0.003985901358039968,0.1504095383053371,-0.046122387544696455,0.15334331954991742,0.07780509024519627,-0.004213500451795033,0.0023434621934824013,0.18784733816210922,-0.04875057299546792,0.21508848551106732,0.5849999999999635,True,False,1,True,True,0.0038223000010475516,4,1.5316008433834905e-09,2.0090925851653503e-10,`gtol` termination condition is satisfied.,True,True,0.010000000000001563,0.019927042680616902,1.0,0.0009977769330062319,0.0014129398829192126,0.0009977784440625872,0.0014129400396192863
16.519999999999783,1786132518.4372609,0.0074760999996215105,0.007105600001523271,0.01,TELEOP,0,,0.0,16.519999999999783,1652,0.013866666666660877,0.0,0.0,0.0,0.0,0.17364817766693036,0.9848077530122081,0.011232683335696464,6.1675960507745744e-43,1.2438274047980962e-30,1.2816561404023225e-17,3.983471821463461e-05,0.1736095438410529,0.9848145636110877,-0.012630194999291067,-0.22496149868535165,0.2802328425555495,-0.13002972374083474,0.011393379082802933,0.0863881305940335,0.9876738088809615,-0.012786617531559756,-0.22496149868535165,0.2802328425555495,-0.13002972374083474,0.011393379082802933,0.0863881305940335,0.9876738088809615,-0.012786619047359823,-0.22496149864635817,0.2802328428074598,-0.13002972372446833,0.011393379080833191,0.08638813069330553,0.9876738088744559,-0.01377867983763982,-0.2249615163676359,0.28023569493866257,-0.13004970589954568,0.010978377204102416,0.08690928111593786,0.987630156528909,-0.01377867983763982,-0.2249615163676359,0.28023569493866257,-0.13004970589954568,0.010978377204102416,0.08690928111593786,0.987630156528909,-0.07028183015099947,-0.5138207006145663,0.7760839550260064,-0.4562047789308599,0.5760792485970595,-0.4090885120862363,-0.081426026508302,-0.5130309695503166,0.7756231868293152,-0.47503501283160776,0.5817060313436292,-0.4285619857215038,-0.081426026508302,-0.5130309695503166,0.7756231868293152,-0.47503501283160776,0.5817060313436292,-0.4285619857215038,0.0934495066773945,-0.006865475149566002,0.004001509083429316,0.15200756955510028,-0.0465093246892092,0.15516549331549587,0.06551141081737091,-0.002615818014958898,0.0015607725389344676,0.15980312497629348,-0.038693714451268235,0.18221737655781645,0.5866666666666305,True,False,1,True,True,0.0035139999963575974,4,1.537084625750119e-09,2.0168287115010436e-10,`gtol` termination condition is satisfied.,True,True,0.010000000000001563,0.019706933159236717,1.0,0.0009920648903057772,0.0013358580042481035,0.000992066406823143,0.0013358581614805556
16.529999999999784,1786132518.4471238,0.007332900000619702,0.009636599992518313,0.01,TELEOP,0,,0.0,16.529999999999784,1653,0.014133333333327586,0.0,0.0,0.0,0.0,0.17364817766693036,0.9848077530122081,0.011497689560500617,5.604200379088428e-43,1.1302066406593923e-30,1.1645961870917779e-17,3.619577438442467e-05,0.17361307310461938,0.9848139415834019,-0.012550693131849823,-0.22496149868535165,0.2802328425555495,-0.1300297033656078,0.011391801284354767,0.08639013874162291,0.9876736541157474,-0.012707436001079543,-0.22496149868535165,0.2802328425555495,-0.1300297033656078,0.011391801284354767,0.08639013874162291,0.9876736541157474,-0.012707437522104615,-0.22496149864645257,0.2802328428079369,-0.130029703349181,0.011391801282376863,0.08639013884125869,0.9876736541092178,-0.013693487181680477,-0.22496135269821174,0.2802355356425838,-0.13004881019782474,0.011001434705144246,0.08688012207449813,0.9876325833977325,-0.013693487181680477,-0.22496135269821174,0.2802355356425838,-0.13004881019782474,0.011001434705144246,0.08688012207449813,0.9876325833977325,-0.0694363572905765,-0.5138707582305148,0.7761152099916501,-0.45487479132789166,0.5757048335768462,-0.4077656873681744,-0.08048614443863597,-0.5130997349383557,0.7756632841567629,-0.47350160857246554,0.5812380208828198,-0.4269952166275467,-0.08048614443863597,-0.5130997349383557,0.7756632841567629,-0.47350160857246554,0.5812380208828198,-0.4269952166275467,0.09398820696658776,-0.006876538803906465,0.0040097327447649826,0.15334042591420055,-0.04680104608093,0.1566769093956835,0.053870028919316554,-0.0011063654340460608,0.0008223661335665252,0.13328563591000486,-0.029172139172075017,0.15114160801873977,0.5883333333332974,True,False,1,True,True,0.004858999993302859,4,1.5423131421723843e-09,2.024220944048109e-10,`gtol` termination condition is satisfied.,True,True,0.010000000000001563,0.01947347363526747,1.0,0.00098605334734435,0.001256218964120011,0.0009860548690587732,0.0012562191218832206
16.539999999999786,1786132518.4579012,0.009962900003301911,0.010451399997691624,0.01,TELEOP,0,,0.0,16.539999999999786,1654,0.014399999999994292,0.0,0.0,0.0,0.0,0.17364817766693036,0.9848077530122081,0.011762847578821947,5.0922696023567455e-43,1.0269648712217727e-30,1.0582300247403194e-17,3.2889259148342444e-05,0.1736162799552899,0.984813376357563,-0.012471145726353423,-0.22496149868535165,0.2802328425555495,-0.13002968485098737,0.011390367621974989,0.08639196343789601,0.9876735134832434,-0.012628180719159412,-0.22496149868535165,0.2802328425555495,-0.13002968485098737,0.011390367621974989,0.08639196343789601,0.9876735134832434,-0.012628182245178414,-0.2249614986465731,0.2802328428083851,-0.1300296848345025,0.011390367619989605,0.08639196353788006,0.9876735134766909,-0.013607986299252563,-0.2249611766460834,0.2802353345454089,-0.1300475234070507,0.011025236032868119,0.08685013834017817,0.9876351245760775,-0.013607986299252563,-0.2249611766460834,0.2802353345454089,-0.1300475234070507,0.011025236032868119,0.08685013834017817,0.9876351245760775,-0.06858978935930682,-0.513920420488818,0.7761463142953506,-0.4535406889435021,0.5753309781790357,-0.4064384548752051,-0.07954197229783565,-0.513168469082603,0.7757033944162189,-0.47195737050416176,0.5807679901638572,-0.42541625633480584,-0.07954197229783565,-0.513168469082603,0.7757033944162189,-0.47195737050416176,0.5807679901638572,-0.42541625633480584,0.09441721408001742,-0.006873414424735321,0.0040110259456093925,0.1544238068303531,-0.04700307189625821,0.1578960292740584,0.042900711342959766,0.00031243791711427996,0.00012932008444096913,0.10833809161523572,-0.020202581532817454,0.12191198783747179,0.5899999999999643,True,False,1,True,True,0.004959400001098402,4,1.54730851197945e-09,2.0312984959170448e-10,`gtol` termination condition is satisfied.,True,True,0.010000000000001563,0.01922952925937227,1.0,0.000979807275344416,0.001174797272139344,0.000979808802014161,0.001174797430439274
16.549999999999788,1786132518.4699454,0.0108126999984961,0.011681800009682775,0.01,TELEOP,0,,0.0,16.549999999999788,1655,0.014666666666661,0.0,0.0,0.0,0.0,0.17364817766693036,0.9848077530122081,0.012028143517198362,4.627102521145839e-43,9.331539992617965e-31,9.615518017230817e-18,2.988480309681591e-05,0.17361919384816282,0.9848128627482546,-0.012391556944840499,-0.22496149868535165,0.2802328425555495,-0.13002966802712332,0.011389064928050065,0.0863936214424268,0.9876733856933088,-0.012548858259600879,-0.22496149868535165,0.2802328425555495,-0.13002966802712332,0.011389064928050065,0.0863936214424268,0.9876733856933088,-0.012548859790402985,-0.22496149864671822,0.28023284280880695,-0.13002966801058263,0.01138906492605765,0.08639362154274491,0.9876733856867345,-0.013522245066534235,-0.22496098946815174,0.2802350942726531,-0.1300458661474472,0.011049543271081746,0.086819627655153,0.987637753705923,-0.013522245066534235,-0.22496098946815174,0.2802350942726531,-0.1300458661474472,0.011049543271081746,0.086819627655153,0.987637753705923,-0.06774221469869633,-0.5139696781089385,0.7761772632272659,-0.45220265216709876,0.5749577452888863,-0.40510701705401597,-0.07859453840766353,-0.5132370393330682,0.7757434529096859,-0.47040463339754257,0.5802967797487318,-0.4238278396825657,-0.07859453840766353,-0.5132370393330682,0.7757434529096859,-0.47040463339754257,0.5802967797487318,-0.4238278396825657,0.0947433890171961,-0.006857025046518072,0.004005849346702318,0.15527371066189533,-0.04712104151252201,0.1588416652239911,0.032617493717862836,0.0016389378217246701,-0.0005176598907074218,0.08499038315421005,-0.011796961626378728,0.09456359499325426,0.5916666666666313,True,False,1,True,True,0.005960900001809932,4,1.5520911628724918e-09,2.0380883091982066e-10,`gtol` termination condition is satisfied.,True,True,0.010000000000001563,0.018977801459600763,1.0,0.0009733880131485968,0.0010923153154940408,0.0009733895445524299,0.0010923154743453633
16.55999999999979,1786132518.4785964,0.012101100001018494,0.008231500003603287,0.01,TELEOP,0,,0.0,16.55999999999979,1656,0.01493333333332771,0.0,0.0,0.0,0.0,0.17364817766693036,0.9848077530122081,0.012293564769968167,4.20442737974545e-43,8.479125340502919e-31,8.736986032250498e-18,2.715481140548871e-05,0.17362184154716448,0.9848123960432198,-0.012311930569009557,-0.22496149868535165,0.2802328425555495,-0.13002965273966083,0.011387881237956326,0.08639512798358667,0.9876732695735028,-0.01246947462098942,-0.22496149868535165,0.2802328425555495,-0.13002965273966083,0.011387881237956326,0.08639512798358667,0.9876732695735028,-0.0124694761563823,-0.22496149864688592,0.2802328428092039,-0.1300296527230662,0.01138788123595736,0.08639512808422603,0.9876732695669073,-0.01343632702082474,-0.22496079250634599,0.28023481776620307,-0.13004386234112683,0.01107413591666119,0.08678886453319815,0.987640445898273,-0.01343632702082474,-0.22496079250634599,0.28023481776620307,-0.13004386234112683,0.01107413591666119,0.08678886453319815,0.987640445898273,-0.0668937139709229,-0.5140185226730924,0.776208052514533,-0.45086084593012654,0.5745851923659338,-0.4037715589175958,-0.07764480161641728,-0.5133053223636337,0.7757833995815088,-0.46884557030350676,0.5798251730669309,-0.42223251135714435,-0.07764480161641728,-0.5133053223636337,0.7757833995815088,-0.46884557030350676,0.5798251730669309,-0.42223251135714435,0.09497367912461079,-0.006828303056547296,0.00399466718228755,0.15590630940355416,-0.0471606681800883,0.15953283254210993,0.023029010741465,0.0028721989970771087,-0.0011182164414765502,0.06325987416587442,-0.0039626667566283295,0.069116731811873,0.5933333333332982,True,False,1,True,True,0.003778799989959225,4,1.5566796314564217e-09,2.0446179341149586e-10,`gtol` termination condition is satisfied.,True,True,0.010000000000001563,0.018720822628549738,1.0,0.0009668531393974491,0.0010094430712136798,0.0009668546753329729,0.0010094432306411655
16.56999999999979,1786132518.4854288,0.008451499990769662,0.006612800003495067,0.01,TELEOP,0,,0.0,16.56999999999979,1657,0.015199999999994418,0.0,0.0,0.0,0.0,0.17364817766693036,0.9848077530122081,0.012559099883426787,3.820362637475271e-43,7.704576800488901e-31,7.938869237700133e-18,2.467421032382927e-05,0.17362424737095994,0.984811971960156,-0.012232270034971971,-0.22496149868535165,0.2802328425555495,-0.1300296388483287,0.011386805680147154,0.08639649689845402,0.9876731640583596,-0.012390035275453069,-0.22496149868535165,0.2802328425555495,-0.1300296388483287,0.011386805680147154,0.08639649689845402,0.9876731640583596,-0.012390036815261317,-0.22496149864707524,0.2802328428095782,-0.13002963883168214,0.011386805678142126,0.08639649699940279,0.9876731640517438,-0.013350291318814402,-0.22496058716897158,0.280234508232443,-0.13004153872293883,0.011098810871238325,0.08675810039122986,0.9876431777825027,-0.013350291318814402,-0.22496058716897158,0.280234508232443,-0.13004153872293883,0.011098810871238325,0.08675810039122986,0.9876431777825027,-0.06604436081856531,-0.5140669465468278,0.7762386782814844,-0.4495154210402333,0.5742133719295661,-0.40243224955965395,-0.07669365094112311,-0.5133732041984798,0.7758231790216518,-0.4672821919863123,0.579353896100715,-0.4206326252408033,-0.07669365094112311,-0.5133732041984798,0.7758231790216518,-0.4672821919863123,0.579353896100715,-0.4206326252408033,0.09511506752940155,-0.006788183484608726,0.0039779440143022215,0.15633783171942017,-0.04712769662158428,0.15998861163408026,0.014138840479074646,0.004011957193856435,-0.001672316798532609,0.04315223158659574,0.003297155850401529,0.04557790919702798,0.5949999999999651,True,False,1,True,True,0.003361900002346374,4,1.561091005010741e-09,2.0509068135124233e-10,`gtol` termination condition is satisfied.,True,True,0.010000000000001563,0.01846095243954854,1.0,0.0009602563803587218,0.0009267983801929253,0.0009602579206409012,0.0009267985402326773
16.579999999999792,1786132518.4931054,0.006820900001912378,0.0074687000014819205,0.01,TELEOP,0,,0.0,16.579999999999792,1658,0.015466666666661126,0.0,0.0,0.0,0.0,0.17364817766693036,0.9848077530122081,0.012824738450567606,3.471381323442111e-43,7.000781482858816e-31,7.213597276613639e-18,2.242021683004145e-05,0.17362643341638845,0.984811586607529,-0.012152578464829726,-0.22496149868535165,0.2802328425555495,-0.1300296262256556,0.011385828376283583,0.08639774075993761,0.9876730681796385,-0.012310545213512523,-0.22496149868535165,0.2802328425555495,-0.1300296262256556,0.011385828376283583,0.08639774075993761,0.9876730681796385,-0.012310546757576084,-0.2249614986472845,0.2802328428099314,-0.13002962620895891,0.011385828374272853,0.08639774086118511,0.987673068173003,-0.013264192724504142,-0.22496037491218707,0.2802341690901739,-0.13003892434708392,0.011123382317546861,0.08672756383361714,0.9876459275428401,-0.013264192724504142,-0.22496037491218707,0.2802341690901739,-0.13003892434708392,0.011123382317546861,0.08672756383361714,0.9876459275428401,-0.06519422246999737,-0.5141149428067014,0.7762691370133741,-0.44816651540400254,0.5738423320023434,-0.4010892435411404,-0.07574190567994285,-0.5134405801763124,0.7758627404389477,-0.4657163474415069,0.5788836174643339,-0.41903034503902076,-0.07574190567994285,-0.5134405801763124,0.7758627404389477,-0.4657163474415069,0.5788836174643339,-0.41903034503902076,0.09517452611801097,-0.006737597783267496,0.003956141729584194,0.156584454480517,-0.047027863638099195,0.1602280201782284,0.005945858860941419,0.005058570134122228,-0.0021802284718023847,0.02466227610967801,0.009983298348506994,0.023940854414810968,0.596666666666632,True,False,1,True,True,0.004139800003031269,4,1.5653407106516135e-09,2.0569789935222173e-10,`gtol` termination condition is satisfied.,True,True,0.010000000000001563,0.01820037568114935,1.0,0.0009536475512672392,0.000844947803518945,0.0009536490957269058,0.0008449479642214433
16.589999999999794,1786132518.4998503,0.00768880000396166,0.006524299999000505,0.01,TELEOP,0,,0.0,16.589999999999794,1659,0.015733333333327836,0.0,0.0,0.0,0.0,0.17364817766693036,0.9848077530122081,0.013090471015439996,3.154278647407776e-43,6.36127624396305e-31,6.5546585832089964e-18,2.0372129334838074e-05,0.17362841976147853,0.9848112364489493,-0.012072858695368009,-0.22496149868535165,0.2802328425555495,-0.13002961475580335,0.011384940350490506,0.08639887099228302,0.9876729810574612,-0.012231008985304997,-0.22496149868535165,0.2802328425555495,-0.13002961475580335,0.011384940350490506,0.08639887099228302,0.9876729810574612,-0.012231010533477936,-0.22496149864751275,0.28023284281026495,-0.13002961473905805,0.011384940348474457,0.08639887109381948,0.9876729810508069,-0.013178081624788378,-0.22496015722187174,0.28023380391914887,-0.13003605009754357,0.011147681490794844,0.08669746107374371,0.9876486749425505,-0.013178081624788378,-0.22496015722187174,0.28023380391914887,-0.13003605009754357,0.011147681490794844,0.08669746107374371,0.9876486749425505,-0.06434336029460601,-0.5141625051744373,0.7762994255232973,-0.4468142551471355,0.5734721165145644,-0.3997426821592574,-0.07479031595868499,-0.5135073548573683,0.7759020376067768,-0.4641497254122799,0.5784149488466112,-0.4174276460840551,-0.07479031595868499,-0.5135073548573683,0.7759020376067768,-0.4641497254122799,0.5784149488466112,-0.4174276460840551,0.09515897212577175,-0.006677468105581893,0.003929716782917233,0.1566622029226763,-0.046866861772264165,0.16026989549654505,-0.001555399223921821,0.006012967768559303,-0.002642494666695635,0.007774844215927695,0.0161001865835003,0.004187531831663142,0.598333333333299,True,False,1,True,True,0.0033228999964194372,4,1.569442959090914e-09,2.0628527625588262e-10,`gtol` termination condition is satisfied.,True,True,0.010000000000001563,0.017941101497880363,1.0,0.0009470725289802201,0.0007644081218152315,0.0009470740774629284,0.0007644082832477193
16.599999999999795,1786132518.5071955,0.006732499998179264,0.007137499997043051,0.01,TELEOP,0,,0.0,16.599999999999795,1660,0.015999999999994543,0.0,0.0,0.0,0.0,0.17364817766693036,0.9848077530122081,0.013356288986245888,2.866142569329447e-43,5.78018833341505e-31,5.9558592290594094e-18,1.8511137510243334e-05,0.17363022464990926,0.9848109182707917,-0.011993113304126241,-0.22496149868535165,0.2802328425555495,-0.13002960433350624,0.011384133446904405,0.08639989797602342,0.9876729018922549,-0.012151430738447813,-0.22496149868535165,0.2802328425555495,-0.13002960433350624,0.011384133446904405,0.08639989797602342,0.9876729018922549,-0.01215143229059705,-0.22496149864775858,0.2802328428105801,-0.13002960431671406,0.011384133444883504,0.08639989807783992,0.9876729018855821,-0.013092004070666359,-0.22495993559612343,0.280233416409958,-0.1300329482094833,0.01117155635530814,0.08666797647757282,0.9876514013364396,-0.013092004070666359,-0.22495993559612343,0.280233416409958,-0.1300329482094833,0.01117155635530814,0.08666797647757282,0.9876514013364396,-0.0634918303117132,-0.5142096279570274,0.7763295409220534,-0.445458755640319,0.5731027656733102,-0.3983926946085687,-0.07383956367498351,-0.5135734418781949,0.7759410287836429,-0.4625838568176276,0.5779484457861063,-0.4158263182123123,-0.07383956367498351,-0.5135734418781949,0.7759410287836429,-0.4625838568176276,0.5779484457861063,-0.4158263182123123,0.09507522837013228,-0.006608702082657759,0.0038991176866162327,0.15658685946520387,-0.046650306050478894,0.16013278717425405,-0.008374375563945565,0.006876602292412316,-0.00305990963009959,-0.007534345747240805,0.021655572178523944,-0.013710832229098018,0.5999999999999659,True,False,1,True,True,0.003398799992282875,4,1.5734106597931117e-09,2.068544554705814e-10,`gtol` termination condition is satisfied.,True,True,0.010000000000001563,0.01768496392479768,1.0,0.0009405732537178638,0.0006856486091258307,0.0009405748060827046,0.000685648771376414
16.609999999999797,1786132518.514244,0.007413300001644529,0.006772199994884431,0.01,TELEOP,0,,0.0,16.609999999999797,1661,0.016266666666661253,0.0,0.0,0.0,0.0,0.17364817766693036,0.9848077530122081,0.013622184556376538,2.604327057304656e-43,5.252181463028683e-31,5.411799379126132e-18,1.682014949548272e-05,0.17363186465861444,0.9848106291527602,-0.011913344633087046,-0.22496149868535165,0.2802328425555495,-0.13002959486310675,0.011383400254754988,0.0864008311433403,0.987672829957429,-0.01207181425279192,-0.22496149868535165,0.2802328425555495,-0.13002959486310675,0.011383400254754988,0.0864008311433403,0.987672829957429,-0.012071815808796089,-0.22496149864802117,0.28023284281087796,-0.13002959484626908,0.011383400252729417,0.08640083124542876,0.9876728299507385,-0.013006001842014038,-0.2249597115285874,0.280233010315897,-0.1300296518078773,0.01119487119649665,0.08663927321436453,0.9876540896723421,-0.013006001842014038,-0.2249597115285874,0.280233010315897,-0.1300296518078773,0.01119487119649665,0.08663927321436453,0.9876540896723421,-0.06263968365682168,-0.5142563059922514,0.7763594805906885,-0.4441001224383919,0.5727343162989557,-0.3970393990430625,-0.07289026380368659,-0.513638763759189,0.7759796766110969,-0.4610201180060072,0.5774846087480938,-0.4142279696134283,-0.07289026380368659,-0.513638763759189,0.7759796766110969,-0.4610201180060072,0.5774846087480938,-0.4142279696134283,0.09492998712967807,-0.006532188099419942,0.0038647827454020853,0.15637388116201717,-0.04638370380123798,0.15983485988837853,-0.014524124045419789,0.007651398323780511,-0.003433494121414205,-0.021297830318666125,0.026660224924087338,-0.029792728587547945,0.6016666666666328,True,False,1,True,True,0.003452999997534789,4,1.5772555823009122e-09,2.074071164754074e-10,`gtol` termination condition is satisfied.,True,True,0.010000000000001563,0.01743362360374362,1.0,0.0009341877576340259,0.0006090943427412344,0.0009341893137525541,0.0006090945059243647
16.6199999999998,1786132518.5216928,0.006995400006417185,0.007225800000014715,0.01,TELEOP,0,,0.0,16.6199999999998,1662,0.01653333333332796,0.0,0.0,0.0,0.0,0.17364817766693036,0.9848077530122081,0.013888150632664053,2.3664277883412985e-43,4.7724068022337445e-31,4.917449775284841e-18,1.5283634891822264e-05,0.17363335485007023,0.9848103664411338,-0.011833554810200791,-0.22496149868535165,0.2802328425555495,-0.13002958625767938,0.011382734040292077,0.08640167906470979,0.9876727645927186,-0.011992162972300172,-0.22496149868535165,0.2802328425555495,-0.13002958625767938,0.011382734040292077,0.08640167906470979,0.9876727645927186,-0.011992164532048582,-0.22496149864829976,0.28023284281116,-0.13002958624079758,0.011382734038262272,0.08640167916706286,0.9876727645860107,-0.01292011253383384,-0.224959486492792,0.2802325894073621,-0.13002619446866673,0.011217506137940866,0.086611494000193,0.9876567244822952,-0.01292011253383384,-0.224959486492792,0.2802325894073621,-0.13002619446866673,0.011217506137940866,0.086611494000193,0.9876567244822952,-0.06178696700854849,-0.5143025345991508,0.7763892421555044,-0.44273845213984075,0.5723668021319057,-0.3956829035473249,-0.07194296602725371,-0.5137032516698223,0.7760179479914326,-0.45945973474906227,0.5770238844728589,-0.4126340315501033,-0.07194296602725371,-0.5137032516698223,0.7760179479914326,-0.45945973474906227,0.5770238844728589,-0.4126340315501033,0.09472977764327298,-0.006448791063330572,0.003827138033568239,0.1560383256944646,-0.046072427523487613,0.15939380633247427,-0.020020948640505146,0.00833970360893568,-0.003764471183384066,-0.03355554675525281,0.031127627775031502,-0.044105355590418296,0.6033333333332997,True,False,1,True,True,0.00334399999701418,4,1.5809885168317743e-09,2.0794476993463762e-10,`gtol` termination condition is satisfied.,True,True,0.010000000000001563,0.01718857057036577,1.0,0.0009279502179538104,0.0005351310595304502,0.0009279517777090725,0.000535131223792499
16.6299999999998,1786132518.529214,0.0075837999902432784,0.0071629000012762845,0.01,TELEOP,0,,0.0,16.6299999999998,1663,0.01679999999999467,0.0,0.0,0.0,0.0,0.17364817766693036,0.9848077530122081,0.01415418077018853,2.1502600688062503e-43,4.336458449947226e-31,4.468204675884841e-18,1.3887482103404858e-05,0.1736347089106664,0.9848101277244493,-0.011753745768943448,-0.22496149868535165,0.2802328425555495,-0.13002957843823393,0.01138212868493244,0.0864024495276322,0.9876727051981339,-0.011912480034270291,-0.22496149868535165,0.2802328425555495,-0.13002957843823393,0.01138212868493244,0.0864024495276322,0.9876727051981339,-0.011912481597662044,-0.22496149864859327,0.28023284281142713,-0.1300295784213092,0.011382128682898568,0.086402449630243,0.987672705191409,-0.012834369661899252,-0.22495926192763321,0.2802321574292159,-0.1300226098068473,0.011239356593091858,0.08658476192049566,0.987659291864133,-0.012834369661899252,-0.22495926192763321,0.2802321574292159,-0.1300226098068473,0.011239356593091858,0.08658476192049566,0.987659291864133,-0.06093372297937886,-0.5143483095330296,0.7764188234653134,-0.4413738331731405,0.5720002541120791,-0.3943233070243716,-0.07099815665546888,-0.5137668451563974,0.7760558139475312,-0.45790378689147443,0.576566667565277,-0.4110457638495156,-0.07099815665546888,-0.5137668451563974,0.7760558139475312,-0.45790378689147443,0.576566667565277,-0.4110457638495156,0.09448093717846884,-0.006359348657502478,0.0037865956098547615,0.15559478575876037,-0.045721690758182894,0.15882677005874832,-0.02488404648041005,0.008944240582808075,-0.004054242371347078,-0.04435399357041528,0.03507367653046648,-0.05670362737258544,0.6049999999999667,True,False,1,True,True,0.0035822999925585464,4,1.5846192993851077e-09,2.0846856484545024e-10,`gtol` termination condition is satisfied.,True,True,0.010000000000001563,0.016951128002778426,1.0,0.0009218910324178537,0.0004641125724766813,0.0009218925957035607,0.0004641127380032318
16.6399999999998,1786132518.5361688,0.0073893000080715865,0.006728599997586571,0.01,TELEOP,0,,0.0,16.6399999999998,1664,0.017066666666661377,0.0,0.0,0.0,0.0,0.17364817766693036,0.9848077530122081,0.014420269113041862,1.9538387717900725e-43,3.9403329739864167e-31,4.0600142046470734e-18,1.2618868713038704e-05,0.17363593927643348,0.9848099108113987,-0.011673919266087449,-0.22496149868535165,0.2802328425555495,-0.13002957133299176,0.011381578629057905,0.0864031496081669,0.9876726512284613,-0.01183276829610816,-0.22496149868535165,0.2802328425555495,-0.13002957133299176,0.011381578629057905,0.0864031496081669,0.9876726512284613,-0.01183276986305119,-0.22496149864890122,0.28023284281168015,-0.13002957131602552,0.011381578627020187,0.0864031497110294,0.9876726512217199,-0.0127488027857268,-0.2249590392241209,0.2802317180614758,-0.13001893109498835,0.011260332660728161,0.08655918131853924,0.9876617794542577,-0.0127488027857268,-0.2249590392241209,0.2802317180614758,-0.13001893109498835,0.011260332660728161,0.08655918131853924,0.9876617794542577,-0.06007999047314258,-0.5143936269445735,0.7764482225707464,-0.4400063465159313,0.571634700633487,-0.392960700007053,-0.07005626079951106,-0.5138294918370646,0.7760932494671716,-0.4563532135749665,0.5761133022963005,-0.4094642610695153,-0.07005626079951106,-0.5138294918370646,0.7760932494671716,-0.4563532135749665,0.5761133022963005,-0.4094642610695153,0.09418958559576743,-0.006264668066721771,0.003743551964044089,0.15505733165076854,-0.04533652689763286,0.15815027800000708,-0.029135158270136158,0.009468059078069215,-0.004304364581066593,-0.053745410799174026,0.03851638605499713,-0.06764920587411401,0.6066666666666336,True,False,1,True,True,0.003413500002352521,4,1.5881567978865457e-09,2.089798468995699e-10,`gtol` termination condition is satisfied.,True,True,0.010000000000001563,0.01672245682514395,1.0,0.0009160369147904973,0.00039637283783945643,0.0009160384815101112,0.0003963730048608088
16.649999999999803,1786132518.543669,0.006944399996427819,0.007284699997399002,0.01,TELEOP,0,,0.0,16.649999999999803,1665,0.017333333333328087,0.0,0.0,0.0,0.0,0.17364817766693036,0.9848077530122081,0.014686410340503993,1.775360107147167e-43,3.5803926464632887e-31,3.689146122647699e-18,1.1466143701736749e-05,0.17363705724728098,0.9848097137107412,-0.01159407689784881,-0.22496149868535165,0.2802328425555495,-0.13002956487672748,0.011381078820948576,0.08640378573593151,0.9876726021882654,-0.011753030359843295,-0.22496149868535165,0.2802328425555495,-0.13002956487672748,0.011381078820948576,0.08640378573593151,0.9876726021882654,-0.011753031930253705,-0.2249614986492226,0.28023284281192,-0.1300295648597209,0.011381078818907344,0.08640378583904004,0.9876726021815078,-0.012663437646835255,-0.22495881971346904,0.28023127488359145,-0.13001519091483474,0.011280358472928137,0.08653483873739351,0.9876641763923579,-0.012663437646835255,-0.22495881971346904,0.28023127488359145,-0.13001519091483474,0.011280358472928137,0.08653483873739351,0.9876641763923579,-0.05922580501190858,-0.5144384833427295,0.7764774377054339,-0.43863606635258046,0.571270167776037,-0.39159516539943323,-0.06911764476635804,-0.5138911470686878,0.7761302333340522,-0.45480881895690095,0.5756640845877925,-0.40789045924569495,-0.06911764476635804,-0.5138911470686878,0.7761302333340522,-0.45480881895690095,0.5756640845877925,-0.40789045924569495,0.09386160331528848,-0.006165523162317751,0.00369838668805586,0.15443946180652804,-0.04492177085079084,0.1573801823820078,-0.032798228047889226,0.00991449044040041,-0.004516527598822212,-0.06178698442404045,0.041475604684195616,-0.07700956179991689,0.6083333333333005,True,False,1,True,True,0.003628200007369742,4,1.5916092527120357e-09,2.094796162264415e-10,`gtol` termination condition is satisfied.,True,True,0.010000000000001563,0.016503561062462258,1.0,0.0009104110082157299,0.000332247224451128,0.0009104125782818341,0.00033224739323698137
16.659999999999805,1786132518.550813,0.007562600003439002,0.0068660000106319785,0.01,TELEOP,0,,0.0,16.659999999999805,1666,0.017599999999994793,0.0,0.0,0.0,0.0,0.17364817766693036,0.9848077530122081,0.014952599618137124,1.6131850568007113e-43,3.253332037540791e-31,3.3522122980976987e-18,1.041872042969025e-05,0.17363807309079726,0.9848095346130465,-0.01151422011455887,-0.22496149868535165,0.2802328425555495,-0.13002955901017116,0.011380624670381789,0.08640436375316152,0.9876725576273463,-0.011673268594565325,-0.22496149868535165,0.2802328425555495,-0.13002955901017116,0.011380624670381789,0.08640436375316152,0.9876725576273463,-0.011673270168366567,-0.22496149864955706,0.28023284281214733,-0.13002955899312513,0.011380624668337199,0.08640436385651103,0.9876725576205727,-0.012578296320293177,-0.2249586046565875,0.280230831342491,-0.13001142084384573,0.011299371503905187,0.0865118039037503,0.9876664732788596,-0.012578296320293177,-0.2249586046565875,0.280230831342491,-0.13001142084384573,0.011299371503905187,0.0865118039037503,0.9876664732788596,-0.058371199034791994,-0.5144828755610101,0.7765064672689003,-0.4372630606752318,0.570906679516546,-0.39022677915401144,-0.06818261864060965,-0.5139517735899835,0.7761667479476847,-0.45327127834671815,0.5752192641531099,-0.4063251431287785,-0.06818261864060965,-0.5139517735899835,0.7761667479476847,-0.45327127834671815,0.5752192641531099,-0.4063251431287785,0.09350261257482413,-0.0060626521295706745,0.003651461363251261,0.15375406101825417,-0.044482043468257196,0.15653161169162055,-0.03589907404642871,0.010287103274706038,-0.00469253248045915,-0.06854007882737569,0.04397273825335723,-0.08485706903871015,0.6099999999999675,True,False,1,True,True,0.003473500008112751,4,1.5949840315835684e-09,2.0996908625314855e-10,`gtol` termination condition is satisfied.,True,True,0.010000000000001563,0.016295293846261716,1.0,0.0009050330142467585,0.0002721135952716047,0.0009050345875802661,0.000272113766088576
16.669999999999806,1786132518.5616536,0.007086599987815134,0.010620300003211014,0.01,TELEOP,0,,0.0,16.669999999999806,1667,0.017866666666661504,0.0,0.0,0.0,0.0,0.17364817766693036,0.9848077530122081,0.01521883255334852,1.4658243231942765e-43,2.956147660772445e-31,3.0459834178856674e-18,9.466979395287354e-06,0.17363899613656486,0.9848093718741016,-0.01143435023399545,-0.22496149868535165,0.2802328425555495,-0.13002955367946478,0.011380212006470523,0.086404888968374,0.9876725171366114,-0.011593485156947678,-0.22496149868535165,0.2802328425555495,-0.13002955367946478,0.011380212006470523,0.086404888968374,0.9876725171366114,-0.011593486734069913,-0.22496149864990417,0.28023284281236305,-0.13002955366238048,0.011380212004422727,0.08640488907195983,0.9876725171298222,-0.012493397377607931,-0.22495839523500438,0.28023039072450245,-0.1300076511777893,0.011317321847611576,0.0864901307426972,0.9876686621258888,-0.012493397377607931,-0.22495839523500438,0.28023039072450245,-0.1300076511777893,0.011317321847611576,0.0864901307426972,0.9876686621258888,-0.057516202170984014,-0.5145268007269209,0.7765353098110187,-0.4358873918330546,0.5705442579207625,-0.3888556108901976,-0.06725143902207899,-0.5140113411451777,0.7762027791342321,-0.4517411446865946,0.5747790467669261,-0.4047689538255038,-0.06725143902207899,-0.5140113411451777,0.7762027791342321,-0.4517411446865946,0.5747790467669261,-0.4047689538255038,0.09311796185305098,-0.00595675551942412,0.0036031186547400406,0.1530133660123326,-0.04402173861836583,0.1556189303274443,-0.03846507217730976,0.010589661014653739,-0.004834270851121282,-0.07406950059214781,0.04603048498912933,-0.09126813641760953,0.6116666666666344,True,False,1,True,True,0.005649099999573082,4,1.5982879206990281e-09,2.1044886321541456e-10,`gtol` termination condition is satisfied.,True,True,0.010000000000001563,0.01609836397476705,1.0,0.000899919335425085,0.00021647996814358413,0.0008999209119546057,0.00021648014107370948
16.679999999999808,1786132518.5710294,0.010988600013661198,0.009007000000565313,0.01,TELEOP,0,,0.0,16.679999999999808,1668,0.01813333333332821,0.0,0.0,0.0,0.0,0.17364817766693036,0.9848077530122081,0.015485105155013688,1.3319246526676675e-43,2.6861103912701467e-31,2.7677595644922314e-18,8.602179878669616e-06,0.17363983486185786,0.9848092239998311,-0.0113544684534959,-0.22496149868535165,0.2802328425555495,-0.13002954883566822,0.011379837039353849,0.08640536620512797,0.9876724803443235,-0.011513682010012969,-0.22496149868535165,0.2802328425555495,-0.13002954883566822,0.011379837039353849,0.08640536620512797,0.9876724803443235,-0.01151368359039251,-0.22496149865026308,0.28023284281256766,-0.13002954881854675,0.011379837037303043,0.0864053663089459,0.9876724803375189,-0.012408756059070786,-0.22495819254322702,0.28022995613118584,-0.13000391068984474,0.011334171471569052,0.08646985841334488,0.9876707363025271,-0.012408756059070786,-0.22495819254322702,0.28022995613118584,-0.13000391068984474,0.011334171471569052,0.08646985841334488,0.9876707363025271,-0.05666084148913604,-0.5145702562342219,0.7765639640178907,-0.43450911703402634,0.5701829233180622,-0.38748172445900747,-0.06632431188889155,-0.5140698260922241,0.7762383159502593,-0.4502188553061163,0.5743435966389739,-0.4032223967602347,-0.06632431188889155,-0.5140698260922241,0.7762383159502593,-0.4502188553061163,0.5743435966389739,-0.4032223967602347,0.09271271331872927,-0.005848494704641722,0.0035536816027190994,0.15222893804781049,-0.043545012795213014,0.1546557065268907,-0.040524853432164526,0.010826081478238147,-0.004943705202093348,-0.07844279645219782,0.047672582315274006,-0.09632238005534491,0.6133333333333013,True,False,1,True,True,0.004979400007869117,4,1.6015270987031295e-09,2.1092000339309157e-10,`gtol` termination condition is satisfied.,True,True,0.010000000000001563,0.01591334293530622,1.0,0.0008950832293473938,0.00016619182565917872,0.0008950848090086838,0.00016619199991369096
16.68999999999981,1786132518.5783315,0.009234299999661744,0.007075000001350418,0.01,TELEOP,0,,0.0,16.68999999999981,1669,0.018399999999994917,0.0,0.0,0.0,0.0,0.17364817766693036,0.9848077530122081,0.015751413796788898,1.2102564081608313e-43,2.440740403408713e-31,2.5148672901776194e-18,7.81637965798353e-06,0.17364059696950918,0.9848090896325931,-0.011274575860963337,-0.22496149868535165,0.2802328425555495,-0.1300295444343103,0.011379496325387477,0.08640579984632958,0.987672446912691,-0.011433860940283251,-0.22496149868535165,0.2802328425555495,-0.1300295444343103,0.011379496325387477,0.08640579984632958,0.987672446912691,-0.011433862523861974,-0.2249614986506336,0.28023284281276173,-0.13002954441715248,0.011379496323333854,0.08640579995037577,0.9876724469058711,-0.012324384453744102,-0.22495799758252713,0.2802295304590506,-0.13000022642607117,0.011349893453912428,0.08645101235599958,0.987672690475128,-0.012324384453744102,-0.22495799758252713,0.2802295304590506,-0.13000022642607117,0.011349893453912428,0.08645101235599958,0.987672690475128,-0.055805141725067155,-0.5146132397177698,0.776592428699014,-0.43312828880323356,0.5698226944603363,-0.38610517845854264,-0.06540139555733206,-0.5141272109994163,0.7762733504812617,-0.44870473888440776,0.5739130388676661,-0.4016858498788651,-0.06540139555733206,-0.5141272109994163,0.7762733504812617,-0.44870473888440776,0.5739130388676661,-0.4016858498788651,0.09229163315593537,-0.005738490719217238,0.003503453100238849,0.15141164217082803,-0.04305577713077689,0.1536546881369358,-0.04210801627938278,0.01100039854244668,-0.005022850248024271,-0.0817295876982325,0.04892356644360472,-0.10010183899547462,0.6149999999999682,True,False,1,True,True,0.00362330001371447,4,1.6047071558967703e-09,2.1138329563572428e-10,`gtol` termination condition is satisfied.,True,True,0.010000000000001563,0.01574067230122722,1.0,0.000890534972230728,0.00012296496132625987,0.0008905365549660858,0.0001229651326383257
16.69999999999981,1786132518.5863426,0.0073151999968104064,0.007771600008709356,0.01,TELEOP,0,,0.0,16.69999999999981,1670,0.018666666666661627,0.0,0.0,0.0,0.0,0.17364817766693036,0.9848077530122081,0.01601775518377599,1.0997022771225959e-43,2.2177843979133026e-31,2.285136073014492e-18,7.102362060681925e-06,0.1736412894586633,0.9848089675387248,-0.01119467344486721,-0.22496149868535165,0.2802328425555495,-0.130029540434981,0.011379186735514597,0.0864061938744896,0.9876724165347689,-0.011354023573447773,-0.22496149868535165,0.2802328425555495,-0.130029540434981,0.011379186735514597,0.0864061938744896,0.9876724165347689,-0.011354025160172643,-0.22496149865101525,0.2802328428129457,-0.13002954041778772,0.011379186733458252,0.08640619397876043,0.987672416527934,-0.012240291685355984,-0.22495781125611966,0.28022911638307824,-0.1299966235365768,0.011364471210162605,0.08643360534236263,0.9876745205434448,-0.012240291685355984,-0.22495781125611966,0.28022911638307824,-0.1299966235365768,0.011364471210162605,0.08643360534236263,0.9876745205434448,-0.0549491254896153,-0.514655749030718,0.7766207027756459,-0.4317449554013691,0.5694635886664694,-0.38472602670445266,-0.06448280371126558,-0.5141834842340043,0.7763078776367248,-0.4471990225569872,0.5734874619509034,-0.4001595720211206,-0.06448280371126558,-0.5141834842340043,0.7763078776367248,-0.4471990225569872,0.5734874619509034,-0.4001595720211206,0.09185918460663288,-0.005627323458797524,0.0034527155463190806,0.15057163274203575,-0.04255769167626533,0.15262778577442185,-0.043244854930242264,0.011116726041969598,-0.005073755391976057,-0.08400094287921481,0.04980854545114828,-0.10269023625138068,0.6166666666666352,True,False,1,True,True,0.003515699994750321,4,1.6078332038467255e-09,2.1183917379659987e-10,`gtol` termination condition is satisfied.,True,True,0.010000000000001563,0.015580671420322434,1.0,0.0008862820300678714,9.068356919915147e-05,0.0008862836158256405,9.068372093718755e-05
16.709999999999813,1786132518.5972388,0.0081612999929348,0.010505799989914522,0.01,TELEOP,0,,0.0,16.709999999999813,1671,0.018933333333328334,0.0,0.0,0.0,0.0,0.17364817766693036,0.9848077530122081,0.016284126322233177,9.992470109258967e-44,2.0151949091998677e-31,2.0763953910755105e-18,6.45356967964466e-06,0.17364191868906448,0.9848088565972241,-0.011114762103330053,-0.22496149868535165,0.2802328425555495,-0.13002953680096058,0.011378905426526366,0.08640655190830239,0.9876723889316436,-0.01127417138867093,-0.22496149868535165,0.2802328425555495,-0.13002953680096058,0.011378905426526366,0.08640655190830239,0.9876723889316436,-0.011274172978493521,-0.22496149865140758,0.2802328428131202,-0.13002953678373289,0.011378905424467404,0.08640655201279475,0.9876723889247938,-0.012156484102452503,-0.224957634365683,0.28022871634392443,-0.12999312514128336,0.011377897715768023,0.08641763852101925,0.9876762235733038,-0.012156484102452503,-0.224957634365683,0.28022871634392443,-0.12999312514128336,0.011377897715768023,0.08641763852101925,0.9876762235733038,-0.054092813458303454,-0.5146977822238382,0.7766487852702209,-0.43035916120679857,0.5691056219536761,-0.38334431865923024,-0.06356860847561462,-0.5142386395461949,0.7763418949433543,-0.4457018391085864,0.5730669203327791,-0.39864371139206395,-0.06356860847561462,-0.5142386395461949,0.7763418949433543,-0.4457018391085864,0.5730669203327791,-0.39864371139206395,0.09141952356508155,-0.005515531219060167,0.003401730662942507,0.1497183448400525,-0.04205416181242876,0.15158606290564375,-0.043966104155126334,0.011179223973733953,-0.005098488337656585,-0.08532879019831098,0.05035298638364864,-0.1041722868777945,0.6183333333333021,True,False,1,True,True,0.005231000002822839,4,1.6109099164836335e-09,2.122884804716215e-10,`gtol` termination condition is satisfied.,True,True,0.010000000000001563,0.01545406715561809,1.0,0.0008823292355543634,7.653596217935895e-05,0.000882330824288419,7.653605424364351e-05
16.719999999999814,1786132518.6062002,0.01083650000509806,0.008630900003481656,0.01,TELEOP,0,,0.0,16.719999999999814,1672,0.019199999999995044,0.0,0.0,0.0,0.0,0.17364817766693036,0.9848077530122081,0.016550524492053544,9.079681015637528e-44,1.831111502942323e-31,1.886686480670149e-18,5.864044145139657e-06,0.17364249043947097,0.9848087557894636,-0.011034842652383943,-0.22496149868535165,0.2802328425555495,-0.13002953349888277,0.011378649814948108,0.08640687723588333,0.9876723638498724,-0.011194305731653718,-0.22496149868535165,0.2802328425555495,-0.13002953349888277,0.011378649814948108,0.08640687723588333,0.9876723638498724,-0.011194307324529782,-0.22496149865181042,0.2802328428132857,-0.1300295334816214,0.011378649812886752,0.08640687734059425,0.9876723638430079,-0.012072965471250051,-0.22495746760916355,0.28022833253863355,-0.1299897522287965,0.011390174729973777,0.08640310245123929,0.9876777977265245,-0.012072965471250051,-0.22495746760916355,0.28022833253863355,-0.1299897522287965,0.011390174729973777,0.08640310245123929,0.9876777977265245,-0.05323622454436058,-0.5147393375267888,0.7766766752967648,-0.42897094706428235,0.5687488091568746,-0.38196009982385715,-0.06265884351007862,-0.5142926756516792,0.7763754023379966,-0.4442132341972447,0.5726514369663324,-0.3971383140684272,-0.06265884351007862,-0.5142926756516792,0.7763754023379966,-0.4442132341972447,0.5726514369663324,-0.3971383140684272,0.09097649655358443,-0.005403610548439812,0.003350739464232361,0.14886049113414804,-0.04154833664465991,0.15053973236365023,-0.04430270114970508,0.01119206706203377,-0.005099119871013802,-0.08578537059043337,0.05058251677687749,-0.1046330541993365,0.619999999999969,True,False,1,True,True,0.0043627999984892085,4,1.613941488349672e-09,2.12731743915986e-10,`gtol` termination condition is satisfied.,True,True,0.010000000000001563,0.015342677901787838,1.0,0.0008786789690667212,8.388441262013902e-05,0.0008786805607359884,8.38844236044593e-05
16.729999999999816,1786132518.6136773,0.0088672999991104,0.007240499995532446,0.01,TELEOP,0,,0.0,16.729999999999816,1673,0.01946666666666175,0.0,0.0,0.0,0.0,0.17364817766693036,0.9848077530122081,0.01681694722175833,8.250273100075576e-44,1.6638436911985791e-31,1.7143285107936996e-18,5.328371399297888e-06,0.1736430099607325,0.9848086641898444,-0.010954915833472509,-0.22496149868535165,0.2802328425555495,-0.13002953049842844,0.01137841755331124,0.08640717284496915,0.9876723410591594,-0.0111144278265533,-0.22496149868535165,0.2802328425555495,-0.13002953049842844,0.01137841755331124,0.08640717284496915,0.9876723410591594,-0.011114429422442455,-0.22496149865222348,0.28023284281344235,-0.1300295304811344,0.01137841755124748,0.08640717294989597,0.9876723410522804,-0.011989737169725432,-0.22495731157978718,0.2802279669146721,-0.12998652358659893,0.011401312026107417,0.08638997811885393,0.9876792421887675,-0.011989737169725432,-0.22495731157978718,0.2802279669146721,-0.12998652358659893,0.011401312026107417,0.08638997811885393,0.9876792421887675,-0.0523793760565226,-0.514780413331145,0.776704372052187,-0.42758035060322336,0.5683931640371523,-0.3805734120950652,-0.061753507101020934,-0.5143455958155918,0.7764084019616562,-0.44273317355911185,0.5722410058739703,-0.3956433324802785,-0.061753507101020934,-0.5143455958155918,0.7764084019616562,-0.44273317355911185,0.5722410058739703,-0.3956433324802785,0.09053364090575512,-0.005292016391254359,0.003299962365956313,0.14800606381326148,-0.04104310923620207,0.1494981588148473,-0.04428556478292395,0.011159415718543605,-0.005077709827603995,-0.08544273208864195,0.05052274084577571,-0.10415735488027804,0.621666666666636,True,False,1,True,True,0.0038100000092526898,4,1.6169317875054506e-09,2.131693748040787e-10,`gtol` termination condition is satisfied.,True,True,0.010000000000001563,0.015242287132962329,1.0,0.000875331342074534,0.00010425042650635729,0.0008753329366426258,0.00010425038218417554
16.739999999999817,1786132518.6216774,0.007471899996744469,0.007769000003463589,0.01,TELEOP,0,,0.0,16.739999999999817,1674,0.01973333333332846,0.0,0.0,0.0,0.0,0.17364817766693036,0.9848077530122081,0.017083392265775276,7.496629684302995e-44,1.5118554082003994e-31,1.5577465295598617e-18,4.841631970341161e-06,0.17364348202401844,0.9848085809573012,-0.010874982320267424,-0.22496149868535165,0.2802328425555495,-0.13002952777204763,0.011378206508592996,0.08640744145035939,0.9876723203502409,-0.011034538786857069,-0.22496149868535165,0.2802328425555495,-0.13002952777204763,0.011378206508592996,0.08640744145035939,0.9876723203502409,-0.011034540385722328,-0.22496149865264628,0.2802328428135906,-0.13002952775472149,0.011378206506527091,0.08640744155549965,0.9876723203433474,-0.011906798381581724,-0.2249571667661976,0.28022762116705563,-0.1299834557605318,0.011411326632900683,0.08637823792868339,0.9876805570959484,-0.011906798381581724,-0.2249571667661976,0.28022762116705563,-0.1299834557605318,0.011411326632900683,0.08637823792868339,0.9876805570959484,-0.051522283842906344,-0.5148210081750217,0.7767318748083858,-0.42618740652802634,0.5680386993803097,-0.3791842940911506,-0.06085256523120335,-0.5143974074405633,0.7764408979558909,-0.441261550147552,0.5718355946886546,-0.3941586338134399,-0.06085256523120335,-0.5143974074405633,0.7764408979558909,-0.441261550147552,0.5718355946886546,-0.3941586338134399,0.09009418698174393,-0.005181162497142825,0.003249599423466628,0.1471623411559656,-0.040541118531560574,0.14846986668383755,-0.04394539240111286,0.011085389411151692,-0.0050362942489677355,-0.08437226572957392,0.05019907046414218,-0.10282921310095806,0.6233333333333029,True,False,1,True,True,0.004431200010003522,4,1.619884251797632e-09,2.1360203487968703e-10,`gtol` termination condition is satisfied.,True,True,0.010000000000001563,0.01515282295588849,1.0,0.0008722843814796819,0.00012868981830242734,0.0008722859789143585,0.00012868974378450843
16.74999999999982,1786132518.628767,0.00801560000400059,0.006842600007075816,0.01,TELEOP,0,,0.0,16.74999999999982,1675,0.019999999999995167,0.0,0.0,0.0,0.0,0.17364817766693036,0.9848077530122081,0.0173498575837932,6.811829856039313e-44,1.3737509042440442e-31,1.4154317595313384e-18,4.399355789744932e-06,0.17364391096463938,0.9848085053275841,-0.010795042724862047,-0.22496149868535165,0.2802328425555495,-0.13002952529470635,0.011378014742625854,0.08640768551885061,0.9876723015329656,-0.010954639625300022,-0.22496149868535165,0.2802328425555495,-0.13002952529470635,0.011378014742625854,0.08640768551885061,0.9876723015329656,-0.010954641227107622,-0.22496149865307868,0.28023284281373084,-0.13002952527734904,0.011378014740557834,0.08640768562420215,0.9876723015260578,-0.011824146288829017,-0.22495703355363192,0.2802272967383324,-0.12998056304136502,0.011420242091009442,0.08636784666867556,0.9876817434598296,-0.011824146288829017,-0.22495703355363192,0.2802272967383324,-0.12998056304136502,0.011420242091009442,0.08636784666867556,0.9876817434598296,-0.05066496242216366,-0.5148611207291562,0.7767591829050868,-0.4247921468829864,0.5676854270863646,-0.3777927814490903,-0.05995595460880779,-0.5144481216612912,0.7764728962627532,-0.4397981911642848,0.5714351471604326,-0.3926840082829743,-0.05995595460880779,-0.5144481216612912,0.7764728962627532,-0.4397981911642848,0.5714351471604326,-0.3926840082829743,0.08966106223954276,-0.005071422072792683,0.0031998306862304747,0.14633589832669444,-0.04004475282218742,0.14746255304653816,-0.04331247422010957,0.010974042435012458,-0.004976873723614531,-0.08264428292710328,0.04963657093730797,-0.10073136372992254,0.6249999999999698,True,False,1,True,True,0.0034354999952483922,4,1.6228021284302635e-09,2.1403003347032665e-10,`gtol` termination condition is satisfied.,True,True,0.010000000000001563,0.015074143619525637,1.0,0.0008695342134870378,0.00015305870994330295,0.0008695358137599647,0.00015305861848069016
16.75999999999982,1786132518.636339,0.007091599996783771,0.0073228999972343445,0.01,TELEOP,0,,0.0,16.75999999999982,1676,0.020266666666661878,0.0,0.0,0.0,0.0,0.17364817766693036,0.9848077530122081,0.01761634132200313,6.189584912375559e-44,1.248261928141463e-31,1.2861533559566508e-18,3.9974811372624175e-06,0.17364430072186546,0.9848084366062441,-0.010715097603399067,-0.22496149868535165,0.2802328425555495,-0.13002952304365714,0.011377840494296755,0.08640790729189282,0.9876722844345492,-0.010874731262907087,-0.22496149868535165,0.2802328425555495,-0.13002952304365714,0.011377840494296755,0.08640790729189282,0.9876722844345492,-0.010874732867626094,-0.22496149865352066,0.2802328428138635,-0.13002952302626922,0.011377840492226635,0.08640790739745356,0.9876722844276271,-0.011741776261823638,-0.22495691222603967,0.28022699482116853,-0.12997785747612103,0.011428087728444525,0.08635876244156468,0.9876828030933563,-0.011741776261823638,-0.22495691222603967,0.28022699482116853,-0.12997785747612103,0.011428087728444525,0.08635876244156468,0.9876828030933563,-0.04980742510300667,-0.5149007497842949,0.7767862957433475,-0.4233946012938846,0.5673333582508409,-0.37639890709542556,-0.059063585638932666,-0.5144977529478126,0.7765044044293256,-0.4383428649444121,0.5710395856143571,-0.3912191772329117,-0.059063585638932666,-0.5144977529478126,0.7765044044293256,-0.4383428649444121,0.5710395856143571,-0.3912191772329117,0.08923689698749825,-0.004963128652145866,0.0031508166572350653,0.1455326219872477,-0.039556154607554905,0.14648310500623532,-0.042416525204445193,0.010829342064680083,-0.004901402899540165,-0.08032763394466245,0.048859821463243316,-0.09794480403026765,0.6266666666666367,True,False,1,True,True,0.004032500000903383,4,1.6256882986669539e-09,2.144538230662327e-10,`gtol` termination condition is satisfied.,True,True,0.010000000000001563,0.015006044281298425,1.0,0.0008670752457296867,0.00017572686581921558,0.0008670768488159584,0.00017572676415584428
16.769999999999822,1786132518.6434772,0.007540599995991215,0.006920800005900674,0.01,TELEOP,0,,0.0,16.769999999999822,1677,0.020533333333328584,0.0,0.0,0.0,0.0,0.17364817766693036,0.9848077530122081,0.01788284179605359,5.624180608906573e-44,1.1342360805250026e-31,1.1686540043047185e-18,3.6323173366649244e-06,0.17364465487510666,0.9848083741622587,-0.010635147461183929,-0.22496149868535165,0.2802328425555495,-0.1300295209982301,0.011377682163372526,0.08640810880617578,0.9876722688979884,-0.010794814537235525,-0.22496149868535165,0.2802328425555495,-0.1300295209982301,0.011377682163372526,0.08640810880617578,0.9876722688979884,-0.010794816144837613,-0.2249614986539717,0.28023284281398847,-0.13002952098081236,0.011377682161300463,0.08640810891194388,0.9876722688910521,-0.011659682045713379,-0.22495680296904885,0.28022671636327706,-0.1299753489017552,0.011434897958193975,0.08635093756047489,0.9876837385362683,-0.011659682045713379,-0.22495680296904885,0.28022671636327706,-0.1299753489017552,0.011434897958193975,0.08635093756047489,0.9876837385362683,-0.04894968409311858,-0.5149398942397903,0.7768132127796782,-0.4219947971883206,0.566982503238574,-0.3750027014932151,-0.05817534532247897,-0.5145463187194294,0.7765354314177833,-0.4368952876612226,0.5706488133472892,-0.389763801022162,-0.05817534532247897,-0.5145463187194294,0.7765354314177833,-0.4368952876612226,0.5706488133472892,-0.389763801022162,0.08882403164535534,-0.004856577161673705,0.003102698845765906,0.14475772831892936,-0.039077226706774604,0.14553762107494936,-0.04128653421428518,0.010655149047214454,-0.004811781146915158,-0.0774893668318219,0.04789279007802276,-0.09454839312858279,0.6283333333333037,True,False,1,True,True,0.003594199995859526,4,1.6285453286226769e-09,2.1487367940902984e-10,`gtol` termination condition is satisfied.,True,True,0.010000000000001563,0.014948263650527482,1.0,0.0008649003464867289,0.0001960446659453892,0.0008649019523645701,0.00019604455777699615
16.779999999999824,1786132518.6509597,0.007147900003474206,0.007255099990288727,0.01,TELEOP,0,,0.0,16.779999999999824,1678,0.020799999999995294,0.0,0.0,0.0,0.0,0.17364817766693036,0.9848077530122081,0.018149357475563455,5.110424684271856e-44,1.030626231050864e-31,1.0618947657261744e-18,3.300510859515459e-06,0.1736449766767877,0.9848083174222406,-0.01055519275733097,-0.22496149868535165,0.2802328425555495,-0.13002951913964325,0.011377538295802974,0.08640829191233479,0.9876722547806197,-0.010714890209886365,-0.22496149868535165,0.2802328425555495,-0.13002951913964325,0.011377538295802974,0.08640829191233479,0.9876722547806197,-0.010714891820345584,-0.22496149865443182,0.2802328428141061,-0.1300295191221964,0.011377538293728982,0.08640829201830852,0.9876722547736693,-0.011577855942340225,-0.22495670587368033,0.28022646207442714,-0.12997304499876133,0.011440711600894453,0.08634431940547672,0.9876845529814771,-0.011577855942340225,-0.22495670587368033,0.28022646207442714,-0.12997304499876133,0.011440711600894453,0.08634431940547672,0.9876845529814771,-0.04809175059836881,-0.514978553093265,0.7768399335206957,-0.4205927599966167,0.5666328717507114,-0.37360419286713553,-0.05729110006903453,-0.5145938389710074,0.7765659874218064,-0.435455129820628,0.5702627169525009,-0.3883174866612315,-0.05729110006903453,-0.5145938389710074,0.7765659874218064,-0.435455129820628,0.5702627169525009,-0.3883174866612315,0.08842452534442995,-0.004752025157808977,0.0030556004023079347,0.1440157840594392,-0.03860963947883346,0.1446314360930274,-0.03995063009253318,0.01045520038647112,-0.004709844345796398,-0.0741944259490028,0.046758722794107074,-0.09061849819218329,0.6299999999999706,True,False,1,True,True,0.003740600004675798,4,1.631375633582715e-09,2.152899014763298e-10,`gtol` termination condition is satisfied.,True,True,0.010000000000001563,0.014900490472901984,1.0,0.0008630010199508248,0.00021376561439733383,0.0008630026286012669,0.00021376550192619593
16.789999999999825,1786132518.6580248,0.007475200007320382,0.006845100011560135,0.01,TELEOP,0,,0.0,16.789999999999825,1679,0.021066666666662,0.0,0.0,0.0,0.0,0.17364817766693036,0.9848077530122081,0.018415886970049998,4.643599178208563e-44,9.364809023166092e-32,9.648764060410549e-19,2.9990145256051996e-06,0.17364526908221958,0.9848082658651732,-0.010475233908985008,-0.22496149868535165,0.2802328425555495,-0.13002951745083013,0.011377407570366649,0.0864084582919474,0.9876722419528104,-0.010634958973348162,-0.22496149868535165,0.2802328425555495,-0.13002951745083013,0.011377407570366649,0.0864084582919474,0.9876722419528104,-0.01063496058664062,-0.22496149865490095,0.28023284281421673,-0.13002951743335484,0.01137740756829081,0.08640845839812526,0.9876722419458458,-0.011496288986755955,-0.22495662094071328,0.280226232435272,-0.12997095136228465,0.011445571235007897,0.08633885123864667,0.9876852502026533,-0.011496288986755955,-0.22495662094071328,0.280226232435272,-0.12997095136228465,0.011445571235007897,0.08633885123864667,0.9876852502026533,-0.04723363491318087,-0.5150167254312666,0.7768664575182931,-0.4191885133349788,0.5662844728855336,-0.3722034074086315,-0.05641069841201703,-0.5146403359131503,0.7765960836900532,-0.43402202251893257,0.5698811685623687,-0.38687979516890214,-0.05641069841201703,-0.5146403359131503,0.7765960836900532,-0.43402202251893257,0.5698811685623687,-0.38687979516890214,0.08804016570173688,-0.004649694214282679,0.003009626824675811,0.14331073016952,-0.0381548390132134,0.14376914923291387,-0.03843596426930061,0.010233094352628222,-0.0045973577632116335,-0.07050538899191008,0.04548004656199899,-0.0862286860113394,0.6316666666666375,True,False,1,True,True,0.0034632000024430454,4,1.634181308277074e-09,2.1570295824302277e-10,`gtol` termination condition is satisfied.,True,True,0.010000000000001563,0.01486236982401129,1.0,0.0008613675766191408,0.0002288286830888638,0.0008613691880256154,0.00022882856772970964
16.799999999999827,1786132518.6651742,0.007065999991027638,0.006928600007086061,0.01,TELEOP,0,,0.0,16.799999999999827,1680,0.02133333333332871,0.0,0.0,0.0,0.0,0.17364817766693036,0.9848077530122081,0.0186824290161429,4.2194171052403616e-44,8.509355321856238e-32,8.767320399674042e-19,2.7250595171333005e-06,0.17364553477674194,0.9848082190176286,-0.010395271295157136,-0.22496149868535165,0.2802328425555495,-0.13002951591628298,0.011377288786536537,0.08640860947297728,0.9876722302967678,-0.010555021457231134,-0.22496149868535165,0.2802328425555495,-0.13002951591628298,0.011377288786536537,0.08640860947297728,0.9876722302967678,-0.010555023073334984,-0.22496149865537865,0.28023284281432054,-0.1300295158987799,0.011377288784458893,0.0864086095793578,0.9876722302897891,-0.01141497111760624,-0.22495654808560567,0.2802260277077417,-0.12996907158836807,0.0114495225765718,0.08633447297569094,0.9876858344834333,-0.01141497111760624,-0.22495654808560567,0.2802260277077417,-0.12996907158836807,0.0114495225765718,0.08633447297569094,0.9876858344834333,-0.046375346502831025,-0.5150544104208138,0.7768927843652583,-0.41778207917247173,0.5659373151936483,-0.37080036946287953,-0.05553397361593718,-0.5146858336275288,0.7766257323573016,-0.43259556344136135,0.569504028000798,-0.3854502486224195,-0.05553397361593718,-0.5146858336275288,0.7766257323573016,-0.43259556344136135,0.569504028000798,-0.3854502486224195,0.08767247960797125,-0.004549771437858765,0.002964866724845287,0.14264590775710215,-0.037714056157056926,0.14295465464824217,-0.03676860937655719,0.009992277642389762,-0.004476009983051714,-0.06648224124177506,0.04407828561564046,-0.08144945846715648,0.6333333333333044,True,False,1,True,True,0.0034122000070055947,4,1.6369644147307155e-09,2.1611288787487808e-10,`gtol` termination condition is satisfied.,True,True,0.010000000000001563,0.014833509183953764,1.0,0.0008599892979942928,0.0002412678635026424,0.0008599909121425342,0.00024126774622652903
16.809999999999828,1786132518.6721506,0.007195199999841861,0.006709799999953248,0.01,TELEOP,0,,0.0,16.809999999999828,1681,0.021599999999995418,0.0,0.0,0.0,0.0,0.17364817766693036,0.9848077530122081,0.018948982465966623,3.8339830861248645e-44,7.73204534278081e-32,7.966543392273707e-19,2.4761299495612733e-06,0.17364577620038604,0.9848081764494212,-0.01031530526021002,-0.22496149868535165,0.2802328425555495,-0.13002951452191064,0.011377180853454398,0.0864087468438075,0.9876722197054582,-0.010475078233944888,-0.22496149868535165,0.2802328425555495,-0.13002951452191064,0.011377180853454398,0.0864087468438075,0.9876722197054582,-0.010475079852839957,-0.22496149865586507,0.2802328428144175,-0.13002951450438058,0.011377180851375162,0.08640874695038944,0.9876722196984654,-0.011333891340739592,-0.22495648714387476,0.28022584794675054,-0.12996740737303014,0.01145261389022275,0.08633112191266695,0.9876863105486046,-0.011333891340739592,-0.22495648714387476,0.28022584794675054,-0.12996740737303014,0.01145261389022275,0.08633112191266695,0.9876863105486046,-0.045516894078379444,-0.5150916073017356,0.7769189136913008,-0.4163734779832046,0.5655914067280813,-0.3693951016991375,-0.05466074616718649,-0.5147303577384468,0.7766549462837654,-0.4311753225823505,0.5691311448382977,-0.38402833687895427,-0.05466074616718649,-0.5147303577384468,0.7766549462837654,-0.4311753225823505,0.5691311448382977,-0.38402833687895427,0.08732274487505536,-0.004452411091791908,0.0029213926463854288,0.1420240859010635,-0.037288316250022074,0.14219117434650105,-0.03497347329158458,0.009736034606684174,-0.004347407845985141,-0.062182185603855876,0.042573990703478316,-0.0763480301740995,0.6349999999999714,True,False,1,True,True,0.0033808999869506806,4,1.6397266119294592e-09,2.1652001454040745e-10,`gtol` termination condition is satisfied.,True,True,0.010000000000001563,0.01481348426888962,1.0,0.0008588545948963027,0.00025117036189926435,0.0008588562117738889,0.0002511702434130444
16.81999999999983,1786132518.6792762,0.006944200009456836,0.006891199998790398,0.01,TELEOP,0,,0.0,16.81999999999983,1682,0.021866666666662128,0.0,0.0,0.0,0.0,0.17364817766693036,0.9848077530122081,0.01921554627658448,3.4837575755275273e-44,7.025740837177423e-32,7.238756802125052e-19,2.249939765561609e-06,0.1736459955702843,0.9848081377696585,-0.010235336117024662,-0.22496149868535165,0.2802328425555495,-0.13002951325490889,0.011377082779912274,0.08640887166599152,0.9876722100816245,-0.010395129823868443,-0.22496149868535165,0.2802328425555495,-0.13002951325490889,0.011377082779912274,0.08640887166599152,0.9876722100816245,-0.010395131445536197,-0.22496149865635995,0.28023284281450794,-0.13002951323735254,0.011377082777831305,0.0864088717727737,0.9876722100746178,-0.01125303788549217,-0.224956437876849,0.28022569301298345,-0.12996595862196475,0.011454895432844293,0.08632873340677336,0.9876866834975951,-0.01125303788549217,-0.224956437876849,0.28022569301298345,-0.12996595862196475,0.011454895432844293,0.08632873340677336,0.9876866834975951,-0.0446582856648919,-0.5151283153797596,0.7769448451594559,-0.4149627288850436,0.5652467550897116,-0.36798762526597034,-0.053790826141232415,-0.5147739351015196,0.776683738902994,-0.4297608476720259,0.5687623603438628,-0.38261352395013204,-0.053790826141232415,-0.5147739351015196,0.776683738902994,-0.4297608476720259,0.5687623603438628,-0.38261352395013204,0.08699200259539416,-0.0043577363072764465,0.002879261922860616,0.1414474910324379,-0.0368784494434828,0.14148129288219802,-0.033074227966114575,0.009467478451544721,-0.004213072352480604,-0.057659486862551616,0.04098668065392134,-0.07098814643029158,0.6366666666666383,True,False,1,True,True,0.0033614999993005767,4,1.64246957577333e-09,2.1692467494370405e-10,`gtol` termination condition is satisfied.,True,True,0.010000000000001563,0.014801844599145852,1.0,0.0008579511587899568,0.0002586552618329039,0.0008579527783861902,0.0002586551426797393
16.82999999999983,1786132518.6866405,0.007374099994194694,0.006880700006149709,0.01,TELEOP,0,,0.0,16.82999999999983,1683,0.022133333333328835,0.0,0.0,0.0,0.0,0.17364817766693036,0.9848077530122081,0.019482119500407326,3.165524357415012e-44,6.383955618841462e-32,6.577343184327651e-19,2.0444117398222638e-06,0.1736461949010327,0.9848081026231522,-0.010155364149877808,-0.22496149868535165,0.2802328425555495,-0.1300295121036432,0.011376993665249219,0.08640898508583938,0.9876722013368933,-0.010315176700057202,-0.22496149868535165,0.2802328425555495,-0.1300295121036432,0.011376993665249219,0.08640898508583938,0.9876722013368933,-0.010315178324480537,-0.2249614986568632,0.280232842814592,-0.13002951208606098,0.011376993663166617,0.08640898519282061,0.9876722013298724,-0.011172398353193485,-0.22495639997770428,0.2802255625865338,-0.12996472356876881,0.01145641893086098,0.08632724151058298,0.9876869587405454,-0.011172398353193485,-0.22495639997770428,0.2802255625865338,-0.12996472356876881,0.01145641893086098,0.08632724151058298,0.9876869587405454,-0.04379952866353679,-0.5151645340202428,0.7769705784628251,-0.4135498497660066,0.5649033674685021,-0.3665779599326502,-0.05292401544051272,-0.5148165935101607,0.7767121240786746,-0.4283516692965476,0.5683975093289965,-0.38120525401525696,-0.05292401544051272,-0.5148165935101607,0.7767121240786746,-0.4283516692965476,0.5683975093289965,-0.38120525401525696,0.08668107007195545,-0.0042658408641167095,0.0028385175680604954,0.1409178375478036,-0.03648510148663746,0.14082699348748826,-0.0310932523438665,0.009189544315972272,-0.004074435480011446,-0.05296534846342243,0.039334795684527885,-0.06542993947096602,0.6383333333333052,True,False,1,True,True,0.0033557999995537102,4,1.6451947560573192e-09,2.1732693727803057e-10,`gtol` termination condition is satisfied.,True,True,0.010000000000001563,0.014798118786982284,1.0,0.0008572661056383667,0.0002638615993434485,0.0008572677279439861,0.0002638614799637361
16.839999999999833,1786132518.694307,0.00708870000380557,0.007459499989636242,0.01,TELEOP,0,,0.0,16.839999999999833,1684,0.022399999999995545,0.0,0.0,0.0,0.0,0.17364817766693036,0.9848077530122081,0.019748701276478764,2.876361009669384e-44,5.800795999715622e-32,5.97647918736913e-19,1.8576584018603341e-06,0.17364637602319308,0.9848080706871573,-0.010075389617056375,-0.22496149868535165,0.2802328425555495,-0.13002951105754157,0.011376912691079707,0.08640908814494526,0.9876721933909628,-0.010235219292527629,-0.22496149868535165,0.2802328425555495,-0.13002951105754157,0.011376912691079707,0.08640908814494526,0.9876721933909628,-0.01023522091969073,-0.22496149865737486,0.2802328428146696,-0.13002951103993413,0.011376912688995655,0.08640908825212452,0.987672193383928,-0.011091959857525823,-0.22495637307770336,0.2802254561811831,-0.12996369889972767,0.0114572370918904,0.08632657955946324,0.9876871419372052,-0.011091959857525823,-0.22495637307770336,0.2802254561811831,-0.12996369889972767,0.0114572370918904,0.08632657955946324,0.9876871419372052,-0.04294062990810549,-0.515200262642517,0.7769961133216271,-0.4121348573994434,0.564561250680889,-0.36516612421797634,-0.05206010989865572,-0.5148583614203899,0.776740115970569,-0.42694730570307377,0.5680364218803126,-0.37980295706247363,-0.05206010989865572,-0.5148583614203899,0.776740115970569,-0.42694730570307377,0.5680364218803126,-0.37980295706247363,0.08639055418568636,-0.004176791022909895,0.0027991891894391116,0.14043635934736448,-0.03610874486838111,0.140229695278309,-0.02905158862690424,0.008904984120680045,-0.003932837862137742,-0.04814782004390339,0.03763566182562895,-0.05972982091791493,0.6399999999999721,True,False,1,True,True,0.004147700004978105,4,1.647903422439075e-09,2.177268992847929e-10,`gtol` termination condition is satisfied.,True,True,0.010000000000001563,0.014801819530540994,1.0,0.0008567861118879302,0.00026694112560751086,0.000856787736894891,0.0002669410063753166
16.849999999999834,1786132518.7014842,0.007684099997277372,0.006952299998374656,0.01,TELEOP,0,,0.0,16.849999999999834,1685,0.02266666666666225,0.0,0.0,0.0,0.0,0.17364817766693036,0.9848077530122081,0.02001529082255675,2.613612066691673e-44,5.270906666550935e-32,5.430506895859631e-19,1.6879647016179545e-06,0.17364654060010506,0.9848080416684091,-0.009995412753232982,-0.22496149868535165,0.2802328425555495,-0.1300295101069979,0.01137683911377766,0.08640918178975372,0.9876721861708665,-0.010155257992157007,-0.22496149868535165,0.2802328425555495,-0.1300295101069979,0.01137683911377766,0.08640918178975372,0.9876721861708665,-0.01015525962204522,-0.22496149865789467,0.2802328428147411,-0.13002951008936608,0.011376839111692011,0.08640918189713019,0.9876721861638177,-0.011011709156455624,-0.22495635675256348,0.280225373159125,-0.1299628798833235,0.011457403151176434,0.08632668071226383,0.9876872389388592,-0.011011709156455624,-0.22495635675256348,0.280225373159125,-0.1299628798833235,0.011457403151176434,0.08632668071226383,0.9876872389388592,-0.04208159571644728,-0.5152355007147643,0.7770214494805247,-0.41071776754897293,0.5642204112036981,-0.3637521355076095,-0.05119890124791034,-0.5148992676943108,0.7767677289097358,-0.4255472672829859,0.5676789249782092,-0.3784060541505135,-0.05119890124791034,-0.5148992676943108,0.7767677289097358,-0.4255472672829859,0.5676789249782092,-0.3784060541505135,0.08612086507452388,-0.004090627392094085,0.0027612939166772547,0.14000384200876517,-0.035749690210331524,0.13969029119599438,-0.026968911116244852,0.00861636308157968,-0.003789527276185097,-0.043251733859923924,0.03590546580495285,-0.05394040823145351,0.6416666666666391,True,False,1,True,True,0.0033986000053118914,4,1.6505967914445486e-09,2.181249713983887e-10,`gtol` termination condition is satisfied.,True,True,0.010000000000001563,0.014812448303630377,1.0,0.0008564975422832542,0.0002680535795919921,0.0008564991699845374,0.0002680534608395698
16.859999999999836,1786132518.7092526,0.0072189000056823716,0.007501400003093295,0.01,TELEOP,0,,0.0,16.859999999999836,1686,0.022933333333328962,0.0,0.0,0.0,0.0,0.17364817766693036,0.9848077530122081,0.02028188742791885,2.374864633539684e-44,4.789421501609968e-32,4.934463226123831e-19,1.533772258623103e-06,0.17364669014316195,0.9848080153004302,-0.009915433771624349,-0.22496149868535165,0.2802328425555495,-0.1300295092432833,0.011376772257647093,0.0864092668802517,0.9876721796103027,-0.010075293154232333,-0.22496149868535165,0.2802328425555495,-0.1300295092432833,0.011376772257647093,0.0864092668802517,0.9876721796103027,-0.010075294786832074,-0.22496149865842266,0.28023284281480654,-0.1300295092256276,0.011376772255560042,0.08640926698782449,0.9876721796032398,-0.010931632775534428,-0.2249563505288819,0.2802253127459508,-0.12996226050277537,0.011456970452961233,0.08632747844565962,0.9876872557334447,-0.010931632775534428,-0.2249563505288819,0.2802253127459508,-0.12996226050277537,0.011456970452961233,0.08632747844565962,0.9876872557334447,-0.04122243193727429,-0.5152702477493909,0.7770465867062007,-0.40929859506409527,0.5638808552048916,-0.36233601016095024,-0.050340178947847654,-0.5149393413624542,0.7767949772831141,-0.4241510607297186,0.5673248440000774,-0.3770139622868447,-0.050340178947847654,-0.5149393413624542,0.7767949772831141,-0.4241510607297186,0.5673248440000774,-0.3770139622868447,0.08587223000625523,-0.004007366814336282,0.0027248373378325965,0.13962065532670875,-0.035408097813163245,0.13920918636685814,-0.02486350682686193,0.008326057775779015,-0.003645657884465262,-0.038318668205637035,0.03415923971682265,-0.04811048291361679,0.643333333333306,True,False,1,True,True,0.004154000009293668,4,1.653275932343635e-09,2.1852109067040854e-10,`gtol` termination condition is satisfied.,True,True,0.010000000000001563,0.014829499734012985,1.0,0.000856386569295394,0.00026736340026021544,0.0008563881996848429,0.00026736328229715327
16.869999999999838,1786132518.7176082,0.007735999999567866,0.008121699996991083,0.01,TELEOP,0,,0.0,16.869999999999838,1687,0.02319999999999567,0.0,0.0,0.0,0.0,0.17364817766693036,0.9848077530122081,0.020548490446825003,2.1579262276580712e-44,4.35191889578533e-32,4.483715966731435e-19,1.3936650500447934e-06,0.1736468260256914,0.9848079913410842,-0.009835452865952506,-0.22496149868535165,0.2802328425555495,-0.13002950845846628,0.011376711508716596,0.08640934419786635,0.987672173649026,-0.009995325101679563,-0.22496149868535165,0.2802328425555495,-0.13002950845846628,0.011376711508716596,0.08640934419786635,0.987672173649026,-0.009995326736978213,-0.2249614986589588,0.2802328428148659,-0.13002950844078737,0.011376711506628015,0.0864093443056346,0.9876721736419491,-0.010851717122442525,-0.22495635389055352,0.28022527404573283,-0.12996183359006194,0.011455992066702282,0.08632890700280871,0.9876871983939941,-0.010851717122442525,-0.22495635389055352,0.28022527404573283,-0.12996183359006194,0.011455992066702282,0.08632890700280871,0.9876871983939941,-0.04036314399274498,-0.5153045032988417,0.7770715247851745,-0.407877353967277,0.5635425885714604,-0.36091776360846606,-0.04948373187449086,-0.5149786114050328,0.7768218754274752,-0.4227581928700399,0.5669740041074246,-0.37562609892099286,-0.04948373187449086,-0.5149786114050328,0.7768218754274752,-0.4227581928700399,0.5669740041074246,-0.37562609892099286,0.08564470733566633,-0.0039270042578551,0.0026898144361107144,0.1392867859678452,-0.0350839892652725,0.13878633658516062,-0.02275226705888561,0.008036255648116908,-0.003502290172187668,-0.033386935886349965,0.03241085478906958,-0.04228497816974574,0.6449999999999729,True,False,1,True,True,0.004204599987133406,4,1.6559418026693552e-09,2.1891536313136354e-10,`gtol` termination condition is satisfied.,True,True,0.010000000000001563,0.014852465665623316,1.0,0.0008564392840265127,0.00026503732199081013,0.0008564409170986803,0.00026503720511549916
16.87999999999984,1786132518.725448,0.008355400001164526,0.007606099999975413,0.01,TELEOP,0,,0.0,16.87999999999984,1688,0.02346666666666238,0.0,0.0,0.0,0.0,0.17364817766693036,0.9848077530122081,0.020815099292577705,1.960804644715251e-44,3.9543811437617217e-32,4.074162301844181e-19,1.2663564061896751e-06,0.17364694949556786,0.9848079695703524,-0.009755470212226693,-0.22496149868535165,0.2802328425555495,-0.13002950774534,0.01137665630910078,0.08640941445264182,0.987672168232294,-0.009915354128001626,-0.22496149868535165,0.2802328425555495,-0.13002950774534,0.01137665630910078,0.08640941445264182,0.987672168232294,-0.009915355765987423,-0.224961498659503,0.28023284281491934,-0.13002950772763838,0.011376656307010848,0.08640941456060483,0.9876721682252031,-0.010771948592718066,-0.2249563662851251,0.28022525605605386,-0.12996159096002716,0.011454520437819443,0.08633090179723672,0.987687073030499,-0.010771948592718066,-0.2249563662851251,0.28022525605605386,-0.12996159096002716,0.011454520437819443,0.08633090179723672,0.987687073030499,-0.039503736917208314,-0.5153382669518166,0.7770962635218083,-0.406454057533297,0.5632056169346967,-0.3594974104403435,-0.04862934987004377,-0.5150171065520269,0.7768484375326835,-0.4213681741699404,0.5666262315171268,-0.37424188605451303,-0.04862934987004377,-0.5150171065520269,0.7768484375326835,-0.4213681741699404,0.5666262315171268,-0.37424188605451303,0.08543820044469587,-0.003849514699411506,0.00265621052083281,0.1390018700099295,-0.034777259029782986,0.13842128664795925,-0.02065068909704269,0.007748955844358142,-0.003360391527789897,-0.028491595791563473,0.030673023548946403,-0.0365049937201332,0.6466666666666399,True,False,1,True,True,0.0040551999991294,4,1.6585952939365357e-09,2.1930806794148487e-10,`gtol` termination condition is satisfied.,True,True,0.010000000000001563,0.014880838902762927,1.0,0.0008566417985267994,0.00026124254972113777,0.0008566434342767857,0.00026124243423224897
16.88999999999984,1786132518.733697,0.00783689999661874,0.008017900006962009,0.01,TELEOP,0,,0.0,16.88999999999984,1689,0.023733333333329085,0.0,0.0,0.0,0.0,0.17364817766693036,0.9848077530122081,0.021081713432125056,1.781689663649666e-44,3.5931575483362605e-32,3.702063375093327e-19,1.1506771939969379e-06,0.1736470616866728,0.9848079497883132,-0.00967548597036249,-0.22496149868535165,0.2802328425555495,-0.1300295070973557,0.01137660615187677,0.08640947828975988,0.9876721633103646,-0.009835380499951198,-0.22496149868535165,0.2802328425555495,-0.1300295070973557,0.01137660615187677,0.08640947828975988,0.9876721633103646,-0.009835382140613136,-0.22496149866005505,0.2802328428149668,-0.13002950707963204,0.011376606149785473,0.08640947839791698,0.9876721633032596,-0.010692313666679842,-0.2249563871300309,0.2802252576828497,-0.12996152354330706,0.011452607072446639,0.08633339977307232,0.9876868857452596,-0.010692313666679842,-0.2249563871300309,0.2802252576828497,-0.12996152354330706,0.011452607072446639,0.08633339977307232,0.9876868857452596,-0.0386442153924456,-0.5153715383298539,0.7771208027365213,-0.40502871836149856,0.5628699456931168,-0.35807496448720083,-0.04777682515431727,-0.5150548551018953,0.7768746775541512,-0.41998052191840163,0.566281354657798,-0.372860753971578,-0.04777682515431727,-0.5150548551018953,0.7768746775541512,-0.41998052191840163,0.566281354657798,-0.372860753971578,0.08525247157263657,-0.003774854986840406,0.0026240021467618603,0.13876522515385326,-0.03448768593286353,0.13811320829348495,-0.018572887205926005,0.007465971257108843,-0.0032208374070944834,-0.023664485607619717,0.02895730969194171,-0.030807835447424263,0.6483333333333068,True,False,1,True,True,0.004385899999761023,4,1.6612371470622152e-09,2.1969926159208092e-10,`gtol` termination condition is satisfied.,True,True,0.010000000000001563,0.014914116636643382,1.0,0.0008569803395267795,0.0002561453410524448,0.0008569819779500908,0.00025614522725665435
16.899999999999842,1786132518.7416356,0.008242299998528324,0.007714000006671995,0.01,TELEOP,0,,0.0,16.899999999999842,1690,0.023999999999995796,0.0,0.0,0.0,0.0,0.17364817766693036,0.9848077530122081,0.02134833238115702,1.6189364229178732e-44,3.264930895074035e-32,3.3638457662326445e-19,1.0455650800009092e-06,0.17364716362930824,0.984807931813307,-0.0095955002856529,-0.22496149868535165,0.2802328425555495,-0.1300295065085629,0.01137656057642877,0.08640953629546548,0.9876721588380393,-0.00975540445996195,-0.22496149868535165,0.2802328425555495,-0.1300295065085629,0.01137656057642877,0.08640953629546548,0.9876721588380393,-0.00975540610328968,-0.22496149866061518,0.2802328428150083,-0.13002950649081774,0.01137656057433611,0.08640953640381602,0.9876721588309202,-0.010612798997611018,-0.22495641581866438,0.2802252777549448,-0.12996162151696514,0.011450302255481373,0.08633633972295619,0.9876866425917593,-0.010612798997611018,-0.22495641581866438,0.2802252777549448,-0.12996162151696514,0.011450302255481373,0.08633633972295619,0.9876866425917593,-0.037784583779730055,-0.5154043170842357,0.7771451422641524,-0.40360134844161455,0.5625355800332257,-0.3566504388936006,-0.0469259535998,-0.5150918847585965,0.7769006091343159,-0.4185947630942356,0.565939205212965,-0.37148214459640155,-0.0469259535998,-0.5150918847585965,0.7769006091343159,-0.4185947630942356,0.565939205212965,-0.37148214459640155,0.08508715545171351,-0.0037029656701178795,0.0025931580164770133,0.1385758824165787,-0.03421494448330012,0.13786093751762324,-0.016531612092303763,0.007188931672251537,-0.003084413028484234,-0.018934273727452128,0.027274144956336798,-0.025227077586167705,0.6499999999999737,True,False,1,True,True,0.004019100000732578,4,1.6638680280909582e-09,2.2008900294205604e-10,`gtol` termination condition is satisfied.,True,True,0.010000000000001563,0.014951803556903065,1.0,0.0008574413336484203,0.00024990989296425086,0.000857442974740833,0.0002499097811849019
16.909999999999844,1786132518.752375,0.007982399998581968,0.010471299989148974,0.01,TELEOP,0,,0.0,16.909999999999844,1691,0.024266666666662502,0.0,0.0,0.0,0.0,0.17364817766693036,0.9848077530122081,0.021614955699649864,1.471050315284019e-44,2.966686989426538e-32,3.05663088673045e-19,9.50054774146158e-07,0.1736472562596586,0.9848079154802676,-0.009515513290105047,-0.22496149868535165,0.2802328425555495,-0.13002950597355473,0.011376519164217868,0.08640958900245034,0.9876721547742485,-0.009675426228359884,-0.22496149868535165,0.2802328425555495,-0.13002950597355473,0.011376519164217868,0.08640958900245034,0.9876721547742485,-0.009675427874343775,-0.22496149866118315,0.28023284281504435,-0.13002950595578883,0.01137651916212393,0.08640958911099375,0.9876721547671153,-0.010533391491326101,-0.224956451726246,0.2802253150381771,-0.12996187443184837,0.01144765480105547,0.08633966256510994,0.9876863495370681,-0.010533391491326101,-0.224956451726246,0.2802253150381771,-0.12996187443184837,0.01144765480105547,0.08633966256510994,0.9876863495370681,-0.03692484614898564,-0.5154366028932001,0.7771692819524959,-0.40217195921370624,0.5622025249483443,-0.3552238461849774,-0.04607653587308406,-0.5151282224865072,0.7769262455329266,-0.4172104369229131,0.5655996190533638,-0.3701055144857438,-0.04607653587308406,-0.5151282224865072,0.7769262455329266,-0.4172104369229131,0.5655996190533638,-0.3701055144857438,0.08494177267158066,-0.0036337727910828255,0.002563639861062253,0.1384326171322314,-0.033958615960122784,0.13766301106575474,-0.014538278013282007,0.006919287903504329,-0.002951815541475558,-0.014326528434728075,0.025632852317729705,-0.01979264518684789,0.6516666666666406,True,False,1,True,True,0.005761099993833341,4,1.6664887257159324e-09,2.2047733779780402e-10,`gtol` termination condition is satisfied.,True,True,0.010000000000001563,0.014993414652621051,1.0,0.0008580114842134797,0.0002426974700159194,0.0008580131279710674,0.00024269736060008205
16.919999999999845,1786132518.7602592,0.010709199996199459,0.007645999998203479,0.01,TELEOP,0,,0.0,16.919999999999845,1692,0.024533333333329212,0.0,0.0,0.0,0.0,0.17364817766693036,0.9848077530122081,0.02188158298781779,1.3366732624354505e-44,2.6956869765640533e-32,2.7773912555447994e-19,8.632691648493978e-07,0.1736473404283885,0.984807900639207,-0.009435525103654668,-0.22496149868535165,0.2802328425555495,-0.13002950548741804,0.011376481534938355,0.08640963689474532,0.9876721510816739,-0.009595446005374493,-0.22496149868535165,0.2802328425555495,-0.13002950548741804,0.011376481534938355,0.08640963689474532,0.9876721510816739,-0.009595447654005405,-0.22496149866175888,0.28023284281507455,-0.13002950546963174,0.011376481532843097,0.086409637003481,0.9876721510745267,-0.010454078377291818,-0.22495649421545053,0.28022536824902233,-0.12996227133581742,0.01144471183440745,0.08634331158119754,0.9876860124277629,-0.010454078377291818,-0.22495649421545053,0.28022536824902233,-0.12996227133581742,0.01144471183440745,0.08634331158119754,0.9876860124277629,-0.03606500630530458,-0.5154683954594148,0.777193221660969,-0.4007405616227475,0.5618707852556686,-0.3537951983285719,-0.04522837844604041,-0.5151638943827374,0.7769515995658755,-0.4158270971318385,0.5652624370612452,-0.3687303374665494,-0.04522837844604041,-0.5151638943827374,0.7769515995658755,-0.4158270971318385,0.5652624370612452,-0.3687303374665494,0.08481574270435134,-0.0035671896230117183,0.002535403294892127,0.1383339791074382,-0.033718199211845275,0.13751770191942228,-0.012602996722930448,0.006658316807109673,-0.002823656617012152,-0.009863802479318414,0.02404167482774718,-0.014530914633242391,0.6533333333333076,True,False,1,True,True,0.004152299996349029,4,1.6690996868803853e-09,2.2086442529663825e-10,`gtol` termination condition is satisfied.,True,True,0.010000000000001563,0.015038477709206854,1.0,0.0008586778398164646,0.00023466573309060802,0.0008586794862353614,0.00023466562641769525
16.929999999999847,1786132518.7669926,0.00786500000685919,0.006514400010928512,0.01,TELEOP,0,,0.0,16.929999999999847,1693,0.02479999999999592,0.0,0.0,0.0,0.0,0.17364817766693036,0.9848077530122081,0.022148213882434584,1.2145712433805291e-44,2.449442189727508e-32,2.523661874450283e-19,7.844112638887852e-07,0.17364741690845503,0.9848078871538377,-0.00935553583526963,-0.22496149868535165,0.2802328425555495,-0.1300295050456887,0.011376447343025063,0.08640968041216528,0.9876721477264063,-0.009515463972967693,-0.22496149868535165,0.2802328425555495,-0.1300295050456887,0.011376447343025063,0.08640968041216528,0.9876721477264063,-0.009515465624237007,-0.22496149866234247,0.28023284281509897,-0.13002950502788282,0.011376447340928613,0.08640968052109275,0.9876721477192447,-0.010374847271517312,-0.22495654264176387,0.2802254360676398,-0.12996280089211734,0.011441518604007847,0.08634723261673244,0.9876856369593222,-0.010374847271517312,-0.22495654264176387,0.2802254360676398,-0.12996280089211734,0.011441518604007847,0.08634723261673244,0.9876856369593222,-0.03520506781306576,-0.5154996945076975,0.7772169612594048,-0.39930716616833745,0.5615403656117244,-0.35236450678891595,-0.04438129448074363,-0.5151989255662606,0.7769766835522837,-0.4144443139138847,0.5649275058500705,-0.3673561069303598,-0.04438129448074363,-0.5151989255662606,0.7769766835522837,-0.4144443139138847,0.5649275058500705,-0.3673561069303598,0.08470839652966555,-0.0035031183523163917,0.0025083986408242437,0.13827832179536076,-0.03349312111746984,0.13742305361893806,-0.01073461746857694,0.006407127069531642,-0.0027004654067879284,-0.005565731207743628,0.02250780943753988,-0.009464830048420275,0.6549999999999745,True,False,1,True,True,0.003295199989224784,4,1.671701441323741e-09,2.2125035215826765e-10,`gtol` termination condition is satisfied.,True,True,0.010000000000001563,0.015086535509091004,1.0,0.0008594278548721297,0.00022596824004615643,0.0008594295039485346,0.00022596813653452883
16.93999999999985,1786132518.774872,0.006725100000039674,0.007669400001759641,0.01,TELEOP,0,,0.0,16.93999999999985,1694,0.02506666666666263,0.0,0.0,0.0,0.0,0.17364817766693036,0.9848077530122081,0.022414848053491438,1.1036229620985354e-44,2.225691296125356e-32,2.2930935505072523e-19,7.127568871395621e-07,0.17364748640220629,0.9848078749003217,-0.009275545583952573,-0.22496149868535165,0.2802328425555495,-0.1300295046443101,0.011376416274479863,0.08640971995434847,0.9876721446776335,-0.009435480296496957,-0.22496149868535165,0.2802328425555495,-0.1300295046443101,0.011376416274479863,0.08640971995434847,0.9876721446776335,-0.009435481950396472,-0.2249614986629339,0.28023284281511784,-0.13002950462648524,0.01137641627238213,0.08640972006346717,0.9876721446704577,-0.010295686231467385,-0.22495659635854648,0.2802255171502776,-0.12996345149227853,0.011438118322678312,0.08635137424588323,0.9876852286489345,-0.010295686231467385,-0.22495659635854648,0.2802255171502776,-0.12996345149227853,0.011438118322678312,0.08635137424588323,0.9876852286489345,-0.034345034017865456,-0.5155304997829544,0.777240500626955,-0.3978717829499677,0.5612112705263632,-0.35093178257834684,-0.0435351045926738,-0.5152333400832172,0.7770015092695097,-0.4130616756101776,0.5645946783834123,-0.3659823377975192,-0.0435351045926738,-0.5152333400832172,0.7770015092695097,-0.4130616756101776,0.5645946783834123,-0.3659823377975192,0.08461898880696991,-0.003441451695660732,0.0024825717226106777,0.1382638303706897,-0.03328274666581068,0.13737691328403553,-0.008940772269562063,0.006166665665565022,-0.0025826918213562177,-0.0014491424671051372,0.02103744516591255,-0.004614033490250163,0.6566666666666414,True,False,1,True,True,0.0034602000087033957,4,1.6742944482901172e-09,2.2163489546232208e-10,`gtol` termination condition is satisfied.,True,True,0.010000000000001563,0.015137147745547253,1.0,0.0008602494423865585,0.0002167540955377617,0.0008602510941166253,0.000216753995654057
16.94999999999985,1786132518.7868567,0.008057500002905726,0.011595599993597716,0.01,TELEOP,0,,0.0,16.94999999999985,1695,0.025333333333329336,0.0,0.0,0.0,0.0,0.17364817766693036,0.9848077530122081,0.022681485201160242,1.0028095503736102e-44,2.022379530500064e-32,2.0836183321843235e-19,6.476480039337412e-07,0.17364754954783157,0.9848078637661329,-0.009195554439651933,-0.22496149868535165,0.2802328425555495,-0.13002950427959642,0.011376388043988026,0.08640975588442672,0.9876721419073583,-0.009355495126227556,-0.22496149868535165,0.2802328425555495,-0.13002950427959642,0.011376388043988026,0.08640975588442672,0.9876721419073583,-0.00935549678274944,-0.2249614986635332,0.2802328428151309,-0.13002950426175314,0.011376388041889063,0.08640975599373625,0.9876721419001683,-0.010216583803286387,-0.22495665472178109,0.28022561014098246,-0.1299642113630409,0.011434552036354732,0.0863556879026121,0.9876847928116427,-0.010216583803286387,-0.22495665472178109,0.28022561014098246,-0.1299642113630409,0.011434552036354732,0.0863556879026121,0.9876847928116427,-0.033484908066460296,-0.5155608110483226,0.7772638396511139,-0.39643442170823645,0.5608835043754534,-0.34949703630298695,-0.04268963749717774,-0.5152671608276851,0.7770260879157281,-0.411678790124127,0.5642638144972537,-0.36460856816536996,-0.04268963749717774,-0.5152671608276851,0.7770260879157281,-0.411678790124127,0.5642638144972537,-0.36460856816536996,0.0845467095495929,-0.0033820744467899927,0.0024578646218404577,0.1382885486050358,-0.0330863886158534,0.1373769632149022,-0.007227925737700545,0.005937724887073016,-0.002470710077021618,0.002471823434609573,0.019635804995725138,4.99308666611787e-06,0.6583333333333083,True,False,1,True,True,0.005779600003734231,4,1.6768790365146697e-09,2.2201855474978e-10,`gtol` termination condition is satisfied.,True,True,0.010000000000001563,0.01518989266020987,1.0,0.0008611310192324,0.00020716772840371128,0.0008611326736121842,0.00020716763267143127
16.95999999999985,1786132518.7951949,0.011953699999139644,0.007980299997143447,0.01,TELEOP,0,,0.0,16.95999999999985,1696,0.025599999999996043,0.0,0.0,0.0,0.0,0.17364817766693036,0.9848077530122081,0.022948125053034434,9.112052112510653e-45,1.837639825660396e-32,1.893300616848123e-19,5.884866939627817e-07,0.17364760692522227,0.984807853649024,-0.009115562484089675,-0.22496149868535165,0.2802328425555495,-0.13002950394819845,0.011376362392297983,0.08640978853236003,0.9876721393901406,-0.00927550859870752,-0.22496149868535165,0.2802328425555495,-0.13002950394819845,0.011376362392297983,0.08640978853236003,0.9876721393901406,-0.009275510257844333,-0.22496149866414022,0.28023284281513844,-0.13002950393033713,0.011376362390197799,0.08640978864185989,0.9876721393829364,-0.01013752906164984,-0.22495671709449014,0.2802257136825751,-0.1299650686668967,0.011430858519068087,0.08636012798014024,0.9876843345397252,-0.01013752906164984,-0.22495671709449014,0.2802257136825751,-0.1299650686668967,0.011430858519068087,0.08636012798014024,0.9876843345397252,-0.032624692924900056,-0.5155906280834847,0.777286978226814,-0.39499509186237797,0.5605570714123593,-0.34806027820460833,-0.04184473054455441,-0.5153004094771682,0.7770504300796998,-0.4102952860795407,0.5639347813301855,-0.36323436065561676,-0.04184473054455441,-0.5153004094771682,0.7770504300796998,-0.4102952860795407,0.5639347813301855,-0.36323436065561676,0.08449069526231964,-0.0033248649483071857,0.002434216397163397,0.13835040445860855,-0.032903316706820014,0.13742075097530038,-0.005601428727323883,0.005720949848279806,-0.0023648224677056975,0.00618558535727352,0.018307190903335144,0.0043787760398171505,0.6599999999999753,True,False,1,True,True,0.003920599992852658,4,1.6794556621208014e-09,2.2240109648958263e-10,`gtol` termination condition is satisfied.,True,True,0.010000000000001563,0.015244368415890552,1.0,0.0008620615442378242,0.00019734877162951803,0.0008620632012633099,0.00019734868063852684
16.969999999999853,1786132518.8020787,0.008212199987610802,0.006652099997154437,0.01,TELEOP,0,,0.0,16.969999999999853,1697,0.025866666666662753,0.0,0.0,0.0,0.0,0.17364817766693036,0.9848077530122081,0.023214767361622018,8.279687171923732e-45,1.6697756666960408e-32,1.7203371507632848e-19,5.347296562223639e-07,0.1736476590612973,0.9848078444560877,-0.0090355697915134,-0.22496149868535165,0.2802328425555495,-0.13002950364707286,0.011376339083840475,0.08640981819796702,0.9876721371028646,-0.009195520838017699,-0.22496149868535165,0.2802328425555495,-0.13002950364707286,0.011376339083840475,0.08640981819796702,0.9876721371028646,-0.009195522499762288,-0.224961498664755,0.2802328428151403,-0.13002950362919422,0.011376339081739047,0.0864098183076568,0.9876721370956459,-0.010058511642585075,-0.22495678285081144,0.280225826426858,-0.1299660115959409,0.011427074192657653,0.08636465190077916,0.9876838586852053,-0.010058511642585075,-0.22495678285081144,0.280225826426858,-0.1299660115959409,0.011427074192657653,0.08636465190077916,0.9876838586852053,-0.03176439139501459,-0.515619950683153,0.7773099162556245,-0.393553802544429,0.5602319757783486,-0.3466215181987357,-0.041000230149444546,-0.5153331064420137,0.7770745457173399,-0.40891081373634275,0.563607453666263,-0.36185930347683687,-0.041000230149444546,-0.5153331064420137,0.7770745457173399,-0.40891081373634275,0.563607453666263,-0.36185930347683687,0.08445003951097343,-0.0032696964845488523,0.002411563764014187,0.1384472343197743,-0.03273276639224949,0.13750571787797053,-0.004065575134620687,0.0055168463758324795,-0.0022652633149206564,0.0096829861165731,0.017055031457049747,0.008496690267014348,0.6616666666666422,True,False,1,True,True,0.0033519000135129318,4,1.682024586552493e-09,2.2278255889145554e-10,`gtol` termination condition is satisfied.,True,True,0.010000000000001563,0.015300194217162721,1.0,0.0008630305494220273,0.00018743201162048118,0.0008630322090890189,0.00018743192603493385
16.979999999999855,1786132518.810187,0.00687090000428725,0.007889699991210364,0.01,TELEOP,0,,0.0,16.979999999999855,1698,0.02613333333332946,0.0,0.0,0.0,0.0,0.17364817766693036,0.9848077530122081,0.023481411902067737,7.523356848540879e-45,1.5172455114201853e-32,1.5631893779904606e-19,4.85883219568719e-07,0.17364770643484218,0.9848078361029033,-0.008955576429379684,-0.22496149868535165,0.2802328425555495,-0.1300295033734543,0.011376317904565192,0.08640984515367812,0.9876721350245254,-0.009115531956908245,-0.22496149868535165,0.2802328425555495,-0.13002950337345434,0.011376317904565194,0.08640984515367814,0.9876721350245256,-0.009115533621253696,-0.22496149866537735,0.2802328428151367,-0.13002950335555902,0.011376317902462667,0.08640984526355744,0.9876721350172926,-0.009979521769622086,-0.22495685137972452,0.28022594704403536,-0.1299670284587998,0.011423233069684369,0.08636922015819287,0.9876833698453624,-0.009979521769622086,-0.22495685137972452,0.28022594704403536,-0.1299670284587998,0.011423233069684369,0.08636922015819287,0.9876833698453624,-0.03090400612940321,-0.5156487786556967,0.7773326536450135,-0.39211056263033905,0.5599082215120034,-0.345180765909336,-0.04015599212045465,-0.5153652708279393,0.7770984441346744,-0.4075250456779529,0.5632817141954849,-0.3604830112187365,-0.04015599212045465,-0.5153652708279393,0.7770984441346744,-0.4075250456779529,0.5632817141954849,-0.3604830112187365,0.08442380289897657,-0.0032164385925607486,0.002389841733452971,0.13857680583896234,-0.032573947077797843,0.13762922581001527,-0.0026236611996859525,0.005325789198809546,-0.002172203056121244,0.012957151918804172,0.01588193144516232,0.012350793204473031,0.6633333333333091,True,False,1,True,True,0.004512100000283681,4,1.6845860885377037e-09,2.2316309646875272e-10,`gtol` termination condition is satisfied.,True,True,0.010000000000001563,0.015357011191913739,1.0,0.0008640281647284771,0.00017754735924067403,0.0008640298270325696,0.00017754727980842986
16.989999999999856,1786132518.817107,0.008129800000460818,0.00667980000434909,0.01,TELEOP,0,,0.0,16.989999999999856,1699,0.02639999999999617,0.0,0.0,0.0,0.0,0.17364817766693036,0.9848077530122081,0.02374805847008345,6.836115555478902e-45,1.3786486339687166e-32,1.4204180042638083e-19,4.414988090630876e-07,0.173647749480906,0.984807828512762,-0.00887558245897497,-0.22496149868535165,0.2802328425555495,-0.13002950312483022,0.011376298659975049,0.0864098696470378,0.9876721331360376,-0.009035542057831733,-0.22496149868535165,0.2802328425555495,-0.13002950312483022,0.011376298659975049,0.0864098696470378,0.9876721331360376,-0.0090355437247714,-0.22496149866600762,0.28023284281512745,-0.1300295031069187,0.011376298657871384,0.08640986975710623,0.9876721331287902,-0.009900550273652192,-0.22495692208842336,0.28022607423133,-0.12996810776049048,0.011419366717984332,0.08637379633416806,0.9876828723511112,-0.009900550273652192,-0.22495692208842336,0.28022607423133,-0.12996810776049048,0.011419366717984332,0.08637379633416806,0.9876828723511112,-0.030043539645063386,-0.5156771118219017,0.7773551903076912,-0.3906653807682886,0.5595858125577524,-0.34373803070038894,-0.03931188189613479,-0.5153969204108292,0.7771221339767659,-0.4061376772847784,0.5629574536970097,-0.3591051253952115,-0.03931188189613479,-0.5153969204108292,0.7771221339767659,-0.4061376772847784,0.5629574536970097,-0.3591051253952115,0.08441102243197245,-0.003164958288987914,0.0023689842091490685,0.1387368393174268,-0.03242604984751778,0.1377885823524776,-0.0012780467004115208,0.0051480303572826215,-0.0020857524303898975,0.016003347846444787,0.014789723028004286,0.015935654246230595,0.664999999999976,True,False,1,True,True,0.0033789000008255243,4,1.6871404104604073e-09,2.235427069730355e-10,`gtol` termination condition is satisfied.,True,True,0.010000000000001563,0.015414483047613836,1.0,0.0008650451366233253,0.00016781977365732444,0.0008650468015599375,0.00016781970121564725
16.999999999999858,1786132518.8254077,0.006891900004120544,0.00808869999309536,0.01,TELEOP,0,,0.0,16.999999999999858,1700,0.026666666666662876,0.0,0.0,0.0,0.0,0.17364817766693036,0.9848077530122081,0.02401470688006766,6.21165216919415e-45,1.252712261553982e-32,1.2906747251848657e-19,4.011688264670882e-07,0.17364778859479663,0.9848078216159618,-0.008795587935979707,-0.22496149868535165,0.2802328425555495,-0.13002950289891727,0.011376281173339964,0.08640989190297745,0.9876721314200585,-0.008955551233882328,-0.22496149868535165,0.2802328425555495,-0.13002950289891727,0.011376281173339964,0.08640989190297745,0.9876721314200585,-0.008955552903409776,-0.22496149866664544,0.28023284281511257,-0.13002950288099013,0.01137628117123509,0.08640989201323467,0.9876721314127967,-0.00982158860688348,-0.22495699440533462,0.28022620672079174,-0.1299692382751284,0.01141550424528145,0.08637834709196725,0.987682370258105,-0.00982158860688348,-0.22495699440533462,0.28022620672079174,-0.1299692382751284,0.01141550424528145,0.08637834709196725,0.987682370258105,-0.029182994335778433,-0.5157049500138536,0.7773775261610052,-0.38921826540447185,0.5592647527735807,-0.3422933217046254,-0.03846777469356132,-0.5154280716229437,0.7771456232221847,-0.404748427008533,0.562634571150328,-0.3577253147535734,-0.03846777469356132,-0.5154280716229437,0.7771456232221847,-0.404748427008533,0.562634571150328,-0.3577253147535734,0.08441072025733333,-0.003115121211450338,0.002348924541886165,0.1389250276245208,-0.03228825466816141,0.13798106416378927,-3.0217463912208696e-05,0.004983707753756844,-0.002005966726290054,0.018818830709397875,0.013779517935634707,0.019248181131166036,0.666666666666643,True,False,1,True,True,0.00423739998950623,4,1.6896877886098306e-09,2.2392140597058986e-10,`gtol` termination condition is satisfied.,True,True,0.010000000000001563,0.015472296516489792,1.0,0.0008660728409371723,0.0001583690408079374,0.0008660745085015153,0.00015836897628549682
17.00999999999986,1786132518.8322828,0.00834519999625627,0.0066184000024804845,0.01,TELEOP,0,,0.0,17.00999999999986,1701,0.026933333333329586,0.0,0.0,0.0,0.0,0.17364817766693036,0.9848077530122081,0.024281356963396956,5.64423207272004e-45,1.1382798862464192e-32,1.1727766724776829e-19,3.6452290705553285e-07,0.1736478241357112,0.9848078153491677,-0.008715592910980919,-0.22496149868535165,0.2802328425555495,-0.13002950269364094,0.01137626528407392,0.0864099121258815,0.98767212986083,-0.008875559569649472,-0.22496149868535165,0.2802328425555495,-0.13002950269364094,0.01137626528407392,0.0864099121258815,0.98767212986083,-0.008875561241758385,-0.22496149866729095,0.28023284281509225,-0.13002950267569882,0.011376265281967899,0.08640991223632706,0.9876721298535537,-0.009742628851290548,-0.22495706778278346,0.2802263432863,-0.1299704091114703,0.01141167230227677,0.08638284214832298,0.9876818673404106,-0.009742628851290548,-0.22495706778278346,0.2802263432863,-0.1299704091114703,0.01141167230227677,0.08638284214832298,0.9876818673404106,-0.028322372483380806,-0.5157322930739271,0.7773996611264037,-0.3877692248065648,0.5589450459380179,-0.3408466478496813,-0.037623555575853826,-0.5154587395496805,0.777168919182598,-0.40335703646223875,0.5623129737796732,-0.3563432753674614,-0.037623555575853826,-0.5154587395496805,0.777168919182598,-0.40335703646223875,0.5623129737796732,-0.3563432753674614,0.08442191177073646,-0.0030667926736790596,0.002329596041325483,0.1391390546293998,-0.032159737065474425,0.13820393861117639,0.001119151340313665,0.004832853777127073,-0.001932850056067887,0.021402700487895464,0.012851760268696416,0.022287444738708594,0.6683333333333099,True,False,1,True,True,0.003348699989146553,4,1.6922283707103792e-09,2.2429911174721722e-10,`gtol` termination condition is satisfied.,True,True,0.010000000000001563,0.015530161604061121,1.0,0.0008671032903361979,0.00014930927282403526,0.0008671049605231877,0.00014930921723682405
17.01999999999986,1786132518.8422425,0.006834500003606081,0.009743999995407648,0.01,TELEOP,0,,0.0,17.01999999999986,1702,0.027199999999996293,0.0,0.0,0.0,0.0,0.17364817766693036,0.9848077530122081,0.024548008566873607,5.128644493121139e-45,1.0343006444479729e-32,1.0656236959275634e-19,3.3122451836948086e-07,0.17364785643003455,0.9848078096548304,-0.008635597429937924,-0.22496149868535165,0.2802328425555495,-0.13002950250711606,0.011376250846260174,0.08640993050146396,0.9876721284440333,-0.008795567141993864,-0.22496149868535165,0.2802328425555495,-0.13002950250711606,0.011376250846260174,0.08640993050146396,0.9876721284440333,-0.008795568816678125,-0.22496149866794413,0.2802328428150663,-0.13002950248915937,0.011376250844153054,0.08640993061209759,0.9876721284367426,-0.009663663721960935,-0.22495714169931197,0.2802264827497647,-0.1299716097713311,0.011407895102630584,0.08638725422610417,0.9876813670865978,-0.009663663721960935,-0.22495714169931197,0.2802264827497647,-0.1299716097713311,0.011407895102630584,0.08638725422610417,0.9876813670865978,-0.027461676267990495,-0.5157591408538721,0.7774215951289423,-0.3863182670850894,0.5586266957564534,-0.3393980178819027,-0.036779119444984,-0.5154889379360239,0.7771920285070487,-0.4019632703407944,0.5619925770369673,-0.3549587305309868,-0.036779119444984,-0.5154889379360239,0.7771920285070487,-0.4019632703407944,0.5619925770369673,-0.3549587305309868,0.08444361308696907,-0.0030198386343388683,0.0023109324450652042,0.13937661214441469,-0.03203967427058747,0.1384544836474386,0.0021701316232608514,0.004695403934018409,-0.0018663596260275854,0.023755751501486344,0.012006279488693355,0.0250545036262174,0.6699999999999768,True,False,1,True,True,0.004605100009939633,4,1.6947623325637101e-09,2.2467610452731732e-10,`gtol` termination condition is satisfied.,True,True,0.010000000000001563,0.015587811655673967,1.0,0.0008681291368133392,0.00014074795923282578,0.0008681308096177073,0.00014074791366946426
17.029999999999863,1786132518.8496923,0.010130099995876662,0.007063199998810887,0.01,TELEOP,0,,0.0,17.029999999999863,1703,0.027466666666663003,0.0,0.0,0.0,0.0,0.17364817766693036,0.9848077530122081,0.024814661551315068,4.660154649549338e-45,9.398196665261135e-33,9.682810814423231e-20,3.009678696728124e-07,0.17364788577433693,0.9848078044806573,-0.008555601534605484,-0.22496149868535165,0.2802328425555495,-0.13002950233762992,0.011376237727311255,0.08640994719847432,0.9876721271566576,-0.008715574020752775,-0.22496149868535165,0.2802328425555495,-0.13002950233762992,0.011376237727311255,0.08640994719847432,0.9876721271566576,-0.00871557569800634,-0.22496149866860493,0.28023284281503463,-0.13002950231965957,0.011376237725203044,0.08640994730929565,0.9876721271493522,-0.009584686565741879,-0.22495721566165663,0.280226623986541,-0.1299728302009679,0.011404194458279783,0.08639155898964737,0.9876808726980828,-0.009584686565741879,-0.22495721566165663,0.280226623986541,-0.1299728302009679,0.011404194458279783,0.08639155898964737,0.9876808726980828,-0.026600907777320378,-0.5157854932139905,0.777443328096839,-0.3848654002128586,0.5583097058668514,-0.33794744038800906,-0.035934370966216767,-0.5155186792018246,0.777214957190502,-0.40056691618691526,0.5616733045285832,-0.3535714304715588,-0.035934370966216767,-0.5155186792018246,0.777214957190502,-0.40056691618691526,0.5616733045285832,-0.3535714304715588,0.08447484787671028,-0.002974126580065185,0.0022928683453308164,0.13963541538789112,-0.03192725083839676,0.13873000594277551,0.0031234789741203346,0.004571205427367628,-0.001806409973438485,0.02588032434764076,0.011242343219069363,0.02755222953368918,0.6716666666666438,True,False,1,True,True,0.0036363999970490113,4,1.6972897573542148e-09,2.2505214051937488e-10,`gtol` termination condition is satisfied.,True,True,0.010000000000001563,0.015645003255705003,1.0,0.0008691436695923026,0.00013278437988009165,0.0008691453450084874,0.0001327843454717192
17.039999999999864,1786132518.8591049,0.007280799996806309,0.009195299993734807,0.01,TELEOP,0,,0.0,17.039999999999864,1704,0.02773333333332971,0.0,0.0,0.0,0.0,0.17364817766693036,0.9848077530122081,0.025081315790272427,4.2344602724646974e-45,8.539693079865277e-33,8.798306585420279e-20,2.7347510372918966e-07,0.17364791243809724,0.9848077997791327,-0.008475605262918278,-0.22496149868535165,0.2802328425555495,-0.13002950218362583,0.01137622580675135,0.086409962370247,0.9876721259868807,-0.008635580269381103,-0.22496149868535165,0.2802328425555495,-0.13002950218362583,0.01137622580675135,0.086409962370247,0.9876721259868807,-0.008635581949198091,-0.22496149866927354,0.28023284281499766,-0.13002950216564224,0.011376225804642011,0.08640996248125567,0.9876721259795607,-0.00950569135559005,-0.22495728920639396,0.28022676593007356,-0.12997406083556715,0.011400589828547275,0.086395734964695,0.9876803870895603,-0.00950569135559005,-0.22495728920639396,0.28022676593007356,-0.12997406083556715,0.011400589828547275,0.086395734964695,0.9876803870895603,-0.0257400690151373,-0.5158113500223932,0.777464859961072,-0.3834106320426807,0.5579940798449138,-0.33649492381481333,-0.03508922443046429,-0.5155479744650625,0.777237710586241,-0.39916778401708,0.5613550878911502,-0.3521811518986335,-0.03508922443046429,-0.5155479744650625,0.777237710586241,-0.39916778401708,0.5613550878911502,-0.3521811518986335,0.08451465357523406,-0.0029295263237879457,0.002275339573893461,0.13991321698350756,-0.03182166374330079,0.1390278572925064,0.003980569852377394,0.004460025627723211,-0.0017528771437352927,0.027780159561639067,0.010558709509595528,0.02978513497308479,0.6733333333333107,True,False,1,True,True,0.005713200007448904,4,1.6998108664614683e-09,2.2542727732048954e-10,`gtol` termination condition is satisfied.,True,True,0.010000000000001563,0.015701515974056668,1.0,0.0008701408088349165,0.00012550720949099802,0.0008701424868571726,0.00012550718736631473
17.049999999999866,1786132518.8660245,0.009420300004421733,0.0066943999991053715,0.01,TELEOP,0,,0.0,17.049999999999866,1705,0.02799999999999642,0.0,0.0,0.0,0.0,0.17364817766693036,0.9848077530122081,0.025347971168865988,3.8476520947251807e-45,7.75961181657956e-33,7.994369748079991e-20,2.48493745109166e-07,0.17364793666617795,0.9848077955070814,-0.008395608649340209,-0.22496149868535165,0.2802328425555495,-0.13002950204368968,0.011376214975109912,0.08640997615610958,0.9876721249239602,-0.008555585945534018,-0.22496149868535165,0.2802328425555495,-0.13002950204368968,0.011376214975109912,0.08640997615610958,0.9876721249239602,-0.008555587627908565,-0.22496149866994958,0.28023284281495503,-0.13002950202569352,0.011376214972999553,0.08640997626730529,0.9876721249166254,-0.009426672681022739,-0.22495736190126597,0.2802269075757935,-0.1299752926370139,0.011397098381542665,0.08639976344482755,0.9876799128913587,-0.009426672681022739,-0.22495736190126597,0.2802269075757935,-0.1299752926370139,0.011397098381542665,0.08639976344482755,0.9876799128913587,-0.024879161908949305,-0.5158367111543284,0.7774861906550237,-0.3819539703234585,0.5576798212087642,-0.3350404764871514,-0.03424360356073621,-0.5155768335722616,0.7772602934217016,-0.39776570582185855,0.5610378666215422,-0.35078769740531673,-0.03424360356073621,-0.5155768335722616,0.7772602934217016,-0.39776570582185855,0.5610378666215422,-0.35078769740531673,0.08456208697279442,-0.0028859107199069142,0.0022582835460569486,0.1402078195221191,-0.03172212696079372,0.13934544933166018,0.004743339756034642,0.0043615603881024465,-0.0017056027836509495,0.0294602538611496,0.00995367825070547,0.031759203915371584,0.6749999999999776,True,False,1,True,True,0.0033899999980349094,4,1.7023256388567722e-09,2.25801677599838e-10,`gtol` termination condition is satisfied.,True,True,0.010000000000001563,0.015757151974399253,1.0,0.0008711150955401752,0.00011899124115410451,0.0008711167761624565,0.00011899123237195241
17.059999999999867,1786132518.8768263,0.007034499998553656,0.010461999991093762,0.01,TELEOP,0,,0.0,17.059999999999867,1706,0.028266666666663127,0.0,0.0,0.0,0.0,0.17364817766693036,0.9848077530122081,0.025614627582727315,3.496177951724187e-45,7.050789177185631e-33,7.264051985256923e-20,2.2579438159321415e-07,0.17364795868107374,0.984807791625272,-0.008315611725181811,-0.22496149868535165,0.2802328425555495,-0.1300295019165364,0.01137620513291634,0.08640998868266228,0.987672123958135,-0.008475591101596501,-0.22496149868535165,0.2802328425555495,-0.1300295019165364,0.01137620513291634,0.08640998868266228,0.987672123958135,-0.00847559278652283,-0.2249614986706334,0.28023284281490685,-0.13002950189852802,0.01137620513080485,0.08640998879404464,0.9876721239507854,-0.00934762573506251,-0.22495743334619733,0.2802270479842928,-0.1299765171251515,0.011393735066389899,0.08640362838620924,0.9876794524535529,-0.00934762573506251,-0.22495743334619733,0.2802270479842928,-0.1299765171251515,0.011393735066389899,0.08640362838620924,0.9876794524535529,-0.02401818831699641,-0.5158615764915732,0.7775073201141415,-0.38049542271485987,0.5573669334231585,-0.3335841066242186,-0.03339744126873727,-0.5156052651352449,0.777282709817349,-0.3963605349546625,0.5607215878660794,-0.34939089473935203,-0.03339744126873727,-0.5156052651352449,0.777282709817349,-0.3963605349546625,0.5607215878660794,-0.34939089473935203,0.08461622919988086,-0.0028431562983254814,0.0022416395647465908,0.14051708671958055,-0.031627875546271826,0.13968026659645114,0.00541422270864377,0.00427544215814263,-0.0016643981310355237,0.030926719746138486,0.00942514145218784,0.03348172647909033,0.6766666666666445,True,False,1,True,True,0.006531299994094297,4,1.7048341869115953e-09,2.2617520289840295e-10,`gtol` termination condition is satisfied.,True,True,0.010000000000001563,0.015811735498400037,1.0,0.0008720616780156219,0.00011329336419902475,0.0008720633612316725,0.00011329336966671555
17.06999999999987,1786132518.8856983,0.010692500000004657,0.008641699998406693,0.01,TELEOP,0,,0.0,17.06999999999987,1707,0.028533333333329837,0.0,0.0,0.0,0.0,0.17364817766693036,0.9848077530122081,0.025881284937037976,3.176810160897716e-45,6.406715850772006e-33,6.600529056897513e-20,2.0516855737722335e-07,0.1736479786849548,0.984807788098057,-0.008235614518888613,-0.22496149868535165,0.2802328425555495,-0.13002950180099823,0.011376196189786499,0.08641000006494054,0.9876721230805356,-0.008395595785164602,-0.22496149868535165,0.2802328425555495,-0.13002950180099823,0.011376196189786499,0.08641000006494054,0.9876721230805356,-0.00839559747263701,-0.22496149867132487,0.2802328428148531,-0.1300295017829784,0.01137619618767393,0.08641000017650925,0.9876721230731713,-0.009268546298058945,-0.22495750317401692,0.2802271862838056,-0.12997772640277938,0.011390512694866961,0.08640731629239543,0.9876790078516695,-0.009268546298058945,-0.22495750317401692,0.2802271862838056,-0.12997772640277938,0.011390512694866961,0.08640731629239543,0.9876790078516695,-0.023157150034601996,-0.5158859459218893,0.7775282482756481,-0.3790349968006542,0.5570554199033083,-0.332125822354417,-0.032550679367501174,-0.5156332765734423,0.7773049633082085,-0.3949521454225522,0.5604062061738304,-0.3479905959595445,-0.032550679367501174,-0.5156332765734423,0.7773049633082085,-0.3949521454225522,0.5604062061738304,-0.3479905959595445,0.08467619012359585,-0.0028011438197458856,0.0022253490859476437,0.1408389532110102,-0.031538169224895746,0.14002987798072958,0.005996092371497846,0.004201247857958914,-0.0016290478798944724,0.032186649142959316,0.008970632137606654,0.03496113842783935,0.6783333333333115,True,False,1,True,True,0.0035081999958492815,4,1.7073365966057648e-09,2.2654791676426179e-10,`gtol` termination condition is satisfied.,True,True,0.010000000000001563,0.015865112239802637,1.0,0.000872976295295447,0.00010844825093261971,0.0008729779810988144,0.00010844827131497513
17.07999999999987,1786132518.898286,0.009025400009704754,0.012203699996462092,0.01,TELEOP,0,,0.0,17.07999999999987,1708,0.028799999999996544,0.0,0.0,0.0,0.0,0.17364817766693036,0.9848077530122081,0.026147943145656168,2.886615881038294e-45,5.8214771369631365e-33,5.997555749376982e-20,1.864268587322199e-07,0.17364799686152332,0.9848077848930449,-0.008155617056303155,-0.22496149868535165,0.2802328425555495,-0.13002950169601424,0.01137618806359271,0.0864100104074717,0.987672122283103,-0.008315600039482809,-0.22496149868535165,0.2802328425555495,-0.13002950169601424,0.01137618806359271,0.0864100104074717,0.987672122283103,-0.008315601729495595,-0.2249614986720239,0.2802328428147937,-0.1300295016779836,0.011376188061479142,0.08641001051922646,0.9876721222757239,-0.009189430718760161,-0.2249575710509013,0.28022732167202735,-0.12997891317465143,0.011387442031095908,0.08641081609087121,0.9876785808938222,-0.009189430718760161,-0.2249575710509013,0.28022732167202735,-0.12997891317465143,0.011387442031095908,0.08641081609087121,0.9876785808938222,-0.022296048799946403,-0.5159098193385264,0.7775489750782701,-0.37757270010085575,0.556745284018327,-0.3306656317288722,-0.03170326824576006,-0.5156608741609919,0.7773270568676773,-0.3935404310922726,0.5600916832187445,-0.34658667649311903,-0.03170326824576006,-0.5156608741609919,0.7773270568676773,-0.3935404310922726,0.5600916832187445,-0.34658667649311903,0.08474111217409813,-0.002759758754964384,0.0022093559468836805,0.1411714330279375,-0.03145229550858734,0.1403919466425246,0.006492205050226986,0.004138506478149504,-0.001599313906396057,0.03324798169272355,0.00858737163083962,0.036206866179497546,0.6799999999999784,True,False,1,True,True,0.006063299995730631,4,1.7098328632677177e-09,2.2691972622804482e-10,`gtol` termination condition is satisfied.,True,True,0.010000000000001563,0.01591714862189797,1.0,0.0008738552578684084,0.00010446456232730123,0.0008738569462523938,0.0001044645979654674
17.089999999999872,1786132518.9066813,0.012566499994136393,0.00803250000171829,0.01,TELEOP,0,,0.0,17.089999999999872,1709,0.029066666666663254,0.0,0.0,0.0,0.0,0.17364817766693036,0.9848077530122081,0.026414602130323196,2.622930179217205e-45,5.2896986296186114e-33,5.449714029683112e-20,1.6939717453756892e-07,0.17364801337770075,0.9848077819808032,-0.008075619360903048,-0.22496149868535165,0.2802328425555495,-0.1300295016006203,0.01137618067970948,0.0864100198052345,0.9876721215585139,-0.008235603903841524,-0.22496149868535165,0.2802328425555495,-0.1300295016006203,0.01137618067970948,0.0864100198052345,0.9876721215585139,-0.008235605596389004,-0.22496149867273058,0.28023284281472877,-0.13002950158257923,0.011376180677594728,0.08641001991717494,0.9876721215511199,-0.009110275892995248,-0.22495763667655405,0.2802274534173067,-0.1299800707607713,0.011384531887981894,0.0864141190029082,0.9876781731291159,-0.009110275892995248,-0.22495763667655405,0.2802274534173067,-0.1299800707607713,0.011384531887981894,0.0864141190029082,0.9876781731291159,-0.021434886299313782,-0.5159331966397782,0.7775695004619918,-0.3761085400827705,0.5564365290943358,-0.32920354273373065,-0.030855166509535927,-0.515688063077904,0.7773489929332621,-0.3921253048241725,0.5597779874951628,-0.34517903410889994,-0.030855166509535927,-0.515688063077904,0.7773489929332621,-0.3921253048241725,0.5597779874951628,-0.34517903410889994,0.08481017362239988,-0.0027188916912078177,0.002193606558472863,0.1415126268099859,-0.0313695723581555,0.14076423842188954,0.006906144830173591,0.0040867063756559845,-0.0015749388410815318,0.03411937820483324,0.008272315043183088,0.037229177936488195,0.6816666666666453,True,False,1,True,True,0.0035281000018585473,4,1.7123230330682749e-09,2.272909013766055e-10,`gtol` termination condition is satisfied.,True,True,0.010000000000001563,0.01596773099141685,1.0,0.0008746954260680088,0.00010132271137655777,0.0008746971170257085,0.00010132276223342781
17.099999999999874,1786132518.913712,0.008267600002000108,0.006795699999202043,0.01,TELEOP,0,,0.0,17.099999999999874,1710,0.02933333333332996,0.0,0.0,0.0,0.0,0.17364817766693036,0.9848077530122081,0.026681261819942473,2.3833315579812446e-45,4.806496862201144e-33,4.951834018987445e-20,1.539231157129444e-07,0.17364802838516047,0.9848077793345882,-0.007995621454017264,-0.22496149868535165,0.2802328425555495,-0.13002950151394038,0.011376173970328233,0.08641002834453164,0.9876721209001145,-0.008155607413938275,-0.22496149868535165,0.2802328425555495,-0.13002950151394038,0.011376173970328233,0.08641002834453164,0.9876721209001145,-0.008155609109014757,-0.2249614986734449,0.2802328428146584,-0.1300295014958896,0.01137617396821251,0.0864100284566575,0.9876721208927055,-0.00903107924031419,-0.22495769978413732,0.28022758085924465,-0.1299811931042873,0.011381789229159755,0.08641721840823811,0.987677785857165,-0.00903107924031419,-0.22495769978413732,0.28022758085924465,-0.1299811931042873,0.011381789229159755,0.08641721840823811,0.987677785857165,-0.02057366417186229,-0.5159560777285774,0.7775898243678387,-0.3746425241710484,0.5561291584172816,-0.327739563301343,-0.03000634059620773,-0.5157148474645921,0.7773707734338994,-0.3907066975461007,0.559465093991061,-0.34376758782053546,-0.03000634059620773,-0.5157148474645921,0.7773707734338994,-0.3907066975461007,0.559465093991061,-0.34376758782053546,0.0848825913328066,-0.002678438668797012,0.0021780500637227952,0.14186072780715667,-0.031289350410171154,0.14114462883642445,0.007241771040670276,0.004045302241079928,-0.00155564947500654,0.03481009971707204,0.008022194798433177,0.03803904145348476,0.6833333333333123,True,False,1,True,True,0.003454200006672181,4,1.7148071241492808e-09,2.2766120790340954e-10,`gtol` termination condition is satisfied.,True,True,0.010000000000001563,0.016016764741402012,1.0,0.0008754941864639613,9.897512983102231e-05,0.0008754958799882615,9.897519547729912e-05
17.109999999999875,1786132518.9239025,0.0070691000000806525,0.009916700000758283,0.01,TELEOP,0,,0.0,17.109999999999875,1711,0.02959999999999667,0.0,0.0,0.0,0.0,0.17364817766693036,0.9848077530122081,0.026947922149924475,2.1656197180835913e-45,4.367434461576336e-33,4.4994903010128217e-20,1.3986257903367133e-07,0.17364804202172082,0.9848077769300988,-0.007915623355022664,-0.22496149868535165,0.2802328425555495,-0.1300295014351784,0.011376167873834598,0.08641003610378233,0.9876721203018582,-0.008075610602205978,-0.22496149868535165,0.2802328425555495,-0.1300295014351784,0.011376167873834598,0.08641003610378233,0.9876721203018582,-0.008075612299805818,-0.22496149867416687,0.2802328428145822,-0.13002950141711836,0.011376167871717805,0.08641003621609322,0.9876721202944344,-0.008951838678917839,-0.22495776013997465,0.2802277034087394,-0.12998227477431704,0.011379219275274542,0.08642010970595285,0.9876774201385745,-0.008951838678917839,-0.22495776013997465,0.2802277034087394,-0.12998227477431704,0.011379219275274542,0.08642010970595285,0.9876774201385745,-0.01971238401395684,-0.5159784625121371,0.7776099467376809,-0.37317465975682623,0.5558231752354664,-0.32627370132043937,-0.029156764366057904,-0.5157412304791085,0.7773923998185376,-0.38928455727877603,0.559152983843165,-0.342352276733284,-0.029156764366057904,-0.5157412304791085,0.7773923998185376,-0.38928455727877603,0.559152983843165,-0.342352276733284,0.08495762301496917,-0.0026383014516368508,0.002162638463816405,0.14221402673244538,-0.03121101478959758,0.14153110872512253,0.007503168216256804,0.004013721716015497,-0.0015411599906387846,0.0353298925288667,0.007833562057356244,0.03864798886980247,0.6849999999999792,True,False,1,True,True,0.005716500003472902,4,1.7172851472402023e-09,2.2803067548312618e-10,`gtol` termination condition is satisfied.,True,True,0.010000000000001563,0.016064173375052337,1.0,0.0008762494265801749,9.734948177118807e-05,0.0008762511226638385,9.734956142151212e-05
17.119999999999877,1786132518.931131,0.010141899998416193,0.007003399994573556,0.01,TELEOP,0,,0.0,17.119999999999877,1712,0.029866666666663377,0.0,0.0,0.0,0.0,0.17364817766693036,0.9848077530122081,0.027214583061591545,1.9677953525379197e-45,3.968479398409382e-33,4.0885469726964775e-20,1.2708644214004318e-07,0.1736480544126106,0.984807774745254,-0.007835625081522543,-0.22496149868535165,0.2802328425555495,-0.13002950136361122,0.01137616233424253,0.08641004315424208,0.9876721197582514,-0.007995613498111223,-0.22496149868535165,0.2802328425555495,-0.13002950136361122,0.01137616233424253,0.08641004315424208,0.9876721197582514,-0.007995615198228709,-0.2249614986748963,0.2802328428145004,-0.13002950134554264,0.011376162332124656,0.0864100432667377,0.9876721197508125,-0.00887255259919411,-0.2249578175430408,0.28022782054751494,-0.12998331096403162,0.011376825613490722,0.0864227901729472,0.9876770768062357,-0.00887255259919411,-0.2249578175430408,0.28022782054751494,-0.12998331096403162,0.011376825613490722,0.0864227901729472,0.9876770768062357,-0.018851047383108367,-0.516000350901618,0.7776298675140446,-0.37170495420604877,0.555518582761832,-0.32480596464538547,-0.02830641867603896,-0.5157672143564603,0.7774138730856747,-0.38785884812350113,0.5588416439778622,-0.34093305884713754,-0.02830641867603896,-0.5157672143564603,0.7774138730856747,-0.38785884812350113,0.5588416439778622,-0.34093305884713754,0.08503456900188115,-0.0025983877351876132,0.0021473267137115857,0.14257091552746892,-0.031133986530279063,0.14192178861462526,0.007694598691196953,0.003991371644923136,-0.0015311750104817041,0.035688879502348884,0.007702825931850602,0.0390679889502657,0.6866666666666461,True,False,1,True,True,0.003427999996347353,4,1.7197570636171425e-09,2.283992986108089e-10,`gtol` termination condition is satisfied.,True,True,0.010000000000001563,0.0161098975219498,1.0,0.0008769595082495902,9.635449762488263e-05,0.0008769612068851584,9.635459021175059e-05
17.129999999999878,1786132518.9384713,0.0072355000011157244,0.007108500009053387,0.01,TELEOP,0,,0.0,17.129999999999878,1713,0.030133333333330087,0.0,0.0,0.0,0.0,0.17364817766693036,0.9848077530122081,0.02748124450163714,1.7880417864390592e-45,3.605967959944034e-33,3.715116285159413e-20,1.1547737775608308e-07,0.17364806567161933,0.9848077727599899,-0.007755626649508863,-0.22496149868535165,0.2802328425555495,-0.1300295012985815,0.011376157300680223,0.08641004956065756,0.9876721192643018,-0.007915616128425344,-0.22496149868535165,0.2802328425555495,-0.1300295012985815,0.011376157300680223,0.08641004956065756,0.9876721192643018,-0.007915617831054753,-0.22496149867563345,0.2802328428144132,-0.130029501280505,0.011376157298561278,0.08641004967333761,0.9876721192568477,-0.008793219836159358,-0.22495787182425728,0.2802279318271721,-0.12998429748434825,0.011374610309195596,0.08642525882112584,0.987676756477298,-0.008793219836159358,-0.22495787182425728,0.2802279318271721,-0.12998429748434825,0.011374610309195596,0.08642525882112584,0.987676756477298,-0.017989655801553164,-0.5160217428118336,0.7776495866399548,-0.3702334148670339,0.5552153841760212,-0.3233363611045979,-0.027455290940226543,-0.5157928004694174,0.7774351938135662,-0.3864295492224403,0.5585310667415996,-0.33950990982829116,-0.027455290940226543,-0.5157928004694174,0.7774351938135662,-0.3864295492224403,0.5585310667415996,-0.33950990982829116,0.08511277358122843,-0.0025586112957089275,0.002132072789152349,0.14292989010605991,-0.031057723626256452,0.14231490188461463,0.0078204579347263,0.003977643947867941,-0.0015253924559234522,0.035897457859092784,0.007626290402259721,0.03931132699893092,0.688333333333313,True,False,1,True,True,0.003514800002449192,4,1.7222229144871347e-09,2.2876720065991703e-10,`gtol` termination condition is satisfied.,True,True,0.010000000000001563,0.016153893917452367,1.0,0.0008776232398986548,9.588739966158505e-05,0.000877624941078525,9.588750393444841e-05
17.13999999999988,1786132518.9459224,0.007351899999775924,0.007207900009234436,0.01,TELEOP,0,,0.0,17.13999999999988,1714,0.030399999999996794,0.0,0.0,0.0,0.0,0.17364817766693036,0.9848077530122081,0.027747906421634515,1.624708293943678e-45,3.2765711051327896e-33,3.375703400313592e-20,1.0492877622801605e-07,0.173648075902142,0.9848077709560751,-0.007675628073509652,-0.22496149868535165,0.2802328425555495,-0.13002950123949217,0.011376152726922913,0.08641005538186089,0.9876721188154733,-0.007835618517470742,-0.22496149868535165,0.2802328425555495,-0.13002950123949217,0.011376152726922913,0.08641005538186089,0.9876721188154733,-0.007835620222606327,-0.22496149867637807,0.28023284281432,-0.1300295012214083,0.011376152724803003,0.08641005549472507,0.9876721188080042,-0.008713839641087653,-0.22495792284561192,0.2802280368678032,-0.12998523075357804,0.011372574018933159,0.08642751625450312,0.9876764595656822,-0.008713839641087653,-0.22495792284561192,0.2802280368678032,-0.12998523075357804,0.011372574018933159,0.08642751625450312,0.9876764595656822,-0.01712821075950596,-0.5160426381609858,0.7776691040587893,-0.36876004907735477,0.5549135826262336,-0.3218648985081983,-0.026603374681143478,-0.515817989390264,0.7774563621908364,-0.3849966537010159,0.5582212495242244,-0.33808282176018134,-0.026603374681143478,-0.515817989390264,0.7774563621908364,-0.3849966537010159,0.5582212495242244,-0.33808282176018134,0.08519162590829314,-0.0025188920846556696,0.00211683772701682,0.14328955214241995,-0.030981721737517013,0.14270880681096126,0.00788523270647025,0.003971921105325182,-0.0015235062135526703,0.03596620363599789,0.007600188873942727,0.039390492634658096,0.68999999999998,True,False,1,True,True,0.0034401999873807654,4,1.7246825974232136e-09,2.2913428571857723e-10,`gtol` termination condition is satisfied.,True,True,0.010000000000001563,0.0161961343554064,1.0,0.0008782398480399691,9.584157276038897e-05,0.0008782415517564103,9.584168738481497e-05
17.14999999999988,1786132518.9537685,0.007546099994215183,0.007507299989811145,0.01,TELEOP,0,,0.0,17.14999999999988,1715,0.030666666666663504,0.0,0.0,0.0,0.0,0.17364817766693036,0.9848077530122081,0.028014568777590322,1.4762949392063008e-45,2.977263893148329e-33,3.067351147469137e-20,9.53437664875033e-08,0.17364808519812866,0.9848077693169437,-0.0075956293667229086,-0.22496149868535165,0.2802328425555495,-0.13002950118580042,0.01137614857096837,0.08641006067130994,0.9876721184076444,-0.007755620687344717,-0.22496149868535165,0.2802328425555495,-0.13002950118580042,0.01137614857096837,0.08641006067130994,0.9876721184076444,-0.007755622394980673,-0.22496149867713044,0.2802328428142214,-0.13002950116770978,0.011376148568847352,0.08641006078435784,0.98767211840016,-0.008634411652591385,-0.2249579704991192,0.2802281353562082,-0.12998610778338418,0.011370716103677939,0.08642956452722625,0.9876761862950073,-0.008634411652591385,-0.2249579704991192,0.2802281353562082,-0.12998610778338418,0.011370716103677939,0.08642956452722625,0.9876761862950073,-0.016266713718115576,-0.5160630368704221,0.7776884197141394,-0.3672848641700983,0.5546131812308914,-0.3203915846549746,-0.025750669075851853,-0.5158427809529855,0.7774773780472458,-0.38356016760130096,0.5579121943784823,-0.3366518018845167,-0.025750669075851853,-0.5158427809529855,0.7774773780472458,-0.38356016760130096,0.5579121943784823,-0.3366518018845167,0.08527056052914922,-0.002479156272155245,0.0021015856409480685,0.14364860997146667,-0.03090551457420512,0.14310198756644146,0.007893462085605912,0.003973581250041817,-0.001525208606874904,0.035905782904664674,0.007620716331188052,0.039318075548014364,0.6916666666666469,True,False,1,True,True,0.0035459999926388264,4,1.727136157918167e-09,2.29500423372828e-10,`gtol` termination condition is satisfied.,True,True,0.010000000000001563,0.01623660462366111,1.0,0.0008788089482322144,9.611329223072026e-05,0.0008788106544773452,9.611341587448695e-05
17.159999999999883,1786132518.961192,0.00783100000990089,0.007099599999492057,0.01,TELEOP,0,,0.0,17.159999999999883,1716,0.03093333333333021,0.0,0.0,0.0,0.0,0.17364817766693036,0.9848077530122081,0.02828123152953904,1.3414388020608506e-45,2.705297704529903e-33,2.787123035451485e-20,8.663432644859869e-08,0.1736480936449472,0.9848077678275432,-0.007515630541138293,-0.22496149868535165,0.2802328425555495,-0.13002950113701334,0.011376144794651192,0.08641006547757936,0.9876721180370696,-0.007675622658122852,-0.22496149868535165,0.2802328425555495,-0.13002950113701334,0.011376144794651192,0.08641006547757936,0.9876721180370696,-0.007675624368253347,-0.22496149867789028,0.28023284281411703,-0.13002950111891642,0.01137614479252914,0.0864100655908107,0.9876721180295701,-0.008554935867399437,-0.22495801470564067,0.28022822704375533,-0.12998692616140503,0.011369034741632686,0.08643140700346129,0.9876759367118119,-0.008554935867399437,-0.22495801470564067,0.28022822704375533,-0.12998692616140503,0.011369034741632686,0.08643140700346129,0.9876759367118119,-0.015405166112151383,-0.516082938864418,0.777707533549695,-0.36580786747955446,0.5543141830801462,-0.31891642733870473,-0.02489717850041993,-0.5158671743154208,0.7774982408843882,-0.38212010881460573,0.5576039076386469,-0.33521687134192263,-0.02489717850041993,-0.5158671743154208,0.7774982408843882,-0.38212010881460573,0.5576039076386469,-0.33521687134192263,0.08534905754317879,-0.002439336243525985,0.0020862837142365627,0.1440058786695018,-0.030828673983532482,0.14349305425938527,0.00784970140295579,0.0039820028629254005,-0.0015301926711503604,0.03572686980350705,0.007684059067262472,0.03910666929437511,0.6933333333333138,True,False,1,True,True,0.0036075999960303307,4,1.7295835226857823e-09,2.2986585790680978e-10,`gtol` termination condition is satisfied.,True,True,0.010000000000001563,0.016275303431202648,1.0,0.0008793305157500288,9.660679187893659e-05,0.0008793322245158736,9.660692327536875e-05
17.169999999999884,1786132518.972819,0.0073367999866604805,0.011390900006517768,0.01,TELEOP,0,,0.0,17.169999999999884,1717,0.03119999999999692,0.0,0.0,0.0,0.0,0.17364817766693036,0.9848077530122081,0.02854789464117448,1.2189014619544052e-45,2.4581749998639254e-33,2.5325168429076634e-20,7.87204746687222e-08,0.17364810132016736,0.9848077664741961,-0.007435631607647663,-0.22496149868535165,0.2802328425555495,-0.13002950109268283,0.01137614136329231,0.08641006984480663,0.987672117700346,-0.007595624448043833,-0.22496149868535165,0.2802328425555495,-0.13002950109268283,0.01137614136329231,0.08641006984480663,0.987672117700346,-0.00759562616066296,-0.22496149867865775,0.2802328428140072,-0.13002950107458044,0.011376141361169198,0.08641006995822101,0.9876721176928313,-0.008475412611060273,-0.22495805541358216,0.2802283117439222,-0.12998768403089336,0.011367527039800674,0.08643304821998576,0.987675710698955,-0.008475412611060273,-0.22495805541358216,0.2802283117439222,-0.12998768403089336,0.011367527039800674,0.08643304821998576,0.987675710698955,-0.01454356935244332,-0.5161023440699822,0.7777264455091326,-0.3643290663463876,0.5540165912372256,-0.31743943435390876,-0.024042912076079708,-0.5158911680209487,0.7775189499061073,-0.38067650602077246,0.5572963995410102,-0.33377806392101683,-0.024042912076079708,-0.5158911680209487,0.7775189499061073,-0.38067650602077246,0.5572963995410102,-0.33377806392101683,0.08542664243400877,-0.0023993705527886695,0.0020709021719004417,0.14436027938330595,-0.030750809763669548,0.14388074209055732,0.007758489082996973,0.003996569073730921,-0.0015381542336118438,0.035440071380409464,0.007786421986292052,0.038768783117197385,0.6949999999999807,True,False,1,True,True,0.0056680999987293035,4,1.732024671531186e-09,2.3023031366841594e-10,`gtol` termination condition is satisfied.,True,True,0.010000000000001563,0.01631224133505127,1.0,0.0008798048561886895,9.723748006948398e-05,0.0008798065674671464,9.723761805525679e-05
17.179999999999886,1786132518.9822845,0.011773100006394088,0.009082100004889071,0.01,TELEOP,0,,0.0,17.179999999999886,1718,0.03146666666666363,0.0,0.0,0.0,0.0,0.17364817766693036,0.9848077530122081,0.028814558079514985,1.1075576251947355e-45,2.2336263842008584e-33,2.3011751050918953e-20,7.152953585024924e-08,0.17364810829427305,0.9848077652444742,-0.007355632576145511,-0.22496149868535165,0.2802328425555495,-0.13002950105240182,0.011376138245380514,0.08641007381309727,0.9876721173943813,-0.007515626073677382,-0.22496149868535165,0.2802328425555495,-0.13002950105240182,0.011376138245380514,0.08641007381309727,0.9876721173943813,-0.007515627788779157,-0.22496149867943277,0.28023284281389155,-0.13002950103429448,0.011376138243256409,0.08641007392669445,0.9876721173868512,-0.008395842508779009,-0.22495809259748484,0.28022838932955946,-0.12998838006772231,0.011366189143661876,0.08643449375224141,0.9876755079890934,-0.008395842508779009,-0.22495809259748484,0.28022838932955946,-0.12998838006772231,0.011366189143661876,0.08643449375224141,0.9876755079890934,-0.013681924828101152,-0.5161212524166788,0.777745155536018,-0.3628484681223389,0.5537204087396463,-0.315960613501075,-0.023187883220101308,-0.5159147600593196,0.7775395040484463,-0.3792293976410195,0.5569896838487226,-0.3323354248239369,-0.023187883220101308,-0.5159147600593196,0.7775395040484463,-0.3792293976410195,0.5569896838487226,-0.3323354248239369,0.0855028855978265,-0.00235920383709109,0.002055414233902287,0.14471083797527604,-0.030671569228755295,0.14426390970797054,0.007624316381771186,0.004016671569757341,-0.001548793799815207,0.035055859197003866,0.007924053491424176,0.03831676174131521,0.6966666666666477,True,False,1,True,True,0.005113499995786697,4,1.7344594999182765e-09,2.3059411816894661e-10,`gtol` termination condition is satisfied.,True,True,0.010000000000001563,0.016347439674384845,1.0,0.0008802325762100323,9.793349862758532e-05,0.0008802342899928926,9.793364216251725e-05
17.189999999999888,1786132518.9896193,0.009300999998231418,0.007116499997209758,0.01,TELEOP,0,,0.0,17.189999999999888,1719,0.03173333333333034,0.0,0.0,0.0,0.0,0.17364817766693036,0.9848077530122081,0.029081221814599257,1.0063847910725436e-45,2.029589766584713e-33,2.090988511442171e-20,6.4995473437443e-08,0.17364811463130952,0.9848077641270846,-0.007275633455620229,-0.22496149868535165,0.2802328425555495,-0.1300295010158004,0.011376135412283082,0.08641007741889327,0.9876721171163658,-0.007435627550076851,-0.22496149868535165,0.2802328425555495,-0.1300295010158004,0.011376135412283082,0.08641007741889327,0.9876721171163658,-0.007435629267655265,-0.2249614986802153,0.2802328428137701,-0.13002950099768856,0.011376135410157922,0.08641007753267285,0.9876721171088204,-0.008316226456579198,-0.22495812625652817,0.2802284597299144,-0.12998901345510294,0.011365016344346083,0.08643575008451168,0.9876753281781366,-0.008316226456579198,-0.22495812625652817,0.2802284597299144,-0.12998901345510294,0.011365016344346083,0.08643575008451168,0.9876753281781366,-0.012820233908528477,-0.5161396638364681,0.7777636635737142,-0.3613660801744972,0.5534256386002991,-0.31447997259140864,-0.022332109204124064,-0.5159379479262787,0.7775599020089603,-0.37777883081050617,0.5566837774832338,-0.3308890094555544,-0.022332109204124064,-0.5159379479262787,0.7775599020089603,-0.37777883081050617,0.5566837774832338,-0.3308890094555544,0.08557740159771099,-0.002318786695908886,0.002039796051402015,0.14505668305131025,-0.030590636548875304,0.1446415368382288,0.007451599988448031,0.00404171411821976,-0.001561818250026954,0.03458450760341579,0.008093267987997987,0.03776271302581985,0.6983333333333146,True,False,1,True,True,0.003384299998288043,4,1.7368879861285903e-09,2.3095695486380844e-10,`gtol` termination condition is satisfied.,True,True,0.010000000000001563,0.016380929518680587,1.0,0.0008806145546187296,9.863600992971812e-05,0.0008806162708977425,9.863615809958003e-05
17.19999999999989,1786132518.997439,0.0073673000006238,0.007568999993964098,0.01,TELEOP,0,,0.0,17.19999999999989,1720,0.031999999999997045,0.0,0.0,0.0,0.0,0.17364817766693036,0.9848077530122081,0.029347885819209985,9.144538619595984e-46,1.84419142331145e-33,1.899992508003677e-20,5.9058283179636616e-08,0.17364812038947172,0.984807763111766,-0.007195634254237011,-0.22496149868535165,0.2802328425555495,-0.13002950098254243,0.011376132837982842,0.08641008069530784,0.9876721168637465,-0.007355628890917872,-0.22496149868535165,0.2802328425555495,-0.13002950098254243,0.011376132837982842,0.08641008069530784,0.9876721168637465,-0.007355630610966824,-0.2249614986810056,0.28023284281364297,-0.13002950096442686,0.01137613283585663,0.08641008080926946,0.9876721168561855,-0.008236565592962153,-0.22495815641295913,0.2802285229274509,-0.12998958385634626,0.011364003182768017,0.08643682448480124,0.9876751707385883,-0.008236565592962153,-0.22495815641295913,0.2802285229274509,-0.12998958385634626,0.011364003182768017,0.08643682448480124,0.9876751707385883,-0.01195849794525454,-0.5161575782635618,0.7777819695653039,-0.3598819098891788,0.5531322838084255,-0.3129975194511439,-0.021475610722402762,-0.5159607286816668,0.7775801422752394,-0.3763248603761375,0.5563787001643495,-0.32943888224283974,-0.021475610722402762,-0.5159607286816668,0.7775801422752394,-0.3763248603761375,0.5563787001643495,-0.32943888224283974,0.0856498481721167,-0.0022780755388075256,0.0020240266279126606,0.14539704343684515,-0.03050773188841925,0.1450127212714393,0.00724465744056981,0.004071115710135399,-0.0015769423489352097,0.03403603855348311,0.00829046604560411,0.03711844332104341,0.6999999999999815,True,False,1,True,True,0.0037927999946987256,4,1.7393100748086244e-09,2.3131892118463904e-10,`gtol` termination condition is satisfied.,True,True,0.010000000000001563,0.016412750636009,1.0,0.0008809519139405494,9.929862800168817e-05,0.0008809536327073691,9.92987800109149e-05
17.20999999999989,1786132519.0043726,0.007834200005163439,0.0066682000033324584,0.01,TELEOP,0,,0.0,17.20999999999989,1721,0.03226666666666375,0.0,0.0,0.0,0.0,0.17364817766693036,0.9848077530122081,0.029614550068622764,8.309206111527438e-46,1.675728791015047e-33,1.726429335974738e-20,5.366344209146387e-08,0.17364812562163856,0.9848077621891944,-0.0071156349794131765,-0.22496149868535165,0.2802328425555495,-0.13002950095232252,0.011376130498839213,0.08641008367242917,0.9876721166342033,-0.007275630108624347,-0.22496149868535165,0.2802328425555495,-0.13002950095232252,0.011376130498839213,0.08641008367242917,0.9876721166342033,-0.007275631831137625,-0.22496149868180323,0.28023284281351013,-0.1300295009342037,0.011376130496711934,0.08641008378657246,0.9876721166266269,-0.00815686127121851,-0.2249581831104661,0.2802285789545043,-0.12999009138600096,0.011363143550253628,0.08643772488491243,0.9876750350326952,-0.00815686127121851,-0.2249581831104661,0.2802285789545043,-0.12999009138600096,0.011363143550253628,0.08643772488491243,0.9876750350326952,-0.01109671827359768,-0.5161749956342958,0.7778000734535168,-0.35839596467545065,0.5528403473304877,-0.3115132619254605,-0.020618411472152633,-0.5159830990057213,0.7776002231525111,-0.3748675479244892,0.5560744740606928,-0.32798511549009174,-0.020618411472152633,-0.5159830990057213,0.7776002231525111,-0.3748675479244892,0.5560744740606928,-0.32798511549009174,0.08571992502499941,-0.0022370324054548432,0.0020080877271680918,0.1457312451648073,-0.03042261036567724,0.1453766752747772,0.00700768528826938,0.004104313335267594,-0.0015938900744566237,0.03342017279621019,0.008512152274199632,0.036395400333784356,0.7016666666666485,True,False,1,True,True,0.0033602000039536506,4,1.7417256620934445e-09,2.316800785043194e-10,`gtol` termination condition is satisfied.,True,True,0.010000000000001563,0.016442950486958707,1.0,0.0008812459926559578,9.988634901316579e-05,0.000881247713902144,9.988650417423785e-05
17.219999999999892,1786132519.0138757,0.006892299992614426,0.00927929999306798,0.01,TELEOP,0,,0.0,17.219999999999892,1722,0.03253333333333046,0.0,0.0,0.0,0.0,0.17364817766693036,0.9848077530122081,0.02988121454037796,7.550179301106753e-46,1.5226548315654538e-33,1.5687273521915032e-20,4.876140774968116e-08,0.17364813037585858,0.9848077613508976,-0.007035635637886617,-0.22496149868535165,0.2802328425555495,-0.1300295009248631,0.011376128373371158,0.08641008637759709,0.9876721164256284,-0.007195631214482916,-0.22496149868535165,0.2802328425555495,-0.1300295009248631,0.011376128373371158,0.08641008637759709,0.9876721164256284,-0.007195632939454261,-0.2249614986826086,0.28023284281337163,-0.13002950090674156,0.01137612837124283,0.08641008649192172,0.9876721164180364,-0.00807711503252979,-0.22495820641250922,0.2802286278898038,-0.12999053657968096,0.011362430785253093,0.08643845976613278,0.9876749203253242,-0.00807711503252979,-0.22495820641250922,0.2802286278898038,-0.12999053657968096,0.011362430785253093,0.08643845976613278,0.9876749203253242,-0.01023489621417771,-0.5161919158870089,0.7778179751806562,-0.3569082519683336,0.552549832110944,-0.3100272078820435,-0.01976053774790962,-0.5160050552533357,0.7776201427902056,-0.373406960844116,0.5557711234521341,-0.32652778827501683,-0.01976053774790962,-0.5160050552533357,0.7776201427902056,-0.373406960844116,0.5557711234521341,-0.32652778827501683,0.0857873724242876,-0.002195624761449988,0.001991963769449299,0.14605870803729257,-0.030335060855862996,0.14573272150746822,0.006744739928818989,0.004140764400484873,-0.001612395771879039,0.03274628724852166,0.008754950981423206,0.03560462326909394,0.7033333333333154,True,False,1,True,True,0.0039021999982651323,4,1.7441347222353503e-09,2.3204033272559546e-10,`gtol` termination condition is satisfied.,True,True,0.010000000000001563,0.01647185356463121,1.0,0.0008814983182263629,0.00010037424433180103,0.0008815000419434548,0.00010037440205062639
17.229999999999894,1786132519.02383,0.009644200006732717,0.009589000008418225,0.01,TELEOP,0,,0.0,17.229999999999894,1723,0.03279999999999717,0.0,0.0,0.0,0.0,0.17364817766693036,0.9848077530122081,0.030147879214073452,6.8604878388775324e-46,1.3835638251970586e-33,1.425418311066691e-20,4.430716332839427e-08,0.17364813469579116,0.9848077605891774,-0.0069556362357779695,-0.22496149868535165,0.2802328425555495,-0.130029500899912,0.011376126442059875,0.08641008883565393,0.9876721162361062,-0.0071156322187469695,-0.22496149868535165,0.2802328425555495,-0.130029500899912,0.011376126442059875,0.08641008883565393,0.9876721162361062,-0.007115633946170059,-0.22496149868342122,0.28023284281322747,-0.13002950088178866,0.011376126439930512,0.08641008895015954,0.9876721162284988,-0.007997328579980735,-0.22495822640062457,0.2802286698548974,-0.12999092036288853,0.011361857765795152,0.08643903805087344,0.9876748257965061,-0.007997328579980735,-0.22495822640062457,0.2802286698548974,-0.12999092036288853,0.011361857765795152,0.08643903805087344,0.9876748257965061,-0.009373033074288564,-0.5162083389619425,0.7778356746885525,-0.3554187792316991,0.5522607410729503,-0.3085393652143034,-0.01890201805156448,-0.5160265935060699,0.7776398992073863,-0.37194317142590994,0.5554686744055443,-0.32506698538994316,-0.01890201805156448,-0.5160265935060699,0.7776398992073863,-0.37194317142590994,0.5554686744055443,-0.32506698538994316,0.0858519696345005,-0.002153825273417193,0.0019756417180694158,0.14637894182058553,-0.030244904658974243,0.14608028850734134,0.006459721021287793,0.004179948803278863,-0.0016322051379880514,0.03202337832929036,0.009015619688873978,0.03475669998730738,0.7049999999999823,True,False,1,True,True,0.004902499989839271,4,1.7465372031349183e-09,2.3239962969859643e-10,`gtol` termination condition is satisfied.,True,True,0.010000000000001563,0.016500580392973307,1.0,0.0008817105810335204,0.00010074609057725034,0.0008817123072130327,0.00010074625033796771
17.239999999999895,1786132519.0310247,0.009815099998377264,0.006968400004552677,0.01,TELEOP,0,,0.0,17.239999999999895,1724,0.03306666666666388,0.0,0.0,0.0,0.0,0.17364817766693036,0.9848077530122081,0.030414544071176323,6.233798100726859e-46,1.2571784614020908e-33,1.2952097428931876e-20,4.025980419454517e-08,0.17364813862110753,0.9848077598970386,-0.0068756367786471095,-0.22496149868535165,0.2802328425555495,-0.1300295008772402,0.011376124687169564,0.08641009106917275,0.9876721160638965,-0.007035633130731156,-0.22496149868535165,0.2802328425555495,-0.1300295008772402,0.011376124687169564,0.08641009106917275,0.9876721160638965,-0.007035634860599521,-0.22496149868424162,0.28023284281307737,-0.13002950085911544,0.011376124685039188,0.086410091183859,0.9876721160562735,-0.007917503753586633,-0.22495824317271407,0.28022870501051145,-0.12999124401912396,0.011361416997396429,0.08643946900052345,0.9876747505535814,-0.007917503753586633,-0.22495824317271407,0.28022870501051145,-0.12999124401912396,0.011361416997396429,0.08643946900052345,0.9876747505535814,-0.008511130149145917,-0.5162242648011396,0.7778531719184971,-0.353927553960906,0.5519730771189724,-0.3070497418443066,-0.018042882719481297,-0.5160477096217365,0.7776594903169625,-0.37047625600460293,0.5551671544650135,-0.32360279633178096,-0.018042882719481297,-0.5160477096217365,0.7776594903169625,-0.37047625600460293,0.5551671544650135,-0.32360279633178096,0.08591353320830503,-0.0021116115666530073,0.0019591109576128115,0.1466915421306784,-0.030151994053067968,0.14641890581619943,0.006156357380451838,0.0042213706764178726,-0.0016530760456601686,0.031260031009280875,0.009291060590626022,0.033861730885804964,0.7066666666666492,True,False,1,True,True,0.0036331999872345477,4,1.7489329332472283e-09,2.3275815301407155e-10,`gtol` termination condition is satisfied.,True,True,0.010000000000001563,0.016527620175639746,1.0,0.0008818846093359921,0.00010099304076036542,0.0008818863379693453,0.0001009932021133749
17.249999999999897,1786132519.038029,0.007191199998487718,0.006781899995985441,0.01,TELEOP,0,,0.0,17.249999999999897,1725,0.033333333333330585,0.0,0.0,0.0,0.0,0.17364817766693036,0.9848077530122081,0.03068120909485178,5.6643550244939785e-46,1.1423381090411356e-33,1.1769125755404478e-20,3.658216226718457e-08,0.17364814218785504,0.984807759268125,-0.006795637271544471,-0.22496149868535165,0.2802328425555495,-0.13002950085663934,0.011376123092584562,0.08641009309866461,0.9876721159074178,-0.006955633958897248,-0.22496149868535165,0.2802328425555495,-0.13002950085663934,0.011376123092584562,0.08641009309866461,0.9876721159074178,-0.0069556356912043905,-0.2249614986850696,0.28023284281292155,-0.1300295008385136,0.011376123090453074,0.086410093213531,0.9876721158997792,-0.00783764250642473,-0.2249582568413347,0.2802287335528745,-0.1299915091575587,0.011361100696197385,0.08643976211972003,0.9876746936429005,-0.00783764250642473,-0.2249582568413347,0.2802287335528745,-0.1299915091575587,0.011361100696197385,0.08643976211972003,0.9876746936429005,-0.00764918872302213,-0.5162396933483633,0.7778704668111995,-0.3524345836851895,0.5516868431313366,-0.30555834572543167,-0.01718316356787407,-0.5160683992814213,0.7776789139486172,-0.36900629414396446,0.5548665923574876,-0.32213531434369924,-0.01718316356787407,-0.5160683992814213,0.7776789139486172,-0.36900629414396446,0.5548665923574876,-0.32213531434369924,0.0859719151607096,-0.0020689659684782814,0.001942363165476373,0.1469961860638257,-0.030056210752587898,0.14674819880814766,0.005838195240455887,0.004264559817471905,-0.0016747792136435988,0.03046439331472519,0.009578330048005436,0.0329292991948169,0.7083333333333162,True,False,1,True,True,0.0033721999934641644,4,1.7513219282677097e-09,2.3311560316169747e-10,`gtol` termination condition is satisfied.,True,True,0.010000000000001563,0.01655305448747435,1.0,0.0008820223453314907,0.00010111239104185838,0.0008820240764101357,0.00010111255359047721
17.2599999999999,1786132519.0458088,0.007039499992970377,0.007522500003688037,0.01,TELEOP,0,,0.0,17.2599999999999,1726,0.03359999999999729,0.0,0.0,0.0,0.0,0.17364817766693036,0.9848077530122081,0.030947874269807715,5.146929259670616e-46,1.0379881579519934e-33,1.0694101151815249e-20,3.3240464690861215e-08,0.17364814542878815,0.9848077586966613,-0.006715637719057692,-0.22496149868535165,0.2802328425555495,-0.1300295008379204,0.011376121643661329,0.08641009494276698,0.9876721157652331,-0.006875634710932165,-0.22496149868535165,0.2802328425555495,-0.1300295008379204,0.011376121643661329,0.08641009494276698,0.9876721157652331,-0.0068756364456714555,-0.22496149868590493,0.28023284281275995,-0.13002950081979453,0.011376121641528824,0.08641009505781322,0.9876721157575787,-0.007757746881943636,-0.22495826753199782,0.28022875571003425,-0.12999171768053466,0.011360900867145772,0.08643992706716894,0.9876746540610292,-0.007757746881943636,-0.22495826753199782,0.28022875571003425,-0.12999171768053466,0.011360900867145772,0.08643992706716894,0.9876746540610292,-0.006787210070274646,-0.5162546245490198,0.7778875593067418,-0.3509398759698233,0.5514020419727163,-0.30406518484477185,-0.016322893557389657,-0.5160886580338241,0.7776981678703988,-0.3675333678677254,0.5545670177145835,-0.32066463551088176,-0.016322893557389657,-0.5160886580338241,0.7776981678703988,-0.3675333678677254,0.5545670177145835,-0.32066463551088176,0.08602700104842785,-0.0020258752402706978,0.0019253921781620842,0.14729262762388276,-0.029957464290407874,0.14706788328172388,0.005508588771824484,0.004309072820757675,-0.001697098731428604,0.029644156005700917,0.009874646218000778,0.031968447357616045,0.7099999999999831,True,False,1,True,True,0.0038696999981766567,4,1.7537040631002276e-09,2.3347222397717433e-10,`gtol` termination condition is satisfied.,True,True,0.010000000000001563,0.016576968618267574,1.0,0.0008821258223998193,0.00010110646571413123,0.0008821275559151473,0.00010110662910406431
17.2699999999999,1786132519.0529478,0.007750700009637512,0.006910500000230968,0.01,TELEOP,0,,0.0,17.2699999999999,1727,0.033866666666664005,0.0,0.0,0.0,0.0,0.17364817766693036,0.9848077530122081,0.03121453958215349,4.676769144854239e-46,9.431703341779825e-34,9.717097450813554e-21,3.020402368858309e-08,0.1736481483736693,0.9848077581773995,-0.006635638125353959,-0.22496149868535165,0.2802328425555495,-0.1300295008209113,0.01137612032709398,0.08641009661841473,0.9876721156360365,-0.0067956353938188555,-0.22496149868535165,0.2802328425555495,-0.1300295008209113,0.01137612032709398,0.08641009661841473,0.9876721156360365,-0.00679563713098354,-0.22496149868674784,0.28023284281259253,-0.13002950080278589,0.011376120324960472,0.08641009673364042,0.9876721156283664,-0.007677818992510101,-0.2249582753814918,0.28022877173819466,-0.12999187175113278,0.011360809377100111,0.08643997357309198,0.9876746307654244,-0.007677818992510101,-0.2249582753814918,0.28022877173819466,-0.12999187175113278,0.011360809377100111,0.08643997357309198,0.9876746307654244,-0.00592519545628135,-0.5162690583500835,0.7779044493445383,-0.3494434384180756,0.5511186764865628,-0.3025702672253105,-0.015462106477632348,-0.516108481336834,0.7777172498089358,-0.36605756093777253,0.5542684608111712,-0.31919085791214924,-0.015462106477632348,-0.516108481336834,0.7777172498089358,-0.36605756093777253,0.5542684608111712,-0.31919085791214924,0.08607870797571741,-0.00198233030098385,0.0019081938536898802,0.14758069299526047,-0.0298556903412216,0.147377759873227,0.005170692728955854,0.004354493928684111,-0.0017198324472201267,0.028806537137766413,0.010177394918625682,0.030987659150305318,0.71166666666665,True,False,1,True,True,0.003489599999738857,4,1.7560792187044991e-09,2.3382792146365726e-10,`gtol` termination condition is satisfied.,True,True,0.010000000000001563,0.016599450666109905,1.0,0.000882197143585262,0.0001009816241357177,0.0008821988795286164,0.00010098178804669679
17.2799999999999,1786132519.0604923,0.007151300000259653,0.007303800011868589,0.01,TELEOP,0,,0.0,17.2799999999999,1728,0.03413333333333071,0.0,0.0,0.0,0.0,0.17364817766693036,0.9848077530122081,0.03148120501927165,4.249557071950195e-46,8.570138998777956e-34,8.829429255967587e-21,2.744495474614329e-08,0.17364815104954218,0.9848077577055712,-0.006555638494218511,-0.22496149868535165,0.2802328425555495,-0.13002950080545603,0.011376119130792098,0.08641009814099582,0.9876721155186419,-0.006715636013900709,-0.22496149868535165,0.2802328425555495,-0.13002950080545603,0.011376119130792098,0.08641009814099582,0.9876721155186419,-0.006715637753483994,-0.22496149868759813,0.2802328428124193,-0.13002950078733164,0.011376119128657458,0.08641009825640054,0.987672115510956,-0.007597860999239776,-0.22495828053623573,0.28022878191809797,-0.12999197376104274,0.011360818022771979,0.0864399113633224,0.9876746226845473,-0.007597860999239776,-0.22495828053623573,0.28022878191809797,-0.12999197376104274,0.011360818022771979,0.0864399113633224,0.9876746226845473,-0.005063146138292673,-0.5162829947000405,0.7779211368633013,-0.3479452786729874,0.5508367494974845,-0.30107360092789903,-0.014600836652164946,-0.5161278645962819,0.7777361574682499,-0.3645789581806992,0.5539709523211427,-0.31771408082869823,-0.014600836652164946,-0.5161278645962819,0.7777361574682499,-0.3645789581806992,0.5539709523211427,-0.31771408082869823,0.08612698254672686,-0.0019383259447952636,0.0018907659314140411,0.1478602757073118,-0.029750849002846653,0.14767770834507632,0.004827457100943511,0.0044004356188579365,-0.0017427922275836322,0.027958271205129337,0.010484133837493071,0.029994847184928546,0.7133333333333169,True,False,1,True,True,0.003934899999876507,4,1.7584473682561564e-09,2.341825994769372e-10,`gtol` termination condition is satisfied.,True,True,0.010000000000001563,0.016620590686838743,1.0,0.0008822384613656031,0.00010074738324531798,0.0008822401997283738,0.00010074754738348717
17.289999999999903,1786132519.067488,0.007531199997174554,0.00676789999124594,0.01,TELEOP,0,,0.0,17.289999999999903,1729,0.03439999999999742,0.0,0.0,0.0,0.0,0.17364817766693036,0.9848077530122081,0.03174787056970134,3.861369836403322e-46,7.787276571032908e-34,8.022773062363531e-21,2.4937920539784483e-08,0.17364815348098006,0.9848077572768431,-0.006475638829089605,-0.22496149868535165,0.2802328425555495,-0.13002950079141254,0.011376118043769697,0.08641009952449252,0.987672115411971,-0.006635636576940073,-0.22496149868535165,0.2802328425555495,-0.13002950079141254,0.011376118043769697,0.08641009952449252,0.987672115411971,-0.006635638318935027,-0.22496149868845602,0.28023284281224026,-0.1300295007732898,0.011376118041634008,0.08641009964007595,0.9876721154042692,-0.007517875093145342,-0.22495828315067548,0.2802287865514739,-0.12999202629894147,0.011360918593466277,0.0864397500900194,0.9876746287273876,-0.007517875093145342,-0.22495828315067548,0.2802287865514739,-0.12999202629894147,0.011360918593466277,0.0864397500900194,0.9876746287273876,-0.00420106336620083,-0.5162964335488259,0.7779376218010056,-0.34644540441897104,0.5505562638115785,-0.2995751940530334,-0.013739118664333954,-0.5161468032018351,0.7777548885471542,-0.36309764486336993,0.5536745230906335,-0.3162344040107038,-0.013739118664333954,-0.5161468032018351,0.7777548885471542,-0.36309764486336993,0.5536745230906335,-0.3162344040107038,0.08617179878308583,-0.0018938605553290011,0.001873107890432102,0.14813133173290263,-0.029642923050917865,0.14796768179942058,0.004481623635895401,0.0044465389466255495,-0.0017658040981936472,0.027105602559078745,0.010792595192877109,0.02899734543442186,0.7149999999999839,True,False,1,True,True,0.0034219000081066042,4,1.7608083973477731e-09,2.345364671305129e-10,`gtol` termination condition is satisfied.,True,True,0.010000000000001563,0.0166404799007992,1.0,0.0008822519587417452,0.00010041564475249473,0.0008822536995152754,0.0001004158088443582
17.299999999999905,1786132519.075073,0.006990399997448549,0.007362699994700961,0.01,TELEOP,0,,0.0,17.299999999999905,1730,0.034666666666664125,0.0,0.0,0.0,0.0,0.17364817766693036,0.9848077530122081,0.03201453622303242,3.5086426093444315e-46,7.075926820137358e-34,7.289891039641548e-21,2.2659898255588727e-08,0.17364815569031156,0.9848077568872784,-0.00639563913309028,-0.22496149868535165,0.2802328425555495,-0.1300295007786519,0.01137611705604434,0.08641010078160992,0.9876721153150442,-0.006555637088171421,-0.22496149868535165,0.2802328425555495,-0.1300295007786519,0.01137611705604434,0.08641010078160992,0.9876721153150442,-0.006555638832571011,-0.22496149868932142,0.2802328428120554,-0.13002950076053155,0.011376117053907503,0.08641010089737151,0.9876721153073265,-0.007437863477623763,-0.2249582833857298,0.2802287859575772,-0.1299920321195776,0.011361102928621157,0.08643949926892917,0.9876746477923815,-0.007437863477623763,-0.2249582833857298,0.2802287859575772,-0.1299920321195776,0.011361102928621157,0.08643949926892917,0.9876746477923815,-0.003338948383242297,-0.5163093748477786,0.7779539040948615,-0.3449438233832592,0.5502772222167202,-0.2980750547424685,-0.012876987104092396,-0.5161652925600225,0.7777734407552311,-0.3616137061177618,0.55337920392882,-0.31475192700206833,-0.012876987104092396,-0.5161652925600225,0.7777734407552311,-0.3616137061177618,0.55337920392882,-0.31475192700206833,0.08621315602414233,-0.0018489358187345397,0.0018552208076928218,0.14839387456079325,-0.029531916181336722,0.1482477008635212,0.004135724105649881,0.004492473659445451,-0.0017887082739277231,0.026254282789057542,0.011100686958112588,0.028001906410058768,0.7166666666666508,True,False,1,True,True,0.0038372999988496304,4,1.7631622102753364e-09,2.3488912875370383e-10,`gtol` termination condition is satisfied.,True,True,0.010000000000001563,0.016659209957670396,1.0,0.0008822398316693127,0.00010000001488731369,0.0008822415748449412,0.00010000017867486946
17.309999999999906,1786132519.0820296,0.00762060000852216,0.0066984000004595146,0.01,TELEOP,0,,0.0,17.309999999999906,1731,0.03493333333333084,0.0,0.0,0.0,0.0,0.17364817766693036,0.9848077530122081,0.03228120196980927,3.188136200798109e-46,6.429557228028185e-34,6.623907248959793e-21,2.058996816379696e-08,0.17364815769782566,0.9848077565332997,-0.006315639409057225,-0.22496149868535165,0.2802328425555495,-0.1300295007670569,0.011376116158545465,0.08641010192389252,0.9876721152269714,-0.006475637552349659,-0.22496149868535165,0.2802328425555495,-0.1300295007670569,0.011376116158545465,0.08641010192389252,0.9876721152269714,-0.006475639299146758,-0.2249614986901942,0.2802328428118647,-0.13002950074893926,0.011376116156407575,0.08641010203983195,0.9876721152192378,-0.007357828352293486,-0.22495828140729343,0.28022878046983346,-0.12999199411373397,0.011361362970183793,0.08643916822307528,0.9876746787757078,-0.007357828352293486,-0.22495828140729343,0.28022878046983346,-0.12999199411373397,0.011361362970183793,0.08643916822307528,0.9876746787757078,-0.0024768024266348916,-0.5163218185495907,0.7779699836812883,-0.34344054333721197,0.5499996274828183,-0.29657319118067127,-0.012014476335833057,-0.5161833281243996,0.7777918118273993,-0.36012722641497824,0.5530850254162827,-0.31326674852317055,-0.012014476335833057,-0.5161833281243996,0.7777918118273993,-0.36012722641497824,0.5530850254162827,-0.31326674852317055,0.08625107682592041,-0.001803556437706771,0.001837107216813693,0.14864797027833124,-0.029417851253726514,0.14851784788975356,0.003792080177807249,0.0045379381027761566,-0.0018113590879126023,0.025409571753793235,0.011406492761019144,0.027014702623230406,0.7183333333333177,True,False,1,True,True,0.003408399992622435,4,1.7655087253134306e-09,2.3524094070137513e-10,`gtol` termination condition is satisfied.,True,True,0.010000000000001563,0.01667687225959985,1.0,0.0008822042728438601,9.95152052461932e-05,0.0008822060184129315,9.951536848427243e-05
17.319999999999908,1786132519.0912771,0.0069081999972695485,0.009038200005306862,0.01,TELEOP,0,,0.0,17.319999999999908,1732,0.035199999999997546,0.0,0.0,0.0,0.0,0.17364817766693036,0.9848077530122081,0.03254786780144335,2.8969073133209545e-46,5.842232007097977e-34,6.018824630877253e-21,1.8709121506455823e-08,0.17364815952195786,0.984807756211656,-0.006235639659567001,-0.22496149868535165,0.2802328425555495,-0.13002950075652106,0.011376115343031084,0.08641010296183016,0.9876721151469439,-0.006395637973794016,-0.22496149868535165,0.2802328425555495,-0.13002950075652106,0.011376115343031084,0.08641010296183016,0.9876721151469439,-0.00639563972298135,-0.22496149869107435,0.2802328428116682,-0.130029500738407,0.011376115340892173,0.08641010307794696,0.9876721151391944,-0.0072777718981820415,-0.22495827738480473,0.28022877043260724,-0.12999191527922854,0.011361690809890993,0.08643876603272782,0.9876747205789554,-0.0072777718981820415,-0.22495827738480473,0.28022877043260724,-0.12999191527922854,0.011361690809890993,0.08643876603272782,0.9876747205789554,-0.0016146267281550637,-0.5163337646082685,0.7779858604958889,-0.3419355720974906,0.5497234823620308,-0.29506961159612866,-0.011151620287097555,-0.5162009054228832,0.7778099995370846,-0.35863828908799966,0.5527920177308023,-0.31177896591107646,-0.011151620287097555,-0.5162009054228832,0.7778099995370846,-0.35863828908799966,0.5527920177308023,-0.31177896591107646,0.08628560487353677,-0.0017577298483623946,0.0018187709685303264,0.14889373269783676,-0.029300768548035292,0.14877826120938656,0.003452804761635078,0.004582658934436914,-0.001833624828336383,0.024576241950548715,0.01170827056912041,0.026041331963296232,0.7199999999999847,True,False,1,True,True,0.0038065999979153275,4,1.7678478120221936e-09,2.3559172639528727e-10,`gtol` termination condition is satisfied.,True,True,0.010000000000001563,0.016693557342499277,1.0,0.000882147456840183,9.897650488629268e-05,0.0008821492047940014,9.897666733865054e-05
17.32999999999991,1786132519.1032047,0.00941709999460727,0.01154829999723006,0.01,TELEOP,0,,0.0,17.32999999999991,1733,0.03546666666666425,0.0,0.0,0.0,0.0,0.17364817766693036,0.9848077530122081,0.032814533710133806,2.632281512901357e-46,5.308557590244444e-34,5.469059716259196e-21,1.700008593415255e-08,0.17364816117945972,0.9848077559193937,-0.006155639886959864,-0.22496149868535165,0.2802328425555495,-0.13002950074694766,0.011376114602012094,0.08641010390495454,0.9876721150742267,-0.006315638356427918,-0.22496149868535165,0.2802328425555495,-0.13002950074694766,0.011376114602012094,0.08641010390495454,0.9876721150742267,-0.00631564010799816,-0.22496149869196208,0.2802328428114657,-0.1300295007288375,0.011376114599871978,0.0864101040212483,0.9876721150664612,-0.007197696264255385,-0.2249582714898834,0.28022875619811083,-0.12999179869309085,0.01136207873155351,0.08643830149146699,0.9876747721161573,-0.007197696264255385,-0.2249582714898834,0.28022875619811083,-0.12999179869309085,0.01136207873155351,0.08643830149146699,0.9876747721161573,-0.0007524225146645415,-0.5163452129790926,0.7780015344734285,-0.3404289175271198,0.549448789588954,-0.2935643242625318,-0.010288452257892548,-0.5162180200823002,0.7778280017080208,-0.35714697590242983,0.5525002104903491,-0.3102886746163197,-0.010288452257892548,-0.5162180200823002,0.7778280017080208,-0.35714697590242983,0.5525002104903491,-0.3102886746163197,0.0863168029204872,-0.0017114659416998421,0.0018002170936137886,0.14913131855696143,-0.029180724045315864,0.14902912947564928,0.0031198046950417736,0.004626390666254535,-0.001855387491653482,0.023758585912462642,0.012004450271940834,0.025086826626267527,0.7216666666666516,True,False,1,True,True,0.005703100003302097,4,1.7701794059218197e-09,2.359414875440724e-10,`gtol` termination condition is satisfied.,True,True,0.010000000000001563,0.0167093543149478,1.0,0.0008820715265970436,9.839931583512524e-05,0.0008820732769269656,9.839947727479655e-05
17.33999999999991,1786132519.1107292,0.011918500007595867,0.007154500010074116,0.01,TELEOP,0,,0.0,17.33999999999991,1734,0.03573333333333096,0.0,0.0,0.0,0.0,0.17364817766693036,0.9848077530122081,0.03308119968879534,2.3918286689052203e-46,4.82363310027809e-34,4.9695460238537366e-21,1.544716688875924e-08,0.17364816268555253,0.9848077556538289,-0.006075640093361404,-0.22496149868535165,0.2802328425555495,-0.1300295007382488,0.011376113928683516,0.0864101047619267,0.9876721150081521,-0.006235638703815219,-0.22496149868535165,0.2802328425555495,-0.1300295007382488,0.011376113928683516,0.0864101047619267,0.9876721150081521,-0.006235640457760899,-0.22496149869285717,0.2802328428112574,-0.13002950072014335,0.011376113926542305,0.08641010487839693,0.9876721150003706,-0.007117603555271735,-0.22495826389504245,0.2802287381234631,-0.12999164748503736,0.011362519248469968,0.08643778306812784,0.9876748323201929,-0.007117603555271735,-0.22495826389504245,0.2802287381234631,-0.12999164748503736,0.011362519248469968,0.08643778306812784,0.9876748323201929,0.00010980899141382503,-0.5163561636185893,0.7780170055478166,-0.3389205875364376,0.549175551880778,-0.29205733749983387,-0.009425004750223318,-0.5162346678502122,0.7778458162247108,-0.3556533666742269,0.5522096326129228,-0.3087959677550393,-0.009425004750223318,-0.5162346678502122,0.7778458162247108,-0.3556533666742269,0.5522096326129228,-0.3087959677550393,0.08634475076690937,-0.0016647767912033537,0.001781451669004171,0.14936092282026484,-0.029057787742630563,0.14927068612801594,0.0027947846422159603,0.004668915049648115,-0.0018765424609614755,0.022960426330336653,0.01229363026852828,0.02415566523666137,0.7233333333333185,True,False,1,True,True,0.003498400008538738,4,1.7725034027945717e-09,2.3629013711205623e-10,`gtol` termination condition is satisfied.,True,True,0.010000000000001563,0.016724350353787887,1.0,0.0008819785812306886,9.77987462937221e-05,0.0008819803339280366,9.779890650033831e-05
17.349999999999913,1786132519.1175656,0.007375999994110316,0.006614799989620224,0.01,TELEOP,0,,0.0,17.349999999999913,1735,0.03599999999999767,0.0,0.0,0.0,0.0,0.17364817766693036,0.9848077530122081,0.03334786573099265,2.1733406375259922e-46,4.38300534383522e-34,4.5156306627152634e-21,1.4036103475547053e-08,0.1736481640540672,0.984807755412523,-0.00599564028070221,-0.22496149868535165,0.2802328425555495,-0.1300295007303445,0.011376113316861967,0.08641010554061633,0.9876721149481131,-0.006155639019193114,-0.22496149868535165,0.2802328425555495,-0.1300295007303445,0.011376113316861967,0.08641010554061633,0.9876721149481131,-0.006155640775506635,-0.22496149869375962,0.2802328428110431,-0.13002950071224442,0.011376113314719683,0.08641010565726263,0.9876721149403156,-0.007037495820934641,-0.22495825477247927,0.28022871656791176,-0.12999146481234922,0.011363005136117942,0.08643721887439067,0.9876749001485646,-0.007037495820934641,-0.22495825477247927,0.28022871656791176,-0.12999146481234922,0.011363005136117942,0.08643721887439067,0.9876749001485646,0.0009720665716625002,-0.516366616484494,0.7780322736520873,-0.33741059008394697,0.5489037719374225,-0.29054865967520194,-0.008561309317346751,-0.5162508446140919,0.777863441041589,-0.354157538933164,0.5519203121928132,-0.30730093571497785,-0.008561309317346751,-0.5162508446140919,0.777863441041589,-0.354157538933164,0.5519203121928132,-0.30730093571497785,0.0863695432876432,-0.0016176763879654187,0.0017624816878207931,0.14958277410627055,-0.028932042010953216,0.14950320400612394,0.0024792520733816353,0.0047100403237927664,-0.001896998118337481,0.022185128600567493,0.012574573167732726,0.023251787810796058,0.7249999999999854,True,False,1,True,True,0.003333900007419288,4,1.7748196726587128e-09,2.366378393511354e-10,`gtol` termination condition is satisfied.,True,True,0.010000000000001563,0.016738630255205444,1.0,0.0008818706651513488,9.718925775166778e-05,0.0008818724202074269,9.718941651310514e-05
17.359999999999914,1786132519.126109,0.006856499996501952,0.008301699999719858,0.01,TELEOP,0,,0.0,17.359999999999914,1736,0.03626666666666438,0.0,0.0,0.0,0.0,0.17364817766693036,0.9848077530122081,0.0336145318308809,1.9748109838000516e-46,3.982627916493186e-34,4.103126030992725e-21,1.2753937501092608e-08,0.17364816529757113,0.9848077551932597,-0.005915640450735735,-0.22496149868535165,0.2802328425555495,-0.13002950072316224,0.011376112760928937,0.08641010624817448,0.9876721148935587,-0.006075639305502048,-0.22496149868535165,0.2802328425555495,-0.13002950072316224,0.011376112760928937,0.08641010624817448,0.9876721148935587,-0.006075641064175751,-0.22496149869466955,0.280232842810823,-0.130029500705068,0.01137611275878554,0.0864101063649964,0.987672114885745,-0.006957375046313805,-0.22495824429294875,0.2802286918902264,-0.12999125383623608,0.011363529460292354,0.08643661663775844,0.9876749745885565,-0.006957375046313805,-0.22495824429294875,0.2802286918902264,-0.12999125383623608,0.011363529460292354,0.08643661663775844,0.9876749745885565,0.0018343490112755249,-0.5163765715357277,0.7780473387183839,-0.3358989331770813,0.548633452441646,-0.2890382992038716,-0.00769739643215001,-0.5162665464179373,0.7778808741909273,-0.3526595676305501,0.5516322763927741,-0.30580366581359436,-0.00769739643215001,-0.5162665464179373,0.7778808741909273,-0.3526595676305501,0.5516322763927741,-0.30580366581359436,0.08639128851966062,-0.0015701803845487208,0.0017433149338322114,0.14979713026136102,-0.02880358000390659,0.14972699013832633,0.002174523201742505,0.004749600341669051,-0.0019166753988578698,0.021435615509042782,0.0128462007046608,0.022378613220235915,0.7266666666666524,True,False,1,True,True,0.004567900003166869,4,1.777128186159389e-09,2.369844870164942e-10,`gtol` termination condition is satisfied.,True,True,0.010000000000001563,0.016752276039775915,1.0,0.000881749758451563,9.658436393030047e-05,0.0008817515158577241,9.658452104308689e-05
17.369999999999916,1786132519.1328886,0.008534599997801706,0.006546999997226521,0.01,TELEOP,0,,0.0,17.369999999999916,1737,0.036533333333331086,0.0,0.0,0.0,0.0,0.17364817766693036,0.9848077530122081,0.03388119798315161,1.7944165559692145e-46,3.6188240435390088e-34,3.728283966535492e-21,1.1588894474305674e-08,0.17364816642748382,0.9848077549940256,-0.005835640605054523,-0.22496149868535165,0.2802328425555495,-0.13002950071663613,0.011376112255779117,0.08641010689109875,0.9876721148439876,-0.005995639565412881,-0.22496149868535165,0.2802328425555495,-0.13002950071663613,0.011376112255779117,0.08641010689109875,0.9876721148439876,-0.005995641326438948,-0.22496149869558701,0.280232842810597,-0.13002950069854857,0.011376112253634581,0.08641010700809577,0.9876721148361577,-0.006877243143495481,-0.22495823262472017,0.28022866444627076,-0.12999101769976226,0.011364085600876398,0.08643598367964894,0.9876750546617888,-0.006877243143495481,-0.22495823262472017,0.28022866444627076,-0.12999101769976226,0.011364085600876398,0.08643598367964894,0.9876750546617888,0.00269665509870216,-0.5163860287323717,0.7780622006779471,-0.3343856248728808,0.548364596059137,-0.2875262645499037,-0.006833295373977624,-0.5162817694764237,0.7778981137895362,-0.35115952488955915,0.5513455513515324,-0.3043042420063283,-0.006833295373977624,-0.5162817694764237,0.7778981137895362,-0.35115952488955915,0.5513455513515324,-0.3043042420063283,0.08641010581722514,-0.0015223058486379668,0.0017239598608876764,0.15000427409907355,-0.02867250412416235,0.14994238072658433,0.0018817297564510903,0.004787453591074652,-0.0019355072944531833,0.020714383771248727,0.013107587974422064,0.021539058825798218,0.7283333333333193,True,False,1,True,True,0.003322799995657988,4,1.779428790072747e-09,2.373298944482993e-10,`gtol` termination condition is satisfied.,True,True,0.010000000000001563,0.016765366609722776,1.0,0.0008816177685282497,9.599638072362315e-05,0.0008816195282757955,9.599653599336927e-05
17.379999999999917,1786132519.1448987,0.006762600009096786,0.011794500009273179,0.01,TELEOP,0,,0.0,17.379999999999917,1738,0.03679999999999779,0.0,0.0,0.0,0.0,0.17364817766693036,0.9848077530122081,0.03414786418298353,1.6305007429827184e-46,3.2882528151480725e-34,3.3877698974992094e-21,1.0530275477769403e-08,0.17364816745418155,0.9848077548129911,-0.005755640745104946,-0.22496149868535165,0.2802328425555495,-0.13002950071070613,0.011376111796773593,0.0864101074752934,0.9876721147989449,-0.005915639801351572,-0.22496149868535165,0.2802328425555495,-0.13002950071070613,0.011376111796773593,0.0864101074752934,0.9876721147989449,-0.005915641564722067,-0.22496149869651158,0.280232842810365,-0.1300295006926256,0.011376111794627893,0.0864101075924651,0.9876721147910987,-0.006797101944419008,-0.22495821993262127,0.2802286345867574,-0.1299907595073823,0.011364667271446536,0.08643532689831329,0.9876751394281852,-0.006797101944419008,-0.22495821993262127,0.2802286345867574,-0.1299907595073823,0.011364667271446536,0.08643532689831329,0.9876751394281852,0.0035589836253226968,-0.5163949880356473,0.7780768594611003,-0.3328706732786025,0.5480972054385799,-0.28601256422686805,-0.005969034133157783,-0.5162965101866974,0.7779151580443135,-0.3496574797963524,0.5510601621059987,-0.3028027446428659,-0.005969034133157783,-0.5162965101866974,0.7779151580443135,-0.3496574797963524,0.5510601621059987,-0.3028027446428659,0.08642612408197049,-0.0014740710273789884,0.001704425477733188,0.15020450932064847,-0.028538924553365836,0.1501497363462164,0.001601826474535023,0.004823482125897093,-0.0019534383154485332,0.02002352215748927,0.013357957079649225,0.020735561963201865,0.7299999999999862,True,False,1,True,True,0.005962899987935089,4,1.7817213547580624e-09,2.3767441214595577e-10,`gtol` termination condition is satisfied.,True,True,0.010000000000001563,0.016777977456424564,1.0,0.0008814765228944305,9.543622713215014e-05,0.0008814782849746549,9.54363803770866e-05
17.38999999999992,1786132519.1572368,0.012145300002885051,0.011987399993813597,0.01,TELEOP,0,,0.0,17.38999999999992,1739,0.037066666666664506,0.0,0.0,0.0,0.0,0.17364817766693036,0.9848077530122081,0.03441453042599798,1.4815582613877794e-46,2.987878505901352e-34,3.0783268002219502e-21,9.56835891641063e-09,0.17364816838709277,0.9848077546484937,-0.005675640872200613,-0.22496149868535165,0.2802328425555495,-0.13002950070531782,0.011376111379697169,0.08641010800612317,0.9876721147580166,-0.00583564001552161,-0.22496149868535165,0.2802328425555495,-0.13002950070531782,0.011376111379697169,0.08641010800612317,0.9876721147580166,-0.0058356417812285115,-0.22496149869744356,0.28023284281012717,-0.13002950068724506,0.011376111377550327,0.08641010812346905,0.9876721147501542,-0.006716953194851924,-0.22495820637716785,0.2802286026551915,-0.12999048230613003,0.011365268534925135,0.08643465275628466,0.9876752279893676,-0.006716953194851924,-0.22495820637716785,0.2802286026551915,-0.12999048230613003,0.011365268534925135,0.08643465275628466,0.9876752279893676,0.004421333385153285,-0.5164034494078901,0.7780913149972362,-0.33135408655225174,0.547831283211715,-0.28449720679844,-0.0051046393324179805,-0.516310765137929,0.7779320052566991,-0.3481534982300511,0.5507761325274937,-0.3012992502691057,-0.0051046393324179805,-0.516310765137929,0.7779320052566991,-0.3481534982300511,0.5507761325274937,-0.3012992502691057,0.08643948007396675,-0.0014254951231478484,0.001684721238562789,0.15039815663010883,-0.02840295785050456,0.15034943737599415,0.0013355991996256747,0.004857590423113246,-0.001970423917039582,0.019364730946032593,0.013596670286125483,0.01997010297777324,0.7316666666666531,True,False,1,True,True,0.005984100003843196,4,1.7840058517333841e-09,2.3801774312621273e-10,`gtol` termination condition is satisfied.,True,True,0.010000000000001563,0.016790180415997835,1.0,0.0008813277631333158,9.49132774675418e-05,0.000881329527537532,9.491342851854353e-05
17.39999999999992,1786132519.1675472,0.012369799995212816,0.00992749999568332,0.01,TELEOP,0,,0.0,17.39999999999992,1740,0.03733333333333121,0.0,0.0,0.0,0.0,0.17364817766693036,0.9848077530122081,0.034681196708218294,1.3462213319026036e-46,2.71494269689397e-34,2.7971112413480635e-21,8.6943112412251e-09,0.1736481692347847,0.9848077544990228,-0.005595640987534518,-0.22496149868535165,0.2802328425555495,-0.13002950070042174,0.01137611100071973,0.08641010848846285,0.987672114720827,-0.00575564020992438,-0.22496149868535165,0.2802328425555495,-0.13002950070042174,0.01137611100071973,0.08641010848846285,0.987672114720827,-0.0057556419779595455,-0.22496149869838297,0.28023284280988336,-0.13002950068235733,0.01137611099857174,0.08641010860598244,0.9876721147129484,-0.006636798549451393,-0.22495819211378204,0.2802285689860025,-0.12999018906847848,0.01136588381550169,0.08643396727205205,0.9876753194915057,-0.006636798549451393,-0.22495819211378204,0.2802285689860025,-0.12999018906847848,0.01136588381550169,0.08643396727205205,0.9876753194915057,0.00528370317458036,-0.5164114128125389,0.7781055672148104,-0.3298358729030588,0.5475668319933701,-0.2829802008789368,-0.004240136164330106,-0.5163245311187425,0.7779486538260951,-0.3466476427295041,0.550493485271266,-0.2997938314723938,-0.004240136164330106,-0.5163245311187425,0.7779486538260951,-0.3466476427295041,0.550493485271266,-0.2997938314723938,0.08645031680877392,-0.00137659808136464,0.0016648569395931409,0.15058555005467775,-0.028264725622770548,0.1505418796711675,0.0010836734807174778,0.004889704178320075,-0.0019864298969645092,0.018739342456889723,0.013823222773398763,0.019244229517331735,0.7333333333333201,True,False,1,True,True,0.005815500000608154,4,1.7862821410660081e-09,2.383599434195545e-10,`gtol` termination condition is satisfied.,True,True,0.010000000000001563,0.016802043470665717,1.0,0.0008811731399421771,9.443526485257691e-05,0.0008811749066616801,9.443541355650486e-05
17.409999999999922,1786132519.1754055,0.010190999993938021,0.007595000002766028,0.01,TELEOP,0,,0.0,17.409999999999922,1741,0.03759999999999792,0.0,0.0,0.0,0.0,0.17364817766693036,0.9848077530122081,0.03494786302603299,1.2232471187275638e-46,2.4669389444248243e-34,2.5415899802516044e-21,7.900105828203749e-09,0.1736481700050419,0.9848077543632057,-0.005515641092190108,-0.22496149868535165,0.2802328425555495,-0.13002950069597288,0.011376110656361016,0.08641010892674192,0.9876721146870346,-0.005675640386377682,-0.22496149868535165,0.2802328425555495,-0.13002950069597288,0.011376110656361016,0.08641010892674192,0.9876721146870346,-0.005675642156732809,-0.22496149869932955,0.2802328428096336,-0.13002950067791763,0.011376110654211801,0.08641010904443477,0.9876721146791396,-0.006556639567857309,-0.22495817729209575,0.2802285339028666,-0.1299898826768878,0.011366507907054409,0.08643327601565211,0.9876754131276377,-0.006556639567857309,-0.22495817729209575,0.2802285339028666,-0.1299898826768878,0.011366507907054409,0.08643327601565211,0.9876754131276377,0.006146091792117193,-0.5164188782141174,0.7781196160413305,-0.3283160405918929,0.547303854381488,-0.2814615551337848,-0.003375548343885326,-0.5163378051226507,0.7779651022523139,-0.34513997239471367,0.5502122417385449,-0.2982865567675009,-0.003375548343885326,-0.5163378051226507,0.7779651022523139,-0.34513997239471367,0.5502122417385449,-0.2982865567675009,0.0864587820444645,-0.001327400390816755,0.0016448426218738355,0.15076703347901796,-0.028124353272107685,0.15072747048927093,0.0008465235690576177,0.004919769054787709,-0.002001431771930215,0.01814834243401911,0.014037235066284253,0.018559081810341077,0.734999999999987,True,False,1,True,True,0.004207999998470768,4,1.7885500859258182e-09,2.3870103083375556e-10,`gtol` termination condition is satisfied.,True,True,0.010000000000001563,0.016813630593456974,1.0,0.0008810142092109591,9.400823531702125e-05,0.0008810159782369874,9.400838153834417e-05
17.419999999999924,1786132519.1837213,0.007824600004823878,0.008086299989372492,0.01,TELEOP,0,,0.0,17.419999999999924,1742,0.037866666666664626,0.0,0.0,0.0,0.0,0.17364817766693036,0.9848077530122081,0.03521452937616228,1.1115063162463266e-46,2.2415897626429875e-34,2.309384872671484e-21,7.178449267498496e-09,0.17364817070493785,0.9848077542397952,-0.00543564118715132,-0.22496149868535165,0.2802328425555495,-0.13002950069193042,0.011376110343458683,0.08641010932498518,0.9876721146563291,-0.005595640546532538,-0.22496149868535165,0.2802328425555495,-0.13002950069193042,0.011376110343458683,0.08641010932498518,0.9876721146563291,-0.005595642319199248,-0.2249614987002836,0.2802328428093778,-0.13002950067388488,0.011376110341308327,0.08641010944285074,0.9876721146484178,-0.006476477711759111,-0.22495816205534172,0.28022849771721825,-0.12998956591003163,0.011367135978305569,0.08643258410786844,0.9876755081394945,-0.006476477711759111,-0.22495816205534172,0.28022849771721825,-0.12998956591003163,0.011367135978305569,0.08643258410786844,0.9876755081394945,0.007008498038184305,-0.5164258455782149,0.7781334614033469,-0.32679459793162247,0.5470423529571398,-0.2799412782799272,-0.0025108980752687826,-0.5163505843516191,0.7779813491371188,-0.34363054282071764,0.5499324220503463,-0.2967774905207408,-0.0025108980752687826,-0.5163505843516191,0.7779813491371188,-0.34363054282071764,0.5499324220503463,-0.2967774905207408,0.08646502686164081,-0.0012779228968349406,0.001624688480490653,0.15094295739957983,-0.02798196881985224,0.1509066246759801,0.0006244817176312886,0.004947749398180674,-0.0020154141383179527,0.017592392056183886,0.014238445225542035,0.01791541867091374,0.7366666666666539,True,False,1,True,True,0.0033941000001505017,4,1.7908096099892389e-09,2.390409706932781e-10,`gtol` termination condition is satisfied.,True,True,0.010000000000001563,0.016825001633716086,1.0,0.0008808524290773292,9.363655066402433e-05,0.0008808542004011411,9.363669428703297e-05
17.429999999999925,1786132519.1928034,0.008438799995929003,0.00872949999757111,0.01,TELEOP,0,,0.0,17.429999999999925,1743,0.03813333333333134,0.0,0.0,0.0,0.0,0.17364817766693036,0.9848077530122081,0.03548119575562768,1.009972778305503e-46,2.0368257087762573e-34,2.0984279670763198e-21,6.522714385916789e-09,0.1736481713408999,0.9848077541276579,-0.005355641273311703,-0.22496149868535165,0.2802328425555495,-0.13002950068825722,0.011376110059139261,0.0864101096868498,0.9876721146284285,-0.005515640691888477,-0.22496149868535165,0.2802328425555495,-0.13002950068825722,0.011376110059139261,0.0864101096868498,0.9876721146284285,-0.005515642466858279,-0.22496149870124468,0.28023284280911614,-0.13002950067022173,0.011376110056987703,0.08641010980488749,0.9876721146205006,-0.006396314342876824,-0.22495814653982765,0.28022846072694696,-0.12998924143068846,0.011367763574948777,0.08643189622272998,0.9876756038188458,-0.006396314342876824,-0.22495814653982765,0.28022846072694696,-0.12998924143068846,0.011367763574948777,0.08643189622272998,0.9876756038188458,0.007870920714909654,-0.5164323148714826,0.7781471032264472,-0.3252715532874342,0.5467823302845186,-0.27841937908618747,-0.001646206031882923,-0.5163628662178946,0.7779973931849214,-0.34211940606168456,0.5496540450322349,-0.2952666929095819,-0.001646206031882923,-0.5163628662178946,0.7779973931849214,-0.34211940606168456,0.5496540450322349,-0.2952666929095819,0.08646920433857244,-0.0012281866275594432,0.001604404780261148,0.15111367590328395,-0.027837701811133767,0.15107976111586605,0.0004177476931624865,0.004973626927548973,-0.0020283700229501655,0.017071850370408797,0.014426700871845017,0.01731364398859283,0.7383333333333209,True,False,1,True,True,0.004654599993955344,4,1.793060635433687e-09,2.393796417415233e-10,`gtol` termination condition is satisfied.,True,True,0.010000000000001563,0.01683621224081361,1.0,0.0008806891578987036,9.332293690446395e-05,0.0008806909315115387,9.332307783504287e-05
17.439999999999927,1786132519.2008138,0.008958899998106062,0.007780900006764568,0.01,TELEOP,0,,0.0,17.439999999999927,1744,0.03839999999999805,0.0,0.0,0.0,0.0,0.17364817766693036,0.9848077530122081,0.03574786216172434,9.177140948356783e-47,1.8507663788758344e-34,1.906715935420085e-21,5.92687938766886e-09,0.1736481719187683,0.9848077540257641,-0.005275641351482703,-0.22496149868535165,0.2802328425555495,-0.13002950068491953,0.011376109800791774,0.08641011001565896,0.9876721146030765,-0.005435640823807409,-0.22496149868535165,0.2802328425555495,-0.13002950068491953,0.011376109800791774,0.08641011001565896,0.9876721146030765,-0.005435642601071631,-0.22496149870221321,0.28023284280884836,-0.13002950066689498,0.011376109798639029,0.08641011013386836,0.9876721145951323,-0.0063161507217954355,-0.2249581308744931,0.2802284232152798,-0.12998891177527427,0.011368386618987064,0.08643121659300236,0.9876756995084038,-0.0063161507217954355,-0.2249581308744931,0.2802284232152798,-0.12998891177527427,0.011368386618987064,0.08643121659300236,0.9876756995084038,0.008733358625948732,-0.5164382860616122,0.7781605414352487,-0.32374691507709485,0.5465237889109386,-0.2768958663735681,-0.0007814913486553762,-0.5163746483442286,0.7780132332027011,-0.34060661062295566,0.5493771282092349,-0.293754219915075,-0.0007814913486553762,-0.5163746483442286,0.7780132332027011,-0.34060661062295566,0.5493771282092349,-0.293754219915075,0.08647146832274116,-0.001178212633400049,0.0015840017779666469,0.15127954387286427,-0.02769168229999507,0.1512472994506646,0.00022639841687234025,0.004997399415938639,-0.002040300229449791,0.01658679695803004,0.014601951113867521,0.016753833479852175,0.7399999999999878,True,False,1,True,True,0.003921199997421354,4,1.7953029691652482e-09,2.3971726743459716e-10,`gtol` termination condition is satisfied.,True,True,0.010000000000001563,0.016847852774250383,1.0,0.0008805256530796986,9.3068573593114e-05,0.0008805274289727058,9.306871175923075e-05
17.44999999999993,1786132519.208714,0.008005300012882799,0.007675700006075203,0.01,TELEOP,0,,0.0,17.44999999999993,1745,0.038666666666664753,0.0,0.0,0.0,0.0,0.17364817766693036,0.9848077530122081,0.03601452859199602,8.338830292763737e-47,1.6817031395558831e-34,1.73256856708353e-21,5.3854725544776395e-09,0.17364817244384972,0.9848077539331781,-0.0051956414224012,-0.22496149868535165,0.2802328425555495,-0.1300295006818868,0.011376109566043742,0.08641011031443217,0.9876721145800403,-0.005355640943526239,-0.22496149868535165,0.2802328425555495,-0.1300295006818868,0.011376109566043742,0.08641011031443217,0.9876721145800403,-0.005355642723076152,-0.22496149870318904,0.2802328428085749,-0.13002950066387373,0.011376109563889755,0.0864101104328127,0.9876721145720796,-0.006235988007590447,-0.22495811518054626,0.2802283854498404,-0.12998857934497277,0.011369001405519736,0.086430549018372,0.9876757946023077,-0.006235988007590447,-0.22495811518054626,0.2802283854498404,-0.12998857934497277,0.011369001405519736,0.086430549018372,0.9876757946023077,0.009595810576318557,-0.5164437591173325,0.7781737759533904,-0.3222206917711868,0.5462667313668051,-0.27537074901552244,8.322837433776085e-05,-0.5163859285626258,0.7780288680992122,-0.33909220147876135,0.5491016878100792,-0.292240123344419,8.322837433776085e-05,-0.5163859285626258,0.7780288680992122,-0.33909220147876135,0.5491016878100792,-0.292240123344419,0.08647197229930019,-0.0011280218397166327,0.001563489651114791,0.15144091441940954,-0.027544039915571673,0.1514096570655763,5.03976559023539e-05,0.005019079368340855,-0.0020512126851852663,0.016137054654525446,0.014764238442337211,0.016235761491167205,0.7416666666666547,True,False,1,True,True,0.004252700004144572,4,1.7975366297178907e-09,2.400536029556052e-10,`gtol` termination condition is satisfied.,True,True,0.010000000000001563,0.01685969554586081,1.0,0.0008803630706923807,9.287321806720452e-05,0.0008803648488567343,9.287335342028e-05
17.45999999999993,1786132519.2184966,0.007952999992994592,0.009505800000624731,0.01,TELEOP,0,,0.0,17.45999999999993,1746,0.03893333333333146,0.0,0.0,0.0,0.0,0.17364817766693036,0.9848077530122081,0.03628119504421223,7.577097381724857e-47,1.5280834371488491e-34,1.5743056514474076e-21,4.893521997214903e-09,0.17364817292096615,0.9848077538490496,-0.005115641486736336,-0.22496149868535165,0.2802328425555495,-0.13002950067913108,0.0113761093527394,0.08641011058591308,0.9876721145591085,-0.005275641052168318,-0.22496149868535165,0.2802328425555495,-0.13002950067913108,0.0113761093527394,0.08641011058591308,0.9876721145591085,-0.00527564283399503,-0.22496149870417184,0.2802328428082953,-0.13002950066113023,0.011376109350584212,0.08641011070446426,0.9876721145511314,-0.00615582725818261,-0.22495809957117782,0.2802283476818821,-0.12998824639842507,0.011369604597213543,0.08642989687602848,0.9876758885462197,-0.00615582725818261,-0.22495809957117782,0.2802283476818821,-0.12998824639842507,0.011369604597213543,0.08642989687602848,0.9876758885462197,0.010458275372250766,-0.5164487340083984,0.7781868067035369,-0.3206928918932897,0.5460111601655986,-0.27384403593816564,0.0009479370579003214,-0.5163967049117522,0.7780442968835442,-0.33757622011335076,0.5488277387799886,-0.29072445088099647,0.0009479370579003214,-0.5163967049117522,0.7780442968835442,-0.33757622011335076,0.5488277387799886,-0.29072445088099647,0.08647086835624254,-0.0010776349126379056,0.001542878433191798,0.1515981365410363,-0.027394903009052198,0.15156724634223204,-0.00011039430576516299,0.0050386927078719295,-0.002061121792298952,0.01572221216267373,0.014913690651945205,0.015758927665570494,0.7433333333333216,True,False,1,True,True,0.0042354000033810735,4,1.7997613963570954e-09,2.40388805500708e-10,`gtol` termination condition is satisfied.,True,True,0.010000000000001563,0.01687150970757456,1.0,0.0008802024658276092,9.273535749089905e-05,0.0008802042462544057,9.273549000576509e-05
17.46999999999993,1786132519.230876,0.00988300000608433,0.012002000003121793,0.01,TELEOP,0,,0.0,17.46999999999993,1747,0.039199999999998174,0.0,0.0,0.0,0.0,0.17364817766693036,0.9848077530122081,0.03654786151634758,6.884947014926419e-47,1.3884965401832428e-34,1.4305183965309634e-21,4.446509997617071e-09,0.17364817335449909,0.9848077537726061,-0.005035641545095733,-0.22496149868535165,0.2802328425555495,-0.1300295006766271,0.011376109158919925,0.08641011083259487,0.9876721145400887,-0.0051956411507538495,-0.22496149868535165,0.2802328425555495,-0.1300295006766271,0.011376109158919925,0.08641011083259487,0.9876721145400887,-0.00519564293484838,-0.2249614987051619,0.2802328428080097,-0.13002950065863897,0.011376109156763526,0.0864101109513161,0.9876721145320949,-0.006075669431359381,-0.2249580841513486,0.2802283101456882,-0.1299879150459176,0.011370193216690907,0.08642926313336012,0.9876759808370632,-0.006075669431359381,-0.2249580841513486,0.2802283101456882,-0.1299879150459176,0.011370193216690907,0.08642926313336012,0.9876759808370632,0.01132075182105513,-0.5164532107055781,0.7781996336073609,-0.31916352402014336,0.5457570778038298,-0.2723157361204666,0.0018126201203545883,-0.5164069756331306,0.7780595186630972,-0.3360587045832993,0.5485552948011823,-0.2892072461592443,0.0018126201203545883,-0.5164069756331306,0.7780595186630972,-0.3360587045832993,0.5485552948011823,-0.2892072461592443,0.08646830624541317,-0.001027072137852787,0.001522177955298544,0.15175155300512175,-0.02724439788063034,0.1517204721751918,-0.0002562110829371078,0.00505627747851106,-0.0020700477893250743,0.015341646408544251,0.01505051284218335,0.015322583295972886,0.7449999999999886,True,False,1,True,True,0.006025399998179637,4,1.8019772199670137e-09,2.407227043157072e-10,`gtol` termination condition is satisfied.,True,True,0.010000000000001563,0.016883328220061056,1.0,0.0008800447936138775,9.265238094929008e-05,0.0008800465762941963,9.26525106242503e-05
17.479999999999933,1786132519.2427602,0.012381799999275245,0.011504199996124953,0.01,TELEOP,0,,0.0,17.479999999999933,1748,0.03946666666666488,0.0,0.0,0.0,0.0,0.17364817766693036,0.9848077530122081,0.0368145280065629,6.256022987466668e-47,1.2616605842531871e-34,1.2998626338387984e-21,4.040331520786399e-09,0.17364817374842978,0.9848077537031454,-0.004955641598031135,-0.22496149868535165,0.2802328425555495,-0.13002950067435182,0.011376108982805411,0.0864101110567428,0.9876721145228063,-0.005115641240209347,-0.22496149868535165,0.2802328425555495,-0.13002950067435182,0.011376108982805411,0.0864101110567428,0.9876721145228063,-0.005115643026562592,-0.22496149870615917,0.28023284280771815,-0.1300295006563769,0.01137610898064766,0.08641011117563353,0.9876721145147961,-0.0059955153864017265,-0.22495806901764737,0.2802282730581309,-0.12998758724501183,0.01137076463706158,0.08642865036248654,0.987676071022432,-0.0059955153864017265,-0.22495806901764737,0.2802282730581309,-0.12998758724501183,0.01137076463706158,0.08642865036248654,0.987676071022432,0.012183238730998067,-0.516457189180651,0.7782122565855484,-0.3176325967817671,0.5455044867610028,-0.27078585859439114,0.0026772644457338127,-0.5164167391662521,0.7780745326410378,-0.334539689598797,0.5482843683203308,-0.2876885488617711,0.0026772644457338127,-0.5164167391662521,0.7780745326410378,-0.334539689598797,0.5482843683203308,-0.2876885488617711,0.08646443253790893,-0.0009763533121430525,0.0015013977940592073,0.15190149845020343,-0.027092648085146838,0.1518697297472961,-0.00038737075042372116,0.005071882570972668,-0.00207801612393336,0.01499454450816599,0.01517497954834788,0.014925757210427817,0.7466666666666555,True,False,1,True,True,0.005752600001869723,4,1.8041840010160445e-09,2.410553291456064e-10,`gtol` termination condition is satisfied.,True,True,0.010000000000001563,0.01689518056315592,1.0,0.0008798909108426256,9.262076360835984e-05,0.0008798926957674946,9.26208904642804e-05
17.489999999999934,1786132519.2509558,0.011873600000399165,0.007825699998647906,0.01,TELEOP,0,,0.0,17.489999999999934,1749,0.03973333333333159,0.0,0.0,0.0,0.0,0.17364817766693036,0.9848077530122081,0.037081194513188226,5.684549719098985e-47,1.146410800309248e-34,1.1811105171491544e-21,3.671256517485003e-09,0.1736481741063758,0.9848077536400299,-0.004875641646043538,-0.22496149868535165,0.2802328425555495,-0.13002950067228436,0.011376108822778556,0.08641011126041537,0.9876721145071027,-0.005035641321376218,-0.22496149868535165,0.2802328425555495,-0.13002950067228436,0.011376108822778556,0.08641011126041537,0.9876721145071027,-0.005035643109978921,-0.22496149870716364,0.28023284280742056,-0.13002950065432342,0.011376108820619558,0.08641011137947506,0.9876721144990758,-0.0059153658862552486,-0.2249580542582148,0.28022823661838225,-0.12998726479754258,0.011371316570818862,0.08642806075636279,0.9876761586996996,-0.0059153658862552486,-0.2249580542582148,0.28022823661838225,-0.12998726479754258,0.011371316570818862,0.08642806075636279,0.9876761586996996,0.013045734911191787,-0.5164606694063992,0.7782246755577948,-0.3161001188615531,0.5452533894995675,-0.2692544124450169,0.0035418583444526822,-0.5164259941427255,0.7780893381132942,-0.33301920662177237,0.5480149705821838,-0.28616839483619316,0.0035418583444526822,-0.5164259941427255,0.7780893381132942,-0.33301920662177237,0.5480149705821838,-0.28616839483619316,0.08645938987187345,-0.0009254976473444219,0.001480547225635575,0.1520482977024392,-0.026939773814692432,0.1520154025577674,-0.0005042666035485107,0.005085566479862261,-0.002085056842362914,0.014679925223575151,0.01528742704543836,0.014567281047128216,0.7483333333333224,True,False,1,True,True,0.0039477999962400645,4,1.8063815861225644e-09,2.413867849620994e-10,`gtol` termination condition is satisfied.,True,True,0.010000000000001563,0.0169070928170299,1.0,0.0008797415781383458,9.263625523287232e-05,0.0008797433652987044,9.263637931091955e-05
17.499999999999936,1786132519.2581167,0.008040499989874661,0.00694649999786634,0.01,TELEOP,0,,0.0,17.499999999999936,1750,0.039999999999998294,0.0,0.0,0.0,0.0,0.17364817766693036,0.9848077530122081,0.03734786103470722,5.16527921550904e-47,1.0416888182677414e-34,1.0732216083478044e-21,3.3358956700320644e-09,0.17364817443162428,0.9848077535826798,-0.00479564168958784,-0.22496149868535165,0.2802328425555495,-0.1300295006704058,0.011376108677369792,0.08641011144548288,0.9876721144928335,-0.004955641395018569,-0.22496149868535165,0.2802328425555495,-0.1300295006704058,0.011376108677369792,0.08641011144548288,0.9876721144928335,-0.004955643185861381,-0.2249614987081752,0.2802328428071169,-0.13002950065245944,0.011376108675209532,0.08641011156471097,0.9876721144847901,-0.00583522160018617,-0.22495803995273073,0.2802282010077687,-0.12998694934791702,0.0113718470573142,0.08642749614620276,0.9876762435148602,-0.00583522160018617,-0.22495803995273073,0.2802282010077687,-0.12998694934791702,0.0113718470573142,0.08642749614620276,0.9876762435148602,0.013908239171493185,-0.5164636513565997,0.7782368904427975,-0.3145660989963347,0.5450037884648641,-0.2677214068106218,0.004406391507354994,-0.5164347393795892,0.7781039344651507,-0.33149728397876754,0.5477471116686233,-0.2846468162292358,0.004406391507354994,-0.5164347393795892,0.7781039344651507,-0.33149728397876754,0.5477471116686233,-0.2846468162292358,0.08645331629021767,-0.0008745236863672155,0.0014596351856543878,0.15219226430045654,-0.02678589135605121,0.15215786069571138,-0.000607358165577096,0.005097396097719845,-0.002091203998118383,0.014396659801733935,0.015388245864119838,0.014245813794395065,0.7499999999999893,True,False,1,True,True,0.003675699990708381,4,1.8085698947720403e-09,2.417169542154768e-10,`gtol` termination condition is satisfied.,True,True,0.010000000000001563,0.016919087760219276,1.0,0.0008795974626137364,9.269406601714305e-05,0.0008795992520004905,9.269418737855255e-05
17.509999999999938,1786132519.2882032,0.029845800003386103,0.007186300004832447,0.01,TELEOP,0,,0.0,17.509999999999938,1751,0.040266666666665,0.0,0.0,0.0,0.0,0.17364817766693036,0.9848077530122081,0.03761452756974308,4.693442874556922e-47,9.465329477106551e-35,9.751813187146641e-22,3.0311692672383502e-09,0.17364817472716207,0.9848077535305686,-0.004715641729077081,-0.22496149868535165,0.2802328425555495,-0.13002950066869884,0.01137610854524378,0.08641011161364492,0.9876721144798679,-0.004875641461830294,-0.22496149868535165,0.2802328425555495,-0.13002950066869884,0.01137610854524378,0.08641011161364492,0.9876721144798679,-0.004875643254903719,-0.22496149870919385,0.28023284280680744,-0.13002950065076763,0.011376108543082198,0.08641011173304078,0.9876721144718077,-0.00575508310686413,-0.22495802617245952,0.28022816638975967,-0.12998664238263224,0.011372354449016034,0.08642695801998015,0.987676325161127,-0.00575508310686413,-0.22495802617245952,0.28022816638975967,-0.12998664238263224,0.011372354449016034,0.08642695801998015,0.987676325161127,0.014770750322414115,-0.5164661350060219,0.778248901158257,-0.3130305459764268,0.5447556860850639,-0.26618685088274086,0.005270854954008924,-0.5164429738718977,0.7781183211674991,-0.3299739469865524,0.5474808005424181,-0.2831238416357298,0.005270854954008924,-0.5164429738718977,0.7781183211674991,-0.3299739469865524,0.5474808005424181,-0.2831238416357298,0.08644634466537948,-0.0008234492308593344,0.0014386702348403127,0.15233369922148846,-0.02663111262051877,0.15229745935057917,-0.0006971624838193052,0.005107445550787307,-0.002096495081407175,0.014143492103190169,0.015477873553241286,0.013959865486777811,0.7516666666666563,True,False,1,True,True,0.0034410000080242753,4,1.8107488285410144e-09,2.420457600142188e-10,`gtol` termination condition is satisfied.,True,True,0.010000000000001563,0.016931184982432845,1.0,0.0008794591409519408,9.278904371518603e-05,0.0008794609325559036,9.278916243867404e-05
17.51999999999994,1786132519.295649,0.007416299995384179,0.007216800004243851,0.01,TELEOP,0,,0.0,17.51999999999994,1752,0.040533333333331714,0.0,0.0,0.0,0.0,0.17364817766693036,0.9848077530122081,0.03788119411704577,4.2647076949078804e-47,8.600693464212126e-35,8.860978441518242e-22,2.7542789225471016e-09,0.17364817499570312,0.9848077534832175,-0.004635641764886275,-0.22496149868535165,0.2802328425555495,-0.13002950066714783,0.011376108425187176,0.08641011176644574,0.9876721144680866,-0.004795641522441508,-0.22496149868535165,0.2802328425555495,-0.13002950066714783,0.011376108425187176,0.08641011176644574,0.9876721144680866,-0.004795643317735951,-0.22496149871021962,0.2802328428064918,-0.13002950064923247,0.011376108423024306,0.08641011188600885,0.9876721144600097,-0.005674950897815639,-0.22495801298034881,0.28022813291008103,-0.12998634523093222,0.011372837396748575,0.08642644754178036,0.9876764033773208,-0.005674950897815639,-0.22495801298034881,0.28022813291008103,-0.12998634523093222,0.011372837396748575,0.08642644754178036,0.9876764033773208,0.015633267175037716,-0.5164681203304191,0.7782607076208733,-0.3114934686456426,0.5445090847711112,-0.26465075390619797,0.006135240976087738,-0.5164506967846981,0.7781324977728002,-0.3284492180885433,0.5472160450949848,-0.2815994962602275,0.006135240976087738,-0.5164506967846981,0.7781324977728002,-0.3284492180885433,0.5472160450949848,-0.2815994962602275,0.08643860220786785,-0.0007722912800386621,0.001417660530113454,0.15247288980088516,-0.026475544743327563,0.1524345375502058,-0.0007742457511628517,0.005115795082066437,-0.0021009704726855307,0.013919057939667384,0.015556787719118309,0.013707819962661266,0.7533333333333232,True,False,1,True,True,0.0038219999987632036,4,1.8129182554079778e-09,2.4237337306688155e-10,`gtol` termination condition is satisfied.,True,True,0.010000000000001563,0.01694340101012559,1.0,0.0008793271028590727,9.291583725373298e-05,0.0008793288966710066,9.291595343309414e-05
17.52999999999994,1786132519.3025544,0.007438500004354864,0.006683699990389869,0.01,TELEOP,0,,0.0,17.52999999999994,1753,0.04079999999999842,0.0,0.0,0.0,0.0,0.17364817766693036,0.9848077530122081,0.03814786067548032,3.8751364849036273e-47,7.815039956533409e-35,8.051440040467322e-22,2.5026818756604653e-09,0.17364817523971357,0.9848077534401919,-0.00455564179735591,-0.22496149868535165,0.2802328425555495,-0.13002950066573843,0.011376108316097469,0.08641011190528855,0.9876721144573815,-0.004715641577424404,-0.22496149868535165,0.2802328425555495,-0.13002950066573843,0.011376108316097469,0.08641011190528855,0.9876721144573815,-0.004715643374930127,-0.2249614987112523,0.28023284280617033,-0.13002950064783964,0.011376108313933287,0.08641011202501828,0.9876721144492877,-0.00559482538119405,-0.22495800043117883,0.28022810069694476,-0.12998605906652005,0.011373294834099707,0.08642596557178929,0.987676477946071,-0.00559482538119405,-0.22495800043117883,0.28022810069694476,-0.12998605906652005,0.011373294834099707,0.08642596557178929,0.987676477946071,0.016495788540944686,-0.5164696073065284,0.7782723097463466,-0.3099548759012905,0.5442639869166531,-0.2631131251791161,0.006999543076638168,-0.5164579074445,0.7781464639108092,-0.32692311700017906,0.546952852197488,-0.2800738020890649,0.006999543076638168,-0.5164579074445,0.7781464639108092,-0.32692311700017906,0.546952852197488,-0.2800738020890649,0.08643021005502952,-0.0007210659801953134,0.0013966138009001072,0.15261010883640366,-0.02631928974966945,0.15256941711623825,-0.0008392152838329383,0.005122529984334074,-0.002104672921334349,0.013721903551847336,0.015625499365808673,0.013487956603243137,0.7549999999999901,True,False,1,True,True,0.0033685999951558188,4,1.8150780927028942e-09,2.4269952500887426e-10,`gtol` termination condition is satisfied.,True,True,0.010000000000001563,0.016955749442900736,1.0,0.0008792017548331189,9.30690433196444e-05,0.000879203550843687,9.306915706188841e-05
17.539999999999942,1786132519.3112786,0.0069020000082673505,0.008505999998305924,0.01,TELEOP,0,,0.0,17.539999999999942,1754,0.04106666666666513,0.0,0.0,0.0,0.0,0.17364817766693036,0.9848077530122081,0.038414527244016325,3.521151706261455e-47,7.101154084417602e-35,7.31596015363404e-22,2.274067641655579e-09,0.17364817546143424,0.9848077534010966,-0.004475641826795109,-0.22496149868535165,0.2802328425555495,-0.13002950066445781,0.011376108216972854,0.08641011203144837,0.9876721144476542,-0.004635641627298557,-0.22496149868535165,0.2802328425555495,-0.13002950066445781,0.011376108216972854,0.08641011203144837,0.9876721144476542,-0.00463564342700571,-0.22496149871229218,0.2802328428058425,-0.13002950064657604,0.011376108214807302,0.08641011215134413,0.9876721144395438,-0.005514706885813934,-0.2249579885717563,0.28022806986138427,-0.12998578491023954,0.01137372596117427,0.08642551268671968,0.9876765486918614,-0.005514706885813934,-0.2249579885717563,0.28022806986138427,-0.12998578491023954,0.01137372596117427,0.08642551268671968,0.9876765486918614,0.017358313232145938,-0.5164705959120629,0.7782837074493745,-0.30841477669414896,0.5440203948979719,-0.2615739740529033,0.007863755906000433,-0.5164646053303432,0.778160219284113,-0.3253956608614977,0.5466912277546472,-0.2785467780708036,0.007863755906000433,-0.5164646053303432,0.778160219284113,-0.3253956608614977,0.5466912277546472,-0.2785467780708036,0.08642128293621301,-0.0006697885843199045,0.0013755373303843013,0.15274561386811317,-0.02616244428408314,0.15270240182610845,-0.0008927118816508725,0.005127739587540095,-0.0021076470515802633,0.013550503170948794,0.015684546558628894,0.0132984709870163,0.756666666666657,True,False,1,True,True,0.004288000011001714,4,1.8172281694884573e-09,2.4302440355429657e-10,`gtol` termination condition is satisfied.,True,True,0.010000000000001563,0.01696824109888856,1.0,0.0008790834241966232,9.324333369583011e-05,0.0008790852223964142,9.32434451193197e-05
17.549999999999944,1786132519.3182247,0.008733399998163804,0.006718600008753128,0.01,TELEOP,0,,0.0,17.549999999999944,1755,0.041333333333331834,0.0,0.0,0.0,0.0,0.17364817766693036,0.9848077530122081,0.038681193821718286,3.199502620568034e-47,6.452480039911261e-35,6.647753315056047e-22,2.0663367931521956e-09,0.17364817566290125,0.9848077533655726,-0.00439564185348452,-0.22496149868535165,0.2802328425555495,-0.13002950066329422,0.01137610812690305,0.08641011214608382,0.9876721144388155,-0.00455564167253576,-0.22496149868535165,0.2802328425555495,-0.13002950066329422,0.01137610812690305,0.08641011214608382,0.9876721144388155,-0.004555643474434358,-0.22496149871333893,0.28023284280550886,-0.13002950064543006,0.011376108124736136,0.08641011226614498,0.9876721144306884,-0.00543459566540086,-0.22495797744114934,0.28022804049768535,-0.12998552363363836,0.011374130227859925,0.08642508920048965,0.9876766154789411,-0.00543459566540086,-0.22495797744114934,0.28022804049768535,-0.12998552363363836,0.011374130227859925,0.08642508920048965,0.9876766154789411,0.01822084006102115,-0.516471086125712,0.7782949006436483,-0.3068731800284263,0.5437783110739076,-0.26003330993222235,0.008727875195103497,-0.5164707900645562,0.7781737636635272,-0.32386686439525453,0.546431176760649,-0.27701844030310163,0.008727875195103497,-0.5164707900645562,0.7781737636635272,-0.32386686439525453,0.546431176760649,-0.27701844030310163,0.08641192891029298,-0.00061847342129935,0.0013544379414183873,0.15287964662429224,-0.026005099399811993,0.15283377677016974,-0.0009354025920031938,0.005131516302054638,-0.0021099388965910688,0.01340327561790399,0.01573448842711201,0.013137494406126559,0.758333333333324,True,False,1,True,True,0.0034005999914370477,4,1.8193684456275655e-09,2.4334791303567265e-10,`gtol` termination condition is satisfied.,True,True,0.010000000000001563,0.01698088416734872,1.0,0.0008789723633443084,9.343356228502053e-05,0.0008789741637238066,9.343367151648326e-05
17.559999999999945,1786132519.3263474,0.006972699993639253,0.007868599990615621,0.01,TELEOP,0,,0.0,17.559999999999945,1756,0.04159999999999855,0.0,0.0,0.0,0.0,0.17364817766693036,0.9848077530122081,0.038947860407736935,2.907235436865215e-47,5.863060872994402e-35,6.040680293624552e-22,1.8775816806821883e-09,0.1736481758459647,0.9848077533332935,-0.004315641877678925,-0.22496149868535165,0.2802328425555495,-0.13002950066223687,0.011376108045060913,0.08641011225024757,0.9876721144307842,-0.004475641713564401,-0.22496149868535165,0.2802328425555495,-0.13002950066223687,0.011376108045060913,0.08641011225024757,0.9876721144307842,-0.004475643517644366,-0.2249614987143926,0.2802328428051692,-0.13002950064439103,0.011376108042892635,0.08641011237047352,0.9876721144226402,-0.005354491903009108,-0.22495796707095914,0.28022801268390474,-0.12998527596332685,0.011374507316762435,0.08642469518498244,0.9876766782091302,-0.005354491903009108,-0.22495796707095914,0.28022801268390474,-0.12998527596332685,0.011374507316762435,0.08642469518498244,0.9876766782091302,0.019083367840264303,-0.5164710779271341,0.7783058892418554,-0.30533009496169655,0.5435377377857868,-0.2584911422749354,0.009591897686817157,-0.5164764614032972,0.7781870968833953,-0.3223367400690208,0.5461727033566031,-0.27548880222417926,0.009591897686817157,-0.5164764614032972,0.7781870968833953,-0.3223367400690208,0.5461727033566031,-0.27548880222417926,0.08640224917135246,-0.0005671338740923723,0.0013333219868058807,0.15301243262334982,-0.025847340404593026,0.15296380789221548,-0.0009679738940521904,0.005133954720696965,-0.0021115954612503387,0.01327859990575761,0.015775899521894288,0.013003112204572806,0.7599999999999909,True,False,1,True,True,0.004459100004169159,4,1.8214988059907133e-09,2.4367008465213856e-10,`gtol` termination condition is satisfied.,True,True,0.010000000000001563,0.016993684366828243,1.0,0.0008788687541578571,9.363485175722087e-05,0.000878870556707482,9.363495892966544e-05
17.569999999999947,1786132519.3333461,0.008098300007986836,0.006768899998860434,0.01,TELEOP,0,,0.0,17.569999999999947,1757,0.041866666666665255,0.0,0.0,0.0,0.0,0.17364817766693036,0.9848077530122081,0.039214527001301284,2.6416661861850015e-47,5.327483787289737e-35,5.488860352172184e-22,1.7060689142104e-09,0.17364817601230573,0.9848077533039631,-0.0042356418996096195,-0.22496149868535165,0.2802328425555495,-0.1300295006612761,0.011376107970694868,0.0864101123448962,0.9876721144234866,-0.004395641750773452,-0.22496149868535165,0.2802328425555495,-0.1300295006612761,0.011376107970694868,0.0864101123448962,0.9876721144234866,-0.00439564355702456,-0.2249614987154533,0.2802328428048236,-0.13002950064344934,0.011376107968525194,0.08641011246528633,0.9876721144153258,-0.005274395715563644,-0.2249579574856226,0.28022798648246405,-0.12998504248604628,0.011374857125956489,0.08642433049073138,0.9876767368195394,-0.005274395715563644,-0.2249579574856226,0.28022798648246405,-0.12998504248604628,0.011374857125956489,0.08642433049073138,0.9876767368195394,0.019945895382833544,-0.516470571296958,0.7783166731556812,-0.30378553060482427,0.5432986773573437,-0.2569474805920353,0.010455821065999248,-0.5164816192269601,0.7782002188368319,-0.32080529825980514,0.5459158108890105,-0.27395787480716605,0.010455821065999248,-0.5164816192269601,0.7782002188368319,-0.32080529825980514,0.5459158108890105,-0.27395787480716605,0.08639233791819557,-0.0005157823662935391,0.0013121953436595096,0.1531441809215405,-0.02568924675925146,0.1530927417012975,-0.0009911253156879899,0.0051351507798825195,-0.0021126643146367726,0.013174829819066064,0.01580936453415407,0.012893380908200747,0.7616666666666578,True,False,1,True,True,0.003459400002611801,4,1.8236191354771653e-09,2.439908470037111e-10,`gtol` termination condition is satisfied.,True,True,0.010000000000001563,0.017006645107324248,1.0,0.0008787727125444178,9.384266056504097e-05,0.0008787745172544632,9.38427658157649e-05
17.57999999999995,1786132519.3407447,0.0069884999975329265,0.007179600012023002,0.01,TELEOP,0,,0.0,17.57999999999995,1758,0.04213333333333196,0.0,0.0,0.0,0.0,0.17364817766693036,0.9848077530122081,0.039481193601711456,2.4003560739331835e-47,4.840830432882681e-35,4.987446729297267e-22,1.5502234449294965e-09,0.17364817616345188,0.984807753277312,-0.004155641919486567,-0.22496149868535165,0.2802328425555495,-0.1300295006604031,0.011376107903121989,0.08641011243089888,0.9876721144168555,-0.00431564178451608,-0.22496149868535165,0.2802328425555495,-0.1300295006604031,0.011376107903121989,0.08641011243089888,0.9876721144168555,-0.004315643592927968,-0.224961498716521,0.28023284280447186,-0.13002950064259577,0.011376107900950864,0.08641011255145253,0.9876721144086779,-0.0051943071584845055,-0.22495794870274397,0.2802279619408114,-0.12998482365435768,0.011375179751685897,0.08642399476738696,0.987676791280229,-0.0051943071584845055,-0.22495794870274397,0.2802279619408114,-0.12998482365435768,0.011375179751685897,0.08642399476738696,0.987676791280229,0.020808421501906496,-0.5164695662167784,0.7783272522958035,-0.30223949612187345,0.5430611320946361,-0.25540233444756116,0.011319643888832198,-0.5164862635305248,0.7782131294709472,-0.319272547419844,0.5456605019687564,-0.27242566675574,0.011319643888832198,-0.5164862635305248,0.7782131294709472,-0.319272547419844,0.5456605019687564,-0.27242566675574,0.08638228228328153,-0.0004644303564762218,0.0012910634115292567,0.15327508399608694,-0.025530892025407145,0.15322080514258168,-0.0010055634914042193,0.005135200981730929,-0.0021131932130249694,0.013090307454640775,0.01583547338442889,0.012806344128415508,0.7633333333333248,True,False,1,True,True,0.003455700003542006,4,1.82572928928843e-09,2.4431020816651226e-10,`gtol` termination condition is satisfied.,True,True,0.010000000000001563,0.017019767654980866,1.0,0.0008786842930566225,9.405283166920138e-05,0.0008786860999172626,9.405293513894024e-05
17.58999999999995,1786132519.347935,0.007415100000798702,0.006954199998290278,0.01,TELEOP,0,,0.0,17.58999999999995,1759,0.04239999999999867,0.0,0.0,0.0,0.0,0.17364817766693036,0.9848077530122081,0.039747860208332125,2.1810890837758645e-47,4.398631739777583e-35,4.5318834692822225e-22,1.4086141011472917e-09,0.17364817630079118,0.9848077532530953,-0.004075641937500367,-0.22496149868535165,0.2802328425555495,-0.13002950065960986,0.011376107841721739,0.08641011250904544,0.9876721144108302,-0.004235641815112942,-0.22496149868535165,0.2802328425555495,-0.13002950065960986,0.011376107841721739,0.08641011250904544,0.9876721144108302,-0.004235643625675165,-0.22496149871759535,0.28023284280411404,-0.13002950064182256,0.011376107839549213,0.08641011262976198,0.9876721144026357,-0.005114226230355286,-0.22495794073344832,0.28022793909214083,-0.12998461979287115,0.011375475471137979,0.08642368748383847,0.9876768415918256,-0.005114226230355286,-0.22495794073344832,0.28022793909214083,-0.12998461979287115,0.011375475471137979,0.08642368748383847,0.9876768415918256,0.021670945010839562,-0.5164680626691548,0.7783376265718968,-0.3006920007300009,0.5428251042859668,-0.2538557134584957,0.012183365511998575,-0.516490394413922,0.7782258287820872,-0.31773849424231126,0.5454067785301707,-0.27089218469959075,0.012183365511998575,-0.516490394413922,0.7782258287820872,-0.31773849424231126,0.5454067785301707,-0.27089218469959075,0.08637216231662428,-0.00041308833970732405,0.001269931114005654,0.15340531775324853,-0.025372343858560426,0.1533482056148973,-0.0010119966657235145,0.005134201676888975,-0.002113229752359937,0.013023375716157692,0.01585481668466927,0.012740047231559378,0.7649999999999917,True,False,1,True,True,0.003536899996106513,4,1.8278291937614649e-09,2.4462820610193845e-10,`gtol` termination condition is satisfied.,True,True,0.010000000000001563,0.01703305129797056,1.0,0.0008786034935560028,9.426162471873089e-05,0.0008786053025573424,9.426172654850636e-05
17.59999999999995,1786132519.3552206,0.007190099990111776,0.007050100000924431,0.01,TELEOP,0,,0.0,17.59999999999995,1760,0.04266666666666538,0.0,0.0,0.0,0.0,0.17364817766693036,0.9848077530122081,0.0400145268205866,1.9818516273592918e-47,3.9968268772135427e-35,4.1179054220935745e-22,1.2799404454383801e-09,0.17364817642558486,0.9848077532310908,-0.003995641953824024,-0.22496149868535165,0.2802328425555495,-0.1300295006588891,0.011376107785930263,0.08641011258005349,0.9876721144053554,-0.004155641842855162,-0.22496149868535165,0.2802328425555495,-0.1300295006588891,0.011376107785930263,0.08641011258005349,0.9876721144053554,-0.004155643655557116,-0.22496149871867668,0.28023284280375027,-0.13002950064112279,0.011376107783756325,0.0864101127009323,0.9876721143971439,-0.005034152877599712,-0.2249579335827567,0.2802279179561598,-0.12998443110492972,0.011375744725404358,0.08642340794787523,0.9876768877831178,-0.005034152877599712,-0.2249579335827567,0.2802279179561598,-0.12998443110492972,0.011375744725404358,0.08642340794787523,0.9876768877831178,0.02253346472313182,-0.5164660606376068,0.7783477958926275,-0.2991430536993353,0.5425905962017973,-0.25230762729464945,0.013046986022200635,-0.5164940120724782,0.7782383168111221,-0.3162031438258022,0.5451546418897424,-0.2693574333883641,0.013046986022200635,-0.5164940120724782,0.7782383168111221,-0.3162031438258022,0.5451546418897424,-0.2693574333883641,0.08636205102019257,-0.0003617658556239513,0.0012488029034914603,0.1535350416508778,-0.025213664042828588,0.15347513112264288,-0.0010111296431713815,0.005132248408336472,-0.002112821051419046,0.012972389762926317,0.015867981573181325,0.012692550774557703,0.7666666666666586,True,False,1,True,True,0.0034500999900046736,4,1.8299187318703722e-09,2.449447342297369e-10,`gtol` termination condition is satisfied.,True,True,0.010000000000001563,0.017046493512310357,1.0,0.0008785302598839746,9.446573366826602e-05,0.0008785320710159647,9.446583399806855e-05
17.609999999999953,1786132519.3633444,0.00750289999996312,0.00767029999406077,0.01,TELEOP,0,,0.0,17.609999999999953,1761,0.04293333333333209,0.0,0.0,0.0,0.0,0.17364817766693036,0.9848077530122081,0.04028119343795142,1.800814052980836e-47,3.6317259619520495e-35,3.7417967373233697e-22,1.1630208323654933e-09,0.1736481765389789,0.9848077532110964,-0.003915641968614578,-0.22496149868535165,0.2802328425555495,-0.13002950065823418,0.011376107735235204,0.0864101126445751,0.9876721144003806,-0.004075641868007049,-0.22496149868535165,0.2802328425555495,-0.13002950065823418,0.011376107735235204,0.0864101126445751,0.9876721144003806,-0.004075643682838033,-0.2249614987197648,0.28023284280338057,-0.13002950064048938,0.011376107733059745,0.0864101127656155,0.9876721143921522,-0.004954086999133769,-0.22495792724997393,0.28022789853989677,-0.12998425767966998,0.011375988102731036,0.08642315532528642,0.9876769299086484,-0.004954086999133769,-0.22495792724997393,0.28022789853989677,-0.12998425767966998,0.011375988102731036,0.08642315532528642,0.9876769299086484,0.02339597945239188,-0.516463560106618,0.7783577601656622,-0.2975926643528467,0.542357610094662,-0.2507580856785325,0.01391050616648442,-0.516497116787503,0.7782505936388107,-0.3146664998365512,0.5449040928041061,-0.2678214158828658,0.01391050616648442,-0.516497116787503,0.7782505936388107,-0.3146664998365512,0.5449040928041061,-0.2678214158828658,0.08635201442836488,-0.00031047150247453934,0.001227682768853322,0.15366439892507935,-0.0250549085636209,0.1536017505498057,-0.0010036591827680917,0.005129435314940396,-0.0021120134638135005,0.01293572742015169,0.015875547920766286,0.0126619427162795,0.7683333333333255,True,False,1,True,True,0.004037499995320104,4,1.8319978210156672e-09,2.452597876419073e-10,`gtol` termination condition is satisfied.,True,True,0.010000000000001563,0.01706009012646692,1.0,0.0008784644905074504,9.466229191042656e-05,0.0008784663037599516,9.466239087897534e-05
17.619999999999955,1786132519.370434,0.007892699999501929,0.006867799995234236,0.01,TELEOP,0,,0.0,17.619999999999955,1762,0.043199999999998795,0.0,0.0,0.0,0.0,0.17364817766693036,0.9848077530122081,0.04054786005995147,1.6363138434002213e-47,3.2999761730765236e-35,3.4000031232770444e-22,1.0567815571011779e-09,0.17364817664201468,0.9848077531929283,-0.0038356419820145624,-0.22496149868535165,0.2802328425555495,-0.13002950065763905,0.011376107689171024,0.08641011270320278,0.9876721143958602,-0.003995641890808554,-0.22496149868535165,0.2802328425555495,-0.13002950065763905,0.011376107689171024,0.08641011270320278,0.9876721143958602,-0.003995643707757714,-0.22496149872085963,0.2802328428030047,-0.13002950063991614,0.011376107686994139,0.08641011282440407,0.9876721143876148,-0.004874028450962898,-0.22495792172909068,0.28022788083853956,-0.12998409949938353,0.011376206322149281,0.08642292865831074,0.9876769680463197,-0.004874028450962898,-0.22495792172909068,0.28022788083853956,-0.12998409949938353,0.011376206322149281,0.08642292865831074,0.9876769680463197,0.024258488012308368,-0.5164605610616286,0.7783675192976616,-0.2960408420662009,0.5421261481990836,-0.2492070983852112,0.01477392728378501,-0.5164997089170682,0.7782626593812672,-0.31312856466744365,0.5446551315269602,-0.26628413374242527,0.01477392728378501,-0.5164997089170682,0.7782626593812672,-0.31312856466744365,0.5446551315269602,-0.26628413374242527,0.08634211173004554,-0.00025921295652224036,0.0012065742456508948,0.1537935169107327,-0.024896127714584805,0.15372821404402648,-0.0009902698319330893,0.005125854595229098,-0.00211085232024239,0.012911798565331858,0.015878084903607193,0.01264634942207572,0.7699999999999925,True,False,1,True,True,0.0034764000010909513,4,1.8340662892487187e-09,2.4557342779827717e-10,`gtol` termination condition is satisfied.,True,True,0.010000000000001563,0.017073835483704503,1.0,0.0008784060411091821,9.484886699423827e-05,0.0008784078564719013,9.48489647374157e-05
17.629999999999956,1786132519.3780117,0.007099100010236725,0.007345899997744709,0.01,TELEOP,0,,0.0,17.629999999999956,1763,0.0434666666666655,0.0,0.0,0.0,0.0,0.17364817766693036,0.9848077530122081,0.04081452668615553,1.486840348491937e-47,2.998530962126751e-35,3.089422652657525e-22,9.602469952984675e-10,0.17364817673563837,0.98480775317642,-0.0037556419941533453,-0.22496149868535165,0.2802328425555495,-0.13002950065709828,0.011376107647314705,0.08641011275647502,0.9876721143917528,-0.003915641911477514,-0.22496149868535165,0.2802328425555495,-0.13002950065709828,0.011376107647314705,0.08641011275647502,0.9876721143917528,-0.003915643730533908,-0.2249614987219613,0.2802328428026229,-0.13002950063939808,0.011376107645136298,0.0864101128778365,0.9876721143834905,-0.00479397705069759,-0.2249579170091921,0.2802278648362975,-0.12998395644710373,0.01137640021756858,0.08642272688336089,0.9876770022950272,-0.00479397705069759,-0.2249579170091921,0.2802278648362975,-0.12998395644710373,0.01137640021756858,0.08642272688336089,0.9876770022950272,0.02512098921662364,-0.5164570634890389,0.7783770731942841,-0.29448759626760596,0.5418962127314824,-0.2476546752421564,0.015637251238066387,-0.5165017888870306,0.7782745141855538,-0.31158933959298507,0.5444077578646079,-0.26474558720743624,0.015637251238066387,-0.5165017888870306,0.7782745141855538,-0.31158933959298507,0.5444077578646079,-0.26474558720743624,0.08633239542812413,-0.00020799699623611368,0.0011854804286639499,0.15392250744583674,-0.024737366235228996,0.15385465349887767,-0.0009716301921413688,0.0051215960286118654,-0.002109381698694161,0.012899053510400984,0.01587614793557828,0.012643945485117658,0.7716666666666594,True,False,1,True,True,0.0037009999941801652,4,1.8361240979155422e-09,2.4588548508594703e-10,`gtol` termination condition is satisfied.,True,True,0.010000000000001563,0.01708772260124275,1.0,0.0008783547290957425,9.502344690355484e-05,0.0008783565465582941,9.502354355253442e-05
17.639999999999958,1786132519.384831,0.007567299995571375,0.006598199994186871,0.01,TELEOP,0,,0.0,17.639999999999958,1764,0.043733333333332215,0.0,0.0,0.0,0.0,0.17364817766693036,0.9848077530122081,0.041081193316172236,1.351020912534636e-47,2.724622075816509e-35,2.80721189210916e-22,8.725306436621482e-10,0.17364817682070974,0.9848077531614197,-0.003675642005148333,-0.22496149868535165,0.2802328425555495,-0.13002950065660693,0.011376107609281861,0.08641011280488092,0.9876721143880206,-0.0038356419302116797,-0.22496149868535165,0.2802328425555495,-0.13002950065660693,0.011376107609281861,0.08641011280488092,0.9876721143880206,-0.0038356437513642136,-0.2249614987230697,0.2802328428022351,-0.13002950063892996,0.011376107607101865,0.086410112926402,0.9876721143797413,-0.004713932581962579,-0.22495791307487198,0.2802278505072779,-0.12998382831434888,0.011376570722403027,0.08642254884795726,0.9876770327723362,-0.004713932581962579,-0.22495791307487198,0.2802278505072779,-0.12998382831434888,0.011376570722403027,0.08642254884795726,0.9876770327723362,0.025983481879109732,-0.5164530673762049,0.7783864217601859,-0.29293293643764423,0.5416678058900883,-0.24610082612907688,0.016500480353387127,-0.5165033571823375,0.7782861582254181,-0.3100488249194859,0.5441619712298508,-0.2632057753762077,0.016500480353387127,-0.5165033571823375,0.7782861582254181,-0.3100488249194859,0.5441619712298508,-0.2632057753762077,0.08632291153206055,-0.00015682953069859004,0.0011644039864364551,0.1540514673498926,-0.024578663475709608,0.15398118312283188,-0.0009483896063576294,0.005116746553751564,-0.0021076442227491417,0.012895990405585589,0.015870275951936453,0.012652962395419179,0.7733333333333263,True,False,1,True,True,0.00338180000835564,4,1.8381711009626974e-09,2.461962200409281e-10,`gtol` termination condition is satisfied.,True,True,0.010000000000001563,0.017101743325379115,1.0,0.0008783103379989231,9.518441972289965e-05,0.0008783121575507639,9.518451540453493e-05
17.64999999999996,1786132519.392681,0.00680649999412708,0.007641699994564988,0.01,TELEOP,0,,0.0,17.64999999999996,1765,0.04399999999999892,0.0,0.0,0.0,0.0,0.17364817766693036,0.9848077530122081,0.0413478599496464,1.2276082687406426e-47,2.475734134411403e-35,2.5507859022177212e-22,7.928269789436194e-10,0.17364817689801004,0.9848077531477896,-0.0035956420151060844,-0.22496149868535165,0.2802328425555495,-0.13002950065616045,0.01137610757472323,0.0864101128488651,0.9876721143846293,-0.003755641947190562,-0.22496149868535165,0.2802328425555495,-0.13002950065616045,0.01137610757472323,0.0864101128488651,0.9876721143846293,-0.003755643770428023,-0.22496149872418478,0.28023284280184124,-0.1300295006385073,0.011376107572541738,0.08641011297054499,0.987672114376333,-0.0046338947986783625,-0.22495790990664793,0.2802278378163712,-0.1299837148089568,0.011376718854793565,0.0864223933268199,0.9876770596122132,-0.0046338947986783625,-0.22495790990664793,0.2802278378163712,-0.1299837148089568,0.011376718854793565,0.0864223933268199,0.9876770596122132,0.02684596481354725,-0.5164485727114407,0.778395564899024,-0.29137687210909785,0.5414409298548517,-0.2445455609777437,0.01736361735118226,-0.5165044143386543,0.7782975916971938,-0.30850702012981723,0.543917770693997,-0.26166469637536993,0.01736361735118226,-0.5165044143386543,0.7782975916971938,-0.30850702012981723,0.543917770693997,-0.26166469637536993,0.08631369977950003,-0.00010571563168425792,0.0011433471775707865,0.1541804789668377,-0.024420053585372022,0.15410790008375147,-0.0009211752560514773,0.005111389901432413,-0.002105680886566546,0.0129011616945079,0.015860989033755973,0.012671696091958128,0.7749999999999932,True,False,1,True,True,0.004339200007962063,4,1.8402071850026424e-09,2.465053005070707e-10,`gtol` termination condition is satisfied.,True,True,0.010000000000001563,0.017115888481841646,1.0,0.0008782726217488777,9.53305483504459e-05,0.0008782744433793343,9.533064318607979e-05
17.65999999999996,1786132519.399631,0.007913500012364239,0.006678200006717816,0.01,TELEOP,0,,0.0,17.65999999999996,1766,0.04426666666666563,0.0,0.0,0.0,0.0,0.17364817766693036,0.9848077530122081,0.04161452658625569,1.1154690852661116e-47,2.2495815323132384e-35,2.317785925767726e-22,7.204040605981795e-10,0.17364817696824913,0.9848077531354045,-0.0035156420241232982,-0.22496149868535165,0.2802328425555495,-0.1300295006557548,0.011376107543321448,0.08641011288883135,0.9876721143815479,-0.003675641962577111,-0.22496149868535165,0.2802328425555495,-0.1300295006557548,0.011376107543321448,0.08641011288883135,0.9876721143815479,-0.003675643787888209,-0.22496149872530632,0.2802328428014413,-0.1300295006381261,0.011376107541138367,0.08641011301066936,0.9876721143732344,-0.004553863429195625,-0.22495790748137579,0.2802278267201379,-0.12998361556294794,0.011376845703477556,0.08642225903707501,0.9876770829628233,-0.004553863429195625,-0.22495790748137579,0.2802278267201379,-0.12998361556294794,0.011376845703477556,0.08642225903707501,0.9876770829628233,0.0277084368337059,-0.5164435794840146,0.778404502513457,-0.28981941286676155,0.5412155867873542,-0.24298888977180452,0.018226665290012007,-0.5165049609343432,0.7783088148158789,-0.3069639240221831,0.5436751550367794,-0.2601223475231883,0.018226665290012007,-0.5165049609343432,0.7783088148158789,-0.3069639240221831,0.5436751550367794,-0.2601223475231883,0.08630479388296089,-5.4659568877435426e-05,0.0011223118685115782,0.15430961076338992,-0.024261565721759675,0.15423488521813708,-0.0008905896539142718,0.0051056062806814516,-0.002103530905920493,0.01291317965521945,0.01584878636123237,0.012698513438557981,0.7766666666666602,True,False,1,True,True,0.0033841000113170594,4,1.8422322767714681e-09,2.4681290673254594e-10,`gtol` termination condition is satisfied.,True,True,0.010000000000001563,0.017130148020719382,1.0,0.0008782413088000005,9.546094171182209e-05,0.0008782431324983115,9.546103581652287e-05
17.669999999999963,1786132519.4073448,0.0068934999871999025,0.007499200000893325,0.01,TELEOP,0,,0.0,17.669999999999963,1767,0.044533333333332335,0.0,0.0,0.0,0.0,0.17364817766693036,0.9848077530122081,0.04188119322570762,1.0135735575167372e-47,2.0440874487227287e-35,2.1060793877424353e-22,6.54596809172832e-10,0.17364817703207205,0.9848077531241508,-0.003435642032287717,-0.22496149868535165,0.2802328425555495,-0.13002950065538613,0.01137610751478815,0.08641011292514685,0.9876721143787478,-0.0035956419765192328,-0.22496149868535165,0.2802328425555495,-0.13002950065538613,0.01137610751478815,0.08641011292514685,0.9876721143787478,-0.0035956438038924933,-0.2249614987264346,0.2802328428010355,-0.1300295006377827,0.011376107512603496,0.0864101130471423,0.9876721143704174,-0.004473838180266591,-0.22495790577265898,0.28022781716768913,-0.1299835301403593,0.011376952414349752,0.0864221446525449,0.9876771029844048,-0.004473838180266591,-0.22495790577265898,0.28022781716768913,-0.1299835301403593,0.011376952414349752,0.0864221446525449,0.9876771029844048,0.028570896753328,-0.5164380876841502,0.7784132345051435,-0.2882605683472513,0.5409917788307134,-0.2414308225465903,0.01908962750799009,-0.5165049975828204,0.7783198278114046,-0.3054195348424425,0.54343412279401,-0.25857872548523986,0.01908962750799009,-0.5165049975828204,0.7783198278114046,-0.3054195348424425,0.54343412279401,-0.25857872548523986,0.0862962217977947,-3.6648477258739655e-06,0.001101299552569407,0.1544389179740323,-0.02410322427693667,0.15436220379481874,-0.0008572085166190745,0.005099472115155349,-0.0021012315942167893,0.012930721064237604,0.015834144482298106,0.01273185766816412,0.7783333333333271,True,False,1,True,True,0.0038213999941945076,4,1.8442462491917601e-09,2.4711893165718616e-10,`gtol` termination condition is satisfied.,True,True,0.010000000000001563,0.017144511155421538,1.0,0.0008782161060937424,9.557502374221163e-05,0.0008782179318489432,9.55751172244937e-05
17.679999999999964,1786132519.4144225,0.007736100000329316,0.006840100002591498,0.01,TELEOP,0,,0.0,17.679999999999964,1768,0.04479999999999905,0.0,0.0,0.0,0.0,0.17364817766693036,0.9848077530122081,0.04214785986773678,9.209859511723263e-48,1.857364775629744e-35,1.9137114277098396e-22,5.948008986981404e-10,0.1736481770900649,0.9848077531139251,-0.003355642039678969,-0.22496149868535165,0.2802328425555495,-0.1300295006550512,0.011376107488861305,0.08641011295814499,0.9876721143762036,-0.003515641989151181,-0.22496149868535165,0.2802328425555495,-0.1300295006550512,0.011376107488861305,0.08641011295814499,0.9876721143762036,-0.0035156438185750087,-0.22496149872756951,0.2802328428006236,-0.13002950063747348,0.011376107486675082,0.08641011308029717,0.987672114367856,-0.004393818740838943,-0.22495790475125252,0.28022780910155765,-0.12998345804499664,0.011377040177750267,0.08642204881709849,0.987677119847227,-0.004393818740838943,-0.22495790475125252,0.28022780910155765,-0.12998345804499664,0.011377040177750267,0.08642204881709849,0.987677119847227,0.029433343386113524,-0.5164320973030254,0.7784217607747472,-0.2867003482387963,0.5407695081094955,-0.23987136938890674,0.019952507568068087,-0.5165045249253148,0.7783306309251041,-0.3038738504095994,0.5431946723028289,-0.257033826422007,0.019952507568068087,-0.5165045249253148,0.7783306309251041,-0.3038738504095994,0.5431946723028289,-0.257033826422007,0.08628800600778641,4.7265750553378605e-05,0.0010803113699543135,0.15456844328428393,-0.02394504911810478,0.15448990632325965,-0.0008215790008283402,0.005093059827924461,-0.0020988182615090047,0.012952531025160521,0.01581751588318681,0.01277025284408817,0.779999999999994,True,False,1,True,True,0.003498499994748272,4,1.8462489587822001e-09,2.474234997631639e-10,`gtol` termination condition is satisfied.,True,True,0.010000000000001563,0.01715896649519122,1.0,0.0008781967028435718,9.567250120682775e-05,0.000878198530644561,9.567259416902059e-05
17.689999999999966,1786132519.4224076,0.007057300012093037,0.007768600000417791,0.01,TELEOP,0,,0.0,17.689999999999966,1769,0.045066666666665756,0.0,0.0,0.0,0.0,0.17364817766693036,0.9848077530122081,0.04241452651210233,8.368560090842622e-48,1.6876987879876561e-35,1.7389048998226568e-22,5.404672069962386e-10,0.1736481771427602,0.9848077531046335,-0.0032756420463693064,-0.22496149868535165,0.2802328425555495,-0.1300295006547468,0.01137610746530281,0.08641011298812877,0.9876721143738918,-0.003435642000594807,-0.22496149868535165,0.2802328425555495,-0.1300295006547468,0.01137610746530281,0.08641011298812877,0.9876721143738918,-0.003435643832057536,-0.22496149872871085,0.2802328428002056,-0.1300295006371954,0.011376107463114873,0.08641011311043693,0.987672114365527,-0.004313804785661124,-0.2249579043854565,0.28022780245855156,-0.12998339872805595,0.011377110216506099,0.08642197015704815,0.9876771337296409,-0.004313804785661124,-0.2249579043854565,0.28022780245855156,-0.12998339872805595,0.011377110216506099,0.08642197015704815,0.9876771337296409,0.030295775545705485,-0.516425608332774,0.7784300812219404,-0.2851387622810312,0.5405487767296231,-0.23831054043682462,0.020815309206317634,-0.5165035436240422,0.7783412244063901,-0.30232686823415594,0.5429568017444323,-0.2554876461280353,0.020815309206317634,-0.5165035436240422,0.7783412244063901,-0.30232686823415594,0.5429568017444323,-0.2554876461280353,0.08628016382494129,9.81301272717784e-05,0.0010593481285943835,0.15469821754432156,-0.023787055839655624,0.15461802939714248,-0.0007842182845118478,0.005086437671839184,-0.002096324135992668,0.012977426003760636,0.015799327844913044,0.012812307388279886,0.781666666666661,True,False,1,True,True,0.003842400008579716,4,1.848240344436171e-09,2.477264023008333e-10,`gtol` termination condition is satisfied.,True,True,0.010000000000001563,0.0171735021708031,1.0,0.0008781827741315486,9.57533312538543e-05,0.0008781846039671359,9.575342379136157e-05
17.699999999999967,1786132519.4296105,0.008024999988265336,0.006945600005565211,0.01,TELEOP,0,,0.0,17.699999999999967,1770,0.04533333333333246,0.0,0.0,0.0,0.0,0.17364817766693036,0.9848077530122081,0.042681193158585755,7.604111431330616e-48,1.5335313969272789e-35,1.5800603728183332e-22,4.910967729406069e-10,0.17364817719064193,0.9848077530961906,-0.003195642052424277,-0.22496149868535165,0.2802328425555495,-0.13002950065447028,0.011376107443896336,0.08641011301537367,0.9876721143717911,-0.0033556420109607014,-0.22496149868535165,0.2802328425555495,-0.13002950065447028,0.011376107443896336,0.08641011301537367,0.9876721143717911,-0.003355643844450515,-0.2249614987298587,0.2802328427997817,-0.13002950063694582,0.011376107441706812,0.08641011313783707,0.9876721143634094,-0.0042337959786892115,-0.2249579046415,0.2802277971705882,-0.12998335159556856,0.01137716377474618,0.08642190729258749,0.9876771448162284,-0.0042337959786892115,-0.2249579046415,0.2802277971705882,-0.12998335159556856,0.01137716377474618,0.08642190729258749,0.9876771448162284,0.031158192045679284,-0.5164186207664806,0.7784381957453974,-0.2835758202647758,0.540329586778281,-0.2367483458794576,0.02167803628331974,-0.5165020543558091,0.7783516085096454,-0.3007785856291009,0.5427205091841927,-0.2539401801623906,0.02167803628331974,-0.5165020543558091,0.7783516085096454,-0.3007785856291009,0.5427205091841927,-0.2539401801623906,0.08627270770019732,0.00014892682330578023,0.0010384103255221561,0.15482826050547543,-0.023629256023956005,0.1547465965644485,-0.0007456124743961123,0.005079669603399389,-0.0020937803072224,0.013004296115386635,0.015779981569959425,0.012856716730599387,0.7833333333333279,True,False,1,True,True,0.0035170999908586964,4,1.850220301720597e-09,2.480277456129759e-10,`gtol` termination condition is satisfied.,True,True,0.010000000000001563,0.017188105953124755,1.0,0.0008781739843066785,9.581768942761213e-05,0.0008781758161654989,9.581778162845923e-05
17.70999999999997,1786132519.4371912,0.007238200007122941,0.007288300010259263,0.01,TELEOP,0,,0.0,17.70999999999997,1771,0.04559999999999917,0.0,0.0,0.0,0.0,0.17364817766693036,0.9848077530122081,0.04294785980698882,6.909493393417322e-48,1.3934468414033915e-35,1.4357399741477046e-22,4.462362143587102e-10,0.17364817723414977,0.984807753088519,-0.0031156420579033575,-0.22496149868535165,0.2802328425555495,-0.13002950065421898,0.011376107424445295,0.0864101130401298,0.9876721143698823,-0.003275642020349233,-0.22496149868535165,0.2802328425555495,-0.13002950065421898,0.011376107424445295,0.0864101130401298,0.9876721143698823,-0.0032756438558541844,-0.224961498731013,0.2802328427993519,-0.13002950063672214,0.01137610742225408,0.08641011316274773,0.9876721143614834,-0.004153791976288696,-0.22495790548391062,0.2802277931655015,-0.1299833160156325,0.0113772021075031,0.08642185884827124,0.9876771532960529,-0.004153791976288696,-0.22495790548391062,0.2802277931655015,-0.1299833160156325,0.0113772021075031,0.08642185884827124,0.9876771532960529,0.03202059169953161,-0.5164111345981859,0.7784461042428069,-0.28201153203180607,0.5401119403238274,-0.23518479595673106,0.02254069273873982,-0.5165000578060565,0.7783617834913318,-0.2992289998133748,0.5424857926091095,-0.2523914239702325,0.02254069273873982,-0.5165000578060565,0.7783617834913318,-0.2992289998133748,0.5424857926091095,-0.2523914239702325,0.08626564554199467,0.0001996549752686461,0.0010174981686463893,0.15495858157258505,-0.02347165750832445,0.15487561921578585,-0.0007062158202646395,0.005072815196285793,-0.002091215687576354,0.01303210671095891,0.015759851563153356,0.012902265133731921,0.7849999999999948,True,False,1,True,True,0.003904600001988001,4,1.8521887072200865e-09,2.4832754456143994e-10,`gtol` termination condition is satisfied.,True,True,0.010000000000001563,0.017202765364325134,1.0,0.0008781699901781134,9.586593871530341e-05,0.00087817182404865,9.586603066046129e-05
17.71999999999997,1786132519.4447799,0.007520500003010966,0.007356600006460212,0.01,TELEOP,0,,0.0,17.71999999999997,1772,0.04586666666666588,0.0,0.0,0.0,0.0,0.17364817766693036,0.9848077530122081,0.04321452645713167,6.278327110906576e-48,1.2661586868763437e-35,1.3045866106183005e-22,4.05473564498811e-10,0.17364817727368329,0.9848077530815481,-0.003035642062860503,-0.22496149868535165,0.2802328425555495,-0.13002950065399063,0.011376107406771054,0.08641011306262447,0.987672114368148,-0.0031956420288514874,-0.22496149868535165,0.2802328425555495,-0.13002950065399063,0.011376107406771054,0.08641011306262447,0.987672114368148,-0.003195643866359524,-0.22496149873217383,0.28023284279891597,-0.13002950063652183,0.011376107404578142,0.08641011318539614,0.9876721143597319,-0.004073792430225463,-0.22495790687587083,0.2802277903678202,-0.1299832913253918,0.011377226471106967,0.08642182346254595,0.9876771593610192,-0.004073792430225463,-0.22495790687587083,0.2802277903678202,-0.1299832913253918,0.011377226471106967,0.08642182346254595,0.9876771593610192,0.03288297332067137,-0.5164031498228836,0.7784538066108699,-0.28044590747462006,0.5398958394157004,-0.23361990095914523,0.02340328254913832,-0.5164975546633445,0.7783717496073189,-0.2976781080077178,0.5422526499625511,-0.25084137299539944,0.02340328254913832,-0.5164975546633445,0.7783717496073189,-0.2976781080077178,0.5422526499625511,-0.25084137299539944,0.08625898103983647,0.000250314271199639,0.0009966115987162382,0.15508918056567156,-0.023314264655831446,0.155005097483281,-0.0006664502158203883,0.005065929593098497,-0.002088656993014787,0.013059899308648834,0.015739285249297855,0.012947826749512559,0.7866666666666617,True,False,1,True,True,0.0038335999997798353,4,1.854145450306672e-09,2.486256912578045e-10,`gtol` termination condition is satisfied.,True,True,0.010000000000001563,0.01721746778156874,1.0,0.0008781704439979118,9.58986000807415e-05,0.0008781722798685187,9.589869184457829e-05
17.729999999999972,1786132519.4537728,0.007580199991934933,0.008769499996560626,0.01,TELEOP,0,,0.0,17.729999999999972,1773,0.04613333333333259,0.0,0.0,0.0,0.0,0.17364817766693036,0.9848077530122081,0.043481193108851145,5.704816412314321e-48,1.1504980116341058e-35,1.1854128256867105e-22,3.6843448882606133e-10,0.1736481773096055,0.9848077530752141,-0.0029556420673446607,-0.22496149868535165,0.2802328425555495,-0.13002950065378316,0.01137610739071132,0.08641011308306434,0.987672114366572,-0.0031156420365501224,-0.22496149868535165,0.2802328425555495,-0.13002950065378316,0.01137610739071132,0.08641011308306434,0.987672114366572,-0.0031156438760490887,-0.22496149873334093,0.2802328427984742,-0.13002950063634322,0.011376107388516701,0.08641011320598901,0.9876721143581388,-0.003993796990443058,-0.2249579087795577,0.2802277886995143,-0.12998327683773458,0.01137723811437214,0.0864217997963457,0.9876771632043408,-0.003993796990443058,-0.2249579087795577,0.2802277886995143,-0.12998327683773458,0.01137723811437214,0.0864217997963457,0.9876771632043408,0.033745335722411215,-0.5163946664365218,0.778461302745298,-0.27887895653620004,0.5396812860843234,-0.2320536712275347,0.024265809689040237,-0.5164945456142833,0.778381507110432,-0.29612590752286894,0.5420210791762737,-0.24929002278397006,0.024265809689040237,-0.5164945456142833,0.778381507110432,-0.29612590752286894,0.5420210791762737,-0.24929002278397006,0.08625271399017849,0.00030090490611543735,0.000975750311308696,0.15522004848486406,-0.02315707862772578,0.15513502114291366,-0.0006267049657971795,0.0050590634915790465,-0.002086128740753888,0.013086791919249737,0.015718602810564093,0.012992365963264882,0.7883333333333287,True,False,1,True,True,0.0035013999877264723,4,1.856090473388583e-09,2.489221619101592e-10,`gtol` termination condition is satisfied.,True,True,0.010000000000001563,0.017232200533097763,1.0,0.0008781749962304156,9.591632481178906e-05,0.0008781768340893183,9.591641646072633e-05
17.739999999999974,1786132519.461501,0.009147999997367151,0.007348999992245808,0.01,TELEOP,0,,0.0,17.739999999999974,1774,0.046399999999999296,0.0,0.0,0.0,0.0,0.17364817766693036,0.9848077530122081,0.04374785976199924,5.183694593050828e-48,1.0454026722665464e-35,1.077128098037557e-22,3.347788474056553e-10,0.17364817734224633,0.9848077530694587,-0.0028756420714002324,-0.22496149868535165,0.2802328425555495,-0.13002950065359464,0.01137610737611861,0.0864101131016371,0.98767211436514,-0.003035642043520145,-0.22496149868535165,0.2802328425555495,-0.13002950065359464,0.01137610737611861,0.0864101131016371,0.98767211436514,-0.0030356438849977047,-0.22496149873451432,0.28023284279802646,-0.13002950063618418,0.011376107373922199,0.08641011322471398,0.9876721143566896,-0.003913805307624359,-0.2249579111564654,0.2802277880807058,-0.1299832718476827,0.011377238270571821,0.08642178654077262,0.9876771650191206,-0.003913805307624359,-0.2249579111564654,0.2802277880807058,-0.1299832718476827,0.011377238270571821,0.08642178654077262,0.9876771650191206,0.03460767771796157,-0.5163856844360004,0.778468592540822,-0.2773106892097574,0.5394682823410175,-0.23048611715281028,0.025128278095262295,-0.5164910313389058,0.7783910562482189,-0.2945723958401386,0.5417910781997192,-0.24773736907883226,0.025128278095262295,-0.5164910313389058,0.7783910562482189,-0.2945723958401386,0.5417910781997192,-0.24773736907883226,0.08624684062219232,0.0003514275377467311,0.0009549137786927206,0.15535116827300843,-0.023000097655454316,0.15526537051375405,-0.0005873367986171617,0.005052263163128585,-0.0020836532615972105,0.013111978814435665,0.015698097227143885,0.013034937084037182,0.7899999999999956,True,False,1,True,True,0.0035653999948408455,4,1.8580235895130477e-09,2.4921695476458877e-10,`gtol` termination condition is satisfied.,True,True,0.010000000000001563,0.017246950986668896,1.0,0.0008781832981064482,9.591986890696599e-05,0.0008781851379416663,9.591996050104132e-05
17.749999999999975,1786132519.4685104,0.007573000009870157,0.006785900011891499,0.01,TELEOP,0,,0.0,17.749999999999975,1775,0.046666666666666,0.0,0.0,0.0,0.0,0.17364817766693036,0.9848077530122081,0.04401452641644171,4.7101760498412834e-48,9.499075497138728e-36,9.78730763647826e-23,3.0419757130444333e-10,0.17364817737190547,0.984807753064229,-0.0027956420750674896,-0.22496149868535165,0.2802328425555495,-0.13002950065342334,0.011376107362858903,0.08641011311851325,0.9876721143638388,-0.002955642049829614,-0.22496149868535165,0.2802328425555495,-0.13002950065342334,0.011376107362858903,0.08641011311851325,0.9876721143638388,-0.002955643893273359,-0.22496149873569427,0.28023284279757277,-0.1300295006360428,0.011376107360660775,0.08641011324174155,0.9876721143553713,-0.0038338170355379265,-0.22495791396770964,0.2802277884303404,-0.12998327563844891,0.01137722815018964,0.08642178242388716,0.987677164997043,-0.0038338170355379265,-0.22495791396770964,0.2802277884303404,-0.12998327563844891,0.01137722815018964,0.08642178242388716,0.987677164997043,0.03546999812042331,-0.5163762038191738,0.7784756758911922,-0.27574111553848185,0.5392568301779086,-0.22891724917570422,0.02599069163447392,-0.5164870125064783,0.7784003972609331,-0.29301757068442985,0.5415626450266149,-0.24618340790535087,0.02599069163447392,-0.5164870125064783,0.7784003972609331,-0.29301757068442985,0.5415626450266149,-0.24618340790535087,0.08624135392114922,0.0004018832427484136,0.0009341012714219616,0.15548251557085271,-0.022843317310423772,0.15539611734811348,-0.0005486701043097564,0.005045570500167464,-0.0020812507270755736,0.013134729784427165,0.015678034503051937,0.013074683435941361,0.7916666666666625,True,False,1,True,True,0.003453500001342036,4,1.8599447553224113e-09,2.495101844632438e-10,`gtol` termination condition is satisfied.,True,True,0.010000000000001563,0.017261706630381235,1.0,0.0008781950039623589,9.591006965701409e-05,0.0008781968457618125,9.591016124978632e-05
17.759999999999977,1786132519.4762084,0.007040899989078753,0.007443099995725788,0.01,TELEOP,0,,0.0,17.759999999999977,1776,0.046933333333332716,0.0,0.0,0.0,0.0,0.17364817766693036,0.9848077530122081,0.0442811930720568,4.279912333230488e-48,8.631356863160457e-36,8.893160937225383e-23,2.7640982432613465e-10,0.1736481773988553,0.984807753059477,-0.002715642078382964,-0.22496149868535165,0.2802328425555495,-0.13002950065326768,0.011376107350810443,0.0864101131338478,0.9876721143626565,-0.002875642055540284,-0.22496149868535165,0.2802328425555495,-0.13002950065326768,0.011376107350810443,0.0864101131338478,0.9876721143626565,-0.002875643900937707,-0.22496149873688,0.28023284279711297,-0.13002950063591776,0.011376107348610507,0.08641011325722678,0.9876721143541717,-0.0037538318331703374,-0.22495791717431343,0.28022778966682066,-0.12998328748714488,0.011377208934433947,0.08642178621663724,0.9876771633271787,-0.0037538318331703374,-0.22495791717431343,0.28022778966682066,-0.12998328748714488,0.011377208934433947,0.08642178621663724,0.9876771633271787,0.03633229574278319,-0.5163662245848526,0.7784825526891785,-0.27417024561528147,0.5390469315678303,-0.22734707778650773,0.02685305407394785,-0.5164824897717418,0.7784095303797284,-0.2914614300898277,0.5413357777189166,-0.24462813564827873,0.02685305407394785,-0.5164824897717418,0.7784095303797284,-0.2914614300898277,0.5413357777189166,-0.24462813564827873,0.08623624394737933,0.00045227347364836705,0.000913311879529442,0.15561405946019027,-0.022686730769822142,0.15552722570718955,-0.000510997376988731,0.005039023089994558,-0.00207893918925164,0.013154388933753897,0.015658654060160537,0.013110835907605839,0.7933333333333294,True,False,1,True,True,0.004088099987711757,4,1.8618538453716456e-09,2.498017425168259e-10,`gtol` termination condition is satisfied.,True,True,0.010000000000001563,0.017276455145948,1.0,0.00087820977336579,9.588782448452537e-05,0.0008782116171172784,9.588791612230403e-05
17.76999999999998,1786132519.4846652,0.007674700013012625,0.008225300000049174,0.01,TELEOP,0,,0.0,17.76999999999998,1777,0.04719999999999942,0.0,0.0,0.0,0.0,0.17364817766693036,0.9848077530122081,0.044547859728734075,3.888952214589873e-48,7.842902324722843e-36,8.080843726304168e-23,2.51160424015509e-10,0.17364817742334335,0.9848077530551591,-0.002635642081379782,-0.22496149868535165,0.2802328425555495,-0.13002950065312624,0.011376107339862582,0.08641011314778158,0.9876721143615822,-0.002795642060708184,-0.22496149868535165,0.2802328425555495,-0.13002950065312624,0.011376107339862582,0.08641011314778158,0.9876721143615822,-0.002795643908046583,-0.22496149873807242,0.28023284279664745,-0.13002950063580757,0.011376107337660849,0.08641011327131042,0.9876721143530802,-0.0036738493666475906,-0.22495792073747278,0.2802277917085976,-0.1299833066701235,0.011377181769495554,0.08642179673795851,0.9876771601949027,-0.0036738493666475906,-0.22495792073747278,0.2802277917085976,-0.1299833066701235,0.011377181769495554,0.08642179673795851,0.9876771601949027,0.03719456939790983,-0.5163557467327972,0.7784892228265764,-0.272598089582509,0.5388385884642417,-0.22577561352479258,0.027715369055437585,-0.516477463771574,0.7784184558250605,-0.2899039724579194,0.5411104744281469,-0.24307154912010503,0.027715369055437585,-0.516477463771574,0.7784184558250605,-0.2899039724579194,0.5411104744281469,-0.24307154912010503,0.08623149814896021,0.0005026000167781398,0.0008925445332131124,0.15574576319081246,-0.022530329076972288,0.1556586528173447,-0.0004745798419126396,0.005032654312976493,-0.0020767346316326323,0.013170373062216384,0.015640169284982918,0.013142711015514074,0.7949999999999964,True,False,1,True,True,0.003400600005988963,4,1.8637507541975964e-09,2.5009148764873986e-10,`gtol` termination condition is satisfied.,True,True,0.010000000000001563,0.01729118447454625,1.0,0.0008782272730309536,9.585407205626132e-05,0.0008782291187220487,9.585416377922741e-05
17.77999999999998,1786132519.4967546,0.00859919999493286,0.011715600005118176,0.01,TELEOP,0,,0.0,17.77999999999998,1778,0.04746666666666613,0.0,0.0,0.0,0.0,0.17364817766693036,0.9848077530122081,0.044814526386373385,3.5337054009113045e-48,7.126471289546481e-36,7.342681964828624e-23,2.282174982480036e-10,0.17364817744559446,0.9848077530512357,-0.0025556420840879886,-0.22496149868535165,0.2802328425555495,-0.13002950065299776,0.011376107329914783,0.08641011316044256,0.987672114360606,-0.002715642065384145,-0.22496149868535165,0.2802328425555495,-0.13002950065299776,0.011376107329914783,0.08641011316044256,0.987672114360606,-0.0027156439146507685,-0.2249614987392707,0.2802328427961758,-0.13002950063571092,0.01137610732771121,0.08641011328412046,0.9876721143520868,-0.003593869310949481,-0.2249579246188032,0.2802277944747186,-0.12998333246794483,0.011377147761527187,0.08642181285908185,0.9876771557809212,-0.003593869310949481,-0.2249579246188032,0.2802277944747186,-0.12998333246794483,0.011377147761527187,0.08642181285908185,0.9876771557809212,0.038056817898549124,-0.5163447702637258,0.778495686194208,-0.2710246576316944,0.5386318028011281,-0.22420286697914052,0.028577640072102575,-0.5164719351220601,0.7784271738052896,-0.28834519660904345,0.540886733414198,-0.241513645621078,0.028577640072102575,-0.5164719351220601,0.7784271738052896,-0.28834519660904345,0.540886733414198,-0.241513645621078,0.08622710166648542,0.0005528649513856426,0.0008717980229088349,0.15587758488756767,-0.02237410139487649,0.15579034990268023,-0.0004396482474782609,0.005026493460749494,-0.002074651030427427,0.01318216967551832,0.015622768209577522,0.013169708533552343,0.7966666666666633,True,False,1,True,True,0.005911800006288104,4,1.8656353676194723e-09,2.5037960620887077e-10,`gtol` termination condition is satisfied.,True,True,0.010000000000001563,0.017305882875410405,1.0,0.000878247178527026,9.580977563510325e-05,0.0008782490261452301,9.580986747730053e-05
17.78999999999998,1786132519.5057862,0.012042100002872758,0.00870510000095237,0.01,TELEOP,0,,0.0,17.78999999999998,1779,0.047733333333332836,0.0,0.0,0.0,0.0,0.17364817766693036,0.9848077530122081,0.04508119304488392,3.210909564170771e-48,6.475484576753927e-36,6.671970966193098e-23,2.073703558844853e-10,0.173648177465813,0.9848077530476705,-0.002475642086534828,-0.22496149868535165,0.2802328425555495,-0.13002950065288094,0.011376107320875689,0.08641011317194694,0.9876721143597189,-0.002635642069614282,-0.22496149868535165,0.2802328425555495,-0.13002950065288094,0.011376107320875689,0.08641011317194694,0.9876721143597189,-0.0026356439207962552,-0.22496149874047516,0.2802328427956981,-0.13002950063562635,0.011376107318670236,0.08641011329577308,0.9876721143511825,-0.003513891351422275,-0.22495792878056506,0.2802277978853332,-0.12998336416995934,0.011377107972318492,0.08642183350708633,0.9876771502604075,-0.003513891351422275,-0.22495792878056506,0.2802277978853332,-0.12998336416995934,0.011377107972318492,0.08642183350708633,0.9876771502604075,0.03891904005732203,-0.516333295179311,0.7785019426819263,-0.26944996000326105,0.5384265764929139,-0.2226288487868548,0.029439870448387296,-0.5164659044159589,0.7784356845154762,-0.28678510182670036,0.5406645530616805,-0.23995442299117664,0.029439870448387296,-0.5164659044159589,0.7784356845154762,-0.28678510182670036,0.5406645530616805,-0.23995442299117664,0.08622303762845848,0.0006030706101237198,0.0008510710186641444,0.15600947823428596,-0.022218035251750715,0.1559222629901119,-0.0004064038026940775,0.005020565873806934,-0.002072700424468728,0.013189334671825464,0.015606614312575214,0.013191308743164728,0.7983333333333302,True,False,1,True,True,0.003628600010415539,4,1.8675076068777077e-09,2.506660106212777e-10,`gtol` termination condition is satisfied.,True,True,0.010000000000001563,0.01732053897734903,1.0,0.0008782691757858492,9.575590858747265e-05,0.0008782710253185128,9.575600057742446e-05
17.799999999999983,1786132519.51329,0.009024599989061244,0.007183699999586679,0.01,TELEOP,0,,0.0,17.799999999999983,1780,0.04799999999999954,0.0,0.0,0.0,0.0,0.17364817766693036,0.9848077530122081,0.04534785970418334,2.917600382483641e-48,5.883963998463884e-36,6.062490719932103e-23,1.8842755193684029e-10,0.1736481774841846,0.9848077530444311,-0.0023956420887450026,-0.22496149868535165,0.2802328425555495,-0.13002950065277485,0.011376107312662302,0.08641011318240048,0.9876721143589129,-0.002555642073440426,-0.22496149868535165,0.2802328425555495,-0.13002950065277485,0.011376107312662302,0.08641011318240048,0.9876721143589129,-0.002555643926524704,-0.2249614987416858,0.2802328427952147,-0.13002950063555344,0.011376107310454972,0.08641011330637406,0.9876721143503593,-0.0034339151850955874,-0.22495793318586904,0.2802278018621548,-0.1299834010785009,0.01137706341563876,0.08642185766773815,0.9876771438022444,-0.0034339151850955874,-0.22495793318586904,0.2802278018621548,-0.1299834010785009,0.01137706341563876,0.08642185766773815,0.9876771438022444,0.039781234686722025,-0.5163213214821781,0.778507992178615,-0.26787400698624136,0.538222911434373,-0.22105356963367206,0.030302063322747846,-0.5164593722205482,0.7784439881363635,-0.28522368789538266,0.5404439318939053,-0.23839387965433992,0.030302063322747846,-0.5164593722205482,0.7784439881363635,-0.28522368789538266,0.5404439318939053,-0.23839387965433992,0.08621928743604161,0.0006532195410722535,0.0008303620887329731,0.15614139313174757,-0.022062116777512807,0.15605433368364743,-0.0003750192416867443,0.005014893094852586,-0.0020708929931168058,0.013191489746158571,0.015591847423788332,0.013207069353552103,0.7999999999999972,True,False,1,True,True,0.003604900004575029,4,1.869367353552611e-09,2.509506755076918e-10,`gtol` termination condition is satisfied.,True,True,0.010000000000001563,0.017335141823439315,1.0,0.0008782929624140686,9.569344195111337e-05,0.0008782948138483452,9.569353411067677e-05
17.809999999999985,1786132519.5236459,0.007620100004714914,0.009919799995259382,0.01,TELEOP,0,,0.0,17.809999999999985,1781,0.04826666666666626,0.0,0.0,0.0,0.0,0.17364817766693036,0.9848077530122081,0.04561452636419698,2.651084317931279e-48,5.3464774604673914e-36,5.508667450433708e-23,1.7121512947626002e-10,0.173648177500878,0.9848077530414876,-0.0023156420907409093,-0.22496149868535165,0.2802328425555495,-0.1300295006526784,0.01137610730519918,0.08641011319189905,0.9876721143581806,-0.0024756420769005225,-0.22496149868535165,0.2802328425555495,-0.1300295006526784,0.01137610730519918,0.08641011319189905,0.9876721143581806,-0.0024756439318739908,-0.2249614987429024,0.2802328427947254,-0.13002950063549057,0.011376107302989972,0.08641011331601924,0.9876721143496098,-0.0033539405218109275,-0.2249579377988613,0.2802278063288779,-0.12998344251269167,0.011377015054217022,0.08642188438765754,0.9876771365683689,-0.0033539405218109275,-0.2249579377988613,0.2802278063288779,-0.12998344251269167,0.011377015054217022,0.08642188438765754,0.9876771365683689,0.04064340059911303,-0.5163088491759105,0.7785138345721958,-0.26629680891798607,0.5380208095005351,-0.21947704025346715,0.031164221633108675,-0.5164523390758339,0.7784520848335369,-0.2836609551321095,0.5402248685846018,-0.23683201465528908,0.031164221633108675,-0.5164523390758339,0.7784520848335369,-0.2836609551321095,0.5402248685846018,-0.23683201465528908,0.08621583103606953,0.0007033144714257513,0.0008096697173332076,0.15627327632729404,-0.02190633093033822,0.1561864999050607,-0.00034563999720879185,0.005009493035348996,-0.002069237139976219,0.013188319554644409,0.015578584717456056,0.013216622141324954,0.8016666666666641,True,False,1,True,True,0.004765899997437373,4,1.8712145167003146e-09,2.5123361226126403e-10,`gtol` termination condition is satisfied.,True,True,0.010000000000001563,0.017349680909141296,1.0,0.0008783182488173339,9.562333391517031e-05,0.0008783201021402848,9.562342626179714e-05
17.819999999999986,1786132519.5325518,0.01016390000586398,0.008661700005177408,0.01,TELEOP,0,,0.0,17.819999999999986,1782,0.04853333333333296,0.0,0.0,0.0,0.0,0.17364817766693036,0.9848077530122081,0.045881193024857166,2.4089138810704013e-48,4.858089077830598e-36,5.005412058226153e-23,1.5557502213918139e-10,0.1736481775160465,0.984807753038813,-0.002235642092542855,-0.22496149868535165,0.2802328425555495,-0.1300295006525908,0.011376107298417808,0.08641011320053,0.9876721143575151,-0.002395642080028989,-0.22496149868535165,0.2802328425555495,-0.1300295006525908,0.011376107298417808,0.08641011320053,0.9876721143575151,-0.002395643936878404,-0.22496149874412494,0.2802328427942302,-0.1300295006354372,0.011376107296206615,0.08641011332479596,0.987672114348927,-0.003273967085168892,-0.22495794258488838,0.28022781121155277,-0.12998348781185798,0.01137696379732722,0.08642191277585684,0.9876771287132152,-0.003273967085168892,-0.22495794258488838,0.28022781121155277,-0.12998348781185798,0.01137696379732722,0.08642191277585684,0.9876771287132152,0.04150553660672776,-0.5162958782650465,0.7785194697496298,-0.26471837618386795,0.5378202725466011,-0.21789927142795243,0.032026348104922914,-0.5164448054931042,0.778459974756752,-0.2820969044119685,0.5400073619674765,-0.2352688276893026,0.032026348104922914,-0.5164448054931042,0.778459974756752,-0.2820969044119685,0.5400073619674765,-0.2352688276893026,0.08621264718141032,0.0007533582729648292,0.0007889923215088589,0.15640507201407616,-0.021750661712532718,0.15631869659862277,-0.0003183854659207184,0.005004380153907009,-0.0020677395824345492,0.013179568678211434,0.015566921780548032,0.013219669356206073,0.803333333333331,True,False,1,True,True,0.0037262000114424154,4,1.8730489974253064e-09,2.51514756877692e-10,`gtol` termination condition is satisfied.,True,True,0.010000000000001563,0.01736414621412341,1.0,0.0008783447591439651,9.554652108558731e-05,0.0008783466143424978,9.554661363126334e-05
17.829999999999988,1786132519.5447547,0.009034599992446601,0.011830200004624203,0.01,TELEOP,0,,0.0,17.829999999999988,1783,0.04879999999999967,0.0,0.0,0.0,0.0,0.17364817766693036,0.9848077530122081,0.04614785968610253,2.1888651549724434e-48,4.414313847322146e-36,4.548200899334538e-23,1.4136360256065055e-10,0.1736481775298294,0.9848077530363827,-0.0021556420941692463,-0.22496149868535165,0.2802328425555495,-0.1300295006525112,0.011376107292255891,0.08641011320837254,0.9876721143569105,-0.0023156420828570404,-0.22496149868535165,0.2802328425555495,-0.1300295006525112,0.011376107292255891,0.08641011320837254,0.9876721143569105,-0.0023156439415690545,-0.22496149874535348,0.280232842793729,-0.13002950063539243,0.011376107290042754,0.0864101133327834,0.9876721143483052,-0.0031939946133041526,-0.22495794751064238,0.28022781643891637,-0.12998353633856236,0.011376910498943881,0.0864219420046939,0.9876771203832546,-0.0031939946133041526,-0.22495794751064238,0.28022781643891637,-0.12998353633856236,0.011376910498943881,0.0864219420046939,0.9876771203832546,0.042367641521668,-0.5162824087550804,0.7785248975969193,-0.26313871921697746,0.5376213024078493,-0.2163202739863687,0.032888445241702265,-0.5164367719538102,0.7784676580394225,-0.2805315371879851,0.5397914110437252,-0.23370431912532239,0.032888445241702265,-0.5164367719538102,0.7784676580394225,-0.2805315371879851,0.5397914110437252,-0.23370431912532239,0.08620971367792132,0.0008033539294010133,0.0007683282670548864,0.15653672239831362,-0.021595092375118245,0.15645085639799722,-0.0002933503488995968,0.004999565643617628,-0.002066405445396921,0.013165038423743058,0.015556933741444977,0.013215979937443214,0.8049999999999979,True,False,1,True,True,0.00583819999883417,4,1.8748706785580723e-09,2.517940845467568e-10,`gtol` termination condition is satisfied.,True,True,0.010000000000001563,0.017378528228100543,1.0,0.0008783722320566457,9.546391136203264e-05,0.0008783740891175415,9.546400411411682e-05
17.83999999999999,1786132519.552702,0.012209799999254756,0.007567399996332824,0.01,TELEOP,0,,0.0,17.83999999999999,1784,0.04906666666666638,0.0,0.0,0.0,0.0,0.17364817766693036,0.9848077530122081,0.04641452634787746,1.9889173723900825e-48,4.011076460409756e-36,4.132712278175701e-23,1.2845036340497348e-10,0.17364817754235326,0.9848077530341744,-0.0020756420956367667,-0.22496149868535165,0.2802328425555495,-0.13002950065243887,0.01137610728665685,0.08641011321549863,0.987672114356361,-0.0022356420854129856,-0.22496149868535165,0.2802328425555495,-0.13002950065243887,0.01137610728665685,0.08641011321549863,0.987672114356361,-0.002235643945974055,-0.22496149874658788,0.2802328427932221,-0.1300295006353557,0.011376107284441685,0.08641011334005358,0.9876721143477384,-0.0031140228594963466,-0.2249579525442866,0.2802278219426814,-0.1299835874812582,0.01137685595643501,0.08642197131028484,0.9876771117166242,-0.0031140228594963466,-0.2249579525442866,0.2802278219426814,-0.1299835874812582,0.01137685595643501,0.08642197131028484,0.9876771117166242,0.04322971415590337,-0.5162684406524637,0.7785301179991118,-0.2615578484978181,0.5374239008995485,-0.2147400588051763,0.03375051531787641,-0.5164282389087536,0.7784751347982573,-0.278964855505652,0.5395770149876187,-0.23213849002278392,0.03375051531787641,-0.5164282389087536,0.7784751347982573,-0.278964855505652,0.5395770149876187,-0.23213849002278392,0.08620700761740087,0.0008533045056638011,0.0007476758834733868,0.15666816823329238,-0.021439605610647734,0.15658291025382115,-0.00027060605204536997,0.004995057626278004,-0.002065238358149631,0.013144583497874212,0.015548676447048732,0.013205385582390483,0.8066666666666649,True,False,1,True,True,0.003449299998464994,4,1.87667941756385e-09,2.5207162788830174e-10,`gtol` termination condition is satisfied.,True,True,0.010000000000001563,0.017392817971007668,1.0,0.0008784004213406975,9.537637827364249e-05,0.0008784022802505174,9.537647123460752e-05
17.84999999999999,1786132519.5597591,0.007787499998812564,0.006837199995061383,0.01,TELEOP,0,,0.0,17.84999999999999,1785,0.04933333333333309,0.0,0.0,0.0,0.0,0.17364817766693036,0.9848077530122081,0.04668119301013155,1.807234358502487e-48,3.644673878594554e-36,3.7551899546633396e-23,1.167167188811934e-10,0.1736481775537331,0.9848077530321678,-0.001995642096960539,-0.22496149868535165,0.2802328425555495,-0.13002950065237315,0.011376107281569273,0.08641011322197381,0.9876721143558618,-0.0021556420877224965,-0.22496149868535165,0.2802328425555495,-0.13002950065237315,0.011376107281569273,0.08641011322197381,0.9876721143558618,-0.0021556439501190794,-0.2249614987478281,0.28023284279270927,-0.130029500635326,0.011376107279352126,0.08641011334667194,0.9876721143472219,-0.0030340515926266486,-0.2249579576555627,0.28022782765778387,-0.12998364065657564,0.011376800909754658,0.08642199999242076,0.9876771028428432,-0.0030340515926266486,-0.2249579576555627,0.28022782765778387,-0.12998364065657564,0.011376800909754658,0.08642199999242076,0.9876771028428432,0.04409175332127016,-0.5162539739646054,0.7785351308403058,-0.25997577455399407,0.5372280698168715,-0.2131586368077377,0.0346125603738374,-0.5164192067775617,0.7784824051330367,-0.27739686201246005,0.5393641731502797,-0.23057134214257471,0.0346125603738374,-0.5164192067775617,0.7784824051330367,-0.27739686201246005,0.5393641731502797,-0.23057134214257471,0.08620450559608535,0.0009032131191836197,0.0007270334779398639,0.15679934931916936,-0.02128418373389035,0.15671478802089595,-0.0002502021315521399,0.004990861351981076,-0.0020642405533519786,0.01311810858769617,0.015542187675735992,0.013187776707478116,0.8083333333333318,True,False,1,True,True,0.003493800002615899,4,1.8784752072851732e-09,2.523473285329264e-10,`gtol` termination condition is satisfied.,True,True,0.010000000000001563,0.017407007007833875,1.0,0.0008784290963580712,9.528475660395254e-05,0.000878430957103359,9.528484977282911e-05
17.859999999999992,1786132519.5670578,0.007092600004398264,0.007042899989755824,0.01,TELEOP,0,,0.0,17.859999999999992,1786,0.0495999999999998,0.0,0.0,0.0,0.0,0.17364817766693036,0.9848077530122081,0.046947859672819114,1.6421476688229772e-48,3.3117413274022864e-36,3.4121604164595865e-23,1.0605491573738157e-10,0.1736481775640734,0.9848077530303445,-0.0019156420981542698,-0.22496149868535165,0.2802328425555495,-0.1300295006523134,0.011376107276946433,0.08641011322785748,0.9876721143554081,-0.0020756420898088513,-0.22496149868535165,0.2802328425555495,-0.1300295006523134,0.011376107276946433,0.08641011322785748,0.9876721143554081,-0.0020756439540272204,-0.22496149874907417,0.2802328427921906,-0.1300295006353027,0.011376107274727239,0.08641011335269798,0.9876721143467511,-0.0029540805974892156,-0.22495796281587896,0.2802278335225914,-0.12998369531124948,0.011376746041100743,0.08642202741403264,0.9876770938826094,-0.0029540805974892156,-0.22495796281587896,0.2802278335225914,-0.12998369531124948,0.011376746041100743,0.08642202741403264,0.9876770938826094,0.044953757829473855,-0.5162390086998717,0.7785399360036505,-0.25839250795988983,0.5370338109348048,-0.21157601896399267,0.03547458221302135,-0.5164096759484297,0.7784894691265193,-0.27582755996278013,0.5391528850617783,-0.22900287795253166,0.03547458221302135,-0.5164096759484297,0.7784894691265193,-0.27582755996278013,0.5391528850617783,-0.22900287795253166,0.08620218391838133,0.0009530829132030383,0.0007063993482599939,0.15693020496796792,-0.021128808850145914,0.15684641900428106,-0.00023216777040174774,0.0049869794019410775,-0.0020634129679866714,0.013085564879854416,0.015537488374441077,0.01316309833850939,0.8099999999999987,True,False,1,True,True,0.003695600011269562,4,1.880257880249482e-09,2.5262130881569263e-10,`gtol` termination condition is satisfied.,True,True,0.010000000000001563,0.01742108745846599,1.0,0.00087845804235732,9.518983915056563e-05,0.0008784599049244129,9.5189932522671e-05
17.869999999999994,1786132519.57413,0.00726060000306461,0.00685539998812601,0.01,TELEOP,0,,0.0,17.869999999999994,1787,0.049866666666666504,0.0,0.0,0.0,0.0,0.17364817766693036,0.9848077530122081,0.04721452633589876,1.4921412674199265e-48,3.009221396744983e-36,3.1004732686533504e-23,9.636704373310145e-11,0.17364817757346915,0.9848077530286878,-0.0018356420992303758,-0.22496149868535165,0.2802328425555495,-0.13002950065225916,0.011376107272745878,0.08641011323320369,0.9876721143549959,-0.0019956420916931563,-0.22496149868535165,0.2802328425555495,-0.13002950065225916,0.011376107272745878,0.08641011323320369,0.9876721143549959,-0.001995643957719489,-0.22496149875032595,0.28023284279166605,-0.13002950063528565,0.011376107270524627,0.08641011335818564,0.9876721143463216,-0.0028741096749673664,-0.22495796799838166,0.2802278394790724,-0.1299837509237015,0.011376691975000084,0.0864220530002474,0.9876770849476734,-0.0028741096749673664,-0.22495796799838166,0.2802278394790724,-0.1299837509237015,0.011376691975000084,0.0864220530002474,0.9876770849476734,0.04581572649208805,-0.516223544867588,0.7785445333713525,-0.25680805933634954,0.5368411260080649,-0.20999221629013248,0.03633658240087794,-0.5163996467781083,0.7784963268444675,-0.2742569532184455,0.5389431504316677,-0.22743310062789218,0.03633658240087794,-0.5163996467781083,0.7784963268444675,-0.2742569532184455,0.5389431504316677,-0.22743310062789218,0.08620001878564587,0.001002917032131713,0.0006857717948169762,0.1570606744334363,-0.020973463011045808,0.15697773246392374,-0.00021651327354553035,0.004983411892866694,-0.0020627553443014536,0.013046946546836635,0.015534583910008198,0.01313134596426721,0.8116666666666656,True,False,1,True,True,0.0034450999955879524,4,1.882027356076998e-09,2.5289340747746504e-10,`gtol` termination condition is satisfied.,True,True,0.010000000000001563,0.017435052002890306,1.0,0.000878487060648038,9.509237446065345e-05,0.0008784889250231596,9.50924680271232e-05
17.879999999999995,1786132519.5820127,0.007080199997290038,0.00765769999998156,0.01,TELEOP,0,,0.0,17.879999999999995,1788,0.05013333333333321,0.0,0.0,0.0,0.0,0.17364817766693036,0.9848077530122081,0.047481192999332976,1.3558376047468351e-48,2.7343359638933057e-36,2.8172204544036247e-23,8.75641365029431e-11,0.17364817758200662,0.9848077530271825,-0.001755642100200112,-0.22496149868535165,0.2802328425555495,-0.1300295006522098,0.011376107268929035,0.08641011323806155,0.9876721143546213,-0.0019156420933945475,-0.22496149868535165,0.2802328425555495,-0.1300295006522098,0.011376107268929035,0.08641011323806155,0.9876721143546213,-0.0019156439612148905,-0.2249614987515834,0.28023284279113586,-0.13002950063527405,0.011376107266705661,0.08641011336318408,0.9876721143459298,-0.0027941386420845225,-0.22495797317800903,0.2802278454729284,-0.12998380700529175,0.011376639278785863,0.08642207623707818,0.987677076140782,-0.0027941386420845225,-0.22495797317800903,0.2802278454729284,-0.12998380700529175,0.011376639278785863,0.08642207623707818,0.987677076140782,0.046677658120556006,-0.5162075824780386,0.778548922824677,-0.2552224393503499,0.5366500167710077,-0.20840723984826817,0.03719856226557759,-0.5163891195921189,0.7785029783357825,-0.2726850462453881,0.5387349691480896,-0.22586201404711415,0.03719856226557759,-0.5163891195921189,0.7785029783357825,-0.2726850462453881,0.5387349691480896,-0.22586201404711415,0.08619798646995182,0.0010527185989469905,0.0006651491315055366,0.15719069730571636,-0.020818128357805915,0.15710865807778013,-0.00020323156940544226,0.004980156681526985,-0.002062266331143635,0.01300228722800496,0.015533465323986934,0.013092561385636322,0.8133333333333326,True,False,1,True,True,0.0037837999989278615,4,1.883783539003395e-09,2.5316360806737665e-10,`gtol` termination condition is satisfied.,True,True,0.010000000000001563,0.017448893882095973,1.0,0.0008785159686508445,9.499306539315933e-05,0.0008785178348200693,9.499315914230059e-05
17.889999999999997,1786132519.5900779,0.007878200005507097,0.007844899999327026,0.01,TELEOP,0,,0.0,17.889999999999997,1789,0.050399999999999924,0.0,0.0,0.0,0.0,0.17364817766693036,0.9848077530122081,0.04774785966308778,1.2319849672305136e-48,2.484560681220604e-36,2.559877618813702e-23,7.956535455410982e-11,0.17364817758976422,0.9848077530258146,-0.00167564210107367,-0.22496149868535165,0.2802328425555495,-0.13002950065216506,0.011376107265460853,0.08641011324247565,0.987672114354281,-0.001835642094930372,-0.22496149868535165,0.2802328425555495,-0.13002950065216506,0.011376107265460853,0.08641011324247565,0.987672114354281,-0.0018356439645307032,-0.2249614987528465,0.28023284279059957,-0.1300295006352678,0.011376107263235381,0.08641011336773788,0.9876721143455722,-0.0027141673319395904,-0.22495797833153006,0.28022785145369167,-0.12998386310125268,0.011376588463430228,0.08642209666979027,0.9876770675556895,-0.0027141673319395904,-0.22495797833153006,0.28022785145369167,-0.12998386310125268,0.011376588463430228,0.08642209666979027,0.9876770675556895,0.04753955152619128,-0.5161911215424678,0.7785531042439562,-0.25363565871466565,0.5364604849375492,-0.20682110074609056,0.038060522900306544,-0.5163780946851726,0.7785094236327392,-0.27111184410667766,0.5385283412755698,-0.22428962278347714,0.038060522900306544,-0.5163780946851726,0.7785094236327392,-0.27111184410667766,0.5385283412755698,-0.22428962278347714,0.086196063472882,0.0011024906946257478,0.0006445296956673354,0.1573202138710195,-0.020662787251975148,0.15723912636367596,-0.000192299706981471,0.004977209567874946,-0.0020619435838197934,0.01295165653031084,0.015534110583074329,0.01304682858958156,0.8149999999999995,True,False,1,True,True,0.0033949999924516305,4,1.8855263185006524e-09,2.534319656212317e-10,`gtol` termination condition is satisfied.,True,True,0.010000000000001563,0.017462606895038202,1.0,0.0008785445998319173,9.489256838292602e-05,0.0008785464677812367,9.489266229981598e-05
17.9,1786132519.5991108,0.008198099996661767,0.008679000005940907,0.01,TELEOP,0,,0.0,17.9,1790,0.05066666666666663,0.0,0.0,0.0,0.0,0.17364817766693036,0.9848077530122081,0.04801452632713239,1.1194459824452014e-48,2.2576017944326998e-36,2.3260415760219172e-23,7.229724289529962e-11,0.17364817759681317,0.9848077530245717,-0.0015956421018602871,-0.22496149868535165,0.2802328425555495,-0.1300295006521243,0.01137610726230948,0.08641011324648654,0.9876721143539718,-0.001755642096316355,-0.22496149868535165,0.2802328425555495,-0.1300295006521243,0.01137610726230948,0.08641011324648654,0.9876721143539718,-0.0017556439676824805,-0.22496149875411514,0.28023284279005767,-0.13002950063526586,0.011376107260081866,0.08641011337188756,0.9876721143452457,-0.002634195593536958,-0.22495798343756768,0.2802278573747895,-0.12998391879132398,0.01137653998469778,0.08642211390098277,0.9876770592772278,-0.002634195593536958,-0.22495798343756768,0.2802278573747895,-0.12998391879132398,0.01137653998469778,0.08642211390098277,0.9876770592772278,0.04840140552018006,-0.516174162073079,0.7785570775085847,-0.2520477281875349,0.5362725322010716,-0.20523381013653152,0.038922465167001666,-0.5163665723217767,0.7785156627513096,-0.26953735245231014,0.5383232670516316,-0.22271593209287274,0.038922465167001666,-0.5163665723217767,0.7785156627513096,-0.26953735245231014,0.5383232670516316,-0.22271593209287274,0.08619422666949844,0.0011522363395830653,0.0006239118570321987,0.15744916543672813,-0.020507422393823155,0.1573690690604152,-0.0001836803383558026,0.004974564495730977,-0.002061783863513345,0.012895156570862331,0.01553648581519686,0.01299426967392367,0.8166666666666664,True,False,1,True,True,0.004724300000816584,4,1.8872555961271588e-09,2.536984577630207e-10,`gtol` termination condition is satisfied.,True,True,0.010000000000001563,0.01747618539201201,1.0,0.0008785728035327357,9.479149326866367e-05,0.0008785746732479513,9.479158733663516e-05
17.91,1786132519.6066897,0.008937299993704073,0.007321199998841621,0.01,TELEOP,0,,0.0,17.91,1791,0.05093333333333334,0.0,0.0,0.0,0.0,0.17364817766693036,0.9848077530122081,0.04828119299143893,1.0171871743125149e-48,2.051375078398902e-36,2.1135716730758624e-23,6.569305647948341e-11,0.1736481776032182,0.9848077530234423,-0.0015156421025683247,-0.22496149868535165,0.2802328425555495,-0.13002950065208732,0.011376107259445973,0.08641011325013101,0.9876721143536907,-0.001675642097566749,-0.22496149868535165,0.2802328425555495,-0.13002950065208732,0.011376107259445973,0.08641011325013101,0.9876721143536907,-0.0016756439706844158,-0.22496149875538934,0.28023284278951005,-0.13002950063526844,0.01137610725721614,0.08641011337566991,0.9876721143449475,-0.0025542232915206943,-0.2249579884766076,0.28022786319357684,-0.1299839736901057,0.01137649424458473,0.0864221275884251,0.9876770513814336,-0.0025542232915206943,-0.2249579884766076,0.28022786319357684,-0.1299839736901057,0.01137649424458473,0.0864221275884251,0.9876770513814336,0.04926321891358164,-0.5161567040830382,0.7785608424970312,-0.2504586585723154,0.5360861602343472,-0.20364537921741438,0.03978438970137901,-0.516354552737006,0.7785216956915666,-0.26796157750608435,0.5381197468823459,-0.22114094789818356,0.03978438970137901,-0.516354552737006,0.7785216956915666,-0.26796157750608435,0.5381197468823459,-0.22114094789818356,0.08619245343772078,0.0012019584770751692,0.0006032940256972913,0.1575774946225527,-0.020352016928563144,0.15749841946889337,-0.00017732317776665563,0.004972213749209624,-0.002061783133490414,0.012832918582454899,0.01554054652599882,0.012935040847815207,0.8183333333333334,True,False,1,True,True,0.003404999995836988,4,1.888971313361879e-09,2.5396304128391864e-10,`gtol` termination condition is satisfied.,True,True,0.010000000000001563,0.01748962426477524,1.0,0.0008786004447039166,9.469040358737336e-05,0.0008786023161707584,9.469049778660309e-05
17.92,1786132519.6143928,0.0075739000021712855,0.007450100005371496,0.01,TELEOP,0,,0.0,17.92,1792,0.051200000000000044,0.0,0.0,0.0,0.0,0.17364817766693036,0.9848077530122081,0.04854785965598214,9.242694724097838e-49,1.8639866971462703e-36,1.9204888157365192e-23,5.969214726593585e-11,0.17364817760903817,0.9848077530224161,-0.0014356421032053618,-0.22496149868535165,0.2802328425555495,-0.13002950065205368,0.011376107256844046,0.08641011325344258,0.9876721143534355,-0.0015956420986944714,-0.22496149868535165,0.2802328425555495,-0.13002950065205368,0.011376107256844046,0.08641011325344258,0.9876721143534355,-0.001595643973549249,-0.22496149875666904,0.2802328427889566,-0.13002950063527485,0.011376107254612,0.08641011337911843,0.987672114344675,-0.002474250305822913,-0.22495799343099473,0.2802278688713401,-0.1299840274471452,0.011376451593009347,0.08642213744268493,0.9876770439357236,-0.002474250305822913,-0.22495799343099473,0.2802278688713401,-0.1299840274471452,0.011376451593009347,0.08642213744268493,0.9876770439357236,0.05012499051733118,-0.5161387475864718,0.77856439908684,-0.2488684607171383,0.5359013706894509,-0.20205581923110255,0.04064629691911347,-0.5163420361374208,0.7785275224381583,-0.2663845260498986,0.5379177813369389,-0.2195646767706415,0.04064629691911347,-0.5163420361374208,0.7785275224381583,-0.2663845260498986,0.5379177813369389,-0.2195646767706415,0.08619072177343305,0.0012516599585232252,0.0005826746591624151,0.1577051456185525,-0.020196554540693273,0.15762711275418076,-0.00017316642877222382,0.004970148144804811,-0.0020619366534872954,0.012765099599980578,0.015546238786984535,0.012869328528736467,0.8200000000000003,True,False,1,True,True,0.0040422000020043924,4,1.8906732913651227e-09,2.542256872238661e-10,`gtol` termination condition is satisfied.,True,True,0.010000000000001563,0.01750291893376893,1.0,0.0008786274035539289,9.458981722325329e-05,0.0008786292767579371,9.458991153248251e-05
17.930000000000003,1786132519.622304,0.007674100008443929,0.0076874000078532845,0.01,TELEOP,0,,0.0,17.930000000000003,1793,0.05146666666666676,0.0,0.0,0.0,0.0,0.17364817766693036,0.9848077530122081,0.04881452632073916,8.398395882311801e-49,1.6937158122492483e-36,1.7450360529957793e-23,5.423940727274134e-11,0.1736481776143265,0.9848077530214836,-0.0013556421037782557,-0.22496149868535165,0.2802328425555495,-0.13002950065202315,0.011376107254479798,0.08641011325645165,0.9876721143532035,-0.0015156420997112282,-0.22496149868535165,0.2802328425555495,-0.13002950065202315,0.011376107254479798,0.08641011325645165,0.9876721143532035,-0.001515643976288658,-0.22496149875795407,0.2802328427883974,-0.1300295006352852,0.011376107252245563,0.08641011338226356,0.9876721143444257,-0.0023942765312354036,-0.22495799828491653,0.28022787437327407,-0.12998407974678058,0.01137641232972247,0.08642214322458375,0.9876770369991176,-0.0023942765312354036,-0.22495799828491653,0.28022787437327407,-0.12998407974678058,0.01137641232972247,0.08642214322458375,0.9876770369991176,0.050986719142240844,-0.5161202925984699,0.7785677471546348,-0.24727714551455787,0.5357181651976783,-0.2004651414641446,0.041508187023030683,-0.5163290227021139,0.7785331429608428,-0.2648062054057884,0.537717371141571,-0.21798712590854394,0.041508187023030683,-0.5163290227021139,0.7785331429608428,-0.2648062054057884,0.537717371141571,-0.21798712590854394,0.08618901039170764,0.00130134353069552,0.0005620522684520564,0.1578320644109931,-0.020041019536788645,0.15775508620973303,-0.00017113817254120017,0.004968357217228708,-0.0020622390710355507,0.012691879244057283,0.015553500390460412,0.012797345555223827,0.8216666666666672,True,False,1,True,True,0.003903999997419305,4,1.892361516862648e-09,2.5448648978739597e-10,`gtol` termination condition is satisfied.,True,True,0.010000000000001563,0.01751606533276029,1.0,0.0008786535751208038,9.449020733800854e-05,0.0008786554500474795,9.449030173362677e-05
17.940000000000005,1786132519.630504,0.007932399996207096,0.007954500004416332,0.01,TELEOP,0,,0.0,17.940000000000005,1794,0.051733333333333464,0.0,0.0,0.0,0.0,0.17364817766693036,0.9848077530122081,0.049081192985689276,7.631221792074975e-49,1.5389987799027843e-36,1.5856381873980975e-23,4.9284762505173604e-11,0.17364817761913173,0.9848077530206363,-0.001275642104293222,-0.22496149868535165,0.2802328425555495,-0.13002950065199542,0.011376107252331522,0.08641011325918586,0.9876721143529926,-0.0014356421006276269,-0.22496149868535165,0.2802328425555495,-0.13002950065199542,0.011376107252331522,0.08641011325918586,0.9876721143529926,-0.001435643978913062,-0.2249614987592447,0.28023284278783267,-0.13002950063529878,0.011376107250095005,0.08641011338513288,0.9876721143441975,-0.002314301876914275,-0.22495800302437624,0.28022787966843266,-0.129984130307754,0.011376376706405114,0.08642214474251285,0.9876770306224981,-0.002314301876914275,-0.22495800302437624,0.28022787966843266,-0.129984130307754,0.011376376706405114,0.08642214474251285,0.9876770306224981,0.05184840359900328,-0.5161013391350838,0.7785708865761201,-0.24568472390119428,0.5355365453694609,-0.19887335724691202,0.04237006001117684,-0.516315512583867,0.7785385572150764,-0.2632266234160166,0.5375185171723996,-0.21640830311369313,0.04237006001117684,-0.516315512583867,0.7785385572150764,-0.2632266234160166,0.5375185171723996,-0.21640830311369313,0.08618729881460185,0.0013510118246862263,0.0005414254233569569,0.1579581989771563,-0.01988539691713269,0.15788227948505523,-0.00017115771057778228,0.0049668293990698395,-0.002062684509509632,0.01261345661631742,0.015562261965593183,0.012719327532219327,0.8233333333333341,True,False,1,True,True,0.004436699993675575,4,1.8940358607093363e-09,2.547452459931623e-10,`gtol` termination condition is satisfied.,True,True,0.010000000000001563,0.017529059891230547,1.0,0.0008786788687776436,9.43920035039074e-05,0.0008786807454122868,9.439209796157719e-05
17.950000000000006,1786132519.6377976,0.008182699995813891,0.007065999991027638,0.01,TELEOP,0,,0.0,17.950000000000006,1795,0.05200000000000017,0.0,0.0,0.0,0.0,0.17364817766693036,0.9848077530122081,0.04934785965081375,6.934127285246486e-49,1.398414791556369e-36,1.4407806060054494e-23,4.47827131125544e-11,0.17364817762349802,0.9848077530198663,-0.0011956421047558796,-0.22496149868535165,0.2802328425555495,-0.1300295006519702,0.011376107250379483,0.08641011326167032,0.9876721143528011,-0.0013556421014532774,-0.22496149868535165,0.2802328425555495,-0.1300295006519702,0.011376107250379483,0.08641011326167032,0.9876721143528011,-0.001355643981432026,-0.22496149876054045,0.2802328427872619,-0.1300295006353154,0.011376107248140671,0.08641011338775154,0.9876721143439888,-0.0022343262658260053,-0.22495800763715412,0.28022788472965837,-0.12998417888262126,0.011376344928924267,0.0864221418496418,0.9876770248489074,-0.0022343262658260053,-0.22495800763715412,0.28022788472965837,-0.12998417888262126,0.011376344928924267,0.0864221418496418,0.9876770248489074,0.0527100426981924,-0.5160818872133317,0.7785738172260936,-0.24409120685737445,0.5353565127942899,-0.19728047795323408,0.04323191568563732,-0.5163015059104009,0.7785437651426448,-0.261645788421513,0.5373212204480334,-0.21482821676591002,0.04323191568563732,-0.5163015059104009,0.7785437651426448,-0.261645788421513,0.5373212204480334,-0.21482821676591002,0.08618556744603473,0.0014006673466118848,0.000520792756839207,0.15808349945033923,-0.019729672436614498,0.1580086347782861,-0.00017313685671260792,0.004965552192565073,-0.0020632666517746688,0.012530047318291365,0.015572448051816783,0.012635529323084862,0.8250000000000011,True,False,1,True,True,0.003478200000245124,4,1.895696204493068e-09,2.5500211030797205e-10,`gtol` termination condition is satisfied.,True,True,0.010000000000001563,0.017541899514822323,1.0,0.0008787032076790891,9.429559297944191e-05,0.0008787050860069509,9.429568747337704e-05
17.960000000000008,1786132519.6459837,0.0073631999985082075,0.007888599997386336,0.01,TELEOP,0,,0.0,17.960000000000008,1796,0.05226666666666688,0.0,0.0,0.0,0.0,0.17364817766693036,0.9848077530122081,0.04961452631609562,6.300710753543173e-49,1.2706728262430283e-36,1.309160741691134e-23,4.069191555072594e-11,0.17364817762746546,0.9848077530191668,-0.0011156421051713179,-0.22496149868535165,0.2802328425555495,-0.1300295006519473,0.011376107248605756,0.08641011326392777,0.987672114352627,-0.0012756421021968855,-0.22496149868535165,0.2802328425555495,-0.1300295006519473,0.011376107248605756,0.08641011326392777,0.987672114352627,-0.0012756439838540884,-0.22496149876184157,0.28023284278668564,-0.1300295006353348,0.011376107246364599,0.08641011339014218,0.9876721143437975,-0.002154349634143838,-0.22495801211276167,0.2802278895334896,-0.1299842252569691,0.01137631715971678,0.08642213444104899,0.987677019713874,-0.002154349634143838,-0.22495801211276167,0.2802278895334896,-0.1299842252569691,0.01137631715971678,0.08642213444104899,0.987677019713874,0.05357163525026767,-0.5160619368511924,0.7785765389784378,-0.24249660540676632,0.5351780690406284,-0.1956865150000277,0.044093753661980484,-0.5162870027857014,0.7785487666723311,-0.2600637092389489,0.5371254821214797,-0.21324687579595686,0.044093753661980484,-0.5162870027857014,0.7785487666723311,-0.2600637092389489,0.5371254821214797,-0.21324687579595686,0.08618379763430291,0.0014503124699557092,0.000500152968625542,0.15820791825638506,-0.01957383265537234,0.15813409699529168,-0.00017698117318193374,0.004964512334381655,-0.002063978821366181,0.012441880604580301,0.015583978124213601,0.012546221700554297,0.826666666666668,True,False,1,True,True,0.003953999999794178,4,1.8973424743523407e-09,2.552570150314656e-10,`gtol` termination condition is satisfied.,True,True,0.010000000000001563,0.017554581564138527,1.0,0.0008787265281588819,9.420132208575495e-05,0.0008787284081650345,9.420141658935291e-05
17.97000000000001,1786132519.6536028,0.008123400009935722,0.007384500000625849,0.01,TELEOP,0,,0.0,17.97000000000001,1797,0.05253333333333359,0.0,0.0,0.0,0.0,0.17364817766693036,0.9848077530122081,0.04988119298151952,5.725155360831166e-49,1.154599794782964e-36,1.1895770015243189e-23,3.697480291302054e-11,0.17364817763107052,0.9848077530185312,-0.0010356421055441479,-0.22496149868535165,0.2802328425555495,-0.13002950065192642,0.011376107246994055,0.08641011326597905,0.9876721143524688,-0.001195642102866338,-0.22496149868535165,0.2802328425555495,-0.13002950065192642,0.011376107246994055,0.08641011326597905,0.9876721143524688,-0.0011956439861870796,-0.22496149876314778,0.28023284278610366,-0.13002950063535687,0.011376107244750574,0.08641011339232574,0.9876721143436222,-0.002074371930602708,-0.22495801644238575,0.2802278940600507,-0.12998426924846607,0.011376293520276082,0.0864221224508017,0.9876770152457642,-0.002074371930602708,-0.22495801644238575,0.2802278940600507,-0.12998426924846607,0.011376293520276082,0.0864221224508017,0.9876770152457642,0.05443318006557498,-0.5160414880676143,0.7785790517061383,-0.24090093061601198,0.5350012156558387,-0.1940914798469248,0.04495557337920891,-0.5162720032914068,0.7785535617206116,-0.25848039513671695,0.5369313034716829,-0.21166428965718706,0.04495557337920891,-0.5162720032914068,0.7785535617206116,-0.25848039513671695,0.5369313034716829,-0.21166428965718706,0.0861819717228294,0.0014999494294643328,0.0004795048280506311,0.1583314102231703,-0.019417864979675323,0.15825861387695633,-0.00018259114735082183,0.004963695950861592,-0.0020648140574907633,0.012349196678521543,0.015596767569699249,0.012451688166462832,0.8283333333333349,True,False,1,True,True,0.0037567999970633537,4,1.8989745881804497e-09,2.5550993427575984e-10,`gtol` termination condition is satisfied.,True,True,0.010000000000001563,0.017567103832182573,1.0,0.0008787487790855543,9.41094976360736e-05,0.0008787506607550091,9.410959212185395e-05
17.98000000000001,1786132519.6665564,0.00775769999017939,0.012579799993545748,0.01,TELEOP,0,,0.0,17.98000000000001,1798,0.0528000000000003,0.0,0.0,0.0,0.0,0.17364817766693036,0.9848077530122081,0.05014785964707157,5.202175625539013e-49,1.0491297669868438e-36,1.0809085719308657e-23,3.359723994312288e-11,0.17364817763434623,0.9848077530179535,-0.000955642105878533,-0.22496149868535165,0.2802328425555495,-0.13002950065190755,0.011376107245529584,0.08641011326784295,0.9876721143523252,-0.001115642103468777,-0.22496149868535165,0.2802328425555495,-0.13002950065190755,0.011376107245529584,0.08641011326784295,0.9876721143523252,-0.0011156439884379941,-0.2249614987644591,0.2802328427855162,-0.13002950063538143,0.011376107243283693,0.08641011339432092,0.9876721143434614,-0.001994393115820458,-0.2249580206188263,0.2802278982929247,-0.1299843107057606,0.011376274093713808,0.0864221058490113,0.987677011466155,-0.001994393115820458,-0.2249580206188263,0.2802278982929247,-0.1299843107057606,0.011376274093713808,0.0864221058490113,0.987677011466155,0.05529467595435086,-0.516020540882509,0.7785813552812773,-0.23930419359435093,0.5348259541660985,-0.1924953839958907,0.0458173741101068,-0.5162565074882416,0.7785581501923734,-0.2568958558100712,0.5367386858947472,-0.21008046829622237,0.0458173741101068,-0.5162565074882416,0.7785581501923734,-0.2568958558100712,0.5367386858947472,-0.21008046829622237,0.08618007308977553,0.0015495803165212914,0.0004588471761753136,0.15845393266454919,-0.019261757693580468,0.15838213609644358,-0.00018986330538780147,0.004963088705695082,-0.0020657651875314246,0.01225224413788778,0.01561072860948318,0.01235222194872256,0.8300000000000018,True,False,1,True,True,0.006296100007602945,4,1.9005924407881626e-09,2.557608352254294e-10,`gtol` termination condition is satisfied.,True,True,0.010000000000001563,0.017579464520704968,1.0,0.0008787699211849889,9.402038840140384e-05,0.0008787718045026032,9.402048284136623e-05
17.990000000000013,1786132519.6791215,0.01297000001068227,0.012175299998489209,0.01,TELEOP,0,,0.0,17.990000000000013,1799,0.053066666666667005,0.0,0.0,0.0,0.0,0.17364817766693036,0.9848077530122081,0.0504145263127392,4.726968882644142e-49,9.532941829292187e-37,9.821659057912652e-24,3.052820956171376e-11,0.1736481776373227,0.9848077530174287,-0.0008756421061782461,-0.22496149868535165,0.2802328425555495,-0.13002950065189034,0.011376107244198888,0.08641011326953658,0.9876721143521946,-0.0010356421040106708,-0.22496149868535165,0.2802328425555495,-0.13002950065189034,0.011376107244198888,0.08641011326953658,0.9876721143521946,-0.0010356439906132053,-0.2249614987657757,0.2802328427849231,-0.13002950063540852,0.011376107241950572,0.0864101133961449,0.9876721143433135,-0.0019144131615929129,-0.2249580246364276,0.28022790221901184,-0.12998434950724885,0.011376258927374025,0.08642208463888719,0.9876770083902247,-0.0019144131615929129,-0.2249580246364276,0.28022790221901184,-0.12998434950724885,0.011376258927374025,0.08642208463888719,0.9876770083902247,0.056156121726724934,-0.5159990953167553,0.7785834495750433,-0.23770640549324448,0.5346522860763243,-0.19089823899084313,0.04667915497187861,-0.5162405154174826,0.7785625319816458,-0.25531010135566795,0.5365476308949281,-0.2084954221229396,0.04667915497187861,-0.5162405154174826,0.7785625319816458,-0.25531010135566795,0.5365476308949281,-0.2084954221229396,0.08617808617716793,0.001599207075898926,0.00043817892723704117,0.15857544544029975,-0.01910549998190905,0.15850461732825333,-0.00019869126075903096,0.0049626759377626815,-0.002066824893826924,0.012151277575055594,0.015625771167139594,0.012248123180973413,0.8316666666666688,True,False,1,True,True,0.006201800002600066,4,1.9021959454701313e-09,2.5600972059975834e-10,`gtol` termination condition is satisfied.,True,True,0.010000000000001563,0.017591662215720255,1.0,0.0008787899263365582,9.393422658279442e-05,0.0008787918112870898,9.393432094813104e-05
18.000000000000014,1786132519.6917043,0.01255959999980405,0.01219880000280682,0.01,TELEOP,0,,0.0,18.000000000000014,1800,0.05333333333333371,0.0,0.0,0.0,0.0,0.17364817766693036,0.9848077530122081,0.05068119297851102,4.2951711794948975e-49,8.662129583995329e-37,8.924301379231164e-24,2.773952802818356e-11,0.1736481776400273,0.9848077530169519,-0.0007956421064466979,-0.22496149868535165,0.2802328425555495,-0.13002950065187469,0.011376107242989743,0.08641011327107553,0.9876721143520759,-0.0009556421044978762,-0.22496149868535165,0.2802328425555495,-0.13002950065187469,0.011376107242989743,0.08641011327107553,0.9876721143520759,-0.0009556439927184794,-0.22496149876709723,0.2802328427843242,-0.13002950063543747,0.011376107240738963,0.08641011339781321,0.9876721143431777,-0.001834432050169664,-0.22495802849100394,0.280227905828376,-0.12998438555972774,0.011376248035476974,0.08642205885381078,0.9876770060271546,-0.001834432050169664,-0.22495802849100394,0.280227905828376,-0.12998438555972774,0.011376248035476974,0.08642205885381078,0.9876770060271546,0.05701751619272237,-0.515977151392202,0.7785853344577377,-0.23610757750599437,0.5344802128700933,-0.18930005641726536,0.04754091493698087,-0.5162240271024446,0.7785667069723405,-0.2537231422457311,0.536358140075477,-0.20690916198002984,0.04754091493698087,-0.5162240271024446,0.7785667069723405,-0.2537231422457311,0.536358140075477,-0.20690916198002984,0.0861759965102121,0.0016488315037966616,0.00041749906947553215,0.15869591099365923,-0.01894908194510743,0.15862601429095047,-0.00020896669558299424,0.004962442789772777,-0.0020679857761505805,0.012046555335945333,0.015641803680159525,0.01213969626971077,0.8333333333333357,True,False,1,True,True,0.00600490000215359,4,1.9037849825469214e-09,2.562566257705717e-10,`gtol` termination condition is satisfied.,True,True,0.010000000000001563,0.01760369586242347,1.0,0.0008788087768502456,9.385120928311981e-05,0.0008788106634183612,9.385130354585767e-05
18.010000000000016,1786132519.7040586,0.01263949999702163,0.011913100010133348,0.01,TELEOP,0,,0.0,18.010000000000016,1801,0.053600000000000425,0.0,0.0,0.0,0.0,0.17364817766693036,0.9848077530122081,0.050947859644376765,3.902817200447486e-49,7.870864028496668e-37,8.109035721790594e-24,2.520558612166774e-11,0.17364817764248483,0.9848077530165186,-0.0007156421066869742,-0.22496149868535165,0.2802328425555495,-0.1300295006518605,0.011376107241891056,0.08641011327247386,0.9876721143519681,-0.0008756421049356958,-0.22496149868535165,0.2802328425555495,-0.1300295006518605,0.011376107241891056,0.08641011327247386,0.9876721143519681,-0.0008756439947590067,-0.2249614987684237,0.28023284278371985,-0.13002950063546853,0.01137610723963784,0.08641011339933993,0.9876721143430528,-0.0017544497735172658,-0.22495803217976132,0.2802279091140807,-0.12998441879695255,0.01137624140177168,0.08642202855444911,0.987677004380542,-0.0017544497735172658,-0.22495803217976132,0.2802279091140807,-0.12998441879695255,0.01137624140177168,0.08642202855444911,0.987677004380542,0.057878858162268065,-0.515954709131664,0.7785870097987714,-0.23450772086735439,0.5343097360095663,-0.187700847901813,0.04840265284405578,-0.5162070425499738,0.7785706750389942,-0.25213498930205025,0.5361702151294113,-0.20532169911237494,0.04840265284405578,-0.5162070425499738,0.7785706750389942,-0.25213498930205025,0.5361702151294113,-0.20532169911237494,0.0861737907074772,0.0016984552470779679,0.00039680666537398473,0.15881529436806038,-0.018792494606564195,0.15874628676546632,-0.00022058027349010356,0.004962374328129848,-0.0020692404101544173,0.011938337440112653,0.015658733854320966,0.01202724745158317,0.8350000000000026,True,False,1,True,True,0.006052199998521246,4,1.9053595015287344e-09,2.5650152466096567e-10,`gtol` termination condition is satisfied.,True,True,0.010000000000001563,0.017615564739736744,1.0,0.0008788264647312192,9.377149997272439e-05,0.0008788283529014687,9.377159410442125e-05
18.020000000000017,1786132519.712426,0.012280299997655675,0.008000300003914163,0.01,TELEOP,0,,0.0,18.020000000000017,1802,0.05386666666666713,0.0,0.0,0.0,0.0,0.17364817766693036,0.9848077530122081,0.05121452631032713,3.546303852294892e-49,7.151878756183267e-37,7.368238533802888e-24,2.290311396459909e-11,0.17364817764471788,0.9848077530161248,-0.0006356421069018663,-0.22496149868535165,0.2802328425555495,-0.13002950065184762,0.011376107240892731,0.08641011327374448,0.9876721143518701,-0.0007956421053289299,-0.22496149868535165,0.2802328425555495,-0.13002950065184762,0.011376107240892731,0.08641011327374448,0.9876721143518701,-0.0007956439967394743,-0.22496149876975513,0.2802328427831099,-0.13002950063550145,0.011376107238636976,0.08641011340073793,0.9876721143429376,-0.001674466332575876,-0.22495803570121442,0.2802279120720167,-0.12998444917811516,0.011376238982178318,0.08642199382592497,0.9876770034488168,-0.001674466332575876,-0.22495803570121442,0.2802279120720167,-0.12998444917811516,0.011376238982178318,0.08642199382592497,0.9876770034488168,0.058740146445189566,-0.5159317685589278,0.7785884754666792,-0.23290684685314136,0.534140856935413,-0.18610062511191933,0.04926436740888233,-0.5161895617519379,0.778574436047508,-0.25054565367000314,0.5359838578302817,-0.20373304513646587,0.04926436740888233,-0.5161895617519379,0.778574436047508,-0.25054565367000314,0.5359838578302817,-0.20373304513646587,0.08617145648264145,0.0017480798036034915,0.00037610085137403505,0.15893356320468655,-0.018635729912960416,0.15886539759088275,-0.0002334224835749225,0.004962455652551579,-0.0020705813999946456,0.011826883662613882,0.015676469360375336,0.011911082541642831,0.8366666666666696,True,False,1,True,True,0.00363659999857191,4,1.906919384321507e-09,2.5674435798209705e-10,`gtol` termination condition is satisfied.,True,True,0.010000000000001563,0.017627268434695864,1.0,0.0008788429909378304,9.369522993862903e-05,0.0008788448806946501,9.369532391110564e-05
18.03000000000002,1786132519.7201762,0.008247799996752292,0.00750279999920167,0.01,TELEOP,0,,0.0,18.03000000000002,1803,0.05413333333333384,0.0,0.0,0.0,0.0,0.17364817766693036,0.9848077530122081,0.0514811929763537,3.2223571760828646e-49,6.4985711299239695e-37,6.695245518340738e-24,2.0810967329087105e-11,0.17364817764674695,0.984807753015767,-0.0005556421070938948,-0.22496149868535165,0.2802328425555495,-0.1300295006518359,0.011376107239985597,0.08641011327489902,0.987672114351781,-0.0007156421056819229,-0.22496149868535165,0.2802328425555495,-0.1300295006518359,0.011376107239985597,0.08641011327489902,0.987672114351781,-0.0007156439986640943,-0.22496149877109142,0.28023284278249444,-0.130029500635536,0.011376107237727294,0.08641011340201885,0.9876721143428315,-0.001594481736515014,-0.22495803905510184,0.28022791470072184,-0.1299844766862586,0.011376240707402908,0.08642195477506004,0.987677003225662,-0.001594481736515014,-0.22495803905510184,0.28022791470072184,-0.1299844766862586,0.011376240707402908,0.08642195477506004,0.987677003225662,0.05960137985122013,-0.5159083296987484,0.7785897313291172,-0.2313049667798405,0.5339735770667356,-0.1844993997553955,0.050126057235267356,-0.5161715846867021,0.778577989855879,-0.24895514679277825,0.5357990700229993,-0.20214321201006955,0.050126057235267356,-0.5161715846867021,0.778577989855879,-0.24895514679277825,0.5357990700229993,-0.20214321201006955,0.08616898263848925,0.0017977065235736372,0.0003553808370992943,0.15905068772246453,-0.01847878072823177,0.15898331263960808,-0.0002473844152200052,0.004962671997013786,-0.0020720014274737512,0.011712451777795795,0.015694918472862127,0.011791504872530242,0.8383333333333365,True,False,1,True,True,0.003560000011930242,4,1.9084645206716174e-09,2.5698507177522066e-10,`gtol` termination condition is satisfied.,True,True,0.010000000000001563,0.01763880681686178,1.0,0.0008788583646388125,9.362249972994282e-05,0.0008788602559665053,9.362259351561237e-05
18.04000000000002,1786132519.727889,0.007735799998044968,0.007480200001737103,0.01,TELEOP,0,,0.0,18.04000000000002,1804,0.054400000000000545,0.0,0.0,0.0,0.0,0.17364817766693036,0.9848077530122081,0.051747859642448886,2.9280022814551786e-49,5.904941648258433e-37,6.083594326868575e-24,1.8909933463717648e-11,0.17364817764859064,0.9848077530154419,-0.00047564210726533905,-0.22496149868535165,0.2802328425555495,-0.13002950065182525,0.011376107239161328,0.08641011327594807,0.9876721143517002,-0.0006356421059986061,-0.22496149868535165,0.2802328425555495,-0.13002950065182525,0.011376107239161328,0.08641011327594807,0.9876721143517002,-0.0006356440005367593,-0.22496149877243238,0.2802328427818734,-0.13002950063557223,0.011376107236900497,0.08641011340319328,0.9876721143427335,-0.0015144960019937495,-0.22495804224229898,0.2802279170011982,-0.129984501326646,0.011376246485508924,0.08642191152770355,0.9876770037004314,-0.0015144960019937495,-0.22495804224229898,0.2802279170011982,-0.129984501326646,0.011376246485508924,0.08642191152770355,0.9876770037004314,0.06046255719000209,-0.5158843925768545,0.7785907772528726,-0.2297020920042074,0.5338078978009964,-0.1828971835800272,0.050987720825805966,-0.5161531113205843,0.7785813363149204,-0.24736348038595699,0.5356158536147821,-0.20055221200233092,0.050987720825805966,-0.5161531113205843,0.7785813363149204,-0.24736348038595699,0.5356158536147821,-0.20055221200233092,0.0861663590538476,0.0018473366117811353,0.00033464590414214066,0.15916664068210004,-0.018321640821714485,0.15910000077383682,-0.00026235846416489594,0.004963008820749045,-0.0020734932957150397,0.011595295963548469,0.01571399065172606,0.011668813422872673,0.8400000000000034,True,False,1,True,True,0.0037671000027330592,4,1.9099948631580264e-09,2.5722379732789657e-10,`gtol` termination condition is satisfied.,True,True,0.010000000000001563,0.01765018001293775,1.0,0.000878872602474773,9.355338059249525e-05,0.0008788744953576056,9.355347416391304e-05
18.050000000000022,1786132519.7350197,0.007725000003119931,0.006885499999043532,0.01,TELEOP,0,,0.0,18.050000000000022,1805,0.05466666666666725,0.0,0.0,0.0,0.0,0.17364817766693036,0.9848077530122081,0.05201452630860581,2.660536027427106e-49,5.365538850344933e-37,5.5279333270053776e-24,1.7182554657627386e-11,0.17364817765026594,0.9848077530151464,-0.0003956421074182599,-0.22496149868535165,0.2802328425555495,-0.13002950065181557,0.011376107238412356,0.08641011327690133,0.9876721143516267,-0.0005556421062825369,-0.22496149868535165,0.2802328425555495,-0.13002950065181557,0.011376107238412356,0.08641011327690133,0.9876721143516267,-0.0005556440023608798,-0.22496149877377822,0.280232842781247,-0.13002950063561,0.011376107236148899,0.08641011340427088,0.9876721143426429,-0.001434509152429795,-0.22495804526472898,0.28022791897672367,-0.1299845231250953,0.011376256204431221,0.08642186422615908,0.9876770048585661,-0.001434509152429795,-0.22495804526472898,0.28022791897672367,-0.1299845231250953,0.011376256204431221,0.08642186422615908,0.9876770048585661,0.061323677271090955,-0.5158599572199425,0.7785916131038637,-0.2280982339228641,0.533643820513943,-0.18129398837316538,0.051849356592447514,-0.5161341416092774,0.7785844752689649,-0.24577066641259934,0.5354342105662717,-0.19896005766447908,0.051849356592447514,-0.5161341416092774,0.7785844752689649,-0.24577066641259934,0.5354342105662717,-0.19896005766447908,0.08616357666414155,0.001896971130689514,0.00031389540445201134,0.15928139733573957,-0.01816430485104322,0.15921543378515984,-0.0002782389706057718,0.004963451890837094,-0.002075049969012608,0.01147566536394996,0.015733597067123847,0.011543301132300548,0.8416666666666703,True,False,1,True,True,0.0035005000099772587,4,1.911510321705021e-09,2.5746033723213474e-10,`gtol` termination condition is satisfied.,True,True,0.010000000000001563,0.017661388381749576,1.0,0.0008788857278289332,9.348791590550139e-05,0.0008788876222510235,9.348800923599376e-05
18.060000000000024,1786132519.7429726,0.007314500006032176,0.00752430000284221,0.01,TELEOP,0,,0.0,18.060000000000024,1806,0.054933333333333965,0.0,0.0,0.0,0.0,0.17364817766693036,0.9848077530122081,0.052281192974818286,2.4175021987072048e-49,4.8754092537140776e-37,5.022910886370128e-24,1.5612967921593772e-11,0.17364817765178822,0.9848077530148781,-0.00031564210755451877,-0.22496149868535165,0.2802328425555495,-0.1300295006518068,0.011376107237731806,0.08641011327776753,0.9876721143515599,-0.00047564210653693327,-0.22496149868535165,0.2802328425555495,-0.1300295006518068,0.011376107237731806,0.08641011327776753,0.9876721143515599,-0.0004756440041395818,-0.2249614987751286,0.280232842780615,-0.13002950063564914,0.011376107235465774,0.08641011340526045,0.9876721143425591,-0.0013545212172820231,-0.2249580481252739,0.2802279206326625,-0.12998454212629576,0.011376269734419764,0.08642181302671893,0.9876770066820033,-0.0013545212172820231,-0.2249580481252739,0.2802279206326625,-0.12998454212629576,0.011376269734419764,0.08642181302671893,0.9876770066820033,0.06218473890395872,-0.5158350236556883,0.7785922387471534,-0.2264934039718933,0.5334813465595367,-0.17968982596131505,0.05271096286681,-0.5161146754992351,0.7785874065565487,-0.24417671705896102,0.5352541428828681,-0.19736676180128734,0.05271096286681,-0.5161146754992351,0.7785874065565487,-0.24417671705896102,0.5352541428828681,-0.19736676180128734,0.08616062743623476,0.0019466110042355737,0.00029312875837860316,0.15939493536380714,-0.018006768340355566,0.15932958631914934,-0.00029492279067939076,0.004963987354605193,-0.0020766646073404915,0.011353802806756779,0.015753651068762944,0.011415253398947695,0.8433333333333373,True,False,1,True,True,0.003901799995219335,4,1.913010769440444e-09,2.5769488998071773e-10,`gtol` termination condition is satisfied.,True,True,0.010000000000001563,0.01767243248973524,1.0,0.0008788977701108989,9.342612262304218e-05,0.0008788996660562771,9.342621568683654e-05
18.070000000000025,1786132519.7500272,0.007761999993817881,0.006816399996750988,0.01,TELEOP,0,,0.0,18.070000000000025,1807,0.05520000000000067,0.0,0.0,0.0,0.0,0.17364817766693036,0.9848077530122081,0.05254785964108069,2.196668949604853e-49,4.4300518650932496e-37,4.56408414034462e-24,1.4186759313888219e-11,0.17364817765317142,0.9848077530146342,-0.00023564210767579655,-0.22496149868535165,0.2802328425555495,-0.1300295006517988,0.011376107237113416,0.08641011327855457,0.9876721143514993,-0.00039564210676470594,-0.22496149868535165,0.2802328425555495,-0.1300295006517988,0.011376107237113416,0.08641011327855457,0.9876721143514993,-0.00039564400587568244,-0.22496149877648375,0.2802328427799777,-0.13002950063568963,0.011376107234844687,0.0864101134061698,0.9876721143424813,-0.0012745322313503053,-0.2249580508276855,0.2802279219762763,-0.12998455839211973,0.011376286930402558,0.08642175809731507,0.9876770091495762,-0.0012745322313503053,-0.2249580508276855,0.2802279219762763,-0.12998455839211973,0.011376286930402558,0.08642175809731507,0.9876770091495762,0.06304574089799776,-0.5158095919127351,0.7785926540469423,-0.22488761362642695,0.5333204772698806,-0.17808470820971922,0.0535725379101922,-0.5160947129290122,0.7785901300110727,-0.2425816447109555,0.5350756526063246,-0.19577233744342012,0.0535725379101922,-0.5160947129290122,0.7785901300110727,-0.2425816447109555,0.5350756526063246,-0.19577233744342012,0.0861575043382067,0.0019962570222853554,0.00027234545239819975,0.15950723480052745,-0.017849027654344984,0.15944243578669812,-0.0003123098028060915,0.0049646018049774076,-0.0020783305980400174,0.011229943672028583,0.015774068601055593,0.011284946754875024,0.8450000000000042,True,False,1,True,True,0.0034589999995660037,4,1.9144961679793955e-09,2.579272746235568e-10,`gtol` termination condition is satisfied.,True,True,0.010000000000001563,0.01768331308706772,1.0,0.0008789087640579737,9.336799272455899e-05,0.0008789106615105771,9.336808549637321e-05
18.080000000000027,1786132519.7578912,0.007039200005237944,0.007641300006071106,0.01,TELEOP,0,,0.0,18.080000000000027,1808,0.05546666666666738,0.0,0.0,0.0,0.0,0.17364817766693036,0.9848077530122081,0.05281452630738797,1.996008308384794e-49,4.025376846562289e-37,4.147161685604453e-24,1.2890831573127104e-11,0.17364817765442828,0.9848077530144126,-0.00015564210778361287,-0.22496149868535165,0.2802328425555495,-0.13002950065179153,0.011376107236551513,0.0864101132792697,0.9876721143514441,-0.00031564210696848733,-0.22496149868535165,0.2802328425555495,-0.13002950065179153,0.011376107236551513,0.0864101132792697,0.9876721143514441,-0.0003156440075716936,-0.22496149877784336,0.2802328427793349,-0.13002950063573154,0.011376107234280104,0.0864101134070062,0.9876721143424091,-0.00119454223409576,-0.22495805337649677,0.28022792301653493,-0.1299845719999389,0.011376307634257555,0.08642169961529263,0.9876770122374053,-0.00119454223409576,-0.22495805337649677,0.28022792301653493,-0.1299845719999389,0.011376307634257555,0.08642169961529263,0.9876770122374053,0.06390668206252441,-0.5157836620207059,0.7785928588665846,-0.22328087440023323,0.5331612139551489,-0.17647864702193955,0.054434079923239315,-0.5160742538305558,0.7785926454614385,-0.24098546193145928,0.5348987418066377,-0.19417679782078154,0.054434079923239315,-0.5160742538305558,0.7785926454614385,-0.24098546193145928,0.5348987418066377,-0.19417679782078154,0.08615420130469795,0.0020459098456409573,0.0002515450365816041,0.1596182779495962,-0.017691079968688215,0.1595539622638348,-0.00033030335087474993,0.0049652823355594315,-0.0020800415816592376,0.011104314906873932,0.01579476856567435,0.011152647713666882,0.8466666666666711,True,False,1,True,True,0.0041846999956760556,4,1.9159663840148588e-09,2.58157566310459e-10,`gtol` termination condition is satisfied.,True,True,0.010000000000001563,0.01769403108452855,1.0,0.0008789187490568149,9.331349468507363e-05,0.000878920648000465,9.331358714044251e-05
18.09000000000003,1786132519.7650616,0.007879099997808225,0.006932600008440204,0.01,TELEOP,0,,0.0,18.09000000000003,1809,0.055733333333334086,0.0,0.0,0.0,0.0,0.17364817766693036,0.9848077530122081,0.05308119297373556,1.8136775538516156e-49,3.6576679574605125e-37,3.7683317462555975e-24,1.171328384255692e-11,0.1736481776555703,0.9848077530142112,-7.564210787933817e-05,-0.22496149868535165,0.2802328425555495,-0.13002950065178495,0.011376107236040944,0.08641011327991953,0.987672114351394,-0.00023564210715065748,-0.22496149868535165,0.2802328425555495,-0.13002950065178495,0.011376107236040944,0.08641011327991953,0.987672114351394,-0.0002356440092299225,-0.22496149877920738,0.28023284277868665,-0.13002950063577443,0.011376107233766777,0.08641011340777624,0.987672114342342,-0.0011145512689847564,-0.2249580557769344,0.28022792376392985,-0.1299845830409595,0.01137633167698599,0.08642163776531218,0.9876770159192753,-0.0011145512689847564,-0.2249580557769344,0.28022792376392985,-0.1299845830409595,0.01137633167698599,0.08642163776531218,0.9876770159192753,0.06476756120678274,-0.5157572340101969,0.778592853068588,-0.221673197845297,0.5330035579035182,-0.17487165433943228,0.05529558705522379,-0.5160532981304405,0.7785949527326568,-0.23938818143854493,0.5347234125742641,-0.19258015633696454,0.05529558705522379,-0.5160532981304405,0.7785949527326568,-0.23938818143854493,0.5347234125742641,-0.19258015633696454,0.08615071319843383,0.0020955700115312475,0.00023072712183145515,0.15972804929140924,-0.017532923237352706,0.15966414838167448,-0.0003488106264112658,0.004966016589028233,-0.0020817914750145706,0.010977134181302159,0.01581567313354828,0.011018611783964368,0.848333333333338,True,False,1,True,True,0.003496000004815869,4,1.9174213484102054e-09,2.583856532440985e-10,`gtol` termination condition is satisfied.,True,True,0.010000000000001563,0.017704587531226057,1.0,0.000878927768488731,9.326257496249958e-05,0.00087892966890718,9.326266707868434e-05
18.10000000000003,1786132519.7732468,0.007157100000767969,0.007960800008731894,0.01,TELEOP,0,,0.0,18.10000000000003,1810,0.0560000000000008,0.0,0.0,0.0,0.0,0.17364817766693036,0.9848077530122081,0.05334785964011933,1.648002293140274e-49,3.323548427138879e-37,3.4241107125405985e-24,1.0643302381248919e-11,0.17364817765660803,0.9848077530140282,4.357892035795896e-06,-0.22496149868535165,0.2802328425555495,-0.13002950065177896,0.01137610723557701,0.08641011328051,0.9876721143513485,-0.0001556421073133668,-0.22496149868535165,0.2802328425555495,-0.13002950065177896,0.01137610723557701,0.08641011328051,0.9876721143513485,-0.00015564401085240917,-0.2249614987805758,0.28023284277803306,-0.13002950063581875,0.011376107233300087,0.08641011340848592,0.9876721143422794,-0.0010345593828590856,-0.22495805803483357,0.28022792423029125,-0.12998459161858467,0.011376358880779928,0.08642157273738416,0.987677020166999,-0.0010345593828590856,-0.22495805803483357,0.28022792423029125,-0.12998459161858467,0.011376358880779928,0.08642157273738416,0.987677020166999,0.06562837713994883,-0.5157303079127823,0.7785926365146201,-0.2200645955513981,0.5328475103810977,-0.17326374214112064,0.05615705741290905,-0.5160318457510455,0.7785970516464261,-0.2377898160847127,0.5345496670126914,-0.19098242654488337,0.05615705741290905,-0.5160318457510455,0.7785970516464261,-0.2377898160847127,0.5345496670126914,-0.19098242654488337,0.08614703576851229,0.002145237939499657,0.0002098913769311209,0.15983653538319934,-0.017374556157272226,0.15977297920809322,-0.0003677429921539882,0.004966792796840144,-0.0020835744900330995,0.010848609179008734,0.015836708008045628,0.01088308264187247,0.850000000000005,True,False,1,True,True,0.004311900003813207,4,1.9188609833401367e-09,2.5861164137723893e-10,`gtol` termination condition is satisfied.,True,True,0.010000000000001563,0.01771498359324794,1.0,0.0008789358691012591,9.321515951295794e-05,0.0008789377709781519,9.321525126707339e-05
18.11000000000003,1786132519.780637,0.008238099995651282,0.007112599996617064,0.01,TELEOP,0,,0.0,18.11000000000003,1811,0.056266666666667506,0.0,0.0,0.0,0.0,0.17364817766693036,0.9848077530122081,0.05361452630653556,1.49746108531142e-49,3.0199499451575268e-37,3.1113178972896047e-24,9.671061258574339e-12,0.17364817765755095,0.9848077530138619,8.435789196066523e-05,-0.22496149868535165,0.2802328425555495,-0.1300295006517735,0.011376107235155457,0.08641011328104654,0.9876721143513071,-7.564210745856039e-05,-0.22496149868535165,0.2802328425555495,-0.1300295006517735,0.011376107235155457,0.08641011328104654,0.9876721143513071,-7.564401244098198e-05,-0.22496149878194877,0.28023284277737426,-0.13002950063586374,0.01137610723287576,0.08641011340914057,0.9876721143422211,-0.0009545666253344895,-0.22495806015655384,0.28022792442860894,-0.12998459784681332,0.011376389060978754,0.0864215047250379,0.9876770249507658,-0.0009545666253344895,-0.22495806015655384,0.28022792442860894,-0.12998459784681332,0.011376389060978754,0.0864215047250379,0.9876770249507658,0.0664891286711347,-0.5157028837610129,0.7785922090655126,-0.2184550791456846,0.5326930726318606,-0.17165492244296365,0.057018489068969336,-0.5160098966116693,0.7785989420216806,-0.23619037883717875,0.5343775072313828,-0.18938362212365673,0.057018489068969336,-0.5160098966116693,0.7785989420216806,-0.23619037883717875,0.5343775072313828,-0.18938362212365673,0.08614316560601519,0.0021949139376195737,0.00018903752544137918,0.15994372475336893,-0.0172159781308542,0.15988044212264083,-0.00038701624971021475,0.004967599811990913,-0.002085385148973846,0.010718937016956689,0.01585780264180014,0.010746291454759305,0.8516666666666719,True,False,1,True,True,0.003650400001788512,4,1.920285203652826e-09,2.588354700937975e-10,`gtol` termination condition is satisfied.,True,True,0.010000000000001563,0.0177252205333146,1.0,0.0008789431004079469,9.317115532463078e-05,0.0008789450037268151,9.317124669619318e-05
18.120000000000033,1786132519.7882593,0.007363400000031106,0.007372199994279072,0.01,TELEOP,0,,0.0,18.120000000000033,1812,0.05653333333333421,0.0,0.0,0.0,0.0,0.17364817766693036,0.9848077530122081,0.0538811929729809,1.3606714695458188e-49,2.7440844841572254e-37,2.827126023018304e-24,8.787632120010545e-12,0.17364817765840773,0.9848077530137108,0.0001643578918942637,-0.22496149868535165,0.2802328425555495,-0.13002950065176855,0.011376107234772413,0.08641011328153406,0.9876721143512696,4.357892412004428e-06,-0.22496149868535165,0.2802328425555495,-0.13002950065176855,0.011376107234772413,0.08641011328153406,0.9876721143512696,4.355986002672896e-06,-0.2249614987833258,0.28023284277670996,-0.13002950063591,0.011376107232489859,0.08641011340974515,0.9876721143421666,-0.0008745730482293615,-0.22495806214889877,0.280227924372859,-0.1299846018486857,0.01137642202791037,0.08642143392362733,0.9876770302394734,-0.0008745730482293615,-0.22495806214889877,0.280227924372859,-0.1299846018486857,0.01137642202791037,0.08642143392362733,0.9876770302394734,0.0673498146093922,-0.5156749615884199,0.7785915705812708,-0.21684466029224353,0.5325402458775811,-0.17004520729752062,0.05787988006994421,-0.5159874506295796,0.7786006236751054,-0.23458988275926612,0.5342069353391152,-0.18778375685679521,0.05787988006994421,-0.5159874506295796,0.7786006236751054,-0.23458988275926612,0.5342069353391152,-0.18778375685679521,0.08613910009747425,0.002244598208963394,0.00016816534248116204,0.16004960779123767,-0.017057189226756385,0.1599865266861264,-0.0004065508540945321,0.004968427134381233,-0.002087218296021387,0.010588303786871386,0.015878890409778794,0.01060845634855585,0.8533333333333388,True,False,1,True,True,0.0037481000035768375,4,1.9216938965657585e-09,2.5905716178193486e-10,`gtol` termination condition is satisfied.,True,True,0.010000000000001563,0.01773529969149415,1.0,0.000878949514118236,9.313045198319806e-05,0.0008789514188625474,9.31305429517288e-05
18.130000000000035,1786132519.7956846,0.007637999995495193,0.007158699998399243,0.01,TELEOP,0,,0.0,18.130000000000035,1813,0.05680000000000092,0.0,0.0,0.0,0.0,0.17364817766693036,0.9848077530122081,0.05414785963945231,1.2363772696309804e-49,2.4934186966465253e-37,2.5688845170851535e-24,7.984902195632842e-12,0.17364817765918625,0.9848077530135736,0.00024435789183568923,-0.22496149868535165,0.2802328425555495,-0.13002950065176405,0.011376107234424358,0.08641011328197704,0.9876721143512354,8.435789229674138e-05,-0.22496149868535165,0.2802328425555495,-0.13002950065176405,0.011376107234424358,0.08641011328197704,0.9876721143512354,8.435598447704626e-05,-0.2249614987847071,0.2802328427760405,-0.13002950063595717,0.01137610723213901,0.08641011341030412,0.9876721143421155,-0.0007945787050251708,-0.22495806401903784,0.28022792407783603,-0.12998460375477913,0.01137645758861385,0.08642136052877286,0.987677036001042,-0.0007945787050251708,-0.22495806401903784,0.28022792407783603,-0.12998460375477913,0.01137645758861385,0.08642136052877286,0.987677036001042,0.06821043376371717,-0.5156465414295126,0.7785907209210736,-0.21523335069166755,0.5323890313177638,-0.16843460879351313,0.05874122844371128,-0.515964507720997,0.7786020964216196,-0.2329883409929323,0.5340379534377216,-0.18618284461173268,0.05874122844371128,-0.515964507720997,0.7786020964216196,-0.2329883409929323,0.5340379534377216,-0.18618284461173268,0.08613483737669372,0.002294290858262993,0.00014727465141898727,0.1601541766333558,-0.016898190139354025,0.16009122450622845,-0.0004262720780518851,0.004969264929959139,-0.002089069106217151,0.01045688421180945,0.015899908740233618,0.010469782010202646,0.8550000000000058,True,False,1,True,True,0.0036321000079624355,4,1.9230870443310774e-09,2.5927662367600036e-10,`gtol` termination condition is satisfied.,True,True,0.010000000000001563,0.017745222467022592,1.0,0.0008789551635991383,9.309292325422909e-05,0.0008789570697522866,9.309301380080906e-05
18.140000000000036,1786132519.805876,0.007416100008413196,0.009934500005329028,0.01,TELEOP,0,,0.0,18.140000000000036,1814,0.05706666666666763,0.0,0.0,0.0,0.0,0.17364817766693036,0.9848077530122081,0.05441452630594707,1.1234370581536497e-49,2.265650650583336e-37,2.3342204858872486e-24,7.255499798341638e-12,0.17364817765989365,0.9848077530134488,0.0003243578917841161,-0.22496149868535165,0.2802328425555495,-0.13002950065175997,0.011376107234108092,0.08641011328237952,0.9876721143512043,0.00016435789219421633,-0.22496149868535165,0.2802328425555495,-0.13002950065175997,0.011376107234108092,0.08641011328237952,0.9876721143512043,0.0001643559829808336,-0.22496149878609265,0.28023284277536575,-0.13002950063600544,0.011376107231819838,0.08641011341082153,0.9876721143420676,-0.0007145836503596251,-0.22495806577443145,0.28022792355899223,-0.1299846037017654,0.011376495548441504,0.08642128473493929,0.98767704220271,-0.0007145836503596251,-0.22495806577443145,0.28022792355899223,-0.1299846037017654,0.011376495548441504,0.08642128473493929,0.98767704220271,0.06907098494305404,-0.5156176233197812,0.7785896599432822,-0.21362116208061732,0.5322394301295807,-0.16682313905538185,0.059602532206465435,-0.51594106780201,0.7786033600748247,-0.23138576674245745,0.5338705636162487,-0.18458089932072846,0.059602532206465435,-0.51594106780201,0.7786033600748247,-0.23138576674245745,0.5338705636162487,-0.18458089932072846,0.08613037627540171,0.0023439918986964837,0.00012636532051089183,0.16025742504746157,-0.016738982147283456,0.1601945291003975,-0.0004461101292006775,0.004970104043348297,-0.0020909330908092183,0.010324841410575918,0.015920799207054512,0.010330459416904119,0.8566666666666727,True,False,1,True,True,0.00466039999446366,4,1.9244645190311664e-09,2.594938971621305e-10,`gtol` termination condition is satisfied.,True,True,0.010000000000001563,0.01775499030126476,1.0,0.0008789601033695758,9.305842868641932e-05,0.0008789620109148304,9.305851879294152e-05
18.150000000000038,1786132519.8174326,0.010337899992009625,0.011152699997182935,0.01,TELEOP,0,,0.0,18.150000000000038,1815,0.05733333333333434,0.0,0.0,0.0,0.0,0.17364817766693036,0.9848077530122081,0.054681192972462725,1.0208136744617014e-49,2.0586886901074636e-37,2.1209882277623883e-24,6.59272662765488e-12,0.17364817766053645,0.9848077530133355,0.0004043578917388123,-0.22496149868535165,0.2802328425555495,-0.13002950065175625,0.01137610723382072,0.08641011328274527,0.9876721143511761,0.0002443578921031355,-0.22496149868535165,0.2802328425555495,-0.13002950065175625,0.01137610723382072,0.08641011328274527,0.9876721143511761,0.00024435598151282753,-0.22496149878748217,0.2802328427746858,-0.13002950063605448,0.011376107231529538,0.08641011341130111,0.9876721143420225,-0.0006345879395533889,-0.22495806742275948,0.2802279228322844,-0.1299846018310312,0.01137653571253969,0.08642120673414805,0.9876770488113122,-0.0006345879395533889,-0.22495806742275948,0.2802279228322844,-0.1299846018310312,0.01137653571253969,0.08642120673414805,0.9876770488113122,0.06993146695629958,-0.5155882072956991,0.7785883875054471,-0.21200810623138097,0.5320914434678086,-0.16521081024284084,0.06046378936919727,-0.5159171307894226,0.7786044144474198,-0.22978217325930633,0.5337047679455345,-0.1829779349631559,0.06046378936919727,-0.5159171307894226,0.7786044144474198,-0.22978217325930633,0.5337047679455345,-0.1829779349631559,0.08612571627316973,0.0023937012587432376,0.0001054372595116843,0.16035934831508733,-0.016579567071426597,0.1602964357572308,-0.00046600022319866674,0.004970936004674618,-0.0020928060999204252,0.010192326762575634,0.015941507585683513,0.010190665683327873,0.8583333333333396,True,False,1,True,True,0.006047899994882755,4,1.9258262372728678e-09,2.5970896315469593e-10,`gtol` termination condition is satisfied.,True,True,0.010000000000001563,0.017764604661840128,1.0,0.0008789643886280878,9.302681522752152e-05,0.0008789662975486378,9.302690487732713e-05
18.16000000000004,1786132519.8246906,0.011412600011681207,0.006998800003202632,0.01,TELEOP,0,,0.0,18.16000000000004,1816,0.057600000000001046,0.0,0.0,0.0,0.0,0.17364817766693036,0.9848077530122081,0.05494785963899705,9.27564700136036e-50,1.8706322272964621e-37,1.927218745891141e-24,5.990496257393025e-12,0.17364817766112053,0.9848077530132325,0.0004843578916991116,-0.22496149868535165,0.2802328425555495,-0.1300295006517529,0.011376107233559606,0.08641011328307764,0.9876721143511505,0.00032435789202233073,-0.22496149868535165,0.2802328425555495,-0.1300295006517529,0.011376107233559606,0.08641011328307764,0.9876721143511505,0.0003243559800719491,-0.22496149878887572,0.2802328427740006,-0.13002950063610436,0.011376107231265456,0.08641011341174619,0.9876721143419801,-0.0005545916281709425,-0.22495806897185458,0.28022792191402807,-0.12998459828736852,0.011376577887207471,0.08642112671482073,0.9876770557935366,-0.0005545916281709425,-0.22495806897185458,0.28022792191402807,-0.12998459828736852,0.011376577887207471,0.08642112671482073,0.9876770557935366,0.07079187861230771,-0.515558293394721,0.77858690346431,-0.21039419495142922,0.5319450724647631,-0.16359763455042742,0.061324997943667504,-0.515892696601532,0.7786052593515826,-0.22817757382816864,0.5335405684732076,-0.18137396554918153,0.061324997943667504,-0.515892696601532,0.7786052593515826,-0.22817757382816864,0.5335405684732076,-0.18137396554918153,0.08612085744701005,0.002443418789057385,8.44904162817083e-05,0.16045994311374473,-0.016419947232676698,0.1603969413974119,-0.00048588261596718696,0.004971753031413991,-0.002094684322997274,0.010059479865738574,0.01596198387498743,0.0100505640181101,0.8600000000000065,True,False,1,True,True,0.0035454999888315797,4,1.9271721251327562e-09,2.5992174980848086e-10,`gtol` termination condition is satisfied.,True,True,0.010000000000001563,0.01777406702792536,1.0,0.0008789680748147612,9.299791884756626e-05,0.0008789699850937114,9.299800802525499e-05
18.17000000000004,1786132519.8322558,0.00722719999612309,0.007336700000450946,0.01,TELEOP,0,,0.0,18.17000000000004,1817,0.05786666666666775,0.0,0.0,0.0,0.0,0.17364817766693036,0.9848077530122081,0.05521452630554806,8.42833804506146e-50,1.6997542885502816e-37,1.7511828571692615e-24,5.443278242372227e-12,0.17364817766165125,0.9848077530131389,0.0005643578916644139,-0.22496149868535165,0.2802328425555495,-0.13002950065174984,0.011376107233322334,0.08641011328337961,0.9876721143511272,0.00040435789195074736,-0.22496149868535165,0.2802328425555495,-0.13002950065174984,0.011376107233322334,0.08641011328337961,0.9876721143511272,0.00040435597865726147,-0.2249614987902733,0.2802328427733102,-0.1300295006361549,0.011376107231025197,0.08641011341215978,0.98767211434194,-0.00047459477161569327,-0.2249580704296376,0.2802279208207601,-0.12998459321773806,0.011376621881134788,0.08642104486075151,0.9876770631161629,-0.00047459477161569327,-0.2249580704296376,0.2802279208207601,-0.12998459321773806,0.011376621881134788,0.08642104486075151,0.9876770631161629,0.07165221871989362,-0.5155278816552848,0.7785852076758132,-0.20877944008296684,0.5318003182302408,-0.16198362420704823,0.062186155947877915,-0.5158677651588389,0.7786058945993168,-0.22657198175417292,0.5333779672191097,-0.17976900510482907,0.062186155947877915,-0.5158677651588389,0.7786058945993168,-0.22657198175417292,0.5333779672191097,-0.17976900510482907,0.08611580042102734,0.002493144269307599,6.352477341832562e-05,0.16055920739954505,-0.016260125409791718,0.16049604443522017,-0.0005057025982701385,0.004972548025020599,-0.002096564286337939,0.009926428580030178,0.01598218228849556,0.00991030378082458,0.8616666666666735,True,False,1,True,True,0.003452999997534789,4,1.9285020711687942e-09,2.601323832261787e-10,`gtol` termination condition is satisfied.,True,True,0.010000000000001563,0.01778337887673942,1.0,0.0008789712172073348,9.297156616112806e-05,0.0008789731288276784,9.297165485238208e-05
18.180000000000042,1786132519.8402388,0.007612300003529526,0.007707199998549186,0.01,TELEOP,0,,0.0,18.180000000000042,1818,0.058133333333334467,0.0,0.0,0.0,0.0,0.17364817766693036,0.9848077530122081,0.05548119297211396,7.658428807328721e-50,1.544485655323414e-37,1.5912271091394073e-24,4.94604733082228e-12,0.17364817766213347,0.9848077530130539,0.0006443578916341813,-0.22496149868535165,0.2802328425555495,-0.13002950065174704,0.011376107233106746,0.08641011328365403,0.987672114351106,0.00048435789188743417,-0.22496149868535165,0.2802328425555495,-0.13002950065174704,0.011376107233106746,0.08641011328365403,0.987672114351106,0.0004843559772678488,-0.22496149879167465,0.28023284277261473,-0.13002950063620647,0.011376107230806584,0.08641011341254475,0.987672114341902,-0.000394597424759488,-0.22495807180405847,0.2802279195691106,-0.12998458677011,0.01137666750652106,0.08642096135020393,0.9876770707462822,-0.000394597424759488,-0.22495807180405847,0.2802279195691106,-0.12998458677011,0.01137666750652106,0.08642096135020393,0.9876770707462822,0.07251248608783802,-0.5154969721168158,0.7785832999951027,-0.20716385350248392,0.5316571818514533,-0.16036879147552555,0.06304726141104275,-0.5158423363846896,0.7786063200027661,-0.22496541035126233,0.5332169661711333,-0.17816306765841358,0.06304726141104275,-0.5158423363846896,0.7786063200027661,-0.22496541035126233,0.5332169661711333,-0.17816306765841358,0.08611054631646958,0.002542877414936934,4.254034492918021e-05,0.16065714029103367,-0.016100104797626,0.16059374464152373,-0.0005254104557763744,0.004973314562932726,-0.002098442848914213,0.009793289148860712,0.01600206121656933,0.00977002063035452,0.8633333333333404,True,False,1,True,True,0.0032906999986153096,4,1.9298160697571546e-09,2.603407385934051e-10,`gtol` termination condition is satisfied.,True,True,0.010000000000001563,0.017792541671206086,1.0,0.000878973870551505,9.294757603801212e-05,0.0008789757834962044,9.294766422901981e-05
18.190000000000044,1786132519.847603,0.007938599999761209,0.007132900005672127,0.01,TELEOP,0,,0.0,18.190000000000044,1819,0.05840000000000117,0.0,0.0,0.0,0.0,0.17364817766693036,0.9848077530122081,0.05574785963869312,6.9588490024185685e-50,1.4034004535645744e-37,1.445862132412521e-24,4.494237316133115e-12,0.17364817766257165,0.9848077530129766,0.0007243578916079317,-0.22496149868535165,0.2802328425555495,-0.1300295006517445,0.011376107232910842,0.08641011328390333,0.9876721143510868,0.0005643578918315337,-0.22496149868535165,0.2802328425555495,-0.1300295006517445,0.011376107232910842,0.08641011328390333,0.9876721143510868,0.0005643559759029894,-0.22496149879307986,0.28023284277191407,-0.13002950063625865,0.011376107230607642,0.08641011341290349,0.9876721143418661,-0.0003145996416059685,-0.22495807310304086,0.2802279181756822,-0.12998457909238184,0.01137671458007647,0.08642087635512798,0.987677078651495,-0.0003145996416059685,-0.22495807310304086,0.2802279181756822,-0.12998457909238184,0.01137671458007647,0.08642087635512798,0.987677078651495,0.07337267952489257,-0.5154655648197222,0.7785811802765361,-0.2055474471202962,0.5315156643929718,-0.1587531486521319,0.06390831237806781,-0.5158164102058514,0.7786065353744958,-0.22335787293171255,0.5330575672814734,-0.1765561672283224,0.06390831237806781,-0.5158164102058514,0.7786065353744958,-0.22335787293171255,0.5330575672814734,-0.1765561672283224,0.08610509670249282,0.0025926178838084502,2.153717296981996e-05,0.1607537419549518,-0.015939888965991533,0.1606900430090924,-0.0005449613976755974,0.00497404688715084,-0.002100317195935697,0.00966016639181097,0.016021583163444188,0.00962983675686438,0.8650000000000073,True,False,1,True,True,0.003475399993476458,4,1.931113977019799e-09,2.605469633968058e-10,`gtol` termination condition is satisfied.,True,True,0.010000000000001563,0.017801556848778405,1.0,0.0008789760887253097,9.292576119594109e-05,0.0008789780029771978,9.292584887470612e-05
18.200000000000045,1786132519.8545709,0.007357800001045689,0.00674280000384897,0.01,TELEOP,0,,0.0,18.200000000000045,1820,0.05866666666666788,0.0,0.0,0.0,0.0,0.17364817766693036,0.9848077530122081,0.056014526305284106,6.32317419888021e-50,1.2752030595278236e-37,1.3137878842167984e-24,4.083699104137873e-12,0.1736481776629698,0.9848077530129065,0.0008043578915852279,-0.22496149868535165,0.2802328425555495,-0.1300295006517422,0.011376107232732836,0.08641011328412988,0.9876721143510694,0.0006443578917822725,-0.22496149868535165,0.2802328425555495,-0.1300295006517422,0.011376107232732836,0.08641011328412988,0.9876721143510694,0.0006443559745619755,-0.22496149879448885,0.2802328427712083,-0.1300295006363116,0.011376107230426568,0.08641011341323829,0.9876721143418319,-0.0002346014749876786,-0.22495807433443077,0.2802279166569408,-0.1299845703313786,0.011376762923908997,0.08642079004049252,0.9876770868000925,-0.0002346014749876786,-0.22495807433443077,0.2802279166569408,-0.1299845703313786,0.011376762923908997,0.08642079004049252,0.9876770868000925,0.07423279783978312,-0.5154336598054007,0.7785788483736871,-0.20393023288009138,0.5313757668966648,-0.15713670806613164,0.06476930691354715,-0.5157899865530245,0.7786065405277424,-0.22174938279676676,0.5328997724632795,-0.17494831781211248,0.06476930691354715,-0.5157899865530245,0.7786065405277424,-0.22174938279676676,0.5328997724632795,-0.17494831781211248,0.08609945354792072,0.0026423652826930116,5.153246607449308e-07,0.16084901349455386,-0.015779481819387063,0.16078494162096718,-0.0005643154572100111,0.00497473988845534,-0.0021021848309071742,0.009527153960205611,0.016040714660444374,0.009489861187477374,0.8666666666666742,True,False,1,True,True,0.003402500005904585,4,1.9323957472493585e-09,2.607507665942075e-10,`gtol` termination condition is satisfied.,True,True,0.010000000000001563,0.01781042581141634,1.0,0.0008789779244368419,9.290592976513442e-05,0.0008789798399786913,9.290601692027298e-05
18.210000000000047,1786132519.8624568,0.007016999996267259,0.007611599998199381,0.01,TELEOP,0,,0.0,18.210000000000047,1821,0.05893333333333459,0.0,0.0,0.0,0.0,0.17364817766693036,0.9848077530122081,0.0562811929718856,5.745566822255856e-50,1.1587162017076394e-37,1.1938052959763034e-24,3.710662610853023e-12,0.1736481776633316,0.9848077530128426,0.0008843578915656743,-0.22496149868535165,0.2802328425555495,-0.13002950065174013,0.011376107232571094,0.08641011328433577,0.9876721143510535,0.0007243578917389529,-0.22496149868535165,0.2802328425555495,-0.13002950065174013,0.011376107232571094,0.08641011328433577,0.9876721143510535,0.0007243559732442138,-0.22496149879590144,0.2802328427704977,-0.13002950063636534,0.011376107230261688,0.08641011341355137,0.9876721143417994,-0.0001546029762959887,-0.22495807550594962,0.2802279150291123,-0.1299845606319321,0.011376812366300445,0.08642070256372739,0.9876770951612158,-0.0001546029762959887,-0.22495807550594962,0.2802279150291123,-0.1299845606319321,0.011376812366300445,0.08642070256372739,0.9876770951612158,0.07509283984121574,-0.5154012571162357,0.7785763041393519,-0.20231222275846417,0.531237490381641,-0.15551948207931066,0.06563024310528981,-0.5157630653612888,0.7786063352766324,-0.220139953228356,0.5327435835877015,-0.17333953337688668,0.06563024310528981,-0.5157630653612888,0.7786063352766324,-0.220139953228356,0.5327435835877015,-0.17333953337688668,0.08609361917425273,0.002692119173571938,-2.052511099883658e-05,0.16094295684105117,-0.015618887557798139,0.16087844352255454,-0.0005834373667981674,0.004975389087891842,-0.002104043565957822,0.009394334649731375,0.016059426158889886,0.009350190158733535,0.8683333333333412,True,False,1,True,True,0.0036008000024594367,4,1.9336613095320254e-09,2.6095231022408164e-10,`gtol` termination condition is satisfied.,True,True,0.010000000000001563,0.01781914991667538,1.0,0.0008789794289550079,9.288788681394734e-05,0.0008789813457694909,9.28879734350218e-05
18.22000000000005,1786132519.8694413,0.007846799999242648,0.006749000007403083,0.01,TELEOP,0,,0.0,18.22000000000005,1822,0.0592000000000013,0.0,0.0,0.0,0.0,0.17364817766693036,0.9848077530122081,0.05654785963849644,5.220722547048185e-50,1.0528701496347722e-37,1.0847405426640671e-24,3.371702140772069e-12,0.17364817766366034,0.9848077530127847,0.0009643578915489275,-0.22496149868535165,0.2802328425555495,-0.13002950065173824,0.011376107232424122,0.08641011328452279,0.9876721143510391,0.0008043578917009478,-0.22496149868535165,0.2802328425555495,-0.13002950065173824,0.011376107232424122,0.08641011328452279,0.9876721143510391,0.0008043559719491458,-0.22496149879731764,0.280232842769782,-0.13002950063641983,0.011376107230111577,0.08641011341384443,0.9876721143417683,-7.460419524296658e-05,-0.22495807662515208,0.28022791330809144,-0.12998455013604382,0.011376862742375468,0.08642061407427017,0.9876771037050002,-7.460419524296658e-05,-0.22495807662515208,0.28022791330809144,-0.12998455013604382,0.011376862742375468,0.08642061407427017,0.9876771037050002,0.0759528043378804,-0.5153683567956007,0.7785735474255572,-0.20069342876445131,0.5311008358441949,-0.1539014830855058,0.06649111906739136,-0.5157356465704915,0.7786059194363713,-0.218529597481869,0.5325890024813139,-0.1717298278509062,0.06649111906739136,-0.5157356465704915,0.7786059194363713,-0.218529597481869,0.5325890024813139,-0.1717298278509062,0.08608759621014181,0.002741879079724374,-4.1584026106706884e-05,0.16103557464867518,-0.015458110638750067,0.16097055259802284,-0.0006022964110926714,0.0049759906152428,-0.0021058915107867015,0.009261780762398938,0.01607769190480465,0.009210907546828666,0.8700000000000081,True,False,1,True,True,0.0034549999982118607,4,1.9349105760810875e-09,2.6115156421177697e-10,`gtol` termination condition is satisfied.,True,True,0.010000000000001563,0.017827730469891834,1.0,0.0008789806518719714,9.287143582519421e-05,0.0008789825699416988,9.287152190280561e-05
18.23000000000005,1786132519.8766298,0.006966200002352707,0.006971499999053776,0.01,TELEOP,0,,0.0,18.23000000000005,1823,0.05946666666666801,0.0,0.0,0.0,0.0,0.17364817766693036,0.9848077530122081,0.05681452630511557,4.743821585657915e-50,9.566928902506593e-38,9.856469911938245e-25,3.06370492777232e-12,0.17364817766395904,0.984807753012732,0.0010443578915346648,-0.22496149868535165,0.2802328425555495,-0.1300295006517365,0.011376107232290576,0.08641011328469274,0.987672114351026,0.0008843578916676912,-0.22496149868535165,0.2802328425555495,-0.1300295006517365,0.011376107232290576,0.08641011328469274,0.987672114351026,0.00088435597067631,-0.2249614987987374,0.28023284276906124,-0.13002950063647478,0.011376107229974874,0.08641011341411933,0.9876721143417385,5.39482034542238e-06,-0.22495807769938708,0.28022791150935783,-0.12998453898212844,0.011376913894667351,0.08642052471321099,0.9876771124026972,5.39482034542238e-06,-0.22495807769938708,0.28022791150935783,-0.12998453898212844,0.011376913894667351,0.08642052471321099,0.9876771124026972,0.0768126901384563,-0.5153349588878595,0.7785705780835644,-0.19907386293906504,0.5309658042577473,-0.15228272351013344,0.06735193294286686,-0.5157077301255758,0.7786052928234041,-0.21691832877993086,0.5324360309239061,-0.17011921511639094,0.06735193294286686,-0.5157077301255758,0.7786052928234041,-0.21691832877993086,0.5324360309239061,-0.17011921511639094,0.0860813875475362,0.00279164449157514,-6.266129671365533e-05,0.16112687019378835,-0.015297155740775455,0.16106127345150204,-0.0006208662605604089,0.004976541185075855,-0.002107727060694515,0.009129554511315882,0.016095489797458753,0.009072085347918332,0.871666666666675,True,False,1,True,True,0.0036625999928219244,4,1.9361434572347633e-09,2.613486488159566e-10,`gtol` termination condition is satisfied.,True,True,0.010000000000001563,0.017836168717417694,1.0,0.0008789816408970237,9.285638011458447e-05,0.0008789835602045068,9.285646564067747e-05
18.24000000000005,1786132519.8844519,0.007198099992820062,0.007595699993544258,0.01,TELEOP,0,,0.0,18.24000000000005,1824,0.059733333333334714,0.0,0.0,0.0,0.0,0.17364817766693036,0.9848077530122081,0.05708119297174204,4.310484426964564e-50,8.69301201647376e-38,8.956095629155191e-25,2.783842549737296e-12,0.17364817766423046,0.9848077530126842,0.0011243578915226052,-0.22496149868535165,0.2802328425555495,-0.13002950065173494,0.011376107232169232,0.08641011328484721,0.9876721143510141,0.000964357891638674,-0.22496149868535165,0.2802328425555495,-0.13002950065173494,0.011376107232169232,0.08641011328484721,0.9876721143510141,0.0009643559694252658,-0.22496149880016053,0.2802328427683355,-0.13002950063653027,0.011376107229850293,0.08641011341437752,0.9876721143417101,8.539402470647897e-05,-0.224958078735764,0.28022790964790156,-0.12998452730433663,0.01137696567358613,0.08642043461302998,0.987677121226783,8.539402470647897e-05,-0.224958078735764,0.28022790964790156,-0.12998452730433663,0.01137696567358613,0.08642043461302998,0.987677121226783,0.0776724960516164,-0.5153010634383672,0.7785673959638758,-0.19745353735481888,0.5308323965727921,-0.1506632158097104,0.0682126829058635,-0.515679315976853,0.7786044552555486,-0.2153061603071465,0.5322846706466218,-0.16850770900345552,0.0682126829058635,-0.515679315976853,0.7786044552555486,-0.2153061603071465,0.5322846706466218,-0.16850770900345552,0.08607499629965093,0.0028414148722831693,-8.375678554881486e-05,0.16121684727841154,-0.015136027728428859,0.16115061129351615,-0.0006391247885279699,0.004977038070802151,-0.002109548883515623,0.00899770846231815,0.016112801234657137,0.008933784201409686,0.873333333333342,True,False,1,True,True,0.004145400002016686,4,1.937359892513197e-09,2.615432821253579e-10,`gtol` termination condition is satisfied.,True,True,0.010000000000001563,0.017844465840865825,1.0,0.00087898244167988,9.284252418777496e-05,0.0008789843622075664,9.284260915517233e-05
18.250000000000053,1786132519.8920252,0.007817300007445738,0.007351899999775924,0.01,TELEOP,0,,0.0,18.250000000000053,1825,0.06000000000000142,0.0,0.0,0.0,0.0,0.17364817766693036,0.9848077530122081,0.05734785963837499,3.916731618085749e-50,7.898925422008498e-38,8.138015316004793e-25,2.5295449543874748e-12,0.1736481776644771,0.9848077530126407,0.001204357891512492,-0.22496149868535165,0.2802328425555495,-0.1300295006517335,0.011376107232058971,0.08641011328498752,0.9876721143510032,0.0010443578916134377,-0.22496149868535165,0.2802328425555495,-0.1300295006517335,0.011376107232058971,0.08641011328498752,0.9876721143510032,0.0010443559681956385,-0.22496149880158708,0.28023284276760485,-0.13002950063658666,0.011376107229736773,0.08641011341462045,0.9876721143416827,0.0001653933742889642,-0.22495807974112253,0.2802279077381583,-0.12998451523195967,0.011377017937793108,0.08642034389742034,0.9876771301510465,0.0001653933742889642,-0.22495807974112253,0.2802279077381583,-0.12998451523195967,0.011377017937793108,0.08642034389742034,0.9876771301510465,0.0785322208860327,-0.5152666704934694,0.7785640009162395,-0.19583246411525393,0.5307006137168433,-0.1490429724713744,0.06907336716347273,-0.5156504040802224,0.7786034065521025,-0.21369310520576154,0.5321349233304321,-0.16689532328512524,0.06907336716347273,-0.5156504040802224,0.7786034065521025,-0.21369310520576154,0.5321349233304321,-0.16689532328512524,0.08606842576090863,0.0028911896630537466,-0.00010487034460662797,0.16130551013846933,-0.014974731618961483,0.1612385718330017,-0.0006570538742299339,0.004977479077056937,-0.0021113559057809816,0.008866286005776899,0.016129610946735158,0.008796053948553761,0.8750000000000089,True,False,1,True,True,0.003953199993702583,4,1.9385598232976953e-09,2.617356925522757e-10,`gtol` termination condition is satisfied.,True,True,0.010000000000001563,0.017852622952327618,1.0,0.0008789830976630027,9.28296750160969e-05,0.0008789850193932605,9.282975941739129e-05
18.260000000000055,1786132519.9039195,0.007640499999979511,0.011605499996221624,0.01,TELEOP,0,,0.0,18.260000000000055,1826,0.060266666666668134,0.0,0.0,0.0,0.0,0.17364817766693036,0.9848077530122081,0.05761452630501369,3.558947219979998e-50,7.177376806130458e-38,7.394529690052094e-25,2.298476857791512e-12,0.1736481776647012,0.9848077530126012,0.001284357891504103,-0.22496149868535165,0.2802328425555495,-0.13002950065173224,0.011376107231958787,0.08641011328511508,0.9876721143509934,0.0011243578915915708,-0.22496149868535165,0.2802328425555495,-0.13002950065173224,0.011376107231958787,0.08641011328511508,0.9876721143509934,0.0011243559669871402,-0.224961498803017,0.28023284276686933,-0.13002950063664354,0.01137610722963331,0.08641011341484946,0.9876721143416564,0.0002453928278740858,-0.22495808072200651,0.2802279057939515,-0.12998450288890812,0.011377070554487407,0.08642025268119151,0.9876771391506644,0.0002453928278740858,-0.22495808072200651,0.2802279057939515,-0.12998450288890812,0.011377070554487407,0.08642025268119151,0.9876771391506644,0.07939186345038055,-0.515231780100508,0.7785603927896606,-0.19421065535446103,0.5305704565943805,-0.14742200601240146,0.0699339839571625,-0.5156209943973409,0.7786021465339267,-0.21207917657219127,0.5319867906049246,-0.165282071673373,0.0699339839571625,-0.5156209943973409,0.7786021465339267,-0.21207917657219127,0.5319867906049246,-0.165282071673373,0.08606167936896333,0.0029409682881565554,-0.00012600181758515397,0.16139286335700004,-0.014813272550750498,0.16132516117519863,-0.0006746391945292955,0.004977862510280104,-0.0021131472978522707,0.008735321853069189,0.016145906821096026,0.008658934219692854,0.8766666666666758,True,False,1,True,True,0.006350299998302944,4,1.9397431346322394e-09,2.6192568221940896e-10,`gtol` termination condition is satisfied.,True,True,0.010000000000001563,0.017860641090507612,1.0,0.0008789836499610559,9.281764323540272e-05,0.0008789855728761344,9.281772706516796e-05
18.270000000000056,1786132519.9149687,0.012001499999314547,0.010653100005583838,0.01,TELEOP,0,,0.0,18.270000000000056,1827,0.06053333333333484,0.0,0.0,0.0,0.0,0.17364817766693036,0.9848077530122081,0.05788119297165743,3.233845601295947e-50,6.521739991827971e-38,6.719012319693237e-25,2.088516298819045e-12,0.17364817766490484,0.9848077530125653,0.0013643578914972268,-0.22496149868535165,0.2802328425555495,-0.13002950065173102,0.011376107231867747,0.08641011328523092,0.9876721143509845,0.001204357891572702,-0.22496149868535165,0.2802328425555495,-0.13002950065173102,0.011376107231867747,0.08641011328523092,0.9876721143509845,0.00120435596579941,-0.22496149880445013,0.28023284276612886,-0.13002950063670088,0.011376107229538938,0.08641011341506555,0.9876721143416309,0.0003253923466704396,-0.22495808168464204,0.280227903828445,-0.1299844903932693,0.011377123399609716,0.08642016107024554,0.9876771482022579,0.0003253923466704396,-0.22495808168464204,0.280227903828445,-0.1299844903932693,0.011377123399609716,0.08642016107024554,0.9876771482022579,0.08025142255334436,-0.5151963923078181,0.7785565714324042,-0.19258812323659766,0.5304419260867987,-0.14580032897971779,0.07079453156385161,-0.5155910868957444,0.7786006750235049,-0.2104643874543658,0.5318402740473891,-0.16366796781611637,0.07079453156385161,-0.5155910868957444,0.7786006750235049,-0.2104643874543658,0.5318402740473891,-0.16366796781611637,0.08605476066889824,0.0029907501596454435,-0.0001471510421770035,0.16147891178252338,-0.014651655753553108,0.1614103857256371,-0.0006918700065093135,0.004978187148888027,-0.002114922459184621,0.008604842552334171,0.016161679719736453,0.00852245504384582,0.8783333333333427,True,False,1,True,True,0.006324600006337278,4,1.940909812236177e-09,2.621133666872461e-10,`gtol` termination condition is satisfied.,True,True,0.010000000000001563,0.01786852121773025,1.0,0.0008789841372661544,9.280624425542034e-05,0.0008789860613482976,9.280632750849632e-05
18.280000000000058,1786132519.922114,0.010881900001550093,0.0069161999999778345,0.01,TELEOP,0,,0.0,18.280000000000058,1828,0.06080000000000155,0.0,0.0,0.0,0.0,0.17364817766693036,0.9848077530122081,0.05814785963830563,2.938441265526809e-50,5.925994088073967e-38,6.105215426558872e-25,1.897735152594784e-12,0.17364817766508986,0.9848077530125326,0.0014443578914916828,-0.22496149868535165,0.2802328425555495,-0.13002950065172997,0.011376107231785025,0.08641011328533621,0.9876721143509763,0.0012843578915564982,-0.22496149868535165,0.2802328425555495,-0.13002950065172997,0.011376107231785025,0.08641011328533621,0.9876721143509763,0.0012843559646322604,-0.22496149880588642,0.28023284276538374,-0.13002950063675897,0.011376107229452839,0.08641011341526998,0.9876721143416065,0.000405391894384443,-0.2249580826349187,0.28022790185410174,-0.1299844778569345,0.011377176357968699,0.0864200691616205,0.9876771572839379,0.000405391894384443,-0.2249580826349187,0.28022790185410174,-0.1299844778569345,0.011377176357968699,0.0864200691616205,0.9876771572839379,0.08111089700362223,-0.5151605071647302,0.7785525366919996,-0.1909648799554058,0.5303150230523568,-0.14417795394941207,0.07165500829664839,-0.5155606815489268,0.7785989918449828,-0.20884875084983853,0.5316953751821827,-0.16205302529511234,0.07165500829664839,-0.5155606815489268,0.7785989918449828,-0.20884875084983853,0.5316953751821827,-0.16205302529511234,0.08604767327966409,0.0030405346817682167,-0.00016831785220760274,0.161563660452702,-0.014489886520640542,0.16149425210037865,-0.00070873892341466,0.004978452212276558,-0.002116681003059593,0.008474867017861654,0.01617692329125421,0.00838663747415568,0.8800000000000097,True,False,1,True,True,0.0034980000054929405,4,1.942059748743136e-09,2.622987029430422e-10,`gtol` termination condition is satisfied.,True,True,0.010000000000001563,0.01787626421776814,1.0,0.0008789845957779849,9.279529927847068e-05,0.0008789865210092937,9.279538195013989e-05
18.29000000000006,1786132519.929614,0.007157699990784749,0.00725909999164287,0.01,TELEOP,0,,0.0,18.29000000000006,1829,0.061066666666668254,0.0,0.0,0.0,0.0,0.17364817766693036,0.9848077530122081,0.05841452630495772,2.670021434384681e-50,5.384668198347569e-38,5.547522321003826e-25,1.7243814240036411e-12,0.17364817766525797,0.984807753012503,0.0015243578914873115,-0.22496149868535165,0.2802328425555495,-0.130029500651729,0.011376107231709861,0.08641011328543184,0.987672114350969,0.001364357891542661,-0.22496149868535165,0.2802328425555495,-0.130029500651729,0.011376107231709861,0.08641011328543184,0.987672114350969,0.0013643559634854176,-0.22496149880732574,0.28023284276463384,-0.13002950063681765,0.011376107229374285,0.08641011341546356,0.9876721143415826,0.0004853914372679527,-0.22495808357837527,0.2802278998826516,-0.12998446538529748,0.011377229323295938,0.0864199770435949,0.9876771663753334,0.0004853914372679527,-0.22495808357837527,0.2802278998826516,-0.12998446538529748,0.011377229323295938,0.0864199770435949,0.9876771663753334,0.08197028560993111,-0.5151241247215729,0.7785482884152528,-0.18934093773372287,0.5301897483261283,-0.1425548935262415,0.07251541250527657,-0.5155297783363761,0.7785970968241867,-0.20723227970460437,0.5315520954803542,-0.16043725762468591,0.07251541250527657,-0.5155297783363761,0.7785970968241867,-0.20723227970460437,0.5315520954803542,-0.16043725762468591,0.08604042086280508,0.0030903212550610704,-0.00018950207961392708,0.1616471145233905,-0.014327970182847122,0.16157676704261853,-0.0007252416859009533,0.004978657329284615,-0.0021184227406321043,0.008345407068848417,0.016191633779339493,0.008251494223985672,0.8816666666666766,True,False,1,True,True,0.003802700011874549,4,1.943192909666178e-09,2.6248167610772354e-10,`gtol` termination condition is satisfied.,True,True,0.010000000000001563,0.017883870894432746,1.0,0.0008789850591561649,9.278463621897689e-05,0.0008789869855187209,9.278471830528168e-05
18.30000000000006,1786132519.936624,0.007501500003854744,0.00676720000046771,0.01,TELEOP,0,,0.0,18.30000000000006,1830,0.06133333333333497,0.0,0.0,0.0,0.0,0.17364817766693036,0.9848077530122081,0.05868119297161322,2.4261211356203596e-50,4.892791179904692e-38,5.040758075489848e-25,1.5668631586433375e-12,0.17364817766541074,0.984807753012476,0.0016043578914839603,-0.22496149868535165,0.2802328425555495,-0.1300295006517281,0.01137610723164156,0.08641011328551876,0.9876721143509622,0.0014443578915309208,-0.22496149868535165,0.2802328425555495,-0.1300295006517281,0.01137610723164156,0.08641011328551876,0.9876721143509622,0.0014443559623587288,-0.22496149880876803,0.28023284276387905,-0.1300295006368769,0.011376107229302606,0.08641011341564729,0.9876721143415597,0.0005653909441441958,-0.2249580845201879,0.28022789792506625,-0.12998445307701975,0.011377282198234286,0.0864198847958466,0.9876771754576099,0.0005653909441441958,-0.2249580845201879,0.28022789792506625,-0.12998445307701975,0.011377282198234286,0.0864198847958466,0.9876771754576099,0.08282958718101202,-0.5150872450296712,0.7785438264482477,-0.18771630882299173,0.5300661027199545,-0.1409311603431368,0.0733757425762117,-0.5154983772435748,0.778594989788624,-0.20561498691257293,0.5314104363595087,-0.15882067825122867,0.0733757425762117,-0.5154983772435748,0.778594989788624,-0.20561498691257293,0.5314104363595087,-0.15882067825122867,0.08603300709349872,0.003140109280128879,-0.00021070355627036757,0.16172927920311675,-0.014165912084554097,0.16165793734569833,-0.0007413769306361766,0.004978802506780104,-0.0021201476656437187,0.008216467972623395,0.016205809829299984,0.00811703030797889,0.8833333333333435,True,False,1,True,True,0.0034355999960098416,4,1.9443091738296056e-09,2.626622969512252e-10,`gtol` termination condition is satisfied.,True,True,0.010000000000001563,0.01789134197088149,1.0,0.0008789855584947157,9.27740905238809e-05,0.0008789874859704879,9.277417202157779e-05
18.310000000000063,1786132519.9451528,0.007044300000416115,0.008252100000390783,0.01,TELEOP,0,,0.0,18.310000000000063,1831,0.061600000000001674,0.0,0.0,0.0,0.0,0.17364817766693036,0.9848077530122081,0.058947859638271705,2.2045005665133527e-50,4.4458459924233773e-38,4.580284187894239e-25,1.4237338234743868e-12,0.17364817766554955,0.9848077530124516,0.0016843578914815076,-0.22496149868535165,0.2802328425555495,-0.1300295006517273,0.0113761072315795,0.08641011328559774,0.9876721143509561,0.001524357891521038,-0.22496149868535165,0.2802328425555495,-0.1300295006517273,0.0113761072315795,0.08641011328559774,0.9876721143509561,0.001524355961252024,-0.22496149881021338,0.28023284276311955,-0.13002950063693652,0.011376107229237056,0.0864101134158218,0.9876721143415372,0.0006453903864141637,-0.2249580854651625,0.2802278959915408,-0.12998444102385837,0.011377334894266008,0.0864197924896606,0.987677184513474,0.0006453903864141637,-0.2249580854651625,0.2802278959915408,-0.12998444102385837,0.011377334894266008,0.0864197924896606,0.987677184513474,0.08368880052563576,-0.5150498681413507,0.778539150636357,-0.1860910055027662,0.5299440870223948,-0.1393067670607025,0.07423599693255102,-0.5154664782619638,0.7785926705674674,-0.20399688531564267,0.5312703991838925,-0.1572033005534031,0.07423599693255102,-0.5154664782619638,0.7785926705674674,-0.20399688531564267,0.5312703991838925,-0.1572033005534031,0.08602543563391832,0.0031898981611071468,-0.00023192211565542585,0.1618101596930006,-0.014003717561614752,0.16173776978253332,-0.0007571459580401712,0.004978888097825969,-0.0021218559385054975,0.008088048988384028,0.016219452293932037,0.007983243683498214,0.8850000000000104,True,False,1,True,True,0.004391599999507889,4,1.9454085056130253e-09,2.628404629579652e-10,`gtol` termination condition is satisfied.,True,True,0.010000000000001563,0.017898678089581205,1.0,0.0008789861223156705,9.276350589334312e-05,0.0008789880508865605,9.276358679986833e-05
18.320000000000064,1786132519.9523335,0.008499000003212132,0.006933600001502782,0.01,TELEOP,0,,0.0,18.320000000000064,1832,0.06186666666666838,0.0,0.0,0.0,0.0,0.17364817766693036,0.9848077530122081,0.05921452630493278,2.003124525154856e-50,4.0397282167950654e-38,4.161872363765014e-25,1.2936790229139935e-12,0.17364817766567567,0.9848077530124294,0.0017643578914798286,-0.22496149868535165,0.2802328425555495,-0.1300295006517266,0.011376107231523111,0.08641011328566953,0.9876721143509507,0.0016043578915127961,-0.22496149868535165,0.2802328425555495,-0.1300295006517266,0.011376107231523111,0.08641011328566953,0.9876721143509507,0.0016043559601651679,-0.2249614988116616,0.28023284276235544,-0.13002950063699692,0.011376107229177222,0.08641011341598802,0.9876721143415155,0.0007253897380445282,-0.22495808641772932,0.28022789409148224,-0.12998442931055473,0.011377387331585748,0.08641970018817939,0.9876771935271674,0.0007253897380445282,-0.22495808641772932,0.28022789409148224,-0.12998442931055473,0.011377387331585748,0.08641970018817939,0.9876771935271674,0.08454792445260745,-0.5150119941099358,0.7785342608242437,-0.18446504008021722,0.5298237019986817,-0.1376817263667179,0.07509617403364025,-0.5154340813888757,0.7785901389915237,-0.20237798770432167,0.5311319852646804,-0.15558513784298875,0.07509617403364025,-0.5154340813888757,0.7785901389915237,-0.20237798770432167,0.5311319852646804,-0.15558513784298875,0.08601771010890875,0.0032396873088121,-0.0002531575943672592,0.1618897611320738,-0.013841391921209915,0.16181627104140917,-0.0007725525009562538,0.004978914770494509,-0.0021235478711830007,0.007960143907317918,0.016232564040481026,0.00785012588758229,0.8866666666666774,True,False,1,True,True,0.0034961000055773184,4,1.9464908356941907e-09,2.630163308525981e-10,`gtol` termination condition is satisfied.,True,True,0.010000000000001563,0.017905879812876474,1.0,0.0008789867765813034,9.275273489780546e-05,0.0008789887062291345,9.275281521031707e-05
18.330000000000066,1786132519.9605687,0.007162199995946139,0.00800659999367781,0.01,TELEOP,0,,0.0,18.330000000000066,1833,0.06213333333333509,0.0,0.0,0.0,0.0,0.17364817766693036,0.9848077530122081,0.05948119297159609,1.8201437206355843e-50,3.670708363128595e-38,3.7816729618846952e-25,1.17550442838414e-12,0.17364817766579027,0.9848077530124092,0.0018443578914788226,-0.22496149868535165,0.2802328425555495,-0.13002950065172592,0.011376107231471873,0.08641011328573472,0.9876721143509456,0.0016843578915060014,-0.22496149868535165,0.2802328425555495,-0.13002950065172592,0.011376107231471873,0.08641011328573472,0.9876721143509456,0.0016843559590980217,-0.2249614988131125,0.2802328427615868,-0.13002950063705754,0.011376107229122443,0.08641011341614642,0.9876721143414943,0.000805388975539046,-0.22495808738194134,0.2802278922335044,-0.12998441801477845,0.011377439438923729,0.08641960794669107,0.987677202484452,0.000805388975539046,-0.22495808738194134,0.2802278922335044,-0.12998441801477845,0.011377439438923729,0.08641960794669107,0.987677202484452,0.08540695777077234,-0.5149736229897539,0.7785291568558721,-0.18283842488963148,0.529704948390673,-0.13605605097563114,0.07595627237447991,-0.5154011866274399,0.778587394893189,-0.20075830681884205,0.5309951958604443,-0.1539662033663078,0.07595627237447991,-0.5154011866274399,0.778587394893189,-0.20075830681884205,0.5309951958604443,-0.1539662033663078,0.08600983408395253,0.0032894761435790076,-0.00027440983348363246,0.16196808854793585,-0.013678940423614252,0.16189344766806787,-0.0007876024956218058,0.004978883476690011,-0.0021252239116369928,0.007832741586203767,0.01624514975956387,0.007717662665868384,0.8883333333333443,True,False,1,True,True,0.004314999998314306,4,1.9475561109014425e-09,2.63189819556328e-10,`gtol` termination condition is satisfied.,True,True,0.010000000000001563,0.017912947624104447,1.0,0.0008789875447227307,9.274163949209632e-05,0.0008789894754292749,9.274171920929761e-05
18.340000000000067,1786132519.967842,0.008246600002166815,0.007033199988654815,0.01,TELEOP,0,,0.0,18.340000000000067,1834,0.062400000000001794,0.0,0.0,0.0,0.0,0.17364817766693036,0.9848077530122081,0.05974785963826135,1.653877790504829e-50,3.335397621831089e-38,3.4362465487065186e-25,1.0681248104676189e-12,0.1736481776658944,0.9848077530123909,0.0019243578914783996,-0.22496149868535165,0.2802328425555495,-0.13002950065172533,0.011376107231425316,0.086410113285794,0.987672114350941,0.0017643578915004811,-0.22496149868535165,0.2802328425555495,-0.13002950065172533,0.011376107231425316,0.086410113285794,0.987672114350941,0.0017643559580505022,-0.22496149881456623,0.2802328427608133,-0.1300295006371187,0.011376107229072313,0.08641011341629766,0.9876721143414735,0.0008853880778946777,-0.22495808836147446,0.28022789042542845,-0.12998440720712384,0.01137749115332502,0.08641951581294889,0.9876772113725841,0.0008853880778946777,-0.22495808836147446,0.28022789042542845,-0.12998440720712384,0.01137749115332502,0.08641951581294889,0.9876772113725841,0.08626589928902118,-0.5149347548361347,0.7785238385745166,-0.18121117229190914,0.5295878269168156,-0.1344297536280511,0.07681629048493392,-0.5153677939864619,0.7785844381063912,-0.19913785535071535,0.530860032177786,-0.15234651030616794,0.07681629048493392,-0.5153677939864619,0.7785844381063912,-0.19913785535071535,0.530860032177786,-0.15234651030616794,0.08600181104538793,0.0033392640977982875,-0.0002956786797713792,0.16204514681264462,-0.013516368265832966,0.16196930601396273,-0.000802303856461036,0.004978795421927224,-0.002126884628774343,0.007705826470875514,0.016257215778126045,0.007585834589484327,0.8900000000000112,True,False,1,True,True,0.0035703000030480325,4,1.948604233677895e-09,2.6336080918436383e-10,`gtol` termination condition is satisfied.,True,True,0.010000000000001563,0.017919881929210568,1.0,0.0008789884476838583,9.273009143430403e-05,0.0008789903794308011,9.273017055447724e-05
18.35000000000007,1786132519.9754627,0.007256700002471916,0.007397299996227957,0.01,TELEOP,0,,0.0,18.35000000000007,1835,0.06266666666666851,0.0,0.0,0.0,0.0,0.17364817766693036,0.9848077530122081,0.06001452630492827,1.502799869545455e-50,3.0307167432485976e-38,3.1223114628647643e-25,9.705540729513215e-13,0.17364817766598903,0.9848077530123741,0.002004357891478476,-0.22496149868535165,0.2802328425555495,-0.13002950065172475,0.011376107231383008,0.08641011328584783,0.9876721143509369,0.0018443578914960801,-0.22496149868535165,0.2802328425555495,-0.13002950065172475,0.011376107231383008,0.08641011328584783,0.9876721143509369,0.0018443559570225261,-0.22496149881602254,0.28023284276003546,-0.13002950063718055,0.011376107229026397,0.08641011341644227,0.9876721143414533,0.0009653870265443516,-0.22495808935963071,0.2802278886742882,-0.12998439695115577,0.011377542419889364,0.08641942382751763,0.9876772201802814,0.0009653870265443516,-0.22495808935963071,0.2802278886742882,-0.12998439695115577,0.011377542419889364,0.08641942382751763,0.9876772201802814,0.08712474781629585,-0.5148953897054107,0.7785183058227598,-0.17958329467406106,0.5294723382720923,-0.13280284709024015,0.07767622692876235,-0.5153339034802804,0.7785812684665236,-0.19751664594467797,0.5307264953721151,-0.15072607178426242,0.07767622692876235,-0.5153339034802804,0.7785812684665236,-0.19751664594467797,0.5307264953721151,-0.15072607178426242,0.08599364438282917,0.0033890506181562296,-0.0003169639867566792,0.16212094060371196,-0.013353680567078603,0.1620438521905268,-0.0008166662558764064,0.00497865203579342,-0.002128530698529665,0.007579379106731575,0.016268769875433742,0.007454617656407296,0.8916666666666782,True,False,1,True,True,0.0040102000057231635,4,1.9496351787839832e-09,2.635294136288708e-10,`gtol` termination condition is satisfied.,True,True,0.010000000000001563,0.01792668305880621,1.0,0.0008789895039785315,9.271797259976922e-05,0.0008789914367474872,9.271805112121279e-05
18.36000000000007,1786132519.982642,0.007689699996262789,0.006886899995151907,0.01,TELEOP,0,,0.0,18.36000000000007,1836,0.06293333333333521,0.0,0.0,0.0,0.0,0.17364817766693036,0.9848077530122081,0.060281192971596606,1.3655225681557046e-50,2.7538677600797735e-38,2.837154022845474e-25,8.818961972366863e-13,0.17364817766607502,0.9848077530123589,0.002084357891478976,-0.22496149868535165,0.2802328425555495,-0.13002950065172428,0.011376107231344567,0.08641011328589676,0.9876721143509332,0.0019243578914926592,-0.22496149868535165,0.2802328425555495,-0.13002950065172428,0.011376107231344567,0.08641011328589676,0.9876721143509332,0.001924355956014024,-0.2249614988174814,0.2802328427592529,-0.13002950063724264,0.01137610722898437,0.08641011341658075,0.9876721143414335,0.001045385805287468,-0.22495809037934356,0.28022788698634177,-0.1299843873034984,0.0113775931914773,0.08641933202414188,0.9876772288976822,0.001045385805287468,-0.22495809037934356,0.28022788698634177,-0.1299843873034984,0.0113775931914773,0.08641933202414188,0.9876772288976822,0.08798350216159449,-0.5148555276549212,0.7785125584425102,-0.17795480444869982,0.5293584831279878,-0.13117534415359997,0.07853608030249974,-0.5152995151286045,0.7785778858103671,-0.19589469120097716,0.5305945865485548,-0.1491049008639694,0.07853608030249974,-0.5152995151286045,0.7785778858103671,-0.19589469120097716,0.5305945865485548,-0.1491049008639694,0.08598533737372684,0.0034388351675871463,-0.0003382656156473966,0.16219547437005413,-0.013190882356021543,0.1621170920292763,-0.000830700910232791,0.004978454943090889,-0.002130162889071405,0.007453376634216034,0.016279821105703387,0.0073239838749473065,0.8933333333333451,True,False,1,True,True,0.0035173000069335103,4,1.950648843674928e-09,2.636955600868716e-10,`gtol` termination condition is satisfied.,True,True,0.010000000000001563,0.017933351270616904,1.0,0.0008789907297599623,9.270517520442105e-05,0.0008789926635324798,9.270525312687154e-05
18.370000000000072,1786132519.990687,0.007105900003807619,0.007826200002455153,0.01,TELEOP,0,,0.0,18.370000000000072,1837,0.06320000000000192,0.0,0.0,0.0,0.0,0.17364817766693036,0.9848077530122081,0.06054785963826615,1.2407852315734786e-50,2.5023082928818337e-38,2.5779974382622666e-25,8.013370139573701e-13,0.17364817766615315,0.9848077530123451,0.00216435789147984,-0.22496149868535165,0.2802328425555495,-0.13002950065172383,0.01137610723130964,0.08641011328594124,0.9876721143509297,0.0020043578914900953,-0.22496149868535165,0.2802328425555495,-0.13002950065172383,0.01137610723130964,0.08641011328594124,0.9876721143509297,0.002004355955024923,-0.22496149881894273,0.28023284275846594,-0.13002950063730537,0.011376107228945774,0.0864101134167136,0.9876721143414141,0.001125384400209959,-0.22495809142318562,0.28022788536708615,-0.12998437831396634,0.01137764342838679,0.08641924043013163,0.9876772375162988,0.001125384400209959,-0.22495809142318562,0.28022788536708615,-0.12998437831396634,0.01137764342838679,0.08641924043013163,0.9876772375162988,0.08884216113397751,-0.5148151687430101,0.7785065962750004,-0.17632571405353012,0.5292462621324441,-0.12954725763415703,0.07939584923419986,-0.515264628956335,0.7785742899760059,-0.1942720036779497,0.5304643067629572,-0.14748301055349375,0.07939584923419986,-0.515264628956335,0.7785742899760059,-0.1942720036779497,0.5304643067629572,-0.14748301055349375,0.08597689316999806,0.0034886172269509744,-0.0003595834361258984,0.1622687523027212,-0.013027978559763311,0.16218903104753965,-0.0008444203728783656,0.00497820593638202,-0.002131782047849844,0.007327793266704667,0.016290379625820577,0.00719390182633492,0.895000000000012,True,False,1,True,True,0.003474199998890981,4,1.9516452113483767e-09,2.6385929314023574e-10,`gtol` termination condition is satisfied.,True,True,0.010000000000001563,0.01793988675227734,1.0,0.0008789921389005553,9.269160193785938e-05,0.0008789940736581338,9.269167926010533e-05
18.380000000000074,1786132519.9984732,0.008065100002568215,0.007546900000306778,0.01,TELEOP,0,,0.0,18.380000000000074,1838,0.06346666666666863,0.0,0.0,0.0,0.0,0.17364817766693036,0.9848077530122081,0.060814526304936715,1.1274423629410883e-50,2.2737282027092738e-38,2.34250668083569e-25,7.281367262406684e-13,0.17364817766622415,0.9848077530123326,0.0022443578914810094,-0.22496149868535165,0.2802328425555495,-0.13002950065172345,0.011376107231277901,0.08641011328598164,0.9876721143509266,0.002084357891488278,-0.22496149868535165,0.2802328425555495,-0.13002950065172345,0.011376107231277901,0.08641011328598164,0.9876721143509266,0.0020843559540552094,-0.22496149882040645,0.28023284275767457,-0.1300295006373685,0.011376107228910328,0.08641011341684111,0.987672114341395,0.0012053827995950651,-0.2249580924933774,0.28022788382127645,-0.1299843700257304,0.011377693098005692,0.08641914906676038,0.987677246028964,0.0012053827995950651,-0.2249580924933774,0.28022788382127645,-0.1299843700257304,0.011377693098005692,0.08641914906676038,0.987677246028964,0.0897007235425734,-0.5147743130290298,0.7785004191607994,-0.17469603595083458,0.5291356759098224,-0.12791860037204336,0.08025553238206645,-0.5152292449933705,0.7785704808027357,-0.1926485958948473,0.5303356570230126,-0.14586041380929765,0.08025553238206645,-0.5152292449933705,0.7785704808027357,-0.1926485958948473,0.5303356570230126,-0.14586041380929765,0.0859683147866465,0.003538396296444787,-0.00038091732700880554,0.16234077831021326,-0.01286497399445998,0.16225967441958525,-0.0008578383351545936,0.004977906949380493,-0.002133389088290382,0.007202600749206534,0.01630045653033052,0.007064337204557708,0.8966666666666789,True,False,1,True,True,0.003938399997423403,4,1.952624195334937e-09,2.640206055556084e-10,`gtol` termination condition is satisfied.,True,True,0.010000000000001563,0.017946289624419576,1.0,0.0008789937430810563,9.267716600698228e-05,0.0008789956788050996,9.267724272865091e-05
18.390000000000075,1786132520.0071487,0.007765799993649125,0.00845699998899363,0.01,TELEOP,0,,0.0,18.390000000000075,1839,0.06373333333333533,0.0,0.0,0.0,0.0,0.17364817766693036,0.9848077530122081,0.06108119297160813,1.0244531038963364e-50,2.0660283764801797e-38,2.128504494467334e-25,6.616231159517609e-13,0.17364817766628865,0.9848077530123213,0.002324357891482432,-0.22496149868535165,0.2802328425555495,-0.13002950065172303,0.01137610723124906,0.08641011328601833,0.9876721143509237,0.002164357891487109,-0.22496149868535165,0.2802328425555495,-0.13002950065172303,0.01137610723124906,0.08641011328601833,0.9876721143509237,0.0021643559531048205,-0.22496149882187252,0.28023284275687876,-0.1300295006374323,0.011376107228877759,0.08641011341696371,0.9876721143413763,0.0012853809938263815,-0.2249580935917989,0.2802278823529495,-0.12998436247551845,0.01137774217444363,0.08641905794967228,0.9876772544297738,0.0012853809938263815,-0.2249580935917989,0.2802278823529495,-0.12998436247551845,0.01137774217444363,0.08641905794967228,0.9876772544297738,0.09055918819658396,-0.5147329605733402,0.7784940269398176,-0.17306578262696043,0.529026725060865,-0.12628938523097813,0.08111512843298944,-0.5151933632744029,0.7785664581309679,-0.19102448033486533,0.5302086382894373,-0.14423712353976842,0.08111512843298944,-0.5151933632744029,0.7785664581309679,-0.19102448033486533,0.5302086382894373,-0.14423712353976842,0.08595960509228534,0.0035881718967621444,-0.0004022671767845349,0.1624115559981725,-0.012701873357524082,0.16232902695289728,-0.0008709694361163738,0.004977560031734924,-0.002134984977572606,0.007077768795923228,0.01631006369358722,0.006935253331200967,0.8983333333333459,True,False,1,True,True,0.003366700009792112,4,1.953585761596299e-09,2.641794399622597e-10,`gtol` termination condition is satisfied.,True,True,0.010000000000001563,0.017952559944012736,1.0,0.0008789955518872263,9.266179109984308e-05,0.0008789974885591044,9.266186722002135e-05
18.400000000000077,1786132520.0159163,0.008774899994023144,0.008449100001598708,0.01,TELEOP,0,,0.0,18.400000000000077,1840,0.06400000000000204,0.0,0.0,0.0,0.0,0.17364817766693036,0.9848077530122081,0.06134785963828024,9.308716760873364e-51,1.8773014502503875e-38,1.9340818357665635e-25,6.011853705318777e-13,0.17364817766634727,0.9848077530123109,0.0024043578914840665,-0.22496149868535165,0.2802328425555495,-0.13002950065172272,0.011376107231222855,0.08641011328605167,0.9876721143509212,0.0022443578914865003,-0.22496149868535165,0.2802328425555495,-0.13002950065172272,0.011376107231222855,0.08641011328605167,0.9876721143509212,0.0022443559521737842,-0.22496149882334082,0.2802328427560786,-0.13002950063749652,0.011376107228847826,0.08641011341708169,0.9876721143413578,0.0013653789752843433,-0.22495809472000156,0.2802278809654491,-0.12998435569384312,0.011377790638148635,0.0864189670892947,0.9876772627140257,0.0013653789752843433,-0.22495809472000156,0.2802278809654491,-0.12998435569384312,0.011377790638148635,0.0864189670892947,0.9876772627140257,0.09141755390529058,-0.5146911114373129,0.7784874194513158,-0.1714349665918,0.5289194101626583,-0.12465962509774327,0.08197463610100429,-0.5151569838387028,0.7785622218021276,-0.18939966944833275,0.530083251477224,-0.14261315260907476,0.08197463610100429,-0.5151569838387028,0.7785622218021276,-0.18939966944833275,0.530083251477224,-0.14261315260907476,0.08595076680147068,0.0036379435700111136,-0.0004236328840331104,0.1624810886532313,-0.012538681221326916,0.16239709306933997,-0.0008838290814657673,0.004977167324896164,-0.0021365707248572167,0.006953265505877521,0.01631921361971406,0.0068066116442694335,0.9000000000000128,True,False,1,True,True,0.004434600006788969,4,1.954529806063591e-09,2.643357976438582e-10,`gtol` termination condition is satisfied.,True,True,0.010000000000001563,0.017958697707904897,1.0,0.0008789975729133139,9.26454112735025e-05,0.000878999510514282,9.264548679206947e-05
18.41000000000008,1786132520.0243263,0.008708200010005385,0.008152000009431504,0.01,TELEOP,0,,0.0,18.41000000000008,1841,0.06426666666666876,0.0,0.0,0.0,0.0,0.17364817766693036,0.9848077530122081,0.06161452630495292,8.458386958329033e-51,1.7058142933720825e-38,1.7573927702151613e-25,5.462684737405605e-13,0.17364817766640053,0.9848077530123015,0.0024843578914858708,-0.22496149868535165,0.2802328425555495,-0.1300295006517224,0.011376107231199044,0.086410113286082,0.9876721143509188,0.0023243578914863743,-0.22496149868535165,0.2802328425555495,-0.1300295006517224,0.011376107231199044,0.086410113286082,0.9876721143509188,0.0023243559512620346,-0.22496149882481126,0.28023284275527405,-0.13002950063756077,0.01137610722882018,0.08641011341719543,0.9876721143413397,0.0014453767382375006,-0.2249580958792223,0.28022787966145557,-0.12998434970525663,0.011377838475511227,0.08641887649125173,0.987677270878153,0.0014453767382375006,-0.2249580958792223,0.28022787966145557,-0.12998434970525663,0.011377838475511227,0.08641887649125173,0.987677270878153,0.09227581947805966,-0.514648765683329,0.7784805965339082,-0.16980360037827244,0.5288137317685934,-0.12302933288166065,0.0828340541256919,-0.5151201067298987,0.7785577716585502,-0.1877741756560247,0.5299594974569408,-0.14098851384116518,0.0828340541256919,-0.5151201067298987,0.7785577716585502,-0.1877741756560247,0.5299594974569408,-0.14098851384116518,0.08594180246874768,0.003687710880408688,-0.0004450143577382856,0.1625493792307817,-0.012375402028320933,0.16246387679093255,-0.0008964332722997497,0.004976731039756667,-0.0021381473705171868,0.006829057755038809,0.01632791930059577,0.006678372159257586,0.9016666666666797,True,False,1,True,True,0.004103800005395897,4,1.955456308710175e-09,2.644896930094019e-10,`gtol` termination condition is satisfied.,True,True,0.010000000000001563,0.01796470285653276,1.0,0.000878999811870379,9.262797077006483e-05,0.0008790017503816823,9.262804568746028e-05
18.42000000000008,1786132520.0315182,0.008385599998291582,0.006957500008866191,0.01,TELEOP,0,,0.0,18.42000000000008,1842,0.06453333333333547,0.0,0.0,0.0,0.0,0.17364817766693036,0.9848077530122081,0.06188119297162605,7.685732821686823e-51,1.5499920926841016e-38,1.5968595760026854e-25,4.963681087906825e-13,0.17364817766644894,0.984807753012293,0.0025643578914878104,-0.22496149868535165,0.2802328425555495,-0.13002950065172214,0.011376107231177409,0.08641011328610952,0.9876721143509167,0.0024043578914866616,-0.22496149868535165,0.2802328425555495,-0.13002950065172214,0.011376107231177409,0.08641011328610952,0.9876721143509167,0.002404355950369641,-0.2249614988262839,0.2802328427544653,-0.1300295006376258,0.011376107228794763,0.08641011341730512,0.9876721143413218,0.0015253742787297332,-0.22495809707039816,0.2802278784430162,-0.129984344528625,0.011377885678460568,0.08641878615677658,0.9876772789196585,0.0015253742787297332,-0.22495809707039816,0.2802278784430162,-0.129984344528625,0.011377885678460568,0.08641878615677658,0.9876772789196585,0.09313398372434951,-0.5146059233747823,0.7784735580255752,-0.1681716965417967,0.528709690408338,-0.12139852151405915,0.08369338127053513,-0.515082731995751,0.7785531075433753,-0.18614801135256012,0.5298373770560659,-0.13936322002386536,0.08369338127053513,-0.515082731995751,0.7785531075433753,-0.18614801135256012,0.5298373770560659,-0.13936322002386536,0.08593271448430871,0.0037374734147610535,-0.00046641151749277966,0.16261643034643045,-0.012212040087490538,0.16252938172995626,-0.0009087984438966903,0.004976253435235772,-0.0021397159754490717,0.006705111564874374,0.016336194083036923,0.006550493902369309,0.9033333333333466,True,False,1,True,True,0.0035635999956866726,4,1.956365174992936e-09,2.646411039808423e-10,`gtol` termination condition is satisfied.,True,True,0.010000000000001563,0.017970575277752254,1.0,0.0008790022726990849,9.260942377586373e-05,0.0008790042121018286,9.260949809132155e-05
18.43000000000008,1786132520.0397172,0.007183900001109578,0.007972899999003857,0.01,TELEOP,0,,0.0,18.43000000000008,1843,0.06480000000000218,0.0,0.0,0.0,0.0,0.17364817766693036,0.9848077530122081,0.06214785963829954,6.983658858050585e-51,1.4084038905747393e-38,1.4509834174092159e-25,4.510260270703277e-13,0.1736481776664929,0.9848077530122852,0.0026443578914898576,-0.22496149868535165,0.2802328425555495,-0.13002950065172186,0.011376107231157749,0.08641011328613454,0.9876721143509148,0.0024843578914873006,-0.22496149868535165,0.2802328425555495,-0.13002950065172186,0.011376107231157749,0.08641011328613454,0.9876721143509148,0.0024843559494965237,-0.22496149882775845,0.2802328427536522,-0.1300295006376913,0.011376107228771203,0.08641011341741107,0.9876721143413043,0.0016053715944644442,-0.22495809829418204,0.2802278773115787,-0.12998434017742247,0.011377932244056067,0.08641869608311967,0.9876772868370434,0.0016053715944644442,-0.22495809829418204,0.2802278773115787,-0.12998434017742247,0.011377932244056067,0.08641869608311967,0.9876772868370434,0.09399204545371438,-0.5145625845760808,0.7784663037636664,-0.1665392676597728,0.5286072865877962,-0.11976720394775223,0.08455261632124685,-0.5150448596879236,0.7785482293004391,-0.184521188909851,0.5297168910603454,-0.13773728391303416,0.08455261632124685,-0.5150448596879236,0.7785482293004391,-0.184521188909851,0.5297168910603454,-0.13773728391303416,0.08592350507115747,0.0037872307827463998,-0.00048782429361062196,0.16268224427088576,-0.012048599572053604,0.16259361108309403,-0.0009209413151247774,0.004975736798533848,-0.0021412776117838983,0.006581392445531807,0.016344051543690737,0.006422935313776801,0.9050000000000136,True,False,1,True,True,0.004237100001773797,4,1.957256385099817e-09,2.647900250635563e-10,`gtol` termination condition is satisfied.,True,True,0.010000000000001563,0.017976314810763422,1.0,0.0008790049576849666,9.258973411135825e-05,0.0008790068979602769,9.25898078244927e-05
18.440000000000083,1786132520.0467896,0.008207799997762777,0.006837399996584281,0.01,TELEOP,0,,0.0,18.440000000000083,1844,0.06506666666666888,0.0,0.0,0.0,0.0,0.17364817766693036,0.9848077530122081,0.062414526304973295,6.345717731432187e-51,1.279749444109153e-38,1.318423230895877e-25,4.0982583992124586e-13,0.17364817766653287,0.9848077530122782,0.0027243578914919846,-0.22496149868535165,0.2802328425555495,-0.13002950065172164,0.011376107231139887,0.08641011328615729,0.9876721143509131,0.0025643578914882376,-0.22496149868535165,0.2802328425555495,-0.13002950065172164,0.011376107231139887,0.08641011328615729,0.9876721143509131,0.002564355948642724,-0.224961498829235,0.2802328427528349,-0.13002950063775695,0.011376107228749472,0.08641011341751346,0.9876721143412869,0.0016853686846868172,-0.2249580995509593,0.28022787626802664,-0.12998433666004,0.011377978174077033,0.08641860626394936,0.987677294629737,0.0016853686846868172,-0.2249580995509593,0.28022787626802664,-0.12998433666004,0.011377978174077033,0.08641860626394936,0.987677294629737,0.09485000347581318,-0.5145187493526461,0.7784588335849091,-0.1649063263310478,0.5285065207890778,-0.11813539315649803,0.08541175808408374,-0.5150064898617535,0.7785431367741676,-0.1828937206805704,0.5295980402151622,-0.1361107182367407,0.08541175808408374,-0.5150064898617535,0.7785431367741676,-0.1828937206805704,0.5295980402151622,-0.1361107182367407,0.08591417628367652,0.0038369826170158022,-0.0005092526271500293,0.1627468229280364,-0.011885084518318264,0.16265656762931963,-0.00093287874809433,0.004975183426939482,-0.0021428333539403894,0.006457865715063979,0.016351505373531416,0.006295654622559313,0.9066666666666805,True,False,1,True,True,0.0034862999891629443,4,1.958129883396296e-09,2.6493649280470506e-10,`gtol` termination condition is satisfied.,True,True,0.010000000000001563,0.017981921250078192,1.0,0.000879007867576188,9.256887487763797e-05,0.0008790098087050945,9.256894798896596e-05
18.450000000000085,1786132520.0564253,0.007066999998642132,0.009406199998920783,0.01,TELEOP,0,,0.0,18.450000000000085,1845,0.06533333333333559,0.0,0.0,0.0,0.0,0.17364817766693036,0.9848077530122081,0.06268119297164723,5.766051055113148e-51,1.1628472845451687e-38,1.197979947886733e-25,3.7238919482863896e-13,0.17364817766656918,0.9848077530122717,0.0028043578914941636,-0.22496149868535165,0.2802328425555495,-0.1300295006517214,0.011376107231123651,0.08641011328617793,0.9876721143509114,0.0026443578914894226,-0.22496149868535165,0.2802328425555495,-0.1300295006517214,0.011376107231123651,0.08641011328617793,0.9876721143509114,0.0026443559478082426,-0.22496149883071337,0.28023284275201343,-0.13002950063782312,0.011376107228729298,0.0864101134176125,0.9876721143412698,0.001765365550065283,-0.2249581008408647,0.2802278753127141,-0.1299843339801037,0.011378023474614083,0.08641851668974347,0.9876773022980252,0.001765365550065283,-0.2249581008408647,0.2802278753127141,-0.1299843339801037,0.011378023474614083,0.08641851668974347,0.9876773022980252,0.0957078566004132,-0.5144744177709172,0.7784511473254171,-0.16327288517539063,0.5284073934704693,-0.11650310213446996,0.08627080538415875,-0.5149676225760222,0.7785378298094691,-0.1812656190016105,0.5294808252269061,-0.13448353569942814,0.08627080538415875,-0.5149676225760222,0.7785378298094691,-0.1812656190016105,0.5294808252269061,-0.13448353569942814,0.08590473000748781,0.0038867285731230194,-0.0005306964698531907,0.16281016789596378,-0.011721498825606256,0.16271825373123103,-0.0009446276188698987,0.0049745956107209235,-0.0021443842703158167,0.006334496792735622,0.01635856927119832,0.006168610191138041,0.9083333333333474,True,False,1,True,True,0.005117199994856492,4,1.958985616567707e-09,2.650804041187212e-10,`gtol` termination condition is satisfied.,True,True,0.010000000000001563,0.017987394349522595,1.0,0.0008790110017016458,9.2546828060569e-05,0.0008790129436651287,9.254690056957801e-05
18.460000000000086,1786132520.063506,0.009688799997093156,0.006797299996833317,0.01,TELEOP,0,,0.0,18.460000000000086,1846,0.0656000000000023,0.0,0.0,0.0,0.0,0.17364817766693036,0.9848077530122081,0.0629478596383213,5.2393355924874616e-51,1.0566238675847697e-38,1.0885491631144742e-25,3.3837230090719117e-13,0.17364817766660218,0.984807753012266,0.0028843578914963842,-0.22496149868535165,0.2802328425555495,-0.1300295006517212,0.011376107231108908,0.08641011328619676,0.9876721143509101,0.002724357891490815,-0.22496149868535165,0.2802328425555495,-0.1300295006517212,0.011376107231108908,0.08641011328619676,0.9876721143509101,0.0027243559469931206,-0.22496149883219344,0.2802328427511879,-0.13002950063788993,0.01137610722871059,0.08641011341770848,0.9876721143412528,0.0018453621925726901,-0.2249581021637997,0.28022787444550357,-0.12998433213680458,0.011378068155664426,0.08641842734816987,0.9876773098429785,0.0018453621925726901,-0.2249581021637997,0.28022787444550357,-0.12998433213680458,0.011378068155664426,0.08641842734816987,0.9876773098429785,0.09656560363739797,-0.5144295898983493,0.778443244820696,-0.16163895683295823,0.5283099050664007,-0.11487034389571765,0.08712975706376391,-0.5149282578927292,0.7785323082516289,-0.17963689619750384,0.5293652467643345,-0.1328557489860325,0.08712975706376391,-0.5149282578927292,0.7785323082516289,-0.17963689619750384,0.5293652467643345,-0.1328557489860325,0.08589516796050217,0.003936468329302317,-0.0005521557840133564,0.162872280410642,-0.011557846257156647,0.16277867133953852,-0.0009562046985639913,0.004973975617928965,-0.002145931416016229,0.006211251467821052,0.01636525684495831,0.006041760830747626,0.9100000000000144,True,False,1,True,True,0.003452299992204644,4,1.9598235118011482e-09,2.652217995639594e-10,`gtol` termination condition is satisfied.,True,True,0.010000000000001563,0.01799273382621988,1.0,0.0008790143580896015,9.252358408738349e-05,0.0008790163008685584,9.252365599335983e-05
18.470000000000088,1786132520.0711536,0.0070140000025276095,0.007431099991663359,0.01,TELEOP,0,,0.0,18.470000000000088,1847,0.065866666666669,0.0,0.0,0.0,0.0,0.17364817766693036,0.9848077530122081,0.06321452630499542,4.7607343723333147e-51,9.601037147250872e-39,9.891132460113657e-26,3.074627717759366e-13,0.17364817766663215,0.9848077530122606,0.0029643578914986222,-0.22496149868535165,0.2802328425555495,-0.13002950065172109,0.011376107231095502,0.08641011328621379,0.9876721143509087,0.0028043578914923764,-0.22496149868535165,0.2802328425555495,-0.13002950065172109,0.011376107231095502,0.08641011328621379,0.9876721143509087,0.002804355946197351,-0.22496149883367525,0.28023284275035826,-0.13002950063795704,0.011376107228693172,0.0864101134178014,0.987672114341236,0.0019253586153683763,-0.2249581035194503,0.28022787366580315,-0.12998433112523142,0.01137811223073424,0.0864183382244533,0.9876773172663809,0.0019253586153683763,-0.2249581035194503,0.28022787366580315,-0.12998433112523142,0.01137811223073424,0.0864183382244533,0.9876773172663809,0.09742324339677258,-0.5143842658034166,0.7784351259056531,-0.16000455396376104,0.528214055987419,-0.1132371314736277,0.08798861198071455,-0.5148883958768682,0.7785265719462061,-0.1780075645837828,0.5292513054599153,-0.1312273707660281,0.08798861198071455,-0.5148883958768682,0.7785265719462061,-0.1780075645837828,0.5292513054599153,-0.1312273707660281,0.08588549169504968,0.003986201586105368,-0.000573630542273203,0.16293316137207656,-0.01139413044191822,0.16283782200041366,-0.0009676265452495763,0.004973325680304412,-0.002147475825984323,0.0060880961434556236,0.01637158152384007,0.005915066087512633,0.9116666666666813,True,False,1,True,True,0.004090599992196076,4,1.9606435391787325e-09,2.653607295145124e-10,`gtol` termination condition is satisfied.,True,True,0.010000000000001563,0.017997939364545606,1.0,0.0008790179335852392,9.249914135731944e-05,0.0008790198771605367,9.24992126601564e-05
18.48000000000009,1786132520.0781994,0.007660200004465878,0.006816699999035336,0.01,TELEOP,0,,0.0,18.48000000000009,1848,0.06613333333333571,0.0,0.0,0.0,0.0,0.17364817766693036,0.9848077530122081,0.06348119297166957,4.325852269591971e-51,8.724004551742331e-39,8.987650065364032e-26,2.793767568292254e-13,0.17364817766665938,0.9848077530122559,0.003044357891500867,-0.22496149868535165,0.2802328425555495,-0.1300295006517209,0.01137610723108332,0.08641011328622926,0.9876721143509075,0.0028843578914940745,-0.22496149868535165,0.2802328425555495,-0.1300295006517209,0.01137610723108332,0.08641011328622926,0.9876721143509075,0.0028843559454209793,-0.22496149883515867,0.28023284274952454,-0.1300295006380245,0.011376107228676978,0.08641011341789147,0.9876721143412195,0.002005354822681816,-0.22495810490730522,0.280227872972604,-0.12998433093670758,0.011378155716448839,0.08641824930172794,0.9876773245706582,0.002005354822681816,-0.22495810490730522,0.280227872972604,-0.12998433093670758,0.011378155716448839,0.08641824930172794,0.9876773245706582,0.09828077468867076,-0.5143384455556126,0.7784267904146023,-0.1583696892471278,0.5281198466201574,-0.11160347792038369,0.08884736900672455,-0.514848036596209,0.7785206207389325,-0.1763776364702562,0.5291390019111438,-0.12959841369737377,0.08884736900672455,-0.514848036596209,0.7785206207389325,-0.1763776364702562,0.5291390019111438,-0.12959841369737377,0.08587570260098736,0.004035928065912984,-0.0005951207273642155,0.16299281135263616,-0.011230354877145738,0.16289570686541005,-0.0009789094062323533,0.004972647980760751,-0.0021490185091009137,0.005964998055959838,0.01637755647724568,0.005788486499637656,0.9133333333333482,True,False,1,True,True,0.003447099996265024,4,1.961445630322223e-09,2.654971338299242e-10,`gtol` termination condition is satisfied.,True,True,0.010000000000001563,0.01800301062002177,1.0,0.0008790217239668337,9.247350574506897e-05,0.0008790236683192602,9.247357644434323e-05
18.49000000000009,1786132520.0884104,0.007037399991531856,0.009991400002036244,0.01,TELEOP,0,,0.0,18.49000000000009,1849,0.06640000000000243,0.0,0.0,0.0,0.0,0.17364817766693036,0.9848077530122081,0.06374785963834369,3.930695643740035e-51,7.927086860674576e-39,8.166682521300525e-26,2.5385633455947076e-13,0.17364817766668414,0.9848077530122515,0.0031243578915031017,-0.22496149868535165,0.2802328425555495,-0.13002950065172075,0.01137610723107226,0.08641011328624336,0.9876721143509064,0.00296435789149588,-0.22496149868535165,0.2802328425555495,-0.13002950065172075,0.01137610723107226,0.08641011328624336,0.9876721143509064,0.0029643559446640017,-0.22496149883664354,0.28023284274868676,-0.13002950063809215,0.011376107228661853,0.08641011341797887,0.9876721143412031,0.00208535081969825,-0.2249581063266729,0.2802278723645184,-0.12998433155912803,0.011378198632174657,0.08641816056137418,0.9876773317588098,0.00208535081969825,-0.2249581063266729,0.2802278723645184,-0.12998433155912803,0.011378198632174657,0.08641816056137418,0.9876773317588098,0.09913819632336006,-0.5142921292254523,0.778418238181273,-0.15673437538116852,0.5280272773273115,-0.10996939630642441,0.08970602702582148,-0.5148071801210857,0.7785144544756145,-0.17474712416418256,0.5290283366818267,-0.12796889043033677,0.08970602702582148,-0.5148071801210857,0.7785144544756145,-0.17474712416418256,0.5290283366818267,-0.12796889043033677,0.08586580190967974,0.004085647512334635,-0.000616626331791844,0.16305123060733848,-0.011066522931711589,0.16295232670367404,-0.000990069130761782,0.004971944642164394,-0.002150560442762518,0.005841925470231879,0.016383194543412263,0.005661983826399375,0.9150000000000151,True,False,1,True,True,0.005011300003388897,4,1.9622297549042232e-09,2.65630956766761e-10,`gtol` termination condition is satisfied.,True,True,0.010000000000001563,0.0180079472231284,1.0,0.0008790257240597335,9.244669008261556e-05,0.0008790276691700522,9.244676017827119e-05
18.500000000000092,1786132520.0991344,0.01043200001004152,0.010282699993695132,0.01,TELEOP,0,,0.0,18.500000000000092,1850,0.06666666666666914,0.0,0.0,0.0,0.0,0.17364817766693036,0.9848077530122081,0.06401452630501775,3.5716356641032995e-51,7.202965762337843e-39,7.420735649323536e-26,2.306671439938501e-13,0.17364817766670662,0.9848077530122475,0.003204357891505319,-0.22496149868535165,0.2802328425555495,-0.13002950065172061,0.011376107231062199,0.08641011328625611,0.9876721143509054,0.0030443578914977677,-0.22496149868535165,0.2802328425555495,-0.13002950065172061,0.011376107231062199,0.08641011328625611,0.9876721143509054,0.0030443559439264772,-0.22496149883812994,0.28023284274784505,-0.13002950063816043,0.011376107228647691,0.08641011341806368,0.9876721143411868,0.0021653466124473796,-0.22495810777669997,0.28022787183981684,-0.12998433297729375,0.011378240999652938,0.08641807198333812,0.9876773388343404,0.0021653466124473796,-0.22495810777669997,0.28022787183981684,-0.12998433297729375,0.011378240999652938,0.08641807198333812,0.9876773388343404,0.09999550711124996,-0.5142453168844734,0.7784094690388182,-0.15509862508223046,0.5279363484476122,-0.10833489971989485,0.09056458493280915,-0.5147658265241907,0.7785080730020398,-0.1731160399733237,0.5289193103033262,-0.12633881361117477,0.09056458493280915,-0.5147658265241907,0.7785080730020398,-0.1731160399733237,0.5289193103033262,-0.12633881361117477,0.08585579069875399,0.004135359689509769,-0.0006381473574732685,0.16310841908586035,-0.01090263785005124,0.16300768191617476,-0.0010011210925750988,0.004971217717512528,-0.002152102568142113,0.005718847852186302,0.016388508166032337,0.00553552125007184,0.9166666666666821,True,False,1,True,True,0.005666000011842698,4,1.9629958540064363e-09,2.657622685729203e-10,`gtol` termination condition is satisfied.,True,True,0.010000000000001563,0.018012748783014038,1.0,0.0008790299278474976,9.241871362857292e-05,0.0008790318736963854,9.241878311931692e-05
18.510000000000094,1786132520.107224,0.01055649999761954,0.007816199999069795,0.01,TELEOP,0,,0.0,18.510000000000094,1851,0.06693333333333584,0.0,0.0,0.0,0.0,0.17364817766693036,0.9848077530122081,0.06428119297169171,3.245374985318579e-51,6.544991455915003e-39,6.74286747346712e-26,2.0959623249380078e-13,0.17364817766672705,0.984807753012244,0.0032843578915075083,-0.22496149868535165,0.2802328425555495,-0.1300295006517205,0.011376107231053065,0.08641011328626777,0.9876721143509045,0.003124357891499716,-0.22496149868535165,0.2802328425555495,-0.1300295006517205,0.011376107231053065,0.08641011328626777,0.9876721143509045,0.0031243559432084476,-0.22496149883961775,0.28023284274699956,-0.1300295006382289,0.011376107228634419,0.0864101134181461,0.9876721143411707,0.002245342207695091,-0.22495810925638837,0.2802278713964657,-0.12998433517324395,0.011378282842647676,0.08641798354643339,0.9876773458011938,0.002245342207695091,-0.22495810925638837,0.2802278713964657,-0.12998433517324395,0.011378282842647676,0.08641798354643339,0.9876773458011938,0.10085270586289699,-0.5141980086052352,0.77840048281982,-0.1534624510843605,0.5278470602958012,-0.10670000126610403,0.09142304163178458,-0.5147239758803774,0.7785014761638864,-0.17148439620886302,0.5288119232757595,-0.12470819588565771,0.09142304163178458,-0.5147239758803774,0.7785014761638864,-0.17148439620886302,0.5288119232757595,-0.12470819588565771,0.08584566989752992,0.004185064381325238,-0.0006596838153365002,0.1631643764460409,-0.01073870275666151,0.16306177255168156,-0.001012080122405589,0.004970469181546222,-0.0021536457863228376,0.005595736018053354,0.016393509338970227,0.005409063550678578,0.918333333333349,True,False,1,True,True,0.0035300999879837036,4,1.963743880503333e-09,2.658910230068091e-10,`gtol` termination condition is satisfied.,True,True,0.010000000000001563,0.018017414891093236,1.0,0.0008790343285798025,9.238960151989887e-05,0.0008790362751478721,9.238967040553339e-05
18.520000000000095,1786132520.1146464,0.00805779999063816,0.007180500004324131,0.01,TELEOP,0,,0.0,18.520000000000095,1852,0.06720000000000255,0.0,0.0,0.0,0.0,0.17364817766693036,0.9848077530122081,0.06454785963836555,2.9489174669152213e-51,5.947121584553659e-39,6.126924878670554e-26,1.9045010015306756e-13,0.17364817766674562,0.9848077530122407,0.003364357891509663,-0.22496149868535165,0.2802328425555495,-0.13002950065172042,0.011376107231044767,0.08641011328627834,0.9876721143509037,0.0032043578915017055,-0.22496149868535165,0.2802328425555495,-0.13002950065172042,0.011376107231044767,0.08641011328627834,0.9876721143509037,0.0032043559425098955,-0.22496149884110664,0.28023284274615,-0.13002950063829793,0.01137610722862196,0.08641011341822608,0.9876721143411548,0.0023253376128392865,-0.2249581107646127,0.28022787103216246,-0.1299843381265793,0.011378324186608774,0.08641789522862482,0.9876773526636895,0.0023253376128392865,-0.2249581107646127,0.28022787103216246,-0.1299843381265793,0.011378324186608774,0.08641789522862482,0.9876773526636895,0.10170979138901215,-0.5141502044613249,0.7783912793563023,-0.15182586613875668,0.5277594131626111,-0.10506471406697175,0.09228139603471504,-0.5146816282664719,0.7784946638066376,-0.1698522051881761,0.5287061760691488,-0.12307704990241505,0.09228139603471504,-0.5146816282664719,0.7784946638066376,-0.1698522051881761,0.5287061760691488,-0.12307704990241505,0.08583544029303268,0.0042347613905568725,-0.0006812357248808043,0.1632191020686669,-0.010574720661070555,0.16311459832424002,-0.001022960449723632,0.004969700923162677,-0.0021551909544300714,0.005472562262599789,0.01639820955909303,0.00528257725584518,0.9200000000000159,True,False,1,True,True,0.0036275000020395964,4,1.9644737862737723e-09,2.660171465986099e-10,`gtol` termination condition is satisfied.,True,True,0.010000000000001563,0.01802194512450253,1.0,0.0008790389188762977,9.235938423114498e-05,0.0008790408661441616,9.235945251026999e-05
18.530000000000097,1786132520.1219642,0.0074034999997820705,0.007095099994330667,0.01,TELEOP,0,,0.0,18.530000000000097,1853,0.06746666666666926,0.0,0.0,0.0,0.0,0.17364817766693036,0.9848077530122081,0.06481452630503926,2.6795406589430035e-51,5.403865746761235e-39,5.567267509461508e-26,1.7305292283547753e-13,0.1736481776667625,0.9848077530122377,0.0034443578915117727,-0.22496149868535165,0.2802328425555495,-0.13002950065172028,0.011376107231037219,0.0864101132862879,0.987672114350903,0.003284357891503719,-0.22496149868535165,0.2802328425555495,-0.13002950065172028,0.011376107231037219,0.0864101132862879,0.987672114350903,0.0032843559418308764,-0.22496149884259695,0.2802328427452968,-0.13002950063836716,0.011376107228610216,0.0864101134183038,0.987672114341139,0.0024053328358098133,-0.22495811230013651,0.2802278707443722,-0.12998434181477955,0.011378365058351186,0.08641780700729271,0.9876773594264616,0.0024053328358098133,-0.22495811230013651,0.2802278707443722,-0.12998434181477955,0.011378365058351186,0.08641780700729271,0.9876773594264616,0.10256676250046702,-0.5141019045273524,0.7783818584797304,-0.15018888301322655,0.5276734073147383,-0.10342905126048207,0.09313964706008014,-0.5146387837610924,0.7784876357755004,-0.16821947923744257,0.5286020691245167,-0.12144538831609585,0.09313964706008014,-0.5146387837610924,0.7784876357755004,-0.16821947923744257,0.5286020691245167,-0.12144538831609585,0.08582510253649661,0.004284450537954585,-0.0007028031137151585,0.1632725950733263,-0.010410694463210827,0.1631661586318957,-0.0010337756536067898,0.004968914739770498,-0.0021567388834350756,0.0053493004659381045,0.0164026197859702,0.005156030765567782,0.9216666666666828,True,False,1,True,True,0.003355399996507913,4,1.9651855703250165e-09,2.661407865476062e-10,`gtol` termination condition is satisfied.,True,True,0.010000000000001563,0.018026339049419415,1.0,0.000879043690826541,9.232809702157093e-05,0.0008790456387747346,9.232816469339982e-05
18.5400000000001,1786132520.1292307,0.007336499998928048,0.0070244999951682985,0.01,TELEOP,0,,0.0,18.5400000000001,1854,0.06773333333333596,0.0,0.0,0.0,0.0,0.17364817766693036,0.9848077530122081,0.0650811929717128,2.4347708009744452e-51,4.9102350765561146e-39,5.0586494408202603e-26,1.572449375341157e-13,0.17364817766677781,0.984807753012235,0.0035243578915138372,-0.22496149868535165,0.2802328425555495,-0.1300295006517202,0.011376107231030365,0.08641011328629666,0.9876721143509023,0.0033643578915057426,-0.22496149868535165,0.2802328425555495,-0.1300295006517202,0.011376107231030365,0.08641011328629666,0.9876721143509023,0.0033643559411714492,-0.22496149884408825,0.2802328427444396,-0.13002950063843702,0.011376107228599141,0.08641011341837945,0.9876721143411233,0.002485327884972771,-0.22495811386162903,0.28022787053036063,-0.12998434621351063,0.011378405485751699,0.08641771885947858,0.9876773660944004,0.002485327884972771,-0.22495811386162903,0.28022787053036063,-0.12998434621351063,0.011378405485751699,0.08641771885947858,0.9876773660944004,0.1034236180083015,-0.5140531088789579,0.7783722200210279,-0.14855151449163584,0.5275890429948271,-0.10179302600012746,0.09399779363158303,-0.5145954424444796,0.7784803919153297,-0.16658623069409095,0.5284996028549255,-0.11981322379033121,0.09399779363158303,-0.5145954424444796,0.7784803919153297,-0.16658623069409095,0.5284996028549255,-0.11981322379033121,0.08581465715027561,0.004334131661273973,-0.0007243860170670182,0.16332485433513713,-0.010246626959116541,0.16321645257643802,-0.0010445386221000913,0.00496811233193798,-0.00215829033518563,0.005225926181081734,0.01640675040942599,0.005029394454229147,0.9233333333333498,True,False,1,True,True,0.0034500000037951395,4,1.9658791025833206e-09,2.662618567551983e-10,`gtol` termination condition is satisfied.,True,True,0.010000000000001563,0.018030596224216017,1.0,0.0008790486360853549,9.229577939530913e-05,0.0008790505846943436,9.229584645818056e-05
18.5500000000001,1786132520.1361973,0.007261400009156205,0.006729800006723963,0.01,TELEOP,0,,0.0,18.5500000000001,1855,0.06800000000000267,0.0,0.0,0.0,0.0,0.17364817766693036,0.9848077530122081,0.06534785963838617,2.2123601048905892e-51,4.4616964293556735e-39,4.5964952794965305e-26,1.428809752242154e-13,0.17364817766679175,0.9848077530122326,0.0036043578915158463,-0.22496149868535165,0.2802328425555495,-0.13002950065172011,0.01137610723102414,0.08641011328630459,0.9876721143509017,0.0034443578915077633,-0.22496149868535165,0.2802328425555495,-0.13002950065172011,0.01137610723102414,0.08641011328630459,0.9876721143509017,0.0034443559405316487,-0.22496149884558073,0.28023284274357885,-0.13002950063850682,0.011376107228588665,0.08641011341845295,0.9876721143411078,0.00256532276904,-0.22495811544768032,0.2802278703872284,-0.12998435129692154,0.01137844549746296,0.08641763076211116,0.9876773726725966,0.00256532276904,-0.22495811544768032,0.2802278703872284,-0.12998435129692154,0.01137844549746296,0.08641763076211116,0.9876773726725966,0.10428035672372922,-0.5140038175928076,0.7783623638105758,-0.1469137733733616,0.5275063204214464,-0.10015665145435723,0.09485583467693393,-0.5145516043983369,0.7784729320705569,-0.1649524719090691,0.5283987776464566,-0.11818056900049156,0.09485583467693393,-0.5145516043983369,0.7784729320705569,-0.1649524719090691,0.5283987776464566,-0.11818056900049156,0.08580410453507639,0.004383804614273426,-0.0007459844772794368,0.16337587850215998,-0.010082520846883936,0.163265478983939,-0.0010552615199225374,0.004967295299944602,-0.0021598460212415168,0.0051024167022852935,0.016410611223257966,0.0049026407500987286,0.9250000000000167,True,False,1,True,True,0.0033756000048015267,4,1.9665543983721633e-09,2.663804193661659e-10,`gtol` termination condition is satisfied.,True,True,0.010000000000001563,0.018034716202455114,1.0,0.0008790537459630635,9.226247456063728e-05,0.0008790556952132607,9.226254101408263e-05
18.5600000000001,1786132520.1439729,0.006987100001424551,0.007518300000810996,0.01,TELEOP,0,,0.0,18.5600000000001,1856,0.06826666666666938,0.0,0.0,0.0,0.0,0.17364817766693036,0.9848077530122081,0.06561452630505936,2.0102661128318953e-51,4.0541307528777476e-39,4.176584619647386e-26,1.298291277365532e-13,0.1736481776668044,0.9848077530122303,0.0036843578915178032,-0.22496149868535165,0.2802328425555495,-0.1300295006517201,0.011376107231018479,0.08641011328631176,0.9876721143509012,0.0035243578915097715,-0.22496149868535165,0.2802328425555495,-0.1300295006517201,0.011376107231018479,0.08641011328631176,0.9876721143509012,0.00352435593991144,-0.22496149884707395,0.28023284274271437,-0.1300295006385773,0.011376107228578708,0.08641011341852435,0.9876721143410924,0.002645317496983369,-0.22495811705681673,0.2802278703119419,-0.12998435703792924,0.011378485122646281,0.08641754269221374,0.987677379166289,0.002645317496983369,-0.22495811705681673,0.2802278703119419,-0.12998435703792924,0.011378485122646281,0.08641754269221374,0.987677379166289,0.10513697745814528,-0.5139540307466003,0.7783522896782281,-0.14527567247273998,0.5274252397890751,-0.09851994080602061,0.09571376912670845,-0.5145072697056802,0.778465256085124,-0.16331821524893564,0.5282995938591283,-0.11654743663623249,0.09571376912670845,-0.5145072697056802,0.778465256085124,-0.16331821524893564,0.5282995938591283,-0.11654743663623249,0.08579344497743902,0.0044334692656788615,-0.0007675985432900321,0.16342566601331965,-0.009918378732825195,0.16331323642588225,-0.0010659557637371134,0.004966465140542769,-0.0021614066010591875,0.004978751115965879,0.01641421140587144,0.004775744194324602,0.9266666666666836,True,False,1,True,True,0.00414920000184793,4,1.9672114394586596e-09,2.6649628587529725e-10,`gtol` termination condition is satisfied.,True,True,0.010000000000001563,0.018038698535707498,1.0,0.0008790590115109105,9.222822890956522e-05,0.0008790609613827557,9.222829475148758e-05
18.570000000000103,1786132520.1556144,0.007740100001683459,0.011420000009820797,0.01,TELEOP,0,,0.0,18.570000000000103,1857,0.0685333333333361,0.0,0.0,0.0,0.0,0.17364817766693036,0.9848077530122081,0.06588119297173235,1.8266329407527045e-51,3.683795260764224e-39,3.7951309289277657e-26,1.1796953640888398e-13,0.17364817766681592,0.9848077530122283,0.0037643578915197012,-0.22496149868535165,0.2802328425555495,-0.13002950065172,0.011376107231013332,0.0864101132863183,0.9876721143509006,0.0036043578915117575,-0.22496149868535165,0.2802328425555495,-0.13002950065172,0.011376107231013332,0.0864101132863183,0.9876721143509006,0.0036043559393109346,-0.22496149884856814,0.28023284274184623,-0.13002950063864818,0.011376107228569233,0.08641011341859382,0.9876721143410772,0.002725312077954442,-0.22495811868751464,0.2802278703013636,-0.12998436340848868,0.011378524390722733,0.0864174546270921,0.9876773855808152,0.002725312077954442,-0.22495811868751464,0.2802278703013636,-0.12998436340848868,0.011378524390722733,0.0864174546270921,0.9876773855808152,0.10599347902313334,-0.5139037484190639,0.7783419974533147,-0.1436372246185138,0.527345801268083,-0.09688290725180958,0.0965715959132825,-0.5144624384506988,0.7784573638024229,-0.1616834730977687,0.5282020518277507,-0.11491383940382538,0.0965715959132825,-0.5144624384506988,0.7784573638024229,-0.1616834730977687,0.5282020518277507,-0.11491383940382538,0.08578267865739193,0.004483125498133566,-0.0007892282701056485,0.1634742151166693,-0.009754203137760107,0.16335972324068576,-0.001076632004707682,0.004965623245469662,-0.0021629726815612983,0.004854910334963862,0.016417559506506297,0.004648681480350081,0.9283333333333506,True,False,1,True,True,0.0057231999962823465,4,1.967850136206524e-09,2.666095507381848e-10,`gtol` termination condition is satisfied.,True,True,0.010000000000001563,0.018042542776195658,1.0,0.000879064423601384,9.219309150502754e-05,0.0008790663740751945,9.219315673366204e-05
18.580000000000105,1786132520.16759,0.011790399992605671,0.01160469999013003,0.01,TELEOP,0,,0.0,18.580000000000105,1858,0.0688000000000028,0.0,0.0,0.0,0.0,0.17364817766693036,0.9848077530122081,0.06614785963840515,1.659774235333732e-51,3.3472890615568595e-39,3.448426561083131e-26,1.0719329139127324e-13,0.1736481776668264,0.9848077530122265,0.0038443578915215403,-0.22496149868535165,0.2802328425555495,-0.13002950065171992,0.011376107231008667,0.0864101132863243,0.9876721143509002,0.003684357891513714,-0.22496149868535165,0.2802328425555495,-0.13002950065171992,0.011376107231008667,0.0864101132863243,0.9876721143509002,0.0036843559387301425,-0.2249614988500631,0.2802328427409745,-0.13002950063871915,0.011376107228560207,0.08641011341866144,0.987672114341062,0.0028053065212094337,-0.22495812033821455,0.2802278703522808,-0.12998437037985197,0.011378563331143223,0.08641736654450399,0.9876773919215655,0.0028053065212094337,-0.22495812033821455,0.2802278703522808,-0.12998437037985197,0.011378563331143223,0.08641736654450399,0.9876773919215655,0.10684986023047202,-0.5138529706899594,0.7783314869646504,-0.14199844265327907,0.5272680050047149,-0.09524556400170092,0.09742931396984476,-0.5144171107186275,0.7784492550652402,-0.16004825785889001,0.5281061518627168,-0.11327979002827075,0.09742931396984476,-0.5144171107186275,0.7784492550652402,-0.16004825785889001,0.5281061518627168,-0.11327979002827075,0.0857718056562131,0.004532773207135948,-0.0008108737182722247,0.16352152388784244,-0.009589996503388248,0.16340493755543728,-0.0010873001178827077,0.004964770900237377,-0.0021645448166572887,0.004730877117313746,0.016420663437183364,0.004521431475150439,0.9300000000000175,True,False,1,True,True,0.005877900010091253,4,1.968470466752323e-09,2.667202827069369e-10,`gtol` termination condition is satisfied.,True,True,0.010000000000001563,0.0180462484792549,1.0,0.000879069973002792,9.215711358659516e-05,0.000879071924058866,9.21571782004854e-05
18.590000000000106,1786132520.17948,0.011967900005402043,0.011527399998158216,0.01,TELEOP,0,,0.0,18.590000000000106,1859,0.06906666666666951,0.0,0.0,0.0,0.0,0.17364817766693036,0.9848077530122081,0.06641452630507776,1.508157687741292e-51,3.041521927386865e-39,3.133434401628381e-26,9.740143149734852e-14,0.17364817766683588,0.9848077530122248,0.003924357891523324,-0.22496149868535165,0.2802328425555495,-0.13002950065171992,0.01137610723100442,0.08641011328632969,0.9876721143508997,0.003764357891515636,-0.22496149868535165,0.2802328425555495,-0.13002950065171992,0.01137610723100442,0.08641011328632969,0.9876721143508997,0.0037643559381690846,-0.22496149885155878,0.2802328427400992,-0.13002950063879054,0.01137610722855157,0.08641011341872719,0.9876721143410468,0.0028853008360396823,-0.22495812200733337,0.2802278704614327,-0.1299843779228106,0.01137860197317737,0.08641727842281034,0.98767739819394,0.0028853008360396823,-0.22495812200733337,0.2802278704614327,-0.1299843779228106,0.01137860197317737,0.08641727842281034,0.98767739819394,0.10770611989214242,-0.5138016976400817,0.7783207580405449,-0.1403593394329276,0.5271918511210788,-0.09360792427839414,0.09828692222948725,-0.5143712865956277,0.7784409297157068,-0.15841258195640423,0.5280118942507299,-0.11164530125519373,0.09828692222948725,-0.5143712865956277,0.7784409297157068,-0.15841258195640423,0.5280118942507299,-0.11164530125519373,0.08576082596423538,0.004582412299975908,-0.0008325349533435056,0.1635675902485517,-0.009425761198687817,0.16344887730767627,-0.0010979691977720577,0.004963909283995272,-0.002166123507127749,0.004606636070924458,0.016423530470040408,0.004393975223898848,0.9316666666666844,True,False,1,True,True,0.005787699992652051,4,1.969072409849034e-09,2.6682845893220337e-10,`gtol` termination condition is satisfied.,True,True,0.010000000000001563,0.018049815205610942,1.0,0.0008790756504486936,9.212034809828313e-05,0.0008790776020673026,9.21204120957223e-05
18.600000000000108,1786132520.1906433,0.011904400002094917,0.01078609999967739,0.01,TELEOP,0,,0.0,18.600000000000108,1860,0.06933333333333622,0.0,0.0,0.0,0.0,0.17364817766693036,0.9848077530122081,0.06668119297175015,1.37039096201889e-51,2.763685915572657e-39,2.8472159436915674e-26,8.850403541683188e-14,0.1736481776668445,0.9848077530122232,0.004004357891525041,-0.22496149868535165,0.2802328425555495,-0.13002950065171984,0.011376107231000564,0.08641011328633462,0.9876721143508994,0.003844357891517517,-0.22496149868535165,0.2802328425555495,-0.13002950065171984,0.011376107231000564,0.08641011328633462,0.9876721143508994,0.0038443559376278268,-0.2249614988530551,0.28023284273922056,-0.1300295006388624,0.011376107228543313,0.0864101134187911,0.987672114341032,0.0029652950317075114,-0.22495812369327664,0.28022787062553556,-0.12998438600792264,0.011378640345721053,0.08641719024110867,0.9876774044033093,0.0029652950317075114,-0.22495812369327664,0.28022787062553556,-0.12998438600792264,0.011378640345721053,0.08641719024110867,0.9876774044033093,0.10856225682033535,-0.5137499293512596,0.778309810508805,-0.13871992782609183,0.5271173397151255,-0.09197000131675184,0.09914441962437376,-0.514324966168681,0.7784323875952532,-0.15677645783655397,0.5279192792554669,-0.11001038585252282,0.09914441962437376,-0.514324966168681,0.7784323875952532,-0.15677645783655397,0.5279192792554669,-0.11001038585252282,0.08574973948863807,0.0046320426946779725,-0.0008542120453577907,0.16361241198500046,-0.009261499526300187,0.16349154026706567,-0.0011086475597321215,0.004963039470205657,-0.002167709201428173,0.0044821736448751965,0.016426167238760555,0.004266295938940012,0.9333333333333513,True,False,1,True,True,0.005766400005086325,4,1.9696559186481557e-09,2.669339374688237e-10,`gtol` termination condition is satisfied.,True,True,0.010000000000001563,0.01805324252347662,1.0,0.0008790814467018812,9.208284923595843e-05,0.0008790833988632224,9.208291261428891e-05
18.61000000000011,1786132520.1981094,0.011070399996242486,0.007181500011938624,0.01,TELEOP,0,,0.0,18.61000000000011,1861,0.06960000000000292,0.0,0.0,0.0,0.0,0.17364817766693036,0.9848077530122081,0.06694785963842234,1.2452089088877849e-51,2.5112295825191888e-39,2.587167946285461e-26,8.041939594371129e-14,0.17364817766685237,0.9848077530122219,0.0040843578915266965,-0.22496149868535165,0.2802328425555495,-0.1300295006517198,0.01137610723099706,0.08641011328633907,0.9876721143508991,0.003924357891519353,-0.22496149868535165,0.2802328425555495,-0.1300295006517198,0.01137610723099706,0.08641011328633907,0.9876721143508991,0.003924355937106369,-0.22496149885455186,0.28023284273833815,-0.13002950063893443,0.01137610722853536,0.08641011341885317,0.9876721143410172,0.003045289117387731,-0.22495812539445,0.28022787084130607,-0.12998439460572558,0.011378678477122366,0.08641710197934944,0.9876774105549787,0.003045289117387731,-0.22495812539445,0.28022787084130607,-0.12998439460572558,0.011378678477122366,0.08641710197934944,0.9876774105549787,0.10941826982745814,-0.5136976659063608,0.7782986441967541,-0.13708022071358472,0.5270444708606477,-0.09033180836323489,0.1000018050849856,-0.5142781495254914,0.7784236285445701,-0.15513989796889283,0.5278283071181784,-0.1083750566119544,0.1000018050849856,-0.5142781495254914,0.7784236285445701,-0.15513989796889283,0.5278283071181784,-0.1083750566119544,0.08573854606117128,0.004681664318954929,-0.0008759050683134935,0.1636559867660902,-0.009097213728844061,0.16353292405681571,-0.001119342746679422,0.004962162427694877,-0.0021693022955699445,0.004357478108972061,0.016428579745610055,0.004138378975003752,0.9350000000000183,True,False,1,True,True,0.00349139999889303,4,1.9702209321379625e-09,2.670368282178066e-10,`gtol` termination condition is satisfied.,True,True,0.010000000000001563,0.018056530010462146,1.0,0.0008790873526125812,9.204467201622715e-05,0.0008790893052968495,9.204473477370377e-05
18.62000000000011,1786132520.205431,0.007406199991237372,0.0070973999972920865,0.01,TELEOP,0,,0.0,18.62000000000011,1862,0.06986666666666963,0.0,0.0,0.0,0.0,0.17364817766693036,0.9848077530122081,0.06721452630509432,1.1314619475373732e-51,2.2818345531180922e-39,2.3508646621265068e-26,7.307326963676372e-14,0.1736481776668595,0.9848077530122207,0.004164357891528293,-0.22496149868535165,0.2802328425555495,-0.13002950065171975,0.011376107230993871,0.08641011328634313,0.9876721143508987,0.004004357891521141,-0.22496149868535165,0.2802328425555495,-0.13002950065171975,0.011376107230993871,0.08641011328634313,0.9876721143508987,0.004004355936604767,-0.22496149885604907,0.2802328427374526,-0.13002950063900673,0.011376107228527678,0.08641011341891361,0.9876721143410024,0.0031252831021142853,-0.2249581271092686,0.28022787110548303,-0.12998440368693154,0.011378716395026118,0.08641701361843594,0.9876774166541551,0.0031252831021142853,-0.2249581271092686,0.28022787110548303,-0.12998440368693154,0.011378716395026118,0.08641701361843594,0.9876774166541551,0.11027415772614221,-0.5136449073892874,0.7782872589312241,-0.13544023098784258,0.5269732446072569,-0.08869335867534078,0.1008590775394434,-0.5142308367543996,0.7784146524035734,-0.15350291484727946,0.527738978058227,-0.10673932635020685,0.1008590775394434,-0.5142308367543996,0.7784146524035734,-0.15350291484727946,0.527738978058227,-0.10673932635020685,0.08572724544576577,0.00473127710918375,-0.0008976140996665847,0.16369831216131203,-0.008932905995135843,0.16357302617472944,-0.0011300615405513553,0.004961279022881282,-0.0021709031353087825,0.004232539522182102,0.016430773370819305,0.004010211791370446,0.9366666666666852,True,False,1,True,True,0.0033653999998932704,4,1.97076745952955e-09,2.671371294007368e-10,`gtol` termination condition is satisfied.,True,True,0.010000000000001563,0.018059677255308104,1.0,0.0008790933591717789,9.200587187523391e-05,0.000879095312359106,9.200593400957558e-05
18.630000000000113,1786132520.2131643,0.007398700006888248,0.007431100006215274,0.01,TELEOP,0,,0.0,18.630000000000113,1863,0.07013333333333634,0.0,0.0,0.0,0.0,0.17364817766693036,0.9848077530122081,0.06748119297176611,1.0281055087122207e-51,2.0733942304790675e-39,2.136156445247978e-26,6.639819502185878e-14,0.17364817766686597,0.9848077530122196,0.004244357891529826,-0.22496149868535165,0.2802328425555495,-0.1300295006517197,0.011376107230990974,0.08641011328634678,0.9876721143508984,0.004084357891522878,-0.22496149868535165,0.2802328425555495,-0.1300295006517197,0.011376107230990974,0.08641011328634678,0.9876721143508984,0.004084355936123076,-0.22496149885754677,0.2802328427365635,-0.13002950063907928,0.011376107228520279,0.08641011341897221,0.9876721143409878,0.0032052769947325255,-0.22495812883616756,0.28022787141484773,-0.12998441322260829,0.01137875412623548,0.08641692514030824,0.9876774227059173,0.0032052769947325255,-0.22495812883616756,0.28022787141484773,-0.12998441322260829,0.01137875412623548,0.08641692514030824,0.9876774227059173,0.11112991932925088,-0.5135916538849815,0.7782756545385795,-0.13379997155235912,0.5269036609803853,-0.08705466552103304,0.10171623591290338,-0.5141830279443056,0.7784054590113751,-0.1518655209906969,0.5276512922735643,-0.10510320791006897,0.10171623591290338,-0.5141830279443056,0.7784054590113751,-0.1518655209906969,0.5276512922735643,-0.10510320791006897,0.08571583734598492,0.004780881009403243,-0.0009193392198290529,0.1637393856582307,-0.008768578466264552,0.16361184401376158,-0.0011408099780837316,0.0049603900219485466,-0.002172512016246475,0.004107349691867777,0.016432752887126492,0.00388178390321343,0.9383333333333521,True,False,1,True,True,0.0034770000056596473,4,1.971295418491529e-09,2.6723483969344337e-10,`gtol` termination condition is satisfied.,True,True,0.010000000000001563,0.01806268385943688,1.0,0.0008790994575587164,9.196650428717248e-05,0.0008791014112291773,9.196656579613199e-05
18.640000000000114,1786132520.2200062,0.007653399996343069,0.006620200001634657,0.01,TELEOP,0,,0.0,18.640000000000114,1864,0.07040000000000304,0.0,0.0,0.0,0.0,0.17364817766693036,0.9848077530122081,0.06774785963843769,9.34190442148741e-52,1.883994450478198e-39,1.9410514218641908e-26,6.033287307490902e-14,0.17364817766687185,0.9848077530122185,0.004324357891531301,-0.22496149868535165,0.2802328425555495,-0.1300295006517197,0.011376107230988348,0.08641011328635015,0.9876721143508982,0.004164357891524563,-0.22496149868535165,0.2802328425555495,-0.1300295006517197,0.011376107230988348,0.08641011328635015,0.9876721143508982,0.004164355935661286,-0.22496149885904465,0.2802328427356712,-0.13002950063915228,0.011376107228513125,0.08641011341902927,0.9876721143409734,0.0032852708038565645,-0.22495813057360997,0.2802278717662416,-0.12998442318434247,0.01137879169659148,0.08641683652801249,0.9876774287151905,0.0032852708038565645,-0.22495813057360997,0.2802278717662416,-0.12998442318434247,0.01137879169659148,0.08641683652801249,0.9876774287151905,0.11198555344988556,-0.513537905479427,0.7782638308447142,-0.13215945532113016,0.5268357199812664,-0.0854157421781817,0.10257327912702631,-0.5141347231846022,0.7783960482062582,-0.15022772894390196,0.5275652499411493,-0.1034667141612489,0.10257327912702631,-0.5141347231846022,0.7783960482062582,-0.15022772894390196,0.5275652499411493,-0.1034667141612489,0.08570432141227936,0.004830475970340882,-0.000941080511691196,0.16377920467946616,-0.008604233241504907,0.16364937488198095,-0.001151593370556208,0.004959496093763122,-0.0021741291862139743,0.003981902123544971,0.016434522475961912,0.0037530868219365354,0.940000000000019,True,False,1,True,True,0.003347199992276728,4,1.971804818640229e-09,2.6732988185549063e-10,`gtol` termination condition is satisfied.,True,True,0.010000000000001563,0.01806554943833777,1.0,0.0008791056391833486,9.192662441503055e-05,0.0008791075933170246,9.192668529590634e-05
18.650000000000116,1786132520.2283723,0.00683690000732895,0.008149300003424287,0.01,TELEOP,0,,0.0,18.650000000000116,1865,0.07066666666666975,0.0,0.0,0.0,0.0,0.17364817766693036,0.9848077530122081,0.06801452630510907,8.488543002704042e-52,1.711895903468649e-39,1.7637549334157687e-26,5.4821604296273823e-14,0.17364817766687718,0.9848077530122175,0.004404357891532717,-0.22496149868535165,0.2802328425555495,-0.13002950065171964,0.011376107230985958,0.08641011328635319,0.987672114350898,0.004244357891526194,-0.22496149868535165,0.2802328425555495,-0.13002950065171964,0.011376107230985958,0.08641011328635319,0.987672114350898,0.004244355935219442,-0.22496149886054284,0.28023284273477556,-0.13002950063922541,0.011376107228506138,0.08641011341908461,0.9876721143409589,0.003365264537831692,-0.22495813232009487,0.28022787215658274,-0.1299844335443886,0.011378829130868524,0.08641674776575585,0.9876774346867223,0.003365264537831692,-0.22495813232009487,0.28022787215658274,-0.1299844335443886,0.011378829130868524,0.08641674776575585,0.9876774346867223,0.1128410589013943,-0.5134836622596468,0.7782517876750661,-0.1305186952180838,0.5267694215869381,-0.08377660193398889,0.10343020609951656,-0.5140859225651174,0.7783864198256566,-0.14858955127791063,0.527480851217309,-0.10182985800103007,0.10343020609951656,-0.5140859225651174,0.7783864198256566,-0.14858955127791063,0.527480851217309,-0.10182985800103007,0.08569269724901163,0.004880061948475936,-0.0009628380601558896,0.1638177665991066,-0.008439872384026149,0.16368561602185755,-0.0011624163267730941,0.004958597813504539,-0.002175754846469025,0.0038561919640439646,0.01643608574787323,0.0036241139876595774,0.941666666666686,True,False,1,True,True,0.004776199988555163,4,1.972295629441004e-09,2.674223270608437e-10,`gtol` termination condition is satisfied.,True,True,0.010000000000001563,0.018068273622771802,1.0,0.0008791118957239204,9.188628678249614e-05,0.0008791138503008452,9.188634703277146e-05
18.660000000000117,1786132520.2352004,0.00839540000015404,0.006581900001037866,0.01,TELEOP,0,,0.0,18.660000000000117,1866,0.07093333333333647,0.0,0.0,0.0,0.0,0.17364817766693036,0.9848077530122081,0.06828119297178026,7.713134180972831e-52,1.5555181617275442e-39,1.6026498150470076e-26,4.9813777207117974e-14,0.17364817766688204,0.9848077530122166,0.004484357891534074,-0.22496149868535165,0.2802328425555495,-0.13002950065171964,0.011376107230983788,0.08641011328635596,0.9876721143508977,0.00432435789152777,-0.22496149868535165,0.2802328425555495,-0.13002950065171964,0.011376107230983788,0.08641011328635596,0.9876721143508977,0.004324355934797582,-0.224961498862041,0.2802328427338767,-0.1300295006392992,0.011376107228499363,0.08641011341913839,0.9876721143409446,0.00344525820470196,-0.22495813407416415,0.2802278725828805,-0.12998444427580064,0.01137886645268646,0.08641665883894832,0.9876774406250636,0.00344525820470196,-0.22495813407416415,0.2802278725828805,-0.12998444427580064,0.01137886645268646,0.08641665883894832,0.9876774406250636,0.1136964344973799,-0.5134289243137079,0.7782395248546213,-0.12887770417651878,0.5267047657502285,-0.08213725808442257,0.10428701574372891,-0.514036626176066,0.7783765737061397,-0.14695100059032556,0.5273980962380451,-0.10019265235474191,0.10428701574372891,-0.514036626176066,0.7783765737061397,-0.14695100059032556,0.5273980962380451,-0.10019265235474191,0.0856809644212213,0.00492963890513734,-0.0009846119516951667,0.16385506875848094,-0.008275497926385418,0.1637205646287913,-0.0011732827790314714,0.004957695666139713,-0.00217738915392736,0.003730215937434306,0.016437445764070482,0.0034948606933748556,0.9433333333333529,True,False,1,True,True,0.003347100006067194,4,1.9727677929101867e-09,2.67512087674901e-10,`gtol` termination condition is satisfied.,True,True,0.010000000000001563,0.018070856059826834,1.0,0.0008791182191592072,9.184554498076951e-05,0.0008791201741593756,9.184560459724476e-05
18.67000000000012,1786132520.2425,0.006788600003346801,0.007093300009728409,0.01,TELEOP,0,,0.0,18.67000000000012,1867,0.07120000000000318,0.0,0.0,0.0,0.0,0.17364817766693036,0.9848077530122081,0.06854785963845125,7.008557166375902e-52,1.4134251659587261e-39,1.4562372310379878e-26,4.526340357044787e-14,0.17364817766688645,0.9848077530122158,0.004564357891535371,-0.22496149868535165,0.2802328425555495,-0.13002950065171956,0.011376107230981812,0.08641011328635845,0.9876721143508975,0.004404357891529291,-0.22496149868535165,0.2802328425555495,-0.13002950065171956,0.011376107230981812,0.08641011328635845,0.9876721143508975,0.004404355934395726,-0.2249614988635393,0.2802328427329747,-0.13002950063937305,0.011376107228492747,0.08641011341919051,0.9876721143409304,0.003525251812182252,-0.22495813583440868,0.28022787304224844,-0.12998445535254877,0.011378903684437273,0.08641656973423197,0.9876774465345507,0.003525251812182252,-0.22495813583440868,0.28022787304224844,-0.12998445535254877,0.011378903684437273,0.08641656973423197,0.9876774465345507,0.11455167905170571,-0.5133736917307206,0.7782270422079246,-0.12723649513854016,0.526641752399756,-0.08049772393364796,0.10514370696834008,-0.5139868341080096,0.7783665096834004,-0.14531208950551294,0.5273169851192874,-0.09855511017605346,0.10514370696834008,-0.5139868341080096,0.7783665096834004,-0.14531208950551294,0.5273169851192874,-0.09855511017605346,0.08566912246110342,0.004979206805643602,-0.0010064022739254763,0.16389110848123628,-0.008111111875776296,0.16375421786881839,-0.001184196011788305,0.004956790050625406,-0.0021790322230306144,0.00360397227553456,0.016438605060909522,0.0033653240027080775,0.9450000000000198,True,False,1,True,True,0.0038035999896237627,4,1.97322131239268e-09,2.675991975193799e-10,`gtol` termination condition is satisfied.,True,True,0.010000000000001563,0.018073296413806783,1.0,0.0008791246017963387,9.180445139576363e-05,0.0008791265571997216,9.180451037589194e-05
18.68000000000012,1786132520.2494397,0.0073188999958802015,0.00671390000206884,0.01,TELEOP,0,,0.0,18.68000000000012,1868,0.07146666666666988,0.0,0.0,0.0,0.0,0.17364817766693036,0.9848077530122081,0.06881452630512205,6.368341636727974e-52,1.2843120375700061e-39,1.32322542165641e-26,4.11286960686341e-14,0.17364817766689045,0.9848077530122151,0.00464435789153661,-0.22496149868535165,0.2802328425555495,-0.13002950065171956,0.011376107230980021,0.08641011328636075,0.9876721143508974,0.004484357891530755,-0.22496149868535165,0.2802328425555495,-0.13002950065171956,0.011376107230980021,0.08641011328636075,0.9876721143508974,0.004484355934013917,-0.22496149886503738,0.2802328427320696,-0.1300295006394471,0.011376107228486289,0.08641011341924115,0.9876721143409163,0.003605245367635023,-0.22495813759947383,0.28022787353191536,-0.1299844667496222,0.011378940847226902,0.08641648043949877,0.9876774524192913,0.003605245367635023,-0.22495813759947383,0.28022787353191536,-0.1299844667496222,0.011378940847226902,0.08641648043949877,0.9876774524192913,0.11540679137850536,-0.5133179646008408,0.7782143395590867,-0.12559508105449058,0.5265803814399238,-0.07885801279345443,0.10600027867708203,-0.5139365464518247,0.7783562275922483,-0.14367283067463593,0.5272375179570972,-0.09691724444709877,0.10600027867708203,-0.5139365464518247,0.7783562275922483,-0.14367283067463593,0.5272375179570972,-0.09691724444709877,0.0856571708741818,0.0050287656184849925,-0.0010282091152050772,0.16392588308767658,-0.007946716219019613,0.16378657289544396,-0.0011951586921616262,0.004955881284138272,-0.0021806841279597465,0.003477460644028818,0.016439565675665815,0.0032355026625574546,0.9466666666666868,True,False,1,True,True,0.003404600007343106,4,1.97365612305694e-09,2.676837331038334e-10,`gtol` termination condition is satisfied.,True,True,0.010000000000001563,0.018075594366972786,1.0,0.000879131036294011,9.176305696733036e-05,0.0008791329920805374,9.176311530844634e-05
18.690000000000122,1786132520.2578135,0.006938999998965301,0.00814890000037849,0.01,TELEOP,0,,0.0,18.690000000000122,1869,0.07173333333333659,0.0,0.0,0.0,0.0,0.17364817766693036,0.9848077530122081,0.06908119297179267,5.786608318849509e-52,1.1669930956184681e-39,1.2023522094539204e-26,3.737168455911804e-14,0.17364817766689408,0.9848077530122145,0.004724357891537797,-0.22496149868535165,0.2802328425555495,-0.1300295006517195,0.01137610723097839,0.08641011328636282,0.9876721143508972,0.004564357891532164,-0.22496149868535165,0.2802328425555495,-0.1300295006517195,0.01137610723097839,0.08641011328636282,0.9876721143508972,0.004564355933652189,-0.22496149886653552,0.2802328427311614,-0.13002950063952137,0.01137610722847995,0.08641011341929013,0.9876721143409023,0.003685238878051521,-0.2249581393680638,0.2802278740492351,-0.12998447844311528,0.011378977960830275,0.08641639094389793,0.9876774582831531,0.003685238878051521,-0.2249581393680638,0.2802278740492351,-0.12998447844311528,0.011378977960830275,0.08641639094389793,0.9876774582831531,0.11626177029218912,-0.5132617430152697,0.7782014167317932,-0.1239534748823839,0.5265206527509204,-0.0772181379826845,0.10685672976853375,-0.5138857632986792,0.7783457272666058,-0.14203323677555243,0.5271596948278243,-0.09527906817844296,0.10685672976853375,-0.5138857632986792,0.7783457272666058,-0.14203323677555243,0.5271596948278243,-0.09527906817844296,0.08564510914515769,0.005078315314552234,-0.0010500325642540335,0.163959389908323,-0.007782312927279587,0.1638176268655558,-0.0012061729024116091,0.0049549696067233955,-0.0021823449048952795,0.0033506820646421465,0.016440329174000012,0.003105397011180881,0.9483333333333537,True,False,1,True,True,0.0036521000001812354,4,1.9740722212515896e-09,2.677655690145714e-10,`gtol` termination condition is satisfied.,True,True,0.010000000000001563,0.018077749620145356,1.0,0.0008791375156811676,9.17214109748733e-05,0.0008791394718307303,9.17214686741392e-05
18.700000000000124,1786132520.266592,0.008475900001940317,0.00845100000151433,0.01,TELEOP,0,,0.0,18.700000000000124,1870,0.0720000000000033,0.0,0.0,0.0,0.0,0.17364817766693036,0.9848077530122081,0.06934785963846313,5.258014997603473e-52,1.0603909683801754e-39,1.092523049924525e-26,3.3957867384274544e-14,0.17364817766689739,0.9848077530122139,0.004804357891538935,-0.22496149868535165,0.2802328425555495,-0.13002950065171953,0.011376107230976911,0.08641011328636469,0.9876721143508971,0.004644357891533518,-0.22496149868535165,0.2802328425555495,-0.13002950065171953,0.011376107230976911,0.08641011328636469,0.9876721143508971,0.004644355933310529,-0.22496149886803332,0.2802328427302502,-0.13002950063959595,0.011376107228473766,0.08641011341933758,0.9876721143408883,0.003765232350036854,-0.22495814113894552,0.28022787459169407,-0.12998449041030122,0.011379015043659423,0.08641630123783303,0.9876774641297545,0.003765232350036854,-0.22495814113894552,0.28022787459169407,-0.12998449041030122,0.011379015043659423,0.08641630123783303,0.9876774641297545,0.11711661460745242,-0.5132050270662579,0.7781882735493121,-0.12231168958733792,0.5264625661887148,-0.07557811282666235,0.1077130591359681,-0.513834484740015,0.7783350085395078,-0.14039332051258552,0.5270835157882193,-0.09364059440889885,0.1077130591359681,-0.513834484740015,0.7783350085395078,-0.14039332051258552,0.5270835157882193,-0.09364059440889885,0.0856329367434214,0.005127855866409878,-0.001071872709797936,0.1639916262966673,-0.007617903960498994,0.1638473769543849,-0.0012172401736287863,0.00495405518576361,-0.002184014554389895,0.003223638834427602,0.01644089667805667,0.0029750088829108108,0.9500000000000206,True,False,1,True,True,0.004667600005632266,4,1.974469600607726e-09,2.6784478500068474e-10,`gtol` termination condition is satisfied.,True,True,0.010000000000001563,0.01807976189316854,1.0,0.0008791440333718279,9.167956084825963e-05,0.0008791459898643346,9.167961790275217e-05
18.710000000000125,1786132520.2744548,0.008753000001888722,0.007560900005046278,0.01,TELEOP,0,,0.0,18.710000000000125,1871,0.07226666666667,0.0,0.0,0.0,0.0,0.17364817766693036,0.9848077530122081,0.0696145263051334,4.777707456882059e-52,9.635266995528672e-40,9.927222846527518e-27,3.085589453331421e-14,0.17364817766690038,0.9848077530122133,0.004884357891540014,-0.22496149868535165,0.2802328425555495,-0.1300295006517195,0.011376107230975565,0.0864101132863664,0.987672114350897,0.0047243578915348175,-0.22496149868535165,0.2802328425555495,-0.1300295006517195,0.011376107230975565,0.0864101132863664,0.987672114350897,0.0047243559329890016,-0.22496149886953085,0.28023284272933596,-0.13002950063967103,0.011376107228467667,0.08641011341938357,0.9876721143408745,0.003845225789799244,-0.2249581429109519,0.28022787515691816,-0.12998450262969072,0.011379052112743608,0.08641621131295103,0.9876774699624584,0.003845225789799244,-0.2249581429109519,0.28022787515691816,-0.12998450262969072,0.011379052112743608,0.08641621131295103,0.9876774699624584,0.11797132313928399,-0.5131478168471043,0.778174909834504,-0.12066973814100386,0.5264061215850602,-0.0739379506566191,0.1085692656672504,-0.5137827108675388,0.7783240712431054,-0.13875309461617427,0.527008980875504,-0.09200183620520368,0.1085692656672504,-0.5137827108675388,0.7783240712431054,-0.13875309461617427,0.527008980875504,-0.09200183620520368,0.08562065312821676,0.005177387247619284,-0.0010937296402340662,0.16402258964109898,-0.007453491271540131,0.16387582036949155,-0.0012283615204635584,0.004953138120939877,-0.0021856930436126875,0.003096334443165409,0.016441268895883702,0.0028443415106646497,0.9516666666666875,True,False,1,True,True,0.004067800007760525,4,1.9748482051334638e-09,2.6792135358401106e-10,`gtol` termination condition is satisfied.,True,True,0.010000000000001563,0.018081630925247602,1.0,0.0008791505831759161,9.163755200713598e-05,0.0008791525399912071,9.163760841320938e-05
18.720000000000127,1786132520.2813613,0.0077889999956823885,0.006678799996734597,0.01,TELEOP,0,,0.0,18.720000000000127,1872,0.07253333333333671,0.0,0.0,0.0,0.0,0.17364817766693036,0.9848077530122081,0.06988119297180351,4.341274902021088e-52,8.755107582342153e-40,9.020525843589117e-27,2.8037279746615183e-14,0.17364817766690313,0.9848077530122129,0.004964357891541048,-0.22496149868535165,0.2802328425555495,-0.1300295006517195,0.011376107230974345,0.08641011328636797,0.9876721143508969,0.004804357891536064,-0.22496149868535165,0.2802328425555495,-0.1300295006517195,0.011376107230974345,0.08641011328636797,0.9876721143508969,0.004804355932687614,-0.2249614988710279,0.2802328427284189,-0.1300295006397463,0.011376107228461677,0.086410113419428,0.9876721143408608,0.003925219203142559,-0.22495814468298397,0.28022787574267766,-0.12998451508107972,0.011379089183720648,0.0864161211621225,0.987677475784367,0.003925219203142559,-0.22495814468298397,0.28022787574267766,-0.12998451508107972,0.011379089183720648,0.0864161211621225,0.987677475784367,0.11882589470297336,-0.5130901124521587,0.7781613254098263,-0.11902763352099804,0.5263513187474914,-0.07229766480911994,0.10942534824478505,-0.5137304417732177,0.7783129152086722,-0.1371125718424141,0.5269360901074036,-0.09036280666156583,0.10942534824478505,-0.5137304417732177,0.7783129152086722,-0.1371125718424141,0.5269360901074036,-0.09036280666156583,0.08560825775345075,0.005226909432109387,-0.0011156034433250723,0.1640522773759909,-0.007289076810031586,0.16390295436375876,-0.0012395374766010585,0.004952218449009607,-0.0021873803091002862,0.0029687734891911677,0.0164414461508519,0.002713399426719267,0.9533333333333545,True,False,1,True,True,0.0034097000025212765,4,1.975208030407521e-09,2.679952685118597e-10,`gtol` termination condition is satisfied.,True,True,0.010000000000001563,0.018083356475170412,1.0,0.0008791571593065508,9.159542772063695e-05,0.0008791591164244608,9.159548347539655e-05
18.73000000000013,1786132520.2895,0.006895800004713237,0.007921600001282059,0.01,TELEOP,0,,0.0,18.73000000000013,1873,0.07280000000000342,0.0,0.0,0.0,0.0,0.17364817766693036,0.9848077530122081,0.07014785963847346,3.944709454274034e-52,7.95534870117829e-40,8.196659235698923e-27,2.5476138918659975e-14,0.17364817766690563,0.9848077530122125,0.005044357891542034,-0.22496149868535165,0.2802328425555495,-0.13002950065171948,0.011376107230973233,0.0864101132863694,0.9876721143508967,0.004884357891537258,-0.22496149868535165,0.2802328425555495,-0.13002950065171948,0.011376107230973233,0.0864101132863694,0.9876721143508967,0.004884355932406416,-0.22496149887252462,0.2802328427274988,-0.13002950063982155,0.011376107228455746,0.08641011341947098,0.9876721143408472,0.004005212595462736,-0.22495814645401319,0.28022787634689084,-0.1299845277455825,0.011379126270838405,0.08641603077941543,0.9876774815983208,0.004005212595462736,-0.22495814645401319,0.28022787634689084,-0.1299845277455825,0.011379126270838405,0.08641603077941543,0.9876774815983208,0.11968032811411924,-0.5130319139768201,0.7781475200973471,-0.11738538871033034,0.5262981574593352,-0.07065726862548839,0.11028130574550662,-0.5136776775492817,0.778301540266613,-0.13547176497249447,0.5268648434821445,-0.08872351889909169,0.11028130574550662,-0.5136776775492817,0.778301540266613,-0.13547176497249447,0.5268648434821445,-0.08872351889909169,0.08559575007214527,0.005276422393598587,-0.0011374942059126205,0.16408068699193873,-0.007124662525909789,0.1639287762473882,-0.001250768130547919,0.004951296148919227,-0.0021890762587544596,0.002840961594781135,0.016441428412177106,0.0025821883629438087,0.9550000000000214,True,False,1,True,True,0.0036439999967115,4,1.97554902593435e-09,2.680665174981523e-10,`gtol` termination condition is satisfied.,True,True,0.010000000000001563,0.018084938321416055,1.0,0.0008791637563836946,9.155322899840335e-05,0.0008791657137840094,9.155328409925852e-05
18.74000000000013,1786132520.29678,0.008271200000308454,0.006929900002432987,0.01,TELEOP,0,,0.0,18.74000000000013,1874,0.07306666666667014,0.0,0.0,0.0,0.0,0.17364817766693036,0.9848077530122081,0.07041452630514326,3.584369345372397e-52,7.228645948906605e-40,7.447882325224454e-27,2.3148952397260678e-14,0.17364817766690788,0.984807753012212,0.005124357891542974,-0.22496149868535165,0.2802328425555495,-0.13002950065171945,0.01137610723097222,0.08641011328637063,0.9876721143508966,0.004964357891538401,-0.22496149868535165,0.2802328425555495,-0.13002950065171945,0.01137610723097222,0.08641011328637063,0.9876721143508966,0.0049643559321453645,-0.2249614988740206,0.28023284272657595,-0.13002950063989724,0.011376107228449887,0.08641011341951235,0.9876721143408337,0.004085205971746789,-0.22495814822308205,0.28022787696762663,-0.12998454060565542,0.011379163386965796,0.08641594016006217,0.9876774874068974,0.004085205971746789,-0.22495814822308205,0.28022787696762663,-0.12998454060565542,0.011379163386965796,0.08641594016006217,0.9876774874068974,0.12053462218863784,-0.5129732215175442,0.7781334937187481,-0.1157430166968344,0.5262466374797035,-0.06901677545123222,0.11113713704091206,-0.5136244182882311,0.7782899462464764,-0.1338306868120427,0.5267952409784178,-0.08708398606510247,0.11113713704091206,-0.5136244182882311,0.7782899462464764,-0.1338306868120427,0.5267952409784178,-0.08708398606510247,0.08558312954052984,0.00532592610506088,-0.001159402013659456,0.16410781604515223,-0.006960250372667977,0.16395328339889714,-0.00126205316154313,0.0049503711462285434,-0.002190780774683225,0.0027129053213487595,0.016441215324178665,0.002450715150895122,0.9566666666666883,True,False,1,True,True,0.003444999994826503,4,1.9758712244291276e-09,2.6813505669983223e-10,`gtol` termination condition is satisfied.,True,True,0.010000000000001563,0.018086376262164125,1.0,0.0008791703694349987,9.151099450061423e-05,0.0008791723270975477,9.151104894399572e-05
18.75000000000013,1786132520.305563,0.007153599988669157,0.00856000000203494,0.01,TELEOP,0,,0.0,18.75000000000013,1875,0.07333333333333684,0.0,0.0,0.0,0.0,0.17364817766693036,0.9848077530122081,0.07068119297181291,3.2569454741780927e-52,6.568325816680352e-40,6.767539098277908e-27,2.1034348996201574e-14,0.17364817766690993,0.9848077530122117,0.00520435789154387,-0.22496149868535165,0.2802328425555495,-0.13002950065171945,0.011376107230971306,0.08641011328637183,0.9876721143508965,0.005044357891539495,-0.22496149868535165,0.2802328425555495,-0.13002950065171945,0.011376107230971306,0.08641011328637183,0.9876721143508965,0.005044355931904554,-0.22496149887551598,0.28023284272565024,-0.13002950063997315,0.011376107228444114,0.08641011341955235,0.9876721143408203,0.0041651993365751025,-0.22495814998930486,0.280227877603105,-0.1299845536451075,0.011379200543612617,0.08641584930042127,0.9876774932124136,0.0041651993365751025,-0.22495814998930486,0.280227877603105,-0.1299845536451075,0.011379200543612617,0.08641584930042127,0.9876774932124136,0.12138877574277074,-0.5129140351718371,0.7781192460953368,-0.11410053047259615,0.5261967585435096,-0.06737619863546754,0.11199284099712996,-0.5135706640828487,0.7782781329769682,-0.1321893501903824,0.5267272825553148,-0.08544422133235097,0.11199284099712996,-0.5135706640828487,0.7782781329769682,-0.1321893501903824,0.5267272825553148,-0.08544422133235097,0.08557039562177643,0.005375420538246122,-0.0011813269508125774,0.1641336621660052,-0.006795842310298558,0.1639764732751244,-0.0012733918753405258,0.004949443318523375,-0.0021924937153117866,0.002584612085296719,0.01644080623693926,0.002318987622727346,0.9583333333333552,True,False,1,True,True,0.003496099991025403,4,1.976174548449498e-09,2.6820100445602266e-10,`gtol` termination condition is satisfied.,True,True,0.010000000000001563,0.018087670115208287,1.0,0.0008791769938937306,9.146876047063293e-05,0.0008791789517982495,9.146881425339709e-05
18.760000000000133,1786132520.3175945,0.009012200011056848,0.011578999998164363,0.01,TELEOP,0,,0.0,18.760000000000133,1876,0.07360000000000355,0.0,0.0,0.0,0.0,0.17364817766693036,0.9848077530122081,0.07094785963848242,2.9594310183084878e-52,5.968324405291333e-40,6.14926936381094e-27,1.911290973782865e-14,0.1736481776669118,0.9848077530122114,0.005284357891544723,-0.22496149868535165,0.2802328425555495,-0.13002950065171942,0.011376107230970472,0.08641011328637288,0.9876721143508964,0.005124357891540541,-0.22496149868535165,0.2802328425555495,-0.13002950065171942,0.011376107230970472,0.08641011328637288,0.9876721143508964,0.005124355931683963,-0.22496149887701075,0.2802328427247221,-0.13002950064004926,0.011376107228438383,0.08641011341959083,0.9876721143408069,0.0042451926941262375,-0.22495815175186828,0.2802278782516983,-0.12998456684910406,0.011379237750956462,0.08641575819793436,0.9876774990169283,0.0042451926941262375,-0.22495815175186828,0.2802278782516983,-0.12998456684910406,0.011379237750956462,0.08641575819793436,0.9876774990169283,0.1222427875930932,-0.5128543550382615,0.7781047770480521,-0.11245794303338146,0.5261485203614663,-0.06573555153034268,0.1128484164750239,-0.5135164150262163,0.7782661002859683,-0.13054776795971457,0.5266609681522353,-0.08380423789814813,0.1128484164750239,-0.5135164150262163,0.7782661002859683,-0.13054776795971457,0.5266609681522353,-0.08380423789814813,0.08555754778938064,0.005424905663244503,-0.0012032690999921555,0.16415822306675543,-0.006631440307946186,0.16399834342025868,-0.0012847832395780634,0.004948512499837415,-0.002194214917957471,0.0024560900750215018,0.016440200235234667,0.0021870145134279817,0.9600000000000222,True,False,1,True,True,0.005733099998906255,4,1.9764590539604114e-09,2.6826422104644365e-10,`gtol` termination condition is satisfied.,True,True,0.010000000000001563,0.01808881971778624,1.0,0.0008791836255937124,9.142656068752319e-05,0.0008791855837199557,9.142661380655844e-05
18.770000000000135,1786132520.3250806,0.011971499989158474,0.007093199994415045,0.01,TELEOP,0,,0.0,18.770000000000135,1877,0.07386666666667026,0.0,0.0,0.0,0.0,0.17364817766693036,0.9848077530122081,0.07121452630515179,2.6890938216693968e-52,5.423131738735676e-40,5.58760039929358e-27,1.7366989523300814e-14,0.1736481776669135,0.9848077530122111,0.005364357891545532,-0.22496149868535165,0.2802328425555495,-0.13002950065171945,0.011376107230969719,0.08641011328637387,0.9876721143508964,0.005204357891541539,-0.22496149868535165,0.2802328425555495,-0.13002950065171945,0.011376107230969719,0.08641011328637387,0.9876721143508964,0.005204355931483606,-0.22496149887850456,0.28023284272379106,-0.13002950064012583,0.011376107228432677,0.0864101134196279,0.9876721143407937,0.004325186048183993,-0.22495815351003,0.2802278789119292,-0.12998458020415746,0.011379275017877508,0.0864156668510791,0.987677504822247,0.004325186048183993,-0.22495815351003,0.2802278789119292,-0.12998458020415746,0.011379275017877508,0.0864156668510791,0.987677504822247,0.1230966565565231,-0.5127941812164383,0.7780900863974785,-0.11081526737806333,0.5261019226201009,-0.06409484749046061,0.11370386233032599,-0.5134616712117352,0.7782538480005483,-0.1289059529942298,0.5265962976887726,-0.08216404898340879,0.11370386233032599,-0.5134616712117352,0.7782538480005483,-0.1289059529942298,0.5265962976887726,-0.08216404898340879,0.08554458553019559,0.0054743814480977355,-0.0012252285419996653,0.1641814965484503,-0.006467046346266181,0.16401889147390902,-0.001296225918505136,0.004947578485322437,-0.002195944200750626,0.002327348169485488,0.01643939616799791,0.002054805365032941,0.9616666666666891,True,False,1,True,True,0.0035026000114157796,4,1.976724659229942e-09,2.683247912744546e-10,`gtol` termination condition is satisfied.,True,True,0.010000000000001563,0.018089824926333112,1.0,0.0008791902607624165,9.138442644347643e-05,0.0008791922190901299,9.138447889533573e-05
18.780000000000136,1786132520.331906,0.007315000009839423,0.0066039000084856525,0.01,TELEOP,0,,0.0,18.780000000000136,1878,0.07413333333333696,0.0,0.0,0.0,0.0,0.17364817766693036,0.9848077530122081,0.07148119297182103,2.4434513043232375e-52,4.927741164606922e-40,5.0772073936155846e-27,1.57805550928523e-14,0.17364817766691507,0.9848077530122109,0.005444357891546302,-0.22496149868535165,0.2802328425555495,-0.13002950065171942,0.011376107230969025,0.08641011328637471,0.9876721143508963,0.005284357891542492,-0.22496149868535165,0.2802328425555495,-0.13002950065171942,0.011376107230969025,0.08641011328637471,0.9876721143508963,0.005284355931303504,-0.22496149887999756,0.28023284272285737,-0.13002950064020236,0.01137610722842705,0.08641011341966343,0.9876721143407806,0.004405179402146905,-0.224958155263119,0.2802278795824695,-0.12998459369811233,0.011379312351998423,0.08641557525931884,0.9876775106299289,0.004405179402146905,-0.224958155263119,0.2802278795824695,-0.12998459369811233,0.011379312351998423,0.08641557525931884,0.9876775106299289,0.12395038145032916,-0.5127335138070434,0.7780751739638462,-0.10917251650804954,0.5260569649817577,-0.0624540998723028,0.11455917741379738,-0.5134064327331507,0.7782413759469917,-0.12726391818915916,0.5265332710645775,-0.08052366783162614,0.11455917741379738,-0.5134064327331507,0.7782413759469917,-0.12726391818915916,0.5265332710645775,-0.08052366783162614,0.08553150834712593,0.0055238478584589724,-0.0012472053556539543,0.16420348050703795,-0.006302662419504317,0.1640381151782402,-0.0013077183069653414,0.004946641036122912,-0.0021976813654285615,0.002198395858765458,0.01643839267618383,0.001922370433118705,0.963333333333356,True,False,1,True,True,0.0033583000040380284,4,1.976971382962258e-09,2.6838266107379057e-10,`gtol` termination condition is satisfied.,True,True,0.010000000000001563,0.018090685616166474,1.0,0.0008791968960114596,9.134238653200934e-05,0.0008791988545203667,9.1342438313957e-05
18.790000000000138,1786132520.3394253,0.006812699997681193,0.007310699991649017,0.01,TELEOP,0,,0.0,18.790000000000138,1879,0.07440000000000367,0.0,0.0,0.0,0.0,0.17364817766693036,0.9848077530122081,0.07174785963849013,2.2202476642828535e-52,4.477603376646486e-40,4.6134557889587816e-27,1.4339037788011326e-14,0.17364817766691643,0.9848077530122105,0.005524357891547035,-0.22496149868535165,0.2802328425555495,-0.1300295006517194,0.011376107230968406,0.08641011328637553,0.9876721143508962,0.0053643578915434,-0.22496149868535165,0.2802328425555495,-0.1300295006517194,0.011376107230968406,0.08641011328637553,0.9876721143508962,0.005364355931143705,-0.22496149888148945,0.28023284272192117,-0.13002950064027916,0.011376107228421459,0.08641011341969759,0.9876721143407675,0.004485172759039341,-0.22495815701053307,0.2802278802621367,-0.12998460732012057,0.011379349759730355,0.08641548342304967,0.987677516441293,0.004485172759039341,-0.22495815701053307,0.2802278802621367,-0.12998460732012057,0.011379349759730355,0.08641548342304967,0.987677516441293,0.1248039610921389,-0.5126723529118135,0.7780600395670437,-0.10752970342671159,0.5260136470846111,-0.060813322033653805,0.11541436057141244,-0.5133506996845777,0.7782286839508152,-0.12562167645977185,0.5264718881592044,-0.07888310770778387,0.11541436057141244,-0.5133506996845777,0.7782286839508152,-0.12562167645977185,0.5264718881592044,-0.07888310770778387,0.08551831576149149,0.005573304857293801,-0.0012691996176466796,0.16422417293870673,-0.00613829053730005,0.16405601238420098,-0.0013192585634441238,0.004945699883482108,-0.0021994261992721795,0.0020692431668765943,0.016437188220424143,0.0017897205960767475,0.965000000000023,True,False,1,True,True,0.00393150000309106,4,1.9771991658868647e-09,2.684378606757405e-10,`gtol` termination condition is satisfied.,True,True,0.010000000000001563,0.01809140168110962,1.0,0.0008792035283255485,9.130046726275649e-05,0.0008792054869953257,9.130051837158169e-05
18.80000000000014,1786132520.3464968,0.007549999994807877,0.006831699996837415,0.01,TELEOP,0,,0.0,18.80000000000014,1880,0.07466666666667038,0.0,0.0,0.0,0.0,0.17364817766693036,0.9848077530122081,0.07201452630515913,2.0174331618688793e-52,4.0685846372280554e-40,4.19195754653788e-27,1.3029199763650438e-14,0.1736481776669177,0.9848077530122102,0.005604357891547736,-0.22496149868535165,0.2802328425555495,-0.1300295006517194,0.01137610723096784,0.08641011328637627,0.9876721143508962,0.005444357891544268,-0.22496149868535165,0.2802328425555495,-0.1300295006517194,0.01137610723096784,0.08641011328637627,0.9876721143508962,0.0054443559310041675,-0.22496149888298037,0.2802328427209825,-0.1300295006403562,0.011376107228415883,0.08641011341973023,0.9876721143407546,0.004565166121524376,-0.2249581587517382,0.28022788094989115,-0.129984621060611,0.01137938724632298,0.08641539134354533,0.9876775222574267,0.004565166121524376,-0.2249581587517382,0.28022788094989115,-0.129984621060611,0.01137938724632298,0.08641539134354533,0.9876775222574267,0.1256573942999479,-0.5126106986335456,0.7780446830266295,-0.10588684113880827,0.5259719685426789,-0.05917252733302087,0.1162694106445633,-0.5132944721605315,0.778215771836791,-0.12397924074032675,0.5264121488319422,-0.0772423818972148,0.1162694106445633,-0.5132944721605315,0.778215771836791,-0.12397924074032675,0.5264121488319422,-0.0772423818972148,0.08550500731507238,0.005622752404624959,-0.001291211402416189,0.16424357194448366,-0.005973932726223293,0.16407258105688075,-0.0013308446419105456,0.004944754733115066,-0.002201178476950582,0.0019399005776926197,0.016435781107673148,0.0016568672679776835,0.9666666666666899,True,False,1,True,True,0.0034771000064210966,4,1.9774080692113825e-09,2.6849034840803014e-10,`gtol` termination condition is satisfied.,True,True,0.010000000000001563,0.01809197303306026,1.0,0.0008792101550495133,9.125869248386086e-05,0.000879212113859881,9.12587429163838e-05
18.81000000000014,1786132520.3543859,0.007077700007357635,0.0076437000097939745,0.01,TELEOP,0,,0.0,18.81000000000014,1881,0.07493333333333708,0.0,0.0,0.0,0.0,0.17364817766693036,0.9848077530122081,0.072281192971828,1.8331452963932733e-52,3.696928816121684e-40,3.809064184666232e-27,1.1839012421257392e-14,0.1736481776669189,0.9848077530122101,0.005684357891548395,-0.22496149868535165,0.2802328425555495,-0.1300295006517194,0.011376107230967322,0.08641011328637693,0.9876721143508962,0.0055243578915450935,-0.22496149868535165,0.2802328425555495,-0.1300295006517194,0.011376107230967322,0.08641011328637693,0.9876721143508962,0.005524355930884954,-0.22496149888447015,0.2802328427200414,-0.13002950064043342,0.011376107228410334,0.08641011341976149,0.9876721143407418,0.004645159491918242,-0.22495816048626588,0.2802278816448314,-0.12998463491125237,0.011379424815918696,0.08641529902290083,0.9876775280791955,0.004645159491918242,-0.22495816048626588,0.2802278816448314,-0.12998463491125237,0.011379424815918696,0.08641529902290083,0.9876775280791955,0.1265106798921287,-0.512548551076096,0.7780291041618328,-0.10424394264991446,0.525931928945832,-0.05753172912905838,0.11712432647028191,-0.5132377502559583,0.7782026394289705,-0.12233662398298531,0.5263540529216316,-0.07560150370441428,0.11712432647028191,-0.5132377502559583,0.7782026394289705,-0.12233662398298531,0.5263540529216316,-0.07560150370441428,0.08549158257184787,0.00567219045731976,-0.0013132407820469472,0.16426167573411857,-0.005809591031058996,0.16408781928002708,-0.0013424743224506551,0.004943805269479293,-0.0022029379630754873,0.0018103789634895304,0.01643416951642711,0.0015238223146342433,0.9683333333333568,True,False,1,True,True,0.003739000007044524,4,1.977598025646286e-09,2.6854022318523714e-10,`gtol` termination condition is satisfied.,True,True,0.010000000000001563,0.018092399601518483,1.0,0.0008792167738740869,9.121708362247704e-05,0.0008792187328047022,9.12171333756924e-05
18.820000000000142,1786132520.3614874,0.007881099998485297,0.00686350000614766,0.01,TELEOP,0,,0.0,18.820000000000142,1882,0.0752000000000038,0.0,0.0,0.0,0.0,0.17364817766693036,0.9848077530122081,0.07254785963849676,1.6656917023093865e-52,3.359222896929202e-40,3.461151873560478e-27,1.0757545947046364e-14,0.17364817766691995,0.9848077530122099,0.005764357891549023,-0.22496149868535165,0.2802328425555495,-0.1300295006517194,0.011376107230966855,0.08641011328637754,0.9876721143508961,0.00560435789154588,-0.22496149868535165,0.2802328425555495,-0.1300295006517194,0.011376107230966855,0.08641011328637754,0.9876721143508961,0.005604355930786044,-0.22496149888595873,0.28023284271909776,-0.13002950064051097,0.011376107228404812,0.08641011341979132,0.987672114340729,0.004725152872205759,-0.22495816221371123,0.2802278823461893,-0.12998464886490982,0.011379462471609857,0.08641520646397514,0.9876775339072525,0.004725152872205759,-0.22495816221371123,0.2802278823461893,-0.12998464886490982,0.011379462471609857,0.08641520646397514,0.9876775339072525,0.1273638166874383,-0.5124859103443871,0.7780133027915717,-0.10260102096584765,0.5258935278598115,-0.055890940779990406,0.11797910688147646,-0.5131805340662692,0.7781892865507087,-0.12069383915669217,0.5262976002464732,-0.07396048645181638,0.11797910688147646,-0.5131805340662692,0.7781892865507087,-0.12069383915669217,0.5262976002464732,-0.07396048645181638,0.08547804111944136,0.005721618968912037,-0.0013352878261811219,0.16427848262928763,-0.005645267515845824,0.16410172525976363,-0.0013541452406502323,0.004942851159226958,-0.00220470441341713,0.0016806895169048839,0.01643235152131458,0.001390597973654345,0.9700000000000237,True,False,1,True,True,0.003460899999481626,4,1.97776904073413e-09,2.6858738216707074e-10,`gtol` termination condition is satisfied.,True,True,0.010000000000001563,0.018092681333070848,1.0,0.0008792233828203198,9.117565974013659e-05,0.0008792253418508627,9.117570881076946e-05
18.830000000000144,1786132520.3688376,0.0070866000023670495,0.007127400007448159,0.01,TELEOP,0,,0.0,18.830000000000144,1883,0.07546666666667051,0.0,0.0,0.0,0.0,0.17364817766693036,0.9848077530122081,0.07281452630516543,1.513534607759269e-52,3.0523656344271893e-40,3.144966561986581e-27,9.774868940507871e-15,0.17364817766692092,0.9848077530122098,0.005844357891549624,-0.22496149868535165,0.2802328425555495,-0.1300295006517194,0.011376107230966432,0.08641011328637808,0.9876721143508961,0.005684357891546628,-0.22496149868535165,0.2802328425555495,-0.1300295006517194,0.011376107230966432,0.08641011328637808,0.9876721143508961,0.005684355930707447,-0.22496149888744582,0.2802328427181518,-0.1300295006405886,0.011376107228399287,0.08641011341981966,0.9876721143407163,0.004805146264056967,-0.22495816393373028,0.2802278830533247,-0.12998466291559782,0.011379500215498536,0.0864151136703334,0.9876775397420493,0.004805146264056967,-0.22495816393373028,0.2802278830533247,-0.12998466291559782,0.011379500215498536,0.0864151136703334,0.9876775397420493,0.12821680350502862,-0.5124227765444029,0.7779972787344528,-0.10095808909209286,0.5258567648262404,-0.05425017564303169,0.11883375070717947,-0.5131228236873745,0.7781757130246891,-0.11905089924603039,0.5262427906038263,-0.07231934347854062,0.11883375070717947,-0.5131228236873745,0.7781757130246891,-0.11905089924603039,0.5262427906038263,-0.07231934347854062,0.08546438257028803,0.005771037889465377,-0.0013573526019548831,0.16429399106615206,-0.005480964264686956,0.16411429732755048,-0.0013658549153335957,0.004941892055333199,-0.002206477577375774,0.0015508436864440183,0.016430325115884242,0.0012572067786845629,0.9716666666666907,True,False,1,True,True,0.0038077000062912703,4,1.9779210965918567e-09,2.686318685017449e-10,`gtol` termination condition is satisfied.,True,True,0.010000000000001563,0.018092818190844517,1.0,0.0008792299802231101,9.113443759603562e-05,0.000879231939333253,9.113448598132538e-05
18.840000000000146,1786132520.3761897,0.007354599991231225,0.00712510000448674,0.01,TELEOP,0,,0.0,18.840000000000146,1884,0.07573333333333722,0.0,0.0,0.0,0.0,0.17364817766693036,0.9848077530122081,0.07308119297183399,1.3752767127968272e-52,2.77353907498936e-40,2.8576979329696916e-27,8.881957211659101e-15,0.17364817766692175,0.9848077530122096,0.005924357891550193,-0.22496149868535165,0.2802328425555495,-0.13002950065171937,0.011376107230966036,0.08641011328637851,0.9876721143508961,0.0057643578915473415,-0.22496149868535165,0.2802328425555495,-0.13002950065171937,0.011376107230966036,0.08641011328637851,0.9876721143508961,0.005764355930649168,-0.22496149888893152,0.28023284271720345,-0.13002950064066648,0.011376107228393802,0.08641011341984654,0.9876721143407038,0.004885139668844508,-0.2249581656460373,0.28022788376572005,-0.12998467705842823,0.01137953804875809,0.08641502064618928,0.9876775455838468,0.004885139668844508,-0.2249581656460373,0.28022788376572005,-0.12998467705842823,0.01137953804875809,0.08641502064618928,0.9876775455838468,0.12906963916445421,-0.5123591497831933,0.7779810318087852,-0.09931516003323114,0.5258216393626438,-0.05260944707381179,0.11968825677280498,-0.5130646192157198,0.7781619186729497,-0.11740781725005708,0.5261896237700029,-0.0706780881391161,0.11968825677280498,-0.5130646192157198,0.7781619186729497,-0.11740781725005708,0.5261896237700029,-0.0706780881391161,0.08545060656253815,0.0058204471654691,-0.0013794351739474906,0.16430819959730553,-0.005316683382339734,0.1641255339424274,-0.0013776007749873725,0.004940927600371486,-0.0022082571992603998,0.0014208531153477033,0.016428088234719678,0.0011236614876927269,0.9733333333333576,True,False,1,True,True,0.0036554000107571483,4,1.9780542002773804e-09,2.6867359196051776e-10,`gtol` termination condition is satisfied.,True,True,0.010000000000001563,0.01809281015393753,1.0,0.0008792365647138242,9.10934317249427e-05,0.0008792385238832369,9.109347942164084e-05
18.850000000000147,1786132520.3839896,0.007352800006628968,0.007571900001494214,0.01,TELEOP,0,,0.0,18.850000000000147,1885,0.07600000000000393,0.0,0.0,0.0,0.0,0.17364817766693036,0.9848077530122081,0.07334785963850246,1.2496483576027196e-52,2.52018267855267e-40,2.596658929051401e-27,8.07061090945508e-15,0.17364817766692253,0.9848077530122095,0.006004357891550734,-0.22496149868535165,0.2802328425555495,-0.13002950065171937,0.011376107230965686,0.08641011328637899,0.987672114350896,0.00584435789154802,-0.22496149868535165,0.2802328425555495,-0.13002950065171937,0.011376107230965686,0.08641011328637899,0.987672114350896,0.00584435593061125,-0.22496149889041583,0.2802328427162528,-0.13002950064074437,0.011376107228388303,0.08641011341987209,0.9876721143406914,0.004965133087661607,-0.2249581673504017,0.2802278844829734,-0.12998469128955503,0.011379575971696122,0.08641492739634765,0.9876775514327272,0.004965133087661607,-0.2249581673504017,0.2802278844829734,-0.12998469128955503,0.011379575971696122,0.08641492739634765,0.9876775514327272,0.1299223224856818,-0.5122950301688732,0.7779645618325856,-0.09767224679236548,0.5257881509624635,-0.05096876842579727,0.12054262390041225,-0.5130059207483221,0.7781479033169082,-0.11576460618112533,0.5261380995000569,-0.06903673380218998,0.12054262390041225,-0.5130059207483221,0.7781479033169082,-0.11576460618112533,0.5261380995000569,-0.06903673380218998,0.08543671276071332,0.005869846739767892,-0.0014015356041491955,0.16432110689314924,-0.0051524269946026735,0.1641354336925854,-0.0013893801824826219,0.004939957429878449,-0.00221004302017015,0.001290729584370783,0.016425638773703472,0.0009899750158010498,0.9750000000000245,True,False,1,True,True,0.00425520000862889,4,1.9781683192708146e-09,2.6871273657754497e-10,`gtol` termination condition is satisfied.,True,True,0.010000000000001563,0.018092657216825944,1.0,0.0008792431352024146,9.105265452072779e-05,0.0008792450944107218,9.105270152643314e-05
18.86000000000015,1786132520.3928282,0.007811000003130175,0.008600100001785904,0.01,TELEOP,0,,0.0,18.86000000000015,1886,0.07626666666667063,0.0,0.0,0.0,0.0,0.17364817766693036,0.9848077530122081,0.07361452630517083,1.1354958628532208e-52,2.2899698044821223e-40,2.359458315612758e-27,7.333379220328273e-15,0.17364817766692325,0.9848077530122094,0.006084357891551245,-0.22496149868535165,0.2802328425555495,-0.13002950065171934,0.01137610723096537,0.0864101132863794,0.987672114350896,0.005924357891548665,-0.22496149868535165,0.2802328425555495,-0.13002950065171934,0.01137610723096537,0.0864101132863794,0.987672114350896,0.005924355930593653,-0.22496149889189854,0.28023284271530013,-0.13002950064082244,0.011376107228382852,0.08641011341989617,0.987672114340679,0.005045126521340572,-0.22495816904664506,0.28022788520479247,-0.12998470560611644,0.011379613983818237,0.08641483392614858,0.9876775572886056,0.005045126521340572,-0.22495816904664506,0.28022788520479247,-0.12998470560611644,0.011379613983818237,0.08641483392614858,0.9876775572886056,0.13077485228909888,-0.512230417810628,0.7779478686235901,-0.09602936237054686,0.5257562990950786,-0.04932815304971354,0.12139685090897369,-0.5129467283828069,0.7781336667773888,-0.11412127906369775,0.5260882175275717,-0.06739529384922661,0.12139685090897369,-0.5129467283828069,0.7781336667773888,-0.11412127906369775,0.5260882175275717,-0.06739529384922661,0.08542270085613071,0.005919236551519275,-0.001423653951940992,0.16433271174273295,-0.00498819724850955,0.16414399529631193,-0.0014011904582613792,0.0049389811751375775,-0.0022118347791792894,0.00116048495837189,0.01642297460930972,0.0008561603726526628,0.9766666666666914,True,False,1,True,True,0.004270100005669519,4,1.9782634926973927e-09,2.687491277595218e-10,`gtol` termination condition is satisfied.,True,True,0.010000000000001563,0.018092359388759846,1.0,0.0008792496908588415,9.10121163310515e-05,0.0008792516500857106,9.101216264292565e-05
18.87000000000015,1786132520.4011564,0.008942099986597896,0.007985599993844517,0.01,TELEOP,0,,0.0,18.87000000000015,1887,0.07653333333333734,0.0,0.0,0.0,0.0,0.17364817766693036,0.9848077530122081,0.07388119297183912,1.031770935169494e-52,2.080786345397578e-40,2.143926725164405e-27,6.663491945342911e-15,0.1736481776669239,0.9848077530122092,0.0061643578915517305,-0.22496149868535165,0.2802328425555495,-0.13002950065171937,0.011376107230965079,0.08641011328637976,0.987672114350896,0.006004357891549278,-0.22496149868535165,0.2802328425555495,-0.13002950065171937,0.011376107230965079,0.08641011328637976,0.987672114350896,0.0060043559305963945,-0.2249614988933795,0.2802328427143452,-0.13002950064090096,0.011376107228377346,0.08641011341991887,0.9876721143406668,0.005125119970471569,-0.22495817073463797,0.28022788593098735,-0.1299847200061741,0.011379652083891858,0.08641474024141173,0.9876775631512419,0.005125119970471569,-0.22495817073463797,0.28022788593098735,-0.1299847200061741,0.011379652083891858,0.08641474024141173,0.9876775631512419,0.13162722739552352,-0.5121653128187079,0.7779309519992612,-0.09438651976620153,0.5257260832058283,-0.04768761429296831,0.12225093661464495,-0.512887042217445,0.7781192088746479,-0.11247784893315649,0.5260399775644483,-0.06575378167320281,0.12225093661464495,-0.512887042217445,0.7781192088746479,-0.11247784893315649,0.5260399775644483,-0.06575378167320281,0.08540857056711275,0.005968616536183608,-0.0014457902740900867,0.1643430130540998,-0.004823996312344478,0.1641512176023542,-0.0014130289017956488,0.004937998466432556,-0.0022136322149091388,0.0010301311366846255,0.016420093616504643,0.0007222306042271402,0.9783333333333584,True,False,1,True,True,0.004394000003230758,4,1.9783396750447103e-09,2.687828871360192e-10,`gtol` termination condition is satisfied.,True,True,0.010000000000001563,0.018091916693150883,1.0,0.0008792562310944913,9.097182555774026e-05,0.0008792581903195756,9.097187117254704e-05
18.88000000000015,1786132520.4086761,0.008213000008254312,0.007292700000107288,0.01,TELEOP,0,,0.0,18.88000000000015,1888,0.07680000000000405,0.0,0.0,0.0,0.0,0.17364817766693036,0.9848077530122081,0.07414785963850733,9.375210403546321e-53,1.890711312751203e-40,1.9480796794916446e-27,6.054797327618422e-15,0.17364817766692447,0.9848077530122091,0.006244357891552192,-0.22496149868535165,0.2802328425555495,-0.13002950065171937,0.011376107230964811,0.08641011328638008,0.9876721143508959,0.006084357891549861,-0.22496149868535165,0.2802328425555495,-0.13002950065171937,0.011376107230964811,0.08641011328638008,0.9876721143508959,0.006084355930619477,-0.22496149889485884,0.2802328427133882,-0.1300295006409796,0.011376107228371884,0.08641011341994008,0.9876721143406547,0.00520511343542146,-0.22495817241429664,0.28022788666146425,-0.12998473448865164,0.011379690270010094,0.08641464634838297,0.9876775690202534,0.00520511343542146,-0.22495817241429664,0.28022788666146425,-0.12998473448865164,0.011379690270010094,0.08641464634838297,0.9876775690202534,0.13247944662621278,-0.5120997153044363,0.7779138117767955,-0.09274373197455872,0.5256975027160269,-0.04604716549907531,0.12310487983103506,-0.5128268623511896,0.7781045294284004,-0.1108343288346145,0.5259933793006933,-0.06411221067730509,0.12310487983103506,-0.5128268623511896,0.7781045294284004,-0.1108343288346145,0.5259933793006933,-0.06411221067730509,0.08539432163899767,0.00601798662553543,-0.001467944624757853,0.16435200985417325,-0.004659826375497292,0.16415709958974656,-0.0014248928115071179,0.004937008935181448,-0.0022154350667762854,0.0008996800073467667,0.016416993684716087,0.0005881987392359252,0.9800000000000253,True,False,1,True,True,0.0038616999954683706,4,1.9783969022021107e-09,2.6881383096332014e-10,`gtol` termination condition is satisfied.,True,True,0.010000000000001563,0.018091329166954953,1.0,0.0008792627555433236,9.093178876013169e-05,0.000879264714746272,9.093183367523075e-05
18.890000000000153,1786132520.4161115,0.007522999992943369,0.007204399997135624,0.01,TELEOP,0,,0.0,18.890000000000153,1889,0.07706666666667075,0.0,0.0,0.0,0.0,0.17364817766693036,0.9848077530122081,0.07441452630517545,8.518806560132876e-53,1.7179991958676268e-40,1.770117589654442e-27,5.501705559074318e-15,0.173648177666925,0.984807753012209,0.0063243578915526295,-0.22496149868535165,0.2802328425555495,-0.13002950065171937,0.011376107230964572,0.0864101132863804,0.9876721143508959,0.006164357891550415,-0.22496149868535165,0.2802328425555495,-0.13002950065171937,0.011376107230964572,0.0864101132863804,0.9876721143508959,0.00616435593066289,-0.22496149889633618,0.2802328427124291,-0.13002950064105823,0.011376107228366416,0.08641011341995995,0.9876721143406426,0.0052851069163527935,-0.22495817408557958,0.28022788739621785,-0.12998474905327154,0.011379728539654799,0.08641455225368234,0.9876775748951261,0.0052851069163527935,-0.22495817408557958,0.28022788739621785,-0.12998474905327154,0.011379728539654799,0.08641455225368234,0.9876775748951261,0.1333315088028724,-0.5120336253802062,0.7778964477731339,-0.09110101198707854,0.5256705570229928,-0.04440682000707818,0.12395867936947488,-0.5127661888837125,0.7780896282578452,-0.10919073182173199,0.5259484224042117,-0.062470594273633356,0.12395867936947488,-0.5127661888837125,0.7780896282578452,-0.10919073182173199,0.5259484224042117,-0.062470594273633356,0.08537995384396824,0.006067346747701461,-0.001490117055518607,0.16435970128822547,-0.004495689648164526,0.16416164036714748,-0.0014367795029434731,0.00493601221660227,-0.0022172430760750666,0.0007691434052201074,0.016413672733273984,0.00045407774009210516,0.9816666666666922,True,False,1,True,True,0.0038555000064661726,4,1.978435132329778e-09,2.688422174003984e-10,`gtol` termination condition is satisfied.,True,True,0.010000000000001563,0.018090596860055777,1.0,0.0008792692640429311,9.089201076694893e-05,0.0008792712232034062,9.089205497994412e-05
18.900000000000155,1786132520.4230912,0.007425200004945509,0.0067596000008052215,0.01,TELEOP,0,,0.0,18.900000000000155,1890,0.07733333333333746,0.0,0.0,0.0,0.0,0.17364817766693036,0.9848077530122081,0.07468119297184349,7.7406332322432095e-53,1.5610639324450907e-40,1.6084257559874227e-27,4.9991374477036155e-15,0.1736481776669255,0.9848077530122089,0.006404357891553043,-0.22496149868535165,0.2802328425555495,-0.13002950065171937,0.011376107230964355,0.08641011328638068,0.9876721143508959,0.006244357891550941,-0.22496149868535165,0.2802328425555495,-0.13002950065171937,0.011376107230964355,0.08641011328638068,0.9876721143508959,0.0062443559307266555,-0.2249614988978117,0.2802328427114681,-0.1300295006411372,0.011376107228360941,0.08641011341997837,0.9876721143406307,0.0053651004132424275,-0.22495817574848415,0.2802278881353245,-0.1299847637004916,0.011379766889758721,0.08641445796425407,0.9876775807752276,0.0053651004132424275,-0.22495817574848415,0.2802278881353245,-0.1299847637004916,0.011379766889758721,0.08641445796425407,0.9876775807752276,0.13418341274766646,-0.5119670431594826,0.7778788598049685,-0.08945837279087747,0.5256452455000699,-0.042766591150972165,0.12481233403928217,-0.5127050219154403,0.7780745051816913,-0.10754707095554206,0.5259051065206025,-0.060828945881915765,0.12481233403928217,-0.5127050219154403,0.7780745051816913,-0.10754707095554206,0.5259051065206025,-0.060828945881915765,0.08536546698071504,0.0061166968272193326,-0.0015123076153897741,0.16436608661896676,-0.004331588360915952,0.16416483917173325,-0.0014486863253203772,0.004935007951786395,-0.0022190559871163593,0.0006385330741293105,0.016410128724854863,0.00031988045857596814,0.9833333333333591,True,False,1,True,True,0.0033140000014100224,4,1.978454387369296e-09,2.688678261301092e-10,`gtol` termination condition is satisfied.,True,True,0.010000000000001563,0.018089719834653448,1.0,0.0008792757566160194,9.085249479005652e-05,0.0008792777157136625,9.085253829798989e-05
18.910000000000156,1786132520.4310622,0.007033700007013977,0.007696600005147047,0.01,TELEOP,0,,0.0,18.910000000000156,1891,0.07760000000000418,0.0,0.0,0.0,0.0,0.17364817766693036,0.9848077530122081,0.07494785963851146,7.033544242748173e-53,1.418464343314336e-40,1.4614757604867213e-27,4.542477773972411e-15,0.17364817766692597,0.9848077530122089,0.006484357891553431,-0.22496149868535165,0.2802328425555495,-0.13002950065171937,0.01137610723096416,0.08641011328638096,0.9876721143508959,0.006324357891551439,-0.22496149868535165,0.2802328425555495,-0.13002950065171937,0.01137610723096416,0.08641011328638096,0.9876721143508959,0.0063243559308107655,-0.22496149889928518,0.280232842710505,-0.13002950064121596,0.011376107228355466,0.0864101134199954,0.9876721143406189,0.00544509392590016,-0.22495817740304325,0.2802278888789351,-0.12998477843144107,0.011379805316766285,0.08641436348731875,0.9876775866598185,0.00544509392590016,-0.22495817740304325,0.2802278888789351,-0.12998477843144107,0.011379805316766285,0.08641436348731875,0.9876775866598185,0.13503515728322588,-0.5118999687568037,0.7778610476887532,-0.08781582736816014,0.525621567496653,-0.04112649225913199,0.1256658426480218,-0.5126433615475892,0.7780591600181826,-0.1059033593032889,0.5258634312729611,-0.05918727892823862,0.1256658426480218,-0.5126433615475892,0.7780591600181826,-0.1059033593032889,0.5258634312729611,-0.05918727892823862,0.08535086087394969,0.006166036785115409,-0.001534516350869871,0.1643711652252903,-0.004167524764137866,0.16416669536768866,-0.0014606106765346905,0.004933995789606913,-0.0022208735480093293,0.0005078606323545565,0.01640635967780596,0.00018561959554084612,0.9850000000000261,True,False,1,True,True,0.004281600005924702,4,1.9784546413054634e-09,2.688907615940069e-10,`gtol` termination condition is satisfied.,True,True,0.010000000000001563,0.018088698164664588,1.0,0.0008792822334517657,9.08132425381705e-05,0.0008792841924662267,9.081328533930953e-05
18.920000000000158,1786132520.4381125,0.007916599992313422,0.006830600003013387,0.01,TELEOP,0,,0.0,18.920000000000158,1892,0.07786666666667089,0.0,0.0,0.0,0.0,0.17364817766693036,0.9848077530122081,0.07521452630517936,6.391046201314399e-53,1.288890897698671e-40,1.3279610522780648e-27,4.1275329080047646e-15,0.17364817766692636,0.9848077530122088,0.006564357891553803,-0.22496149868535165,0.2802328425555495,-0.13002950065171937,0.011376107230963982,0.0864101132863812,0.9876721143508959,0.006404357891551912,-0.22496149868535165,0.2802328425555495,-0.13002950065171937,0.011376107230963982,0.0864101132863812,0.9876721143508959,0.006404355930915203,-0.22496149890075673,0.28023284270954024,-0.13002950064129534,0.011376107228349983,0.08641011342001101,0.9876721143406072,0.005525087453986766,-0.22495817904932175,0.2802278896272678,-0.12998479324785758,0.011379843816692636,0.0864142688303278,0.9876775925480639,0.005525087453986766,-0.22495817904932175,0.2802278896272678,-0.12998479324785758,0.011379843816692636,0.0864142688303278,0.9876775925480639,0.13588674123265848,-0.511832402287783,0.77784301124071,-0.08617338869564603,0.5255995223382146,-0.03948653665373462,0.12651920400175978,-0.5125812078821992,0.7780435925851228,-0.10425960993728152,0.5258233962616874,-0.05754560684379494,0.12651920400175978,-0.5125812078821992,0.7780435925851228,-0.10425960993728152,0.5258233962616874,-0.05754560684379494,0.08533613537378491,0.006215366538998939,-0.0015567433059867387,0.16437493660071253,-0.004003501127366965,0.16416720844434238,-0.0014725500164780119,0.0049329753883522245,-0.002222695511686417,0.0003771375422243854,0.01640236367708765,5.130766537256304e-05,0.986666666666693,True,False,1,True,True,0.0034466000070096925,4,1.9784359499605844e-09,2.689109100956641e-10,`gtol` termination condition is satisfied.,True,True,0.010000000000001563,0.018087531935128756,1.0,0.0008792886948878626,9.077425433752012e-05,0.0008792906537988087,9.07742964285382e-05
18.93000000000016,1786132520.4458375,0.007053900000755675,0.007501699990825728,0.01,TELEOP,0,,0.0,18.93000000000016,1893,0.07813333333333759,0.0,0.0,0.0,0.0,0.17364817766693036,0.9848077530122081,0.0754811929718472,5.8072388738363745e-53,1.171153687436999e-40,1.2066613621486902e-27,3.750492298339974e-15,0.17364817766692672,0.9848077530122087,0.006644357891554157,-0.22496149868535165,0.2802328425555495,-0.13002950065171934,0.011376107230963817,0.0864101132863814,0.9876721143508959,0.006484357891552361,-0.22496149868535165,0.2802328425555495,-0.13002950065171934,0.011376107230963817,0.0864101132863814,0.9876721143508959,0.006484355931039954,-0.22496149890222591,0.2802328427085735,-0.13002950064137453,0.011376107228344505,0.08641011342002525,0.9876721143405955,0.005605080997031747,-0.22495818068741344,0.2802278903806009,-0.12998480815202462,0.011379882385180886,0.08641417400092052,0.987677598439045,0.005605080997031747,-0.22495818068741344,0.2802278903806009,-0.12998480815202462,0.011379882385180886,0.08641417400092052,0.987677598439045,0.13673816341955877,-0.5117643438691097,0.7778247502768397,-0.0845310697439994,0.525579109326331,-0.03784673765018553,0.12737241690530987,-0.5125185610221674,0.7780278026998992,-0.10261583593376583,0.5257850010643021,-0.055903943063654815,0.12737241690530987,-0.5125185610221674,0.7780278026998992,-0.10261583593376583,0.5257850010643021,-0.055903943063654815,0.08532129035499658,0.006264686003172262,-0.0015789885223510853,0.16437740035154352,-0.003839519738528293,0.16416637801398706,-0.0014845018788332601,0.004931946417331531,-0.002224521636434304,0.00024637508309795686,0.01639813888386457,-8.30430355325725e-05,0.9883333333333599,True,False,1,True,True,0.004040299987536855,4,1.9783982668461937e-09,2.68928603490666e-10,`gtol` termination condition is satisfied.,True,True,0.010000000000001563,0.01808622124163549,1.0,0.0008792951413928241,9.073552924395754e-05,0.0008792971001799413,9.073557062309715e-05
18.94000000000016,1786132520.4530482,0.00774210000236053,0.006969800000661053,0.01,TELEOP,0,,0.0,18.94000000000016,1894,0.0784000000000043,0.0,0.0,0.0,0.0,0.17364817766693036,0.9848077530122081,0.07574785963851498,5.276760998983327e-53,1.0641714997338323e-40,1.0964550284989862e-27,3.4078934786030295e-15,0.17364817766692708,0.9848077530122087,0.00672435789155449,-0.22496149868535165,0.2802328425555495,-0.13002950065171934,0.011376107230963668,0.08641011328638158,0.9876721143508957,0.006564357891552787,-0.22496149868535165,0.2802328425555495,-0.13002950065171934,0.011376107230963668,0.08641011328638158,0.9876721143508957,0.006564355931185026,-0.22496149890369288,0.28023284270760496,-0.13002950064145385,0.011376107228339013,0.08641011342003801,0.9876721143405841,0.005685074554450421,-0.22495818231743758,0.280227891139267,-0.12998482314671012,0.01137992101755713,0.08641407900688326,0.9876776043317702,0.005685074554450421,-0.22495818231743758,0.280227891139267,-0.12998482314671012,0.01137992101755713,0.08641407900688326,0.9876776043317702,0.137589422668017,-0.5116957936185493,0.7778062646129291,-0.08288888347725902,0.5255603277387142,-0.03620710855654457,0.12822548016247182,-0.5124554210712798,0.7780117901795071,-0.10097205037181735,0.5257482452352713,-0.0542623010255603,0.12822548016247182,-0.5124554210712798,0.7780117901795071,-0.10097205037181735,0.5257482452352713,-0.0542623010255603,0.08530632571618237,0.0063139950887538075,-0.0016012520392177476,0.16437855619482242,-0.003675582903086989,0.1641642038094258,-0.0014964638814213746,0.00493090855815375,-0.002226351686665881,0.00011558432788799644,0.016393683544127857,-0.00021742045612505034,0.9900000000000269,True,False,1,True,True,0.0035147000016877428,4,1.9783416092761714e-09,2.689433878485975e-10,`gtol` termination condition is satisfied.,True,True,0.010000000000001563,0.018084766189766427,1.0,0.0008793015735489706,9.069706516491999e-05,0.0008793035321919368,9.069710582992055e-05
18.950000000000163,1786132520.4606206,0.007196699996711686,0.007345899997744709,0.01,TELEOP,0,,0.0,18.950000000000163,1895,0.078666666666671,0.0,0.0,0.0,0.0,0.17364817766693036,0.9848077530122081,0.0760145263051827,4.7947410542795695e-53,9.669618880883842e-41,9.962881824633836e-28,3.0965902707350023e-15,0.1736481776669274,0.9848077530122087,0.006804357891554806,-0.22496149868535165,0.2802328425555495,-0.13002950065171934,0.011376107230963533,0.08641011328638176,0.9876721143508957,0.006644357891553191,-0.22496149868535165,0.2802328425555495,-0.13002950065171934,0.011376107230963533,0.08641011328638176,0.9876721143508957,0.006644355931350408,-0.2249614989051576,0.2802328427066347,-0.1300295006415334,0.011376107228333519,0.08641011342004941,0.9876721143405727,0.0057650681255605254,-0.22495818393953568,0.2802278919036447,-0.12998483823510582,0.011379959708883126,0.08641398385611172,0.9876776102251854,0.0057650681255605254,-0.22495818393953568,0.2802278919036447,-0.12998483823510582,0.011379959708883126,0.08641398385611172,0.9876776102251854,0.13844051780262887,-0.5116267516549445,0.7777875540645593,-0.08124684285227085,0.5255431768292403,-0.03456766267295469,0.12907839257626028,-0.5123917881342417,0.7779955548405715,-0.0993282663322566,0.52571312830584,-0.05262069416874721,0.12907839257626028,-0.5123917881342417,0.7779955548405715,-0.0993282663322566,0.52571312830584,-0.05262069416874721,0.08529124137883179,0.006363293703812736,-0.0016235338935521797,0.16437840395605005,-0.003511692943128993,0.16416068568128311,-0.001508433735058004,0.00492986150589214,-0.0022281854334428534,-1.5223877235468836e-05,0.01638899599579702,-0.00035181281426988065,0.9916666666666938,True,False,1,True,True,0.004003200010629371,4,1.9782659944015787e-09,2.689555575306931e-10,`gtol` termination condition is satisfied.,True,True,0.010000000000001563,0.018083166894558328,1.0,0.0008793079920358425,9.065885897425401e-05,0.0008793099505143466,9.065889892282825e-05
18.960000000000164,1786132520.4675899,0.0076172999979462475,0.0066974999936064705,0.01,TELEOP,0,,0.0,18.960000000000164,1896,0.07893333333333771,0.0,0.0,0.0,0.0,0.17364817766693036,0.9848077530122081,0.07628119297185036,4.356752519589829e-53,8.786321502213846e-41,9.052733555235094e-28,2.8137238927849918e-15,0.17364817766692767,0.9848077530122087,0.006884357891555105,-0.22496149868535165,0.2802328425555495,-0.13002950065171934,0.01137610723096341,0.0864101132863819,0.9876721143508957,0.006724357891553573,-0.22496149868535165,0.2802328425555495,-0.13002950065171934,0.01137610723096341,0.0864101132863819,0.9876721143508957,0.006724355931536089,-0.22496149890661993,0.2802328427056628,-0.13002950064161312,0.011376107228327997,0.08641011342005936,0.9876721143405613,0.005845061709597914,-0.22495818555386835,0.2802278926741536,-0.12998485342077054,0.011379998454006335,0.08641388855657552,0.9876776161181843,0.005845061709597914,-0.22495818555386835,0.2802278926741536,-0.12998485342077054,0.011379998454006335,0.08641388855657552,0.9876776161181843,0.13929144764850598,-0.511557218098218,0.7777686184471163,-0.07960496081811635,0.5255276558279804,-0.032928413291066785,0.12993115294912363,-0.5123276623167066,0.7779790964993705,-0.0976844968965888,0.5256796497838763,-0.050979135932795745,0.12993115294912363,-0.5123276623167066,0.7779790964993705,-0.0976844968965888,0.5256796497838763,-0.050979135932795745,0.08527603728632199,0.006412581753511487,-0.001645834120100035,0.1643769435667544,-0.003347852196381833,0.16415582359512093,-0.0015204092509796263,0.004928804969874315,-0.0022300226547851878,-0.00014603892956691994,0.016384074674713478,-0.0004862086162185179,0.9933333333333607,True,False,1,True,True,0.0033906000026036054,4,1.978171427607462e-09,2.689650176758005e-10,`gtol` termination condition is satisfied.,True,True,0.010000000000001563,0.018081423479985745,1.0,0.0008793143976145617,9.062090662367439e-05,0.0008793163559083041,9.062094585353614e-05
18.970000000000166,1786132520.475436,0.006915799996932037,0.007628899998962879,0.01,TELEOP,0,,0.0,18.970000000000166,1897,0.07920000000000442,0.0,0.0,0.0,0.0,0.17364817766693036,0.9848077530122081,0.07654785963851797,3.958773227181994e-53,7.983711301474691e-41,8.22578545943388e-28,2.556696705938624e-15,0.17364817766692792,0.9848077530122086,0.006964357891555386,-0.22496149868535165,0.2802328425555495,-0.13002950065171934,0.011376107230963299,0.08641011328638205,0.9876721143508957,0.006804357891553936,-0.22496149868535165,0.2802328425555495,-0.13002950065171934,0.011376107230963299,0.08641011328638205,0.9876721143508957,0.006804355931742053,-0.2249614989080796,0.28023284270468923,-0.13002950064169294,0.011376107228322463,0.08641011342006796,0.9876721143405501,0.0059250553057318515,-0.2249581871606126,0.2802278934512472,-0.1299848687075723,0.01138003724760755,0.08641379311628554,0.9876776220096182,0.0059250553057318515,-0.2249581871606126,0.2802278934512472,-0.1299848687075723,0.01138003724760755,0.08641379311628554,0.9876776220096182,0.1401422110312849,-0.511487193069373,0.7777494575757969,-0.07796325031554795,0.5255137639412328,-0.031289373693471276,0.1307837600831523,-0.512263043725304,0.7779624149718558,-0.0960407551459694,0.5256478091537244,-0.04933763975651157,0.1307837600831523,-0.512263043725304,0.7779624149718558,-0.0960407551459694,0.5256478091537244,-0.04933763975651157,0.0852607134028516,0.006461859140256099,-0.0016681527514622076,0.16437417506191435,-0.0031840630151857043,0.16414961762839173,-0.0015323883470392866,0.004927738674460414,-0.002231863136216892,-0.0002768504840051922,0.01637891811961029,-0.0006205966729196563,0.9950000000000276,True,False,1,True,True,0.003756000005523674,4,1.978057891573958e-09,2.6897178655132595e-10,`gtol` termination condition is satisfied.,True,True,0.010000000000001563,0.018079536078472444,1.0,0.0008793207911125784,9.058320325749986e-05,0.0008793227492012796,9.058324176666803e-05
18.980000000000167,1786132520.4828458,0.007895500006270595,0.007141900001442991,0.01,TELEOP,0,,0.0,18.980000000000167,1898,0.07946666666667113,0.0,0.0,0.0,0.0,0.17364817766693036,0.9848077530122081,0.07681452630518554,3.59714842506785e-53,7.254417691093427e-41,7.474457076969087e-28,2.323148359694938e-15,0.1736481776669281,0.9848077530122085,0.007044357891555657,-0.22496149868535165,0.2802328425555495,-0.1300295006517193,0.011376107230963196,0.08641011328638216,0.9876721143508957,0.006884357891554281,-0.22496149868535165,0.2802328425555495,-0.1300295006517193,0.011376107230963196,0.08641011328638216,0.9876721143508957,0.006884355931968313,-0.22496149890953682,0.2802328427037141,-0.1300295006417726,0.011376107228316968,0.08641011342007514,0.9876721143405391,0.006005048913079191,-0.22495818875995832,0.28022789423540706,-0.12998488409963582,0.011380076084245442,0.08641369754326389,0.9876776278983049,0.006005048913079191,-0.22495818875995832,0.28022789423540706,-0.12998488409963582,0.011380076084245442,0.08641369754326389,0.9876776278983049,0.14099280677713757,-0.5114166766904916,0.7777300712656188,-0.07632172427641983,0.5255015003515597,-0.02965055715312515,0.13163621278027568,-0.5121979324676654,0.7779455100736741,-0.09439705416019638,0.5256176058760702,-0.04769621907683865,0.13163621278027568,-0.5121979324676654,0.7779455100736741,-0.09439705416019638,0.5256176058760702,-0.04769621907683865,0.08524526971232597,0.006511125763854441,-0.0016904898181716362,0.16437009857727536,-0.003020327765423472,0.16414206796726633,-0.0015443690525628977,0.004926662359833501,-0.0022337066709425097,-0.0004076484638994293,0.01637352497622063,-0.0007549661125404635,0.9966666666666946,True,False,1,True,True,0.0036469000042416155,4,1.977925407379033e-09,2.689759297851209e-10,`gtol` termination condition is satisfied.,True,True,0.010000000000001563,0.018077504830421448,1.0,0.0008793271734095867,9.054574331780589e-05,0.0008793291312729534,9.054578110487393e-05
18.99000000000017,1786132520.490133,0.007358999995631166,0.007070899999234825,0.01,TELEOP,0,,0.0,18.99000000000017,1899,0.07973333333333785,0.0,0.0,0.0,0.0,0.17364817766693036,0.9848077530122081,0.07708119297185305,3.26855721442244e-53,6.591743369669254e-41,6.791660985645369e-28,2.110934116126338e-15,0.1736481776669283,0.9848077530122085,0.00712435789155591,-0.22496149868535165,0.2802328425555495,-0.1300295006517193,0.011376107230963101,0.08641011328638226,0.9876721143508957,0.006964357891554607,-0.22496149868535165,0.2802328425555495,-0.1300295006517193,0.011376107230963101,0.08641011328638226,0.9876721143508957,0.006964355932214807,-0.22496149891099135,0.2802328427027374,-0.13002950064185267,0.011376107228311406,0.08641011342008095,0.9876721143405282,0.006085042530717979,-0.22495819035210626,0.2802278950271373,-0.12998489960129023,0.011380114958398545,0.08641360184551672,0.9876776337830379,0.006085042530717979,-0.22495819035210626,0.2802278950271373,-0.12998489960129023,0.011380114958398545,0.08641360184551672,0.9876776337830379,0.14184323371278054,-0.5113456690847411,0.7777104593314306,-0.07468039562312438,0.5254908642178204,-0.028011976932784906,0.13248850984244787,-0.5121323286524486,0.7779283816201864,-0.09275340701673032,0.525589039387816,-0.046054887327804744,0.13248850984244787,-0.5121323286524486,0.7779283816201864,-0.09275340701673032,0.525589039387816,-0.046054887327804744,0.08522970621720496,0.006560381521675137,-0.0017128453487708806,0.16436471434658018,-0.002856648825422722,0.1641331749033648,-0.0015563495121009852,0.0049255757820687645,-0.002235553059924096,-0.0005384230695170782,0.016367894000072422,-0.0008893063901537398,0.9983333333333615,True,False,1,True,True,0.003335100002004765,4,1.9777740043140024e-09,2.689773753175711e-10,`gtol` termination condition is satisfied.,True,True,0.010000000000001563,0.018075329883776553,1.0,0.0008793335454238412,9.050852065286015e-05,0.0008793355030416443,9.050855771542677e-05
19.00000000000017,1786132520.493356,0.007320300006540492,0.0029734999989159405,0.01,HOLD,64,clutch active,0.0,19.00000000000017,1900,0.08,0.0,0.0,0.0,0.0,0.17364817766693036,0.9848077530122081,0.08,0.0,0.0,0.0,0.0,0.17364817766693036,0.9848077530122081,0.006085042530717979,-0.22495819035210626,0.2802278950271373,-0.12998489960129023,0.011380114958398545,0.08641360184551672,0.9876776337830379,0.006085042530717979,-0.22495819035210626,0.2802278950271373,-0.12998489960129023,0.011380114958398545,0.08641360184551672,0.9876776337830379,0.006085042530717979,-0.22495819035210626,0.2802278950271373,-0.12998489960129023,0.011380114958398545,0.08641360184551672,0.9876776337830379,0.006162554545369733,-0.22495761817300436,0.280228233773168,-0.12998690849053673,0.011380663726170956,0.08640870868540684,0.9876777911735918,0.006162554545369733,-0.22495761817300436,0.280228233773168,-0.12998690849053673,0.011380663726170956,0.08640870868540684,0.9876777911735918,0.13248850984244787,-0.5121323286524486,0.7779283816201864,-0.09275340701673032,0.525589039387816,-0.046054887327804744,0.13332065126966883,-0.5120721918218333,0.7779126805378227,-0.09112981371557122,0.5255628534402496,-0.04443364450940986,0.13332065126966883,-0.5120721918218333,0.7779126805378227,-0.09112981371557122,0.5255628534402496,-0.04443364450940986,0.08321414272208333,0.006013683061535456,-0.0015701082363732848,0.16235933011588438,-0.002618594756637458,0.16212428183946262,-0.20155634951213225,-0.054669846013959474,0.014273711239757339,-0.20053842306954833,0.023805406878522686,-0.200889306390185,1.0,True,True,1,False,,0.0,0,,,,True,True,0.010000000000001563,0.01807301139360594,1.0,7.751486665905895e-05,1.064040783433297e-05,7.751486665905895e-05,1.064040783433297e-05
19.010000000000172,1786132520.496529,0.003234200004953891,0.0029119999962858856,0.01,HOLD,64,clutch active,0.0,19.010000000000172,1901,0.08,0.0,0.0,0.0,0.0,0.17364817766693036,0.9848077530122081,0.08,0.0,0.0,0.0,0.0,0.17364817766693036,0.9848077530122081,0.006085042530717979,-0.22495819035210626,0.2802278950271373,-0.12998489960129023,0.011380114958398545,0.08641360184551672,0.9876776337830379,0.006142555281230459,-0.22495776580380772,0.2802281463716036,-0.12998489960129023,0.011380114958398545,0.08641360184551672,0.9876776337830379,0.006162554545369733,-0.22495761817300436,0.280228233773168,-0.12998690849053673,0.011380663726170956,0.08640870868540684,0.9876777911735918,0.0062352277815012035,-0.22495687902674555,0.28022880507950376,-0.12999017095742624,0.011382368701499999,0.08639425961416516,0.9876786061482361,0.0062352277815012035,-0.22495687902674555,0.28022880507950376,-0.12999017095742624,0.011382368701499999,0.08639425961416516,0.9876786061482361,0.13332065126966883,-0.5120721918218333,0.7779126805378227,-0.09112981371557122,0.5255628534402496,-0.04443364450940986,0.13411263706193857,-0.5120170663937692,0.7778982878789893,-0.08954627425671909,0.5255388496549803,-0.04285249062165402,0.13411263706193857,-0.5120170663937692,0.7778982878789893,-0.08954627425671909,0.5255388496549803,-0.04285249062165402,0.07919857922696107,0.005512542806407423,-0.0014392658833421574,0.15835394588518795,-0.0024003785269176357,0.15811538877555983,-0.4015563495121635,-0.05011402551279547,0.013084235303110708,-0.4005384230695796,0.02182162297197882,-0.40088930639021625,1.0,True,True,1,False,,0.0,0,,,,True,True,0.010000000000001563,0.0016235933011591042,1.0,7.267924035060963e-05,2.9865731164630048e-05,9.267908381121842e-05,4.039475021484714e-05
19.020000000000174,1786132520.4996364,0.0031177999917417765,0.00290169999061618,0.01,HOLD,64,clutch active,0.0,19.020000000000174,1902,0.08,0.0,0.0,0.0,0.0,0.17364817766693036,0.9848077530122081,0.08,0.0,0.0,0.0,0.0,0.17364817766693036,0.9848077530122081,0.006085042530717979,-0.22495819035210626,0.2802278950271373,-0.12998489960129023,0.011380114958398545,0.08641360184551672,0.9876776337830379,0.006215228910955803,-0.22495705364459914,0.28022868389570327,-0.12998489960129023,0.011380114958398545,0.08641360184551672,0.9876776337830379,0.0062352277815012035,-0.22495687902674555,0.28022880507950376,-0.12999017095742624,0.011382368701499999,0.08639425961416516,0.9876786061482361,0.006300704971632848,-0.22495637828289683,0.2802295102115536,-0.12999399963284627,0.011385873715270209,0.08636549778951141,0.9876805772772721,0.006300704971632848,-0.22495637828289683,0.2802295102115536,-0.12999399963284627,0.011385873715270209,0.08636549778951141,0.9876805772772721,0.13411263706193857,-0.5120170663937692,0.7778982878789893,-0.08954627425671909,0.5255388496549803,-0.04285249062165402,0.13484446721925708,-0.5119665347513771,0.777885094608392,-0.08802278864017393,0.5255168461851503,-0.041331425664537215,0.13484446721925708,-0.5119665347513771,0.777885094608392,-0.08802278864017393,0.5255168461851503,-0.041331425664537215,0.07318301573183818,0.005053164239206732,-0.0013193270597302922,0.1523485616544909,-0.0022003469830078016,0.1521064957116564,-0.6015563495121947,-0.04593785672006186,0.011993882361184646,-0.6005384230696109,0.0200031543909803,-0.6008893063902475,1.0,True,True,1,False,,0.0,0,,,,True,True,0.010000000000001563,0.0015835394588521318,1.0,6.548290145637467e-05,5.858572468279005e-05,8.548272258286699e-05,9.876513996330247e-05
19.030000000000175,1786132520.5027223,0.0031134000018937513,0.0028741999994963408,0.01,HOLD,64,clutch active,0.0,19.030000000000175,1903,0.08,0.0,0.0,0.0,0.0,0.17364817766693036,0.9848077530122081,0.08,0.0,0.0,0.0,0.0,0.17364817766693036,0.9848077530122081,0.006085042530717979,-0.22495819035210626,0.2802278950271373,-0.12998489960129023,0.011380114958398545,0.08641360184551672,0.9876776337830379,0.006280706238418304,-0.22495654631905804,0.28022936043284347,-0.12998489960129023,0.011380114958398545,0.08641360184551672,0.9876776337830379,0.006300704971632848,-0.22495637828289683,0.2802295102115536,-0.12999399963284627,0.011385873715270209,0.08636549778951141,0.9876805772772721,0.0063594263782170285,-0.22495610995820176,0.2802302565482628,-0.1299978643824373,0.01139057429888216,0.08632713460882148,0.9876833682427671,0.0063594263782170285,-0.22495610995820176,0.2802302565482628,-0.1299978643824373,0.01139057429888216,0.08632713460882148,0.9876833682427671,0.13484446721925708,-0.5119665347513771,0.777885094608392,-0.08802278864017393,0.5255168461851503,-0.041331425664537215,0.13551531153013235,-0.5119202140791843,0.777873000777011,-0.08657935686593578,0.5254966763378061,-0.03989044963805947,0.13551531153013235,-0.5119202140791843,0.777873000777011,-0.08657935686593578,0.5254966763378061,-0.03989044963805947,0.06708443108751738,0.004632067219272772,-0.001209383138086084,0.1443431774237932,-0.0020169847344237895,0.14409760264775237,-0.6098584644319849,-0.04210970199338944,0.010994392164419102,-0.8005384230696422,0.018336224858398347,-0.8008893063902788,1.0,True,True,1,False,,0.0,0,,,,True,True,0.010000000000001563,0.0015234856165451532,1.0,5.872676227964623e-05,7.788593960218346e-05,7.872644945361365e-05,0.00017648739794891204
19.040000000000177,1786132520.506396,0.0030799999949522316,0.0034683999983826652,0.01,HOLD,64,clutch active,0.0,19.040000000000177,1904,0.08,0.0,0.0,0.0,0.0,0.17364817766693036,0.9848077530122081,0.08,0.0,0.0,0.0,0.0,0.17364817766693036,0.9848077530122081,0.006085042530717979,-0.22495819035210626,0.2802278950271373,-0.12998489960129023,0.011380114958398545,0.08641360184551672,0.9876776337830379,0.006339427693704422,-0.22495626158936277,0.28023008442692116,-0.12998489960129023,0.011380114958398545,0.08641360184551672,0.9876776337830379,0.0063594263782170285,-0.22495610995820176,0.2802302565482628,-0.1299978643824373,0.01139057429888216,0.08632713460882148,0.9876833682427671,0.00641269496082433,-0.22495593493328436,0.28023095695014955,-0.13000131182776825,0.011395479435573709,0.08628680252581705,0.9876863822496307,0.00641269496082433,-0.22495593493328436,0.28023095695014955,-0.13000131182776825,0.011395479435573709,0.08628680252581705,0.9876863822496307,0.13551531153013235,-0.5119202140791843,0.777873000777011,-0.08657935686593578,0.5254966763378061,-0.03989044963805947,0.1361302521484347,-0.5118777534630077,0.777861914764912,-0.08523597893400461,0.5254781873110739,-0.03854956254222078,0.1361302521484347,-0.5118777534630077,0.777861914764912,-0.08523597893400461,0.5254781873110739,-0.03854956254222078,0.06149406183022339,0.004246061617666648,-0.001108601209912228,0.1343377931930949,-0.0018489026732217808,0.13408870958384772,-0.5590369257293115,-0.03860056016060644,0.010078192817384035,-1.0005384230696734,0.016808206120198246,-1.00088930639031,1.0,True,True,1,False,,0.0,0,,,,True,True,0.010000000000001563,0.0014434317742381547,1.0,5.327347453954531e-05,8.177301272069902e-05,7.327319040547901e-05,0.00025814748888172386
19.05000000000018,1786132520.5096343,0.003703399997903034,0.003002600002218969,0.01,HOLD,64,clutch active,0.0,19.05000000000018,1905,0.08,0.0,0.0,0.0,0.0,0.17364817766693036,0.9848077530122081,0.08,0.0,0.0,0.0,0.0,0.17364817766693036,0.9848077530122081,0.006085042530717979,-0.22495819035210626,0.2802278950271373,-0.12998489960129023,0.011380114958398545,0.08641360184551672,0.9876776337830379,0.006392696307820313,-0.22495607259543562,0.2802307700620626,-0.12998996384897177,0.011384855710705175,0.08637447788207465,0.9876803348905903,0.00641269496082433,-0.22495593493328436,0.28023095695014955,-0.13000131182776825,0.011395479435573709,0.08628680252581705,0.9876863822496307,0.0064615265737838525,-0.22495575431966722,0.2802315554303647,-0.13000407904901554,0.011400012832649803,0.08624983340732377,0.9876891947243535,0.0064615265737838525,-0.22495575431966722,0.2802315554303647,-0.13000407904901554,0.011400012832649803,0.08624983340732377,0.9876891947243535,0.1361302521484347,-0.5118777534630077,0.777861914764912,-0.08523597893400461,0.5254781873110739,-0.03854956254222078,0.13669394771521182,-0.5118388312315124,0.7778517525871544,-0.08400454916306774,0.5254612390365694,-0.037320416037701996,0.13669394771521182,-0.5118388312315124,0.7778517525871544,-0.08400454916306774,0.5254612390365694,-0.037320416037701996,0.05636955667770398,0.003892223149527705,-0.0010162177757528613,0.12314297709366859,-0.001694827450453275,0.12291465045185866,-0.5124505152518616,-0.03538384681388873,0.009238343415935234,-1.1194816099424576,0.015407522276848173,-1.117405913198731,1.0,True,True,1,False,,0.0,0,,,,True,True,0.010000000000001563,0.001343377931931164,1.0,4.883561430017294e-05,7.490887634671988e-05,6.883548224169173e-05,0.0002533276059146125
19.06000000000018,1786132520.512835,0.0033093000092776492,0.002894200006267056,0.01,HOLD,64,clutch active,0.0,19.06000000000018,1906,0.08,0.0,0.0,0.0,0.0,0.17364817766693036,0.9848077530122081,0.08,0.0,0.0,0.0,0.0,0.17364817766693036,0.9848077530122081,0.006085042530717979,-0.22495819035210626,0.2802278950271373,-0.12998489960129023,0.011380114958398545,0.08641360184551672,0.9876776337830379,0.006441527937604677,-0.22495588372044095,0.28023136099165274,-0.12999255931327902,0.011388061178523595,0.08634820148507892,0.9876822539086496,0.0064615265737838525,-0.22495575431966722,0.2802315554303647,-0.13000407904901554,0.011400012832649803,0.08624983340732377,0.9876891947243535,0.006506290667413497,-0.2249555717955147,0.28023206743771323,-0.13000628552371551,0.011404199781627244,0.08621594712342566,0.9876918144913815,0.006506290667413497,-0.2249555717955147,0.28023206743771323,-0.13000628552371551,0.011404199781627244,0.08621594712342566,0.9876918144913815,0.13669394771521182,-0.5118388312315124,0.7778517525871544,-0.08400454916306774,0.5254612390365694,-0.037320416037701996,0.13721066865142417,-0.5118031525193084,0.7778424372575434,-0.08287573853970895,0.5254457031182735,-0.0361936984085598,0.13721066865142417,-0.5118031525193084,0.7778424372575434,-0.08287573853970895,0.5254457031182735,-0.0361936984085598,0.05167209362122791,0.0035678712204003458,-0.0009315329611067763,0.11288106233586126,-0.0015535918295821467,0.11267176291420217,-0.46974630564753317,-0.03243519291273088,0.008468481464607177,-1.0261914757805717,0.014123562087110625,-1.0242887537654888,1.0,True,True,1,False,,0.0,0,,,,True,True,0.010000000000001563,0.001231429770936876,1.0,4.476739377130196e-05,6.863067792644393e-05,6.476733386118555e-05,0.0002685627249538925
19.07000000000018,1786132520.5158725,0.0031008999940240756,0.00283060000219848,0.01,HOLD,64,clutch active,0.0,19.07000000000018,1907,0.08,0.0,0.0,0.0,0.0,0.17364817766693036,0.9848077530122081,0.08,0.0,0.0,0.0,0.0,0.17364817766693036,0.9848077530122081,0.006085042530717979,-0.22495819035210626,0.2802278950271373,-0.12998489960129023,0.011380114958398545,0.08641360184551672,0.9876776337830379,0.006486292034748589,-0.22495569611072663,0.28023186935373573,-0.12999563387402582,0.011392203214847773,0.08631439915973758,0.9876847560721465,0.006506290667413497,-0.2249555717955147,0.28023206743771323,-0.13000628552371551,0.011404199781627244,0.08621594712342566,0.9876918144913815,0.006547325943937171,-0.22495539022157607,0.28023250602302874,-0.13000803073686987,0.011408064322626707,0.08618488677086487,0.9876942509221288,0.006547325943937171,-0.22495539022157607,0.28023250602302874,-0.13000803073686987,0.011408064322626707,0.08618488677086487,0.9876942509221288,0.13721066865142417,-0.5118031525193084,0.7778424372575434,-0.08287573853970895,0.5254457031182735,-0.0361936984085598,0.13768432950961884,-0.5117704470331214,0.7778338982053999,-0.08184099546829673,0.5254314618598357,-0.03516087391517947,0.13768432950961884,-0.5117704470331214,0.7778338982053999,-0.08184099546829673,0.5254314618598357,-0.03516087391517947,0.04736608581945825,0.0032705486187002706,-0.0008539052143478661,0.10347430714120469,-0.0014241258437836142,0.10328244933801718,-0.4306007801768993,-0.029732260170002883,0.0077627746758898025,-0.9406755194655105,0.012946598579851223,-0.9389313576183514,1.0,True,True,1,False,,0.0,0,,,,True,True,0.010000000000001563,0.0011288106233587891,1.0,4.103802194975465e-05,6.288599660206519e-05,6.103799625480186e-05,0.0002628221301253214
19.080000000000183,1786132520.5188937,0.003033900007721968,0.0028181000088807195,0.01,HOLD,64,clutch active,0.0,19.080000000000183,1908,0.08,0.0,0.0,0.0,0.0,0.17364817766693036,0.9848077530122081,0.08,0.0,0.0,0.0,0.0,0.17364817766693036,0.9848077530122081,0.006085042530717979,-0.22495819035210626,0.2802278950271373,-0.12998489960129023,0.011380114958398545,0.08641360184551672,0.9876776337830379,0.006527327305576451,-0.224955511356785,0.280232306548774,-0.1299980685814535,0.011396026081860675,0.0862833992191098,0.9876871001353765,0.006547325943937171,-0.22495539022157607,0.28023250602302874,-0.13000803073686987,0.011408064322626707,0.08618488677086487,0.9876942509221288,0.006584942915375872,-0.22495521179041814,0.2802328822162949,-0.13000939745139325,0.011411629223877548,0.08615641677896581,0.9876965136825135,0.006584942915375872,-0.22495521179041814,0.2802328822162949,-0.13000939745139325,0.011411629223877548,0.08615641677896581,0.9876965136825135,0.13768432950961884,-0.5117704470331214,0.7778338982053999,-0.08184099546829673,0.5254314618598357,-0.03516087391517947,0.1381185186296306,-0.5117404670041166,0.7778260707409351,-0.08089248098616889,0.5254184073729343,-0.03421411812958084,0.1381185186296306,-0.5117404670041166,0.7778260707409351,-0.08089248098616889,0.5254184073729343,-0.03421411812958084,0.043418912001169443,0.0029980029004752053,-0.0007827464464855329,0.09485144821276961,-0.0013054486901349612,0.09467557855984773,-0.3947173818288187,-0.027254571822502256,0.007115876786232218,-0.8622858928433724,0.011867715364863453,-0.8606870778168099,1.0,True,True,1,False,,0.0,0,,,,True,True,0.010000000000001563,0.0010347430714122141,1.0,3.761927563459546e-05,5.7627665330670897e-05,5.7619264362380834e-05,0.00025756518656412745
19.090000000000185,1786132520.523897,0.003018299990799278,0.0048033000057330355,0.01,HOLD,64,clutch active,0.0,19.090000000000185,1909,0.08,0.0,0.0,0.0,0.0,0.17364817766693036,0.9848077530122081,0.08,0.0,0.0,0.0,0.0,0.17364817766693036,0.9848077530122081,0.006085042530717979,-0.22495819035210626,0.2802278950271373,-0.12998489960129023,0.011380114958398545,0.08641360184551672,0.9876776337830379,0.0065649442655325435,-0.22495533094858258,0.2802326827024463,-0.13000001048072168,0.01139955248219466,0.08625497541691955,0.9876892865137521,0.006584942915375872,-0.22495521179041814,0.2802328822162949,-0.13000939745139325,0.011411629223877548,0.08615641677896581,0.9876965136825135,0.006619426248566693,-0.22495503815037313,0.2802332053440473,-0.13001045444948006,0.011414915980102927,0.08613032116155246,0.9876986125350257,0.006619426248566693,-0.22495503815037313,0.2802332053440473,-0.13001045444948006,0.011414915980102927,0.08613032116155246,0.9876986125350257,0.1381185186296306,-0.5117404670041166,0.7778260707409351,-0.08089248098616889,0.5254184073729343,-0.03421411812958084,0.1385165253229747,-0.5117129853108622,0.7778188955651757,-0.0800230093775517,0.5254064407599415,-0.03334625865944878,0.1385165253229747,-0.5117129853108622,0.7778188955651757,-0.0800230093775517,0.5254064407599415,-0.03334625865944878,0.03980066933440476,0.0027481693254355656,-0.0007175175759450616,0.08694716086170425,-0.001196661299290364,0.08678594701319252,-0.36182426667641204,-0.024983357503960045,0.006522887054046108,-0.7904287351064134,0.01087873908445801,-0.7889631546653978,1.0,True,True,1,False,,0.0,0,,,,True,True,0.010000000000001563,0.0009485144821278491,1.0,3.448528425805328e-05,5.2813121154988566e-05,5.448527654667703e-05,0.0002527510366077653
19.100000000000186,1786132520.5287147,0.00519229999918025,0.004428500003996305,0.01,HOLD,64,clutch active,0.0,19.100000000000186,1910,0.08,0.0,0.0,0.0,0.0,0.17364817766693036,0.9848077530122081,0.08,0.0,0.0,0.0,0.0,0.17364817766693036,0.9848077530122081,0.006085042530717979,-0.22495819035210626,0.2802278950271373,-0.12998489960129023,0.011380114958398545,0.08641360184551672,0.9876776337830379,0.006599427583880696,-0.22495515611771266,0.28023300661185596,-0.13000156142512756,0.011402803758761824,0.08622891644805507,0.9876913202320158,0.006619426248566693,-0.22495503815037313,0.2802332053440473,-0.13001045444948006,0.011414915980102927,0.08613032116155246,0.9876986125350257,0.0066510369151008344,-0.2249548705083378,0.280233483296545,-0.1300112588300057,0.011417944826104275,0.08610640190578486,0.9877005571853368,0.0066510369151008344,-0.2249548705083378,0.280233483296545,-0.1300112588300057,0.011417944826104275,0.08610640190578486,0.9877005571853368,0.1385165253229747,-0.5117129853108622,0.7778188955651757,-0.0800230093775517,0.5254064407599415,-0.03334625865944878,0.13888136479187346,-0.5116877937587123,0.7778123183207295,-0.0792259937363193,0.525395471364698,-0.032550720811827735,0.13888136479187346,-0.5116877937587123,0.7778123183207295,-0.0792259937363193,0.525395471364698,-0.032550720811827735,0.03648394688987051,0.002519155214982566,-0.0006577244446162971,0.07970156412322776,-0.0010969395243494847,0.07955378476209202,-0.331672244453373,-0.02290141104529638,0.0059793131328755135,-0.7245596738475354,0.009972177494086368,-0.7232162251099377,1.0,True,True,1,False,,0.0,0,,,,True,True,0.010000000000001563,0.0008694716086171811,1.0,3.161233303911181e-05,4.840385924557547e-05,5.161232285024322e-05,0.00024834190927654415
19.110000000000188,1786132520.5319977,0.004692500006058253,0.003019199997652322,0.01,HOLD,64,clutch active,0.0,19.110000000000188,1911,0.08,0.0,0.0,0.0,0.0,0.17364817766693036,0.9848077530122081,0.08,0.0,0.0,0.0,0.0,0.17364817766693036,0.9848077530122081,0.006085042530717979,-0.22495819035210626,0.2802278950271373,-0.12998489960129023,0.011380114958398545,0.08641360184551672,0.9876776337830379,0.006631038233845518,-0.22495498781073367,0.28023328584225615,-0.13000279777805787,0.011405799960094951,0.08620502698346015,0.9876932082483552,0.0066510369151008344,-0.2249548705083378,0.280233483296545,-0.1300112588300057,0.011417944826104275,0.08610640190578486,0.9877005571853368,0.006680014162459405,-0.22495470971489603,0.2802337227526914,-0.1300118579334326,0.011420734762360687,0.0860844774888281,0.9877023571651838,0.006680014162459405,-0.22495470971489603,0.2802337227526914,-0.1300118579334326,0.011420734762360687,0.0860844774888281,0.9877023571651838,0.13888136479187346,-0.5116877937587123,0.7778123183207295,-0.0792259937363193,0.525395471364698,-0.032550720811827735,0.13921580097169733,-0.5116647015025749,0.7778062891799872,-0.07849539606518961,0.5253854160857248,-0.03182147778484179,0.13921580097169733,-0.5116647015025749,0.7778062891799872,-0.07849539606518961,0.5253854160857248,-0.03182147778484179,0.033443617982380824,0.0023092256137339858,-0.0006029140742315971,0.07305976711295775,-0.0010055278973203467,0.07292430269858331,-0.3040328907489209,-0.02099296012485472,0.005481037038469142,-0.664179701026898,0.009141162702912374,-0.6629482063507668,1.0,True,True,1,False,,0.0,0,,,,True,True,0.010000000000001563,0.0007970156412323987,1.0,2.8978682824737785e-05,4.436497066808461e-05,4.897866690321315e-05,0.00024430323852020735
19.12000000000019,1786132520.5350347,0.0032325999927707016,0.0028234000055817887,0.01,HOLD,64,clutch active,0.0,19.12000000000019,1912,0.08,0.0,0.0,0.0,0.0,0.17364817766693036,0.9848077530122081,0.08,0.0,0.0,0.0,0.0,0.17364817766693036,0.9848077530122081,0.006085042530717979,-0.22495819035210626,0.2802278950271373,-0.12998489960129023,0.011380114958398545,0.08641360184551672,0.9876776337830379,0.006660015463980947,-0.22495482670906913,0.28023352686616515,-0.1300037792103764,0.011408559890418774,0.08618312719320376,0.9876949583446534,0.006680014162459405,-0.22495470971489603,0.2802337227526914,-0.1300118579334326,0.011420734762360687,0.0860844774888281,0.9877023571651838,0.006706577321247801,-0.2249545563346791,0.2802339293694133,-0.13001229095421377,0.01142330358991813,0.08606438151344031,0.9877040217446917,0.006706577321247801,-0.2249545563346791,0.2802339293694133,-0.13001229095421377,0.01142330358991813,0.08606438151344031,0.9877040217446917,0.13921580097169733,-0.5116647015025749,0.7778062891799872,-0.07849539606518961,0.5253854160857248,-0.03182147778484179,0.1395223674698692,-0.5116435336011157,0.7778007624676401,-0.07782568153332074,0.525376198746666,-0.031153005010104682,0.1395223674698692,-0.5116435336011157,0.7778007624676401,-0.07782568153332074,0.525376198746666,-0.031153005010104682,0.030656649817181986,0.0021167901459227902,-0.0005526712347122894,0.06697145318687699,-0.0009217339058769714,0.06684727747370042,-0.27869681651984024,-0.01924354678111655,0.005024283951929976,-0.6088313926079812,0.008379399144336223,-0.6077025224881943,1.0,True,True,1,False,,0.0,0,,,,True,True,0.010000000000001563,0.000730597671129693,1.0,2.6564405146327903e-05,4.0664748062952487e-05,4.6564381917024336e-05,0.00024060347593726257
19.13000000000019,1786132520.5394595,0.0030217000021366403,0.004226899996865541,0.01,HOLD,64,clutch active,0.0,19.13000000000019,1913,0.08,0.0,0.0,0.0,0.0,0.17364817766693036,0.9848077530122081,0.08,0.0,0.0,0.0,0.0,0.17364817766693036,0.9848077530122081,0.006085042530717979,-0.22495819035210626,0.2802278950271373,-0.12998489960129023,0.011380114958398545,0.08641360184551672,0.9876776337830379,0.0066865786055833945,-0.2249546732640648,0.28023373520635564,-0.13000455341229836,0.011411101156308024,0.08616305182574491,0.9876965785921016,0.006706577321247801,-0.2249545563346791,0.2802339293694133,-0.13001229095421377,0.01142330358991813,0.08606438151344031,0.9877040217446917,0.006730927462174258,-0.22495441070440667,0.2802341079411405,-0.13001259029105827,0.011425667952259605,0.08604596145386731,0.9877055598684933,0.006730927462174258,-0.22495441070440667,0.2802341079411405,-0.13001259029105827,0.011425667952259605,0.08604596145386731,0.9877055598684933,0.1395223674698692,-0.5116435336011157,0.7778007624676401,-0.07782568153332074,0.525376198746666,-0.031153005010104682,0.1398033867598601,-0.5116241296914448,0.7777956963146552,-0.07721177654577428,0.5253677495191954,-0.030540238299929006,0.1398033867598601,-0.5116241296914448,0.7777956963146552,-0.07721177654577428,0.5253677495191954,-0.030540238299929006,0.02810192899908309,0.0019403909670958634,-0.0005066152984862581,0.06139049875463637,-0.0008449227470538784,0.06127667101755785,-0.25547208180984987,-0.01763991788268992,0.004605593622602412,-0.5580954432239749,0.007681115882308095,-0.5570606456141702,1.0,True,True,1,False,,0.0,0,,,,True,True,0.010000000000001563,0.0006697145318688702,1.0,2.4351231163461326e-05,3.727434674627289e-05,4.435120009324362e-05,0.00023721384017842575
19.140000000000192,1786132520.5426404,0.0044578000088222325,0.0029495000053429976,0.01,HOLD,64,clutch active,0.0,19.140000000000192,1914,0.08,0.0,0.0,0.0,0.0,0.17364817766693036,0.9848077530122081,0.08,0.0,0.0,0.0,0.0,0.17364817766693036,0.9848077530122081,0.006085042530717979,-0.22495819035210626,0.2802278950271373,-0.12998489960129023,0.011380114958398545,0.08641360184551672,0.9876776337830379,0.0067109287297952725,-0.22495452773479266,0.28023391556878685,-0.1300051589878949,0.01141344021425776,0.08614464917245822,0.987698077065032,0.006730927462174258,-0.22495441070440667,0.2802341079411405,-0.13001259029105827,0.011425667952259605,0.08604596145386731,0.9877055598684933,0.006753248915272937,-0.22495427298065857,0.2802342625341313,-0.13001278267733876,0.011427843382217466,0.08602907750381618,0.9877069801109887,0.006753248915272937,-0.22495427298065857,0.2802342625341313,-0.13001278267733876,0.011427843382217466,0.08602907750381618,0.9877069801109887,0.1398033867598601,-0.5116241296914448,0.7777956963146552,-0.07721177654577428,0.5253677495191954,-0.030540238299929006,0.14006098777568507,-0.5116063427742464,0.7777910523410857,-0.07664903030719003,0.5253600043940141,-0.02997853548226798,0.14006098777568507,-0.5116063427742464,0.7777910523410857,-0.07664903030719003,0.5253600043940141,-0.02997853548226798,0.025760101582492465,0.0017786917198378495,-0.00046439735694573005,0.05627462385841587,-0.0007745125181327109,0.0561702817660939,-0.23418274165902575,-0.01616992472579886,0.004221794154052151,-0.5115874896219698,0.007041022892115654,-0.5106389251463155,1.0,True,True,1,False,,0.0,0,,,,True,True,0.010000000000001563,0.0006139049875464597,1.0,2.2322413293820063e-05,3.4167491336905034e-05,4.232237450194674e-05,0.0002341080667014094
19.150000000000194,1786132520.5456245,0.003152099990984425,0.00278170000819955,0.01,HOLD,64,clutch active,0.0,19.150000000000194,1915,0.08,0.0,0.0,0.0,0.0,0.17364817766693036,0.9848077530122081,0.08,0.0,0.0,0.0,0.0,0.17364817766693036,0.9848077530122081,0.006085042530717979,-0.22495819035210626,0.2802278950271373,-0.12998489960129023,0.011380114958398545,0.08641360184551672,0.9876776337830379,0.006733250166912943,-0.22495439022366556,0.28023407196101946,-0.13000562741759258,0.011415592420263215,0.08612778003328343,0.9876994616764712,0.006753248915272937,-0.22495427298065857,0.2802342625341313,-0.13001278267733876,0.011427843382217466,0.08602907750381618,0.9877069801109887,0.00677371066282547,-0.2249541431790923,0.280234396599633,-0.13001289012712247,0.011429844352317045,0.08601360151871393,0.9877082906469169,0.00677371066282547,-0.2249541431790923,0.280234396599633,-0.13001289012712247,0.011429844352317045,0.08601360151871393,0.9877082906469169,0.14006098777568507,-0.5116063427742464,0.7777910523410857,-0.07664903030719003,0.5253600043940141,-0.02997853548226798,0.1402971220401913,-0.5115900381001479,0.7777867953653137,-0.07613317958848781,0.5253529046959312,-0.02946364123274538,0.1402971220401913,-0.5115900381001479,0.7777867953653137,-0.07613317958848781,0.5253529046959312,-0.02946364123274538,0.023613426450617758,0.0016304674098513389,-0.0004256975772002465,0.051585071870213814,-0.0007099698082883082,0.051489424952252005,-0.2146675131874372,-0.014822430998648746,0.0038699779745477504,-0.46895519882013226,0.006454270984439257,-0.4680856813841158,1.0,True,True,1,False,,0.0,0,,,,True,True,0.010000000000001563,0.0005627462385842524,1.0,2.046259843981086e-05,3.132022005699744e-05,4.046255244961958e-05,0.00023126217537948097
19.160000000000196,1786132520.5486445,0.003028999999514781,0.00277279999863822,0.01,HOLD,64,clutch active,0.0,19.160000000000196,1916,0.08,0.0,0.0,0.0,0.0,0.17364817766693036,0.9848077530122081,0.08,0.0,0.0,0.0,0.0,0.17364817766693036,0.9848077530122081,0.006085042530717979,-0.22495819035210626,0.2802278950271373,-0.12998489960129023,0.011380114958398545,0.08641360184551672,0.9876776337830379,0.006753711899365464,-0.22495426070806163,0.2802342077954697,-0.1300059844822175,0.011417572081253496,0.08611231672707358,0.987700740079947,0.00677371066282547,-0.2249541431790923,0.280234396599633,-0.13001289012712247,0.011429844352317045,0.08601360151871393,0.9877082906469169,0.006792467616478552,-0.22495402120654612,0.2802345130692333,-0.13001293072661393,0.011431684327224993,0.08599941604491936,0.9877094992340877,0.006792467616478552,-0.22495402120654612,0.2802345130692333,-0.13001293072661393,0.011431684327224993,0.08599941604491936,0.9877094992340877,0.1402971220401913,-0.5115900381001479,0.7777867953653137,-0.07613317958848781,0.5253529046959312,-0.02946364123274538,0.140513578449322,-0.511575092148891,0.7777828931375227,-0.07566031642967745,0.5253463966393552,-0.02899165483734967,0.140513578449322,-0.511575092148891,0.7777828931375227,-0.07566031642967745,0.5253463966393552,-0.02899165483734967,0.02164564091306597,0.0014945951256970394,-0.0003902227791002204,0.047286315881028655,-0.0006508056575976066,0.047198639539563665,-0.196778553755148,-0.013587228415427824,0.0035474798100020542,-0.42987559891844845,0.005916415069069235,-0.4290785412687667,1.0,True,True,1,False,,0.0,0,,,,True,True,0.010000000000001563,0.000515850718702221,1.0,1.8757711822439154e-05,2.871066043894431e-05,3.875765939780669e-05,0.0002286542597369117
19.170000000000197,1786132520.551708,0.0029691000090679154,0.0028671000036410987,0.01,HOLD,64,clutch active,0.0,19.170000000000197,1917,0.08,0.0,0.0,0.0,0.0,0.17364817766693036,0.9848077530122081,0.08,0.0,0.0,0.0,0.0,0.17364817766693036,0.9848077530122081,0.006085042530717979,-0.22495819035210626,0.2802278950271373,-0.12998489960129023,0.011380114958398545,0.08641360184551672,0.9876776337830379,0.006772468838870723,-0.2249541390675275,0.28023432597839537,-0.13000625134427454,0.011419392507786282,0.08609814216266258,0.9877019196105171,0.006792467616478552,-0.22495402120654612,0.2802345130692333,-0.13001293072661393,0.011431684327224993,0.08599941604491936,0.9877094992340877,0.006809661788180019,-0.2249539068872287,0.2802346144352233,-0.130012919295999,0.011433375817222183,0.0859864134290246,0.9877106132056935,0.006809661788180019,-0.2249539068872287,0.2802346144352233,-0.130012919295999,0.011433375817222183,0.0859864134290246,0.9877106132056935,0.140513578449322,-0.511575092148891,0.7777828931375227,-0.07566031642967745,0.5253463966393552,-0.02899165483734967,0.14071199682435848,-0.5115613916935721,0.777779316095381,-0.0752268585341013,0.5253404309208273,-0.028559000641570277,0.14071199682435848,-0.5115613916935721,0.777779316095381,-0.0752268585341013,0.5253404309208273,-0.028559000641570277,0.019841837503643524,0.0013700455318889334,-0.0003577042141751969,0.04334578955760898,-0.0005965718527977976,0.04326541957793274,-0.18038034094221642,-0.012454959380808662,0.0032518564925018366,-0.39405263234190546,0.005423380479980056,-0.39332199616303054,1.0,True,True,1,False,,0.0,0,,,,True,True,0.010000000000001563,0.0004728631588103577,1.0,1.7194850521880055e-05,2.631883142673592e-05,3.7194792556977854e-05,0.00022626429726377233
19.1800000000002,1786132520.5573428,0.0030731000006198883,0.00542929999937769,0.01,HOLD,64,clutch active,0.0,19.1800000000002,1918,0.08,0.0,0.0,0.0,0.0,0.17364817766693036,0.9848077530122081,0.08,0.0,0.0,0.0,0.0,0.17364817766693036,0.9848077530122081,0.006085042530717979,-0.22495819035210626,0.2802278950271373,-0.12998489960129023,0.011380114958398545,0.08641360184551672,0.9876776337830379,0.006789662997397584,-0.2249540251067171,0.28023442898605794,-0.13000644539392625,0.011421066067310408,0.08608514897524523,0.9877030072505765,0.006809661788180019,-0.2249539068872287,0.2802346144352233,-0.130012919295999,0.011433375817222183,0.0859864134290246,0.9877106132056935,0.006825423363754777,-0.22495379998400378,0.28023470281834717,-0.1300128679426686,0.011434930431832883,0.08597449500085058,0.9877116394700886,0.006825423363754777,-0.22495379998400378,0.28023470281834717,-0.1300128679426686,0.011434930431832883,0.08597449500085058,0.9877116394700886,0.14071199682435848,-0.5115613916935721,0.777779316095381,-0.0752268585341013,0.5253404309208273,-0.028559000641570277,0.14089388033480857,-0.5115488329428631,0.7777760371400844,-0.07482952212982316,0.5253349623455099,-0.028162400962105837,0.14089388033480857,-0.5115488329428631,0.7777760371400844,-0.07482952212982316,0.5253349623455099,-0.028162400962105837,0.018188351045006306,0.001255875070898171,-0.00032789552966059254,0.03973364042780767,-0.0005468575317313066,0.03965996794643779,-0.16534864586369605,-0.011417046099074445,0.0029808684514599747,-0.36121491298007485,0.004971432106648314,-0.3605451631494395,1.0,True,True,1,False,,0.0,0,,,,True,True,0.010000000000001563,0.0004334578955761531,1.0,1.5762185904083102e-05,2.4126467831155162e-05,3.576212334802485e-05,0.00022407397896344837
19.1900000000002,1786132520.562968,0.005802499988931231,0.005251099995803088,0.01,HOLD,64,clutch active,0.0,19.1900000000002,1919,0.08,0.0,0.0,0.0,0.0,0.17364817766693036,0.9848077530122081,0.08,0.0,0.0,0.0,0.0,0.17364817766693036,0.9848077530122081,0.006085042530717979,-0.22495819035210626,0.2802278950271373,-0.12998489960129023,0.011380114958398545,0.08641360184551672,0.9876776337830379,0.006805424560759481,-0.2249539185744681,0.2802345189296386,-0.13000658092411507,0.011422604237340086,0.08607323872766671,0.9877040096120845,0.006825423363754777,-0.22495379998400378,0.28023470281834717,-0.1300128679426686,0.011434930431832883,0.08597449500085058,0.9877116394700886,0.006839871687208364,-0.22495370021560995,0.28023478002493196,-0.13001278652342171,0.011436358932919971,0.08596357032419356,0.9877125845163106,0.006839871687208364,-0.22495370021560995,0.28023478002493196,-0.13001278652342171,0.011436358932919971,0.08596357032419356,0.9877125845163106,0.14089388033480857,-0.5115488329428631,0.7777760371400844,-0.07482952212982316,0.5253349623455099,-0.028162400962105837,0.14106060688605448,-0.5115373207547133,0.7777730314310625,-0.0744652970925682,0.5253299494848024,-0.027798851255930106,0.14106060688605448,-0.5115373207547133,0.7777730314310625,-0.0744652970925682,0.5253299494848024,-0.027798851255930106,0.016672655124588875,0.0011512188149899738,-0.0003005709021888722,0.03642250372548985,-0.0005012860707536907,0.036354970617567456,-0.15156959204171921,-0.010465625590818093,0.0027324627471716047,-0.3311136702317306,0.0045571460977608886,-0.3304997328869816,1.0,True,True,1,False,,0.0,0,,,,True,True,0.010000000000001563,0.0003973364042781369,1.0,1.4448874184815083e-05,2.2116863871068324e-05,3.444880798995023e-05,0.00022206655604796417
19.200000000000202,1786132520.5685568,0.0056170000025304034,0.005223500003921799,0.01,HOLD,64,clutch active,0.0,19.200000000000202,1920,0.08,0.0,0.0,0.0,0.0,0.17364817766693036,0.9848077530122081,0.08,0.0,0.0,0.0,0.0,0.17364817766693036,0.9848077530122081,0.006085042530717979,-0.22495819035210626,0.2802278950271373,-0.12998489960129023,0.011380114958398545,0.08641360184551672,0.9876776337830379,0.006819872872929991,-0.22495381917949087,0.28023459761041997,-0.1300066696764899,0.011424017657970603,0.0860623211739892,0.9877049329300344,0.006839871687208364,-0.22495370021560995,0.28023478002493196,-0.13001278652342171,0.011436358932919971,0.08596357032419356,0.9877125845163106,0.006853116163174133,-0.2249536072705181,0.2802348475950786,-0.13001268303041136,0.011437671286709325,0.08595355650981887,0.987713454423946,0.006853116163174133,-0.2249536072705181,0.2802348475950786,-0.13001268303041136,0.011437671286709325,0.08595355650981887,0.987713454423946,0.14106060688605448,-0.5115373207547133,0.7777730314310625,-0.0744652970925682,0.5253299494848024,-0.027798851255930106,0.1412134395580299,-0.5115267679155758,0.7777702761977924,-0.07413142414175117,0.5253253543624872,-0.027465597358602357,0.1412134395580299,-0.5115267679155758,0.7777702761977924,-0.07413142414175117,0.5253253543624872,-0.027465597358602357,0.015283267197539585,0.0010552839137407944,-0.0002755233270064623,0.033387295081698555,-0.0004595122315242099,0.033325389732769696,-0.1389387927049073,-0.009593490124916448,0.002504757518240602,-0.3035208643790821,0.004177383922947422,-0.3029580884797288,1.0,True,True,1,False,,0.0,0,,,,True,True,0.010000000000001563,0.0003642250372549588,1.0,1.3244974447791779e-05,2.0274733132408456e-05,3.324490553451156e-05,0.0002202267017955768
19.210000000000203,1786132520.5732179,0.005642200005240738,0.004241700007696636,0.01,HOLD,64,clutch active,0.0,19.210000000000203,1921,0.08,0.0,0.0,0.0,0.0,0.17364817766693036,0.9848077530122081,0.08,0.0,0.0,0.0,0.0,0.17364817766693036,0.9848077530122081,0.006085042530717979,-0.22495819035210626,0.2802278950271373,-0.12998489960129023,0.011380114958398545,0.08641360184551672,0.9876776337830379,0.00683311733849816,-0.22495372660314625,0.280234666566618,-0.13000672128680088,0.01142531618326774,0.08605231358175118,0.9877057830637607,0.006853116163174133,-0.2249536072705181,0.2802348475950786,-0.13001268303041136,0.011437671286709325,0.08595355650981887,0.987713454423946,0.00686525708430372,-0.2249535208180138,0.28023490684332586,-0.1300125639132232,0.011438876714332004,0.085944377585612,0.9877142548761996,0.00686525708430372,-0.2249535208180138,0.28023490684332586,-0.1300125639132232,0.011438876714332004,0.085944377585612,0.9877142548761996,0.1412134395580299,-0.5115267679155758,0.7777702761977924,-0.07413142414175117,0.5253253543624872,-0.027465597358602357,0.14135353617400737,-0.5115170944796998,0.7777677505672949,-0.07382537393683555,0.5253211421670315,-0.027160114619385257,0.14135353617400737,-0.5115170944796998,0.7777677505672949,-0.07382537393683555,0.5253211421670315,-0.027160114619385257,0.01400966159774442,0.0009673435875957144,-0.00025256304975592017,0.030605020491556573,-0.00042121954556385307,0.03054827392170512,-0.12736055997949655,-0.00879403261450662,0.0022960277250538524,-0.27822745901415463,0.0038292685960350827,-0.27771158110641414,1.0,True,True,1,False,,0.0,0,,,,True,True,0.010000000000001563,0.00033387295081703516,1.0,1.2141373491707713e-05,1.8586082757172715e-05,3.214130272504669e-05,0.00021854038680930557
19.220000000000205,1786132520.576402,0.004469099993002601,0.002957000004244037,0.01,HOLD,64,clutch active,0.0,19.220000000000205,1922,0.08,0.0,0.0,0.0,0.0,0.17364817766693036,0.9848077530122081,0.08,0.0,0.0,0.0,0.0,0.17364817766693036,0.9848077530122081,0.006085042530717979,-0.22495819035210626,0.2802278950271373,-0.12998489960129023,0.011380114958398545,0.08641360184551672,0.9876776337830379,0.006845258250064504,-0.22495364050975483,0.28023472711308495,-0.13000674365048306,0.011426508931160307,0.0860431401089909,0.9877065655037575,0.00686525708430372,-0.2249535208180138,0.28023490684332586,-0.1300125639132232,0.011438876714332004,0.085944377585612,0.9877142548761996,0.006876386389836422,-0.22495344051699273,0.2802349588929729,-0.13001243434747628,0.011439983740579977,0.0859359639191917,0.987714991175257,0.006876386389836422,-0.22495344051699273,0.2802349588929729,-0.13001243434747628,0.011439983740579977,0.0859359639191917,0.987714991175257,0.14135353617400737,-0.5115170944796998,0.7777677505672949,-0.07382537393683555,0.5253211421670315,-0.027160114619385257,0.1414819580719867,-0.5115082271634802,0.7777654354060054,-0.07354482791566291,0.5253172809878639,-0.02688008877510292,0.1414819580719867,-0.5115082271634802,0.7777654354060054,-0.07354482791566291,0.5253172809878639,-0.02688008877510292,0.012842189797932202,0.0008867316219627257,-0.00023151612894292353,0.028054602117259794,-0.0003861179167668598,0.028002584428229296,-0.1167471799812035,-0.00806119656329762,0.002104692081299335,-0.2550418374296381,0.003510162879698776,-0.25456894934754265,1.0,True,True,1,False,,0.0,0,,,,True,True,0.010000000000001563,0.0003060502049156144,1.0,1.112971693530312e-05,1.7038100050315836e-05,3.112964511011035e-05,0.00021699476613786463
19.230000000000206,1786132520.5794845,0.0031661000102758408,0.0028734000079566613,0.01,HOLD,64,clutch active,0.0,19.230000000000206,1923,0.08,0.0,0.0,0.0,0.0,0.17364817766693036,0.9848077530122081,0.08,0.0,0.0,0.0,0.0,0.17364817766693036,0.9848077530122081,0.006085042530717979,-0.22495819035210626,0.2802278950271373,-0.12998489960129023,0.011380114958398545,0.08641360184551672,0.9876776337830379,0.006856387546814101,-0.22495356055483182,0.2802347803749464,-0.13000674322397518,0.011427604331555147,0.08603473123206783,0.9877072853823459,0.006876386389836422,-0.22495344051699273,0.2802349588929729,-0.13001243434747628,0.011439983740579977,0.0859359639191917,0.987714991175257,0.006886588361065364,-0.22495336602287738,0.2802350047050645,-0.1300122984586588,0.011441000240657957,0.0859282516886572,0.9877156682592014,0.006886588361065364,-0.22495336602287738,0.2802350047050645,-0.1300122984586588,0.011441000240657957,0.0859282516886572,0.9877156682592014,0.1414819580719867,-0.5115082271634802,0.7777654354060054,-0.07354482791566291,0.5253172809878639,-0.02688008877510292,0.14159967814513444,-0.5115000987902789,0.7777633131748234,-0.07328766072958799,0.5253137415736269,-0.026623398417844113,0.14159967814513444,-0.5115000987902789,0.7777633131748234,-0.07328766072958799,0.5253137415736269,-0.026623398417844113,0.011772007314771018,0.000812837320132487,-0.0002122231181976769,0.02571671860748778,-0.00035394142370294977,0.02566903572587649,-0.10701824831610168,-0.007389430183022714,0.0019293010745243628,-0.23378835097716497,0.0032176493063904984,-0.23335487023524415,1.0,True,True,1,False,,0.0,0,,,,True,True,0.010000000000001563,0.0002805460211726396,1.0,1.0202346057506972e-05,1.5619049992206627e-05,3.0202273889931985e-05,0.00021557807693399435
19.240000000000208,1786132520.5825562,0.003078299996559508,0.0028668000013567507,0.01,HOLD,64,clutch active,0.0,19.240000000000208,1924,0.08,0.0,0.0,0.0,0.0,0.17364817766693036,0.9848077530122081,0.08,0.0,0.0,0.0,0.0,0.17364817766693036,0.9848077530122081,0.006085042530717979,-0.22495819035210626,0.2802278950271373,-0.12998489960129023,0.011380114958398545,0.08641360184551672,0.9876776337830379,0.006866589509985231,-0.22495348639159263,0.28023482731609345,-0.1300067252737768,0.011428610172470984,0.08602702322042921,0.9877079474869817,0.006886588361065364,-0.22495336602287738,0.2802350047050645,-0.1300122984586588,0.011441000240657957,0.0859282516886572,0.9877156682592014,0.006895940258943606,-0.22495329699299263,0.2802350451028752,-0.13001215950850997,0.011441933484785572,0.08592118239748638,0.9877162907199017,0.006895940258943606,-0.22495329699299263,0.2802350451028752,-0.13001215950850997,0.011441933484785572,0.08592118239748638,0.9877162907199017,0.14159967814513444,-0.5115000987902789,0.7777633131748234,-0.07328766072958799,0.5253137415736269,-0.026623398417844113,0.1417075882121865,-0.511492647781511,0.7777613677962399,-0.07305192414235265,0.5253104971105763,-0.026388098923690213,0.1417075882121865,-0.511492647781511,0.7777613677962399,-0.07305192414235265,0.5253104971105763,-0.026388098923690213,0.010791006705206612,0.0007451008767881025,-0.00019453785834786772,0.02357365872353013,-0.0003244463050610327,0.02352994941538645,-0.09810006095642515,-0.0067736443344373915,0.0017685259849806408,-0.2143059883957315,0.0029495118641912482,-0.21390863104897076,1.0,True,True,1,False,,0.0,0,,,,True,True,0.010000000000001563,0.00025716718607492195,1.0,9.35223989390566e-06,1.4318182388446562e-05,2.9352168017533568e-05,0.0002142795455093545
19.25000000000021,1786132520.5859263,0.003067199999350123,0.0031699999963166192,0.01,HOLD,64,clutch active,0.0,19.25000000000021,1925,0.08,0.0,0.0,0.0,0.0,0.17364817766693036,0.9848077530122081,0.08,0.0,0.0,0.0,0.0,0.17364817766693036,0.9848077530122081,0.006085042530717979,-0.22495819035210626,0.2802278950271373,-0.12998489960129023,0.011380114958398545,0.08641360184551672,0.9876776337830379,0.0068759414004770925,-0.22495341767602445,0.28023486876331016,-0.13000669408270765,0.01142953364405298,0.08601995765465699,0.9877085562753093,0.006895940258943606,-0.22495329699299263,0.2802350451028752,-0.13001215950850997,0.011441933484785572,0.08592118239748638,0.9877162907199017,0.006904512908639013,-0.22495323309068327,0.28023508079260273,-0.13001202005006948,0.011442790180562969,0.08591470242992222,0.9877168628214069,0.006904512908639013,-0.22495323309068327,0.28023508079260273,-0.13001202005006948,0.011442790180562969,0.08591470242992222,0.9877168628214069,0.1417075882121865,-0.511492647781511,0.7777613677962399,-0.07305192414235265,0.5253104971105763,-0.026388098923690213,0.14180650577365092,-0.5114858176901405,0.7777595845325385,-0.07283583227072025,0.5253075230194466,-0.026172407720715808,0.14180650577365092,-0.5114858176901405,0.7777595845325385,-0.07283583227072025,0.5253075230194466,-0.026172407720715808,0.009891756146439255,0.0006830091370557509,-0.00017832637015220953,0.021609187163235646,-0.0002974091129726091,0.021569120297437273,-0.08992505587672177,-0.006209173973234188,0.0016211488195655643,-0.19644715602941776,0.0027037192088419392,-0.19608291179488707,1.0,True,True,1,False,,0.0,0,,,,True,True,0.010000000000001563,0.00023573658723534396,1.0,8.57296215213574e-06,1.3125647576653566e-05,2.8572891117556956e-05,0.00021308930279447292
19.26000000000021,1786132520.5901365,0.003413800004636869,0.003966600008425303,0.01,HOLD,64,clutch active,0.0,19.26000000000021,1926,0.08,0.0,0.0,0.0,0.0,0.17364817766693036,0.9848077530122081,0.08,0.0,0.0,0.0,0.0,0.17364817766693036,0.9848077530122081,0.006085042530717979,-0.22495819035210626,0.2802278950271373,-0.12998489960129023,0.011380114958398545,0.08641360184551672,0.9876776337830379,0.006884514043405699,-0.224953354070777,0.2802349054267091,-0.13000665312093643,0.011430381380384822,0.08601348098435176,0.9877091158912861,0.006904512908639013,-0.22495323309068327,0.28023508079260273,-0.13001202005006948,0.011442790180562969,0.08591470242992222,0.9877168628214069,0.006912371235446628,-0.22495317398840714,0.2802351123808661,-0.13001188205653397,0.01144357651305908,0.08590876264348156,0.9877173885184839,0.006912371235446628,-0.22495317398840714,0.2802351123808661,-0.13001188205653397,0.01144357651305908,0.08590876264348156,0.9877173885184839,0.14180650577365092,-0.5114858176901405,0.7777595845325385,-0.07283583227072025,0.5253075230194466,-0.026172407720715808,0.14189718020499328,-0.5114795567730508,0.7777579498741454,-0.07263774805505724,0.5253047967692444,-0.02597469078465594,0.14189718020499328,-0.5114795567730508,0.7777579498741454,-0.07263774805505724,0.5253047967692444,-0.02597469078465594,0.009067443134235855,0.0006260917089677628,-0.00016346583930618974,0.01980842156629906,-0.00027262502022488776,0.019771693605983888,-0.08243130122032713,-0.005691742808797924,0.0014860530846017462,-0.1800765596936304,0.0024784092747717422,-0.17974266914531062,1.0,True,True,1,False,,0.0,0,,,,True,True,0.010000000000001563,0.00021609187163239285,1.0,7.858612543745303e-06,1.2032419771227131e-05,2.7858542820618854e-05,0.00021199830734847282
19.270000000000213,1786132520.5933025,0.004203199991025031,0.002928799993242137,0.01,HOLD,64,clutch active,0.0,19.270000000000213,1927,0.08,0.0,0.0,0.0,0.0,0.17364817766693036,0.9848077530122081,0.08,0.0,0.0,0.0,0.0,0.17364817766693036,0.9848077530122081,0.006085042530717979,-0.22495819035210626,0.2802278950271373,-0.12998489960129023,0.011380114958398545,0.08641360184551672,0.9876776337830379,0.006892372364016855,-0.22495329524808555,0.2802349379170424,-0.13000660518790857,0.011431159499059177,0.08600754412264414,0.9877096301818739,0.006912371235446628,-0.22495317398840714,0.2802351123808661,-0.13001188205653397,0.01144357651305908,0.08590876264348156,0.9877173885184839,0.006919574756102297,-0.224953119369997,0.28023514038950875,-0.13001174702822352,0.011444298182620029,0.08590331799549548,0.9877178714750185,0.006919574756102297,-0.224953119369997,0.28023514038950875,-0.13001174702822352,0.011444298182620029,0.08590331799549548,0.9877178714750185,0.14189718020499328,-0.5114795567730508,0.7777579498741454,-0.07263774805505724,0.5253047967692444,-0.02597469078465594,0.14198029843372378,-0.511473817599052,0.7777564514372851,-0.07245617085736614,0.525302297706559,-0.025793450259934396,0.14198029843372378,-0.511473817599052,0.7777564514372851,-0.07245617085736614,0.525302297706559,-0.025793450259934396,0.008311822873049416,0.0005739173998871078,-0.0001498436860306718,0.018157719769107215,-0.0002499062685394769,0.01812405247215164,-0.07556202611863212,-0.005217430908064691,0.0013622153275515813,-0.16507017971915883,0.0022718751685407313,-0.16476411338319907,1.0,True,True,1,False,,0.0,0,,,,True,True,0.010000000000001563,0.00019808421566301637,1.0,7.203782165739857e-06,1.1030227251810439e-05,2.7203714146633838e-05,0.00021099827516796784
19.280000000000214,1786132520.5963871,0.0031306000018958002,0.002882899992982857,0.01,HOLD,64,clutch active,0.0,19.280000000000214,1928,0.08,0.0,0.0,0.0,0.0,0.17364817766693036,0.9848077530122081,0.08,0.0,0.0,0.0,0.0,0.17364817766693036,0.9848077530122081,0.006085042530717979,-0.22495819035210626,0.2802278950271373,-0.12998489960129023,0.011380114958398545,0.08641360184551672,0.9876776337830379,0.006899575879000116,-0.22495324089190463,0.2802349667603699,-0.1300065525301707,0.01143187363850385,0.08600210207435445,0.9877101027139115,0.006919574756102297,-0.224953119369997,0.28023514038950875,-0.13001174702822352,0.011444298182620029,0.08590331799549548,0.9877178714750185,0.006926178029205324,-0.22495306893225267,0.2802351652681292,-0.13001161608126352,0.01144496044042361,0.08589832720084509,0.9877183150820642,0.006926178029205324,-0.22495306893225267,0.2802351652681292,-0.13001161608126352,0.01144496044042361,0.08589832720084509,0.9877183150820642,0.14198029843372378,-0.511473817599052,0.7777564514372851,-0.07245617085736614,0.525302297706559,-0.025793450259934396,0.14205649014339342,-0.511468556689553,0.7777550778701632,-0.07228972509281596,0.5253000068990974,-0.02562731311227298,0.14205649014339342,-0.511468556689553,0.7777550778701632,-0.07228972509281596,0.5253000068990974,-0.02562731311227298,0.007619170966961856,0.000526090949896508,-0.00013735671219478054,0.01664457645501471,-0.0002290807461611839,0.016613714766138765,-0.06926519060874513,-0.004782644999059231,0.0012486973835889319,-0.1513143314092268,0.002082552237828974,-0.15103377060126366,1.0,True,True,1,False,,0.0,0,,,,True,True,0.010000000000001563,0.0001815771976911018,1.0,6.6035125944433075e-06,1.0111488705083653e-05,2.660344659988275e-05,0.00021008161563411935
19.290000000000216,1786132520.5996416,0.0030873000068822876,0.003050200000870973,0.01,HOLD,64,clutch active,0.0,19.290000000000216,1929,0.08,0.0,0.0,0.0,0.0,0.17364817766693036,0.9848077530122081,0.08,0.0,0.0,0.0,0.0,0.17364817766693036,0.9848077530122081,0.006085042530717979,-0.22495819035210626,0.2802278950271373,-0.12998489960129023,0.011380114958398545,0.08641360184551672,0.9876776337830379,0.006906179146911587,-0.22495319069940317,0.28023499241049316,-0.13000649693919397,0.011432528993088817,0.08599711359504825,0.9877105367908869,0.006926178029205324,-0.22495306893225267,0.2802351652681292,-0.13001161608126352,0.01144496044042361,0.08589832720084509,0.9877183150820642,0.006932231068149903,-0.22495302238599504,0.2802351874046946,-0.13001149002100354,0.011445568121829145,0.08589375241828823,0.9877187224753781,0.006932231068149903,-0.22495302238599504,0.2802351874046946,-0.13001149002100354,0.011445568121829145,0.08589375241828823,0.9877187224753781,0.14205649014339342,-0.511468556689553,0.7777550778701632,-0.07228972509281596,0.5253000068990974,-0.02562731311227298,0.1421263325439239,-0.511463734189179,0.777753818766968,-0.07213714980864497,0.5252979069922575,-0.025475020726916688,0.1421263325439239,-0.511463734189179,0.777753818766968,-0.07213714980864497,0.5252979069922575,-0.025475020726916688,0.006984240053048268,0.0004822500374051255,-0.00012591031951188038,0.015257528417096601,-0.00020999068398108224,0.015229238535626985,-0.0634930913913488,-0.004384091249137567,0.0011446392682898379,-0.13870480379178926,0.0019090062180098658,-0.13844762305115638,1.0,True,True,1,False,,0.0,0,,,,True,True,0.010000000000001563,0.00016644576455017435,1.0,6.053258382575357e-06,9.269255123164289e-06,2.60531946668611e-05,0.00020924137302217935
19.300000000000217,1786132520.6033218,0.0034085999941453338,0.003321600001072511,0.01,HOLD,64,clutch active,0.0,19.300000000000217,1930,0.08,0.0,0.0,0.0,0.0,0.17364817766693036,0.9848077530122081,0.08,0.0,0.0,0.0,0.0,0.17364817766693036,0.9848077530122081,0.006085042530717979,-0.22495819035210626,0.2802278950271373,-0.12998489960129023,0.011380114958398545,0.08641360184551672,0.9876776337830379,0.00691223218110536,-0.2249531443819451,0.2802350152595007,-0.13000643983257829,0.011433130346061927,0.08599254087844546,0.9877109354693898,0.006932231068149903,-0.22495302238599504,0.2802351874046946,-0.13001149002100354,0.011445568121829145,0.08589375241828823,0.9877187224753781,0.006937779719683304,-0.22495297945669224,0.28023520713453615,-0.13001136940270386,0.011446125677588499,0.0858895589629916,0.9877190965523291,0.006937779719683304,-0.22495297945669224,0.28023520713453615,-0.13001136940270386,0.011446125677588499,0.0858895589629916,0.9877190965523291,0.1421263325439239,-0.511463734189179,0.777753818766968,-0.07213714980864497,0.5252979069922575,-0.025475020726916688,0.1421903547444102,-0.5114593135638361,0.7777526645890391,-0.07199728913148823,0.5252959820776544,-0.02533541937367342,0.1421903547444102,-0.5114593135638361,0.7777526645890391,-0.07199728913148823,0.5252959820776544,-0.02533541937367342,0.006402220048627488,0.0004420625342880254,-0.00011541779288588871,0.013986067715671686,-0.0001924914603159893,0.013960135324324538,-0.058202000442068906,-0.004018750311709379,0.001049252662599003,-0.12714607014247167,0.0017499223665090188,-0.12691032113022488,1.0,True,True,1,False,,0.0,0,,,,True,True,0.010000000000001563,0.0001525752841709943,1.0,5.548852676977657e-06,8.497156721926032e-06,2.5548791434426472e-05,0.00020847117305023867
19.31000000000022,1786132520.6067574,0.0035617999965325,0.00319580000359565,0.01,HOLD,64,clutch active,0.0,19.31000000000022,1931,0.08,0.0,0.0,0.0,0.0,0.17364817766693036,0.9848077530122081,0.08,0.0,0.0,0.0,0.0,0.17364817766693036,0.9848077530122081,0.006085042530717979,-0.22495819035210626,0.2802278950271373,-0.12998489960129023,0.011380114958398545,0.08641360184551672,0.9876776337830379,0.006917780828291635,-0.22495310166565977,0.280235035646716,-0.13000638232143696,0.01143368210037737,0.08598834926984507,0.9877113015750943,0.006937779719683304,-0.22495297945669224,0.28023520713453615,-0.13001136940270386,0.011446125677588499,0.0858895589629916,0.9877190965523291,0.006942866010949532,-0.22495293988474696,0.2802352247479784,-0.13001125458160653,0.011446637202996891,0.08588571504307771,0.9877194399880965,0.006942866010949532,-0.22495293988474696,0.2802352247479784,-0.13001125458160653,0.011446637202996891,0.08588571504307771,0.9877194399880965,0.1421903547444102,-0.5114593135638361,0.7777526645890391,-0.07199728913148823,0.5252959820776544,-0.02533541937367342,0.14224904176152262,-0.5114552613239385,0.7777516065926043,-0.07186908351076123,0.5252942175726015,-0.025207451466533762,0.14224904176152262,-0.5114552613239385,0.7777516065926043,-0.07186908351076123,0.5252942175726015,-0.025207451466533762,0.00586870171124178,0.0004052239897640175,-0.00010579964347872981,0.012820562072698863,-0.00017645050528965436,0.012796790713963977,-0.0533518337385624,-0.0036838544524002118,0.0009618149407157393,-0.11655056429726406,0.0016040955026332443,-0.11633446103603783,1.0,True,True,1,False,,0.0,0,,,,True,True,0.010000000000001563,0.000139860677156739,1.0,5.086475697091869e-06,7.789354417041414e-06,2.5086417068430627e-05,0.00020776517401217143
19.32000000000022,1786132520.6099317,0.0034204999974463135,0.002949600006104447,0.01,HOLD,64,clutch active,0.0,19.32000000000022,1932,0.08,0.0,0.0,0.0,0.0,0.17364817766693036,0.9848077530122081,0.08,0.0,0.0,0.0,0.0,0.17364817766693036,0.9848077530122081,0.006085042530717979,-0.22495819035210626,0.2802278950271373,-0.12998489960129023,0.011380114958398545,0.08641360184551672,0.9876776337830379,0.006922867115580253,-0.22495306229168704,0.2802350538662952,-0.13000632526627912,0.011434188307493692,0.08598450700341173,0.9877116377181588,0.006942866010949532,-0.22495293988474696,0.2802352247479784,-0.13001125458160653,0.011446637202996891,0.08588571504307771,0.9877194399880965,0.006947528467639932,-0.22495290342551996,0.28023524049681536,-0.1300111457541638,0.011447106465071,0.08588219151818068,0.9877197552511043,0.006947528467639932,-0.22495290342551996,0.28023524049681536,-0.1300111457541638,0.011447106465071,0.08588219151818068,0.9877197552511043,0.14224904176152262,-0.5114552613239385,0.7777516065926043,-0.07186908351076123,0.5252942175726015,-0.025207451466533762,0.14230283819387568,-0.5114515467706989,0.7777506367625391,-0.07175156169176147,0.5252926001096364,-0.025090147551655742,0.14230283819387568,-0.5114515467706989,0.7777506367625391,-0.07175156169176147,0.5252926001096364,-0.025090147551655742,0.005379643235304889,0.0003714553239503441,-9.698300652216762e-05,0.01175218189997379,-0.0001617462965155142,0.011730391487800145,-0.0489058475936815,-0.003376866581366813,0.0008816636956560818,-0.10683801727249052,0.0014704208774137864,-0.10663992261636648,1.0,True,True,1,False,,0.0,0,,,,True,True,0.010000000000001563,0.0001282056207270038,1.0,4.662625836473768e-06,7.140495436752753e-06,2.46625699151876e-05,0.00020711802207834428
19.330000000000222,1786132520.612995,0.0031575000029988587,0.0028546999965328723,0.01,HOLD,64,clutch active,0.0,19.330000000000222,1933,0.08,0.0,0.0,0.0,0.0,0.17364817766693036,0.9848077530122081,0.08,0.0,0.0,0.0,0.0,0.17364817766693036,0.9848077530122081,0.006085042530717979,-0.22495819035210626,0.2802278950271373,-0.12998489960129023,0.011380114958398545,0.08641360184551672,0.9876776337830379,0.006927529568631152,-0.2249530260161691,0.28023507017368315,-0.1300062693233186,0.011434652694226832,0.08598098496134729,0.9877119463079668,0.006947528467639932,-0.22495290342551996,0.28023524049681536,-0.1300111457541638,0.011447106465071,0.08588219151818068,0.9877197552511043,0.006951802405654288,-0.2249528698491482,0.2802352545998109,-0.13001104299190774,0.011447536927847182,0.08587896167817048,0.9877200446176646,0.006951802405654288,-0.2249528698491482,0.2802352545998109,-0.13001104299190774,0.011447536927847182,0.08587896167817048,0.9877200446176646,0.14230283819387568,-0.5114515467706989,0.7777506367625391,-0.07175156169176147,0.5252926001096364,-0.025090147551655742,0.14235215159019932,-0.5114481417635627,0.777749747751646,-0.07164383335767836,0.5252911174352517,-0.02498261896301756,0.14235215159019932,-0.5114481417635627,0.777749747751646,-0.07164383335767836,0.5252911174352517,-0.02498261896301756,0.004931339632362745,0.00034050071362114393,-8.890108931198571e-05,0.010772833408309155,-0.0001482674384725526,0.010752858863816647,-0.044830360294207415,-0.0030954610329195346,0.0008081917210180635,-0.09793484916644826,0.0013478858042959517,-0.09775326239833455,1.0,True,True,1,False,,0.0,0,,,,True,True,0.010000000000001563,0.00011752181899975234,1.0,4.274093169057483e-06,6.54567270206217e-06,2.4274040007521386e-05,0.0002065248103971534
19.340000000000224,1786132520.6162782,0.0030661000055260956,0.0030724999960511923,0.01,HOLD,64,clutch active,0.0,19.340000000000224,1934,0.08,0.0,0.0,0.0,0.0,0.17364817766693036,0.9848077530122081,0.08,0.0,0.0,0.0,0.0,0.17364817766693036,0.9848077530122081,0.006085042530717979,-0.22495819035210626,0.2802278950271373,-0.12998489960129023,0.011380114958398545,0.08641360184551672,0.9876776337830379,0.00693180350331529,-0.22495299261004442,0.28023508479110215,-0.13000621498281262,0.011435078687749243,0.08597775645312922,0.987712229567162,0.006951802405654288,-0.2249528698491482,0.2802352545998109,-0.13001104299190774,0.011447536927847182,0.08587896167817048,0.9877200446176646,0.006955720198476505,-0.22495283894020984,0.28023526724737535,-0.13001094626919968,0.011447931775896267,0.08587600104035993,0.9877203101858126,0.006955720198476505,-0.22495283894020984,0.28023526724737535,-0.13001094626919968,0.011447931775896267,0.08587600104035993,0.9877203101858126,0.14235215159019932,-0.5114481417635627,0.777749747751646,-0.07164383335767836,0.5252911174352517,-0.02498261896301756,0.1423973555368293,-0.5114450205070211,0.7777489328249939,-0.07154508238476885,0.5252897583170657,-0.024884051090099227,0.1423973555368293,-0.5114450205070211,0.7777489328249939,-0.07154508238476885,0.5252897583170657,-0.024884051090099227,0.004520394662999119,0.00031212565415271085,-8.149266520265241e-05,0.009875097290949918,-0.00013591181859983793,0.009856787291831787,-0.041094496936356216,-0.002837505946842866,0.0007408424109332143,-0.08977361173590963,0.0012355619872712715,-0.08960715719847206,1.0,True,True,1,False,,0.0,0,,,,True,True,0.010000000000001563,0.00010772833408310978,1.0,3.9179351604090134e-06,6.000387637670711e-06,2.3917884775710472e-05,0.00020598104165959506
19.350000000000225,1786132520.6193814,0.003286499995738268,0.002888999995775521,0.01,HOLD,64,clutch active,0.0,19.350000000000225,1935,0.08,0.0,0.0,0.0,0.0,0.17364817766693036,0.9848077530122081,0.08,0.0,0.0,0.0,0.0,0.17364817766693036,0.9848077530122081,0.006085042530717979,-0.22495819035210626,0.2802278950271373,-0.12998489960129023,0.011380114958398545,0.08641360184551672,0.9876776337830379,0.006935721293090151,-0.22495296185869526,0.28023509791222356,-0.13000616260076392,0.011435469438829532,0.08597479701314888,0.9877124895449512,0.006955720198476505,-0.22495283894020984,0.28023526724737535,-0.13001094626919968,0.011447931775896267,0.08587600104035993,0.9877203101858126,0.00695931152228561,-0.22495281049727253,0.2802352786055456,-0.13001085548589827,0.011448293936152569,0.08587328716364877,0.9877205538883383,0.00695931152228561,-0.22495281049727253,0.2802352786055456,-0.13001085548589827,0.011448293936152569,0.08587328716364877,0.9877205538883383,0.1423973555368293,-0.5114450205070211,0.7777489328249939,-0.07154508238476885,0.5252897583170657,-0.024884051090099227,0.1424387924879068,-0.5114421593551914,0.7777481858088963,-0.0714545606596018,0.5252885124587285,-0.024793697206590755,0.1424387924879068,-0.5114421593551914,0.7777481858088963,-0.0714545606596018,0.5252885124587285,-0.024793697206590755,0.004143695107749134,0.0002861151829733142,-7.470160976909698e-05,0.009052172516703963,-0.00012458583371651634,0.009035388350845676,-0.03766995552499266,-0.0026010471179392573,0.0006791055433554368,-0.08229247742458265,0.0011325984883319828,-0.08213989409859823,1.0,True,True,1,False,,0.0,0,,,,True,True,0.010000000000001563,9.875097290951151e-05,1.0,3.5914544004567502e-06,5.5005161152370695e-06,2.3591406779825645e-05,0.00020548259382789001
19.360000000000227,1786132520.6228344,0.0031199000077322125,0.0032223000016529113,0.01,HOLD,64,clutch active,0.0,19.360000000000227,1936,0.08,0.0,0.0,0.0,0.0,0.17364817766693036,0.9848077530122081,0.08,0.0,0.0,0.0,0.0,0.17364817766693036,0.9848077530122081,0.006085042530717979,-0.22495819035210626,0.2802278950271373,-0.12998489960129023,0.011380114958398545,0.08641360184551672,0.9876776337830379,0.006939312614110575,-0.22495293356148258,0.28023510970614735,-0.13000611242510127,0.011435827843408632,0.08597208421521804,0.9877127281296619,0.00695931152228561,-0.22495281049727253,0.2802352786055456,-0.13001085548589827,0.011448293936152569,0.08587328716364877,0.9877205538883383,0.006962603580654737,-0.2249527843323605,0.2802352888193742,-0.13001077048580992,0.011448626098154682,0.08587079947818886,0.9877207775050232,0.006962603580654737,-0.2249527843323605,0.2802352888193742,-0.13001077048580992,0.011448626098154682,0.08587079947818886,0.9877207775050232,0.1424387924879068,-0.5114421593551914,0.7777481858088963,-0.0714545606596018,0.5252885124587285,-0.024793697206590755,0.14247677635972786,-0.5114395366326808,0.77774750104414,-0.071371582411532,0.5252873704219194,-0.024710872813374658,0.14247677635972786,-0.5114395366326808,0.77774750104414,-0.071371582411532,0.5252873704219194,-0.024710872813374658,0.0037983871821033184,0.0002622722510588676,-6.847647562167125e-05,0.008297824806978516,-0.00011420368090680502,0.008282439321608418,-0.03453079256457611,-0.0023842931914442853,0.0006225134147424748,-0.07543477097253302,0.0010382152809709695,-0.07529490292371396,1.0,True,True,1,False,,0.0,0,,,,True,True,0.010000000000001563,9.05217251670476e-05,1.0,3.292178189384557e-06,5.042277255318835e-06,2.3292133295174784e-05,0.00020502568875231618
19.37000000000023,1786132520.626155,0.0034690999891608953,0.003073600004427135,0.01,HOLD,64,clutch active,0.0,19.37000000000023,1937,0.08,0.0,0.0,0.0,0.0,0.17364817766693036,0.9848077530122081,0.08,0.0,0.0,0.0,0.0,0.17364817766693036,0.9848077530122081,0.006085042530717979,-0.22495819035210626,0.2802278950271373,-0.12998489960129023,0.011380114958398545,0.08641360184551672,0.9876776337830379,0.006942604669927563,-0.2249529075312038,0.28023512032079406,-0.1300060646172628,0.01143615656260823,0.0859695975025399,0.9877129470605612,0.006962603580654737,-0.2249527843323605,0.2802352888193742,-0.13001077048580992,0.011448626098154682,0.08587079947818886,0.9877207775050232,0.006965621310537306,-0.2249527602703645,0.2802352980158203,-0.13001069107164673,0.011448930732793863,0.08586851912927276,0.9877209826741024,0.006965621310537306,-0.2249527602703645,0.2802352980158203,-0.13001069107164673,0.011448930732793863,0.08586851912927276,0.9877209826741024,0.14247677635972786,-0.5114395366326808,0.77774750104414,-0.071371582411532,0.5252873704219194,-0.024710872813374658,0.14251159490889714,-0.5114371324703795,0.7777468733431135,-0.07129551901746803,0.5252863235548444,-0.02463495045292657,0.14251159490889714,-0.5114371324703795,0.7777468733431135,-0.07129551901746803,0.5252863235548444,-0.02463495045292657,0.0034818549169279922,0.0002404162301372919,-6.277010265319776e-05,0.007606339406396865,-0.00010468670749790311,0.007592236044807609,-0.03165322651752765,-0.0021856020921572302,0.0005706372968472605,-0.0691485400581543,0.0009516973408900419,-0.06902032768007015,1.0,True,True,1,False,,0.0,0,,,,True,True,0.010000000000001563,8.297824806979825e-05,1.0,3.017839823187899e-06,4.6222048431090905e-06,2.301779759740748e-05,0.0002046068634287447
19.38000000000023,1786132520.629261,0.003287100000306964,0.0028923000063514337,0.01,HOLD,64,clutch active,0.0,19.38000000000023,1938,0.08,0.0,0.0,0.0,0.0,0.17364817766693036,0.9848077530122081,0.08,0.0,0.0,0.0,0.0,0.17364817766693036,0.9848077530122081,0.006085042530717979,-0.22495819035210626,0.2802278950271373,-0.12998489960129023,0.011380114958398545,0.08641360184551672,0.9876776337830379,0.006945622397474294,-0.22495288359349602,0.2802351298858012,-0.1300060192699595,0.011436458041265854,0.08596731803185631,0.9877131479389444,0.006965621310537306,-0.2249527602703645,0.2802352980158203,-0.13001069107164673,0.011448930732793863,0.08586851912927276,0.9877209826741024,0.006968387571097707,-0.2249527381484165,0.2802353063062161,-0.13001061701709452,0.011449210109664005,0.08586642883425699,0.9877211709029784,0.006968387571097707,-0.2249527381484165,0.2802353063062161,-0.13001061701709452,0.011449210109664005,0.08586642883425699,0.9877211709029784,0.14251159490889714,-0.5114371324703795,0.7777468733431135,-0.07129551901746803,0.5252863235548444,-0.02463495045292657,0.14254351191230233,-0.5114349286549366,0.7777462979505059,-0.07122579423957605,0.5252853639266923,-0.024565354955849158,0.14254351191230233,-0.5114349286549366,0.7777462979505059,-0.07122579423957605,0.5252853639266923,-0.024565354955849158,0.0031917003405172806,0.00022038154429251445,-5.753926076543046e-05,0.0069724777891970275,-9.596281520640982e-05,0.006959549707740209,-0.029015457641066604,-0.0020034685844774326,0.000523084188776648,-0.06338616171997388,0.0008723892291491927,-0.06326863370673007,1.0,True,True,1,False,,0.0,0,,,,True,True,0.010000000000001563,7.606339406397711e-05,1.0,2.7663614368474486e-06,4.2371211335076285e-06,2.2766321805203675e-05,0.00020422294367023508
19.39000000000023,1786132520.632665,0.0031000000017229468,0.0031965999951353297,0.01,HOLD,64,clutch active,0.0,19.39000000000023,1939,0.08,0.0,0.0,0.0,0.0,0.17364817766693036,0.9848077530122081,0.08,0.0,0.0,0.0,0.0,0.17364817766693036,0.9848077530122081,0.006085042530717979,-0.22495819035210626,0.2802278950271373,-0.12998489960129023,0.011380114958398545,0.08641360184551672,0.9876776337830379,0.0069483886558966606,-0.2249528615862061,0.2802351385149963,-0.13000597642176062,0.011436734525088914,0.08596522853059028,0.9877133322385148,0.006968387571097707,-0.2249527381484165,0.2802353063062161,-0.13001061701709452,0.011449210109664005,0.08586642883425699,0.9877211709029784,0.006970923316814422,-0.22495271781524465,0.28023531378837574,-0.13001054807649418,0.011449466313103653,0.08586451275142937,0.9877213435782151,0.006970923316814422,-0.22495271781524465,0.28023531378837574,-0.13001054807649418,0.011449466313103653,0.08586451275142937,0.9877213435782151,0.14254351191230233,-0.5114349286549366,0.7777462979505059,-0.07122579423957605,0.5252853639266923,-0.024565354955849158,0.14257276916542375,-0.5114329084907805,0.7777457705072822,-0.07116187985984174,0.5252844842675529,-0.024501559083528197,0.14257276916542375,-0.5114329084907805,0.7777457705072822,-0.07116187985984174,0.5252844842675529,-0.024501559083528197,0.002925725312140799,0.0002020164156014687,-5.274432236831051e-05,0.006391437973430517,-8.796591393920775e-05,0.006379587232095101,-0.026597502837644005,-0.0018365128691042872,0.00047949383971192055,-0.0581039815766419,0.0007996901267200818,-0.057996247564501745,1.0,True,True,1,False,,0.0,0,,,,True,True,0.010000000000001563,6.972477789198017e-05,1.0,2.535838275685299e-06,3.884112845177735e-06,2.253580115117692e-05,0.0002038710199889738
19.400000000000233,1786132520.6357772,0.0034165000106440857,0.0028922000055899844,0.01,HOLD,64,clutch active,0.0,19.400000000000233,1940,0.08,0.0,0.0,0.0,0.0,0.17364817766693036,0.9848077530122081,0.08,0.0,0.0,0.0,0.0,0.17364817766693036,0.9848077530122081,0.006085042530717979,-0.22495819035210626,0.2802278950271373,-0.12998489960129023,0.011380114958398545,0.08641360184551672,0.9876776337830379,0.006950924399656236,-0.22495284135874288,0.28023514630851415,-0.13000593606904187,0.01143698807651696,0.0859633131658997,0.9877135013150784,0.006970923316814422,-0.22495271781524465,0.28023531378837574,-0.13001054807649418,0.011449466313103653,0.08586451275142937,0.9877213435782151,0.006973247756165382,-0.22495269913052277,0.2802353205483987,-0.1300104839925565,0.011449701257017502,0.08586275635982345,0.9877215019748431,0.006973247756165382,-0.22495269913052277,0.2802353205483987,-0.1300104839925565,0.011449701257017502,0.08586275635982345,0.9877215019748431,0.14257276916542375,-0.5114329084907805,0.7777457705072822,-0.07116187985984174,0.5252844842675529,-0.024501559083528197,0.14259958831411837,-0.5114310566736375,0.7777452870176605,-0.07110329167841861,0.5252836779133419,-0.024443079533900652,0.14259958831411837,-0.5114310566736375,0.7777452870176605,-0.07110329167841861,0.5252836779133419,-0.024443079533900652,0.002681914869462361,0.0001851817143013437,-4.834896217095061e-05,0.0058588181423112244,-8.06354211109393e-05,0.005847954962753759,-0.024381044267839994,-0.001683470130012239,0.00043953601973592093,-0.05326198311192098,0.0007330492828267313,-0.05316322693412584,1.0,True,True,1,False,,0.0,0,,,,True,True,0.010000000000001563,6.391437973431169e-05,1.0,2.3245242767141e-06,3.5605091539391276e-06,2.2324489562774317e-05,0.00020354842549723715
19.410000000000235,1786132520.6391206,0.003139499996905215,0.003096100001130253,0.01,HOLD,64,clutch active,0.0,19.410000000000235,1941,0.08,0.0,0.0,0.0,0.0,0.17364817766693036,0.9848077530122081,0.08,0.0,0.0,0.0,0.0,0.17364817766693036,0.9848077530122081,0.006085042530717979,-0.22495819035210626,0.2802278950271373,-0.12998489960129023,0.011380114958398545,0.08641360184551672,0.9876776337830379,0.0069532488372155005,-0.22495282277142492,0.2802351533546088,-0.13000589817574434,0.01143722058937819,0.08596155742465057,0.9877136564155811,0.006973247756165382,-0.22495269913052277,0.2802353205483987,-0.1300104839925565,0.011449701257017502,0.08586275635982345,0.9877215019748431,0.006975378497095376,-0.22495268196422297,0.2802353266622153,-0.13001042450245878,0.011449916698560457,0.08586114634906415,0.9877216472650132,0.006975378497095376,-0.22495268196422297,0.2802353266622153,-0.13001042450245878,0.011449916698560457,0.08586114634906415,0.9877216472650132,0.14259958831411837,-0.5114310566736375,0.7777452870176605,-0.07110329167841861,0.5252836779133419,-0.024443079533900652,0.14262417253375512,-0.5114293591745898,0.7777448438188407,-0.07104958584544742,0.525282938755315,-0.024389473280075402,0.14262417253375512,-0.5114293591745898,0.7777448438188407,-0.07104958584544742,0.525282938755315,-0.024389473280075402,0.0024584219636737963,0.0001697499047762293,-4.431988199003743e-05,0.005370583297118546,-7.391580268502664e-05,0.005360625382524203,-0.02234929057885301,-0.0015431809525111974,0.0004029080180912551,-0.048823484519260205,0.0006719618425911608,-0.048732958022948,1.0,True,True,1,False,,0.0,0,,,,True,True,0.010000000000001563,5.858818142312483e-05,1.0,2.130818849961949e-06,3.2638615220386588e-06,2.213078644317834e-05,0.00020325271566059915
19.420000000000236,1786132520.6426888,0.003336699999636039,0.003327700003865175,0.01,HOLD,64,clutch active,0.0,19.420000000000236,1942,0.08,0.0,0.0,0.0,0.0,0.17364817766693036,0.9848077530122081,0.08,0.0,0.0,0.0,0.0,0.17364817766693036,0.9848077530122081,0.006085042530717979,-0.22495819035210626,0.2802278950271373,-0.12998489960129023,0.011380114958398545,0.08641360184551672,0.9876776337830379,0.006955379576505129,-0.22495280569483256,0.2802351597312079,-0.13000586268131872,0.011437433802422119,0.08595994800339837,0.9877137986865195,0.006975378497095376,-0.22495268196422297,0.2802353266622153,-0.13001042450245878,0.011449916698560457,0.08586114634906415,0.9877216472650132,0.006977331680366423,-0.2249526661959808,0.2802353321969124,-0.13001036934261492,0.011450114250763825,0.08585967051840657,0.9877217805260305,0.006977331680366423,-0.2249526661959808,0.2802353321969124,-0.13001036934261492,0.011450114250763825,0.08585967051840657,0.9877217805260305,0.14262417253375512,-0.5114293591745898,0.7777448438188407,-0.07104958584544742,0.525282938755315,-0.024389473280075402,0.14264670806842214,-0.511427803133796,0.7777444375532557,-0.07100035549855715,0.5252822611937903,-0.024340334214068924,0.14264670806842214,-0.511427803133796,0.7777444375532557,-0.07100035549855715,0.5252822611937903,-0.024340334214068924,0.002253553466700948,0.00015560407937820797,-4.0626558490867065e-05,0.004923034689025264,-6.775615246127346e-05,0.004913906600647116,-0.020486849697281637,-0.0014145825398019108,0.0003693323499169786,-0.044754860809321215,0.000615965022375222,-0.04467187818770169,1.0,True,True,1,False,,0.0,0,,,,True,True,0.010000000000001563,5.3705832971193135e-05,1.0,1.9532547608105244e-06,2.991925206323302e-06,2.1953224553261204e-05,0.00020298164974488962
19.430000000000238,1786132520.6458588,0.003548599997884594,0.0029489999869838357,0.01,HOLD,64,clutch active,0.0,19.430000000000238,1943,0.08,0.0,0.0,0.0,0.0,0.17364817766693036,0.9848077530122081,0.08,0.0,0.0,0.0,0.0,0.17364817766693036,0.9848077530122081,0.006085042530717979,-0.22495819035210626,0.2802278950271373,-0.12998489960129023,0.011380114958398545,0.08641360184551672,0.9876776337830379,0.0069573327582742395,-0.224952790009173,0.280235165507248,-0.1300058295071674,0.011437629311806925,0.08595847270754287,0.9877139291817575,0.006977331680366423,-0.2249526661959808,0.2802353321969124,-0.13001036934261492,0.011450114250763825,0.08585967051840657,0.9877217805260305,0.006979122101799757,-0.22495265171447626,0.28023533721187194,-0.1300103182523596,0.011450295394178531,0.08585831768420031,0.9877219027478055,0.006979122101799757,-0.22495265171447626,0.28023533721187194,-0.1300103182523596,0.011450295394178531,0.08585831768420031,0.9877219027478055,0.14264670806842214,-0.511427803133796,0.7777444375532557,-0.07100035549855715,0.5252822611937903,-0.024340334214068924,0.1426673656418669,-0.5114263767630683,0.7777440651431362,-0.07095522768057441,0.5252816400957261,-0.024295290070229653,0.1426673656418669,-0.5114263767630683,0.7777440651431362,-0.07095522768057441,0.5252816400957261,-0.024295290070229653,0.0020657573444758394,0.00014263707276335527,-3.724101194996095e-05,0.004512781798273094,-6.210980642283312e-05,0.004504414383926459,-0.018779612222507902,-0.0012967006614850664,0.00033855465409055887,-0.04102528907521053,0.0005646346038439455,-0.040949221672059305,1.0,True,True,1,False,,0.0,0,,,,True,True,0.010000000000001563,4.923034689026384e-05,1.0,1.790487021102328e-06,2.7426423046199243e-06,2.179045890232804e-05,0.0002027331738133702
19.44000000000024,1786132520.6494203,0.0031649000011384487,0.0033457000099588186,0.01,HOLD,64,clutch active,0.0,19.44000000000024,1944,0.08,0.0,0.0,0.0,0.0,0.17364817766693036,0.9848077530122081,0.08,0.0,0.0,0.0,0.0,0.17364817766693036,0.9848077530122081,0.006085042530717979,-0.22495819035210626,0.2802278950271373,-0.12998489960129023,0.011380114958398545,0.08641360184551672,0.9876776337830379,0.006959123178332282,-0.22495277560366203,0.2802351707438217,-0.1300057985618447,0.011437808582615278,0.08595712035889204,0.9877140488697786,0.006979122101799757,-0.22495265171447626,0.28023533721187194,-0.1300103182523596,0.011450295394178531,0.08585831768420031,0.9877219027478055,0.006980763324334963,-0.22495263841683844,0.2802353417597514,-0.13001027097674603,0.011450461487606547,0.08585707759507501,0.9877220148397561,0.006980763324334963,-0.22495263841683844,0.2802353417597514,-0.13001027097674603,0.011450461487606547,0.08585707759507501,0.9877220148397561,0.1426673656418669,-0.5114263767630683,0.7777440651431362,-0.07095522768057441,0.5252816400957261,-0.024295290070229653,0.14268630175085795,-0.511425069256568,0.7777437237671934,-0.07091386051409024,0.5252810707558339,-0.024253999605043656,0.14268630175085795,-0.511425069256568,0.7777437237671934,-0.07091386051409024,0.5252810707558339,-0.024253999605043656,0.0018936108991028258,0.00013075065003307382,-3.413759428746372e-05,0.004136716648416944,-5.693398922092955e-05,0.004129046518599196,-0.01721464453729866,-0.0011886422730279607,0.0003103417662496746,-0.037606514985609116,0.000517581720190276,-0.037536786532720495,1.0,True,True,1,False,,0.0,0,,,,True,True,0.010000000000001563,4.512781798274301e-05,1.0,1.64128270582684e-06,2.514126213663768e-06,2.1641256564490365e-05,0.00020250540514621908
19.45000000000024,1786132520.6525748,0.003564300001016818,0.002935800002887845,0.01,HOLD,64,clutch active,0.0,19.45000000000024,1945,0.08,0.0,0.0,0.0,0.0,0.17364817766693036,0.9848077530122081,0.08,0.0,0.0,0.0,0.0,0.17364817766693036,0.9848077530122081,0.006085042530717979,-0.22495819035210626,0.2802278950271373,-0.12998489960129023,0.011380114958398545,0.08641360184551672,0.9876776337830379,0.006960764399608071,-0.2249527623759296,0.2802351754951675,-0.13000576974523032,0.011437972959468934,0.08595588071093342,0.9877141586404118,0.006980763324334963,-0.22495263841683844,0.2802353417597514,-0.13001027097674603,0.011450461487606547,0.08585707759507501,0.9877220148397561,0.006982267780753594,-0.22495262620807294,0.2802353458873269,-0.13001022726862677,0.01145061377798688,0.08585594085420249,0.9877221176371962,0.006982267780753594,-0.22495262620807294,0.2802353458873269,-0.13001022726862677,0.01145061377798688,0.08585594085420249,0.9877221176371962,0.14268630175085795,-0.511425069256568,0.7777437237671934,-0.07091386051409024,0.5252810707558339,-0.024253999605043656,0.14270365985076638,-0.5114238707089428,0.7777434108392457,-0.07087594061147974,0.5252805488609327,-0.02421615001195649,0.14270365985076638,-0.5114238707089428,0.7777434108392457,-0.07087594061147974,0.5252805488609327,-0.02421615001195649,0.0017358099908442322,0.00011985476253031596,-3.129279476350796e-05,0.0037919902610488113,-5.2189490119184676e-05,0.0037849593087158754,-0.015780090825856883,-0.0010895887502756151,0.000284479952395531,-0.034472638736807865,0.00047444991017441294,-0.03440872098832663,1.0,True,True,1,False,,0.0,0,,,,True,True,0.010000000000001563,4.1367166484174156e-05,1.0,1.5045116172352762e-06,2.3046473782847298e-06,2.150448734247817e-05,0.00020229661796055488
19.460000000000242,1786132520.6561134,0.0031928999960655347,0.0032817000028444454,0.01,HOLD,64,clutch active,0.0,19.460000000000242,1946,0.08,0.0,0.0,0.0,0.0,0.17364817766693036,0.9848077530122081,0.08,0.0,0.0,0.0,0.0,0.17364817766693036,0.9848077530122081,0.006085042530717979,-0.22495819035210626,0.2802278950271373,-0.12998489960129023,0.011380114958398545,0.08641360184551672,0.9876776337830379,0.006962268854873317,-0.22495275023144845,0.2802351798095213,-0.13000574295185996,0.01143812367630759,0.08595474437116983,0.9877142593110557,0.006982267780753594,-0.22495262620807294,0.2802353458873269,-0.13001022726862677,0.01145061377798688,0.08585594085420249,0.9877221176371962,0.006983646867845233,-0.22495261500051722,0.28023534963622265,-0.13001018689015062,0.01145075340949924,0.08585489884804412,0.9877222119072422,0.006983646867845233,-0.22495261500051722,0.28023534963622265,-0.13001018689015062,0.01145075340949924,0.08585489884804412,0.9877222119072422,0.14270365985076638,-0.5114238707089428,0.7777434108392457,-0.07087594061147974,0.5252805488609327,-0.02421615001195649,0.14271957144234912,-0.5114227720402863,0.777743123988627,-0.07084118070075346,0.5252800704572732,-0.02418145455162659,0.14271957144234912,-0.5114227720402863,0.777743123988627,-0.07084118070075346,0.5252800704572732,-0.02418145455162659,0.0015911591582738569,0.00010986686565278807,-2.8685061866548557e-05,0.0034759910726280276,-4.784036594258527e-05,0.003469546032989503,-0.01446508325703527,-0.000998789687752633,0.00026077328969589965,-0.03159991884207343,0.0004349124176598723,-0.0315413275726323,1.0,True,True,1,False,,0.0,0,,,,True,True,0.010000000000001563,3.79199026104976e-05,1.0,1.3791377269326814e-06,2.1126202273373865e-06,2.1379115209490422e-05,0.0002021052303238391
19.470000000000244,1786132520.6593575,0.0035099999950034544,0.003015800000866875,0.01,HOLD,64,clutch active,0.0,19.470000000000244,1947,0.08,0.0,0.0,0.0,0.0,0.17364817766693036,0.9848077530122081,0.08,0.0,0.0,0.0,0.0,0.17364817766693036,0.9848077530122081,0.006085042530717979,-0.22495819035210626,0.2802278950271373,-0.12998489960129023,0.011380114958398545,0.08641360184551672,0.9876776337830379,0.006963647940908606,-0.22495273908299096,0.280235183729854,-0.13000571807355946,0.011438261865394303,0.08595370272993069,0.9877143516324401,0.006983646867845233,-0.22495261500051722,0.28023534963622265,-0.13001018689015062,0.01145075340949924,0.08585489884804412,0.9877222119072422,0.006984911032728549,-0.22495260471332218,0.2802353530435401,-0.1300101496137935,0.01145088143194375,0.08585394368104257,0.9877222983542707,0.006984911032728549,-0.22495260471332218,0.2802353530435401,-0.1300101496137935,0.01145088143194375,0.08585394368104257,0.9877222983542707,0.14271957144234912,-0.5114227720402863,0.777743123988627,-0.07084118070075346,0.5252800704572732,-0.02418145455162659,0.14273415706796663,-0.5114217649273511,0.7777428610422266,-0.07080931744925437,0.5252796319205854,-0.024149650379657515,0.14273415706796663,-0.5114217649273511,0.7777428610422266,-0.07080931744925437,0.5252796319205854,-0.024149650379657515,0.0014585625617510147,0.0001007112935150543,-2.6294640044335802e-05,0.00318632514990898,-4.3853668780702545e-05,0.0031804171969069994,-0.013259659652282142,-0.0009155572137732339,0.00023904218222123798,-0.02896659227190023,0.0003986697161882106,-0.02891288360824586,1.0,True,True,1,False,,0.0,0,,,,True,True,0.010000000000001563,3.475991072628137e-05,1.0,1.264211330594533e-06,1.9365911934816652e-06,2.1264190463676204e-05,0.00020192979215870427
19.480000000000246,1786132520.6624496,0.0032333000126527622,0.0028744000010192394,0.01,HOLD,64,clutch active,0.0,19.480000000000246,1948,0.08,0.0,0.0,0.0,0.0,0.17364817766693036,0.9848077530122081,0.08,0.0,0.0,0.0,0.0,0.17364817766693036,0.9848077530122081,0.006085042530717979,-0.22495819035210626,0.2802278950271373,-0.12998489960129023,0.011380114958398545,0.08641360184551672,0.9876776337830379,0.006964912104824383,-0.22495272885011228,0.28023518729450897,-0.1300056950015098,0.011438388565605067,0.0859527478951188,0.9877144362939497,0.006984911032728549,-0.22495260471332218,0.2802353530435401,-0.1300101496137935,0.01145088143194375,0.08585394368104257,0.9877222983542707,0.006986069851980744,-0.2249525952719636,0.280235356142403,-0.13001011522301367,0.011450998808451454,0.08585306811576066,0.987722377624957,0.006986069851980744,-0.2249525952719636,0.280235356142403,-0.13001011522301367,0.011450998808451454,0.08585306811576066,0.987722377624957,0.14273415706796663,-0.5114217649273511,0.7777428610422266,-0.07080931744925437,0.5252796319205854,-0.024149650379657515,0.14274752722478268,-0.511420841740494,0.7777426200080262,-0.07078010946871353,0.5252792299286215,-0.02412049655535253,0.14274752722478268,-0.511420841740494,0.7777426200080262,-0.07078010946871353,0.5252792299286215,-0.02412049655535253,0.0013370156816050777,9.231868572213179e-05,-2.410342004064081e-05,0.0029207980540831902,-4.01991963823101e-05,0.0029153824304980415,-0.01215468801459179,-0.0008392607792921191,0.00021912200036946502,-0.026552709582574833,0.00036544723983918787,-0.026503476640891664,1.0,True,True,1,False,,0.0,0,,,,True,True,0.010000000000001563,3.1863251499092415e-05,1.0,1.1588618560730834e-06,1.7752277317380264e-06,2.1158842536056537e-05,0.00020176897425002078
19.490000000000247,1786132520.6679547,0.0030835999932605773,0.005296599993016571,0.01,HOLD,64,clutch active,0.0,19.490000000000247,1949,0.08,0.0,0.0,0.0,0.0,0.17364817766693036,0.9848077530122081,0.08,0.0,0.0,0.0,0.0,0.17364817766693036,0.9848077530122081,0.006085042530717979,-0.22495819035210626,0.2802278950271373,-0.12998489960129023,0.011380114958398545,0.08641360184551672,0.9876776337830379,0.006966070923190331,-0.22495271945866327,0.2802351905377545,-0.1300056736278451,0.011438504730056757,0.0859518726323972,0.9877145139285415,0.006986069851980744,-0.2249525952719636,0.280235356142403,-0.13001011522301367,0.011450998808451454,0.08585306811576066,0.987722377624957,0.006987132104174499,-0.2249525866077805,0.28023535896243124,-0.13001008351261137,0.011451106422576997,0.08585226551801362,0.9877224503129243,0.006987132104174499,-0.2249525866077805,0.28023535896243124,-0.13001008351261137,0.011451106422576997,0.08585226551801362,0.9877224503129243,0.14274752722478268,-0.511420841740494,0.7777426200080262,-0.07078010946871353,0.5252792299286215,-0.02412049655535253,0.14275978320186405,-0.5114199954858748,0.7777423990600092,-0.0707533354865511,0.525278861435988,-0.024093772216406295,0.14275978320186405,-0.5114199954858748,0.7777423990600092,-0.0707533354865511,0.525278861435988,-0.024093772216406295,0.0012255977081379705,8.462546191195294e-05,-2.209480170392043e-05,0.0026773982162428865,-3.68492633504504e-05,0.002672433894623167,-0.011141797346708981,-0.000769322381017765,0.00020086183367200674,-0.024339983784026586,0.0003349933031859175,-0.02429485358748368,1.0,True,True,1,False,,0.0,0,,,,True,True,0.010000000000001563,2.92079805408324e-05,1.0,1.062291270681072e-06,1.6273082483372368e-06,2.1062273397633755e-05,0.0002016215581680806
19.50000000000025,1786132520.6733005,0.005660900002112612,0.004981000005500391,0.01,HOLD,64,clutch active,0.0,19.50000000000025,1950,0.08,0.0,0.0,0.0,0.0,0.17364817766693036,0.9848077530122081,0.08,0.0,0.0,0.0,0.0,0.17364817766693036,0.9848077530122081,0.006085042530717979,-0.22495819035210626,0.2802278950271373,-0.12998489960129023,0.011380114958398545,0.08641360184551672,0.9876776337830379,0.006967133174572257,-0.22495271084033078,0.28023519349026427,-0.1300056538468711,0.011438611233124016,0.08595107031036281,0.9877145851172838,0.006987132104174499,-0.2249525866077805,0.28023535896243124,-0.13001008351261137,0.011451106422576997,0.08585226551801362,0.9877224503129243,0.006988105836371345,-0.22495257865754223,0.2802353615301504,-0.13001005428885398,0.011451205084820863,0.08585152980657716,0.987722516963031,0.006988105836371345,-0.22495257865754223,0.2802353615301504,-0.13001005428885398,0.011451205084820863,0.08585152980657716,0.987722516963031,0.14275978320186405,-0.5114199954858748,0.7777423990600092,-0.0707533354865511,0.525278861435988,-0.024093772216406295,0.142771017847522,-0.511419219752474,0.7777421965243269,-0.07072879266956887,0.525278523651074,-0.024069274905705578,0.142771017847522,-0.511419219752474,0.7777421965243269,-0.07072879266956887,0.525278523651074,-0.024069274905705578,0.0011234645657931237,7.757334008595576e-05,-2.0253568228593438e-05,0.0024542816982226112,-3.377849140457906e-05,0.0024497310700712016,-0.010213314234483089,-0.0007052121825996078,0.00018412334753267024,-0.022311651802024057,0.0003070771945870867,-0.02227028245519306,1.0,True,True,1,False,,0.0,0,,,,True,True,0.010000000000001563,2.6773982162428545e-05,1.0,9.737680373913835e-07,1.4917128689090507e-06,2.0973751515449894e-05,0.00020148642703319165
19.51000000000025,1786132520.6768434,0.005262899998342618,0.003260700003011152,0.01,HOLD,64,clutch active,0.0,19.51000000000025,1951,0.08,0.0,0.0,0.0,0.0,0.17364817766693036,0.9848077530122081,0.08,0.0,0.0,0.0,0.0,0.17364817766693036,0.9848077530122081,0.006085042530717979,-0.22495819035210626,0.2802278950271373,-0.12998489960129023,0.011380114958398545,0.08641360184551672,0.9876776337830379,0.006968106906025404,-0.22495270293220604,0.2802351961795346,-0.13000563555597394,0.011438708876892068,0.08595033485029105,0.9877146503935436,0.006988105836371345,-0.22495257865754223,0.2802353615301504,-0.13001005428885398,0.011451205084820863,0.08585152980657716,0.987722516963031,0.006988998425075187,-0.22495257136304234,0.2802353638693506,-0.13001002736942013,0.011451295538625481,0.08585085540708993,0.987722578075322,0.006988998425075187,-0.22495257136304234,0.2802353638693506,-0.13001002736942013,0.011451295538625481,0.08585085540708993,0.987722578075322,0.142771017847522,-0.511419219752474,0.7777421965243269,-0.07072879266956887,0.525278523651074,-0.024069274905705578,0.14278131627270843,-0.5114185086635231,0.7777420108666181,-0.07070629508733516,0.5252782140149027,-0.024046819037563255,0.14278131627270843,-0.5114185086635231,0.7777420108666181,-0.07070629508733516,0.5252782140149027,-0.024046819037563255,0.001029842518643682,7.110889507879176e-05,-1.856577087621039e-05,0.002249758223370695,-3.0963617120863696e-05,0.0022455868142319028,-0.009362204714942698,-0.000646444500716298,0.00016877973523827866,-0.020452347485188427,0.00028148742837149217,-0.02041442558392668,1.0,True,True,1,False,,0.0,0,,,,True,True,0.010000000000001563,2.454281698223426e-05,1.0,8.926215748074833e-07,1.367414973118297e-06,2.0892606312441472e-05,0.0002013625570505746
19.520000000000252,1786132520.6802506,0.0034771000064210966,0.003191099996911362,0.01,HOLD,64,clutch active,0.0,19.520000000000252,1952,0.08,0.0,0.0,0.0,0.0,0.17364817766693036,0.9848077530122081,0.08,0.0,0.0,0.0,0.0,0.17364817766693036,0.9848077530122081,0.006085042530717979,-0.22495819035210626,0.2802278950271373,-0.12998489960129023,0.011380114958398545,0.08641360184551672,0.9876776337830379,0.006968999494047926,-0.22495269567638046,0.28023519863024854,-0.13000561865627894,0.011438798397089125,0.08594966068006961,0.9877147102468454,0.006988998425075187,-0.22495257136304234,0.2802353638693506,-0.13001002736942013,0.011451295538625481,0.08585085540708993,0.987722578075322,0.006989816632107137,-0.22495256467071892,0.2802353660013979,-0.13001000258320522,0.011451378465886234,0.08585023720980015,0.9877226341086688,0.006989816632107137,-0.22495256467071892,0.2802353660013979,-0.13001000258320522,0.011451378465886234,0.08585023720980015,0.9877226341086688,0.14278131627270843,-0.5114185086635231,0.7777420108666181,-0.07070629508733516,0.5252782140149027,-0.024046819037563255,0.142790756495796,-0.5114178568319849,0.7777418406803851,-0.07068567230362093,0.5252779301817457,-0.024026234491766125,0.142790756495796,-0.5114178568319849,0.7777418406803851,-0.07068567230362093,0.5252779301817457,-0.024026234491766125,0.0009440223087566951,6.518315382222486e-05,-1.7018623303192614e-05,0.002062278371423108,-2.8383315694124653e-05,0.0020584545797125483,-0.00858202098869735,-0.0005925741256565981,0.00015471475730175323,-0.018747985194755793,0.00025803014267386417,-0.018713223451932524,1.0,True,True,1,False,,0.0,0,,,,True,True,0.010000000000001563,2.2497582233715896e-05,1.0,8.182371782993885e-07,1.2534734334133347e-06,2.0818223088468742e-05,0.00020124900975059735
19.530000000000253,1786132520.6833463,0.0034047999943140894,0.00288169999839738,0.01,HOLD,64,clutch active,0.0,19.530000000000253,1953,0.08,0.0,0.0,0.0,0.0,0.17364817766693036,0.9848077530122081,0.08,0.0,0.0,0.0,0.0,0.17364817766693036,0.9848077530122081,0.006085042530717979,-0.22495819035210626,0.2802278950271373,-0.12998489960129023,0.011380114958398545,0.08641360184551672,0.9876776337830379,0.006969817700455676,-0.2249526890195673,0.28023520086459375,-0.13000560305310843,0.011438880468539038,0.08594904269197304,0.9877147651264294,0.006989816632107137,-0.22495256467071892,0.2802353660013979,-0.13001000258320522,0.011451378465886234,0.08585023720980015,0.9877226341086688,0.006990566655825002,-0.22495255853130097,0.28023536794550674,-0.13000997977002127,0.01145145449201561,0.08584967053083556,0.9877226854841206,0.006990566655825002,-0.22495255853130097,0.28023536794550674,-0.13000997977002127,0.01145145449201561,0.08584967053083556,0.9877226854841206,0.142790756495796,-0.5114178568319849,0.7777418406803851,-0.07068567230362093,0.5252779301817457,-0.024026234491766125,0.14279941003362628,-0.5114172593197416,0.7777416846763382,-0.07066676808521621,0.5252776700013518,-0.024007365324785424,0.14279941003362628,-0.5114172593197416,0.7777416846763382,-0.07066676808521621,0.5252776700013518,-0.024007365324785424,0.0008653537830269582,5.97512243370386e-05,-1.560040469459301e-05,0.0018904218404711553,-2.601803938628056e-05,0.0018869166980698092,-0.00786685257297246,-0.0005431929485185405,0.00014182186085993847,-0.017185653095192564,0.0002365276307843721,-0.017153788164271235,1.0,True,True,1,False,,0.0,0,,,,True,True,0.010000000000001563,2.062278371423032e-05,1.0,7.500513644892566e-07,1.1490254995557392e-06,2.0750038364721928e-05,0.00020114492487695475
19.540000000000255,1786132520.6863413,0.0030841999978292733,0.0027925000031245872,0.01,HOLD,64,clutch active,0.0,19.540000000000255,1954,0.08,0.0,0.0,0.0,0.0,0.17364817766693036,0.9848077530122081,0.08,0.0,0.0,0.0,0.0,0.17364817766693036,0.9848077530122081,0.006085042530717979,-0.22495819035210626,0.2802278950271373,-0.12998489960129023,0.011380114958398545,0.08641360184551672,0.9876776337830379,0.006970567723601647,-0.22495268291274975,0.2802352029025401,-0.13000558865627798,0.011438955710171905,0.08594847620395689,0.9877148154445257,0.006990566655825002,-0.22495255853130097,0.28023536794550674,-0.13000997977002127,0.01145145449201561,0.08584967053083556,0.9877226854841206,0.006991254178075074,-0.22495255289947752,0.28023536971897856,-0.13000995878022137,0.011451524190595546,0.08584915107670298,0.9877227325879904,0.006991254178075074,-0.22495255289947752,0.28023536971897856,-0.13000995878022137,0.011451524190595546,0.08584915107670298,0.9877227325879904,0.14279941003362628,-0.5114172593197416,0.7777416846763382,-0.07066676808521621,0.5252776700013518,-0.024007365324785424,0.14280734244330404,-0.5114167116001852,0.7777415416726285,-0.07064943921834523,0.5252774315026575,-0.023990068588386447,0.14280734244330404,-0.5114167116001852,0.7777415416726285,-0.07064943921834523,0.5252774315026575,-0.023990068588386447,0.0007932409677747004,5.4771955642284606e-05,-1.4300370970043387e-05,0.0017328866870985344,-2.3849869437423506e-05,0.0017296736398973004,-0.007211281525224652,-0.0004979268694753217,0.00013000337245494173,-0.01575351533725963,0.00021681699488567134,-0.015724305817248412,1.0,True,True,1,False,,0.0,0,,,,True,True,0.010000000000001563,1.8904218404711126e-05,1.0,6.875476034298271e-07,1.0532802744684534e-06,2.0687535615831005e-05,0.00020104951386756394
19.550000000000257,1786132520.6903458,0.0029938000079710037,0.0038035000034142286,0.01,HOLD,64,clutch active,0.0,19.550000000000257,1955,0.08,0.0,0.0,0.0,0.0,0.17364817766693036,0.9848077530122081,0.08,0.0,0.0,0.0,0.0,0.17364817766693036,0.9848077530122081,0.006085042530717979,-0.22495819035210626,0.2802278950271373,-0.12998489960129023,0.011380114958398545,0.08641360184551672,0.9876776337830379,0.006971255245327728,-0.2249526773108513,0.2802352047620837,-0.13000557538026472,0.011439024689627354,0.08594795692417846,0.987714861579371,0.006991254178075074,-0.22495255289947752,0.28023536971897856,-0.13000995878022137,0.011451524190595546,0.08584915107670298,0.9877227325879904,0.006991884407231839,-0.22495254773359175,0.28023537133741133,-0.13000993947426998,0.011451588087650824,0.08584867491174776,0.987722775774693,0.006991884407231839,-0.22495254773359175,0.28023537133741133,-0.13000993947426998,0.011451588087650824,0.08584867491174776,0.987722775774693,0.14280734244330404,-0.5114167116001852,0.7777415416726285,-0.07064943921834523,0.5252774315026575,-0.023990068588386447,0.14281461381884197,-0.5114162095239252,0.7777414105858946,-0.07063355442371348,0.5252772128788543,-0.023974213246687387,0.14281461381884197,-0.5114162095239252,0.7777414105858946,-0.07063355442371348,0.5252772128788543,-0.023974213246687387,0.0007271375537934651,5.020762600542684e-05,-1.3108673389206252e-05,0.001588479463173634,-2.1862380317637902e-05,0.0015855341699058361,-0.006610341398122503,-0.00045643296368570507,0.0001191697580836949,-0.014440722392487787,0.00019874891197852924,-0.01441394699914417,1.0,True,True,1,False,,0.0,0,,,,True,True,0.010000000000001563,1.732886687098867e-05,1.0,6.302524063710887e-07,9.655127327893923e-07,2.063024135757996e-05,0.00020096205387846154
19.560000000000258,1786132520.6936471,0.004065199987962842,0.003039200004423037,0.01,HOLD,64,clutch active,0.0,19.560000000000258,1956,0.08,0.0,0.0,0.0,0.0,0.17364817766693036,0.9848077530122081,0.08,0.0,0.0,0.0,0.0,0.17364817766693036,0.9848077530122081,0.006085042530717979,-0.22495819035210626,0.2802278950271373,-0.12998489960129023,0.011380114958398545,0.08641360184551672,0.9876776337830379,0.006971885474004373,-0.22495267217243145,0.28023520645946093,-0.13000556314427542,0.01143908792748296,0.08594748091847522,0.9877149038779842,0.006991884407231839,-0.22495254773359175,0.28023537133741133,-0.13000993947426998,0.011451588087650824,0.08584867491174776,0.987722775774693,0.006992462117651577,-0.22495254299535566,0.2802353728148828,-0.13000992172227627,0.01145164666557376,0.0858482384283265,0.9877228153693564,0.006992462117651577,-0.22495254299535566,0.2802353728148828,-0.13000992172227627,0.01145164666557376,0.0858482384283265,0.9877228153693564,0.14281461381884197,-0.5114162095239252,0.7777414105858946,-0.07063355442371348,0.5252772128788543,-0.023974213246687387,0.1428212792464184,-0.5114157492873534,0.7777412904230552,-0.07061899336196772,0.5252770124737014,-0.02395967918346325,0.1428212792464184,-0.5114157492873534,0.7777412904230552,-0.07061899336196772,0.5252770124737014,-0.02395967918346325,0.0006665427576440002,4.6023657171640615e-05,-1.201628394010556e-05,0.0014561061745758106,-2.0040515291167792e-05,0.0014534063224136626,-0.006059479614945543,-0.000418396883378557,0.0001092389449100521,-0.013237328859780285,0.00018218650264698253,-0.013212784749215301,1.0,True,True,1,False,,0.0,0,,,,True,True,0.010000000000001563,1.5884794631743082e-05,1.0,5.777317395449215e-07,8.850582370233322e-07,2.057772156064276e-05,0.00020088188230651076
19.57000000000026,1786132520.6971166,0.0032590000046184286,0.0032497999927727506,0.01,HOLD,64,clutch active,0.0,19.57000000000026,1957,0.08,0.0,0.0,0.0,0.0,0.17364817766693036,0.9848077530122081,0.08,0.0,0.0,0.0,0.0,0.17364817766693036,0.9848077530122081,0.006085042530717979,-0.22495819035210626,0.2802278950271373,-0.12998489960129023,0.011380114958398545,0.08641360184551672,0.9876776337830379,0.006972463183984177,-0.22495266745940148,0.2802352080093361,-0.13000555187223473,0.01143914590113768,0.08594704458055408,0.987714942658719,0.006992462117651577,-0.22495254299535566,0.2802353728148828,-0.13000992172227627,0.01145164666557376,0.0858482384283265,0.9877228153693564,0.006992991685838314,-0.22495253864958528,0.2802353741641128,-0.13000990540350807,0.011451700366727746,0.08584783831946634,0.9877228516702226,0.006992991685838314,-0.22495253864958528,0.2802353741641128,-0.13000990540350807,0.011451700366727746,0.08584783831946634,0.9877228516702226,0.1428212792464184,-0.5114157492873534,0.7777412904230552,-0.07061899336196772,0.5252770124737014,-0.02395967918346325,0.14282738922169683,-0.5114153274038293,0.7777411802737857,-0.07060564572203411,0.5252768287689779,-0.023946356292174457,0.14282738922169683,-0.5114153274038293,0.7777411802737857,-0.07060564572203411,0.5252768287689779,-0.023946356292174457,0.0006109975278403248,4.218835240733663e-05,-1.1014926945096607e-05,0.0013347639933611408,-1.837047235023688e-05,0.0013322891288791718,-0.005554522980366668,-0.00038353047643033847,0.00010013569950087967,-0.012134218121465088,0.00016700429409306495,-0.012111719353447188,1.0,True,True,1,False,,0.0,0,,,,True,True,0.010000000000001563,1.4561061745757553e-05,1.0,5.295877363997937e-07,8.113075101539731e-07,2.0529578362788623e-05,0.00020080839176927245
19.58000000000026,1786132520.7002373,0.0034678999945754185,0.002902899999753572,0.01,HOLD,64,clutch active,0.0,19.58000000000026,1958,0.08,0.0,0.0,0.0,0.0,0.17364817766693036,0.9848077530122081,0.08,0.0,0.0,0.0,0.0,0.17364817766693036,0.9848077530122081,0.006085042530717979,-0.22495819035210626,0.2802278950271373,-0.12998489960129023,0.011380114958398545,0.08641360184551672,0.9876776337830379,0.006972992751767788,-0.2249526631367611,0.2802352094249681,-0.1300055414927145,0.011439199048377587,0.08594664460466507,0.9877149782136126,0.006992991685838314,-0.22495253864958528,0.2802353741641128,-0.13000990540350807,0.011451700366727746,0.08584783831946634,0.9877228516702226,0.00699347712359661,-0.22495253466395654,0.2802353753966057,-0.13000989040589425,0.011451749596755838,0.08584747155380384,0.9877228849508548,0.00699347712359661,-0.22495253466395654,0.2802353753966057,-0.13000989040589425,0.011451749596755838,0.08584747155380384,0.9877228849508548,0.14282738922169683,-0.5114153274038293,0.7777411802737857,-0.07060564572203411,0.5252768287689779,-0.023946356292174457,0.14283299003236868,-0.5114149406772656,0.777741079303622,-0.0705934103854283,0.5252766603729813,-0.023934143641826396,0.14283299003236868,-0.5114149406772656,0.777741079303622,-0.0705934103854283,0.5252766603729813,-0.023934143641826396,0.0005600810671869564,3.867265637339136e-05,-1.0097016366338413e-05,0.0012235336605810284,-1.6839599654383568e-05,0.0012212650348058902,-0.00509164606533604,-0.00035156960339447196,9.179105787580506e-05,-0.011123033278009507,0.00015308726958530736,-0.011102409407326432,1.0,True,True,1,False,,0.0,0,,,,True,True,0.010000000000001563,1.3347639933616873e-05,1.0,4.8545568433687e-07,7.437020256828768e-07,2.048544705559171e-05,0.00020074102550137062
19.590000000000263,1786132520.7033293,0.0031100000051083043,0.0028846999921370298,0.01,HOLD,64,clutch active,0.0,19.590000000000263,1959,0.08,0.0,0.0,0.0,0.0,0.17364817766693036,0.9848077530122081,0.08,0.0,0.0,0.0,0.0,0.17364817766693036,0.9848077530122081,0.006085042530717979,-0.22495819035210626,0.2802278950271373,-0.12998489960129023,0.011380114958398545,0.08641360184551672,0.9876776337830379,0.006973478189156676,-0.22495265917235527,0.28023521071835616,-0.13000553193881692,0.011439247770649833,0.08594627796055358,0.9877150108105447,0.00699347712359661,-0.22495253466395654,0.2802353753966057,-0.13000989040589425,0.011451749596755838,0.08584747155380384,0.9877228849508548,0.006993922108421702,-0.22495253100877802,0.2802353765227766,-0.13000987662552707,0.011451794727617948,0.08584713535261301,0.9877229154621664,0.006993922108421702,-0.22495253100877802,0.2802353765227766,-0.13000987662552707,0.011451794727617948,0.08584713535261301,0.9877229154621664,0.14283299003236868,-0.5114149406772656,0.777741079303622,-0.0705934103854283,0.5252766603729813,-0.023934143641826396,0.1428381241088179,-0.5114145861779155,0.7777409867476387,-0.07058219466020631,0.5252765060099844,-0.023922948712340672,0.1428381241088179,-0.5114145861779155,0.7777409867476387,-0.07058219466020631,0.5252765060099844,-0.023922948712340672,0.0005134076449213695,3.5449935008941574e-05,-9.25559833581008e-06,0.0011215725221992601,-1.5436299683184717e-05,0.00111949294857205,-0.004667342226557971,-0.000322272136444928,8.414180305282012e-05,-0.010196113838175237,0.00014032999711986307,-0.010177208623382419,1.0,True,True,1,False,,0.0,0,,,,True,True,0.010000000000001563,1.2235336605811997e-05,1.0,4.4500126196765726e-07,6.817297825139951e-07,2.0444993321672673e-05,0.0002006792731373392
19.600000000000264,1786132520.7070355,0.0030894999945303425,0.0035020000068470836,0.01,HOLD,64,clutch active,0.0,19.600000000000264,1960,0.08,0.0,0.0,0.0,0.0,0.17364817766693036,0.9848077530122081,0.08,0.0,0.0,0.0,0.0,0.17364817766693036,0.9848077530122081,0.006085042530717979,-0.22495819035210626,0.2802278950271373,-0.12998489960129023,0.011380114958398545,0.08641360184551672,0.9876776337830379,0.006973923173643249,-0.22495265553664825,0.28023521190037004,-0.1300055231480245,0.011439292436068019,0.08594594187049957,0.9877150406952216,0.006993922108421702,-0.22495253100877802,0.2802353765227766,-0.13000987662552707,0.011451794727617948,0.08584713535261301,0.9877229154621664,0.006994330011357287,-0.2249525276567813,0.2802353775520629,-0.1300098639661688,0.011451836100378521,0.08584682716874843,0.9877229434342848,0.006994330011357287,-0.2249525276567813,0.2802353775520629,-0.1300098639661688,0.011451836100378521,0.08584682716874843,0.9877229434342848,0.1428381241088179,-0.5114145861779155,0.7777409867476387,-0.07058219466020631,0.5252765060099844,-0.023922948712340672,0.14284283034556303,-0.5114142612201779,0.777740901904654,-0.07057191357875281,0.5252763645105707,-0.023912686693645428,0.14284283034556303,-0.5114142612201779,0.777740901904654,-0.07057191357875281,0.5252763645105707,-0.023912686693645428,0.00047062367451124865,3.2495773758195984e-05,-8.484298474492454e-06,0.001028108145349307,-1.4149941376252456e-05,0.0010262018695243646,-0.004278397041011413,-0.00029541612507451314,7.712998613175068e-05,-0.009346437684993835,0.00012863583069320597,-0.009329107904767084,1.0,True,True,1,False,,0.0,0,,,,True,True,0.010000000000001563,1.1215725221988548e-05,1.0,4.079180066765602e-07,6.249214301432857e-07,2.040791070224452e-05,0.0002006226668435125
19.610000000000266,1786132520.7104805,0.0037718000094173476,0.0031744000007165596,0.01,HOLD,64,clutch active,0.0,19.610000000000266,1961,0.08,0.0,0.0,0.0,0.0,0.17364817766693036,0.9848077530122081,0.08,0.0,0.0,0.0,0.0,0.17364817766693036,0.9848077530122081,0.006085042530717979,-0.22495819035210626,0.2802278950271373,-0.12998489960129023,0.011380114958398545,0.08641360184551672,0.9876776337830379,0.006974331076268613,-0.2249526522025148,0.2802352129808646,-0.13000551506202493,0.011439333382170774,0.0859456337882711,0.987715068093001,0.006994330011357287,-0.2249525276567813,0.2802353775520629,-0.1300098639661688,0.011451836100378521,0.08584682716874843,0.9877229434342848,0.006994703922532233,-0.22495252458292758,0.28023537849302355,-0.13000985233877127,0.011451874027765032,0.08584654466734366,0.9877229690782638,0.006994703922532233,-0.22495252458292758,0.28023537849302355,-0.13000985233877127,0.011451874027765032,0.08584654466734366,0.9877229690782638,0.14284283034556303,-0.5114142612201779,0.777740901904654,-0.07057191357875281,0.5252763645105707,-0.023912686693645428,0.1428471443959127,-0.5114139633422518,0.7777408241319179,-0.0705624892540871,0.5252762348027747,-0.023903279843174786,0.1428471443959127,-0.5114139633422518,0.7777408241319179,-0.0705624892540871,0.5252762348027747,-0.023903279843174786,0.0004314050349686385,2.978779261167923e-05,-7.777273601617972e-06,0.0009424324665701847,-1.29707795948979e-05,0.0009406850470639876,-0.003921863954260405,-0.00027079811465163323,7.070248728743711e-05,-0.008567567877910893,0.00011791617813543713,-0.008551682246036372,1.0,True,True,1,False,,0.0,0,,,,True,True,0.010000000000001563,1.0281081453497598e-05,1.0,3.7392499345875305e-07,5.728467172975429e-07,2.0373918275944497e-05,0.0002005707777740259
19.620000000000267,1786132520.7141395,0.0034296999947400764,0.0034038000012515113,0.01,HOLD,64,clutch active,0.0,19.620000000000267,1962,0.08,0.0,0.0,0.0,0.0,0.17364817766693036,0.9848077530122081,0.08,0.0,0.0,0.0,0.0,0.17364817766693036,0.9848077530122081,0.006085042530717979,-0.22495819035210626,0.2802278950271373,-0.12998489960129023,0.011380114958398545,0.08641360184551672,0.9876776337830379,0.006974704987159265,-0.22495264914504778,0.2802352139687819,-0.1300055076265221,0.01143937091845354,0.08594535137983171,0.9877150932105664,0.006994703922532233,-0.22495252458292758,0.28023537849302355,-0.13000985233877127,0.011451874027765032,0.08584654466734366,0.9877229690782638,0.006995046674569176,-0.22495252176422834,0.2802353793534265,-0.13000984166100926,0.011451908796515742,0.08584628570811866,0.9877229925876565,0.006995046674569176,-0.22495252176422834,0.2802353793534265,-0.13000984166100926,0.011451908796515742,0.08584628570811866,0.9877229925876565,0.1428471443959127,-0.5114139633422518,0.7777408241319179,-0.0705624892540871,0.5252762348027747,-0.023903279843174786,0.14285109894206657,-0.5114136902874862,0.7777407528402432,-0.0705538502898102,0.5252761159039618,-0.023894656896910033,0.14285109894206657,-0.5114136902874862,0.7777407528402432,-0.0705538502898102,0.5252761159039618,-0.023894656896910033,0.000395454615387913,2.7305476560705574e-05,-7.129167468149706e-06,0.0008638964276893237,-1.1889881295322907e-05,0.0008622946264753098,-0.0035950419580719874,-0.0002482316050973269,6.481061334681644e-05,-0.007853603888084874,0.0001080898299574825,-0.007839042058866564,1.0,True,True,1,False,,0.0,0,,,,True,True,0.010000000000001563,9.424324665704975e-06,1.0,3.427647067415993e-07,5.251112353842254e-07,2.0342758530650905e-05,0.00020052321282114694
19.63000000000027,1786132520.7172832,0.0036276000028010458,0.0029202999867266044,0.01,HOLD,64,clutch active,0.0,19.63000000000027,1963,0.08,0.0,0.0,0.0,0.0,0.17364817766693036,0.9848077530122081,0.08,0.0,0.0,0.0,0.0,0.17364817766693036,0.9848077530122081,0.006085042530717979,-0.22495819035210626,0.2802278950271373,-0.12998489960129023,0.011380114958398545,0.08641360184551672,0.9876776337830379,0.006975047738935669,-0.22495264634137985,0.28023521487224173,-0.13000550079103596,0.01143940532869187,0.08594509250565609,0.9877151162374667,0.006995046674569176,-0.22495252176422834,0.2802353793534265,-0.13000984166100926,0.011451908796515742,0.08584628570811866,0.9877229925876565,0.006995360864042795,-0.2249525191795803,0.2802353801403273,-0.13000983185683124,0.011451940669534203,0.08584604832916201,0.9877230141399598,0.006995360864042795,-0.2249525191795803,0.2802353801403273,-0.13000983185683124,0.011451940669534203,0.08584604832916201,0.9877230141399598,0.14285109894206657,-0.5114136902874862,0.7777407528402432,-0.0705538502898102,0.5252761159039618,-0.023894656896910033,0.14285472394270762,-0.5114134399872844,0.7777406874895415,-0.07054593123922305,0.5252760069133833,-0.023886752529500673,0.14285472394270762,-0.5114134399872844,0.7777406874895415,-0.07054593123922305,0.5252760069133833,-0.023886752529500673,0.00036250006410558177,2.5030020180646423e-05,-6.535070179137137e-06,0.0007919050587152022,-1.0899057854045842e-05,0.0007904367409356894,-0.003295455128232608,-0.0002275456380058798,5.940972890124755e-05,-0.007199136897411031,9.908234412769089e-05,-0.007185788553960915,1.0,True,True,1,False,,0.0,0,,,,True,True,0.010000000000001563,8.638964276899697e-06,1.0,3.1420108999008927e-07,4.813534337450851e-07,2.031419541308789e-05,0.00020047961163718758
19.64000000000027,1786132520.720281,0.0031254999921657145,0.002791799997794442,0.01,HOLD,64,clutch active,0.0,19.64000000000027,1964,0.08,0.0,0.0,0.0,0.0,0.17364817766693036,0.9848077530122081,0.08,0.0,0.0,0.0,0.0,0.17364817766693036,0.9848077530122081,0.006085042530717979,-0.22495819035210626,0.2802278950271373,-0.12998489960129023,0.011380114958398545,0.08641360184551672,0.9876776337830379,0.006975361928170511,-0.22495264377051902,0.2802352156986224,-0.1300054945086972,0.011439436873073467,0.08594485520451955,0.9877151373475301,0.006995360864042795,-0.2249525191795803,0.2802353801403273,-0.13000983185683124,0.011451940669534203,0.08584604832916201,0.9877230141399598,0.006995648871149646,-0.22495251680961356,0.28023538086013905,-0.13000982285603085,0.011451969887865765,0.08584583073206492,0.9877230338979408,0.006995648871149646,-0.22495251680961356,0.28023538086013905,-0.13000982285603085,0.011451969887865765,0.08584583073206492,0.9877230338979408,0.14285472394270762,-0.5114134399872844,0.7777406874895415,-0.07054593123922305,0.5252760069133833,-0.023886752529500673,0.14285804685996192,-0.5114132105454328,0.7777406275847315,-0.07053867210951816,0.525275907005353,-0.023879506859375427,0.14285804685996192,-0.5114132105454328,0.7777406275847315,-0.07053867210951816,0.525275907005353,-0.023879506859375427,0.0003322917254301119,2.294418516559223e-05,-5.990480997542291e-06,0.000725912970488925,-9.990803032875213e-06,0.0007245670125243716,-0.0030208338675465148,-0.00020858350150538687,5.445891815947614e-05,-0.006599208822626685,9.082548211704869e-05,-0.006586972841130745,1.0,True,True,1,False,,0.0,0,,,,True,True,0.010000000000001563,7.919050587154586e-06,1.0,2.880177572095176e-07,4.4124188279873036e-07,2.0288012540333812e-05,0.0002004396439045028
19.650000000000272,1786132520.723842,0.0029892000020481646,0.0033642000053077936,0.01,HOLD,64,clutch active,0.0,19.650000000000272,1965,0.08,0.0,0.0,0.0,0.0,0.17364817766693036,0.9848077530122081,0.08,0.0,0.0,0.0,0.0,0.17364817766693036,0.9848077530122081,0.006085042530717979,-0.22495819035210626,0.2802278950271373,-0.12998489960129023,0.011380114958398545,0.08641360184551672,0.9876776337830379,0.006975649935058529,-0.22495264141319765,0.28023521645463345,-0.1300054887360422,0.011439465790154138,0.08594463767863837,0.9877151567001624,0.006995648871149646,-0.22495251680961356,0.28023538086013905,-0.13000982285603085,0.011451969887865765,0.08584583073206492,0.9877230338979408,0.006995912877739423,-0.22495251463655072,0.28023538151869426,-0.13000981459383812,0.011451996672511107,0.08584563126829456,0.9877230520108543,0.006995912877739423,-0.22495251463655072,0.28023538151869426,-0.13000981459383812,0.011451996672511107,0.08584563126829456,0.9877230520108543,0.14285804685996192,-0.5114132105454328,0.7777406275847315,-0.07053867210951816,0.525275907005353,-0.023879506859375427,0.14286109286744503,-0.5114130002237354,0.777740572671989,-0.07053201790728868,0.5252758154229918,-0.023872864995093952,0.14286109286744503,-0.5114130002237354,0.777740572671989,-0.07053201790728868,0.5252758154229918,-0.023872864995093952,0.0003046007483109316,2.1032169735125912e-05,-5.491274247747022e-06,0.0006654202229481718,-9.158236113468815e-06,0.0006641864281473312,-0.002769097711917599,-0.0001912015430466019,4.992067497951909e-05,-0.006049274754074375,8.325669194062678e-05,-0.006038058437703097,1.0,True,True,1,False,,0.0,0,,,,True,True,0.010000000000001563,7.259129704895173e-06,1.0,2.640163543094215e-07,4.044727648410972e-07,2.0264011561177906e-05,0.00020040300683177805
19.660000000000274,1786132520.7289495,0.0036165000055916607,0.004855399994994514,0.01,HOLD,64,clutch active,0.0,19.660000000000274,1966,0.08,0.0,0.0,0.0,0.0,0.17364817766693036,0.9848077530122081,0.08,0.0,0.0,0.0,0.0,0.17364817766693036,0.9848077530122081,0.006085042530717979,-0.22495819035210626,0.2802278950271373,-0.12998489960129023,0.011380114958398545,0.08641360184551672,0.9876776337830379,0.006975913941447746,-0.22495263925173242,0.28023521714637917,-0.13000548343280877,0.011439492298652466,0.08594443828004916,0.987715174441538,0.006995912877739423,-0.22495251463655072,0.28023538151869426,-0.13000981459383812,0.011451996672511107,0.08584563126829456,0.9877230520108543,0.006996154883843187,-0.22495251264407784,0.28023538212130084,-0.1300098070105325,0.011452021226089794,0.08584544842670279,0.9877230686155607,0.006996154883843187,-0.22495251264407784,0.28023538212130084,-0.1300098070105325,0.011452021226089794,0.08584544842670279,0.9877230686155607,0.14286109286744503,-0.5114130002237354,0.777740572671989,-0.07053201790728868,0.5252758154229918,-0.023872864995093952,0.14286388504097122,-0.5114128074288461,0.7777405223353084,-0.07052591822191165,0.5252757314724942,-0.0238667766195026,0.14286388504097122,-0.5114128074288461,0.7777405223353084,-0.07052591822191165,0.5252757314724942,-0.0238667766195026,0.00027921735261835,1.9279488923865145e-05,-5.0336680604346985e-06,0.0006099685377024822,-8.395049770679628e-06,0.0006088375591350449,-0.0025383395692577635,-0.00017526808112604928,4.5760618731225186e-05,-0.005545168524568098,7.631863427890679e-05,-0.00553488690122776,1.0,True,True,1,False,,0.0,0,,,,True,True,0.010000000000001563,6.65420222947799e-06,1.0,2.4201505602349156e-07,3.7076757519394775e-07,2.0242010653058324e-05,0.00020036942286183023
19.670000000000275,1786132520.7343135,0.005223500003921799,0.004995199997210875,0.01,HOLD,64,clutch active,0.0,19.670000000000275,1967,0.08,0.0,0.0,0.0,0.0,0.17364817766693036,0.9848077530122081,0.08,0.0,0.0,0.0,0.0,0.17364817766693036,0.9848077530122081,0.006085042530717979,-0.22495819035210626,0.2802278950271373,-0.12998489960129023,0.011380114958398545,0.08641360184551672,0.9876776337830379,0.006976155947367697,-0.22495263726989573,0.28023521777941696,-0.13000547856173653,0.011439516599096096,0.08594425549812268,0.9877151907056945,0.006996154883843187,-0.22495251264407784,0.28023538212130084,-0.1300098070105325,0.011452021226089794,0.08584544842670279,0.9877230686155607,0.006996376722824705,-0.2249525108172256,0.28023538267279197,-0.13000980005107826,0.01145204373436643,0.08584528082207651,0.9877230838375519,0.006996376722824705,-0.2249525108172256,0.28023538267279197,-0.13000980005107826,0.01145204373436643,0.08584528082207651,0.9877230838375519,0.14286388504097122,-0.5114128074288461,0.7777405223353084,-0.07052591822191165,0.5252757314724942,-0.0238667766195026,0.14286644453337022,-0.5114126307001976,0.7777404761933512,-0.07052032684364938,0.5252756545178713,-0.023861195608543863,0.14286644453337022,-0.5114126307001976,0.7777404761933512,-0.07052032684364938,0.5252756545178713,-0.023861195608543863,0.0002559492399001505,1.767286484687613e-05,-4.614195722065074e-06,0.0005591378262272674,-7.69546228978955e-06,0.0005581010958737832,-0.0023268112718195836,-0.0001606624076988762,4.1947233836955824e-05,-0.005083071147520685,6.99587480889969e-05,-0.005073646326125374,1.0,True,True,1,False,,0.0,0,,,,True,True,0.010000000000001563,6.09968537702843e-06,1.0,2.2184718896685109e-07,3.3987101249122644e-07,2.0221843145115373e-05,0.00020033863756715583
19.680000000000277,1786132520.7398696,0.005341500000213273,0.005210500006796792,0.01,HOLD,64,clutch active,0.0,19.680000000000277,1968,0.08,0.0,0.0,0.0,0.0,0.17364817766693036,0.9848077530122081,0.08,0.0,0.0,0.0,0.0,0.17364817766693036,0.9848077530122081,0.006085042530717979,-0.22495819035210626,0.2802278950271373,-0.12998489960129023,0.011380114958398545,0.08641360184551672,0.9876776337830379,0.006976377786180744,-0.2249526354527975,0.2802352183588088,-0.13000547408837368,0.011439538875332007,0.08594408794811893,0.9877152056155373,0.006996376722824705,-0.2249525108172256,0.28023538267279197,-0.13000980005107826,0.01145204373436643,0.08584528082207651,0.9877230838375519,0.006996580075268995,-0.22495250914225884,0.28023538317757074,-0.13000979366477997,0.011452064367650377,0.08584512718464217,0.9877230977918929,0.006996580075268995,-0.22495250914225884,0.28023538317757074,-0.13000979366477997,0.011452064367650377,0.08584512718464217,0.9877230977918929,0.14286644453337022,-0.5114126307001976,0.7777404761933512,-0.07052032684364938,0.5252756545178713,-0.023861195608543863,0.14286879073473596,-0.5114124686989365,0.7777404338965571,-0.07051520141357563,0.5252755839761336,-0.023856079681831687,0.14286879073473596,-0.5114124686989365,0.7777404338965571,-0.07051520141357563,0.5252755839761336,-0.023856079681831687,0.00023462013657513464,1.6200126109636223e-05,-4.229679411892925e-06,0.0005125430073749878,-7.05417376564032e-06,0.0005115926712176273,-0.0021329103325012544,-0.00014727387372396775,3.845163101720895e-05,-0.004659481885227228,6.412885241491291e-05,-0.00465084246561486,1.0,True,True,1,False,,0.0,0,,,,True,True,0.010000000000001563,5.591378262267965e-06,1.0,2.033599688085867e-07,3.115490464049231e-07,2.0203356255377333e-05,0.00020031041772274136
19.69000000000028,1786132520.7437103,0.005583199992543086,0.0034669999877223745,0.01,HOLD,64,clutch active,0.0,19.69000000000028,1969,0.08,0.0,0.0,0.0,0.0,0.17364817766693036,0.9848077530122081,0.08,0.0,0.0,0.0,0.0,0.17364817766693036,0.9848077530122081,0.006085042530717979,-0.22495819035210626,0.2802278950271373,-0.12998489960129023,0.011380114958398545,0.08641360184551672,0.9876776337830379,0.0069765811384706255,-0.22495263378677552,0.28023521888916797,-0.13000546998088958,0.011439559295911748,0.08594393436069589,0.9877152192837609,0.006996580075268995,-0.22495250914225884,0.28023538317757074,-0.13000979366477997,0.011452064367650377,0.08584512718464217,0.9877230977918929,0.006996766481713747,-0.224952507606577,0.2802353836396504,-0.13000978780496059,0.011452083282079698,0.0858449863504448,0.9877231105840855,0.006996766481713747,-0.224952507606577,0.2802353836396504,-0.13000978780496059,0.011452083282079698,0.0858449863504448,0.9877231105840855,0.14286879073473596,-0.5114124686989365,0.7777404338965571,-0.07051520141357563,0.5252755839761336,-0.023856079681831687,0.14287094141932125,-0.5114123201977805,0.7777403951244959,-0.07051050310267469,0.5252755193128741,-0.023851390082345526,0.14287094141932125,-0.5114123201977805,0.7777403951244959,-0.07051050310267469,0.5252755193128741,-0.023851390082345526,0.00021506845852720368,1.485011560049966e-05,-3.877206127568459e-06,0.00046983109009373215,-6.466325951836869e-06,0.0004689599486161517,-0.0019551678047927887,-0.0001350010509136352,3.524732843244104e-05,-0.004271191728124899,5.8784781380336e-05,-0.004263272260146895,1.0,True,True,1,False,,0.0,0,,,,True,True,0.010000000000001563,5.125430073749104e-06,1.0,1.8641334308844323e-07,2.8558714579954963e-07,2.0186409933580953e-05,0.00020028454953978486
19.70000000000028,1786132520.7469375,0.003679700006614439,0.0030153000116115436,0.01,HOLD,64,clutch active,0.0,19.70000000000028,1970,0.08,0.0,0.0,0.0,0.0,0.17364817766693036,0.9848077530122081,0.08,0.0,0.0,0.0,0.0,0.17364817766693036,0.9848077530122081,0.006085042530717979,-0.22495819035210626,0.2802278950271373,-0.12998489960129023,0.011380114958398545,0.08641360184551672,0.9876776337830379,0.0069767675447738545,-0.22495263225929601,0.2802352193747002,-0.1300054662098968,0.011439578015362037,0.08594379357229232,0.987715231813695,0.006996766481713747,-0.224952507606577,0.2802353836396504,-0.13000978780496059,0.011452083282079698,0.0858449863504448,0.9877231105840855,0.006996937354319589,-0.22495250619862003,0.2802353840626905,-0.13000978242865918,0.011452100620798772,0.08584485725252924,0.9877231223108613,0.006996937354319589,-0.22495250619862003,0.2802353840626905,-0.13000978242865918,0.011452100620798772,0.08584485725252924,0.9877231223108613,0.14287094141932125,-0.5114123201977805,0.7777403951244959,-0.07051050310267469,0.5252755193128741,-0.023851390082345526,0.14287291288019108,-0.5114121840717208,0.7777403595834397,-0.07050619631768217,0.5252754600382196,-0.023847091282816545,0.14287291288019108,-0.5114121840717208,0.7777403595834397,-0.07050619631768217,0.5252754600382196,-0.023847091282816545,0.00019714608698326725,1.3612605967124495e-05,-3.554105616937703e-06,0.0004306784992525817,-5.927465455850379e-06,0.00042987995289813294,-0.001792237154393364,-0.00012375096333749717,3.2310051063070494e-05,-0.003915259084114435,5.3886049598640576e-05,-0.003907999571801264,1.0,True,True,1,False,,0.0,0,,,,True,True,0.010000000000001563,4.698310900941305e-06,1.0,1.7087893004453563e-07,2.6178865421005687e-07,2.0170875800009004e-05,0.0002002608370450822
19.71000000000028,1786132520.7500594,0.0032709999941289425,0.0028657999937422574,0.01,HOLD,64,clutch active,0.0,19.71000000000028,1971,0.08,0.0,0.0,0.0,0.0,0.17364817766693036,0.9848077530122081,0.08,0.0,0.0,0.0,0.0,0.17364817766693036,0.9848077530122081,0.006085042530717979,-0.22495819035210626,0.2802278950271373,-0.12998489960129023,0.011380114958398545,0.08641360184551672,0.9876776337830379,0.006976938417249984,-0.22495263085886036,0.2802352198192417,-0.1300054627482806,0.011439595175350181,0.08594366451631254,0.9877152433000804,0.006996937354319589,-0.22495250619862003,0.2802353840626905,-0.13000978242865918,0.011452100620798772,0.08584485725252924,0.9877231223108613,0.006997093987568058,-0.22495250490778398,0.28023538445002943,-0.13000977749634945,0.011452116515038137,0.0858447389128562,0.9877231330609096,0.006997093987568058,-0.22495250490778398,0.28023538445002943,-0.13000977749634945,0.011452116515038137,0.0858447389128562,0.9877231330609096,0.14287291288019108,-0.5114121840717208,0.7777403595834397,-0.07050619631768217,0.5252754600382196,-0.023847091282816545,0.14287472005265509,-0.5114120592894995,0.7777403270041382,-0.07050224843143901,0.5252754057031196,-0.023843150716581645,0.14287472005265509,-0.5114120592894995,0.7777403270041382,-0.07050224843143901,0.5252754057031196,-0.023843150716581645,0.00018071724640132575,1.247822213653061e-05,-3.257930148859515e-06,0.00039478862431486096,-5.433510001196103e-06,0.0003940566234899496,-0.0016428840581938938,-0.0001134383830593708,2.9617546807814195e-05,-0.003588987493771514,4.9395545465419825e-05,-0.0035823329408177745,1.0,True,True,1,False,,0.0,0,,,,True,True,0.010000000000001563,4.3067849925249035e-06,1.0,1.5663904626567097e-07,2.399733008426356e-07,2.0156636173149846e-05,0.00020023910059722825
19.720000000000283,1786132520.7530684,0.0030698000045958906,0.0028052000125171617,0.01,HOLD,64,clutch active,0.0,19.720000000000283,1972,0.08,0.0,0.0,0.0,0.0,0.17364817766693036,0.9848077530122081,0.08,0.0,0.0,0.0,0.0,0.17364817766693036,0.9848077530122081,0.006085042530717979,-0.22495819035210626,0.2802278950271373,-0.12998489960129023,0.011380114958398545,0.08641360184551672,0.9876776337830379,0.0069770950503795625,-0.22495262957492096,0.28023522022629305,-0.13000545957103804,0.011439610905752743,0.08594354621504541,0.987715253829782,0.006997093987568058,-0.22495250490778398,0.28023538445002943,-0.13000977749634945,0.011452116515038137,0.0858447389128562,0.9877231330609096,0.006997237568068058,-0.2249525037243421,0.28023538480471377,-0.1300097729716761,0.011452131085105096,0.0858446304348923,0.9877231429155438,0.006997237568068058,-0.2249525037243421,0.28023538480471377,-0.1300097729716761,0.011452131085105096,0.0858446304348923,0.9877231429155438,0.14287472005265509,-0.5114120592894995,0.7777403270041382,-0.07050224843143901,0.5252754057031196,-0.023843150716581645,0.14287637662741376,-0.5114119449057966,0.7777402971397785,-0.07049862953571613,0.5252753558959445,-0.02383953853086632,0.14287637662741376,-0.5114119449057966,0.7777402971397785,-0.07049862953571613,0.5252753558959445,-0.02383953853086632,0.00016565747586787957,1.1438370291819564e-05,-2.9864359697878463e-06,0.00036188957228861743,-4.980717501096357e-06,0.00036121857153244866,-0.0015059770533443814,-0.00010398518447108842,2.7149417907162628e-05,-0.0032899052026238414,4.5279250009967526e-05,-0.00328380519574958,1.0,True,True,1,False,,0.0,0,,,,True,True,0.010000000000001563,3.947886243152454e-06,1.0,1.435858151623747e-07,2.1997583490664248e-07,2.0143583178176357e-05,0.00020021917552429496
19.730000000000285,1786132520.757177,0.003011499997228384,0.003903099990566261,0.01,HOLD,64,clutch active,0.0,19.730000000000285,1973,0.08,0.0,0.0,0.0,0.0,0.17364817766693036,0.9848077530122081,0.08,0.0,0.0,0.0,0.0,0.17364817766693036,0.9848077530122081,0.006085042530717979,-0.22495819035210626,0.2802278950271373,-0.12998489960129023,0.011380114958398545,0.08641360184551672,0.9876776337830379,0.006977238630770591,-0.22495262839780275,0.28023522059904943,-0.13000545665512517,0.01143962532563586,0.08594343777225738,0.9877152634824409,0.006997237568068058,-0.2249525037243421,0.28023538480471377,-0.1300097729716761,0.011452131085105096,0.0858446304348923,0.9877231429155438,0.006997369183545064,-0.22495250263937283,0.2802353851295249,-0.13000976882121115,0.011452144441291813,0.08584453099681734,0.9877231519493139,0.006997369183545064,-0.22495250263937283,0.2802353851295249,-0.13000976882121115,0.011452144441291813,0.08584453099681734,0.9877231519493139,0.14287637662741376,-0.5114119449057966,0.7777402971397785,-0.07049862953571613,0.5252753558959445,-0.02383953853086632,0.14287789515427587,-0.5114118400540689,0.7777402697641155,-0.07049531221463681,0.5252753102393675,-0.023836227360627273,0.14287789515427587,-0.5114118400540689,0.7777402697641155,-0.07049531221463681,0.5252753102393675,-0.023836227360627273,0.0001518526862122208,1.0485172767501118e-05,-2.7375663056388203e-06,0.0003317321079312279,-4.565657709338263e-06,0.0003311170239047399,-0.001380478965565663,-9.53197524318297e-05,2.488696641489872e-05,-0.003015746435738479,4.150597917580298e-05,-0.0030101547627704056,1.0,True,True,1,False,,0.0,0,,,,True,True,0.010000000000001563,3.6188957228816543e-06,1.0,1.316203496739074e-07,2.0164477517642614e-07,2.013161792966222e-05,0.00020020091087784175
19.740000000000286,1786132520.760388,0.00414180000370834,0.002971400012029335,0.01,HOLD,64,clutch active,0.0,19.740000000000286,1974,0.08,0.0,0.0,0.0,0.0,0.17364817766693036,0.9848077530122081,0.08,0.0,0.0,0.0,0.0,0.17364817766693036,0.9848077530122081,0.006085042530717979,-0.22495819035210626,0.2802278950271373,-0.12998489960129023,0.011380114958398545,0.08641360184551672,0.9876776337830379,0.006977370246147717,-0.22495262731863166,0.2802352209404285,-0.13000545397931426,0.011439638544153969,0.0859433383664021,0.987715272331075,0.006997369183545064,-0.22495250263937283,0.2802353851295249,-0.13000976882121115,0.011452144441291813,0.08584453099681734,0.9877231519493139,0.0069974898310813695,-0.22495250164469383,0.28023538542700277,-0.1300097650142251,0.011452156684708373,0.08584443984529788,0.9877231602305688,0.0069974898310813695,-0.22495250164469383,0.28023538542700277,-0.1300097650142251,0.011452156684708373,0.08584443984529788,0.9877231602305688,0.14287789515427587,-0.5114118400540689,0.7777402697641155,-0.07049531221463681,0.5252753102393675,-0.023836227360627273,0.14287928713723283,-0.5114117439399852,0.7777402446697577,-0.07049227133698077,0.5252752683875052,-0.023833192121241478,0.14287928713723283,-0.5114117439399852,0.7777402446697577,-0.07049227133698077,0.5252752683875052,-0.023833192121241478,0.00013919829569453374,9.611408370209222e-06,-2.509435780168883e-06,0.0003040877656036213,-4.185186233560015e-06,0.0003035239385793406,-0.0012654390517685067,-8.737643972917599e-05,2.281305254699017e-05,-0.0027644342327602326,3.804714757781886e-05,-0.0027593085325394993,1.0,True,True,1,False,,0.0,0,,,,True,True,0.010000000000001563,3.3173210793185914e-06,1.0,1.2065200328177186e-07,1.8484126242181114e-07,2.0120649782604466e-05,0.00020018416828840698
19.750000000000288,1786132520.7633393,0.0031707000016467646,0.002752100001089275,0.01,HOLD,64,clutch active,0.0,19.750000000000288,1975,0.08,0.0,0.0,0.0,0.0,0.17364817766693036,0.9848077530122081,0.08,0.0,0.0,0.0,0.0,0.17364817766693036,0.9848077530122081,0.006085042530717979,-0.22495819035210626,0.2802278950271373,-0.12998489960129023,0.011380114958398545,0.08641360184551672,0.9876776337830379,0.006977490893592472,-0.2249526263292689,0.2802352212530953,-0.13000545152405837,0.011439650661374227,0.08594324724439648,0.9877152804426285,0.0069974898310813695,-0.22495250164469383,0.28023538542700277,-0.1300097650142251,0.011452156684708373,0.08584443984529788,0.9877231602305688,0.0069976004246695075,-0.22495250073280068,0.28023538569946765,-0.1300097615224771,0.011452167908046408,0.08584435628977975,0.9877231678219702,0.0069976004246695075,-0.22495250073280068,0.28023538569946765,-0.1300097615224771,0.011452167908046408,0.08584435628977975,0.9877231678219702,0.14287928713723283,-0.5114117439399852,0.7777402446697577,-0.07049227133698077,0.5252752683875052,-0.023833192121241478,0.14288056312161004,-0.5114116558354085,0.7777402216665964,-0.07048948386579607,0.525275230023298,-0.023830409818471166,0.14288056312161004,-0.5114116558354085,0.7777402216665964,-0.07048948386579607,0.525275230023298,-0.023830409818471166,0.00012759843771998743,8.810457672691661e-06,-2.3003161318214432e-06,0.00027874711846998223,-3.836420714096626e-06,0.0002782302770310583,-0.0011599857974544478,-8.009506975174352e-05,2.091196483474069e-05,-0.0025340647133635106,3.4876551946333456e-05,-0.0025293661548278384,1.0,True,True,1,False,,0.0,0,,,,True,True,0.010000000000001563,3.0408776560408857e-06,1.0,1.1059768317406168e-07,1.6943800760457637e-07,2.011059564559116e-05,0.00020016882091745375
19.76000000000029,1786132520.766305,0.002978599994094111,0.0027387000009184703,0.01,HOLD,64,clutch active,0.0,19.76000000000029,1976,0.08,0.0,0.0,0.0,0.0,0.17364817766693036,0.9848077530122081,0.08,0.0,0.0,0.0,0.0,0.17364817766693036,0.9848077530122081,0.006085042530717979,-0.22495819035210626,0.2802278950271373,-0.12998489960129023,0.011380114958398545,0.08641360184551672,0.9876776337830379,0.006977601487096696,-0.22495262542225003,0.2802352215394847,-0.1300054492713661,0.011439661769032263,0.08594316371591515,0.9877152878784756,0.0069976004246695075,-0.22495250073280068,0.28023538569946765,-0.1300097615224771,0.011452167908046408,0.08584435628977975,0.9877231678219702,0.006997701802136373,-0.22495249989681107,0.28023538594903946,-0.13000975832001826,0.011452178196279536,0.0858442796972562,0.9877231747809658,0.006997701802136373,-0.22495249989681107,0.28023538594903946,-0.13000975832001826,0.011452178196279536,0.0858442796972562,0.9877231747809658,0.14288056312161004,-0.5114116558354085,0.7777402216665964,-0.07048948386579607,0.525275230023298,-0.023830409818471166,0.1428817327739558,-0.5114115750728798,0.7777402005803652,-0.07048692868387675,0.5252751948561082,-0.02382785937426505,0.1428817327739558,-0.5114115750728798,0.7777402005803652,-0.07048692868387675,0.5252751948561082,-0.02382785937426505,0.00011696523457665349,8.076252866633908e-06,-2.108623120836293e-06,0.0002555181919308134,-3.516718987921857e-06,0.0002550444206117998,-0.0010633203143332287,-7.342048060576384e-05,1.9169301098512028e-05,-0.0023228926539165186,3.1970172617471885e-05,-0.0023185856419254856,1.0,True,True,1,False,,0.0,0,,,,True,True,0.010000000000001563,2.787471184706458e-06,1.0,1.0138122090809941e-07,1.5531832816055768e-07,2.010137935147194e-05,0.00020015475249628482
19.77000000000029,1786132520.7692297,0.0029316000000108033,0.0027319999935571104,0.01,HOLD,64,clutch active,0.0,19.77000000000029,1977,0.08,0.0,0.0,0.0,0.0,0.17364817766693036,0.9848077530122081,0.08,0.0,0.0,0.0,0.0,0.17364817766693036,0.9848077530122081,0.006085042530717979,-0.22495819035210626,0.2802278950271373,-0.12998489960129023,0.011380114958398545,0.08641360184551672,0.9876776337830379,0.006977702864486646,-0.2249526245907294,0.2802352218018218,-0.13000544720468288,0.01143967195122534,0.08594308714816061,0.9877152946948845,0.006997701802136373,-0.22495249989681107,0.28023538594903946,-0.13000975832001826,0.011452178196279536,0.0858442796972562,0.9877231747809658,0.006997794731490318,-0.2249524991304138,0.28023538617765603,-0.13000975538301154,0.011452187627305483,0.08584420948747219,0.9877231811602224,0.006997794731490318,-0.2249524991304138,0.28023538617765603,-0.13000975538301154,0.011452187627305483,0.08584420948747219,0.9877231811602224,0.1428817327739558,-0.5114115750728798,0.7777402005803652,-0.07048692868387675,0.5252751948561082,-0.02382785937426505,0.14288280495527275,-0.5114115010405619,0.7777401812513199,-0.07048458643378405,0.5252751626195175,-0.02382552146707611,0.14288280495527275,-0.5114115010405619,0.7777401812513199,-0.07048458643378405,0.5252751626195175,-0.02382552146707611,0.00010721813169526417,7.4032317944143105e-06,-1.932904527433241e-06,0.00023422500926990897,-3.2236590722616564e-06,0.0002337907188941465,-0.0009747102881387791,-6.730210722194923e-05,1.7571859340302444e-05,-0.002129318266090112,2.9305991566015475e-05,-0.002125370171764998,1.0,True,True,1,False,,0.0,0,,,,True,True,0.010000000000001563,2.5551819193142533e-06,1.0,9.293279536791131e-08,1.4237526393083858e-07,2.0092931080330365e-05,0.0002001418564453666
19.780000000000292,1786132520.7728333,0.002925099994172342,0.0034113000001525506,0.01,HOLD,64,clutch active,0.0,19.780000000000292,1978,0.08,0.0,0.0,0.0,0.0,0.17364817766693036,0.9848077530122081,0.08,0.0,0.0,0.0,0.0,0.17364817766693036,0.9848077530122081,0.006085042530717979,-0.22495819035210626,0.2802278950271373,-0.12998489960129023,0.011380114958398545,0.08641360184551672,0.9876776337830379,0.00697779579377009,-0.2249526238284294,0.2802352220421409,-0.13000544530878239,0.011439681285047867,0.08594301696106912,0.9877153009434405,0.006997794731490318,-0.2249524991304138,0.28023538617765603,-0.13000975538301154,0.011452187627305483,0.08584420948747219,0.9877231811602224,0.00699787991673927,-0.22495249842782117,0.2802353863870887,-0.13000975268956214,0.01145219627253496,0.08584414512852809,0.9877231870080233,0.00699787991673927,-0.22495249842782117,0.2802353863870887,-0.13000975268956214,0.01145219627253496,0.08584414512852809,0.9877231870080233,0.14288280495527275,-0.5114115010405619,0.7777401812513199,-0.07048458643378405,0.5252751626195175,-0.02382552146707611,0.14288378778814662,-0.5114114331776037,0.7777401635330284,-0.07048243937119908,0.5252751330693093,-0.023823378385486246,0.14288378778814662,-0.5114114331776037,0.7777401635330284,-0.07048243937119908,0.5252751330693093,-0.023823378385486246,9.828328738732408e-05,6.786295811546355e-06,-1.7718291501471125e-06,0.0002147062584974135,-2.9550208162398096e-06,0.0002143081589862979,-0.0008934844307938681,-6.169359828678592e-05,1.6107537728610344e-05,-0.0019518750772492413,2.6863825602180473e-05,-0.001948255990784554,1.0,True,True,1,False,,0.0,0,,,,True,True,0.010000000000001563,2.34225009269895e-06,1.0,8.518840377336545e-08,1.3051076772039636e-07,2.0085186830486877e-05,0.00020013003506685146
19.790000000000294,1786132520.7784073,0.003784600005019456,0.005199899998842739,0.01,HOLD,64,clutch active,0.0,19.790000000000294,1979,0.08,0.0,0.0,0.0,0.0,0.17364817766693036,0.9848077530122081,0.08,0.0,0.0,0.0,0.0,0.17364817766693036,0.9848077530122081,0.006085042530717979,-0.22495819035210626,0.2802278950271373,-0.12998489960129023,0.011380114958398545,0.08641360184551672,0.9876776337830379,0.00697788097895442,-0.22495262312959324,0.2802352222623017,-0.13000544356966243,0.011439689841174168,0.08594295262291612,0.9877153066714358,0.00699787991673927,-0.22495249842782117,0.2802353863870887,-0.13000975268956214,0.01145219627253496,0.08584414512852809,0.9877231870080233,0.006997958003224055,-0.22495249778372603,0.28023538657895747,-0.13000975021956446,0.011452204197431435,0.08584408613284995,0.9877231923686326,0.006997958003224055,-0.22495249778372603,0.28023538657895747,-0.13000975021956446,0.011452204197431435,0.08584408613284995,0.9877231923686326,0.14288378778814662,-0.5114114331776037,0.7777401635330284,-0.07048243937119908,0.5252751330693093,-0.023823378385486246,0.142884688718281,-0.5114113709698921,0.7777401472912612,-0.07048047123049618,0.5252751059816184,-0.02382141389402887,0.142884688718281,-0.5114113709698921,0.7777401472912612,-0.07048047123049618,0.5252751059816184,-0.02382141389402887,9.009301343837913e-05,6.22077116058407e-06,-1.6241767209681634e-06,0.0001968140702892929,-2.7087690815531203e-06,0.00019644914573743695,-0.0008190273948943674,-5.6552465096219624e-05,1.4765242917892604e-05,-0.0017892188208117792,2.462517346866508e-05,-0.0017859013248858158,1.0,True,True,1,False,,0.0,0,,,,True,True,0.010000000000001563,2.147062584972881e-06,1.0,7.808937685927194e-08,1.196349621857882e-07,2.0078087933698165e-05,0.0002001191988046017
19.800000000000296,1786132520.7832763,0.005548300003283657,0.004520600006799214,0.01,HOLD,64,clutch active,0.0,19.800000000000296,1980,0.08,0.0,0.0,0.0,0.0,0.17364817766693036,0.9848077530122081,0.08,0.0,0.0,0.0,0.0,0.17364817766693036,0.9848077530122081,0.006085042530717979,-0.22495819035210626,0.2802278950271373,-0.12998489960129023,0.011380114958398545,0.08641360184551672,0.9876776337830379,0.006977959065379971,-0.22495262248894204,0.2802352224640052,-0.13000544197445169,0.011439697684392703,0.08594289364628775,0.987715311922226,0.006997958003224055,-0.22495249778372603,0.28023538657895747,-0.13000975021956446,0.011452204197431435,0.08584408613284995,0.9877231923686326,0.006998029582507299,-0.22495249719326182,0.2802353867547436,-0.13000974795455755,0.011452211462006251,0.08584403205349572,0.9877231972826296,0.006998029582507299,-0.22495249719326182,0.2802353867547436,-0.13000974795455755,0.011452211462006251,0.08584403205349572,0.9877231972826296,0.142884688718281,-0.5114113709698921,0.7777401472912612,-0.07048047123049618,0.5252751059816184,-0.02382141389402887,0.14288551457090418,-0.5114113139461565,0.7777401324029746,-0.07047866710151852,0.5252750811512352,-0.023819613110192945,0.14288551457090418,-0.5114113139461565,0.7777401324029746,-0.07047866710151852,0.5252750811512352,-0.023819613110192945,8.258526231851303e-05,5.70237356386865e-06,-1.488828660887462e-06,0.00018041289776518258,-2.4830383247569915e-06,0.00018007838359264798,-0.0007507751119864927,-5.183975967153392e-05,1.3534806008068029e-05,-0.0016401172524107743,2.2573075679609337e-05,-0.0016370762144786413,1.0,True,True,1,False,,0.0,0,,,,True,True,0.010000000000001563,1.9681407028987463e-06,1.0,7.158193444169087e-08,1.0966545897851642e-07,2.0071580610718136e-05,0.00020010926556517173
19.810000000000297,1786132520.7864661,0.004805699994903989,0.002904699998907745,0.01,HOLD,64,clutch active,0.0,19.810000000000297,1981,0.08,0.0,0.0,0.0,0.0,0.17364817766693036,0.9848077530122081,0.08,0.0,0.0,0.0,0.0,0.17364817766693036,0.9848077530122081,0.006085042530717979,-0.22495819035210626,0.2802278950271373,-0.12998489960129023,0.011380114958398545,0.08641360184551672,0.9876776337830379,0.00697803064460892,-0.22495262190163523,0.28023522264880707,-0.13000544051132013,0.01143970487409605,0.08594283958438846,0.9877153167355579,0.006998029582507299,-0.22495249719326182,0.2802353867547436,-0.13000974795455755,0.011452211462006251,0.08584403205349572,0.9877231972826296,0.006998095196854914,-0.22495249665196634,0.28023538691580224,-0.13000974587759345,0.011452218121272418,0.08584398248076887,0.9877232017872153,0.006998095196854914,-0.22495249665196634,0.28023538691580224,-0.13000974587759345,0.011452218121272418,0.08584398248076887,0.9877232017872153,0.14288551457090418,-0.5114113139461565,0.7777401324029746,-0.07047866710151852,0.5252750811512352,-0.023819613110192945,0.14288627160247544,-0.5114112616743988,0.7777401187553785,-0.07047701331662234,0.5252750583900506,-0.02381796239167668,0.14288627160247544,-0.5114112616743988,0.7777401187553785,-0.07047701331662234,0.5252750583900506,-0.02381796239167668,7.570315712530253e-05,5.227175766879521e-06,-1.3647596058134874e-06,0.0001653784896180817,-2.276118464360543e-06,0.00016507185162659163,-0.0006882105193209419,-4.751977969890542e-05,1.2406905507395517e-05,-0.001503440814709855,2.0691986039641595e-05,-0.0015006531966054,1.0,True,True,1,False,,0.0,0,,,,True,True,0.010000000000001563,1.8041289776560276e-06,1.0,6.561677798874366e-08,1.0052673566508017e-07,2.0065615563881387e-05,0.0002001001600967535
19.8200000000003,1786132520.790281,0.003104100003838539,0.003616299989516847,0.01,HOLD,64,clutch active,0.0,19.8200000000003,1982,0.08,0.0,0.0,0.0,0.0,0.17364817766693036,0.9848077530122081,0.08,0.0,0.0,0.0,0.0,0.17364817766693036,0.9848077530122081,0.006085042530717979,-0.22495819035210626,0.2802278950271373,-0.12998489960129023,0.011380114958398545,0.08641360184551672,0.9876776337830379,0.006978096258906767,-0.2249526213632344,0.2802352228181307,-0.13000543916939775,0.011439711464730015,0.08594279002765577,0.9877153211478691,0.006998095196854914,-0.22495249665196634,0.28023538691580224,-0.13000974587759345,0.011452218121272418,0.08584398248076887,0.9877232017872153,0.006998155343344133,-0.22495249615574806,0.28023538706337336,-0.13000974397311485,0.011452224225660739,0.08584393703911486,0.987723205916493,0.006998155343344133,-0.22495249615574806,0.28023538706337336,-0.13000974397311485,0.011452224225660739,0.08584393703911486,0.987723205916493,0.14288627160247544,-0.5114112616743988,0.7777401187553785,-0.07047701331662234,0.5252750583900506,-0.02381796239167668,0.14288696554808242,-0.5114112137586209,0.7777401062450822,-0.07047549734713418,0.5252750375256313,-0.023816449233036767,0.14288696554808242,-0.5114112137586209,0.7777401062450822,-0.07047549734713418,0.5252750375256313,-0.023816449233036767,6.9394560698193e-05,4.79157778630616e-06,-1.2510296386623456e-06,0.00015159694881657272,-2.0864419256638015e-06,0.00015131586399104018,-0.0006308596427108545,-4.355979805732934e-05,1.1372996715112396e-05,-0.0013781540801506807,1.8967653869671193e-05,-0.0013755987635549302,1.0,True,True,1,False,,0.0,0,,,,True,True,0.010000000000001563,1.653784896180066e-06,1.0,6.014871715408376e-08,9.214956209718811e-08,2.006014760363863e-05,0.00020009181341797678
19.8300000000003,1786132520.7934113,0.003841199999442324,0.0029047999996691942,0.01,HOLD,64,clutch active,0.0,19.8300000000003,1983,0.08,0.0,0.0,0.0,0.0,0.17364817766693036,0.9848077530122081,0.08,0.0,0.0,0.0,0.0,0.17364817766693036,0.9848077530122081,0.006085042530717979,-0.22495819035210626,0.2802278950271373,-0.12998489960129023,0.011380114958398545,0.08641360184551672,0.9876776337830379,0.006978156405350369,-0.22495262086966983,0.2802352229732784,-0.1300054379386985,0.011439717506205465,0.08594274460065793,0.9877153251925637,0.006998155343344133,-0.22495249615574806,0.28023538706337336,-0.13000974397311485,0.011452224225660739,0.08584393703911486,0.987723205916493,0.006998210477629198,-0.22495249570085535,0.2802353871985914,-0.1300097422268431,0.01145222982140128,0.08584389538427563,0.9877232097017268,0.006998210477629198,-0.22495249570085535,0.2802353871985914,-0.1300097422268431,0.01145222982140128,0.08584389538427563,0.9877232097017268,0.14288696554808242,-0.5114112137586209,0.7777401062450822,-0.07047549734713418,0.5252750375256313,-0.023816449233036767,0.1428876016648888,-0.5114111698358245,0.7777400947773104,-0.07047410770843669,0.5252750183999136,-0.023815062170950183,0.1428876016648888,-0.5114111698358245,0.7777400947773104,-0.07047410770843669,0.5252750183999136,-0.023815062170950183,6.361168064000934e-05,4.39227963744725e-06,-1.1467771687738005e-06,0.00013896386974852302,-1.9125717651917908e-06,0.00013870620865845152,-0.000578288005818275,-3.9929814885884665e-05,1.042524698885288e-05,-0.0012633079068047727,1.7387016047198348e-05,-0.0012609655332586683,1.0,True,True,1,False,,0.0,0,,,,True,True,0.010000000000001563,1.515969488163904e-06,1.0,5.513632741553501e-08,8.447047774240239e-08,2.0055135306201532e-05,0.0002000841622965238
19.840000000000302,1786132520.796358,0.0031036000000312924,0.002748099999735132,0.01,HOLD,64,clutch active,0.0,19.840000000000302,1984,0.08,0.0,0.0,0.0,0.0,0.17364817766693036,0.9848077530122081,0.08,0.0,0.0,0.0,0.0,0.17364817766693036,0.9848077530122081,0.006085042530717979,-0.22495819035210626,0.2802278950271373,-0.12998489960129023,0.011380114958398545,0.08641360184551672,0.9876776337830379,0.006978211539593618,-0.22495262041720998,0.280235223115442,-0.1300054368100503,0.01143972304427586,0.08594270295924915,0.9877153289002639,0.006998210477629198,-0.22495249570085535,0.2802353871985914,-0.1300097422268431,0.01145222982140128,0.08584389538427563,0.9877232097017268,0.006998261017393259,-0.22495249528384867,0.2802353873224946,-0.13000974062567403,0.011452234950873174,0.08584385720068168,0.9877232131715767,0.006998261017393259,-0.22495249528384867,0.2802353873224946,-0.13000974062567403,0.011452234950873174,0.08584385720068168,0.9877232131715767,0.1428876016648888,-0.5114111698358245,0.7777400947773104,-0.07047410770843669,0.5252750183999136,-0.023815062170950183,0.14288818477196136,-0.5114111295732611,0.7777400842651864,-0.07047283387296399,0.5252750008680058,-0.023813790697370812,0.14288818477196136,-0.5114111295732611,0.7777400842651864,-0.07047283387296399,0.5252750008680058,-0.023813790697370812,5.831070725334107e-05,4.026256334326589e-06,-1.0512124047093023e-06,0.00012738354726947763,-1.7531907847591167e-06,0.00012714735793691208,-0.0005300973386667446,-3.660233031206042e-05,9.556476406448338e-06,-0.0011580322479043585,1.5938098043264925e-05,-0.0011558850721537627,1.0,True,True,1,False,,0.0,0,,,,True,True,0.010000000000001563,1.3896386974882047e-06,1.0,5.054163628073624e-08,7.743130969645003e-08,2.0050540699755063e-05,0.00020007714876900596
19.850000000000303,1786132520.7992508,0.002940799997304566,0.002699899996514432,0.01,HOLD,64,clutch active,0.0,19.850000000000303,1985,0.08,0.0,0.0,0.0,0.0,0.17364817766693036,0.9848077530122081,0.08,0.0,0.0,0.0,0.0,0.17364817766693036,0.9848077530122081,0.006085042530717979,-0.22495819035210626,0.2802278950271373,-0.12998489960129023,0.011380114958398545,0.08641360184551672,0.9876776337830379,0.0069782620793193495,-0.22495262000243363,0.2802352232457122,-0.13000543577502985,0.011439728120883442,0.08594266478796277,0.987715332299043,0.006998261017393259,-0.22495249528384867,0.2802353873224946,-0.13000974062567403,0.011452234950873174,0.08584385720068168,0.9877232131715767,0.0069983073455126416,-0.22495249490157432,0.2802353874360334,-0.1300097391575829,0.01145223965292525,0.08584382219906113,0.9877232163523166,0.0069983073455126416,-0.22495249490157432,0.2802353874360334,-0.1300097391575829,0.01145223965292525,0.08584382219906113,0.9877232163523166,0.14288818477196136,-0.5114111295732611,0.7777400842651864,-0.07047283387296399,0.5252750008680058,-0.023813790697370812,0.14288871928677785,-0.5114110926659113,0.7777400746290727,-0.07047166619044735,0.5252749847970903,-0.023812625179923056,0.14288871928677785,-0.5114110926659113,0.7777400746290727,-0.07047166619044735,0.5252749847970903,-0.023812625179923056,5.345148164889522e-05,3.690734973132654e-06,-9.636113709835134e-07,0.00011676825166368616,-1.607091552695834e-06,0.00011655174477550108,-0.00048592256044450896,-3.355213611938824e-05,8.760103372577519e-06,-0.0010615295605789802,1.4609923206325972e-05,-0.001059561316140934,1.0,True,True,1,False,,0.0,0,,,,True,True,0.010000000000001563,1.2738354727009904e-06,1.0,4.632983563805443e-08,7.097873294907397e-08,2.0046328976810265e-05,0.00020007071970258247
19.860000000000305,1786132520.802179,0.002917699996032752,0.0027107000059913844,0.01,HOLD,64,clutch active,0.0,19.860000000000305,1986,0.08,0.0,0.0,0.0,0.0,0.17364817766693036,0.9848077530122081,0.08,0.0,0.0,0.0,0.0,0.17364817766693036,0.9848077530122081,0.006085042530717979,-0.22495819035210626,0.2802278950271373,-0.12998489960129023,0.011380114958398545,0.08641360184551672,0.9876776337830379,0.006978308407403599,-0.22495261962220392,0.2802352233650877,-0.130005434825903,0.011439732774476555,0.08594262979762111,0.9877153354146353,0.0069983073455126416,-0.22495249490157432,0.2802353874360334,-0.1300097391575829,0.01145223965292525,0.08584382219906113,0.9877232163523166,0.006998349812957352,-0.22495249455114077,0.28023538754007765,-0.1300097378115363,0.01145224396317008,0.08584379011424843,0.9877232192680319,0.006998349812957352,-0.22495249455114077,0.28023538754007765,-0.1300097378115363,0.01145224396317008,0.08584379011424843,0.9877232192680319,0.14288871928677785,-0.5114110926659113,0.7777400746290727,-0.07047166619044735,0.5252749847970903,-0.023812625179923056,0.14288920925869297,-0.511411058834174,0.7777400657959684,-0.07047059581480711,0.5252749700654178,-0.02381155678892928,0.14288920925869297,-0.511411058834174,0.7777400657959684,-0.07047059581480711,0.5252749700654178,-0.02381155678892928,4.8997191511486586e-05,3.3831737253715514e-06,-8.833104234015414e-07,0.00010703756402504413,-1.473167256637827e-06,0.00010683909937754113,-0.0004454290137407935,-3.075612477610545e-05,8.030094758195945e-06,-0.0009730687638640514,1.3392429605798618e-05,-0.0009712645397958424,1.0,True,True,1,False,,0.0,0,,,,True,True,0.010000000000001563,1.1676825166367921e-06,1.0,4.246901799060319e-08,6.50638656491184e-08,2.0042468230439107e-05,0.00020006482639204465
19.870000000000307,1786132520.8058548,0.0029076000064378604,0.0034788999910233542,0.01,HOLD,64,clutch active,0.0,19.870000000000307,1987,0.08,0.0,0.0,0.0,0.0,0.17364817766693036,0.9848077530122081,0.08,0.0,0.0,0.0,0.0,0.17364817766693036,0.9848077530122081,0.006085042530717979,-0.22495819035210626,0.2802278950271373,-0.12998489960129023,0.011380114958398545,0.08641360184551672,0.9876776337830379,0.006978350874816104,-0.2249526192736448,0.2802352234744825,-0.13000543395556916,0.011439737040300657,0.08594259772314479,0.987715338270633,0.006998349812957352,-0.22495249455114077,0.28023538754007765,-0.1300097378115363,0.01145224396317008,0.08584379011424843,0.9877232192680319,0.006998388741449965,-0.2249524942298971,0.280235387635424,-0.13000973657741083,0.01145224791425339,0.08584376070317523,0.987723221940802,0.006998388741449965,-0.2249524942298971,0.280235387635424,-0.13000973657741083,0.01145224791425339,0.08584376070317523,0.987723221940802,0.14288920925869297,-0.511411058834174,0.7777400657959684,-0.07047059581480711,0.5252749700654178,-0.02381155678892928,0.14288965839961515,-0.5114110278217482,0.7777400576989563,-0.07046961463713688,0.5252749565613846,-0.02381057743051832,0.14288965839961515,-0.5114110278217482,0.7777400576989563,-0.07046961463713688,0.5252749565613846,-0.02381057743051832,4.491409221886207e-05,3.101242581590545e-06,-8.097012214514014e-07,9.811776702295573e-05,-1.3504033185846556e-06,9.793584109607798e-05,-0.0004083099292623882,-2.819311437809626e-05,7.360920195012845e-06,-0.0008919797002087011,1.2276393805315225e-05,-0.0008903258281461762,1.0,True,True,1,False,,0.0,0,,,,True,True,0.010000000000001563,1.0703756402469233e-06,1.0,3.892993482627334e-08,5.964189976776296e-08,2.0038929212659417e-05,0.00020005942419104984
19.880000000000308,1786132520.8092554,0.0037434999976539984,0.0031355999963125214,0.01,HOLD,64,clutch active,0.0,19.880000000000308,1988,0.08,0.0,0.0,0.0,0.0,0.17364817766693036,0.9848077530122081,0.08,0.0,0.0,0.0,0.0,0.17364817766693036,0.9848077530122081,0.006085042530717979,-0.22495819035210626,0.2802278950271373,-0.12998489960129023,0.011380114958398545,0.08641360184551672,0.9876776337830379,0.006978389803279196,-0.22495261895411947,0.2802352235747336,-0.13000543315751,0.011439740950664964,0.08594256832154444,0.9877153408886624,0.006998388741449965,-0.2249524942298971,0.280235387635424,-0.13000973657741083,0.01145224791425339,0.08584376070317523,0.987723221940802,0.006998424425902889,-0.22495249393541286,0.28023538772280154,-0.13000973544591998,0.011452251536101214,0.08584373374302909,0.9877232243908673,0.006998424425902889,-0.22495249393541286,0.28023538772280154,-0.13000973544591998,0.011452251536101214,0.08584373374302909,0.9877232243908673,0.14288965839961515,-0.5114110278217482,0.7777400576989563,-0.07046961463713688,0.5252749565613846,-0.02381057743051832,0.14289007011212715,-0.5114109993936912,0.777740050276695,-0.0704687152242725,0.5252749441826875,-0.023809679685308272,0.14289007011212715,-0.5114109993936912,0.777740050276695,-0.0704687152242725,0.5252749441826875,-0.023809679685308272,4.1171251200622975e-05,2.8428056997912924e-06,-7.42226119663774e-07,8.994128643770813e-05,-1.2378697087025834e-06,8.977452100473687e-05,-0.0003742841018238506,-2.5843688179921208e-05,6.747510178761678e-06,-0.000817648058524631,1.1253360988205464e-05,-0.0008161320091339832,1.0,True,True,1,False,,0.0,0,,,,True,True,0.010000000000001563,9.81177670222877e-07,1.0,3.5685774984963475e-08,5.46717606526844e-08,2.0035685112792534e-05,0.0002000544721738049
19.89000000000031,1786132520.8123357,0.003347999998368323,0.0028684999997494742,0.01,HOLD,64,clutch active,0.0,19.89000000000031,1989,0.08,0.0,0.0,0.0,0.0,0.17364817766693036,0.9848077530122081,0.08,0.0,0.0,0.0,0.0,0.17364817766693036,0.9848077530122081,0.006085042530717979,-0.22495819035210626,0.2802278950271373,-0.12998489960129023,0.011380114958398545,0.08641360184551672,0.9876776337830379,0.00697842548770506,-0.22495261866121047,0.2802352236666074,-0.13000543242574344,0.011439744535187027,0.08594254137007992,0.9877153432885496,0.006998424425902889,-0.22495249393541286,0.28023538772280154,-0.13000973544591998,0.011452251536101214,0.08584373374302909,0.9877232243908673,0.006998457136652581,-0.22495249366545994,0.28023538780287804,-0.13000973440854408,0.011452254856146432,0.08584370902956545,0.9877232266367826,0.006998457136652581,-0.22495249366545994,0.28023538780287804,-0.13000973440854408,0.011452254856146432,0.08584370902956545,0.9877232266367826,0.14289007011212715,-0.5114109993936912,0.777740050276695,-0.0704687152242725,0.5252749441826875,-0.023809679685308272,0.14289044751526314,-0.5114109733346389,0.7777400434729556,-0.07046789076248015,0.5252749328355485,-0.023808856752199063,0.14289044751526314,-0.5114109733346389,0.7777400434729556,-0.07046789076248015,0.5252749328355485,-0.023808856752199063,3.774031360057052e-05,2.6059052248086477e-06,-6.803739430251165e-07,8.244617923456461e-05,-1.1347138996440187e-06,8.229331092100763e-05,-0.0003430937600051915,-2.3690047498260772e-05,6.185217663864784e-06,-0.0007495107203142345,1.0315580905854863e-05,-0.0007481210083728073,1.0,True,True,1,False,,0.0,0,,,,True,True,0.010000000000001563,8.994128643802224e-07,1.0,3.271196160816838e-08,5.011579669856432e-08,2.003271135442487e-05,0.0002000499328247346
19.90000000000031,1786132520.8160012,0.0030811000033281744,0.0034530999982962385,0.01,HOLD,64,clutch active,0.0,19.90000000000031,1990,0.08,0.0,0.0,0.0,0.0,0.17364817766693036,0.9848077530122081,0.08,0.0,0.0,0.0,0.0,0.17364817766693036,0.9848077530122081,0.006085042530717979,-0.22495819035210626,0.2802278950271373,-0.12998489960129023,0.011380114958398545,0.08641360184551672,0.9876776337830379,0.006978458198429949,-0.22495261839270161,0.28023522375080556,-0.13000543175477883,0.011439747821016958,0.08594251666457291,0.9877153454884685,0.006998457136652581,-0.22495249366545994,0.28023538780287804,-0.13000973440854408,0.011452254856146432,0.08584370902956545,0.9877232266367826,0.00699848712150742,-0.22495249341799536,0.2802353878762651,-0.13000973345746838,0.011452257899536382,0.08584368637556015,0.9877232286955567,0.00699848712150742,-0.22495249341799536,0.2802353878762651,-0.13000973345746838,0.011452257899536382,0.08584368637556015,0.9877232286955567,0.14289044751526314,-0.5114109733346389,0.7777400434729556,-0.07046789076248015,0.5252749328355485,-0.023808856752199063,0.14289079346813782,-0.5114109494471744,0.7777400372361944,-0.07046713500583716,0.5252749224340044,-0.023808102396848954,0.14289079346813782,-0.5114109494471744,0.7777400372361944,-0.07046713500583716,0.5252749224340044,-0.023808102396848954,3.4595287467189155e-05,2.3887464560745597e-06,-6.236761144396813e-07,7.557566429834982e-05,-1.0401544080070024e-06,7.54355350109226e-05,-0.0003145026133380877,-2.17158768734054e-05,5.669782858542638e-06,-0.0006870514936213718,9.455949163700157e-06,-0.0006857775910083969,1.0,True,True,1,False,,0.0,0,,,,True,True,0.010000000000001563,8.244617923508502e-07,1.0,2.998596578525604e-08,4.5939493854898476e-08,2.002998540905457e-05,0.00020004577175510471
19.910000000000313,1786132520.8203244,0.003733200006536208,0.004042700005811639,0.01,HOLD,64,clutch active,0.0,19.910000000000313,1991,0.08,0.0,0.0,0.0,0.0,0.17364817766693036,0.9848077530122081,0.08,0.0,0.0,0.0,0.0,0.17364817766693036,0.9848077530122081,0.006085042530717979,-0.22495819035210626,0.2802278950271373,-0.12998489960129023,0.011380114958398545,0.08641360184551672,0.9876776337830379,0.00697848818326205,-0.22495261814656087,0.2802352238279709,-0.130005431139578,0.011439750833042888,0.08594249401785989,0.9877153475050798,0.00699848712150742,-0.22495249341799536,0.2802353878762651,-0.13000973345746838,0.011452257899536382,0.08584368637556015,0.9877232286955567,0.006998514607625187,-0.22495249319114652,0.2802353879435228,-0.13000973258552478,0.011452260689323233,0.0858436656093912,0.9877232305827819,0.006998514607625187,-0.22495249319114652,0.2802353879435228,-0.13000973258552478,0.011452260689323233,0.0858436656093912,0.9877232305827819,0.14289079346813782,-0.5114109494471744,0.7777400372361944,-0.07046713500583716,0.5252749224340044,-0.023808102396848954,0.14289111059160628,-0.5114109275503318,0.7777400315191634,-0.07046644222891443,0.5252749128992557,-0.023807410904444687,0.14289111059160628,-0.5114109275503318,0.7777400315191634,-0.07046644222891443,0.5252749128992557,-0.023807410904444687,3.1712346844922945e-05,2.1896842514016487e-06,-5.71703104903033e-07,6.927769227348635e-05,-9.534748740064053e-07,6.914924042667806e-05,-0.0002882940622265763,-1.9906220467288e-05,5.197300953664011e-06,-0.0006297972024862484,8.667953400058354e-06,-0.000628629458424355,1.0,True,True,1,False,,0.0,0,,,,True,True,0.010000000000001563,7.557566429894358e-07,1.0,2.74871361533166e-08,4.211121407963405e-08,2.0027486625695245e-05,0.00020004195744132184
19.920000000000314,1786132520.8260021,0.0043147999967914075,0.005405700008850545,0.01,HOLD,64,clutch active,0.0,19.920000000000314,1992,0.08,0.0,0.0,0.0,0.0,0.17364817766693036,0.9848077530122081,0.08,0.0,0.0,0.0,0.0,0.17364817766693036,0.9848077530122081,0.006085042530717979,-0.22495819035210626,0.2802278950271373,-0.12998489960129023,0.011380114958398545,0.08641360184551672,0.9876776337830379,0.006978515669358976,-0.22495261792092558,0.2802352238986921,-0.13000543057551772,0.011439753594079387,0.08594247325837441,0.987715349353656,0.006998514607625187,-0.22495249319114652,0.2802353879435228,-0.13000973258552478,0.011452260689323233,0.0858436656093912,0.9877232305827819,0.0069985398032337935,-0.22495249298319625,0.28023538800516407,-0.13000973178613875,0.011452263246638554,0.08584364657373848,0.9877232323127513,0.0069985398032337935,-0.22495249298319625,0.28023538800516407,-0.13000973178613875,0.011452263246638554,0.08584364657373848,0.9877232323127513,0.14289111059160628,-0.5114109275503318,0.7777400315191634,-0.07046644222891443,0.5252749128992557,-0.023807410904444687,0.14289140128811903,-0.5114109074782262,0.7777400262785515,-0.07046580718340192,0.5252749041590693,-0.02380677703640744,0.14289140128811903,-0.5114109074782262,0.7777400262785515,-0.07046580718340192,0.5252749041590693,-0.02380677703640744,2.9069651274512285e-05,2.007210563784816e-06,-5.240611794944395e-07,6.350455125069492e-05,-8.740186345058591e-07,6.3386803724454e-05,-0.00026426955704102455,-1.824736876168041e-05,4.764192540858609e-06,-0.000577314102279053,7.945623950053379e-06,-0.0005762436702223173,1.0,True,True,1,False,,0.0,0,,,,True,True,0.010000000000001563,6.927769227310643e-07,1.0,2.5196542143821513e-08,3.8601955837405934e-08,2.002519607412076e-05,0.00020003846098712858
19.930000000000316,1786132520.831389,0.005772399992565624,0.005020099997636862,0.01,HOLD,64,clutch active,0.0,19.930000000000316,1993,0.08,0.0,0.0,0.0,0.0,0.17364817766693036,0.9848077530122081,0.08,0.0,0.0,0.0,0.0,0.17364817766693036,0.9848077530122081,0.006085042530717979,-0.22495819035210626,0.2802278950271373,-0.12998489960129023,0.011380114958398545,0.08641360184551672,0.9876776337830379,0.0069785408649484775,-0.22495261771408778,0.2802352239635083,-0.1300054300583566,0.011439756125040215,0.08594245422884736,0.9877153510481975,0.0069985398032337935,-0.22495249298319625,0.28023538800516407,-0.13000973178613875,0.011452263246638554,0.08584364657373848,0.9877232323127513,0.00699856289920895,-0.22495249279257074,0.280235388061659,-0.13000973105328065,0.01145226559085325,0.08584362912439193,0.9877232338985674,0.00699856289920895,-0.22495249279257074,0.280235388061659,-0.13000973105328065,0.01145226559085325,0.08584362912439193,0.9877232338985674,0.14289140128811903,-0.5114109074782262,0.7777400262785515,-0.07046580718340192,0.5252749041590693,-0.02380677703640744,0.14289166775992238,-0.511410889078796,0.7777400214746574,-0.07046522505834879,0.5252748961472318,-0.023806195990706634,0.14289166775992238,-0.511410889078796,0.7777400214746574,-0.07046522505834879,0.5252748961472318,-0.023806195990706634,2.6647180334969218e-05,1.839943016802722e-06,-4.803894145365627e-07,5.821250531313618e-05,-8.011837482970262e-07,5.8104570080748665e-05,-0.00024224709395426905,-1.6726754698206803e-05,4.3671764957869955e-06,-0.000529204593755791,7.28348862088216e-06,-0.00052822336437045,1.0,True,True,1,False,,0.0,0,,,,True,True,0.010000000000001563,6.35045512509258e-07,1.0,2.3096830912508005e-08,3.5385134259012907e-08,2.0023096401806078e-05,0.000200035255904395
19.940000000000317,1786132520.8367848,0.005374700005631894,0.005041299998993054,0.01,HOLD,64,clutch active,0.0,19.940000000000317,1994,0.08,0.0,0.0,0.0,0.0,0.17364817766693036,0.9848077530122081,0.08,0.0,0.0,0.0,0.0,0.17364817766693036,0.9848077530122081,0.006085042530717979,-0.22495819035210626,0.2802278950271373,-0.12998489960129023,0.011380114958398545,0.08641360184551672,0.9876776337830379,0.006978563960906122,-0.2249526175244821,0.2802352240229136,-0.13000542958420327,0.011439758445096624,0.08594243678511519,0.9877153526015383,0.00699856289920895,-0.22495249279257074,0.280235388061659,-0.13000973105328065,0.01145226559085325,0.08584362912439193,0.9877232338985674,0.006998584070519998,-0.22495249261782677,0.2802353881134376,-0.13000973038142014,0.011452267739724294,0.08584361312915911,0.9877232353522415,0.006998584070519998,-0.22495249261782677,0.2802353881134376,-0.13000973038142014,0.011452267739724294,0.08584361312915911,0.9877232353522415,0.14289166775992238,-0.511410889078796,0.7777400214746574,-0.07046522505834879,0.5252748961472318,-0.023806195990706634,0.1428919120257421,-0.5114108722126516,0.7777400170710878,-0.07046469144371675,0.5252748888030474,-0.023805663365480893,0.1428919120257421,-0.5114108722126516,0.7777400170710878,-0.07046469144371675,0.5252748888030474,-0.023805663365480893,2.4426581973721435e-05,1.686614432069138e-06,-4.403569633251762e-07,5.3361463203707405e-05,-7.344184359389302e-07,5.3262522574018854e-05,-0.00022205983612474348,-1.5332858473356016e-05,4.003245121138022e-06,-0.0004851042109428015,6.676531235808552e-06,-0.0004842047506729056,1.0,True,True,1,False,,0.0,0,,,,True,True,0.010000000000001563,5.821250531334865e-07,1.0,2.1172095502682148e-08,3.243637985609256e-08,2.002117170208139e-05,0.00020003231791183021
19.95000000000032,1786132520.8406713,0.00536419999843929,0.0035634999949252233,0.01,HOLD,64,clutch active,0.0,19.95000000000032,1995,0.08,0.0,0.0,0.0,0.0,0.17364817766693036,0.9848077530122081,0.08,0.0,0.0,0.0,0.0,0.17364817766693036,0.9848077530122081,0.006085042530717979,-0.22495819035210626,0.2802278950271373,-0.12998489960129023,0.011380114958398545,0.08641360184551672,0.9876776337830379,0.006978585132201118,-0.224952617350673,0.28023522407736023,-0.1300054291494878,0.01143976057182257,0.08594242079502828,0.9877153540254435,0.006998584070519998,-0.22495249261782677,0.2802353881134376,-0.13000973038142014,0.011452267739724294,0.08584361312915911,0.9877232353522415,0.006998603477555522,-0.2249524924576416,0.2802353881608946,-0.13000972976548622,0.011452269709529096,0.08584359846686368,0.9877232366847838,0.006998603477555522,-0.2249524924576416,0.2802353881608946,-0.13000972976548622,0.011452269709529096,0.08584359846686368,0.9877232366847838,0.1428919120257421,-0.5114108722126516,0.7777400170710878,-0.07046469144371675,0.5252748888030474,-0.023805663365480893,0.14289213593607686,-0.5114108567520192,0.7777400130344823,-0.07046420229697072,0.5252748820708784,-0.023805175125690633,0.14289213593607686,-0.5114108567520192,0.7777400130344823,-0.07046420229697072,0.5252748820708784,-0.023805175125690633,2.2391033475910997e-05,1.5460632293966878e-06,-4.0366054971473914e-07,4.891467460339776e-05,-6.732168996106764e-07,4.8823979026183253e-05,-0.00020355484978101197,-1.4055120267242817e-05,3.669641361043135e-06,-0.0004446788600308951,6.120153632824419e-06,-0.00044385435478349044,1.0,True,True,1,False,,0.0,0,,,,True,True,0.010000000000001563,5.336146320367163e-07,1.0,1.9407754617013373e-08,2.973335378815431e-08,2.0019407393919986e-05,0.00020002962475205457
19.96000000000032,1786132520.8438995,0.0038369999965652823,0.00295429999823682,0.01,HOLD,64,clutch active,0.0,19.96000000000032,1996,0.08,0.0,0.0,0.0,0.0,0.17364817766693036,0.9848077530122081,0.08,0.0,0.0,0.0,0.0,0.17364817766693036,0.9848077530122081,0.006085042530717979,-0.22495819035210626,0.2802278950271373,-0.12998489960129023,0.011380114958398545,0.08641360184551672,0.9876776337830379,0.006978604539221927,-0.22495261719134482,0.28023522412726287,-0.13000542875093582,0.011439762521327694,0.08594240613744937,0.9877153553306979,0.006998603477555522,-0.2249524924576416,0.2802353881608946,-0.13000972976548622,0.011452269709529096,0.08584359846686368,0.9877232366847838,0.006998621267338436,-0.22495249231080253,0.280235388204391,-0.1300097292008281,0.011452271515188827,0.08584358502642722,0.9877232379062874,0.006998621267338436,-0.22495249231080253,0.280235388204391,-0.1300097292008281,0.011452271515188827,0.08584358502642722,0.9877232379062874,0.14289213593607686,-0.5114108567520192,0.7777400130344823,-0.07046420229697072,0.5252748820708784,-0.023805175125690633,0.14289234118721705,-0.511410842579773,0.7777400093342606,-0.07046375391245352,0.5252748758997234,-0.02380472757254956,0.14289234118721705,-0.511410842579773,0.7777400093342606,-0.07046375391245352,0.5252748758997234,-0.02380472757254956,2.052511401958479e-05,1.4172246269469436e-06,-3.7002217057183894e-07,4.483845171978064e-05,-6.171154913097779e-07,4.4755314107334016e-05,-0.00018659194563259166,-1.2883860244972399e-05,3.363837914289493e-06,-0.00040762228836164804,5.610140830088971e-06,-0.00040686649188486046,1.0,True,True,1,False,,0.0,0,,,,True,True,0.010000000000001563,4.891467460382826e-07,1.0,1.7790442090595002e-08,2.7255579157380966e-08,2.0017790111399984e-05,0.00020002715602245087
19.970000000000322,1786132520.846966,0.0031635000050300732,0.00285730000177864,0.01,HOLD,64,clutch active,0.0,19.970000000000322,1997,0.08,0.0,0.0,0.0,0.0,0.17364817766693036,0.9848077530122081,0.08,0.0,0.0,0.0,0.0,0.17364817766693036,0.9848077530122081,0.006085042530717979,-0.22495819035210626,0.2802278950271373,-0.12998489960129023,0.011380114958398545,0.08641360184551672,0.9876776337830379,0.006978622328991353,-0.22495261704529138,0.2802352241730011,-0.1300054283855437,0.011439764308379388,0.08594239270133594,0.9877153565271877,0.006998621267338436,-0.22495249231080253,0.280235388204391,-0.1300097292008281,0.011452271515188827,0.08584358502642722,0.9877232379062874,0.006998637574639723,-0.22495249217619773,0.2802353882442578,-0.13000972868318098,0.011452273170381406,0.08584357270602809,0.9877232390260045,0.006998637574639723,-0.22495249217619773,0.2802353882442578,-0.13000972868318098,0.011452273170381406,0.08584357270602809,0.9877232390260045,0.14289234118721705,-0.511410842579773,0.7777400093342606,-0.07046375391245352,0.5252748758997234,-0.02380472757254956,0.14289252933409557,-0.5114108295885472,0.7777400059423907,-0.07046334289331276,0.5252748702428315,-0.023804317315503577,0.14289252933409557,-0.5114108295885472,0.7777400059423907,-0.07046334289331276,0.5252748702428315,-0.023804317315503577,1.881468785128579e-05,1.2991225747013466e-06,-3.3918698969084753e-07,4.1101914076465003e-05,-5.656892003672884e-07,4.102570459838893e-05,-0.00017104261682987325,-1.1810205224557863e-05,3.083518088098658e-06,-0.00037365376433150536,5.14262909424815e-06,-0.00037296095089445013,1.0,True,True,1,False,,0.0,0,,,,True,True,0.010000000000001563,4.483845171959766e-07,1.0,1.6307905539479727e-08,2.4984284833930405e-08,2.0016307602363543e-05,0.00020002489302015366
19.980000000000324,1786132520.8500106,0.003062599993427284,0.0028395999979693443,0.01,HOLD,64,clutch active,0.0,19.980000000000324,1998,0.08,0.0,0.0,0.0,0.0,0.17364817766693036,0.9848077530122081,0.08,0.0,0.0,0.0,0.0,0.17364817766693036,0.9848077530122081,0.006085042530717979,-0.22495819035210626,0.2802278950271373,-0.12998489960129023,0.011380114958398545,0.08641360184551672,0.9876776337830379,0.006978638636280276,-0.22495261691140675,0.28023522421492303,-0.1300054280505565,0.011439765946514595,0.08594238038489924,0.9877153576239756,0.006998637574639723,-0.22495249217619773,0.2802353882442578,-0.13000972868318098,0.011452273170381406,0.08584357270602809,0.9877232390260045,0.006998652522999461,-0.22495249205280815,0.28023538828079847,-0.13000972820863457,0.011452274687645033,0.08584356141232959,0.9877232400524164,0.006998652522999461,-0.22495249205280815,0.28023538828079847,-0.13000972820863457,0.011452274687645033,0.08584356141232959,0.9877232400524164,0.14289252933409557,-0.5114108295885472,0.7777400059423907,-0.07046334289331276,0.5252748702428315,-0.023804317315503577,0.14289270180206753,-0.5114108176799236,0.7777400028331766,-0.07046296612576705,0.5252748650573471,-0.02380394124654476,0.14289270180206753,-0.5114108176799236,0.7777400028331766,-0.07046296612576705,0.5252748650573471,-0.02380394124654476,1.724679719701173e-05,1.190862360142884e-06,-3.109214072166058e-07,3.767675457009239e-05,-5.185484336700069e-07,3.760689588185599e-05,-0.0001567890654273816,-1.0826021455844555e-05,2.8265582474237295e-06,-0.0003425159506372084,4.714076669727403e-06,-0.0003418808716532411,1.0,True,True,1,False,,0.0,0,,,,True,True,0.010000000000001563,4.1101914076413504e-07,1.0,1.494891364113156e-08,2.2902264563793303e-08,2.001494863569406e-05,0.0002000228186017533
19.990000000000325,1786132520.854119,0.0030427000019699335,0.0039058999973349273,0.01,HOLD,64,clutch active,0.0,19.990000000000325,1999,0.08,0.0,0.0,0.0,0.0,0.17364817766693036,0.9848077530122081,0.08,0.0,0.0,0.0,0.0,0.17364817766693036,0.9848077530122081,0.006085042530717979,-0.22495819035210626,0.2802278950271373,-0.12998489960129023,0.011380114958398545,0.08641360184551672,0.9876776337830379,0.00697865358462868,-0.22495261678867734,0.28023522425334757,-0.1300054277434477,0.0114397674481423,0.08594236909483259,0.9877153586293691,0.006998652522999461,-0.22495249205280815,0.28023538828079847,-0.13000972820863457,0.011452274687645033,0.08584356141232959,0.9877232400524164,0.006998666225662774,-0.22495249193969943,0.28023538831429046,-0.1300097277736028,0.01145227607847317,0.0858435510597733,0.9877232409932978,0.006998666225662774,-0.22495249193969943,0.28023538831429046,-0.1300097277736028,0.01145227607847317,0.0858435510597733,0.9877232409932978,0.14289270180206753,-0.5114108176799236,0.7777400028331766,-0.07046296612576705,0.5252748650573471,-0.02380394124654476,0.1428928598977085,-0.5114108067636853,0.7777399999830636,-0.07046262075551682,0.5252748603039865,-0.023803596516665842,0.1428928598977085,-0.5114108067636853,0.7777399999830636,-0.07046262075551682,0.5252748603039865,-0.023803596516665842,1.5809564097260528e-05,1.0916238301309616e-06,-2.850112899485513e-07,3.4537025022584195e-05,-4.753360641974996e-07,3.4472987891700835e-05,-0.00014372330997509776,-9.923853001190701e-06,2.5910117268050483e-06,-0.0003139729547507699,4.321236947250057e-06,-0.0003133907990154666,1.0,True,True,1,False,,0.0,0,,,,True,True,0.010000000000001563,3.7676754570392657e-07,1.0,1.3703171062413204e-08,2.0993745237504353e-08,2.001370291624603e-05,0.00020002091705127042
20.000000000000327,1786132520.8581426,0.0041625000012572855,0.0037659000081475824,0.01,HOLD,64,clutch active,0.0,20.000000000000327,2000,0.08,0.0,0.0,0.0,0.0,0.17364817766693036,0.9848077530122081,0.08,0.0,0.0,0.0,0.0,0.17364817766693036,0.9848077530122081,0.006085042530717979,-0.22495819035210626,0.2802278950271373,-0.12998489960129023,0.011380114958398545,0.08641360184551672,0.9876776337830379,0.006978667287281604,-0.22495261667617378,0.28023522428856645,-0.1300054274619,0.011439768824637509,0.08594235874560525,0.9877153595509838,0.006998666225662774,-0.22495249193969943,0.28023538831429046,-0.1300097277736028,0.01145227607847317,0.0858435510597733,0.9877232409932978,0.006998678786437645,-0.22495249183601507,0.2802353883449886,-0.13000972737479766,0.011452277353401652,0.08584354156993057,0.9877232418557758,0.006998678786437645,-0.22495249183601507,0.2802353883449886,-0.13000972737479766,0.011452277353401652,0.08584354156993057,0.9877232418557758,0.1428928598977085,-0.5114108067636853,0.7777399999830636,-0.07046262075551682,0.5252748603039865,-0.023803596516665842,0.14289300481871273,-0.5114107967571335,0.7777399973704602,-0.07046230416612077,0.5252748559467393,-0.023803280514276836,0.14289300481871273,-0.5114107967571335,0.7777399973704602,-0.07046230416612077,0.5252748559467393,-0.023803280514276836,1.449210042248861e-05,1.000655177620034e-06,-2.612603491195016e-07,3.165893960403506e-05,-4.357247255143684e-07,3.1600238900725316e-05,-0.00013174636747717106,-9.096865251091347e-06,2.375094082904594e-06,-0.0002878085418548683,3.961133868312496e-06,-0.00028727489909750696,1.0,True,True,1,False,,0.0,0,,,,True,True,0.010000000000001563,3.453702502320688e-07,1.0,1.2561240312981392e-08,1.924426892286731e-08,2.001256100670604e-05,0.00020001917396353136
20.01000000000033,1786132520.8614569,0.004039999999804422,0.00304100000357721,0.01,HOLD,64,clutch active,0.0,20.01000000000033,2001,0.08,0.0,0.0,0.0,0.0,0.17364817766693036,0.9848077530122081,0.08,0.0,0.0,0.0,0.0,0.17364817766693036,0.9848077530122081,0.006085042530717979,-0.22495819035210626,0.2802278950271373,-0.12998489960129023,0.011380114958398545,0.08641360184551672,0.9876776337830379,0.006978679848046953,-0.2249526165730442,0.2802352243208476,-0.13000542720378816,0.011439770086427468,0.08594234925881385,0.9877153603958008,0.006998678786437645,-0.22495249183601507,0.2802353883449886,-0.13000972737479766,0.011452277353401652,0.08584354156993057,0.9877232418557758,0.006998690300481419,-0.22495249174096996,0.2802353883731263,-0.13000972700920455,0.011452278522088313,0.08584353287090853,0.9877232426463832,0.006998690300481419,-0.22495249174096996,0.2802353883731263,-0.13000972700920455,0.011452278522088313,0.08584353287090853,0.9877232426463832,0.14289300481871273,-0.5114107967571335,0.7777399973704602,-0.07046230416612077,0.5252748559467393,-0.023803280514276836,0.1428931376629666,-0.511410787584461,0.7777399949755737,-0.0704620139591744,0.5252748519525959,-0.023802990845420247,0.1428931376629666,-0.511410787584461,0.7777399949755737,-0.0704620139591744,0.5252748519525959,-0.023802990845420247,1.3284425387281037e-05,9.172672461516848e-07,-2.394886533595398e-07,2.9020694637031726e-05,-3.994143317214987e-07,2.8966885658997794e-05,-0.00012076750352073843,-8.338793146833617e-06,2.177169575995847e-06,-0.0002638244967002922,3.6310393792864037e-06,-0.000263335324172711,1.0,True,True,1,False,,0.0,0,,,,True,True,0.010000000000001563,3.1658939604606307e-07,1.0,1.151447043202224e-08,1.7640581786734426e-08,2.001151425627149e-05,0.0002000175761330624
20.02000000000033,1786132520.8646367,0.0032543999986955896,0.002966000000014901,0.01,HOLD,64,clutch active,0.0,20.02000000000033,2002,0.08,0.0,0.0,0.0,0.0,0.17364817766693036,0.9848077530122081,0.08,0.0,0.0,0.0,0.0,0.17364817766693036,0.9848077530122081,0.006085042530717979,-0.22495819035210626,0.2802278950271373,-0.12998489960129023,0.011380114958398545,0.08641360184551672,0.9876776337830379,0.006978691362081997,-0.22495261647850762,0.28023522435043635,-0.1300054269671636,0.011439771243070487,0.08594234056258865,0.9877153611702189,0.006998690300481419,-0.22495249174096996,0.2802353883731263,-0.13000972700920455,0.011452278522088313,0.08584353287090853,0.9877232426463832,0.0069987008550216785,-0.2249524916538444,0.280235388398917,-0.13000972667405916,0.011452279593386306,0.08584352489680536,0.987723243371109,0.0069987008550216785,-0.2249524916538444,0.280235388398917,-0.13000972667405916,0.011452279593386306,0.08584352489680536,0.987723243371109,0.1428931376629666,-0.511410787584461,0.7777399949755737,-0.0704620139591744,0.5252748519525959,-0.023802990845420247,0.14289325943686598,-0.5114107791761779,0.777739992780261,-0.07046174793614023,0.5252748482912979,-0.02380272531563504,0.14289325943686598,-0.5114107791761779,0.777739992780261,-0.07046174793614023,0.5252748482912979,-0.02380272531563504,1.2177389938340778e-05,8.408283089723658e-07,-2.19531265579575e-07,2.6602303417278705e-05,-3.6612980407803523e-07,2.65529785207476e-05,-0.00011070354489400864,-7.643893717930707e-06,1.9957387779961647e-06,-0.0002418391219752644,3.3284527643458225e-06,-0.00024139071382498162,1.0,True,True,1,False,,0.0,0,,,,True,True,0.010000000000001563,2.902069463767143e-07,1.0,1.0554931364285763e-08,1.61705350083076e-08,2.0010554735032215e-05,0.0002000161114552027
20.03000000000033,1786132520.8692527,0.003177200007485226,0.004405300001963042,0.01,HOLD,64,clutch active,0.0,20.03000000000033,2003,0.08,0.0,0.0,0.0,0.0,0.17364817766693036,0.9848077530122081,0.08,0.0,0.0,0.0,0.0,0.17364817766693036,0.9848077530122081,0.006085042530717979,-0.22495819035210626,0.2802278950271373,-0.12998489960129023,0.011380114958398545,0.08641360184551672,0.9876776337830379,0.0069787019166142545,-0.22495261639184821,0.28023522437755727,-0.13000542675023913,0.01143977230332847,0.0859423325910491,0.9877153618801044,0.0069987008550216785,-0.2249524916538444,0.280235388398917,-0.13000972667405916,0.011452279593386306,0.08584352489680536,0.987723243371109,0.006998710530016983,-0.2249524915739784,0.2802353884225568,-0.1300097263668272,0.011452280575411054,0.08584351758721107,0.9877232440354429,0.006998710530016983,-0.2249524915739784,0.2802353884225568,-0.1300097263668272,0.011452280575411054,0.08584351758721107,0.9877232440354429,0.14289325943686598,-0.5114107791761779,0.777739992780261,-0.07046174793614023,0.5252748482912979,-0.02380272531563504,0.14289337106294042,-0.5114107714685852,0.777739990767891,-0.07046150408169223,0.525274844935108,-0.02380248191333193,0.14289337106294042,-0.5114107714685852,0.777739990767891,-0.07046150408169223,0.525274844935108,-0.02380248191333193,1.1162607443478888e-05,7.707592832246577e-07,-2.012369934479409e-07,2.43854447991718e-05,-3.356189870715275e-07,2.4340230310684953e-05,-0.00010147824948617316,-7.006902574769716e-06,1.8294272131631251e-06,-0.00022168586181065588,3.051081700650294e-06,-0.00022127482100623002,1.0,True,True,1,False,,0.0,0,,,,True,True,0.010000000000001563,2.660230341705594e-07,1.0,9.675353821392154e-09,1.4822991936680465e-08,2.0009675173834313e-05,0.00020001476883390492
20.040000000000333,1786132520.8727164,0.00463889999082312,0.0032296999997925013,0.01,HOLD,64,clutch active,0.0,20.040000000000333,2004,0.08,0.0,0.0,0.0,0.0,0.17364817766693036,0.9848077530122081,0.08,0.0,0.0,0.0,0.0,0.17364817766693036,0.9848077530122081,0.006085042530717979,-0.22495819035210626,0.2802278950271373,-0.12998489960129023,0.011380114958398545,0.08641360184551672,0.9876776337830379,0.006978711591602224,-0.22495261631240954,0.2802352244024164,-0.1300054265513761,0.01143977327523321,0.08594232528380465,0.987715362530835,0.006998710530016983,-0.2249524915739784,0.2802353884225568,-0.1300097263668272,0.011452280575411054,0.08584351758721107,0.9877232440354429,0.006998719398762791,-0.22495249150076724,0.28023538844422524,-0.1300097260851849,0.011452281475601712,0.08584351088674992,0.9877232446444172,0.006998719398762791,-0.22495249150076724,0.28023538844422524,-0.1300097260851849,0.011452281475601712,0.08584351088674992,0.9877232446444172,0.14289337106294042,-0.5114107714685852,0.777739990767891,-0.07046150408169223,0.525274844935108,-0.02380248191333193,0.142893473386842,-0.5114107644032917,0.7777399889232186,-0.07046128054844823,0.5252748418586006,-0.023802258794554082,0.142893473386842,-0.5114107644032917,0.7777399889232186,-0.07046128054844823,0.5252748418586006,-0.023802258794554082,1.023239015652217e-05,7.065293429559262e-07,-1.844672439939432e-07,2.23533243992405e-05,-3.0765073814889585e-07,2.2311877784794223e-05,-9.30217286956574e-05,-6.422994026872148e-06,1.6769749453995076e-06,-0.00020321203999309833,2.7968248922627294e-06,-0.00020283525258904127,1.0,True,True,1,False,,0.0,0,,,,True,True,0.010000000000001563,2.4385444799546185e-07,1.0,8.869074449337287e-09,1.3587743712005306e-08,2.000886890944923e-05,0.00020001353809758773
20.050000000000335,1786132520.8760016,0.0034641000092960894,0.003050300001632422,0.01,HOLD,64,clutch active,0.0,20.050000000000335,2005,0.08,0.0,0.0,0.0,0.0,0.17364817766693036,0.9848077530122081,0.08,0.0,0.0,0.0,0.0,0.17364817766693036,0.9848077530122081,0.006085042530717979,-0.22495819035210626,0.2802278950271373,-0.12998489960129023,0.011380114958398545,0.08641360184551672,0.9876776337830379,0.0069787204603413075,-0.22495261623959012,0.2802352244252026,-0.1300054263690718,0.011439774166147195,0.08594231858549742,0.9877153631273395,0.006998719398762791,-0.22495249150076724,0.28023538844422524,-0.1300097260851849,0.011452281475601712,0.08584351088674992,0.9877232446444172,0.0069987275284465085,-0.22495249143365645,0.2802353884640867,-0.13000972582700204,0.011452282300777598,0.08584350474466076,0.9877232452026451,0.0069987275284465085,-0.22495249143365645,0.2802353884640867,-0.13000972582700204,0.011452282300777598,0.08584350474466076,0.9877232452026451,0.142893473386842,-0.5114107644032917,0.7777399889232186,-0.07046128054844823,0.5252748418586006,-0.023802258794554082,0.14289356718375176,-0.5114107579267727,0.7777399872322689,-0.07046107564297457,0.5252748390384688,-0.023802054269007722,0.14289356718375176,-0.5114107579267727,0.7777399872322689,-0.07046107564297457,0.5252748390384688,-0.023802054269007722,9.379690976811856e-06,6.476518977095898e-07,-1.690949736611122e-07,2.0490547365970168e-05,-2.8201317663648385e-07,2.045255463606108e-05,-8.526991797101809e-05,-5.887744524632718e-06,1.53722703328286e-06,-0.00018627770332700416,2.563756151240799e-06,-0.0001859323148732852,1.0,True,True,1,False,,0.0,0,,,,True,True,0.010000000000001563,2.23533243998153e-07,1.0,8.129984974639858e-09,1.2455432748538184e-08,2.000812983371318e-05,0.00020001240992272723
20.060000000000336,1786132520.879197,0.003327400001580827,0.002918600002885796,0.01,HOLD,64,clutch active,0.0,20.060000000000336,2006,0.08,0.0,0.0,0.0,0.0,0.17364817766693036,0.9848077530122081,0.08,0.0,0.0,0.0,0.0,0.17364817766693036,0.9848077530122081,0.006085042530717979,-0.22495819035210626,0.2802278950271373,-0.12998489960129023,0.011380114958398545,0.08641360184551672,0.9876776337830379,0.006978728590018862,-0.2249526161728384,0.28023522444608867,-0.13000542620194858,0.011439774982819464,0.0859423124453826,0.9877153636741369,0.0069987275284465085,-0.22495249143365645,0.2802353884640867,-0.13000972582700204,0.011452282300777598,0.08584350474466076,0.9877232452026451,0.006998734980656646,-0.22495249137213777,0.28023538848229207,-0.13000972559032514,0.011452283057189776,0.08584349911441257,0.9877232457143551,0.006998734980656646,-0.22495249137213777,0.28023538848229207,-0.13000972559032514,0.011452283057189776,0.08584349911441257,0.9877232457143551,0.14289356718375176,-0.5114107579267727,0.7777399872322689,-0.07046107564297457,0.5252748390384688,-0.023802054269007722,0.14289365316425237,-0.5114107519899637,0.7777399856822317,-0.07046088781295705,0.525274836453348,-0.023801866787256893,0.14289365316425237,-0.5114107519899637,0.7777399856822317,-0.07046088781295705,0.525274836453348,-0.023801866787256893,8.598050062077413e-06,5.936809062337823e-07,-1.5500372585601733e-07,1.8783001752139052e-05,-2.5851207858343986e-07,1.8748175083055724e-05,-7.816409147343213e-05,-5.397099147579915e-06,1.4091247805092685e-06,-0.00017075456138308475,2.3501098053040324e-06,-0.000170437955300509,1.0,True,True,1,False,,0.0,0,,,,True,True,0.010000000000001563,2.049054736580347e-07,1.0,7.452486290656885e-09,1.1417480829923876e-08,2.000745234762553e-05,0.00020001137576242846
20.070000000000338,1786132520.882304,0.0031209000007947907,0.002905000001192093,0.01,HOLD,64,clutch active,0.0,20.070000000000338,2007,0.08,0.0,0.0,0.0,0.0,0.17364817766693036,0.9848077530122081,0.08,0.0,0.0,0.0,0.0,0.17364817766693036,0.9848077530122081,0.006085042530717979,-0.22495819035210626,0.2802278950271373,-0.12998489960129023,0.011380114958398545,0.08641360184551672,0.9876776337830379,0.006978736042223349,-0.2249526161116489,0.28023522446523325,-0.13000542604874293,0.011439775731436659,0.08594230681694412,0.987715364175369,0.006998734980656646,-0.22495249137213777,0.28023538848229207,-0.13000972559032514,0.011452283057189776,0.08584349911441257,0.9877232457143551,0.006998741811849337,-0.2249524913157453,0.28023538849897944,-0.1300097253733637,0.011452283750568377,0.08584349395335186,0.9877232461834236,0.006998741811849337,-0.2249524913157453,0.28023538849897944,-0.1300097253733637,0.011452283750568377,0.08584349395335186,0.9877232461834236,0.14289365316425237,-0.5114107519899637,0.7777399856822317,-0.07046088781295705,0.525274836453348,-0.023801866787256893,0.14289373197971128,-0.5114107465478887,0.7777399842613641,-0.07046071563544098,0.5252748340836539,-0.023801694928985297,0.14289373197971128,-0.5114107465478887,0.7777399842613641,-0.07046071563544098,0.5252748340836539,-0.023801694928985297,7.881545890237517e-06,5.442074973809593e-07,-1.420867487013472e-07,1.721775160612722e-05,-2.3696940536814984e-07,1.7185827159467503e-05,-7.165041718397845e-05,-4.947340885281519e-06,1.2916977154668112e-06,-0.00015652501460115877,2.1542673215286657e-06,-0.0001562347923587977,1.0,True,True,1,False,,0.0,0,,,,True,True,0.010000000000001563,1.8783001752564754e-07,1.0,6.831445832784629e-09,1.0466024809372786e-08,2.0006831318715917e-05,0.0002000104277821868
20.08000000000034,1786132520.885797,0.0031050999969011173,0.0032931999885477126,0.01,HOLD,64,clutch active,0.0,20.08000000000034,2008,0.08,0.0,0.0,0.0,0.0,0.17364817766693036,0.9848077530122081,0.08,0.0,0.0,0.0,0.0,0.17364817766693036,0.9848077530122081,0.006085042530717979,-0.22495819035210626,0.2802278950271373,-0.12998489960129023,0.011380114958398545,0.08641360184551672,0.9876776337830379,0.0069787428734108614,-0.22495261605555816,0.2802352244827816,-0.13000542590829664,0.01143977641766986,0.08594230165754227,0.9877153646348326,0.006998741811849337,-0.2249524913157453,0.28023538849897944,-0.1300097253733637,0.011452283750568377,0.08584349395335186,0.9877232461834236,0.006998748073776002,-0.22495249126405176,0.28023538851427554,-0.130009725174476,0.011452284386166108,0.08584348922237969,0.9877232466134037,0.006998748073776002,-0.22495249126405176,0.28023538851427554,-0.130009725174476,0.011452284386166108,0.08584348922237969,0.9877232466134037,0.14289373197971128,-0.5114107465478887,0.7777399842613641,-0.07046071563544098,0.5252748340836539,-0.023801694928985297,0.1428938042272153,-0.5114107415593199,0.7777399829589022,-0.07046055780605126,0.5252748319114344,-0.023801537392236335,0.1428938042272153,-0.5114107415593199,0.7777399829589022,-0.07046055780605126,0.5252748319114344,-0.023801537392236335,7.224750399384288e-06,4.988568725992057e-07,-1.3024618630956643e-07,1.5782938972283064e-05,-2.1722195492080094e-07,1.575367489617832e-05,-6.567954908531264e-05,-4.535062478174661e-06,1.1840562391778934e-06,-0.00014348126338439352,1.974745044734582e-06,-0.00014321522632889587,1.0,True,True,1,False,,0.0,0,,,,True,True,0.010000000000001563,1.7217751606402043e-07,1.0,6.262158712980103e-09,9.593856654924318e-09,2.0006262042182845e-05,0.00020000955880031046
20.09000000000034,1786132520.888949,0.0034958000032929704,0.002949000001535751,0.01,HOLD,64,clutch active,0.0,20.09000000000034,2009,0.08,0.0,0.0,0.0,0.0,0.17364817766693036,0.9848077530122081,0.08,0.0,0.0,0.0,0.0,0.17364817766693036,0.9848077530122081,0.006085042530717979,-0.22495819035210626,0.2802278950271373,-0.12998489960129023,0.011380114958398545,0.08641360184551672,0.9876776337830379,0.006978749135332779,-0.2249526160041412,0.2802352244988669,-0.13000542577954777,0.011439777046717635,0.08594229692809065,0.9877153650560083,0.006998748073776002,-0.22495249126405176,0.28023538851427554,-0.130009725174476,0.011452284386166108,0.08584348922237969,0.9877232466134037,0.00699875381387547,-0.2249524912166658,0.28023538852829627,-0.1300097249921569,0.011452284968797894,0.08584348488565532,0.987723247007553,0.00699875381387547,-0.2249524912166658,0.28023538852829627,-0.1300097249921569,0.011452284968797894,0.08584348488565532,0.987723247007553,0.1428938042272153,-0.5114107415593199,0.7777399829589022,-0.07046055780605126,0.5252748319114344,-0.023801537392236335,0.14289387045409394,-0.5114107369864652,0.7777399817649788,-0.07046041312911068,0.5252748299202332,-0.023801392983549788,0.14289387045409394,-0.5114107369864652,0.7777399817649788,-0.07046041312911068,0.5252748299202332,-0.023801392983549788,6.62268786610217e-06,4.5728546654926535e-07,-1.193923374504342e-07,1.4467694057925936e-05,-1.991201253440647e-07,1.4440868654829921e-05,-6.02062533282024e-05,-4.157140604993381e-06,1.0853848859130536e-06,-0.0001315244914356922,1.8101829576733412e-06,-0.00013128062413481935,1.0,True,True,1,False,,0.0,0,,,,True,True,0.010000000000001563,1.5782938972419558e-07,1.0,5.740312179646702e-09,8.79436910550662e-09,2.0005740205354417e-05,0.00020000876223357988
20.100000000000342,1786132520.892164,0.0031712999916635454,0.0029925999988336116,0.01,HOLD,64,clutch active,0.0,20.100000000000342,2010,0.08,0.0,0.0,0.0,0.0,0.17364817766693036,0.9848077530122081,0.08,0.0,0.0,0.0,0.0,0.17364817766693036,0.9848077530122081,0.006085042530717979,-0.22495819035210626,0.2802278950271373,-0.12998489960129023,0.011380114958398545,0.08641360184551672,0.9876776337830379,0.006978754875427896,-0.22495261595700883,0.2802352245136111,-0.13000542566152248,0.011439777623345304,0.08594229259276008,0.9877153654420869,0.00699875381387547,-0.2249524912166658,0.28023538852829627,-0.1300097249921569,0.011452284968797894,0.08584348488565532,0.987723247007553,0.006998759075633344,-0.22495249117322844,0.2802353885411482,-0.13000972482502646,0.011452285502877513,0.0858434809103247,0.987723247368857,0.006998759075633344,-0.22495249117322844,0.2802353885411482,-0.13000972482502646,0.011452285502877513,0.0858434809103247,0.987723247368857,0.14289387045409394,-0.5114107369864652,0.7777399817649788,-0.07046041312911068,0.5252748299202332,-0.023801392983549788,0.14289393116206603,-0.5114107327946817,0.7777399806705491,-0.07046028050858182,0.5252748280949654,-0.023801260608920453,0.14289393116206603,-0.5114107327946817,0.7777399806705491,-0.07046028050858182,0.5252748280949654,-0.023801260608920453,6.0707972105935696e-06,4.191783443368206e-07,-1.0944297599622979e-07,1.3262052886431919e-05,-1.8252678156539005e-07,1.3237462933593906e-05,-5.518906555085142e-05,-3.810712221243878e-06,9.94936145420285e-07,-0.00012056411714938281,1.659334377867206e-06,-0.00012034057212358268,1.0,True,True,1,False,,0.0,0,,,,True,True,0.010000000000001563,1.4467694058051261e-07,1.0,5.261952859236265e-09,8.061505493194998e-09,2.0005261854932068e-05,0.00020000803204751154
20.110000000000344,1786132520.8952687,0.00323950000165496,0.0028575999895110726,0.01,HOLD,64,clutch active,0.0,20.110000000000344,2011,0.08,0.0,0.0,0.0,0.0,0.17364817766693036,0.9848077530122081,0.08,0.0,0.0,0.0,0.0,0.17364817766693036,0.9848077530122081,0.006085042530717979,-0.22495819035210626,0.2802278950271373,-0.12998489960129023,0.011380114958398545,0.08641360184551672,0.9876776337830379,0.00697876013718178,-0.2249526159138039,0.28023522452712624,-0.13000542555332797,0.011439778151921142,0.08594228861870705,0.9877153657959928,0.006998759075633344,-0.22495249117322844,0.2802353885411482,-0.13000972482502646,0.011452285502877513,0.0858434809103247,0.987723247368857,0.0069987638989114365,-0.22495249113341065,0.2802353885529286,-0.13000972467181968,0.011452285992450904,0.08584347726627178,0.9877232477000528,0.0069987638989114365,-0.22495249113341065,0.2802353885529286,-0.13000972467181968,0.011452285992450904,0.08584347726627178,0.9877232477000528,0.14289393116206603,-0.5114107327946817,0.7777399806705491,-0.07046028050858182,0.5252748280949654,-0.023801260608920453,0.14289398681104046,-0.5114107289522136,0.7777399796673218,-0.07046015893976369,0.5252748264218032,-0.023801139265510227,0.14289398681104046,-0.5114107289522136,0.7777399796673218,-0.07046015893976369,0.5252748264218032,-0.023801139265510227,5.564897443044026e-06,3.842468156420801e-07,-1.0032272799654255e-07,1.215688181256242e-05,-1.673162164349385e-07,1.2134341022460909e-05,-5.0589976754946415e-05,-3.493152869473505e-06,9.120247999685816e-07,-0.00011051710738693267,1.5210565130449171e-06,-0.00011031219111328256,1.0,True,True,1,False,,0.0,0,,,,True,True,0.010000000000001563,1.3262052886431341e-07,1.0,4.823456830502029e-09,7.38971362187528e-09,2.000482336705926e-05,0.00020000736271002302
20.120000000000346,1786132520.8984382,0.003057099995203316,0.002970500005176291,0.01,HOLD,64,clutch active,0.0,20.120000000000346,2012,0.08,0.0,0.0,0.0,0.0,0.17364817766693036,0.9848077530122081,0.08,0.0,0.0,0.0,0.0,0.17364817766693036,0.9848077530122081,0.006085042530717979,-0.22495819035210626,0.2802278950271373,-0.12998489960129023,0.011380114958398545,0.08641360184551672,0.9876776337830379,0.0069787649604562164,-0.22495261587419915,0.28023522453951455,-0.13000542545414573,0.011439778636449398,0.08594228497582523,0.987715366120407,0.0069987638989114365,-0.22495249113341065,0.2802353885529286,-0.13000972467181968,0.011452285992450904,0.08584347726627178,0.9877232477000528,0.006998768320249697,-0.22495249109691087,0.28023538856372715,-0.13000972453137702,0.01145228644122682,0.08584347392588997,0.9877232480036494,0.006998768320249697,-0.22495249109691087,0.28023538856372715,-0.13000972453137702,0.01145228644122682,0.08584347392588997,0.9877232480036494,0.14289398681104046,-0.5114107289522136,0.7777399796673218,-0.07046015893976369,0.5252748264218032,-0.023801139265510227,0.14289403782260035,-0.5114107254299511,0.7777399787476967,-0.07046004750168042,0.5252748248880712,-0.023801028034050854,0.14289403782260035,-0.5114107254299511,0.7777399787476967,-0.07046004750168042,0.5252748248880712,-0.023801028034050854,5.101155989456951e-06,3.5222624767190175e-07,-9.196250066349604e-08,1.114380832818206e-05,-1.5337319839869146e-07,1.1123145937255675e-05,-4.637414535870022e-05,-3.202056797017334e-06,8.360227333045213e-07,-0.00010130734843802017,1.3943018036244875e-06,-0.00010111950852050758,1.0,True,True,1,False,,0.0,0,,,,True,True,0.010000000000001563,1.2156881812330766e-07,1.0,4.421502104275173e-09,6.773904503743916e-09,2.000442141981203e-05,0.00020000674915095782
20.130000000000347,1786132520.902065,0.0032824000081745908,0.0033147000067401677,0.01,HOLD,64,clutch active,0.0,20.130000000000347,2013,0.08,0.0,0.0,0.0,0.0,0.17364817766693036,0.9848077530122081,0.08,0.0,0.0,0.0,0.0,0.17364817766693036,0.9848077530122081,0.006085042530717979,-0.22495819035210626,0.2802278950271373,-0.12998489960129023,0.011380114958398545,0.08641360184551672,0.9876776337830379,0.006978769381791125,-0.22495261583789466,0.2802352245508703,-0.1300054253632255,0.01143977908060061,0.08594228163651689,0.9877153664177872,0.006998768320249697,-0.22495249109691087,0.28023538856372715,-0.13000972453137702,0.01145228644122682,0.08584347392588997,0.9877232480036494,0.006998772373143124,-0.22495249106345255,0.28023538857362523,-0.13000972440263509,0.011452286852605024,0.08584347086387334,0.9877232482819466,0.006998772373143124,-0.22495249106345255,0.28023538857362523,-0.13000972440263509,0.011452286852605024,0.08584347086387334,0.9877232482819466,0.14289403782260035,-0.5114107254299511,0.7777399787476967,-0.07046004750168042,0.5252748248880712,-0.023801028034050854,0.1428940845831969,-0.5114107222012105,0.7777399779047072,-0.07045994535010408,0.5252748234821503,-0.023800926071879763,0.1428940845831969,-0.5114107222012105,0.7777399779047072,-0.07045994535010408,0.5252748234821503,-0.023800926071879763,4.676059657002139e-06,3.2287406036590536e-07,-8.429895894153684e-08,1.0215157634166743e-05,-1.4059209853213183e-07,1.019621710915089e-05,-4.2509633245474594e-05,-2.935218730599181e-06,7.663541721958003e-07,-9.286506940151717e-05,1.2781099866557622e-06,-9.269288281046396e-05,1.0,True,True,1,False,,0.0,0,,,,True,True,0.010000000000001563,1.1143808327507276e-07,1.0,4.053043617174895e-09,6.209412738949354e-09,2.0004052968178892e-05,0.00020000618672167536
20.14000000000035,1786132520.9055328,0.0035327999939909205,0.0032496999920113012,0.01,HOLD,64,clutch active,0.0,20.14000000000035,2014,0.08,0.0,0.0,0.0,0.0,0.17364817766693036,0.9848077530122081,0.08,0.0,0.0,0.0,0.0,0.17364817766693036,0.9848077530122081,0.006085042530717979,-0.22495819035210626,0.2802278950271373,-0.12998489960129023,0.011380114958398545,0.08641360184551672,0.9876776337830379,0.00697877343468148,-0.2249526158046154,0.28023522456127925,-0.13000542527987916,0.011439779487739504,0.08594227857548427,0.987715366690386,0.006998772373143124,-0.22495249106345255,0.28023538857362523,-0.13000972440263509,0.011452286852605024,0.08584347086387334,0.9877232482819466,0.0069987760882954456,-0.22495249103278234,0.2802353885826984,-0.1300097242846195,0.011452287229701956,0.08584346805702484,0.9877232485370526,0.0069987760882954456,-0.22495249103278234,0.2802353885826984,-0.1300097242846195,0.011452287229701956,0.08584346805702484,0.9877232485370526,0.1428940845831969,-0.5114107222012105,0.7777399779047072,-0.07045994535010408,0.5252748234821503,-0.023800926071879763,0.1428941274470771,-0.5114107192415317,0.7777399771319667,-0.07045985171115911,0.5252748221933894,-0.02380083260655626,0.1428941274470771,-0.5114107192415317,0.7777399771319667,-0.07045985171115911,0.5252748221933894,-0.02380083260655626,4.286388018918567e-06,2.959678886687424e-07,-7.727404569640767e-08,9.363894497986047e-06,-1.28876090321119e-07,9.34653235005485e-06,-3.896716380835116e-05,-2.690617169715878e-06,7.02491324512807e-07,-8.512631361805619e-05,1.1716008211010987e-06,-8.496847590959075e-05,1.0,True,True,1,False,,0.0,0,,,,True,True,0.010000000000001563,1.0215157633663985e-07,1.0,3.715289996029357e-09,5.69196182738672e-09,2.000371522084258e-05,0.00020000567116149854
20.15000000000035,1786132520.9088445,0.003483000007690862,0.003078500012634322,0.01,HOLD,64,clutch active,0.0,20.15000000000035,2015,0.08,0.0,0.0,0.0,0.0,0.17364817766693036,0.9848077530122081,0.08,0.0,0.0,0.0,0.0,0.17364817766693036,0.9848077530122081,0.006085042530717979,-0.22495819035210626,0.2802278950271373,-0.12998489960129023,0.011380114958398545,0.08641360184551672,0.9876776337830379,0.006978777149830985,-0.22495261577410927,0.2802352245708207,-0.13000542520347608,0.011439779860950398,0.08594227576953775,0.9877153669402685,0.0069987760882954456,-0.22495249103278234,0.2802353885826984,-0.1300097242846195,0.011452287229701956,0.08584346805702484,0.9877232485370526,0.006998779493851765,-0.22495249100466788,0.2802353885910152,-0.13000972417643653,0.01145228757537432,0.08584346548408045,0.9877232487709001,0.006998779493851765,-0.22495249100466788,0.2802353885910152,-0.13000972417643653,0.01145228757537432,0.08584346548408045,0.9877232487709001,0.1428941274470771,-0.5114107192415317,0.7777399771319667,-0.07045985171115911,0.5252748221933894,-0.02380083260655626,0.1428941667389673,-0.5114107165284927,0.7777399764236214,-0.07045976587545955,0.5252748210120253,-0.02380074693000972,0.1428941667389673,-0.5114107165284927,0.7777399764236214,-0.07045976587545955,0.5252748210120253,-0.02380074693000972,3.929189017341964e-06,2.7130389794634333e-07,-7.08345418883727e-08,8.583569956487087e-06,-1.1813641612769074e-07,8.567654654216824e-06,-3.571990015765473e-05,-2.46639907223952e-06,6.439503808033973e-07,-7.803245414988373e-05,1.0739674193426584e-06,-7.788776958379042e-05,1.0,True,True,1,False,,0.0,0,,,,True,True,0.010000000000001563,9.363894497294023e-08,1.0,3.405682521534463e-09,5.217631787788383e-09,2.0003405619128293e-05,0.0002000051985646112
20.160000000000352,1786132520.9120169,0.0033241999917663634,0.002926500004832633,0.01,HOLD,64,clutch active,0.0,20.160000000000352,2016,0.08,0.0,0.0,0.0,0.0,0.17364817766693036,0.9848077530122081,0.08,0.0,0.0,0.0,0.0,0.17364817766693036,0.9848077530122081,0.006085042530717979,-0.22495819035210626,0.2802278950271373,-0.12998489960129023,0.011380114958398545,0.08641360184551672,0.9876776337830379,0.006978780555384722,-0.22495261574614528,0.2802352245795667,-0.13000542513343794,0.011439780203060563,0.08594227319742015,0.9877153671693277,0.006998779493851765,-0.22495249100466788,0.2802353885910152,-0.13000972417643653,0.01145228757537432,0.08584346548408045,0.9877232487709001,0.006998782615611723,-0.22495249097889616,0.28023538859863883,-0.13000972407726716,0.011452287892240846,0.08584346312554808,0.9877232489852605,0.006998782615611723,-0.22495249097889616,0.28023538859863883,-0.13000972407726716,0.011452287892240846,0.08584346312554808,0.9877232489852605,0.1428941667389673,-0.5114107165284927,0.7777399764236214,-0.07045976587545955,0.5252748210120253,-0.02380074693000972,0.14289420275653328,-0.5114107140415403,0.7777399757743048,-0.07045968719273495,0.5252748199291081,-0.02380066839317539,0.14289420275653328,-0.5114107140415403,0.7777399757743048,-0.07045968719273495,0.5252748199291081,-0.02380066839317539,3.6017565992300823e-06,2.486952397841445e-07,-6.493166339767405e-08,7.868272460113051e-06,-1.0829171478371497e-07,7.853683433031977e-06,-3.274324181118304e-05,-2.260865816219528e-06,5.902878490697725e-07,-7.15297496373924e-05,9.84470134397423e-07,-7.139712211847353e-05,1.0,True,True,1,False,,0.0,0,,,,True,True,0.010000000000001563,8.583569956199799e-08,1.0,3.1218756441532987e-09,4.7828294163595504e-09,2.0003121817533052e-05,0.00020000476535097578
20.170000000000353,1786132520.9154189,0.003151800003251992,0.0031768999906489626,0.01,HOLD,64,clutch active,0.0,20.170000000000353,2017,0.08,0.0,0.0,0.0,0.0,0.17364817766693036,0.9848077530122081,0.08,0.0,0.0,0.0,0.0,0.17364817766693036,0.9848077530122081,0.006085042530717979,-0.22495819035210626,0.2802278950271373,-0.12998489960129023,0.011380114958398545,0.08641360184551672,0.9876776337830379,0.006978783677142313,-0.22495261572051145,0.28023522458758376,-0.13000542506923465,0.011439780516661736,0.08594227083964569,0.9877153673792989,0.006998782615611723,-0.22495249097889616,0.28023538859863883,-0.13000972407726716,0.011452287892240846,0.08584346312554808,0.9877232489852605,0.00699878547722502,-0.22495249095527203,0.2802353886056269,-0.13000972398636068,0.011452288182701933,0.08584346096356008,0.9877232491817576,0.00699878547722502,-0.22495249095527203,0.2802353886056269,-0.13000972398636068,0.011452288182701933,0.08584346096356008,0.9877232491817576,0.14289420275653328,-0.5114107140415403,0.7777399757743048,-0.07045968719273495,0.5252748199291081,-0.02380066839317539,0.14289423577263544,-0.511410711761834,0.7777399751790979,-0.07045961506690405,0.525274818936434,-0.02380059640107725,0.14289423577263544,-0.511410711761834,0.7777399751790979,-0.07045961506690405,0.525274818936434,-0.02380059640107725,3.3016102159608616e-06,2.279706364687959e-07,-5.9520691447867035e-08,7.212583088436861e-06,-9.926740521840398e-08,7.199209813612542e-06,-3.0014638326917353e-05,-2.0724603315345373e-06,5.410971949806171e-07,-6.556893716760877e-05,9.024309565309581e-07,-6.544736194193314e-05,1.0,True,True,1,False,,0.0,0,,,,True,True,0.010000000000001563,7.868272459965464e-08,1.0,2.8617193423571776e-09,4.384260409764543e-09,2.000286166607232e-05,0.00020000436823843935
20.180000000000355,1786132520.918745,0.003394200000911951,0.003108699995209463,0.01,HOLD,64,clutch active,0.0,20.180000000000355,2018,0.08,0.0,0.0,0.0,0.0,0.17364817766693036,0.9848077530122081,0.08,0.0,0.0,0.0,0.0,0.17364817766693036,0.9848077530122081,0.006085042530717979,-0.22495819035210626,0.2802278950271373,-0.12998489960129023,0.011380114958398545,0.08641360184551672,0.9876776337830379,0.006978786538753441,-0.22495261569701372,0.28023522459493255,-0.13000542501038034,0.011439780804129591,0.08594226867835239,0.9877153675717726,0.00699878547722502,-0.22495249095527203,0.2802353886056269,-0.13000972398636068,0.011452288182701933,0.08584346096356008,0.9877232491817576,0.006998788100370582,-0.22495249093361663,0.2802353886120326,-0.13000972390302848,0.011452288448958075,0.08584345898173783,0.9877232493618802,0.006998788100370582,-0.22495249093361663,0.2802353886120326,-0.13000972390302848,0.011452288448958075,0.08584345898173783,0.9877232493618802,0.14289423577263544,-0.511410711761834,0.7777399751790979,-0.07045961506690405,0.525274818936434,-0.02380059640107725,0.14289426603739575,-0.5114107096721031,0.7777399746334915,-0.07045954895155908,0.5252748180264828,-0.023800530408320628,0.14289426603739575,-0.5114107096721031,0.7777399746334915,-0.07045954895155908,0.5252748180264828,-0.023800530408320628,3.0264760312974133e-06,2.0897308342972659e-07,-5.4560633827210676e-08,6.611534497733696e-06,-9.099512145020236e-08,6.59927566247807e-06,-2.7513418466340514e-05,-1.8997553039066325e-06,4.960057620655586e-07,-6.010485907030718e-05,8.272283768200332e-07,-5.999341511343785e-05,1.0,True,True,1,False,,0.0,0,,,,True,True,0.010000000000001563,7.212583089111213e-08,1.0,2.6232427695951917e-09,4.01890540679821e-09,2.0002623193937928e-05,0.00020000400421844782
20.190000000000357,1786132520.9224002,0.0033164000051328912,0.00344770000083372,0.01,HOLD,64,clutch active,0.0,20.190000000000357,2019,0.08,0.0,0.0,0.0,0.0,0.17364817766693036,0.9848077530122081,0.08,0.0,0.0,0.0,0.0,0.17364817766693036,0.9848077530122081,0.006085042530717979,-0.22495819035210626,0.2802278950271373,-0.12998489960129023,0.011380114958398545,0.08641360184551672,0.9876776337830379,0.006978789161897015,-0.2249526156754742,0.28023522460166883,-0.13000542495642933,0.011439781067641926,0.08594226669716697,0.987715367748207,0.006998788100370582,-0.22495249093361663,0.2802353886120326,-0.13000972390302848,0.011452288448958075,0.08584345898173783,0.9877232493618802,0.006998790504920638,-0.22495249091376562,0.28023538861790437,-0.13000972382663986,0.01145228869302628,0.08584345716506742,0.9877232495269926,0.006998790504920638,-0.22495249091376562,0.28023538861790437,-0.13000972382663986,0.01145228869302628,0.08584345716506742,0.9877232495269926,0.14289426603739575,-0.5114107096721031,0.7777399746334915,-0.07045954895155908,0.5252748180264828,-0.023800530408320628,0.1428942937800927,-0.5114107077565165,0.7777399741333524,-0.07045948834582619,0.5252748171923608,-0.02380046991496039,0.1428942937800927,-0.5114107077565165,0.7777399741333524,-0.07045948834582619,0.5252748171923608,-0.02380046991496039,2.774269695355923e-06,1.9155865981058e-07,-5.0013914341609075e-08,6.060573289589135e-06,-8.341219466268431e-08,6.049336023938145e-06,-2.5220633594145112e-05,-1.7414423619143884e-06,4.54671948560089e-07,-5.5096120814447465e-05,7.582926787516863e-07,-5.499396385398392e-05,1.0,True,True,1,False,,0.0,0,,,,True,True,0.010000000000001563,6.611534497658056e-08,1.0,2.404639164172455e-09,3.6839967526559743e-09,2.0002404594400042e-05,0.00020000367053366275
20.200000000000358,1786132520.925669,0.0037207999994279817,0.00299510000331793,0.01,HOLD,64,clutch active,0.0,20.200000000000358,2020,0.08,0.0,0.0,0.0,0.0,0.17364817766693036,0.9848077530122081,0.08,0.0,0.0,0.0,0.0,0.17364817766693036,0.9848077530122081,0.006085042530717979,-0.22495819035210626,0.2802278950271373,-0.12998489960129023,0.011380114958398545,0.08641360184551672,0.9876776337830379,0.006978791566445247,-0.2249526156557294,0.28023522460784367,-0.13000542490697342,0.011439781309194985,0.08594226488108027,0.9877153679099387,0.006998790504920638,-0.22495249091376562,0.28023538861790437,-0.13000972382663986,0.01145228869302628,0.08584345716506742,0.9877232495269926,0.006998792709091553,-0.22495249089556896,0.28023538862328673,-0.13000972375661596,0.01145228891675556,0.08584345549978621,0.9877232496783458,0.006998792709091553,-0.22495249089556896,0.28023538862328673,-0.13000972375661596,0.01145228891675556,0.08584345549978621,0.9877232496783458,0.1428942937800927,-0.5114107077565165,0.7777399741333524,-0.07045948834582619,0.5252748171923608,-0.02380046991496039,0.14289431921089824,-0.5114107060005622,0.7777399736748914,-0.07045943279057103,0.525274816427749,-0.023800414462713505,0.14289431921089824,-0.5114107060005622,0.7777399736748914,-0.07045943279057103,0.525274816427749,-0.023800414462713505,2.5430805540762264e-06,1.7559543815969584e-07,-4.584608814647433e-08,5.555525515456629e-06,-7.646117844079286e-08,5.545224688609887e-06,-2.3118914127966026e-05,-1.5963221650881667e-06,4.16782619513409e-07,-5.050477741324279e-05,6.951016221890359e-07,-5.0411133532817876e-05,1.0,True,True,1,False,,0.0,0,,,,True,True,0.010000000000001563,6.060573289057292e-08,1.0,2.2042525971483417e-09,3.3769971217534916e-09,2.0002204211563013e-05,0.00020000336465577064
20.21000000000036,1786132520.928697,0.0032214999955613166,0.0028020999889122322,0.01,HOLD,64,clutch active,0.0,20.21000000000036,2021,0.08,0.0,0.0,0.0,0.0,0.17364817766693036,0.9848077530122081,0.08,0.0,0.0,0.0,0.0,0.17364817766693036,0.9848077530122081,0.006085042530717979,-0.22495819035210626,0.2802278950271373,-0.12998489960129023,0.011380114958398545,0.08641360184551672,0.9876776337830379,0.006978793770614491,-0.22495261563763014,0.28023522461350386,-0.13000542486163782,0.011439781530618708,0.08594226321633418,0.9877153680581928,0.006998792709091553,-0.22495249089556896,0.28023538862328673,-0.13000972375661596,0.01145228891675556,0.08584345549978621,0.9877232496783458,0.006998794729581578,-0.22495249087888858,0.28023538862822045,-0.13000972369242686,0.011452289121840797,0.08584345397327846,0.9877232498170863,0.006998794729581578,-0.22495249087888858,0.28023538862822045,-0.13000972369242686,0.011452289121840797,0.08584345397327846,0.9877232498170863,0.14289431921089824,-0.5114107060005622,0.7777399736748914,-0.07045943279057103,0.525274816427749,-0.023800414462713505,0.14289434252247,-0.5114107043909373,0.7777399732546356,-0.07045938186492047,0.5252748157268549,-0.023800363631487194,0.14289434252247,-0.5114107043909373,0.7777399732546356,-0.07045938186492047,0.5252748157268549,-0.023800363631487194,2.331157174569841e-06,1.609624849797189e-07,-4.2025580800934205e-08,5.09256505583517e-06,-7.008941357072579e-08,5.083122631225657e-06,-2.1192337950635222e-05,-1.4632953179974655e-06,3.820507345539528e-07,-4.6296045962138574e-05,6.371764870066071e-07,-4.6210205738415724e-05,1.0,True,True,1,False,,0.0,0,,,,True,True,0.010000000000001563,5.555525516010018e-08,1.0,2.0205649009478355e-09,3.095580744829205e-09,2.0002020527285708e-05,0.00020000308426786802
20.22000000000036,1786132520.9323387,0.0029973000055179,0.003446500006248243,0.01,HOLD,64,clutch active,0.0,20.22000000000036,2022,0.08,0.0,0.0,0.0,0.0,0.17364817766693036,0.9848077530122081,0.08,0.0,0.0,0.0,0.0,0.17364817766693036,0.9848077530122081,0.006085042530717979,-0.22495819035210626,0.2802278950271373,-0.12998489960129023,0.011380114958398545,0.08641360184551672,0.9876776337830379,0.006978795791102985,-0.224952615621039,0.2802352246186922,-0.1300054248200797,0.011439781733590523,0.0859422616903169,0.9877153681940924,0.006998794729581578,-0.22495249087888858,0.28023538862822045,-0.13000972369242686,0.011452289121840797,0.08584345397327846,0.9877232498170863,0.006998796581697414,-0.22495249086359823,0.2802353886327431,-0.1300097236335864,0.01145228930983565,0.08584345257397973,0.9877232499442652,0.006998796581697414,-0.22495249086359823,0.2802353886327431,-0.1300097236335864,0.01145228930983565,0.08584345257397973,0.9877232499442652,0.14289434252247,-0.5114107043909373,0.7777399732546356,-0.07045938186492047,0.5252748157268549,-0.023800363631487194,0.14289436389141075,-0.5114107029154479,0.7777399728694011,-0.07045933518307412,0.5252748150843686,-0.02380031703619641,0.14289436389141075,-0.5114107029154479,0.7777399728694011,-0.07045933518307412,0.5252748150843686,-0.02380031703619641,2.1368940766889905e-06,1.4754894456474024e-07,-3.8523449067522477e-08,4.668184634515506e-06,-6.424862910649773e-08,4.659529078623453e-06,-1.942630978808201e-05,-1.3413540414976575e-06,3.502131733411184e-07,-4.2438042131959755e-05,5.840784464227149e-07,-4.235935526021381e-05,1.0,True,True,1,False,,0.0,0,,,,True,True,0.010000000000001563,5.0925650557642754e-08,1.0,1.8521844719611126e-09,2.8376156725031266e-09,2.0001852149991836e-05,0.00020000282724549933
20.230000000000363,1786132520.9353535,0.0036509999918052927,0.0028100999916205183,0.01,HOLD,64,clutch active,0.0,20.230000000000363,2023,0.08,0.0,0.0,0.0,0.0,0.17364817766693036,0.9848077530122081,0.08,0.0,0.0,0.0,0.0,0.17364817766693036,0.9848077530122081,0.006085042530717979,-0.22495819035210626,0.2802278950271373,-0.12998489960129023,0.011380114958398545,0.08641360184551672,0.9876776337830379,0.006978797643217417,-0.22495261560583046,0.28023522462344835,-0.1300054247819842,0.011439781919648069,0.08594226029146777,0.9877153683186672,0.006998796581697414,-0.22495249086359823,0.2802353886327431,-0.1300097236335864,0.01145228930983565,0.08584345257397973,0.9877232499442652,0.006998798279470284,-0.22495249084958205,0.2802353886368886,-0.1300097235796486,0.01145228948216433,0.08584345129128922,0.9877232500608458,0.006998798279470284,-0.22495249084958205,0.2802353886368886,-0.1300097235796486,0.01145228948216433,0.08584345129128922,0.9877232500608458,0.14289436389141075,-0.5114107029154479,0.7777399728694011,-0.07045933518307412,0.5252748150843686,-0.02380031703619641,0.14289438347960645,-0.5114107015629159,0.7777399725162695,-0.07045929239138164,0.5252748144954228,-0.023800274323846522,0.14289438347960645,-0.5114107015629159,0.7777399725162695,-0.07045929239138164,0.5252748144954228,-0.023800274323846522,1.9588195702982134e-06,1.352531991843433e-07,-3.5313161645228434e-08,4.27916924830582e-06,-5.889457668095542e-08,4.271234988738105e-06,-1.7807450639074922e-05,-1.229574538039502e-06,3.2102874222935397e-07,-3.8901538620962555e-05,5.354052425541477e-07,-3.882940898852878e-05,1.0,True,True,1,False,,0.0,0,,,,True,True,0.010000000000001563,4.668184634681882e-08,1.0,1.6978357863308738e-09,2.6011477773169304e-09,2.0001697804176977e-05,0.00020000259164169022
20.240000000000364,1786132520.9388335,0.0030064000020502135,0.0032839999912539497,0.01,HOLD,64,clutch active,0.0,20.240000000000364,2024,0.08,0.0,0.0,0.0,0.0,0.17364817766693036,0.9848077530122081,0.08,0.0,0.0,0.0,0.0,0.17364817766693036,0.9848077530122081,0.006085042530717979,-0.22495819035210626,0.2802278950271373,-0.12998489960129023,0.011380114958398545,0.08641360184551672,0.9876776337830379,0.006978799340989,-0.22495261559188928,0.2802352246278078,-0.13000542474706267,0.01143978209020088,0.08594225900918939,0.9877153684328608,0.006998798279470284,-0.22495249084958205,0.2802353886368886,-0.1300097235796486,0.01145228948216433,0.08584345129128922,0.9877232500608458,0.006998799835762074,-0.22495249083673385,0.2802353886406887,-0.13000972353020526,0.011452289640132325,0.08584345011548958,0.9877232501677116,0.006998799835762074,-0.22495249083673385,0.2802353886406887,-0.13000972353020526,0.011452289640132325,0.08584345011548958,0.9877232501677116,0.14289438347960645,-0.5114107015629159,0.7777399725162695,-0.07045929239138164,0.5252748144954228,-0.023800274323846522,0.1428944014354525,-0.5114107003230949,0.7777399721925655,-0.07045925316566354,0.5252748139555559,-0.023800235170859125,0.1428944014354525,-0.5114107003230949,0.7777399721925655,-0.07045925316566354,0.5252748139555559,-0.023800235170859125,1.7955846061066701e-06,1.2398209925231292e-07,-3.237039817479227e-08,3.922571810946946e-06,-5.398669529087503e-08,3.91529873967654e-06,-1.632349641915178e-05,-1.127109993202861e-06,2.942763470435703e-07,-3.565974373588184e-05,4.907881390079619e-07,-3.5593624906150876e-05,1.0,True,True,1,False,,0.0,0,,,,True,True,0.010000000000001563,4.2791692481114474e-08,1.0,1.5563494632985392e-09,2.3843855406759375e-09,2.0001556320488375e-05,0.00020000237567156874
20.250000000000366,1786132520.942085,0.0035256999981356785,0.003009399995789863,0.01,HOLD,64,clutch active,0.0,20.250000000000366,2025,0.08,0.0,0.0,0.0,0.0,0.17364817766693036,0.9848077530122081,0.08,0.0,0.0,0.0,0.0,0.17364817766693036,0.9848077530122081,0.006085042530717979,-0.22495819035210626,0.2802278950271373,-0.12998489960129023,0.011380114958398545,0.08641360184551672,0.9876776337830379,0.006978800897279609,-0.22495261557910984,0.28023522463180406,-0.13000542471505092,0.011439782246541002,0.08594225783376758,0.9877153685375385,0.006998799835762074,-0.22495249083673385,0.2802353886406887,-0.13000972353020526,0.011452289640132325,0.08584345011548958,0.9877232501677116,0.006998801262362884,-0.22495249082495639,0.2802353886441721,-0.130009723484882,0.011452289784936346,0.0858434490376733,0.9877232502656718,0.006998801262362884,-0.22495249082495639,0.2802353886441721,-0.130009723484882,0.011452289784936346,0.0858434490376733,0.9877232502656718,0.1428944014354525,-0.5114107003230949,0.7777399721925655,-0.07045925316566354,0.5252748139555559,-0.023800235170859125,0.14289441789497806,-0.5114106991865923,0.7777399718958369,-0.07045921720875527,0.5252748134606778,-0.023800199280620677,0.14289441789497806,-0.5114106991865923,0.7777399718958369,-0.07045921720875527,0.5252748134606778,-0.023800199280620677,1.6459525555977574e-06,1.136502576479519e-07,-2.967286499355916e-08,3.595690826701316e-06,-4.948780401663474e-08,3.589023844703444e-06,-1.4963205050888918e-05,-1.033184160435941e-06,2.697533181232689e-07,-3.268809842455788e-05,4.498891274239586e-07,-3.26274894973045e-05,1.0,True,True,1,False,,0.0,0,,,,True,True,0.010000000000001563,3.922571810421882e-08,1.0,1.4266536765952358e-09,2.1856866586171535e-09,2.000142662711663e-05,0.00020000217769887397
20.260000000000367,1786132520.9455473,0.0032561999978497624,0.003215499993530102,0.01,HOLD,64,clutch active,0.0,20.260000000000367,2026,0.08,0.0,0.0,0.0,0.0,0.17364817766693036,0.9848077530122081,0.08,0.0,0.0,0.0,0.0,0.17364817766693036,0.9848077530122081,0.006085042530717979,-0.22495819035210626,0.2802278950271373,-0.12998489960129023,0.011380114958398545,0.08641360184551672,0.9876776337830379,0.006978802323879338,-0.2249526155673954,0.28023522463546724,-0.13000542468570656,0.011439782389852802,0.08594225675629759,0.9877153686334929,0.006998801262362884,-0.22495249082495639,0.2802353886441721,-0.130009723484882,0.011452289784936346,0.0858434490376733,0.9877232502656718,0.006998802570080304,-0.2249524908141603,0.2802353886473652,-0.13000972344333525,0.01145228991767339,0.08584344804967496,0.9877232503554687,0.006998802570080304,-0.2249524908141603,0.2802353886473652,-0.13000972344333525,0.01145228991767339,0.08584344804967496,0.9877232503554687,0.14289441789497806,-0.5114106991865923,0.7777399718958369,-0.07045921720875527,0.5252748134606778,-0.023800199280620677,0.1428944329828765,-0.5114106981447983,0.7777399716238356,-0.07045918424825602,0.5252748130070396,-0.023800166381235433,0.1428944329828765,-0.5114106981447983,0.7777399716238356,-0.07045918424825602,0.5252748130070396,-0.023800166381235433,1.5087898426312562e-06,1.0417940284395443e-07,-2.720012624409551e-08,3.2960499244761593e-06,-4.53638203485812e-08,3.2899385243114435e-06,-1.3716271296647979e-05,-9.470854803995992e-07,2.472738749463263e-07,-2.9964090222510967e-05,4.123983668052895e-07,-2.9908532039195366e-05,1.0,True,True,1,False,,0.0,0,,,,True,True,0.010000000000001563,3.595690827029596e-08,1.0,1.3077658824215964e-09,2.003546302416686e-09,2.0001307741535055e-05,0.00020000199622411465
20.27000000000037,1786132520.9491937,0.0034373000089544803,0.003424900001846254,0.01,HOLD,64,clutch active,0.0,20.27000000000037,2027,0.08,0.0,0.0,0.0,0.0,0.17364817766693036,0.9848077530122081,0.08,0.0,0.0,0.0,0.0,0.17364817766693036,0.9848077530122081,0.006085042530717979,-0.22495819035210626,0.2802278950271373,-0.12998489960129023,0.011380114958398545,0.08641360184551672,0.9876776337830379,0.0069788036315957674,-0.22495261555665708,0.2802352246388252,-0.13000542465880718,0.01143978252122198,0.08594225576861671,0.9877153687214512,0.006998802570080304,-0.2249524908141603,0.2802353886473652,-0.13000972344333525,0.01145228991767339,0.08584344804967496,0.9877232503554687,0.006998803768821251,-0.22495249080426385,0.2802353886502921,-0.13000972340525066,0.011452290039349049,0.08584344714400985,0.9877232504377825,0.006998803768821251,-0.22495249080426385,0.2802353886502921,-0.13000972340525066,0.011452290039349049,0.08584344714400985,0.9877232504377825,0.1428944329828765,-0.5114106981447983,0.7777399716238356,-0.07045918424825602,0.5252748130070396,-0.023800166381235433,0.14289444681345004,-0.5114106971898205,0.7777399713745011,-0.07045915403446505,0.5252748125912046,-0.023800136223465627,0.14289444681345004,-0.5114106971898205,0.7777399713745011,-0.07045915403446505,0.5252748125912046,-0.023800136223465627,1.3830573557452985e-06,9.54977859402902e-08,-2.4933449057087195e-08,3.0213790974364366e-06,-4.1583501986198846e-08,3.0157769806187804e-06,-1.2573248688593803e-05,-8.68161690366287e-07,2.2666771870079592e-07,-2.7467082703967996e-05,3.7803183623817666e-07,-2.741615436926203e-05,1.0,True,True,1,False,,0.0,0,,,,True,True,0.010000000000001563,3.2960499246614816e-08,1.0,1.1987853703114629e-09,1.836584069194279e-09,2.0001198763050876e-05,0.00020000182987208942
20.28000000000037,1786132520.9525979,0.003646400000434369,0.0031824000034248456,0.01,HOLD,64,clutch active,0.0,20.28000000000037,2028,0.08,0.0,0.0,0.0,0.0,0.17364817766693036,0.9848077530122081,0.08,0.0,0.0,0.0,0.0,0.17364817766693036,0.9848077530122081,0.006085042530717979,-0.22495819035210626,0.2802278950271373,-0.12998489960129023,0.011380114958398545,0.08641360184551672,0.9876776337830379,0.006978804830335805,-0.2249526155468136,0.2802352246419032,-0.13000542463414932,0.011439782641643761,0.08594225486324257,0.9877153688020796,0.006998803768821251,-0.22495249080426385,0.2802353886502921,-0.13000972340525066,0.011452290039349049,0.08584344714400985,0.9877232504377825,0.006998804867667147,-0.22495249079519214,0.28023538865297515,-0.13000972337033936,0.011452290150885096,0.08584344631381692,0.987723250513237,0.006998804867667147,-0.22495249079519214,0.28023538865297515,-0.13000972337033936,0.011452290150885096,0.08584344631381692,0.987723250513237,0.14289444681345004,-0.5114106971898205,0.7777399713745011,-0.07045915403446505,0.5252748125912046,-0.023800136223465627,0.1428944594914758,-0.511410696314424,0.7777399711459445,-0.07045912633849,0.5252748122100225,-0.023800108578843304,0.1428944594914758,-0.511410696314424,0.7777399711459445,-0.07045912633849,0.5252748122100225,-0.023800108578843304,1.267802576099839e-06,8.753963711193144e-08,-2.2855661635662937e-08,2.7695975059833607e-06,-3.8118210154015066e-08,2.7644622322338427e-06,-1.1525477964544154e-05,-7.958148828357517e-07,2.077787421423933e-07,-2.517815914530364e-05,3.465291832183237e-07,-2.5131474838489838e-05,1.0,True,True,1,False,,0.0,0,,,,True,True,0.010000000000001563,3.021379096912469e-08,1.0,1.0988866175636081e-09,1.6835352674641637e-09,2.000109886615861e-05,0.00020000167738251716
20.290000000000372,1786132520.95657,0.00340469999355264,0.0037499999889405444,0.01,HOLD,64,clutch active,0.0,20.290000000000372,2029,0.08,0.0,0.0,0.0,0.0,0.17364817766693036,0.9848077530122081,0.08,0.0,0.0,0.0,0.0,0.17364817766693036,0.9848077530122081,0.006085042530717979,-0.22495819035210626,0.2802278950271373,-0.12998489960129023,0.011380114958398545,0.08641360184551672,0.9876776337830379,0.006978805929180868,-0.22495261553779042,0.2802352246447247,-0.13000542461154588,0.011439782752030416,0.08594225403331637,0.987715368875989,0.006998804867667147,-0.22495249079519214,0.28023538865297515,-0.13000972337033936,0.011452290150885096,0.08584344631381692,0.987723250513237,0.006998805874942535,-0.2249524907868763,0.28023538865543457,-0.13000972333833727,0.011452290253126485,0.08584344555280665,0.9877232505824035,0.006998805874942535,-0.2249524907868763,0.28023538865543457,-0.13000972333833727,0.011452290253126485,0.08584344555280665,0.9877232505824035,0.1428944594914758,-0.511410696314424,0.7777399711459445,-0.07045912633849,0.5252748122100225,-0.023800108578843304,0.1428944711129994,-0.5114106955119774,0.7777399709364343,-0.07045910095051286,0.5252748118606055,-0.023800083237939508,0.1428944711129994,-0.5114106955119774,0.7777399709364343,-0.07045910095051286,0.5252748118606055,-0.023800083237939508,1.1621523614248359e-06,8.024466735260269e-08,-2.095102316602406e-08,2.5387977138180443e-06,-3.494169264117998e-08,2.534090379547653e-06,-1.0565021467498658e-05,-7.29496975932762e-07,1.9046384696385782e-07,-2.3079979216528007e-05,3.176517512834589e-07,-2.3037185268615357e-05,1.0,True,True,1,False,,0.0,0,,,,True,True,0.010000000000001563,2.7695975055030964e-08,1.0,1.0073127168618267e-09,1.543240852331362e-09,2.000100729396299e-05,0.00020000153760084112
20.300000000000374,1786132520.95982,0.004000999993877485,0.002998800002387725,0.01,HOLD,64,clutch active,0.0,20.300000000000374,2030,0.08,0.0,0.0,0.0,0.0,0.17364817766693036,0.9848077530122081,0.08,0.0,0.0,0.0,0.0,0.17364817766693036,0.9848077530122081,0.006085042530717979,-0.22495819035210626,0.2802278950271373,-0.12998489960129023,0.011380114958398545,0.08641360184551672,0.9876776337830379,0.006978806936455493,-0.22495261552951906,0.2802352246473111,-0.13000542459082598,0.011439782853218198,0.0859422532725506,0.9877153689437393,0.006998805874942535,-0.2249524907868763,0.28023538865543457,-0.13000972333833727,0.011452290253126485,0.08584344555280665,0.9877232505824035,0.006998806798278315,-0.22495249077925358,0.28023538865768893,-0.1300097233090018,0.011452290346847761,0.08584344485521393,0.9877232506458062,0.006998806798278315,-0.22495249077925358,0.28023538865768893,-0.1300097233090018,0.011452290346847761,0.08584344485521393,0.9877232506458062,0.1428944711129994,-0.5114106955119774,0.7777399709364343,-0.07045910095051286,0.5252748118606055,-0.023800083237939508,0.14289448176606273,-0.5114106947764012,0.7777399707443833,-0.07045907767820048,0.5252748115403066,-0.023800060008777695,0.14289448176606273,-0.5114106947764012,0.7777399707443833,-0.07045907767820048,0.5252748115403066,-0.023800060008777695,1.0653063313060844e-06,7.355761173988476e-08,-1.9205104568855117e-08,2.3272312376665074e-06,-3.2029884921081195e-08,2.322916181251982e-06,-9.684603011873634e-06,-6.687055612716891e-07,1.7459185971686717e-07,-2.115664761515037e-05,2.911807720098332e-07,-2.1117419829563774e-05,1.0,True,True,1,False,,0.0,0,,,,True,True,0.010000000000001563,2.538797713724783e-08,1.0,9.233699958753106e-10,1.4146374212959419e-09,2.0000923352804194e-05,0.00020000140946733092
20.310000000000375,1786132520.963252,0.0032441000075777993,0.0031869999947957695,0.01,HOLD,64,clutch active,0.0,20.310000000000375,2031,0.08,0.0,0.0,0.0,0.0,0.17364817766693036,0.9848077530122081,0.08,0.0,0.0,0.0,0.0,0.17364817766693036,0.9848077530122081,0.006085042530717979,-0.22495819035210626,0.2802278950271373,-0.12998489960129023,0.011380114958398545,0.08641360184551672,0.9876776337830379,0.006978807859790572,-0.22495261552193715,0.28023522464968187,-0.1300054245718325,0.01143978294597367,0.08594225257518204,0.9877153690058438,0.006998806798278315,-0.22495249077925358,0.28023538865768893,-0.1300097233090018,0.011452290346847761,0.08584344485521393,0.9877232506458062,0.006998807644669459,-0.22495249077226603,0.28023538865975556,-0.13000972328211108,0.011452290432758947,0.08584344421575395,0.9877232507039254,0.006998807644669459,-0.22495249077226603,0.28023538865975556,-0.13000972328211108,0.011452290432758947,0.08584344421575395,0.9877232507039254,0.14289448176606273,-0.5114106947764012,0.7777399707443833,-0.07045907767820048,0.5252748115403066,-0.023800060008777695,0.14289449153137077,-0.5114106941021231,0.7777399705683364,-0.07045905634524746,0.5252748112466994,-0.023800038715379366,0.14289449153137077,-0.5114106941021231,0.7777399705683364,-0.07045905634524746,0.5252748112466994,-0.023800038715379366,9.765308036972302e-07,6.742781076156007e-08,-1.760467918811694e-08,2.133295301194268e-06,-2.9360727844324013e-08,2.129339832814287e-06,-8.877552760884037e-06,-6.12980097832373e-07,1.6004253807379265e-07,-1.9393593647220895e-05,2.6691570767567665e-07,-1.935763484376652e-05,1.0,True,True,1,False,,0.0,0,,,,True,True,0.010000000000001563,2.3272312382749405e-08,1.0,8.464225106658809e-10,1.2967509496355016e-09,2.000084640675201e-05,0.00020000129201178503
20.320000000000377,1786132520.96633,0.003407099997275509,0.0028577999910339713,0.01,HOLD,64,clutch active,0.0,20.320000000000377,2032,0.08,0.0,0.0,0.0,0.0,0.17364817766693036,0.9848077530122081,0.08,0.0,0.0,0.0,0.0,0.17364817766693036,0.9848077530122081,0.006085042530717979,-0.22495819035210626,0.2802278950271373,-0.12998489960129023,0.011380114958398545,0.08641360184551672,0.9876776337830379,0.006978808706181075,-0.224952615514987,0.2802352246518552,-0.13000542455442193,0.011439783030999535,0.0859422519359275,0.987715369062773,0.006998807644669459,-0.22495249077226603,0.28023538865975556,-0.13000972328211108,0.011452290432758947,0.08584344421575395,0.9877232507039254,0.006998808420527986,-0.2249524907658607,0.28023538866164993,-0.13000972325746096,0.011452290511510881,0.0858434436295823,0.9877232507572012,0.006998808420527986,-0.2249524907658607,0.28023538866164993,-0.13000972325746096,0.011452290511510881,0.0858434436295823,0.9877232507572012,0.14289449153137077,-0.5114106941021231,0.7777399705683364,-0.07045905634524746,0.5252748112466994,-0.023800038715379366,0.14289450048290314,-0.5114106934840349,0.7777399704069602,-0.07045903679004054,0.5252748109775593,-0.023800019196430898,0.14289450048290314,-0.5114106934840349,0.7777399704069602,-0.07045903679004054,0.5252748109775593,-0.023800019196430898,8.951532367224483e-07,6.180882653142918e-08,-1.6137622589106965e-08,1.9555206927613846e-06,-2.6914000523963297e-08,1.9518948467464017e-06,-8.137756697476919e-06,-5.618984230130005e-07,1.467056599009745e-07,-1.7777460843285566e-05,2.4467273203603346e-07,-1.7744498606785723e-05,1.0,True,True,1,False,,0.0,0,,,,True,True,0.010000000000001563,2.1332953015207323e-08,1.0,7.75887279367834e-10,1.1886883793172989e-09,2.0000775872833667e-05,0.00020000118434410048
20.33000000000038,1786132520.9693196,0.003061600000364706,0.0027857999957632273,0.01,HOLD,64,clutch active,0.0,20.33000000000038,2033,0.08,0.0,0.0,0.0,0.0,0.17364817766693036,0.9848077530122081,0.08,0.0,0.0,0.0,0.0,0.17364817766693036,0.9848077530122081,0.006085042530717979,-0.22495819035210626,0.2802278950271373,-0.12998489960129023,0.011380114958398545,0.08641360184551672,0.9876776337830379,0.006978809482039014,-0.22495261550861595,0.2802352246538473,-0.13000542453846198,0.011439783108939925,0.08594225134994418,0.987715369114958,0.006998808420527986,-0.2249524907658607,0.28023538866164993,-0.13000972325746096,0.011452290511510881,0.0858434436295823,0.9877232507572012,0.0069988091317316585,-0.22495249075998927,0.2802353886633864,-0.13000972323486504,0.011452290583700163,0.08584344309225828,0.9877232508060376,0.0069988091317316585,-0.22495249075998927,0.2802353886633864,-0.13000972323486504,0.011452290583700163,0.08584344309225828,0.9877232508060376,0.14289450048290314,-0.5114106934840349,0.7777399704069602,-0.07045903679004054,0.5252748109775593,-0.023800019196430898,0.14289450868847448,-0.511410692917454,0.777739970259032,-0.07045901886443419,0.5252748107308477,-0.023800001304061468,0.14289450868847448,-0.511410692917454,0.777739970259032,-0.07045901886443419,0.5252748107308477,-0.023800001304061468,8.205571336622326e-07,5.665809098714261e-08,-1.4792820706681174e-08,1.7925606350312437e-06,-2.4671167146966007e-08,1.7892369428508428e-06,-7.459610306020403e-06,-5.150735544285766e-07,1.3448018824255804e-07,-1.629600577301154e-05,2.2428333769969416e-07,-1.6265790389553348e-05,1.0,True,True,1,False,,0.0,0,,,,True,True,0.010000000000001563,1.9555206925980784e-08,1.0,7.112300279285845e-10,1.0896310537603461e-09,2.0000711216786058e-05,0.0002000010856488213
20.34000000000038,1786132520.9729276,0.0029906999989179894,0.0034034999989671633,0.01,HOLD,64,clutch active,0.0,20.34000000000038,2034,0.08,0.0,0.0,0.0,0.0,0.17364817766693036,0.9848077530122081,0.08,0.0,0.0,0.0,0.0,0.17364817766693036,0.9848077530122081,0.006085042530717979,-0.22495819035210626,0.2802278950271373,-0.12998489960129023,0.011380114958398545,0.08641360184551672,0.9876776337830379,0.006978810193242147,-0.22495261550277593,0.2802352246556734,-0.130005424523832,0.011439783180385287,0.08594225081279279,0.9877153691627943,0.0069988091317316585,-0.22495249075998927,0.2802353886633864,-0.13000972323486504,0.011452290583700163,0.08584344309225828,0.9877232508060376,0.006998809783668333,-0.22495249075460702,0.28023538866497816,-0.13000972321415205,0.01145229064987368,0.08584344259971127,0.9877232508508041,0.006998809783668333,-0.22495249075460702,0.28023538866497816,-0.13000972321415205,0.01145229064987368,0.08584344259971127,0.9877232508508041,0.14289450868847448,-0.511410692917454,0.777739970259032,-0.07045901886443419,0.5252748107308477,-0.023800001304061468,0.1428945162102482,-0.5114106923980881,0.7777399701234311,-0.07045900243262837,0.5252748105046954,-0.023799984902722827,0.1428945162102482,-0.5114106923980881,0.7777399701234311,-0.07045900243262837,0.5252748105046954,-0.023799984902722827,7.521773725237025e-07,5.193658340487999e-08,-1.3560085647790884e-08,1.64318058211195e-06,-2.2615236551385186e-08,1.640133864279916e-06,-6.837976113851939e-06,-4.7215075822618845e-07,1.2327350588900978e-07,-1.493800529192703e-05,2.0559305955805006e-07,-1.4910307857090357e-05,1.0,True,True,1,False,,0.0,0,,,,True,True,0.010000000000001563,1.7925606346502754e-08,1.0,6.519608349556083e-10,9.988284035082124e-10,2.0000651948696026e-05,0.00020000099517801566
20.35000000000038,1786132520.9760938,0.0036268999974709004,0.0029423999949358404,0.01,HOLD,64,clutch active,0.0,20.35000000000038,2035,0.08,0.0,0.0,0.0,0.0,0.17364817766693036,0.9848077530122081,0.08,0.0,0.0,0.0,0.0,0.17364817766693036,0.9848077530122081,0.006085042530717979,-0.22495819035210626,0.2802278950271373,-0.12998489960129023,0.011380114958398545,0.08641360184551672,0.9876776337830379,0.006978810845178328,-0.2249526154974225,0.28023522465734735,-0.13000542451042116,0.011439783245876882,0.08594225032040403,0.9877153692066444,0.006998809783668333,-0.22495249075460702,0.28023538866497816,-0.13000972321415205,0.01145229064987368,0.08584344259971127,0.9877232508508041,0.00699881038127698,-0.22495249074967336,0.28023538866643727,-0.130009723195165,0.01145229071053274,0.08584344214820984,0.9877232508918402,0.00699881038127698,-0.22495249074967336,0.28023538866643727,-0.130009723195165,0.01145229071053274,0.08584344214820984,0.9877232508918402,0.1428945162102482,-0.5114106923980881,0.7777399701234311,-0.07045900243262837,0.5252748105046954,-0.023799984902722827,0.14289452310520745,-0.5114106919220027,0.7777399699991303,-0.0704589873701397,0.5252748102973891,-0.023799969868162404,0.14289452310520745,-0.5114106919220027,0.7777399699991303,-0.0704589873701397,0.5252748102973891,-0.023799969868162404,6.894959248133842e-07,4.760853478780598e-08,-1.24300785104748e-08,1.5062488669359328e-06,-2.0730633505436128e-08,1.5034560422565683e-06,-6.268144771030855e-06,-4.3280486170733325e-07,1.130007137315907e-07,-1.3693171517599584e-05,1.8846030459487656e-07,-1.3667782202332634e-05,1.0,True,True,1,False,,0.0,0,,,,True,True,0.010000000000001563,1.6431805818784007e-08,1.0,5.976307928285136e-10,9.15592763759526e-10,2.0000597619665782e-05,0.00020000091224656102
20.360000000000383,1786132520.9796724,0.0031928000098560005,0.003328000006149523,0.01,HOLD,64,clutch active,0.0,20.360000000000383,2036,0.08,0.0,0.0,0.0,0.0,0.17364817766693036,0.9848077530122081,0.08,0.0,0.0,0.0,0.0,0.17364817766693036,0.9848077530122081,0.006085042530717979,-0.22495819035210626,0.2802278950271373,-0.12998489960129023,0.011380114958398545,0.08641360184551672,0.9876776337830379,0.006978811442786521,-0.22495261549251522,0.2802352246588818,-0.13000542449812774,0.011439783305910846,0.08594224986904767,0.9877153692468401,0.00699881038127698,-0.22495249074967336,0.28023538866643727,-0.130009723195165,0.01145229071053274,0.08584344214820984,0.9877232508918402,0.00699881092908489,-0.22495249074515072,0.28023538866777475,-0.13000972317776013,0.011452290766136871,0.08584344173433353,0.9877232509294566,0.00699881092908489,-0.22495249074515072,0.28023538866777475,-0.13000972317776013,0.011452290766136871,0.08584344173433353,0.9877232509294566,0.14289452310520745,-0.5114106919220027,0.7777399699991303,-0.0704589873701397,0.5252748102973891,-0.023799969868162404,0.14289452942558675,-0.5114106914855912,0.7777399698851879,-0.07045897356285842,0.5252748101073583,-0.023799956086482017,0.14289452942558675,-0.5114106914855912,0.7777399698851879,-0.07045897356285842,0.5252748101073583,-0.023799956086482017,6.320379310789265e-07,4.3641156888821526e-08,-1.1394238634601737e-08,1.3807281280245855e-06,-1.900308071331618e-08,1.378168038735168e-06,-5.745799373444869e-06,-3.9673778989838317e-07,1.0358398758729e-07,-1.2552073891132773e-05,1.7275527921196774e-07,-1.2528800352138069e-05,1.0,True,True,1,False,,0.0,0,,,,True,True,0.010000000000001563,1.5062488673001084e-08,1.0,5.47828211657722e-10,8.392933677298441e-10,2.0000547818011967e-05,0.00020000083622599734
20.370000000000385,1786132520.9828715,0.003547799991792999,0.002979500000947155,0.01,HOLD,64,clutch active,0.0,20.370000000000385,2037,0.08,0.0,0.0,0.0,0.0,0.17364817766693036,0.9848077530122081,0.08,0.0,0.0,0.0,0.0,0.17364817766693036,0.9848077530122081,0.006085042530717979,-0.22495819035210626,0.2802278950271373,-0.12998489960129023,0.011380114958398545,0.08641360184551672,0.9876776337830379,0.006978811990594016,-0.2249526154880168,0.28023522466028833,-0.13000542448685867,0.011439783360941971,0.08594224945530432,0.9877153692836862,0.00699881092908489,-0.22495249074515072,0.28023538866777475,-0.13000972317776013,0.011452290766136871,0.08584344173433353,0.9877232509294566,0.00699881143124214,-0.22495249074100515,0.28023538866900083,-0.13000972316180576,0.011452290817107353,0.0858434413549469,0.9877232509639382,0.00699881143124214,-0.22495249074100515,0.28023538866900083,-0.13000972316180576,0.011452290817107353,0.0858434413549469,0.9877232509639382,0.14289452942558675,-0.5114106914855912,0.7777399698851879,-0.07045897356285842,0.5252748101073583,-0.023799956086482017,0.1428945352192678,-0.5114106910855473,0.7777399697807407,-0.07045896090618392,0.5252748099331634,-0.023799943453274994,0.1428945352192678,-0.5114106910855473,0.7777399697807407,-0.07045896090618392,0.5252748099331634,-0.023799943453274994,5.793681034890077e-07,4.00043938147525e-08,-1.0444718748384777e-08,1.2656674506891853e-06,-1.741949065387292e-08,1.2633207021738859e-06,-5.266982758991055e-06,-3.6367630740684605e-07,9.495198862168114e-08,-1.1506067733538213e-05,1.583590059443015e-07,-1.14847336561264e-05,1.0,True,True,1,False,,0.0,0,,,,True,True,0.010000000000001563,1.3807281276645433e-08,1.0,5.021758582106643e-10,7.693523020287399e-10,2.0000502166508393e-05,0.0002000007665405271
20.380000000000386,1786132520.9859009,0.0031888000085018575,0.002819800007273443,0.01,HOLD,64,clutch active,0.0,20.380000000000386,2038,0.08,0.0,0.0,0.0,0.0,0.17364817766693036,0.9848077530122081,0.08,0.0,0.0,0.0,0.0,0.17364817766693036,0.9848077530122081,0.006085042530717979,-0.22495819035210626,0.2802278950271373,-0.12998489960129023,0.011380114958398545,0.08641360184551672,0.9876776337830379,0.006978812492750885,-0.2249526154838934,0.2802352246615777,-0.13000542447652882,0.011439783411387197,0.08594224907603959,0.987715369317462,0.00699881143124214,-0.22495249074100515,0.28023538866900083,-0.13000972316180576,0.011452290817107353,0.0858434413549469,0.9877232509639382,0.006998811891552954,-0.22495249073720489,0.28023538867012465,-0.13000972314718073,0.011452290863830292,0.08584344100717584,0.9877232509955465,0.006998811891552954,-0.22495249073720489,0.28023538867012465,-0.13000972314718073,0.011452290863830292,0.08584344100717584,0.9877232509955465,0.1428945352192678,-0.5114106910855473,0.7777399697807407,-0.07045896090618392,0.5252748099331634,-0.023799943453274994,0.14289454053014206,-0.5114106907188403,0.7777399696849974,-0.07045894930423229,0.5252748097734847,-0.023799931872835224,0.14289454053014206,-0.5114106907188403,0.7777399696849974,-0.07045894930423229,0.5252748097734847,-0.023799931872835224,5.310874281982496e-07,3.6670694330189265e-08,-9.574325519352575e-09,1.1601951631317368e-06,-1.5967866432716616e-08,1.1580439769927123e-06,-4.828067529075065e-06,-3.333699484562708e-07,8.703932290320647e-08,-1.054722875574321e-05,1.4516242211560767e-07,-1.0527672518115716e-05,1.0,True,True,1,False,,0.0,0,,,,True,True,0.010000000000001563,1.26566745001222e-08,1.0,4.6032787257841604e-10,7.052395951376559e-10,2.0000460319301243e-05,0.00020000070266212782
20.390000000000388,1786132520.9898007,0.0030229999974835664,0.003697200008900836,0.01,HOLD,64,clutch active,0.0,20.390000000000388,2039,0.08,0.0,0.0,0.0,0.0,0.17364817766693036,0.9848077530122081,0.08,0.0,0.0,0.0,0.0,0.17364817766693036,0.9848077530122081,0.006085042530717979,-0.22495819035210626,0.2802278950271373,-0.12998489960129023,0.011380114958398545,0.08641360184551672,0.9876776337830379,0.0069788129530613495,-0.22495261548011347,0.2802352246627596,-0.1300054244670596,0.011439783457628652,0.08594224872838024,0.987715369348423,0.006998811891552954,-0.22495249073720489,0.28023538867012465,-0.13000972314718073,0.011452290863830292,0.08584344100717584,0.9877232509955465,0.006998812313504535,-0.22495249073372134,0.2802353886711549,-0.1300097231337746,0.011452290906659642,0.08584344068838572,0.9877232510245206,0.006998812313504535,-0.22495249073372134,0.2802353886711549,-0.1300097231337746,0.011452290906659642,0.08584344068838572,0.9877232510245206,0.14289454053014206,-0.5114106907188403,0.7777399696849974,-0.07045894930423229,0.5252748097734847,-0.023799931872835224,0.14289454539844348,-0.5114106903826923,0.7777399695972327,-0.07045893866910996,0.5252748096271126,-0.0237999212574321,0.14289454539844348,-0.5114106903826923,0.7777399695972327,-0.07045893866910996,0.5252748096271126,-0.0237999212574321,4.868301425150551e-07,3.361480313600635e-08,-8.776465059406402e-09,1.0635122328707435e-06,-1.463721089665669e-08,1.0615403122433045e-06,-4.425728568318746e-06,-3.055891194182439e-07,7.978604599460479e-08,-9.668293026097806e-06,1.330655536059718e-07,-9.65036647493927e-06,1.0,True,True,1,False,,0.0,0,,,,True,True,0.010000000000001563,1.1601951635520358e-08,1.0,4.219672184525723e-10,6.464695407647821e-10,2.0000421959362055e-05,0.00020000064410688657
20.40000000000039,1786132520.9933624,0.003937799992854707,0.0033204999926965684,0.01,HOLD,64,clutch active,0.0,20.40000000000039,2040,0.08,0.0,0.0,0.0,0.0,0.17364817766693036,0.9848077530122081,0.08,0.0,0.0,0.0,0.0,0.17364817766693036,0.9848077530122081,0.006085042530717979,-0.22495819035210626,0.2802278950271373,-0.12998489960129023,0.011380114958398545,0.08641360184551672,0.9876776337830379,0.006978813375012612,-0.22495261547664855,0.280235224663843,-0.1300054244583796,0.011439783500016645,0.08594224840969256,0.9877153693768039,0.006998812313504535,-0.22495249073372134,0.2802353886711549,-0.1300097231337746,0.011452290906659642,0.08584344068838572,0.9877232510245206,0.0069988127002934795,-0.22495249073052806,0.28023538867209924,-0.13000972312148548,0.011452290945919891,0.08584344039616139,0.9877232510510803,0.0069988127002934795,-0.22495249073052806,0.28023538867209924,-0.13000972312148548,0.011452290945919891,0.08584344039616139,0.9877232510510803,0.14289454539844348,-0.5114106903826923,0.7777399695972327,-0.07045893866910996,0.5252748096271126,-0.0237999212574321,0.14289454986105313,-0.5114106900745565,0.7777399695167817,-0.07045892892024783,0.5252748094929381,-0.023799911526645907,0.14289454986105313,-0.5114106900745565,0.7777399695167817,-0.07045892892024783,0.5252748094929381,-0.023799911526645907,4.462609639721275e-07,3.0813569541338716e-08,-8.045092971122422e-09,9.748862134648344e-07,-1.3417443321935109e-08,9.730786195563487e-07,-4.056917854292126e-06,-2.8012335946671955e-07,7.313720882838668e-08,-8.86260194058953e-06,1.2197675747213908e-07,-8.846169268694204e-06,1.0,True,True,1,False,,0.0,0,,,,True,True,0.010000000000001563,1.0635122324464952e-08,1.0,3.8680327883932356e-10,5.925972070339037e-10,2.0000386796076205e-05,0.00020000059043140603
20.41000000000039,1786132520.9965875,0.0035799000033875927,0.002966000000014901,0.01,HOLD,64,clutch active,0.0,20.41000000000039,2041,0.08,0.0,0.0,0.0,0.0,0.17364817766693036,0.9848077530122081,0.08,0.0,0.0,0.0,0.0,0.17364817766693036,0.9848077530122081,0.006085042530717979,-0.22495819035210626,0.2802278950271373,-0.12998489960129023,0.011380114958398545,0.08641360184551672,0.9876776337830379,0.006978813761801263,-0.22495261547347237,0.2802352246648361,-0.13000542445042276,0.011439783538872315,0.08594224811756213,0.9877153694028197,0.0069988127002934795,-0.22495249073052806,0.28023538867209924,-0.13000972312148548,0.011452290945919891,0.08584344039616139,0.9877232510510803,0.006998813054850034,-0.22495249072760098,0.2802353886729649,-0.13000972311022044,0.01145229098190845,0.08584344012828915,0.9877232510754267,0.006998813054850034,-0.22495249072760098,0.2802353886729649,-0.13000972311022044,0.01145229098190845,0.08584344012828915,0.9877232510754267,0.14289454986105313,-0.5114106900745565,0.7777399695167817,-0.07045892892024783,0.5252748094929381,-0.023799911526645907,0.14289455395177864,-0.5114106897920988,0.777739969443035,-0.07045891998379086,0.5252748093699449,-0.02379990260675856,0.14289455395177864,-0.5114106897920988,0.777739969443035,-0.07045891998379086,0.5252748093699449,-0.02379990260675856,4.090725503077777e-07,2.8245772079560088e-08,-7.374668556862115e-09,8.936456956760855e-07,-1.2299323045107008e-08,8.91988734593307e-07,-3.718841366434396e-06,-2.5677974617782263e-07,6.704244142602018e-08,-8.12405177887362e-06,1.1181202768279257e-07,-8.108988496302906e-06,1.0,True,True,1,False,,0.0,0,,,,True,True,0.010000000000001563,9.748862134228986e-09,1.0,3.545696931054753e-10,5.43213988676026e-10,2.000035456309084e-05,0.00020000054122871252
20.420000000000393,1786132520.9997058,0.003182500004186295,0.0029017000051680952,0.01,HOLD,64,clutch active,0.0,20.420000000000393,2042,0.08,0.0,0.0,0.0,0.0,0.17364817766693036,0.9848077530122081,0.08,0.0,0.0,0.0,0.0,0.17364817766693036,0.9848077530122081,0.006085042530717979,-0.22495819035210626,0.2802278950271373,-0.12998489960129023,0.011380114958398545,0.08641360184551672,0.9876776337830379,0.0069788141163575484,-0.22495261547056095,0.2802352246657464,-0.13000542444312901,0.011439783574490008,0.08594224784977593,0.9877153694266676,0.006998813054850034,-0.22495249072760098,0.2802353886729649,-0.13000972311022044,0.01145229098190845,0.08584344012828915,0.9877232510754267,0.006998813379860181,-0.2249524907249178,0.28023538867375847,-0.13000972309989423,0.011452291014897982,0.08584343988273953,0.9877232510977442,0.006998813379860181,-0.2249524907249178,0.28023538867375847,-0.13000972309989423,0.011452291014897982,0.08584343988273953,0.9877232510977442,0.14289455395177864,-0.5114106897920988,0.777739969443035,-0.07045891998379086,0.5252748093699449,-0.02379990260675856,0.14289455770161036,-0.5114106895331793,0.7777399693754339,-0.07045891179203866,0.525274809257201,-0.02379989443019516,0.14289455770161036,-0.5114106895331793,0.7777399693754339,-0.07045891179203866,0.525274809257201,-0.02379989443019516,3.749831711154576e-07,2.589195773959638e-08,-6.760112843790176e-09,8.191752210364e-07,-1.1274379458014598e-08,8.176563400438531e-07,-3.408937919231481e-06,-2.3538143399633406e-07,6.145557130718429e-08,-7.447047463967379e-06,1.0249435870922507e-07,-7.433239454944225e-06,1.0,True,True,1,False,,0.0,0,,,,True,True,0.010000000000001563,8.936456963315464e-09,1.0,3.250221917042933e-10,4.979462832964392e-10,2.0000325016140054e-05,0.00020000049612642497
20.430000000000394,1786132521.0028338,0.003115400002570823,0.0029144000000087544,0.01,HOLD,64,clutch active,0.0,20.430000000000394,2043,0.08,0.0,0.0,0.0,0.0,0.17364817766693036,0.9848077530122081,0.08,0.0,0.0,0.0,0.0,0.17364817766693036,0.9848077530122081,0.006085042530717979,-0.22495819035210626,0.2802278950271373,-0.12998489960129023,0.011380114958398545,0.08641360184551672,0.9876776337830379,0.006978814441367449,-0.22495261546789214,0.28023522466658096,-0.1300054244364431,0.011439783607139578,0.0859422476043052,0.9877153694485281,0.006998813379860181,-0.2249524907249178,0.28023538867375847,-0.13000972309989423,0.011452291014897982,0.08584343988273953,0.9877232510977442,0.006998813677786167,-0.22495249072245815,0.2802353886744858,-0.1300097230904284,0.01145229104513837,0.08584343965765245,0.9877232511182019,0.006998813677786167,-0.22495249072245815,0.2802353886744858,-0.1300097230904284,0.01145229104513837,0.08584343965765245,0.9877232511182019,0.14289455770161036,-0.5114106895331793,0.7777399693754339,-0.07045891179203866,0.525274809257201,-0.02379989443019516,0.1428945611389561,-0.5114106892958363,0.7777399693134662,-0.07045890428293246,0.5252748091538526,-0.023799886935012043,0.1428945611389561,-0.5114106892958363,0.7777399693134662,-0.07045890428293246,0.5252748091538526,-0.023799886935012043,3.437345735224979e-07,2.373429459462968e-08,-6.196770106807573e-09,7.50910619283356e-07,-1.0334847836513234e-08,7.495183117068546e-07,-3.12485975929548e-06,-2.1576631449663652e-07,5.633427369825147e-08,-6.826460175303333e-06,9.395316215012165e-08,-6.813802833698775e-06,1.0,True,True,1,False,,0.0,0,,,,True,True,0.010000000000001563,8.19175220712065e-09,1.0,2.979370267948437e-10,4.5645061105975137e-10,2.000029793147849e-05,0.00020000045478238431
20.440000000000396,1786132521.007267,0.003126600000541657,0.004221499999403022,0.01,HOLD,64,clutch active,0.0,20.440000000000396,2044,0.08,0.0,0.0,0.0,0.0,0.17364817766693036,0.9848077530122081,0.08,0.0,0.0,0.0,0.0,0.17364817766693036,0.9848077530122081,0.006085042530717979,-0.22495819035210626,0.2802278950271373,-0.12998489960129023,0.011380114958398545,0.08641360184551672,0.9876776337830379,0.006978814739293209,-0.22495261546544565,0.2802352246673458,-0.1300054244303143,0.01143978363706834,0.08594224737929046,0.9877153694685671,0.006998813677786167,-0.22495249072245815,0.2802353886744858,-0.1300097230904284,0.01145229104513837,0.08584343965765245,0.9877232511182019,0.006998813950884988,-0.22495249072020354,0.2802353886751526,-0.13000972308175132,0.011452291072858745,0.08584343945132258,0.9877232511369549,0.006998813950884988,-0.22495249072020354,0.2802353886751526,-0.13000972308175132,0.011452291072858745,0.08584343945132258,0.9877232511369549,0.1428945611389561,-0.5114106892958363,0.7777399693134662,-0.07045890428293246,0.5252748091538526,-0.023799886935012043,0.14289456428985636,-0.5114106890782719,0.7777399692566626,-0.07045889739958512,0.5252748090591165,-0.023799880064427518,0.14289456428985636,-0.5114106890782719,0.7777399692566626,-0.07045889739958512,0.5252748090591165,-0.023799880064427518,3.1509002572895193e-07,2.1756436711743564e-08,-5.680372597906861e-09,6.883347343430666e-07,-9.473610516803662e-09,6.870584523979403e-07,-2.8644547793541494e-06,-1.9778578828858068e-07,5.1639750890063105e-08,-6.2575884940279665e-06,8.612373197094361e-08,-6.245985930890456e-06,1.0,True,True,1,False,,0.0,0,,,,True,True,0.010000000000001563,7.509106197955973e-09,1.0,2.7310894184793155e-10,4.1841320818812036e-10,2.000027310385728e-05,0.00020000041688399898
20.450000000000397,1786132521.012772,0.0045845999993616715,0.005141300003742799,0.01,HOLD,64,clutch active,0.0,20.450000000000397,2045,0.08,0.0,0.0,0.0,0.0,0.17364817766693036,0.9848077530122081,0.08,0.0,0.0,0.0,0.0,0.17364817766693036,0.9848077530122081,0.006085042530717979,-0.22495819035210626,0.2802278950271373,-0.12998489960129023,0.011380114958398545,0.08641360184551672,0.9876776337830379,0.006978815012391823,-0.22495261546320308,0.280235224668047,-0.1300054244246961,0.01143978366450305,0.08594224717302687,0.9877153694869361,0.006998813950884988,-0.22495249072020354,0.2802353886751526,-0.13000972308175132,0.011452291072858745,0.08584343945132258,0.9877232511369549,0.00699881420122557,-0.2249524907181368,0.2802353886757638,-0.13000972307379743,0.011452291098269075,0.08584343926218689,0.987723251154145,0.00699881420122557,-0.2249524907181368,0.2802353886757638,-0.13000972307379743,0.011452291098269075,0.08584343926218689,0.987723251154145,0.14289456428985636,-0.5114106890782719,0.7777399692566626,-0.07045889739958512,0.5252748090591165,-0.023799880064427518,0.1428945671781816,-0.5114106888788379,0.7777399692045924,-0.07045889108985005,0.5252748089722751,-0.023799873766391703,0.1428945671781816,-0.5114106888788379,0.7777399692045924,-0.07045889108985005,0.5252748089722751,-0.023799873766391703,2.888325235848685e-07,1.9943400319097985e-08,-5.207008214747882e-09,6.309735064811355e-07,-8.684142973736567e-09,6.298035813647697e-07,-2.6257502144079327e-06,-1.8130363926452972e-07,4.733643831589051e-08,-5.736122786192222e-06,7.894675430669719e-08,-5.7254871033161694e-06,1.0,True,True,1,False,,0.0,0,,,,True,True,0.010000000000001563,6.883347336561485e-09,1.0,2.503498587921293e-10,3.8354536177019127e-10,2.000025034519814e-05,0.00020000038214360724
20.4600000000004,1786132521.016261,0.005460699991090223,0.0031694999925093725,0.01,HOLD,64,clutch active,0.0,20.4600000000004,2046,0.08,0.0,0.0,0.0,0.0,0.17364817766693036,0.9848077530122081,0.08,0.0,0.0,0.0,0.0,0.17364817766693036,0.9848077530122081,0.006085042530717979,-0.22495819035210626,0.2802278950271373,-0.12998489960129023,0.011380114958398545,0.08641360184551672,0.9876776337830379,0.0069788152627322155,-0.22495261546114742,0.28023522466868983,-0.1300054244195462,0.011439783689651524,0.08594224698395195,0.9877153695037743,0.00699881420122557,-0.2249524907181368,0.2802353886757638,-0.13000972307379743,0.011452291098269075,0.08584343926218689,0.987723251154145,0.006998814430704436,-0.22495249071624232,0.28023538867632414,-0.13000972306650652,0.011452291121561865,0.0858434390888125,0.9877232511699027,0.006998814430704436,-0.22495249071624232,0.28023538867632414,-0.13000972306650652,0.011452291121561865,0.0858434390888125,0.9877232511699027,0.1428945671781816,-0.5114106888788379,0.7777399692045924,-0.07045889108985005,0.5252748089722751,-0.023799873766391703,0.14289456982581308,-0.5114106886960234,0.7777399691568615,-0.07045888530592624,0.5252748088926704,-0.023799867993192208,0.14289456982581308,-0.5114106886960234,0.7777399691568615,-0.07045888530592624,0.5252748088926704,-0.023799867993192208,2.6476314661945904e-07,1.8281450292506226e-08,-4.773090863518824e-09,5.783923809410326e-07,-7.96046439259174e-09,5.77319949584364e-07,-2.4069376965405706e-06,-1.661950026591499e-07,4.3391735122899015e-08,-5.258112554009462e-06,7.236785811447139e-08,-5.2483631780397475e-06,1.0,True,True,1,False,,0.0,0,,,,True,True,0.010000000000001563,6.309735067766553e-09,1.0,2.29487370447571e-10,3.5158323091597215e-10,2.000022948309759e-05,0.00020000035029829396
20.4700000000004,1786132521.019484,0.0033950000070035458,0.0029977000085636973,0.01,HOLD,64,clutch active,0.0,20.4700000000004,2047,0.08,0.0,0.0,0.0,0.0,0.17364817766693036,0.9848077530122081,0.08,0.0,0.0,0.0,0.0,0.17364817766693036,0.9848077530122081,0.006085042530717979,-0.22495819035210626,0.2802278950271373,-0.12998489960129023,0.011380114958398545,0.08641360184551672,0.9876776337830379,0.006978815492210908,-0.22495261545926307,0.2802352246692791,-0.13000542441482557,0.011439783712704283,0.08594224681063325,0.9877153695192092,0.006998814430704436,-0.22495249071624232,0.28023538867632414,-0.13000972306650652,0.011452291121561865,0.0858434390888125,0.9877232511699027,0.006998814641060072,-0.22495249071450574,0.28023538867683767,-0.13000972305982286,0.011452291142913608,0.085843438929886,0.9877232511843472,0.006998814641060072,-0.22495249071450574,0.28023538867683767,-0.13000972305982286,0.011452291142913608,0.085843438929886,0.9877232511843472,0.14289456982581308,-0.5114106886960234,0.7777399691568615,-0.07045888530592624,0.5252748088926704,-0.023799867993192208,0.1428945722528086,-0.5114106885284434,0.7777399691131082,-0.07045888000399608,0.5252748088196995,-0.02379986270109267,0.1428945722528086,-0.5114106885284434,0.7777399691131082,-0.07045888000399608,0.5252748088196995,-0.02379986270109267,2.42699551067834e-07,1.6757996101463803e-08,-4.37533329155886e-09,5.301930158626056e-07,-7.297092359875658e-09,5.292099537856595e-07,-2.2063595551621586e-06,-1.5234541910421855e-07,3.97757571959902e-08,-4.819936507841939e-06,6.633720327159783e-08,-4.8109995798697e-06,1.0,True,True,1,False,,0.0,0,,,,True,True,0.010000000000001563,5.78392381211934e-09,1.0,2.1036343052775727e-10,3.2228465897986066e-10,2.0000210359513535e-05,0.00020000032110675299
20.480000000000402,1786132521.0279987,0.003212700001313351,0.008300200002850033,0.01,HOLD,64,clutch active,0.0,20.480000000000402,2048,0.08,0.0,0.0,0.0,0.0,0.17364817766693036,0.9848077530122081,0.08,0.0,0.0,0.0,0.0,0.17364817766693036,0.9848077530122081,0.006085042530717979,-0.22495819035210626,0.2802278950271373,-0.12998489960129023,0.011380114958398545,0.08641360184551672,0.9876776337830379,0.006978815702566384,-0.22495261545753578,0.2802352246698191,-0.13000542441049806,0.011439783733835992,0.08594224665175781,0.987715369533358,0.006998814641060072,-0.22495249071450574,0.28023538867683767,-0.13000972305982286,0.011452291142913608,0.085843438929886,0.9877232511843472,0.006998814833886046,-0.22495249071291368,0.2802353886773084,-0.13000972305369626,0.01145229116248605,0.08584343878420335,0.9877232511975881,0.006998814833886046,-0.22495249071291368,0.2802353886773084,-0.13000972305369626,0.01145229116248605,0.08584343878420335,0.9877232511975881,0.1428945722528086,-0.5114106885284434,0.7777399691131082,-0.07045888000399608,0.5252748088196995,-0.02379986270109267,0.1428945744775545,-0.5114106883748284,0.7777399690730009,-0.07045887514389344,0.5252748087528094,-0.023799857850001428,0.1428945744775545,-0.5114106883748284,0.7777399690730009,-0.07045887514389344,0.5252748087528094,-0.023799857850001428,2.2247458847884464e-07,1.53614964263416e-08,-4.0107221839288976e-09,4.86010264540715e-07,-6.689001329885925e-09,4.851091243035143e-07,-2.0224962588986167e-06,-1.3964996751219836e-07,3.6461110762990504e-08,-4.418275132188381e-06,6.080910299896382e-08,-4.41008294821383e-06,1.0,True,True,1,False,,0.0,0,,,,True,True,0.010000000000001563,5.301930158796431e-09,1.0,1.9283312078237155e-10,2.9542762283183316e-10,2.0000192829530235e-05,0.0002000002943478835
20.490000000000403,1786132521.0331464,0.008600599991041236,0.0048463999992236495,0.01,HOLD,64,clutch active,0.0,20.490000000000403,2049,0.08,0.0,0.0,0.0,0.0,0.17364817766693036,0.9848077530122081,0.08,0.0,0.0,0.0,0.0,0.17364817766693036,0.9848077530122081,0.006085042530717979,-0.22495819035210626,0.2802278950271373,-0.12998489960129023,0.011380114958398545,0.08641360184551672,0.9876776337830379,0.006978815895392212,-0.22495261545595224,0.28023522467031414,-0.13000542440653126,0.011439783753206739,0.08594224650612198,0.9877153695463277,0.006998814833886046,-0.22495249071291368,0.2802353886773084,-0.13000972305369626,0.01145229116248605,0.08584343878420335,0.9877232511975881,0.006998815010643207,-0.22495249071145446,0.28023538867774,-0.13000972304808034,0.011452291180427444,0.08584343865066088,0.9877232512097255,0.006998815010643207,-0.22495249071145446,0.28023538867774,-0.13000972304808034,0.011452291180427444,0.08584343865066088,0.9877232512097255,0.1428945744775545,-0.5114106883748284,0.7777399690730009,-0.07045887514389344,0.5252748087528094,-0.023799857850001428,0.14289457651690488,-0.5114106882340147,0.777739969036236,-0.07045887068879936,0.5252748086914936,-0.023799853403167787,0.14289457651690488,-0.5114106882340147,0.777739969036236,-0.07045887068879936,0.5252748086914936,-0.023799853403167787,2.0393503943893802e-07,1.4081371724146267e-08,-3.676495335268104e-09,4.455094091623157e-07,-6.131584552395344e-09,4.4468336394488183e-07,-1.853954903990372e-06,-1.2801247021951333e-07,3.342268486607415e-08,-4.050085537839292e-06,5.574167774904938e-08,-4.04257603586262e-06,1.0,True,True,1,False,,0.0,0,,,,True,True,0.010000000000001563,4.860102639780983e-09,1.0,1.7676371111545748e-10,2.7080868494727205e-10,2.000017676042016e-05,0.00020000026981903485
20.500000000000405,1786132521.0395157,0.005180699998163618,0.0060354000015649945,0.01,HOLD,64,clutch active,0.0,20.500000000000405,2050,0.08,0.0,0.0,0.0,0.0,0.17364817766693036,0.9848077530122081,0.08,0.0,0.0,0.0,0.0,0.17364817766693036,0.9848077530122081,0.006085042530717979,-0.22495819035210626,0.2802278950271373,-0.12998489960129023,0.011380114958398545,0.08641360184551672,0.9876776337830379,0.0069788160721492385,-0.22495261545450082,0.28023522467076806,-0.1300054244028951,0.011439783770963243,0.08594224637262239,0.9877153695582165,0.006998815010643207,-0.22495249071145446,0.28023538867774,-0.13000972304808034,0.011452291180427444,0.08584343865066088,0.9877232512097255,0.006998815172670612,-0.2249524907101168,0.2802353886781355,-0.13000972304293237,0.011452291196873715,0.08584343852824701,0.9877232512208515,0.006998815172670612,-0.2249524907101168,0.2802353886781355,-0.13000972304293237,0.011452291196873715,0.08584343852824701,0.9877232512208515,0.14289457651690488,-0.5114106882340147,0.777739969036236,-0.07045887068879936,0.5252748086914936,-0.023799853403167787,0.1428945783863094,-0.5114106881049355,0.7777399690025348,-0.0704588666049631,0.5252748086352874,-0.023799849326903617,0.1428945783863094,-0.5114106881049355,0.7777399690025348,-0.0704588666049631,0.5252748086352874,-0.023799849326903617,1.8694045281902385e-07,1.2907924080467228e-08,-3.370120723995714e-09,4.0838362506545026e-07,-5.620619173028985e-09,4.076264169494692e-07,-1.6994586619911502e-06,-1.1734476436788556e-07,3.06374611272342e-08,-3.7125784096859643e-06,5.109653793662786e-08,-3.705694699540682e-06,1.0,True,True,1,False,,0.0,0,,,,True,True,0.010000000000001563,4.455094085309419e-09,1.0,1.6203340964678785e-10,2.482412050259612e-10,2.0000162030392282e-05,0.00020000024733395175
20.510000000000407,1786132521.0457935,0.006462800010922365,0.005850600005942397,0.01,HOLD,64,clutch active,0.0,20.510000000000407,2051,0.08,0.0,0.0,0.0,0.0,0.17364817766693036,0.9848077530122081,0.08,0.0,0.0,0.0,0.0,0.17364817766693036,0.9848077530122081,0.006085042530717979,-0.22495819035210626,0.2802278950271373,-0.12998489960129023,0.011380114958398545,0.08641360184551672,0.9876776337830379,0.006978816234176522,-0.22495261545317033,0.280235224671184,-0.13000542439956198,0.011439783787240037,0.08594224625024786,0.9877153695691148,0.006998815172670612,-0.2249524907101168,0.2802353886781355,-0.13000972304293237,0.011452291196873715,0.08584343852824701,0.9877232512208515,0.006998815321195725,-0.2249524907088906,0.2802353886784981,-0.13000972303821323,0.011452291211949477,0.08584343841603427,0.9877232512310502,0.006998815321195725,-0.2249524907088906,0.2802353886784981,-0.13000972303821323,0.011452291211949477,0.08584343841603427,0.9877232512310502,0.1428945783863094,-0.5114106881049355,0.7777399690025348,-0.0704588666049631,0.5252748086352874,-0.023799849326903617,0.14289458009993022,-0.5114106879866128,0.7777399689716421,-0.07045886286144654,0.5252748085837651,-0.023799845590328127,0.14289458009993022,-0.5114106879866128,0.7777399689716421,-0.07045886286144654,0.5252748085837651,-0.023799845590328127,1.7136208175076943e-07,1.1832263740428124e-08,-3.0892773303293608e-09,3.7435165630999075e-07,-5.152234241943163e-09,3.7365754887034147e-07,-1.5578371068251988e-06,-1.0756603400389357e-07,2.808433936663095e-08,-3.403196875545419e-06,4.6838493108574874e-08,-3.3968868079122436e-06,1.0,True,True,1,False,,0.0,0,,,,True,True,0.010000000000001563,4.083836255275308e-09,1.0,1.4853061662699716e-10,2.2755449380197966e-10,2.0000148527850323e-05,0.00020000022672281658
20.520000000000408,1786132521.05173,0.006243199997697957,0.005543300008866936,0.01,HOLD,64,clutch active,0.0,20.520000000000408,2052,0.08,0.0,0.0,0.0,0.0,0.17364817766693036,0.9848077530122081,0.08,0.0,0.0,0.0,0.0,0.17364817766693036,0.9848077530122081,0.006085042530717979,-0.22495819035210626,0.2802278950271373,-0.12998489960129023,0.011380114958398545,0.08641360184551672,0.9876776337830379,0.006978816382701521,-0.22495261545195067,0.2802352246715653,-0.13000542439650642,0.01143978380216044,0.08594224613807117,0.9877153695791048,0.006998815321195725,-0.2249524907088906,0.2802353886784981,-0.13000972303821323,0.011452291211949477,0.08584343841603427,0.9877232512310502,0.006998815457343748,-0.22495249070776657,0.2802353886788306,-0.13000972303388755,0.011452291225768912,0.08584343831317263,0.9877232512403992,0.006998815457343748,-0.22495249070776657,0.2802353886788306,-0.13000972303388755,0.011452291225768912,0.08584343831317263,0.9877232512403992,0.14289458009993022,-0.5114106879866128,0.7777399689716421,-0.07045886286144654,0.5252748085837651,-0.023799845590328127,0.1428945816707493,-0.5114106878781504,0.7777399689433238,-0.07045885942988969,0.5252748085365363,-0.02379984216513393,0.1428945816707493,-0.5114106878781504,0.7777399689433238,-0.07045885942988969,0.5252748085365363,-0.02379984216513393,1.570819082715364e-07,1.084624176205896e-08,-2.831837552801874e-09,3.4315568495081997e-07,-4.722881388447833e-09,3.4251941979780814e-07,-1.4280173479230786e-06,-9.860219783690104e-08,2.5743977752744675e-08,-3.1195971359165896e-06,4.293528534952636e-08,-3.1138129072528458e-06,1.0,True,True,1,False,,0.0,0,,,,True,True,0.010000000000001563,3.743516566179217e-09,1.0,1.3615306908507607e-10,2.085915164447874e-10,2.0000136150533906e-05,0.00020000020782915575
20.53000000000041,1786132521.0586584,0.005929499995545484,0.00654269999358803,0.01,HOLD,64,clutch active,0.0,20.53000000000041,2053,0.08,0.0,0.0,0.0,0.0,0.17364817766693036,0.9848077530122081,0.08,0.0,0.0,0.0,0.0,0.17364817766693036,0.9848077530122081,0.006085042530717979,-0.22495819035210626,0.2802278950271373,-0.12998489960129023,0.011380114958398545,0.08641360184551672,0.9876776337830379,0.006978816518849441,-0.22495261545083267,0.2802352246719149,-0.1300054243937057,0.011439783815837466,0.08594224603524259,0.9877153695882622,0.006998815457343748,-0.22495249070776657,0.2802353886788306,-0.13000972303388755,0.011452291225768912,0.08584343831317263,0.9877232512403992,0.006998815582146094,-0.22495249070673629,0.2802353886791353,-0.13000972302992211,0.011452291238436739,0.08584343821888275,0.987723251248969,0.006998815582146094,-0.22495249070673629,0.2802353886791353,-0.13000972302992211,0.011452291238436739,0.08584343821888275,0.987723251248969,0.1428945816707493,-0.5114106878781504,0.7777399689433238,-0.07045885942988969,0.5252748085365363,-0.02379984216513393,0.1428945831106668,-0.5114106877787264,0.7777399689173653,-0.0704588562842959,0.5252748084932433,-0.023799839025372582,0.1428945831106668,-0.5114106877787264,0.7777399689173653,-0.0704588562842959,0.5252748084932433,-0.023799839025372582,1.4399174924890632e-07,9.942388281887238e-09,-2.5958510900683474e-09,3.145593778715805e-07,-4.329307939410452e-09,3.13976134814653e-07,-1.3090159022628034e-06,-9.0385348017158e-08,2.359864627334895e-08,-2.8596307079235e-06,3.935734490373194e-08,-2.854328498315068e-06,1.0,True,True,1,False,,0.0,0,,,,True,True,0.010000000000001563,3.4315568442355726e-09,1.0,1.248069701033536e-10,1.9120901326309795e-10,2.000012480464611e-05,0.00020000019051018072
20.54000000000041,1786132521.063806,0.0069521999976132065,0.004737700000987388,0.01,HOLD,64,clutch active,0.0,20.54000000000041,2054,0.08,0.0,0.0,0.0,0.0,0.17364817766693036,0.9848077530122081,0.08,0.0,0.0,0.0,0.0,0.17364817766693036,0.9848077530122081,0.006085042530717979,-0.22495819035210626,0.2802278950271373,-0.12998489960129023,0.011380114958398545,0.08641360184551672,0.9876776337830379,0.006978816643651692,-0.2249526154498079,0.28023522467223533,-0.13000542439113813,0.01143978382837475,0.085942245940983,0.9877153695966566,0.006998815582146094,-0.22495249070673629,0.2802353886791353,-0.13000972302992211,0.011452291238436739,0.08584343821888275,0.987723251248969,0.006998815696548252,-0.22495249070579176,0.28023538867941455,-0.13000972302628735,0.011452291250048912,0.08584343813245038,0.9877232512568247,0.006998815696548252,-0.22495249070579176,0.28023538867941455,-0.13000972302628735,0.011452291250048912,0.08584343813245038,0.9877232512568247,0.1428945831106668,-0.5114106877787264,0.7777399689173653,-0.0704588562842959,0.5252748084932433,-0.023799839025372582,0.14289458443059116,-0.5114106876875879,0.77773996889357,-0.07045885340083494,0.5252748084535579,-0.023799836147258013,0.14289458443059116,-0.5114106876875879,0.77773996889357,-0.07045885340083494,0.5252748084535579,-0.023799836147258013,1.3199243681149558e-07,9.113855925063172e-09,-2.3795301658959513e-09,2.88346096382278e-07,-3.968532277792858e-09,2.8781145691342786e-07,-1.199931243740886e-06,-8.285323568239366e-08,2.1632092417236228e-08,-2.6213281489298374e-06,3.607756616175377e-08,-2.6164677901221084e-06,1.0,True,True,1,False,,0.0,0,,,,True,True,0.010000000000001563,3.1455937854474314e-09,1.0,1.1440639775210533e-10,1.752748910389342e-10,2.0000114404267196e-05,0.00020000017463432592
20.550000000000413,1786132521.0688705,0.005067600010079332,0.00473519999650307,0.01,HOLD,64,clutch active,0.0,20.550000000000413,2055,0.08,0.0,0.0,0.0,0.0,0.17364817766693036,0.9848077530122081,0.08,0.0,0.0,0.0,0.0,0.17364817766693036,0.9848077530122081,0.006085042530717979,-0.22495819035210626,0.2802278950271373,-0.12998489960129023,0.011380114958398545,0.08641360184551672,0.9876776337830379,0.0069788167580537635,-0.22495261544886844,0.28023522467252904,-0.13000542438878473,0.011439783839867258,0.08594224585457838,0.9877153696043514,0.006998815696548252,-0.22495249070579176,0.28023538867941455,-0.13000972302628735,0.011452291250048912,0.08584343813245038,0.9877232512568247,0.006998815801416893,-0.22495249070492598,0.2802353886796705,-0.13000972302295527,0.011452291260693392,0.08584343805322069,0.9877232512640257,0.006998815801416893,-0.22495249070492598,0.2802353886796705,-0.13000972302295527,0.011452291260693392,0.08584343805322069,0.9877232512640257,0.14289458443059116,-0.5114106876875879,0.77773996889357,-0.07045885340083494,0.5252748084535579,-0.023799836147258013,0.14289458564052185,-0.5114106876040442,0.7777399688717577,-0.07045885075766238,0.5252748084171797,-0.023799833508986325,0.14289458564052185,-0.5114106876040442,0.7777399688717577,-0.07045885075766238,0.5252748084171797,-0.023799833508986325,1.2099306707720256e-07,8.35436793130779e-09,-2.181235985404591e-09,2.643172550170844e-07,-3.6378212546434013e-09,2.6382716883730514e-07,-1.0999369734291298e-06,-7.594879937552645e-08,1.982941804913293e-08,-2.402884136518984e-06,3.3071102314940487e-08,-2.398428807611899e-06,1.0,True,True,1,False,,0.0,0,,,,True,True,0.010000000000001563,2.8834609699934788e-09,1.0,1.0487252772360016e-10,1.6066868516053956e-10,2.0000104870574418e-05,0.0002000001600814749
20.560000000000414,1786132521.0749855,0.005203199994866736,0.0056468999973731115,0.01,HOLD,64,clutch active,0.0,20.560000000000414,2056,0.08,0.0,0.0,0.0,0.0,0.17364817766693036,0.9848077530122081,0.08,0.0,0.0,0.0,0.0,0.17364817766693036,0.9848077530122081,0.006085042530717979,-0.22495819035210626,0.2802278950271373,-0.12998489960129023,0.011380114958398545,0.08641360184551672,0.9876776337830379,0.006978816862922325,-0.2249526154480073,0.2802352246727982,-0.13000542438662727,0.011439783850402048,0.08594224577537415,0.987715369611405,0.006998815801416893,-0.22495249070492598,0.2802353886796705,-0.13000972302295527,0.011452291260693392,0.08584343805322069,0.9877232512640257,0.006998815897546477,-0.2249524907041324,0.2802353886799052,-0.13000972301990113,0.011452291270450839,0.08584343798059349,0.9877232512706267,0.006998815897546477,-0.2249524907041324,0.2802353886799052,-0.13000972301990113,0.011452291270450839,0.08584343798059349,0.9877232512706267,0.14289458564052185,-0.5114106876040442,0.7777399688717577,-0.07045885075766238,0.5252748084171797,-0.023799833508986325,0.14289458674962496,-0.5114106875274624,0.777739968851763,-0.07045884833475421,0.525274808383833,-0.02379983109057061,0.14289458674962496,-0.5114106875274624,0.777739968851763,-0.07045884833475421,0.525274808383833,-0.02379983109057061,1.109103114874341e-07,7.658170603698698e-09,-1.99946631995418e-09,2.422908170989906e-07,-3.3346694834230704e-09,2.4184157143419293e-07,-1.008275558976688e-06,-6.961973276089825e-08,1.817696654503826e-08,-2.2026437918090368e-06,3.031517712202835e-08,-2.1985597403108764e-06,1.0,True,True,1,False,,0.0,0,,,,True,True,0.010000000000001563,2.6431725558273556e-09,1.0,9.613314559413386e-11,1.472795662667889e-10,2.00000961313559e-05,0.0002000001467412997
20.570000000000416,1786132521.0797896,0.005987099997582845,0.004463899997062981,0.01,HOLD,64,clutch active,0.0,20.570000000000416,2057,0.08,0.0,0.0,0.0,0.0,0.17364817766693036,0.9848077530122081,0.08,0.0,0.0,0.0,0.0,0.17364817766693036,0.9848077530122081,0.006085042530717979,-0.22495819035210626,0.2802278950271373,-0.12998489960129023,0.011380114958398545,0.08641360184551672,0.9876776337830379,0.006978816959051836,-0.22495261544721795,0.28023522467304507,-0.13000542438464982,0.011439783860058944,0.08594224570277029,0.9877153696178708,0.006998815897546477,-0.2249524907041324,0.2802353886799052,-0.13000972301990113,0.011452291270450839,0.08584343798059349,0.9877232512706267,0.00699881598566527,-0.2249524907034049,0.28023538868012043,-0.13000972301710137,0.011452291279395174,0.08584343791401855,0.9877232512766775,0.00699881598566527,-0.2249524907034049,0.28023538868012043,-0.13000972301710137,0.011452291279395174,0.08584343791401855,0.9877232512766775,0.14289458674962496,-0.5114106875274624,0.777739968851763,-0.07045884833475421,0.525274808383833,-0.02379983109057061,0.14289458776630282,-0.5114106874572626,0.7777399688334345,-0.07045884611375505,0.5252748083532652,-0.02379982887368954,0.14289458776630282,-0.5114106874572626,0.7777399688334345,-0.07045884611375505,0.5252748083532652,-0.02379982887368954,1.0166778553014648e-07,7.01998972005704e-09,-1.832844126624639e-09,2.2209991567407157e-07,-3.0567803598044378e-09,2.2168810714800703e-07,-9.242525957286176e-07,-6.381808836415582e-08,1.66622193329515e-08,-2.0190901424915886e-06,2.778891236185892e-08,-2.0153464286182746e-06,1.0,True,True,1,False,,0.0,0,,,,True,True,0.010000000000001563,2.422908165766735e-09,1.0,8.812205936387084e-11,1.3500629270777827e-10,2.0000088120418807e-05,0.0002000001345128838
20.580000000000418,1786132521.0831785,0.00474190000386443,0.0031103000073926523,0.01,HOLD,64,clutch active,0.0,20.580000000000418,2058,0.08,0.0,0.0,0.0,0.0,0.17364817766693036,0.9848077530122081,0.08,0.0,0.0,0.0,0.0,0.17364817766693036,0.9848077530122081,0.006085042530717979,-0.22495819035210626,0.2802278950271373,-0.12998489960129023,0.011380114958398545,0.08641360184551672,0.9876776337830379,0.006978817047170563,-0.22495261544649434,0.2802352246732714,-0.13000542438283705,0.011439783868911105,0.08594224563621673,0.9877153696237978,0.00699881598566527,-0.2249524907034049,0.28023538868012043,-0.13000972301710137,0.011452291279395174,0.08584343791401855,0.9877232512766775,0.00699881606644083,-0.22495249070273804,0.28023538868031767,-0.13000972301453492,0.011452291287594134,0.08584343785299155,0.9877232512822242,0.00699881606644083,-0.22495249070273804,0.28023538868031767,-0.13000972301453492,0.011452291287594134,0.08584343785299155,0.9877232512822242,0.14289458776630282,-0.5114106874572626,0.7777399688334345,-0.07045884611375505,0.5252748083532652,-0.02379982887368954,0.14289458869825752,-0.5114106873929127,0.7777399688166334,-0.07045884407783916,0.5252748083252448,-0.023799826841548556,0.14289458869825752,-0.5114106873929127,0.7777399688166334,-0.07045884407783916,0.5252748083252448,-0.023799826841548556,9.319547006929962e-08,6.4349905767188616e-09,-1.680107116072562e-09,2.0359158936789603e-07,-2.802048663154028e-09,2.0321409821900357e-07,-8.47231546084554e-07,-5.8499914333808664e-08,1.5273701055205325e-08,-1.850832630617263e-06,2.5473169665036983e-08,-1.8474008929000586e-06,1.0,True,True,1,False,,0.0,0,,,,True,True,0.010000000000001563,2.2209991623611813e-09,1.0,8.07785532534415e-11,1.237557467146257e-10,2.000008077704912e-05,0.0002000001233034134
20.59000000000042,1786132521.0881042,0.0033245999948121607,0.004712199995992705,0.01,HOLD,64,clutch active,0.0,20.59000000000042,2059,0.08,0.0,0.0,0.0,0.0,0.17364817766693036,0.9848077530122081,0.08,0.0,0.0,0.0,0.0,0.17364817766693036,0.9848077530122081,0.006085042530717979,-0.22495819035210626,0.2802278950271373,-0.12998489960129023,0.011380114958398545,0.08641360184551672,0.9876776337830379,0.006978817127946061,-0.22495261544583106,0.2802352246734788,-0.13000542438117535,0.011439783877025576,0.08594224557520934,0.9877153696292308,0.00699881606644083,-0.22495249070273804,0.28023538868031767,-0.13000972301453492,0.011452291287594134,0.08584343785299155,0.9877232512822242,0.006998816140485083,-0.2249524907021267,0.28023538868049847,-0.13000972301218236,0.011452291295109851,0.08584343779705006,0.9877232512873085,0.006998816140485083,-0.2249524907021267,0.28023538868049847,-0.13000972301218236,0.011452291295109851,0.08584343779705006,0.9877232512873085,0.14289458869825752,-0.5114106873929127,0.7777399688166334,-0.07045884407783916,0.5252748083252448,-0.023799826841548556,0.14289458955254933,-0.5114106873339254,0.7777399688012324,-0.07045884221158293,0.5252748082995593,-0.023799824978752656,0.14289458955254933,-0.5114106873339254,0.7777399688012324,-0.07045884221158293,0.5252748082995593,-0.023799824978752656,8.542918089685677e-08,5.898741361992206e-09,-1.54009818973316e-09,1.8662562358723537e-07,-2.568544607891156e-09,1.8627959003408396e-07,-7.766289172441636e-07,-5.362492147265718e-08,1.4000892633938017e-08,-1.6965965780658003e-06,2.335040552628357e-08,-1.6934508184916963e-06,1.0,True,True,1,False,,0.0,0,,,,True,True,0.010000000000001563,2.0359158942051536e-09,1.0,7.404699782702487e-11,1.1344285854184145e-10,2.0000074045619535e-05,0.00020000011302826346
20.60000000000042,1786132521.0933323,0.005047900005592965,0.004891800010227598,0.01,HOLD,64,clutch active,0.0,20.60000000000042,2060,0.08,0.0,0.0,0.0,0.0,0.17364817766693036,0.9848077530122081,0.08,0.0,0.0,0.0,0.0,0.17364817766693036,0.9848077530122081,0.006085042530717979,-0.22495819035210626,0.2802278950271373,-0.12998489960129023,0.011380114958398545,0.08641360184551672,0.9876776337830379,0.006978817201990259,-0.22495261544522296,0.2802352246736689,-0.13000542437965212,0.011439783884463846,0.08594224551928582,0.9877153696342111,0.006998816140485083,-0.2249524907021267,0.28023538868049847,-0.13000972301218236,0.011452291295109851,0.08584343779705006,0.9877232512873085,0.006998816208358998,-0.22495249070156634,0.28023538868066417,-0.1300097230100259,0.011452291301999262,0.08584343774577044,0.9877232512919693,0.006998816208358998,-0.22495249070156634,0.28023538868066417,-0.1300097230100259,0.011452291301999262,0.08584343774577044,0.9877232512919693,0.14289458955254933,-0.5114106873339254,0.7777399688012324,-0.07045884221158293,0.5252748082995593,-0.023799824978752656,0.14289459033565016,-0.5114106872798536,0.7777399687871148,-0.07045884050084804,0.5252748082760144,-0.02379982327118975,0.14289459033565016,-0.5114106872798536,0.7777399687871148,-0.07045884050084804,0.5252748082760144,-0.02379982327118975,7.831008248878426e-08,5.407179581826112e-09,-1.4117566739220431e-09,1.7107348828829665e-07,-2.354499223900193e-09,1.7075629086457454e-07,-7.119098408071397e-07,-4.9156178016601724e-08,1.2834151581109666e-08,-1.5552135298936282e-06,2.1404538399092967e-08,-1.5523299169506997e-06,1.0,True,True,1,False,,0.0,0,,,,True,True,0.010000000000001563,1.866256232885277e-09,1.0,6.787643015303831e-11,1.0398915180538862e-10,2.000006787516594e-05,0.00020000010360910947
20.610000000000422,1786132521.0994163,0.005359799994039349,0.005616599999484606,0.01,HOLD,64,clutch active,0.0,20.610000000000422,2061,0.08,0.0,0.0,0.0,0.0,0.17364817766693036,0.9848077530122081,0.08,0.0,0.0,0.0,0.0,0.17364817766693036,0.9848077530122081,0.006085042530717979,-0.22495819035210626,0.2802278950271373,-0.12998489960129023,0.011380114958398545,0.08641360184551672,0.9876776337830379,0.0069788172698641215,-0.22495261544466563,0.28023522467384315,-0.13000542437825588,0.01143978389128226,0.08594224546802268,0.9877153696387764,0.006998816208358998,-0.22495249070156634,0.28023538868066417,-0.1300097230100259,0.011452291301999262,0.08584343774577044,0.9877232512919693,0.0069988162705767396,-0.22495249070105267,0.28023538868081604,-0.13000972300804906,0.011452291308314544,0.08584343769876407,0.9877232512962415,0.0069988162705767396,-0.22495249070105267,0.28023538868081604,-0.13000972300804906,0.011452291308314544,0.08584343769876407,0.9877232512962415,0.14289459033565016,-0.5114106872798536,0.7777399687871148,-0.07045884050084804,0.5252748082760144,-0.02379982327118975,0.1428945910534926,-0.5114106872302878,0.7777399687741737,-0.07045883893267439,0.5252748082544314,-0.02379982170592375,0.1428945910534926,-0.5114106872302878,0.7777399687741737,-0.07045883893267439,0.5252748082544314,-0.02379982170592375,7.178424228138455e-08,4.956581283340532e-09,-1.294110284428521e-09,1.568173642642697e-07,-2.158290955241813e-09,1.565265999591911e-07,-6.525840207398689e-07,-4.505982984855093e-08,1.176463894935036e-08,-1.4256124024024722e-06,1.9620826865834943e-08,-1.4229690905381212e-06,1.0,True,True,1,False,,0.0,0,,,,True,True,0.010000000000001563,1.7107348870837313e-09,1.0,6.222004715794291e-11,9.532347926209216e-11,2.000006221888897e-05,0.00020000009497507718
20.620000000000424,1786132521.105106,0.006028400006471202,0.005277400006889366,0.01,HOLD,64,clutch active,0.0,20.620000000000424,2062,0.08,0.0,0.0,0.0,0.0,0.17364817766693036,0.9848077530122081,0.08,0.0,0.0,0.0,0.0,0.17364817766693036,0.9848077530122081,0.006085042530717979,-0.22495819035210626,0.2802278950271373,-0.12998489960129023,0.011380114958398545,0.08641360184551672,0.9876776337830379,0.006978817332081816,-0.2249526154441547,0.28023522467400286,-0.1300054243769759,0.011439783897532465,0.0859422454210314,0.9877153696429612,0.0069988162705767396,-0.22495249070105267,0.28023538868081604,-0.13000972300804906,0.011452291308314544,0.08584343769876407,0.9877232512962415,0.0069988163276096735,-0.22495249070058182,0.28023538868095527,-0.1300097230062371,0.011452291314103571,0.08584343765567491,0.9877232513001578,0.0069988163276096735,-0.22495249070058182,0.28023538868095527,-0.1300097230062371,0.011452291314103571,0.08584343765567491,0.9877232513001578,0.1428945910534926,-0.5114106872302878,0.7777399687741737,-0.07045883893267439,0.5252748082544314,-0.02379982170592375,0.1428945917115148,-0.5114106871848525,0.777739968762311,-0.07045883749518189,0.5252748082346471,-0.023799820271096582,0.1428945917115148,-0.5114106871848525,0.777739968762311,-0.07045883749518189,0.5252748082346471,-0.023799820271096582,6.580222209126823e-08,4.54353284306209e-09,-1.1862677607261275e-09,1.437492505755785e-07,-1.9784333756383e-09,1.4348271662925648e-07,-5.982020190115379e-07,-4.1304844027837766e-08,1.0784252370237676e-08,-1.3068113688689142e-06,1.798575796034844e-08,-1.3043883329932592e-06,1.0,True,True,1,False,,0.0,0,,,,True,True,0.010000000000001563,1.5681736464934204e-09,1.0,5.703504739290905e-11,8.737984092956966e-11,2.0000057033985595e-05,0.00020000008706048546
20.630000000000425,1786132521.1105483,0.005625999998301268,0.005093900006613694,0.01,HOLD,64,clutch active,0.0,20.630000000000425,2063,0.08,0.0,0.0,0.0,0.0,0.17364817766693036,0.9848077530122081,0.08,0.0,0.0,0.0,0.0,0.17364817766693036,0.9848077530122081,0.006085042530717979,-0.22495819035210626,0.2802278950271373,-0.12998489960129023,0.011380114958398545,0.08641360184551672,0.9876776337830379,0.006978817389114707,-0.22495261544368636,0.2802352246741493,-0.13000542437580273,0.011439783903261834,0.08594224537795608,0.9877153696467973,0.0069988163276096735,-0.22495249070058182,0.28023538868095527,-0.1300097230062371,0.011452291314103571,0.08584343765567491,0.9877232513001578,0.006998816379889861,-0.2249524907001502,0.280235388681083,-0.13000972300457603,0.011452291319410168,0.08584343761617651,0.9877232513037477,0.006998816379889861,-0.2249524907001502,0.280235388681083,-0.13000972300457603,0.011452291319410168,0.08584343761617651,0.9877232513037477,0.1428945917115148,-0.5114106871848525,0.777739968762311,-0.07045883749518189,0.5252748082346471,-0.023799820271096582,0.14289459231470183,-0.5114106871432035,0.7777399687514369,-0.07045883617748043,0.5252748082165115,-0.023799818955838346,0.14289459231470183,-0.5114106871432035,0.7777399687514369,-0.07045883617748043,0.5252748082165115,-0.023799818955838346,6.031870358366169e-08,4.16490510614019e-09,-1.0874121139989347e-09,1.3177014636094509e-07,-1.8135639276684161e-09,1.3152582357681658e-07,-5.483518507605686e-07,-3.7862773692184085e-08,9.885564672717729e-09,-1.1979104214631542e-06,1.6486944796985836e-08,-1.1956893052438041e-06,1.0,True,True,1,False,,0.0,0,,,,True,True,0.010000000000001563,1.4374925000337768e-09,1.0,5.228212488783492e-11,8.009821558455013e-11,2.0000052281151967e-05,0.00020000007980542402
20.640000000000427,1786132521.1143272,0.005479300001752563,0.0033931000070879236,0.01,HOLD,64,clutch active,0.0,20.640000000000427,2064,0.08,0.0,0.0,0.0,0.0,0.17364817766693036,0.9848077530122081,0.08,0.0,0.0,0.0,0.0,0.17364817766693036,0.9848077530122081,0.006085042530717979,-0.22495819035210626,0.2802278950271373,-0.12998489960129023,0.011380114958398545,0.08641360184551672,0.9876776337830379,0.006978817441394854,-0.22495261544325706,0.28023522467428363,-0.13000542437472726,0.011439783908513747,0.08594224533847039,0.9877153696503137,0.006998816379889861,-0.2249524907001502,0.280235388681083,-0.13000972300457603,0.011452291319410168,0.08584343761617651,0.9877232513037477,0.006998816427813373,-0.22495249069975462,0.2802353886811999,-0.13000972300305316,0.011452291324274555,0.08584343757996965,0.9877232513070385,0.006998816427813373,-0.22495249069975462,0.2802353886811999,-0.13000972300305316,0.011452291324274555,0.08584343757996965,0.9877232513070385,0.14289459231470183,-0.5114106871432035,0.7777399687514369,-0.07045883617748043,0.5252748082165115,-0.023799818955838346,0.1428945928676233,-0.5114106871050251,0.777739968741469,-0.07045883496958742,0.5252748081998871,-0.023799817750184964,0.1428945928676233,-0.5114106871050251,0.777739968741469,-0.07045883496958742,0.5252748081998871,-0.023799817750184964,5.52921449516891e-08,3.817829680628453e-09,-9.967944378323428e-10,1.207893008308646e-07,-1.6624336003626911e-09,1.2056533827874682e-07,-5.026558631971808e-07,-3.470754255116825e-08,9.06176761665779e-09,-1.0980845530078758e-06,1.5113032730570134e-08,-1.0960485298068047e-06,1.0,True,True,1,False,,0.0,0,,,,True,True,0.010000000000001563,1.3177014618337424e-09,1.0,4.792528751716691e-11,7.342334979926411e-11,2.0000047924395082e-05,0.00020000007315497547
20.65000000000043,1786132521.1177962,0.0036186999932397157,0.003243700004532002,0.01,HOLD,64,clutch active,0.0,20.65000000000043,2065,0.08,0.0,0.0,0.0,0.0,0.17364817766693036,0.9848077530122081,0.08,0.0,0.0,0.0,0.0,0.17364817766693036,0.9848077530122081,0.006085042530717979,-0.22495819035210626,0.2802278950271373,-0.12998489960129023,0.011380114958398545,0.08641360184551672,0.9876776337830379,0.006978817489318331,-0.2249526154428636,0.28023522467440654,-0.13000542437374119,0.011439783913328005,0.08594224530227515,0.9877153696535371,0.006998816427813373,-0.22495249069975462,0.2802353886811999,-0.13000972300305316,0.011452291324274555,0.08584343757996965,0.9877232513070385,0.006998816471743264,-0.224952490699392,0.28023538868130715,-0.13000972300165756,0.01145229132873357,0.08584343754678006,0.9877232513100551,0.006998816471743264,-0.224952490699392,0.28023538868130715,-0.13000972300165756,0.01145229132873357,0.08584343754678006,0.9877232513100551,0.1428945928676233,-0.5114106871050251,0.777739968741469,-0.07045883496958742,0.5252748081998871,-0.023799817750184964,0.14289459337446794,-0.5114106870700283,0.7777399687323318,-0.07045883386235216,0.5252748081846482,-0.023799816645002695,0.14289459337446794,-0.5114106870700283,0.7777399687323318,-0.07045883386235216,0.5252748081846482,-0.023799816645002695,5.068446620571429e-08,3.4996772072426983e-09,-9.137282346796345e-10,1.1072352576162432e-07,-1.5238974669991118e-09,1.1051822675551634e-07,-4.607678745974092e-07,-3.181524733857044e-08,8.306620315269523e-09,-1.0065775069238717e-06,1.385361333635576e-08,-1.0047111523228901e-06,1.0,True,True,1,False,,0.0,0,,,,True,True,0.010000000000001563,1.2078930078374128e-09,1.0,4.393151853908885e-11,6.730465886754119e-11,2.0000043930700496e-05,0.00020000006705869227
20.66000000000043,1786132521.1219244,0.0035509000008460134,0.003821199992671609,0.01,HOLD,64,clutch active,0.0,20.66000000000043,2066,0.08,0.0,0.0,0.0,0.0,0.17364817766693036,0.9848077530122081,0.08,0.0,0.0,0.0,0.0,0.17364817766693036,0.9848077530122081,0.006085042530717979,-0.22495819035210626,0.2802278950271373,-0.12998489960129023,0.011380114958398545,0.08641360184551672,0.9876776337830379,0.006978817533248188,-0.22495261544250292,0.28023522467451933,-0.1300054243728376,0.011439783917741071,0.08594224526909622,0.987715369656492,0.006998816471743264,-0.224952490699392,0.28023538868130715,-0.13000972300165756,0.01145229132873357,0.08584343754678006,0.9877232513100551,0.006998816512012319,-0.22495249069905948,0.28023538868140546,-0.13000972300037814,0.011452291332821007,0.08584343751635624,0.9877232513128202,0.006998816512012319,-0.22495249069905948,0.28023538868140546,-0.13000972300037814,0.011452291332821007,0.08584343751635624,0.9877232513128202,0.14289459337446794,-0.5114106870700283,0.7777399687323318,-0.07045883386235216,0.5252748081846482,-0.023799816645002695,0.14289459383907555,-0.511410687037948,0.7777399687239559,-0.07045883284738651,0.5252748081706792,-0.02379981563191895,0.14289459383907555,-0.511410687037948,0.7777399687239559,-0.07045883284738651,0.5252748081706792,-0.02379981563191895,4.646076068857077e-08,3.2080374399724278e-09,-8.375842151229864e-10,1.0149656528148751e-07,-1.3969060114158326e-09,1.0130837452588853e-07,-4.2237055171428576e-07,-2.9163976727022488e-08,7.61440195566362e-09,-9.22696048013536e-07,1.2699145558325931e-08,-9.209852229626362e-07,1.0,True,True,1,False,,0.0,0,,,,True,True,0.010000000000001563,1.1072352618102244e-09,1.0,4.027054824482332e-11,6.169597467603434e-11,2.0000040269798575e-05,0.0002000000614704819
20.67000000000043,1786132521.1258154,0.004099600002518855,0.003612000000430271,0.01,HOLD,64,clutch active,0.0,20.67000000000043,2067,0.08,0.0,0.0,0.0,0.0,0.17364817766693036,0.9848077530122081,0.08,0.0,0.0,0.0,0.0,0.17364817766693036,0.9848077530122081,0.006085042530717979,-0.22495819035210626,0.2802278950271373,-0.12998489960129023,0.011380114958398545,0.08641360184551672,0.9876776337830379,0.006978817573517213,-0.22495261544217218,0.28023522467462275,-0.1300054243720092,0.011439783921786385,0.08594224523868219,0.9877153696592004,0.006998816512012319,-0.22495249069905948,0.28023538868140546,-0.13000972300037814,0.011452291332821007,0.08584343751635624,0.9877232513128202,0.006998816548925611,-0.22495249069875467,0.2802353886814956,-0.13000972299920527,0.01145229133656782,0.08584343748846775,0.987723251315355,0.006998816548925611,-0.22495249069875467,0.2802353886814956,-0.13000972299920527,0.01145229133656782,0.08584343748846775,0.987723251315355,0.14289459383907555,-0.511410687037948,0.7777399687239559,-0.07045883284738651,0.5252748081706792,-0.02379981563191895,0.14289459426496584,-0.511410687008541,0.777739968716278,-0.07045883191700132,0.5252748081578742,-0.02379981470325885,0.14289459426496584,-0.511410687008541,0.777739968716278,-0.07045883191700132,0.5252748081578742,-0.02379981470325885,4.258903063118927e-08,2.9407009866413502e-09,-7.677855305293934e-10,9.303851817469556e-08,-1.2804971771311618e-09,9.286600998206317e-08,-3.871730057380898e-07,-2.6733645333103567e-08,6.979868459358221e-09,-8.458047106790626e-07,1.1640883428465272e-08,-8.442364543824045e-07,1.0,True,True,1,False,,0.0,0,,,,True,True,0.010000000000001563,1.0149656531899254e-09,1.0,3.691466041747433e-11,5.655465974393505e-11,2.000003691397297e-05,0.0002000000563479693
20.680000000000433,1786132521.12925,0.003853400005027652,0.0031941000052029267,0.01,HOLD,64,clutch active,0.0,20.680000000000433,2068,0.08,0.0,0.0,0.0,0.0,0.17364817766693036,0.9848077530122081,0.08,0.0,0.0,0.0,0.0,0.17364817766693036,0.9848077530122081,0.006085042530717979,-0.22495819035210626,0.2802278950271373,-0.12998489960129023,0.011380114958398545,0.08641360184551672,0.9876776337830379,0.006978817610430477,-0.224952615441869,0.2802352246747175,-0.13000542437124982,0.011439783925494587,0.08594224521080265,0.9877153696616833,0.006998816548925611,-0.22495249069875467,0.2802353886814956,-0.13000972299920527,0.01145229133656782,0.08584343748846775,0.987723251315355,0.006998816582762812,-0.2249524906984753,0.28023538868157827,-0.1300097229981301,0.011452291340002408,0.08584343746290325,0.9877232513176785,0.006998816582762812,-0.2249524906984753,0.28023538868157827,-0.1300097229981301,0.011452291340002408,0.08584343746290325,0.9877232513176785,0.14289459426496584,-0.511410687008541,0.777739968716278,-0.07045883191700132,0.5252748081578742,-0.02379981470325885,0.14289459465536528,-0.5114106869815845,0.77773996870924,-0.07045883106414824,0.5252748081461363,-0.02379981385198709,0.14289459465536528,-0.5114106869815845,0.77773996870924,-0.07045883106414824,0.5252748081461363,-0.02379981385198709,3.9039944745256274e-08,2.6956425710878663e-09,-7.038034029852673e-10,8.528530832680305e-08,-1.1737890790368815e-09,8.512717581689003e-08,-3.549085885932439e-07,-2.4505841555344585e-08,6.398212754411612e-09,-7.753209847891297e-07,1.0670809809426349e-08,-7.738834165171931e-07,1.0,True,True,1,False,,0.0,0,,,,True,True,0.010000000000001563,9.303851855602119e-10,1.0,3.383845453123272e-11,5.184184395580593e-11,2.0000033837824756e-05,0.00020000005165237968
20.690000000000435,1786132521.1327422,0.0034288999886484817,0.003256900003179908,0.01,HOLD,64,clutch active,0.0,20.690000000000435,2069,0.08,0.0,0.0,0.0,0.0,0.17364817766693036,0.9848077530122081,0.08,0.0,0.0,0.0,0.0,0.17364817766693036,0.9848077530122081,0.006085042530717979,-0.22495819035210626,0.2802278950271373,-0.12998489960129023,0.011380114958398545,0.08641360184551672,0.9876776337830379,0.006978817644267651,-0.22495261544159112,0.28023522467480444,-0.13000542437055365,0.01143978392889378,0.08594224518524636,0.9877153696639592,0.006998816582762812,-0.2249524906984753,0.28023538868157827,-0.1300097229981301,0.011452291340002408,0.08584343746290325,0.9877232513176785,0.006998816613780233,-0.2249524906982193,0.280235388681654,-0.13000972299714467,0.011452291343150765,0.08584343743946915,0.9877232513198083,0.006998816613780233,-0.2249524906982193,0.280235388681654,-0.13000972299714467,0.011452291343150765,0.08584343743946915,0.9877232513198083,0.14289459465536528,-0.5114106869815845,0.77773996870924,-0.07045883106414824,0.5252748081461363,-0.02379981385198709,0.14289459501323143,-0.5114106869568745,0.7777399687027885,-0.07045883028236626,0.5252748081353765,-0.023799813071654647,0.14289459501323143,-0.5114106869568745,0.7777399687027885,-0.07045883028236626,0.5252748081353765,-0.023799813071654647,3.578661601648441e-08,2.4710056901638423e-09,-6.451531194031525e-10,7.817819929956835e-08,-1.0759733224504593e-09,7.803324449881474e-08,-3.253328728771356e-07,-2.2463688092398885e-08,5.865028358210561e-09,-7.107109027233588e-07,9.78157565864068e-09,-7.093931318074169e-07,1.0,True,True,1,False,,0.0,0,,,,True,True,0.010000000000001563,8.528530798246337e-10,1.0,3.10185702488128e-11,4.75216408623089e-11,2.0000031017992934e-05,0.00020000004734794315
20.700000000000436,1786132521.1383874,0.0036533000093186274,0.005248700006632134,0.01,HOLD,64,clutch active,0.0,20.700000000000436,2070,0.08,0.0,0.0,0.0,0.0,0.17364817766693036,0.9848077530122081,0.08,0.0,0.0,0.0,0.0,0.17364817766693036,0.9848077530122081,0.006085042530717979,-0.22495819035210626,0.2802278950271373,-0.12998489960129023,0.011380114958398545,0.08641360184551672,0.9876776337830379,0.006978817675285049,-0.2249526154413365,0.2802352246748841,-0.13000542436991563,0.011439783932009695,0.0859422451618198,0.9877153696660455,0.006998816613780233,-0.2249524906982193,0.280235388681654,-0.13000972299714467,0.011452291343150765,0.08584343743946915,0.9877232513198083,0.006998816642212878,-0.22495249069798454,0.2802353886817234,-0.13000972299624125,0.011452291346036774,0.08584343741798793,0.9877232513217608,0.006998816642212878,-0.22495249069798454,0.2802353886817234,-0.13000972299624125,0.011452291346036774,0.08584343741798793,0.9877232513217608,0.14289459501323143,-0.5114106869568745,0.7777399687027885,-0.07045883028236626,0.5252748081353765,-0.023799813071654647,0.1428945953412754,-0.5114106869342236,0.7777399686968746,-0.07045882956573277,0.5252748081255134,-0.023799812356349904,0.1428945953412754,-0.5114106869342236,0.7777399686968746,-0.07045882956573277,0.5252748081255134,-0.023799812356349904,3.280439801511024e-08,2.2650885493168233e-09,-5.913903594528814e-10,7.166334935793664e-08,-9.86308878912907e-10,7.15304741239125e-08,-2.982218001373701e-07,-2.0591714084698687e-08,5.376275995026271e-09,-6.514849941630696e-07,8.966444353753828e-09,-6.502770374901229e-07,1.0,True,True,1,False,,0.0,0,,,,True,True,0.010000000000001563,7.817819863698006e-10,1.0,2.8433698922980323e-11,4.3561449012036265e-11,2.0000028433169232e-05,0.00020000004340224698
20.710000000000438,1786132521.144377,0.005747599992901087,0.005490499999723397,0.01,HOLD,64,clutch active,0.0,20.710000000000438,2071,0.08,0.0,0.0,0.0,0.0,0.17364817766693036,0.9848077530122081,0.08,0.0,0.0,0.0,0.0,0.17364817766693036,0.9848077530122081,0.006085042530717979,-0.22495819035210626,0.2802278950271373,-0.12998489960129023,0.011380114958398545,0.08641360184551672,0.9876776337830379,0.006978817703717673,-0.22495261544110298,0.28023522467495704,-0.13000542436933069,0.011439783934865963,0.08594224514034547,0.9877153696679579,0.006998816642212878,-0.22495249069798454,0.2802353886817234,-0.13000972299624125,0.011452291346036774,0.08584343741798793,0.9877232513217608,0.006998816668276141,-0.22495249069776943,0.28023538868178705,-0.13000972299541316,0.011452291348682272,0.08584343739829677,0.9877232513235504,0.006998816668276141,-0.22495249069776943,0.28023538868178705,-0.13000972299541316,0.011452291348682272,0.08584343739829677,0.9877232513235504,0.1428945953412754,-0.5114106869342236,0.7777399686968746,-0.07045882956573277,0.5252748081255134,-0.023799812356349904,0.1428945956419824,-0.5114106869134604,0.7777399686914535,-0.07045882890881873,0.5252748081164722,-0.023799811700653893,0.1428945956419824,-0.5114106869134604,0.7777399686914535,-0.07045882890881873,0.5252748081164722,-0.023799811700653893,3.0070698180517294e-08,2.0763311702070587e-09,-5.421078294984669e-10,6.569140357810764e-08,-9.041164723368187e-10,6.556960128025219e-08,-2.73369983459252e-07,-1.8875737910973527e-08,4.928252995440678e-09,-5.971945779828053e-07,8.219240657607559e-09,-5.960872843659374e-07,1.0,True,True,1,False,,0.0,0,,,,True,True,0.010000000000001563,7.166334886621328e-10,1.0,2.606422807109806e-11,3.993137969257601e-11,2.0000026063743406e-05,0.00020000003978545795
20.72000000000044,1786132521.149236,0.005846700005349703,0.004502800002228469,0.01,HOLD,64,clutch active,0.0,20.72000000000044,2072,0.08,0.0,0.0,0.0,0.0,0.17364817766693036,0.9848077530122081,0.08,0.0,0.0,0.0,0.0,0.17364817766693036,0.9848077530122081,0.006085042530717979,-0.22495819035210626,0.2802278950271373,-0.12998489960129023,0.011380114958398545,0.08641360184551672,0.9876776337830379,0.006978817729780915,-0.22495261544088901,0.280235224675024,-0.1300054243687945,0.011439783937484198,0.08594224512066063,0.9877153696697109,0.006998816668276141,-0.22495249069776943,0.28023538868178705,-0.13000972299541316,0.011452291348682272,0.08584343739829677,0.9877232513235504,0.00699881669216746,-0.22495249069757217,0.2802353886818454,-0.13000972299465405,0.011452291351107313,0.08584343738024657,0.987723251325191,0.00699881669216746,-0.22495249069757217,0.2802353886818454,-0.13000972299465405,0.011452291351107313,0.08584343738024657,0.987723251325191,0.1428945956419824,-0.5114106869134604,0.7777399686914535,-0.07045882890881873,0.5252748081164722,-0.023799811700653893,0.14289459591763046,-0.5114106868944274,0.7777399686864841,-0.07045882830664753,0.5252748081081845,-0.023799811099599215,0.14289459591763046,-0.5114106868944274,0.7777399686864841,-0.07045882830664753,0.5252748081081845,-0.023799811099599215,2.7564806665473794e-08,1.9033035726897765e-09,-4.969321770402542e-10,6.021711994659782e-08,-8.287734329754054e-10,6.010546784023031e-08,-2.505891515043108e-07,-1.730275975172549e-08,4.517565245820557e-09,-5.47428363150897e-07,7.534303936140155e-09,-5.464133440021016e-07,1.0,True,True,1,False,,0.0,0,,,,True,True,0.010000000000001563,6.569140370560334e-10,1.0,2.389220503206888e-11,3.660372598763845e-11,2.0000023891760676e-05,0.00020000003646994619
20.73000000000044,1786132521.1527014,0.004741600001580082,0.0032270000083371997,0.01,HOLD,64,clutch active,0.0,20.73000000000044,2073,0.08,0.0,0.0,0.0,0.0,0.17364817766693036,0.9848077530122081,0.08,0.0,0.0,0.0,0.0,0.17364817766693036,0.9848077530122081,0.006085042530717979,-0.22495819035210626,0.2802278950271373,-0.12998489960129023,0.011380114958398545,0.08641360184551672,0.9876776337830379,0.0069788177536722175,-0.22495261544069284,0.2802352246750854,-0.130005424368303,0.011439783939884249,0.08594224510261624,0.9877153696713179,0.00699881669216746,-0.22495249069757217,0.2802353886818454,-0.13000972299465405,0.011452291351107313,0.08584343738024657,0.987723251325191,0.006998816714067834,-0.22495249069739132,0.2802353886818988,-0.13000972299395827,0.011452291353330264,0.08584343736370054,0.9877232513266948,0.006998816714067834,-0.22495249069739132,0.2802353886818988,-0.13000972299395827,0.011452291353330264,0.08584343736370054,0.9877232513266948,0.14289459591763046,-0.5114106868944274,0.7777399686864841,-0.07045882830664753,0.5252748081081845,-0.023799811099599215,0.14289459617030786,-0.5114106868769804,0.7777399686819289,-0.07045882775465726,0.5252748081005874,-0.023799810548632425,0.14289459617030786,-0.5114106868769804,0.7777399686819289,-0.07045882775465726,0.5252748081005874,-0.023799810548632425,2.5267739443350618e-08,1.7446949416322703e-09,-4.5552116228689326e-10,5.519902661771388e-08,-7.597089802274441e-10,5.509667885354367e-08,-2.2970672221228163e-07,-1.5860863105748138e-08,4.1411014753354525e-09,-5.018093328883152e-07,6.906445274795045e-09,-5.00878898668586e-07,1.0,True,True,1,False,,0.0,0,,,,True,True,0.010000000000001563,6.021712017911796e-10,1.0,2.1901185727765015e-11,3.355342792424073e-11,2.000002190077698e-05,0.00020000003343081731
20.740000000000443,1786132521.1567485,0.0034582999942358583,0.0038157999952090904,0.01,HOLD,64,clutch active,0.0,20.740000000000443,2074,0.08,0.0,0.0,0.0,0.0,0.17364817766693036,0.9848077530122081,0.08,0.0,0.0,0.0,0.0,0.17364817766693036,0.9848077530122081,0.006085042530717979,-0.22495819035210626,0.2802278950271373,-0.12998489960129023,0.011380114958398545,0.08641360184551672,0.9876776337830379,0.006978817775572574,-0.22495261544051293,0.2802352246751415,-0.1300054243678525,0.011439783942084294,0.08594224508607552,0.9877153696727909,0.006998816714067834,-0.22495249069739132,0.2802353886818988,-0.13000972299395827,0.011452291353330264,0.08584343736370054,0.9877232513266948,0.006998816734143171,-0.22495249069722556,0.2802353886819479,-0.1300097229933205,0.011452291355367971,0.08584343734853334,0.9877232513280734,0.006998816734143171,-0.22495249069722556,0.2802353886819479,-0.1300097229933205,0.011452291355367971,0.08584343734853334,0.9877232513280734,0.14289459617030786,-0.5114106868769804,0.7777399686819289,-0.07045882775465726,0.5252748081005874,-0.023799810548632425,0.1428945964019288,-0.5114106868609875,0.7777399686777532,-0.07045882724866617,0.5252748080936234,-0.023799810043579537,0.1428945964019288,-0.5114106868609875,0.7777399686777532,-0.07045882724866617,0.5252748080936234,-0.023799810043579537,2.3162094489737737e-08,1.599303696496225e-09,-4.1756106542964624e-10,5.0599107732903675e-08,-6.963998985418139e-10,5.0505288949080976e-08,-2.1056449536125516e-07,-1.4539124513602253e-08,3.79600968572411e-09,-4.5999188848094906e-07,6.330908168562035e-09,-4.5913899044619727e-07,1.0,True,True,1,False,,0.0,0,,,,True,True,0.010000000000001563,5.519902729345105e-10,1.0,2.00760816242376e-11,3.07573355453035e-11,2.0000020075708895e-05,0.00020000003064492048
20.750000000000444,1786132521.1602066,0.0040646999987075105,0.003209300004527904,0.01,HOLD,64,clutch active,0.0,20.750000000000444,2075,0.08,0.0,0.0,0.0,0.0,0.17364817766693036,0.9848077530122081,0.08,0.0,0.0,0.0,0.0,0.17364817766693036,0.9848077530122081,0.006085042530717979,-0.22495819035210626,0.2802278950271373,-0.12998489960129023,0.011380114958398545,0.08641360184551672,0.9876776337830379,0.0069788177956478965,-0.22495261544034806,0.2802352246751932,-0.1300054243674396,0.011439783944101002,0.08594224507091319,0.9877153696741412,0.006998816734143171,-0.22495249069722556,0.2802353886819479,-0.1300097229933205,0.011452291355367971,0.08584343734853334,0.9877232513280734,0.006998816752545576,-0.22495249069707368,0.2802353886819928,-0.1300097229927358,0.011452291357235864,0.08584343733463007,0.987723251329337,0.006998816752545576,-0.22495249069707368,0.2802353886819928,-0.1300097229927358,0.011452291357235864,0.08584343733463007,0.987723251329337,0.1428945964019288,-0.5114106868609875,0.7777399686777532,-0.07045882724866617,0.5252748080936234,-0.023799810043579537,0.142894596614248,-0.5114106868463272,0.7777399686739256,-0.07045882678484101,0.5252748080872397,-0.023799809580614388,0.142894596614248,-0.5114106868463272,0.7777399686739256,-0.07045882678484101,0.5252748080872397,-0.023799809580614388,2.1231919948925957e-08,1.466028388454852e-09,-3.827643099771703e-10,4.638251542182771e-08,-6.383665736633204e-10,4.629651486999024e-08,-1.9301745408114781e-07,-1.332753080413521e-08,3.479675545247052e-09,-4.216592311075306e-07,5.80333248784845e-09,-4.2087740790900814e-07,1.0,True,True,1,False,,0.0,0,,,,True,True,0.010000000000001563,5.05991082366819e-10,1.0,1.840308612502249e-11,2.8194215168178726e-11,2.0000018402743252e-05,0.00020000002809116696
20.760000000000446,1786132521.1636581,0.0035146000009262934,0.0031463999912375584,0.01,HOLD,64,clutch active,0.0,20.760000000000446,2076,0.08,0.0,0.0,0.0,0.0,0.17364817766693036,0.9848077530122081,0.08,0.0,0.0,0.0,0.0,0.17364817766693036,0.9848077530122081,0.006085042530717979,-0.22495819035210626,0.2802278950271373,-0.12998489960129023,0.011380114958398545,0.08641360184551672,0.9876776337830379,0.006978817814050287,-0.224952615440197,0.2802352246752404,-0.130005424367061,0.011439783945949649,0.0859422450570144,0.987715369675379,0.006998816752545576,-0.22495249069707368,0.2802353886819928,-0.1300097229927358,0.011452291357235864,0.08584343733463007,0.987723251329337,0.006998816769414426,-0.2249524906969344,0.280235388682034,-0.13000972299219982,0.011452291358948099,0.08584343732188543,0.9877232513304953,0.006998816769414426,-0.2249524906969344,0.280235388682034,-0.13000972299219982,0.011452291358948099,0.08584343732188543,0.9877232513304953,0.142894596614248,-0.5114106868463272,0.7777399686739256,-0.07045882678484101,0.5252748080872397,-0.023799809580614388,0.14289459680887392,-0.5114106868328886,0.777739968670417,-0.07045882635966795,0.525274808081388,-0.02379980915622967,0.14289459680887392,-0.5114106868328886,0.777739968670417,-0.07045882635966795,0.525274808081388,-0.02379980915622967,1.9462593286515184e-08,1.3438593560835953e-09,-3.5086728414573445e-10,4.251730580334146e-08,-5.851693591913687e-10,4.243847196415712e-08,-1.7693266624104963e-07,-1.2216903237123768e-08,3.189702583143086e-09,-3.8652096184856427e-07,5.319721447194337e-09,-3.85804290583252e-07,1.0,True,True,1,False,,0.0,0,,,,True,True,0.010000000000001563,4.6382515883625075e-10,1.0,1.686947531337059e-11,2.5844634877084462e-11,2.0000016869160967e-05,0.00020000002575017482
20.770000000000447,1786132521.1675594,0.0033745999971870333,0.0036726999969687313,0.01,HOLD,64,clutch active,0.0,20.770000000000447,2077,0.08,0.0,0.0,0.0,0.0,0.17364817766693036,0.9848077530122081,0.08,0.0,0.0,0.0,0.0,0.17364817766693036,0.9848077530122081,0.006085042530717979,-0.22495819035210626,0.2802278950271373,-0.12998489960129023,0.011380114958398545,0.08641360184551672,0.9876776337830379,0.006978817830919124,-0.22495261544005848,0.2802352246752837,-0.13000542436671397,0.01143978394764424,0.08594224504427384,0.9877153696765136,0.006998816769414426,-0.2249524906969344,0.280235388682034,-0.13000972299219982,0.011452291358948099,0.08584343732188543,0.9877232513304953,0.006998816784877567,-0.2249524906968067,0.2802353886820718,-0.13000972299170854,0.011452291360517664,0.0858434373102028,0.9877232513315571,0.006998816784877567,-0.2249524906968067,0.2802353886820718,-0.13000972299170854,0.011452291360517664,0.0858434373102028,0.9877232513315571,0.14289459680887392,-0.5114106868328886,0.777739968670417,-0.07045882635966795,0.525274808081388,-0.02379980915622967,0.14289459698728102,-0.5114106868205699,0.7777399686672006,-0.07045882596992598,0.525274808076024,-0.023799808767210343,0.14289459698728102,-0.5114106868205699,0.7777399686672006,-0.07045882596992598,0.525274808076024,-0.023799808767210343,1.7840710512638664e-08,1.2318710764099448e-09,-3.21628343800252e-10,3.8974196986395786e-08,-5.364052459254137e-10,3.8901932633810136e-08,-1.6218827738762654e-07,-1.1198827967363294e-08,2.923894034547787e-09,-3.543108816945122e-07,4.876411326594739e-09,-3.5365393303464266e-07,1.0,True,True,1,False,,0.0,0,,,,True,True,0.010000000000001563,4.251730634230455e-10,1.0,1.5463714706198326e-11,2.3691013217832112e-11,2.0000015463427124e-05,0.00020000002360440067
20.78000000000045,1786132521.1711037,0.0039093000086722896,0.003307700011646375,0.01,HOLD,64,clutch active,0.0,20.78000000000045,2078,0.08,0.0,0.0,0.0,0.0,0.17364817766693036,0.9848077530122081,0.08,0.0,0.0,0.0,0.0,0.17364817766693036,0.9848077530122081,0.006085042530717979,-0.22495819035210626,0.2802278950271373,-0.12998489960129023,0.011380114958398545,0.08641360184551672,0.9876776337830379,0.006978817846382254,-0.22495261543993145,0.28023522467532347,-0.1300054243663959,0.011439783949197629,0.08594224503259498,0.9877153696775537,0.006998816784877567,-0.2249524906968067,0.2802353886820718,-0.13000972299170854,0.011452291360517664,0.0858434373102028,0.9877232513315571,0.006998816799052083,-0.22495249069668966,0.2802353886821063,-0.13000972299125818,0.011452291361956426,0.08584343729949374,0.9877232513325305,0.006998816799052083,-0.22495249069668966,0.2802353886821063,-0.13000972299125818,0.011452291361956426,0.08584343729949374,0.9877232513325305,0.14289459698728102,-0.5114106868205699,0.7777399686672006,-0.07045882596992598,0.525274808076024,-0.023799808767210343,0.14289459715082087,-0.5114106868092777,0.7777399686642523,-0.0704588256126625,0.5252748080711069,-0.023799808410609292,0.14289459715082087,-0.5114106868092777,0.7777399686642523,-0.0704588256126625,0.5252748080711069,-0.023799808410609292,1.635398463658521e-08,1.1292151533757667e-09,-2.9482598181689346e-10,3.572634723752896e-08,-4.917048087649555e-10,3.566010491432545e-08,-1.486725876053222e-07,-1.0265592303416208e-08,2.6802361983354333e-09,-3.2478497488663154e-07,4.470043716045115e-09,-3.241827719484178e-07,1.0,True,True,1,False,,0.0,0,,,,True,True,0.010000000000001563,3.897419748044584e-10,1.0,1.4175040883889712e-11,2.1716733961966535e-11,2.000001417477577e-05,0.0002000000216373729
20.79000000000045,1786132521.1750205,0.00354920000245329,0.003675400002975948,0.01,HOLD,64,clutch active,0.0,20.79000000000045,2079,0.08,0.0,0.0,0.0,0.0,0.17364817766693036,0.9848077530122081,0.08,0.0,0.0,0.0,0.0,0.17364817766693036,0.9848077530122081,0.006085042530717979,-0.22495819035210626,0.2802278950271373,-0.12998489960129023,0.011380114958398545,0.08641360184551672,0.9876776337830379,0.006978817860556759,-0.22495261543981504,0.2802352246753597,-0.1300054243661043,0.011439783950621563,0.08594224502188935,0.987715369678507,0.006998816799052083,-0.22495249069668966,0.2802353886821063,-0.13000972299125818,0.011452291361956426,0.08584343729949374,0.9877232513325305,0.006998816812045408,-0.2249524906965824,0.28023538868213804,-0.13000972299084537,0.011452291363275278,0.08584343728967712,0.9877232513334226,0.006998816812045408,-0.2249524906965824,0.28023538868213804,-0.13000972299084537,0.011452291363275278,0.08584343728967712,0.9877232513334226,0.14289459715082087,-0.5114106868092777,0.7777399686642523,-0.0704588256126625,0.5252748080711069,-0.023799808410609292,0.1428945973007324,-0.5114106867989265,0.7777399686615497,-0.07045882528517099,0.5252748080665997,-0.023799808083724998,0.1428945973007324,-0.5114106867989265,0.7777399686615497,-0.07045882528517099,0.5252748080665997,-0.023799808083724998,1.4991152583536228e-08,1.0351138905944382e-09,-2.7025714999881514e-10,3.2749151634401085e-08,-4.5072940803453616e-10,3.2688429504797863e-08,-1.3628320530487676e-07,-9.41012627813139e-09,2.4568831818074455e-09,-2.977195603127414e-07,4.097540073041297e-09,-2.971675409527121e-07,1.0,True,True,1,False,,0.0,0,,,,True,True,0.010000000000001563,3.5726346880871063e-10,1.0,1.29938065674952e-11,1.990697468025614e-11,2.0000012993565176e-05,0.00020000001983417956
20.800000000000452,1786132521.1784484,0.003919399998267181,0.003184100001817569,0.01,HOLD,64,clutch active,0.0,20.800000000000452,2080,0.08,0.0,0.0,0.0,0.0,0.17364817766693036,0.9848077530122081,0.08,0.0,0.0,0.0,0.0,0.17364817766693036,0.9848077530122081,0.006085042530717979,-0.22495819035210626,0.2802278950271373,-0.12998489960129023,0.011380114958398545,0.08641360184551672,0.9876776337830379,0.006978817873550074,-0.22495261543970835,0.28023522467539314,-0.130005424365837,0.011439783951926828,0.0859422450120759,0.9877153696793811,0.006998816812045408,-0.2249524906965824,0.28023538868213804,-0.13000972299084537,0.011452291363275278,0.08584343728967712,0.9877232513334226,0.0069988168239559535,-0.2249524906964841,0.28023538868216713,-0.13000972299046684,0.011452291364484238,0.08584343728067853,0.9877232513342405,0.0069988168239559535,-0.2249524906964841,0.28023538868216713,-0.13000972299046684,0.011452291364484238,0.08584343728067853,0.9877232513342405,0.1428945973007324,-0.5114106867989265,0.7777399686615497,-0.07045882528517099,0.5252748080665997,-0.023799808083724998,0.1428945974381513,-0.511410686789438,0.7777399686590724,-0.07045882498497043,0.525274808062468,-0.02379980778408106,0.1428945974381513,-0.511410686789438,0.7777399686590724,-0.07045882498497043,0.525274808062468,-0.02379980778408106,1.3741889868241348e-08,9.48854399711555e-10,-2.477357208322437e-10,3.002005566486724e-08,-4.131686240316523e-10,2.996439371273095e-08,-1.2492627152946856e-07,-8.625949088286984e-09,2.252142916656793e-09,-2.729095969533424e-07,3.756078400287802e-09,-2.7240357920664887e-07,1.0,True,True,1,False,,0.0,0,,,,True,True,0.010000000000001563,3.274915200135453e-10,1.0,1.191098670634612e-11,1.8248130469932814e-11,2.0000011910764697e-05,0.00020000001818140013
20.810000000000453,1786132521.1822305,0.0034561999927973375,0.0035100999957649037,0.01,HOLD,64,clutch active,0.0,20.810000000000453,2081,0.08,0.0,0.0,0.0,0.0,0.17364817766693036,0.9848077530122081,0.08,0.0,0.0,0.0,0.0,0.17364817766693036,0.9848077530122081,0.006085042530717979,-0.22495819035210626,0.2802278950271373,-0.12998489960129023,0.011380114958398545,0.08641360184551672,0.9876776337830379,0.00697881788546061,-0.22495261543961056,0.2802352246754237,-0.1300054243655919,0.011439783953123327,0.08594224500308018,0.9877153696801821,0.0069988168239559535,-0.2249524906964841,0.28023538868216713,-0.13000972299046684,0.011452291364484238,0.08584343728067853,0.9877232513342405,0.0069988168348739666,-0.22495249069639392,0.28023538868219383,-0.1300097229901201,0.011452291365592433,0.08584343727242985,0.9877232513349902,0.0069988168348739666,-0.22495249069639392,0.28023538868219383,-0.1300097229901201,0.011452291365592433,0.08584343727242985,0.9877232513349902,0.1428945974381513,-0.511410686789438,0.7777399686590724,-0.07045882498497043,0.525274808062468,-0.02379980778408106,0.14289459756411863,-0.5114106867807402,0.7777399686568014,-0.07045882470978658,0.5252748080586805,-0.02379980750940745,0.14289459756411863,-0.5114106867807402,0.7777399686568014,-0.07045882470978658,0.5252748080586805,-0.02379980750940745,1.2596732379221057e-08,8.697831997355797e-10,-2.270910774295535e-10,2.7518384359461243e-08,-3.7873790536234254e-10,2.7467360903336312e-08,-1.1451574890201124e-07,-7.907119997596292e-09,2.0644643402686976e-09,-2.501671305405603e-07,3.4430718669304358e-09,-2.497032809394246e-07,1.0,True,True,1,False,,0.0,0,,,,True,True,0.010000000000001563,3.002005588559342e-10,1.0,1.0918418077721057e-11,1.6727344798861297e-11,2.0000010918215173e-05,0.00020000001666618727
20.820000000000455,1786132521.186165,0.003780600003665313,0.003664299991214648,0.01,HOLD,64,clutch active,0.0,20.820000000000455,2082,0.08,0.0,0.0,0.0,0.0,0.17364817766693036,0.9848077530122081,0.08,0.0,0.0,0.0,0.0,0.17364817766693036,0.9848077530122081,0.006085042530717979,-0.22495819035210626,0.2802278950271373,-0.12998489960129023,0.011380114958398545,0.08641360184551672,0.9876776337830379,0.0069788178963786154,-0.2249526154395209,0.2802352246754518,-0.13000542436536747,0.011439783954220106,0.08594224499483417,0.9877153696809166,0.0069988168348739666,-0.22495249069639392,0.28023538868219383,-0.1300097229901201,0.011452291365592433,0.08584343727242985,0.9877232513349902,0.006998816844882117,-0.22495249069631137,0.2802353886822183,-0.13000972298980204,0.01145229136660831,0.08584343726486855,0.9877232513356775,0.006998816844882117,-0.22495249069631137,0.2802353886822183,-0.13000972298980204,0.01145229136660831,0.08584343726486855,0.9877232513356775,0.14289459756411863,-0.5114106867807402,0.7777399686568014,-0.07045882470978658,0.5252748080586805,-0.02379980750940745,0.14289459767958868,-0.5114106867727671,0.7777399686547197,-0.07045882445753472,0.5252748080552088,-0.023799807257623307,0.14289459767958868,-0.5114106867727671,0.7777399686547197,-0.07045882445753472,0.5252748080552088,-0.023799807257623307,1.1547004680952471e-08,7.973012664242701e-10,-2.0816682097708775e-10,2.5225185662839113e-08,-3.4717641324880905e-10,2.517841416139126e-08,-1.0497276982684215e-07,-7.248193331129831e-09,1.892425645246279e-09,-2.2931986966217703e-07,3.1561492113528544e-09,-2.2889467419446928e-07,1.0,True,True,1,False,,0.0,0,,,,True,True,0.010000000000001563,2.7518384793090434e-10,1.0,1.0008520898657835e-11,1.5333479169771494e-11,2.000001000833473e-05,0.000200000015277399
20.830000000000457,1786132521.1907423,0.0040096000011544675,0.0042317000043112785,0.01,HOLD,64,clutch active,0.0,20.830000000000457,2083,0.08,0.0,0.0,0.0,0.0,0.17364817766693036,0.9848077530122081,0.08,0.0,0.0,0.0,0.0,0.17364817766693036,0.9848077530122081,0.006085042530717979,-0.22495819035210626,0.2802278950271373,-0.12998489960129023,0.011380114958398545,0.08641360184551672,0.9876776337830379,0.006978817906386758,-0.22495261543943879,0.2802352246754775,-0.13000542436516146,0.011439783955225508,0.08594224498727528,0.9877153696815896,0.006998816844882117,-0.22495249069631137,0.2802353886822183,-0.13000972298980204,0.01145229136660831,0.08584343726486855,0.9877232513356775,0.006998816854056272,-0.22495249069623555,0.2802353886822407,-0.13000972298951052,0.011452291367539514,0.08584343725793735,0.9877232513363075,0.006998816854056272,-0.22495249069623555,0.2802353886822407,-0.13000972298951052,0.011452291367539514,0.08584343725793735,0.9877232513363075,0.14289459767958868,-0.5114106867727671,0.7777399686547197,-0.07045882445753472,0.5252748080552088,-0.023799807257623307,0.14289459778543623,-0.5114106867654585,0.7777399686528115,-0.07045882422630385,0.5252748080520263,-0.023799807026821176,0.14289459778543623,-0.5114106867654585,0.7777399686528115,-0.07045882422630385,0.5252748080520263,-0.023799807026821176,1.0584754290872948e-08,7.308594942222371e-10,-1.9081958589566107e-10,2.3123086857602194e-08,-3.1824504547807045e-10,2.3080212981274994e-08,-9.622503900793727e-08,-6.64417722020225e-09,1.734723508142398e-09,-2.102098805236593e-07,2.893136777073409e-09,-2.0982011801159386e-07,1.0,True,True,1,False,,0.0,0,,,,True,True,0.010000000000001563,2.5225185829036434e-10,1.0,9.17449513699521e-12,1.4055683896019092e-11,2.0000009174324296e-05,0.00020000001400429535
20.840000000000458,1786132521.194426,0.004484499993850477,0.0034313000069232658,0.01,HOLD,64,clutch active,0.0,20.840000000000458,2084,0.08,0.0,0.0,0.0,0.0,0.17364817766693036,0.9848077530122081,0.08,0.0,0.0,0.0,0.0,0.17364817766693036,0.9848077530122081,0.006085042530717979,-0.22495819035210626,0.2802278950271373,-0.12998489960129023,0.011380114958398545,0.08641360184551672,0.9876776337830379,0.006978817915560906,-0.22495261543936335,0.28023522467550105,-0.13000542436497273,0.011439783956147118,0.0859422449803463,0.9877153696822067,0.006998816854056272,-0.22495249069623555,0.2802353886822407,-0.13000972298951052,0.011452291367539514,0.08584343725793735,0.9877232513363075,0.006998816862465909,-0.2249524906961661,0.2802353886822612,-0.13000972298924335,0.01145229136839312,0.08584343725158376,0.9877232513368849,0.006998816862465909,-0.2249524906961661,0.2802353886822612,-0.13000972298924335,0.01145229136839312,0.08584343725158376,0.9877232513368849,0.14289459778543623,-0.5114106867654585,0.7777399686528115,-0.07045882422630385,0.5252748080520263,-0.023799807026821176,0.14289459788246314,-0.511410686758759,0.7777399686510623,-0.07045882401434223,0.5252748080491091,-0.023799806815252556,0.14289459788246314,-0.511410686758759,0.7777399686510623,-0.07045882401434223,0.5252748080491091,-0.023799806815252556,9.702691433300065e-09,6.699545363703745e-10,-1.7491795373768683e-10,2.119616295280171e-08,-2.9172462502156044e-10,2.1156861899501775e-08,-8.820628575727458e-08,-6.09049578518531e-09,1.5901632157971756e-09,-1.9269239048001828e-07,2.6520420456505873e-09,-1.9233510817729162e-07,1.0,True,True,1,False,,0.0,0,,,,True,True,0.010000000000001563,2.31230867786536e-10,1.0,8.40994937203777e-12,1.2884321437159223e-11,2.0000008409792914e-05,0.00020000001283723194
20.85000000000046,1786132521.1997666,0.0037237000069580972,0.005048100007115863,0.01,HOLD,64,clutch active,0.0,20.85000000000046,2085,0.08,0.0,0.0,0.0,0.0,0.17364817766693036,0.9848077530122081,0.08,0.0,0.0,0.0,0.0,0.17364817766693036,0.9848077530122081,0.006085042530717979,-0.22495819035210626,0.2802278950271373,-0.12998489960129023,0.011380114958398545,0.08641360184551672,0.9876776337830379,0.006978817923970537,-0.2249526154392943,0.28023522467552264,-0.13000542436479973,0.011439783956991927,0.08594224497399476,0.9877153696827723,0.006998816862465909,-0.2249524906961661,0.2802353886822612,-0.13000972298924335,0.01145229136839312,0.08584343725158376,0.9877232513368849,0.006998816870174746,-0.2249524906961025,0.28023538868228,-0.1300097229889984,0.01145229136917559,0.0858434372457596,0.9877232513374142,0.006998816870174746,-0.2249524906961025,0.28023538868228,-0.1300097229889984,0.01145229136917559,0.0858434372457596,0.9877232513374142,0.14289459788246314,-0.511410686758759,0.7777399686510623,-0.07045882401434223,0.5252748080491091,-0.023799806815252556,0.14289459797140447,-0.5114106867526178,0.7777399686494589,-0.07045882382004406,0.5252748080464349,-0.023799806621314656,0.14289459797140447,-0.5114106867526178,0.7777399686494589,-0.07045882382004406,0.5252748080464349,-0.023799806621314656,8.894133813858266e-09,6.141249916728346e-10,-1.6034145759287733e-10,1.9429816040067957e-08,-2.674142396030933e-10,1.939379007454302e-08,-8.08557619441672e-08,-5.582954469753121e-09,1.4576496144807236e-09,-1.7663469127334757e-07,2.431038541846337e-09,-1.7630718249584813e-07,1.0,True,True,1,False,,0.0,0,,,,True,True,0.010000000000001563,2.1196162880432468e-10,1.0,7.709122358123737e-12,1.1810720649265094e-11,2.0000007708978504e-05,0.00020000001176755157
20.86000000000046,1786132521.2047558,0.005538500001421198,0.004497899994021282,0.01,HOLD,64,clutch active,0.0,20.86000000000046,2086,0.08,0.0,0.0,0.0,0.0,0.17364817766693036,0.9848077530122081,0.08,0.0,0.0,0.0,0.0,0.17364817766693036,0.9848077530122081,0.006085042530717979,-0.22495819035210626,0.2802278950271373,-0.12998489960129023,0.011380114958398545,0.08641360184551672,0.9876776337830379,0.006978817931679368,-0.224952615439231,0.2802352246755424,-0.13000542436464113,0.011439783957766333,0.08594224496817247,0.9877153696832909,0.006998816870174746,-0.2249524906961025,0.28023538868228,-0.1300097229889984,0.01145229136917559,0.0858434372457596,0.9877232513374142,0.006998816877241187,-0.22495249069604417,0.28023538868229725,-0.13000972298877395,0.011452291369892847,0.08584343724042082,0.9877232513378995,0.006998816877241187,-0.22495249069604417,0.28023538868229725,-0.13000972298877395,0.011452291369892847,0.08584343724042082,0.9877232513378995,0.14289459797140447,-0.5114106867526178,0.7777399686494589,-0.07045882382004406,0.5252748080464349,-0.023799806621314656,0.14289459805293403,-0.5114106867469883,0.7777399686479891,-0.07045882364193742,0.5252748080439836,-0.023799806443538248,0.14289459805293403,-0.5114106867469883,0.7777399686479891,-0.07045882364193742,0.5252748080439836,-0.023799806443538248,8.152955996036628e-09,5.629479090334237e-10,-1.4697966946013545e-10,1.7810664703395375e-08,-2.4512971963616534e-10,1.7777640901664183e-08,-7.411778178215222e-08,-5.117708263940288e-09,1.3361788132739779e-09,-1.6191513366723298e-07,2.228451996692444e-09,-1.616149172878585e-07,1.0,True,True,1,False,,0.0,0,,,,True,True,0.010000000000001563,1.9429816089377994e-10,1.0,7.066702880613122e-12,1.082644024267523e-11,2.000000706657134e-05,0.00020000001078683815
20.870000000000463,1786132521.2092113,0.004817299995920621,0.004137899988563731,0.01,HOLD,64,clutch active,0.0,20.870000000000463,2087,0.08,0.0,0.0,0.0,0.0,0.17364817766693036,0.9848077530122081,0.08,0.0,0.0,0.0,0.0,0.17364817766693036,0.9848077530122081,0.006085042530717979,-0.22495819035210626,0.2802278950271373,-0.12998489960129023,0.011380114958398545,0.08641360184551672,0.9876776337830379,0.006978817938745804,-0.224952615439173,0.28023522467556056,-0.13000542436449583,0.011439783958476203,0.08594224496283541,0.9877153696837662,0.006998816877241187,-0.22495249069604417,0.28023538868229725,-0.13000972298877395,0.011452291369892847,0.08584343724042082,0.9877232513378995,0.006998816883718742,-0.22495249069599066,0.28023538868231307,-0.13000972298856817,0.011452291370550342,0.08584343723552694,0.9877232513383443,0.006998816883718742,-0.22495249069599066,0.28023538868231307,-0.13000972298856817,0.011452291370550342,0.08584343723552694,0.9877232513383443,0.14289459805293403,-0.5114106867469883,0.7777399686479891,-0.07045882364193742,0.5252748080439836,-0.023799806443538248,0.14289459812766947,-0.511410686741828,0.7777399686466417,-0.070458823478673,0.5252748080417367,-0.02379980628057654,0.14289459812766947,-0.511410686741828,0.7777399686466417,-0.070458823478673,0.5252748080417367,-0.02379980628057654,7.473542996366802e-09,5.16035583280631e-10,-1.3473136367178892e-10,1.6326442644778862e-08,-2.2470224299981504e-10,1.629617082652527e-08,-6.79412999669719e-08,-4.691232575278531e-09,1.224830578834462e-09,-1.4842220586162813e-07,2.042747663634711e-09,-1.481470075138682e-07,1.0,True,True,1,False,,0.0,0,,,,True,True,0.010000000000001563,1.7810664054707104e-10,1.0,6.477794960757252e-12,9.924212356731458e-12,2.0000006477674057e-05,0.00020000000988792946
20.880000000000464,1786132521.2147107,0.004480300005525351,0.0051546999893616885,0.01,HOLD,64,clutch active,0.0,20.880000000000464,2088,0.08,0.0,0.0,0.0,0.0,0.17364817766693036,0.9848077530122081,0.08,0.0,0.0,0.0,0.0,0.17364817766693036,0.9848077530122081,0.006085042530717979,-0.22495819035210626,0.2802278950271373,-0.12998489960129023,0.011380114958398545,0.08641360184551672,0.9876776337830379,0.006978817945223354,-0.22495261543911976,0.2802352246755772,-0.1300054243643626,0.011439783959126922,0.0859422449579431,0.9877153696842019,0.006998816883718742,-0.22495249069599066,0.28023538868231307,-0.13000972298856817,0.011452291370550342,0.08584343723552694,0.9877232513383443,0.006998816889656506,-0.22495249069594167,0.2802353886823276,-0.13000972298837943,0.011452291371153034,0.08584343723104089,0.987723251338752,0.006998816889656506,-0.22495249069594167,0.2802353886823276,-0.13000972298837943,0.011452291371153034,0.08584343723104089,0.987723251338752,0.14289459812766947,-0.511410686741828,0.7777399686466417,-0.070458823478673,0.5252748080417367,-0.02379980628057654,0.14289459819617695,-0.5114106867370977,0.7777399686454067,-0.07045882332901393,0.5252748080396769,-0.023799806131194975,0.14289459819617695,-0.5114106867370977,0.7777399686454067,-0.07045882332901393,0.5252748080396769,-0.023799806131194975,6.850747746669471e-09,4.730326180072384e-10,-1.2350375003247143e-10,1.4965905757713742e-08,-2.0597705608316086e-10,1.4938156590981288e-08,-6.227952496972336e-08,-4.300296527338592e-09,1.1227613639315744e-09,-1.3605368870649053e-07,1.8725186916651256e-09,-1.3580142355437725e-07,1.0,True,True,1,False,,0.0,0,,,,True,True,0.010000000000001563,1.6326442975334032e-10,1.0,5.937984063400866e-12,9.097209982159834e-12,2.0000005937873692e-05,0.00020000000906391255
20.890000000000466,1786132521.2185736,0.005504999993718229,0.0035128000017721206,0.01,HOLD,64,clutch active,0.0,20.890000000000466,2089,0.08,0.0,0.0,0.0,0.0,0.17364817766693036,0.9848077530122081,0.08,0.0,0.0,0.0,0.0,0.17364817766693036,0.9848077530122081,0.006085042530717979,-0.22495819035210626,0.2802278950271373,-0.12998489960129023,0.011380114958398545,0.08641360184551672,0.9876776337830379,0.006978817951161113,-0.22495261543907105,0.2802352246755925,-0.13000542436424037,0.011439783959723403,0.0859422449534585,0.9877153696846013,0.006998816889656506,-0.22495249069594167,0.2802353886823276,-0.13000972298837943,0.011452291371153034,0.08584343723104089,0.987723251338752,0.006998816895099465,-0.22495249069589673,0.2802353886823409,-0.1300097229882066,0.011452291371705519,0.08584343722692864,0.9877232513391258,0.006998816895099465,-0.22495249069589673,0.2802353886823409,-0.1300097229882066,0.011452291371705519,0.08584343722692864,0.9877232513391258,0.14289459819617695,-0.5114106867370977,0.7777399686454067,-0.07045882332901393,0.5252748080396769,-0.023799806131194975,0.14289459825897546,-0.5114106867327616,0.7777399686442746,-0.07045882319182646,0.5252748080377887,-0.02379980599426187,0.14289459825897546,-0.5114106867327616,0.7777399686442746,-0.07045882319182646,0.5252748080377887,-0.02379980599426187,6.2798521011135926e-09,4.3361323317329575e-10,-1.132117708630972e-10,1.3718746944570735e-08,-1.8881230140956144e-10,1.369331020839932e-08,-5.7089564555578926e-08,-3.941938483393654e-09,1.029197916937262e-09,-1.2471588131428118e-07,1.716475467359674e-09,-1.244846382581774e-07,1.0,True,True,1,False,,0.0,0,,,,True,True,0.010000000000001563,1.4965906292019326e-10,1.0,5.4431602431044444e-12,8.339162543042783e-12,2.0000005443058773e-05,0.00020000000830868171
20.900000000000468,1786132521.2227767,0.003740800006198697,0.0039773000025888905,0.01,HOLD,64,clutch active,0.0,20.900000000000468,2090,0.08,0.0,0.0,0.0,0.0,0.17364817766693036,0.9848077530122081,0.08,0.0,0.0,0.0,0.0,0.17364817766693036,0.9848077530122081,0.006085042530717979,-0.22495819035210626,0.2802278950271373,-0.12998489960129023,0.011380114958398545,0.08641360184551672,0.9876776337830379,0.006978817956604068,-0.22495261543902637,0.2802352246756064,-0.13000542436412849,0.011439783960270193,0.08594224494934756,0.9877153696849673,0.006998816895099465,-0.22495249069589673,0.2802353886823409,-0.1300097229882066,0.011452291371705519,0.08584343722692864,0.9877232513391258,0.006998816900088835,-0.22495249069585554,0.28023538868235304,-0.13000972298804805,0.011452291372211966,0.08584343722315911,0.9877232513394684,0.006998816900088835,-0.22495249069585554,0.28023538868235304,-0.13000972298804805,0.011452291372211966,0.08584343722315911,0.9877232513394684,0.14289459825897546,-0.5114106867327616,0.7777399686442746,-0.07045882319182646,0.5252748080377887,-0.02379980599426187,0.14289459831654078,-0.5114106867287868,0.7777399686432369,-0.07045882306607128,0.525274808036058,-0.02379980586873986,0.14289459831654078,-0.5114106867287868,0.7777399686432369,-0.07045882306607128,0.525274808036058,-0.02379980586873986,5.756531092687378e-09,3.9747879707551544e-10,-1.0377745662450428e-10,1.2575518032522996e-08,-1.730779429587622e-10,1.2552201024365864e-08,-5.2332100842613275e-08,-3.613443609777465e-09,9.434314238591434e-10,-1.1432289120475613e-07,1.5734358450796787e-09,-1.1411091840332767e-07,1.0,True,True,1,False,,0.0,0,,,,True,True,0.010000000000001563,1.3718746971758122e-10,1.0,4.989554852515626e-12,7.644177496615542e-12,2.000000498946225e-05,0.00020000000761620073
20.91000000000047,1786132521.2288146,0.00441139999020379,0.005602799996268004,0.01,HOLD,64,clutch active,0.0,20.91000000000047,2091,0.08,0.0,0.0,0.0,0.0,0.17364817766693036,0.9848077530122081,0.08,0.0,0.0,0.0,0.0,0.17364817766693036,0.9848077530122081,0.006085042530717979,-0.22495819035210626,0.2802278950271373,-0.12998489960129023,0.011380114958398545,0.08641360184551672,0.9876776337830379,0.006978817961593434,-0.2249526154389854,0.28023522467561923,-0.13000542436402585,0.011439783960771421,0.08594224494557924,0.9877153696853029,0.006998816900088835,-0.22495249069585554,0.28023538868235304,-0.13000972298804805,0.011452291372211966,0.08584343722315911,0.9877232513394684,0.00699881690466244,-0.22495249069581774,0.28023538868236425,-0.13000972298790264,0.011452291372676185,0.08584343721970372,0.9877232513397824,0.00699881690466244,-0.22495249069581774,0.28023538868236425,-0.13000972298790264,0.011452291372676185,0.08584343721970372,0.9877232513397824,0.14289459831654078,-0.5114106867287868,0.7777399686432369,-0.07045882306607128,0.525274808036058,-0.02379980586873986,0.14289459836930898,-0.5114106867251432,0.7777399686422857,-0.0704588229507957,0.5252748080344715,-0.02379980575367802,0.14289459836930898,-0.5114106867251432,0.7777399686422857,-0.0704588229507957,0.5252748080344715,-0.02379980575367802,5.276820168296688e-09,3.64355563985884e-10,-9.512933523912757e-11,1.1527558196479249e-08,-1.5865478104552976e-10,1.1506184272335212e-08,-4.797109243906148e-08,-3.3123233089626287e-09,8.648121385375357e-10,-1.0479598360435831e-07,1.4423161913230183e-09,-1.0460167520304887e-07,1.0,True,True,1,False,,0.0,0,,,,True,True,0.010000000000001563,1.257551840438964e-10,1.0,4.5737753566567255e-12,7.007138644514381e-12,2.0000004573690203e-05,0.00020000000698150132
20.92000000000047,1786132521.2359219,0.006077300000470132,0.006631099997321144,0.01,HOLD,64,clutch active,0.0,20.92000000000047,2092,0.08,0.0,0.0,0.0,0.0,0.17364817766693036,0.9848077530122081,0.08,0.0,0.0,0.0,0.0,0.17364817766693036,0.9848077530122081,0.006085042530717979,-0.22495819035210626,0.2802278950271373,-0.12998489960129023,0.011380114958398545,0.08641360184551672,0.9876776337830379,0.006978817966167036,-0.2249526154389478,0.280235224675631,-0.13000542436393167,0.011439783961230857,0.08594224494212496,0.9877153696856106,0.00699881690466244,-0.22495249069581774,0.28023538868236425,-0.13000972298790264,0.011452291372676185,0.08584343721970372,0.9877232513397824,0.006998816908854896,-0.22495249069578316,0.28023538868237446,-0.13000972298776955,0.011452291373101732,0.08584343721653626,0.9877232513400703,0.006998816908854896,-0.22495249069578316,0.28023538868237446,-0.13000972298776955,0.011452291373101732,0.08584343721653626,0.9877232513400703,0.14289459836930898,-0.5114106867251432,0.7777399686422857,-0.0704588229507957,0.5252748080344715,-0.02379980575367802,0.14289459841767985,-0.5114106867218033,0.7777399686414137,-0.07045882284512642,0.5252748080330172,-0.023799805648204664,0.14289459841767985,-0.5114106867218033,0.7777399686414137,-0.07045882284512642,0.5252748080330172,-0.023799805648204664,4.837085154271895e-09,3.3399260032038887e-10,-8.72018906358657e-11,1.0566928346772494e-08,-1.4543354929173353e-10,1.0547335582973795e-08,-4.39735014024724e-08,-3.036296366549033e-09,7.927444603260631e-10,-9.606298497066041e-08,1.3221231753794147e-09,-9.588486893612677e-08,1.0,True,True,1,False,,0.0,0,,,,True,True,0.010000000000001563,1.1527558074764244e-10,1.0,4.1926104889014755e-12,6.423250739191947e-12,2.0000004192532316e-05,0.0002000000063997596
20.930000000000472,1786132521.241184,0.007020900011411868,0.004872899997280911,0.01,HOLD,64,clutch active,0.0,20.930000000000472,2093,0.08,0.0,0.0,0.0,0.0,0.17364817766693036,0.9848077530122081,0.08,0.0,0.0,0.0,0.0,0.17364817766693036,0.9848077530122081,0.006085042530717979,-0.22495819035210626,0.2802278950271373,-0.12998489960129023,0.011380114958398545,0.08641360184551672,0.9876776337830379,0.006978817970359488,-0.22495261543891337,0.28023522467564177,-0.13000542436384552,0.011439783961652019,0.08594224493895851,0.9877153696858926,0.006998816908854896,-0.22495249069578316,0.28023538868237446,-0.13000972298776955,0.011452291373101732,0.08584343721653626,0.9877232513400703,0.006998816912697988,-0.22495249069575143,0.2802353886823838,-0.13000972298764737,0.011452291373491817,0.08584343721363275,0.9877232513403342,0.006998816912697988,-0.22495249069575143,0.2802353886823838,-0.13000972298764737,0.011452291373491817,0.08584343721363275,0.9877232513403342,0.14289459841767985,-0.5114106867218033,0.7777399686414137,-0.07045882284512642,0.5252748080330172,-0.023799805648204664,0.1428945984620198,-0.5114106867187418,0.7777399686406143,-0.07045882274826291,0.525274808031684,-0.023799805551520753,0.1428945984620198,-0.5114106867187418,0.7777399686406143,-0.07045882274826291,0.525274808031684,-0.023799805551520753,4.433994724749175e-09,3.061598836270188e-10,-7.993506641620909e-11,9.686350984541315e-09,-1.3331408685075383e-10,9.668390951059174e-09,-4.0309042952265793e-08,-2.783271669336574e-09,7.266824219655475e-10,-8.805773622310413e-08,1.2119462440977795e-09,-8.78944631914483e-08,1.0,True,True,1,False,,0.0,0,,,,True,True,0.010000000000001563,1.0566927888255861e-10,1.0,3.843234766558358e-12,5.8879954829550054e-12,2.00000038431628e-05,0.00020000000586642443
20.940000000000474,1786132521.244722,0.005104099996970035,0.0033075000101234764,0.01,HOLD,64,clutch active,0.0,20.940000000000474,2094,0.08,0.0,0.0,0.0,0.0,0.17364817766693036,0.9848077530122081,0.08,0.0,0.0,0.0,0.0,0.17364817766693036,0.9848077530122081,0.006085042530717979,-0.22495819035210626,0.2802278950271373,-0.12998489960129023,0.011380114958398545,0.08641360184551672,0.9876776337830379,0.006978817974202578,-0.22495261543888184,0.28023522467565154,-0.1300054243637664,0.011439783962038087,0.08594224493605594,0.987715369686151,0.006998816912697988,-0.22495249069575143,0.2802353886823838,-0.13000972298764737,0.011452291373491817,0.08584343721363275,0.9877232513403342,0.0069988169162208125,-0.22495249069572232,0.28023538868239245,-0.13000972298753558,0.011452291373849385,0.08584343721097121,0.987723251340576,0.0069988169162208125,-0.22495249069572232,0.28023538868239245,-0.13000972298753558,0.011452291373849385,0.08584343721097121,0.987723251340576,0.1428945984620198,-0.5114106867187418,0.7777399686406143,-0.07045882274826291,0.525274808031684,-0.023799805551520753,0.14289459850266475,-0.5114106867159354,0.7777399686398816,-0.07045882265947136,0.525274808030462,-0.023799805462893835,0.14289459850266475,-0.5114106867159354,0.7777399686398816,-0.07045882265947136,0.525274808030462,-0.023799805462893835,4.064495164353352e-09,2.8064655999142993e-10,-7.327381088152396e-11,8.879155069162746e-09,-1.222045796131893e-10,8.86269170513745e-09,-3.694995603957646e-08,-2.55133236355849e-09,6.661255534684091e-10,-8.071959153784429e-08,1.110950723756282e-09,-8.056992459215978e-08,1.0,True,True,1,False,,0.0,0,,,,True,True,0.010000000000001563,9.686350332938076e-11,1.0,3.5229553524392533e-12,5.397279451271757e-12,2.0000003522890118e-05,0.00020000000537756461
20.950000000000475,1786132521.2478986,0.003525799998897128,0.002957999997306615,0.01,HOLD,64,clutch active,0.0,20.950000000000475,2095,0.08,0.0,0.0,0.0,0.0,0.17364817766693036,0.9848077530122081,0.08,0.0,0.0,0.0,0.0,0.17364817766693036,0.9848077530122081,0.006085042530717979,-0.22495819035210626,0.2802278950271373,-0.12998489960129023,0.011380114958398545,0.08641360184551672,0.9876776337830379,0.0069788179777254,-0.22495261543885287,0.28023522467566064,-0.13000542436369403,0.011439783962391968,0.08594224493339525,0.987715369686388,0.0069988169162208125,-0.22495249069572232,0.28023538868239245,-0.13000972298753558,0.011452291373849385,0.08584343721097121,0.987723251340576,0.0069988169194500766,-0.22495249069569564,0.28023538868240033,-0.13000972298743294,0.011452291374177172,0.08584343720853146,0.9877232513407979,0.0069988169194500766,-0.22495249069569564,0.28023538868240033,-0.13000972298743294,0.011452291374177172,0.08584343720853146,0.9877232513407979,0.14289459850266475,-0.5114106867159354,0.7777399686398816,-0.07045882265947136,0.525274808030462,-0.023799805462893835,0.14289459853992262,-0.5114106867133628,0.7777399686392099,-0.0704588225780791,0.5252748080293418,-0.023799805381652495,0.14289459853992262,-0.5114106867133628,0.7777399686392099,-0.0704588225780791,0.5252748080293418,-0.023799805381652495,3.7257872339905195e-09,2.572593466588071e-10,-6.716765997472934e-11,8.139225480065735e-09,-1.1202086464542192e-10,8.124134063042548e-09,-3.3870793036277934e-08,-2.3387213332619163e-09,6.106150906793664e-10,-7.399295890968955e-08,1.0183714967765774e-09,-7.385576420947875e-08,1.0,True,True,1,False,,0.0,0,,,,True,True,0.010000000000001563,8.879155743990452e-11,1.0,3.2293838541790153e-12,4.947543075046824e-12,2.0000003229323603e-05,0.00020000000492939265
20.960000000000477,1786132521.2510417,0.0032261000014841557,0.0028748000040650368,0.01,HOLD,64,clutch active,0.0,20.960000000000477,2096,0.08,0.0,0.0,0.0,0.0,0.17364817766693036,0.9848077530122081,0.08,0.0,0.0,0.0,0.0,0.17364817766693036,0.9848077530122081,0.006085042530717979,-0.22495819035210626,0.2802278950271373,-0.12998489960129023,0.011380114958398545,0.08641360184551672,0.9876776337830379,0.006978817980954661,-0.22495261543882633,0.28023522467566897,-0.13000542436362758,0.011439783962716377,0.0859422449309563,0.9877153696866051,0.0069988169194500766,-0.22495249069569564,0.28023538868240033,-0.13000972298743294,0.011452291374177172,0.08584343720853146,0.9877232513407979,0.0069988169224102295,-0.22495249069567125,0.28023538868240755,-0.13000972298733893,0.011452291374477633,0.08584343720629503,0.9877232513410011,0.0069988169224102295,-0.22495249069567125,0.28023538868240755,-0.13000972298733893,0.011452291374477633,0.08584343720629503,0.9877232513410011,0.14289459853992262,-0.5114106867133628,0.7777399686392099,-0.0704588225780791,0.5252748080293418,-0.023799805381652495,0.14289459857407566,-0.5114106867110045,0.7777399686385942,-0.07045882250346953,0.5252748080283149,-0.023799805307181267,0.14289459857407566,-0.5114106867110045,0.7777399686385942,-0.07045882250346953,0.5252748080283149,-0.023799805307181267,3.4153049644912613e-09,2.358210677705698e-10,-6.157035497683435e-11,7.46095669006015e-09,-1.026857925916353e-10,7.44712289112223e-09,-3.1048226949920994e-08,-2.1438278888233926e-09,5.597304997894112e-10,-6.782687900054779e-08,9.33507205378516e-10,-6.770111719202124e-08,1.0,True,True,1,False,,0.0,0,,,,True,True,0.010000000000001563,8.139225404768524e-11,1.0,2.960262289318407e-12,4.5352236080162075e-12,2.000000296020693e-05,0.00020000000451865158
20.97000000000048,1786132521.2540913,0.0030795999919064343,0.0028449999954318628,0.01,HOLD,64,clutch active,0.0,20.97000000000048,2097,0.08,0.0,0.0,0.0,0.0,0.17364817766693036,0.9848077530122081,0.08,0.0,0.0,0.0,0.0,0.17364817766693036,0.9848077530122081,0.006085042530717979,-0.22495819035210626,0.2802278950271373,-0.12998489960129023,0.011380114958398545,0.08641360184551672,0.9876776337830379,0.006978817983914812,-0.22495261543880207,0.2802352246756765,-0.1300054243635667,0.011439783963013742,0.08594224492872059,0.9877153696868043,0.0069988169224102295,-0.22495249069567125,0.28023538868240755,-0.13000972298733893,0.011452291374477633,0.08584343720629503,0.9877232513410011,0.006998816925123712,-0.2249524906956488,0.28023538868241415,-0.13000972298725266,0.011452291374753065,0.08584343720424496,0.9877232513411874,0.006998816925123712,-0.2249524906956488,0.28023538868241415,-0.13000972298725266,0.011452291374753065,0.08584343720424496,0.9877232513411874,0.14289459857407566,-0.5114106867110045,0.7777399686385942,-0.07045882250346953,0.5252748080283149,-0.023799805307181267,0.14289459860538262,-0.5114106867088428,0.7777399686380297,-0.07045882243507744,0.5252748080273737,-0.023799805238915974,0.14289459860538262,-0.5114106867088428,0.7777399686380297,-0.07045882243507744,0.5252748080273737,-0.023799805238915974,3.1306962174502783e-09,2.1616931212301926e-10,-5.6439492062097345e-11,6.8392102992217075e-09,-9.412864320899768e-11,6.826529316861947e-09,-2.8460874704093843e-08,-1.9651755647547484e-09,5.130862914736196e-10,-6.217463908383458e-08,8.557149382636275e-10,-6.20593574260186e-08,1.0,True,True,1,False,,0.0,0,,,,True,True,0.010000000000001563,7.460956852334277e-11,1.0,2.713583160898499e-12,4.157306091015381e-12,2.0000002713532895e-05,0.00020000000414209764
20.98000000000048,1786132521.2574213,0.003050500003155321,0.0031244999991031364,0.01,HOLD,64,clutch active,0.0,20.98000000000048,2098,0.08,0.0,0.0,0.0,0.0,0.17364817766693036,0.9848077530122081,0.08,0.0,0.0,0.0,0.0,0.17364817766693036,0.9848077530122081,0.006085042530717979,-0.22495819035210626,0.2802278950271373,-0.12998489960129023,0.011380114958398545,0.08641360184551672,0.9876776337830379,0.006978817986628292,-0.22495261543877973,0.2802352246756835,-0.13000542436351084,0.011439783963286335,0.08594224492667117,0.9877153696869868,0.006998816925123712,-0.2249524906956488,0.28023538868241415,-0.13000972298725266,0.011452291374753065,0.08584343720424496,0.9877232513411874,0.006998816927611069,-0.22495249069562828,0.28023538868242026,-0.13000972298717361,0.011452291375005535,0.08584343720236572,0.9877232513413582,0.006998816927611069,-0.22495249069562828,0.28023538868242026,-0.13000972298717361,0.011452291375005535,0.08584343720236572,0.9877232513413582,0.14289459860538262,-0.5114106867088428,0.7777399686380297,-0.07045882243507744,0.5252748080273737,-0.023799805238915974,0.14289459863408066,-0.5114106867068613,0.7777399686375124,-0.07045882237238467,0.5252748080265108,-0.023799805176339454,0.14289459863408066,-0.5114106867068613,0.7777399686375124,-0.07045882237238467,0.5252748080265108,-0.023799805176339454,2.8698048659960477e-09,1.981552027794315e-10,-5.173620105692183e-11,6.269276107619809e-09,-8.628458960824664e-11,6.257651873790029e-09,-2.6089135145418987e-08,-1.801410934358494e-09,4.703291005174779e-10,-5.6993419160180896e-08,7.844053600749807e-10,-5.6887744307182895e-08,1.0,True,True,1,False,,0.0,0,,,,True,True,0.010000000000001563,6.839209754083697e-11,1.0,2.4874496064943538e-12,3.8108632892297264e-12,2.0000002487403246e-05,0.00020000000379693904
20.99000000000048,1786132521.2611692,0.0033385999995516613,0.003533800001605414,0.01,HOLD,64,clutch active,0.0,20.99000000000048,2099,0.08,0.0,0.0,0.0,0.0,0.17364817766693036,0.9848077530122081,0.08,0.0,0.0,0.0,0.0,0.17364817766693036,0.9848077530122081,0.006085042530717979,-0.22495819035210626,0.2802278950271373,-0.12998489960129023,0.011380114958398545,0.08641360184551672,0.9876776337830379,0.006978817989115648,-0.22495261543875933,0.2802352246756899,-0.13000542436345966,0.011439783963536206,0.08594224492479254,0.9877153696871541,0.006998816927611069,-0.22495249069562828,0.28023538868242026,-0.13000972298717361,0.011452291375005535,0.08584343720236572,0.9877232513413582,0.006998816929891145,-0.22495249069560952,0.28023538868242587,-0.13000972298710123,0.011452291375236975,0.0858434372006431,0.9877232513415147,0.006998816929891145,-0.22495249069560952,0.28023538868242587,-0.13000972298710123,0.011452291375236975,0.0858434372006431,0.9877232513415147,0.14289459863408066,-0.5114106867068613,0.7777399686375124,-0.07045882237238467,0.5252748080265108,-0.023799805176339454,0.1428945986603872,-0.5114106867050449,0.7777399686370381,-0.0704588223149163,0.5252748080257199,-0.023799805118977644,0.1428945986603872,-0.5114106867050449,0.7777399686370381,-0.0704588223149163,0.5252748080257199,-0.023799805118977644,2.6306544604963396e-09,1.816422692144763e-10,-4.742485096884434e-11,5.746836431984743e-09,-7.909420714089163e-11,5.736180884307445e-09,-2.3915040549967067e-08,-1.6512933564952627e-09,4.3113500880768193e-10,-5.224396756349841e-08,7.190382467353887e-10,-5.214709894825024e-08,1.0,True,True,1,False,,0.0,0,,,,True,True,0.010000000000001563,6.269276764392373e-11,1.0,2.280159525242723e-12,3.4932619748688474e-12,2.0000002280117286e-05,0.00020000000348048541
21.000000000000483,1786132521.2664945,0.003742100001545623,0.005116999993333593,0.01,TELEOP,0,,0.0,21.000000000000483,2100,0.08,0.0,0.0,0.0,0.0,0.17364817766693036,0.9848077530122081,0.08,0.0,0.0,0.0,0.0,0.17364817766693036,0.9848077530122081,0.006998816929891145,-0.22495249069560952,0.28023538868242587,-0.13000972298710123,0.011452291375236975,0.0858434372006431,0.9877232513415147,0.006998816929891145,-0.22495249069560952,0.28023538868242587,-0.13000972298710123,0.011452291375236975,0.0858434372006431,0.9877232513415147,0.006998816940044696,-0.22495249075682894,0.28023538878916754,-0.13000972298204433,0.011452291375702172,0.08584343720054728,0.9877232513421833,0.006998816932051708,-0.22495249069601736,0.2802353886831722,-0.13000972298699984,0.011452291375452334,0.08584343719906336,0.9877232513416629,0.006998816932051708,-0.22495249069601736,0.2802353886831722,-0.13000972298699984,0.011452291375452334,0.08584343719906336,0.9877232513416629,0.14289459867500995,-0.5114106861434556,0.7777399675562217,-0.07045882235020899,0.5252748074965435,-0.02379980516405522,0.14289459868460308,-0.5114106866994799,0.7777399686290977,-0.07045882226248205,0.5252748080213201,-0.023799805066709024,0.14289459868460308,-0.5114106866994799,0.7777399686290977,-0.07045882226248205,0.5252748080213201,-0.023799805066709024,2.421587941189208e-09,5.564979270383676e-10,-7.940397497421181e-10,5.243424586652061e-09,-4.399866130670037e-10,5.226861937637498e-09,-2.090665193070992e-08,3.748556578238327e-08,-7.466148987731571e-08,-5.034118453326035e-08,-3.608924059260557e-08,-5.0931894666986726e-08,1.0,True,False,1,True,True,0.002003000001423061,2,1.2346941379384694e-10,1.0246002022868926e-11,`gtol` termination condition is satisfied.,True,True,0.010000000000001563,5.7468363401369515e-11,1.0,1.2246201251895942e-10,1.0410027249417422e-11,2.3219393794268547e-12,3.208853767221352e-12
21.010000000000485,1786132521.2712538,0.005373599997255951,0.004502700001467019,0.01,TELEOP,0,,0.0,21.010000000000485,2101,0.08,0.0,0.0,0.0,0.0,0.17364817766693036,0.9848077530122081,0.08,0.0,0.0,0.0,0.0,0.17364817766693036,0.9848077530122081,0.006998816929891145,-0.22495249069560952,0.28023538868242587,-0.13000972298710123,0.011452291375236975,0.0858434372006431,0.9877232513415147,0.006998816929891145,-0.22495249069560952,0.28023538868242587,-0.13000972298710123,0.011452291375236975,0.0858434372006431,0.9877232513415147,0.006998816940044696,-0.22495249075682894,0.28023538878916754,-0.13000972298204433,0.011452291375702172,0.08584343720054728,0.9877232513421833,0.00699881693408775,-0.2249524906968135,0.2802353886845925,-0.13000972298687227,0.01145229137565152,0.08584343719762556,0.9877232513418024,0.00699881693408775,-0.2249524906968135,0.2802353886845925,-0.13000972298687227,0.01145229137565152,0.08584343719762556,0.9877232513418024,0.14289459867500995,-0.5114106861434556,0.7777399675562217,-0.07045882235020899,0.5252748074965435,-0.02379980516405522,0.14289459870673435,-0.5114106866905174,0.7777399686143684,-0.07045882221502654,0.5252748080136426,-0.02379980501947214,0.14289459870673435,-0.5114106866905174,0.7777399686143684,-0.07045882221502654,0.5252748080136426,-0.02379980501947214,2.2131270489758702e-09,8.962510349665586e-10,-1.4729225554964823e-09,4.745551053857356e-09,-7.677492255502475e-10,4.7236885837541105e-09,-2.08460892213305e-08,3.3975310792813784e-08,-6.788828057542583e-08,-4.978735327946272e-08,-3.277626124831926e-08,-5.03173353883309e-08,1.0,True,False,1,True,True,0.0011372000008122995,1,1.2346941379384694e-10,1.0246002022868926e-11,`gtol` termination condition is satisfied.,True,True,0.010000000000001563,1.072876010255186e-09,1.0,1.2071980669477583e-10,1.131250485409994e-11,4.8739573913406154e-12,6.13593572768544e-12
21.020000000000486,1786132521.2764027,0.004720299999462441,0.004931300005409867,0.01,TELEOP,0,,0.0,21.020000000000486,2102,0.08,0.0,0.0,0.0,0.0,0.17364817766693036,0.9848077530122081,0.08,0.0,0.0,0.0,0.0,0.17364817766693036,0.9848077530122081,0.006998816929891145,-0.22495249069560952,0.28023538868242587,-0.13000972298710123,0.011452291375236975,0.0858434372006431,0.9877232513415147,0.006998816929891145,-0.22495249069560952,0.28023538868242587,-0.13000972298710123,0.011452291375236975,0.0858434372006431,0.9877232513415147,0.006998816940044696,-0.22495249075682894,0.28023538878916754,-0.13000972298204433,0.011452291375702172,0.08584343720054728,0.9877232513421833,0.0069988169359954736,-0.2249524906979602,0.2802353886866205,-0.13000972298672187,0.01145229137583443,0.08584343719632788,0.9877232513419328,0.0069988169359954736,-0.2249524906979602,0.2802353886866205,-0.13000972298672187,0.01145229137583443,0.08584343719632788,0.9877232513419328,0.14289459867500995,-0.5114106861434556,0.7777399675562217,-0.07045882235020899,0.5252748074965435,-0.02379980516405522,0.14289459872680105,-0.5114106866785026,0.7777399685935185,-0.07045882217246442,0.5252748080030138,-0.02379980497717571,0.14289459872680105,-0.5114106866785026,0.7777399685935185,-0.07045882217246442,0.5252748080030138,-0.02379980497717571,2.0066689609472525e-09,1.2014674273653869e-09,-2.0850031706008896e-09,4.256211765641061e-09,-1.062866672213917e-09,4.229642950650744e-09,-2.0645808802858564e-08,3.0521639239878064e-08,-6.120806151043116e-08,-4.893392882162183e-08,-2.951174466636234e-08,-4.940456331032896e-08,1.0,True,False,1,True,True,0.0012447999906726182,1,1.2346941379384694e-10,1.0246002022868926e-11,`gtol` termination condition is satisfied.,True,True,0.010000000000001563,1.0581467924097865e-09,1.0,1.1831237366111405e-10,1.261155821805405e-11,7.77068518296878e-12,8.785621356874784e-12
21.030000000000488,1786132521.281182,0.005153300007805228,0.00455740001052618,0.01,TELEOP,0,,0.0,21.030000000000488,2103,0.08,0.0,0.0,0.0,0.0,0.17364817766693036,0.9848077530122081,0.08,0.0,0.0,0.0,0.0,0.17364817766693036,0.9848077530122081,0.006998816929891145,-0.22495249069560952,0.28023538868242587,-0.13000972298710123,0.011452291375236975,0.0858434372006431,0.9877232513415147,0.006998816929891145,-0.22495249069560952,0.28023538868242587,-0.13000972298710123,0.011452291375236975,0.0858434372006431,0.9877232513415147,0.006998816940044696,-0.22495249075682894,0.28023538878916754,-0.13000972298204433,0.011452291375702172,0.08584343720054728,0.9877232513421833,0.006998816937772361,-0.22495249069942005,0.28023538868919173,-0.13000972298655136,0.011452291376001204,0.08584343719516764,0.9877232513420542,0.006998816937772361,-0.22495249069942005,0.28023538868919173,-0.13000972298655136,0.011452291376001204,0.08584343719516764,0.9877232513420542,0.14289459867500995,-0.5114106861434556,0.7777399675562217,-0.07045882235020899,0.5252748074965435,-0.02379980516405522,0.14289459874483584,-0.5114106866637735,0.7777399685672025,-0.07045882213468349,0.5252748079897538,-0.023799804939701758,0.14289459874483584,-0.5114106866637735,0.7777399685672025,-0.07045882213468349,0.5252748079897538,-0.023799804939701758,1.8034805064328172e-09,1.4729055630711195e-09,-2.6315979091670997e-09,3.778093723321478e-09,-1.3260099426790473e-09,3.74739526596772e-09,-2.0318845451440346e-08,2.714381357056901e-08,-5.4659473856612455e-08,-4.781180423195087e-08,-2.631432704650892e-08,-4.822476846829485e-08,1.0,True,False,1,True,True,0.0011965999874519184,1,1.2346941379384694e-10,1.0246002022868926e-11,`gtol` termination condition is satisfied.,True,True,0.010000000000001563,1.037296804007326e-09,1.0,1.1530873793945865e-10,1.4051336881557432e-11,1.106393647496442e-11,1.116386187811671e-11
21.04000000000049,1786132521.2858727,0.00477669999236241,0.004471199994441122,0.01,TELEOP,0,,0.0,21.04000000000049,2104,0.08,0.0,0.0,0.0,0.0,0.17364817766693036,0.9848077530122081,0.08,0.0,0.0,0.0,0.0,0.17364817766693036,0.9848077530122081,0.006998816929891145,-0.22495249069560952,0.28023538868242587,-0.13000972298710123,0.011452291375236975,0.0858434372006431,0.9877232513415147,0.006998816929891145,-0.22495249069560952,0.28023538868242587,-0.13000972298710123,0.011452291375236975,0.0858434372006431,0.9877232513415147,0.006998816940044696,-0.22495249075682894,0.28023538878916754,-0.13000972298204433,0.011452291375702172,0.08584343720054728,0.9877232513421833,0.006998816939416952,-0.22495249070115697,0.280235388692243,-0.1300097229863639,0.011452291376151984,0.08584343719414142,0.9877232513421663,0.006998816939416952,-0.22495249070115697,0.280235388692243,-0.1300097229863639,0.011452291376151984,0.08584343719414142,0.9877232513421663,0.14289459867500995,-0.5114106861434556,0.7777399675562217,-0.07045882235020899,0.5252748074965435,-0.02379980516405522,0.14289459876088284,-0.5114106866466586,0.7777399685360589,-0.07045882210154766,0.5252748079741736,-0.023799804906908646,0.14289459876088284,-0.5114106866466586,0.7777399685360589,-0.07045882210154766,0.5252748079741736,-0.023799804906908646,1.6047002593231144e-09,1.711495307729774e-09,-3.114368121311395e-09,3.3135820934442527e-09,-1.5580162324686667e-09,3.2793113112405043e-09,-1.9878024710967168e-08,2.3858974465861722e-08,-4.8277021214421996e-08,-4.645116298771528e-08,-2.3200628978958317e-08,-4.6808395472714213e-08,1.0,True,False,1,True,True,0.0011432999890530482,1,1.2346941379384694e-10,1.0246002022868926e-11,`gtol` termination condition is satisfied.,True,True,0.010000000000001563,1.0109808545877286e-09,1.0,1.1177712342891782e-10,1.5478551863735008e-11,1.4761151624994514e-11,1.3278139883364707e-11
21.05000000000049,1786132521.2909844,0.004691299996920861,0.004891699994914234,0.01,TELEOP,0,,0.0,21.05000000000049,2105,0.08,0.0,0.0,0.0,0.0,0.17364817766693036,0.9848077530122081,0.08,0.0,0.0,0.0,0.0,0.17364817766693036,0.9848077530122081,0.006998816929891145,-0.22495249069560952,0.28023538868242587,-0.13000972298710123,0.011452291375236975,0.0858434372006431,0.9877232513415147,0.006998816929891145,-0.22495249069560952,0.28023538868242587,-0.13000972298710123,0.011452291375236975,0.0858434372006431,0.9877232513415147,0.006998816940044696,-0.22495249075682894,0.28023538878916754,-0.13000972298204433,0.011452291375702172,0.08584343720054728,0.9877232513421833,0.006998816940928833,-0.22495249070313572,0.2802353886957131,-0.1300097229861622,0.011452291376287083,0.0858434371932452,0.9877232513422691,0.006998816940928833,-0.22495249070313572,0.2802353886957131,-0.1300097229861622,0.011452291376287083,0.0858434371932452,0.9877232513422691,0.14289459867500995,-0.5114106861434556,0.7777399675562217,-0.07045882235020899,0.5252748074965435,-0.02379980516405522,0.14289459877499625,-0.5114106866274754,0.777739968500706,-0.07045882207289998,0.5252748079565749,-0.02379980487863403,0.14289459877499625,-0.5114106866274754,0.777739968500706,-0.07045882207289998,0.5252748079565749,-0.02379980487863403,1.4113412848444444e-09,1.91831717359533e-09,-3.5352799524298524e-09,2.864768774796198e-09,-1.7598690788079141e-09,2.8274613583128484e-09,-1.933589744786397e-08,2.0682186586552346e-08,-4.2091183111839145e-08,-4.488133186479847e-08,-2.0185284633921585e-08,-4.518499529275853e-08,1.0,True,False,1,True,True,0.0011790999997174367,1,1.2346941379384694e-10,1.0246002022868926e-11,`gtol` termination condition is satisfied.,True,True,0.010000000000001563,9.79837211367851e-10,1.0,1.077844167194968e-10,1.680794059971844e-11,1.884208273712458e-11,1.5137018680791147e-11
21.060000000000493,1786132521.2958,0.005166500006453134,0.004540699999779463,0.01,TELEOP,0,,0.0,21.060000000000493,2106,0.08,0.0,0.0,0.0,0.0,0.17364817766693036,0.9848077530122081,0.08,0.0,0.0,0.0,0.0,0.17364817766693036,0.9848077530122081,0.006998816929891145,-0.22495249069560952,0.28023538868242587,-0.13000972298710123,0.011452291375236975,0.0858434372006431,0.9877232513415147,0.006998816929891145,-0.22495249069560952,0.28023538868242587,-0.13000972298710123,0.011452291375236975,0.0858434372006431,0.9877232513415147,0.006998816940044696,-0.22495249075682894,0.28023538878916754,-0.13000972298204433,0.011452291375702172,0.08584343720054728,0.9877232513421833,0.006998816942308611,-0.22495249070532247,0.28023538869954295,-0.1300097229859485,0.011452291376406869,0.08584343719247443,0.9877232513423629,0.006998816942308611,-0.22495249070532247,0.28023538869954295,-0.1300097229859485,0.011452291376406869,0.08584343719247443,0.9877232513423629,0.14289459867500995,-0.5114106861434556,0.7777399675562217,-0.07045882235020899,0.5252748074965435,-0.02379980516405522,0.1428945987872392,-0.5114106866065296,0.7777399684617404,-0.07045882204856536,0.5252748079372481,-0.023799804854697727,0.1428945987872392,-0.5114106866065296,0.7777399684617404,-0.07045882204856536,0.5252748079372481,-0.023799804854697727,1.2242945826214872e-09,2.094582209961258e-09,-3.896565220001527e-09,2.433462342806818e-09,-1.932679534983577e-09,2.3936304186236235e-09,-1.87046702222928e-08,1.762650363659003e-08,-3.612852675716181e-08,-4.3130643198931246e-08,-1.728104561756357e-08,-4.33830939689157e-08,1.0,True,False,1,True,True,0.0011790999997174367,1,1.2346941379384694e-10,1.0246002022868926e-11,`gtol` termination condition is satisfied.,True,True,0.010000000000001563,9.444843795947122e-10,1.0,1.0339539475513523e-10,1.79936118342713e-11,2.3270787206509106e-11,1.67504090755125e-11
21.070000000000494,1786132521.3003683,0.004753500004881062,0.0043557000026339665,0.01,TELEOP,0,,0.0,21.070000000000494,2107,0.08,0.0,0.0,0.0,0.0,0.17364817766693036,0.9848077530122081,0.08,0.0,0.0,0.0,0.0,0.17364817766693036,0.9848077530122081,0.006998816929891145,-0.22495249069560952,0.28023538868242587,-0.13000972298710123,0.011452291375236975,0.0858434372006431,0.9877232513415147,0.006998816929891145,-0.22495249069560952,0.28023538868242587,-0.13000972298710123,0.011452291375236975,0.0858434372006431,0.9877232513415147,0.006998816940044696,-0.22495249075682894,0.28023538878916754,-0.13000972298204433,0.011452291375702172,0.08584343720054728,0.9877232513421833,0.006998816943557671,-0.2249524907076847,0.28023538870367604,-0.13000972298572566,0.011452291376511763,0.08584343719182393,0.9877232513424475,0.006998816943557671,-0.2249524907076847,0.28023538870367604,-0.13000972298572566,0.011452291376511763,0.08584343719182393,0.9877232513424475,0.14289459867500995,-0.5114106861434556,0.7777399675562217,-0.07045882235020899,0.5252748074965435,-0.02379980516405522,0.14289459879768254,-0.5114106865841134,0.7777399684197336,-0.07045882202835338,0.5252748079164714,-0.02379980483490443,0.14289459879768254,-0.5114106865841134,0.7777399684197336,-0.07045882202835338,0.5252748079164714,-0.02379980483490443,1.0443330523556677e-09,2.241612798401211e-09,-4.2006839315827956e-09,2.0211990734455313e-09,-2.0776677570246837e-09,1.9793296236810666e-09,-1.799615302657915e-08,1.4703058843993014e-08,-3.041187115812205e-08,-4.122632693612223e-08,-1.4498822204108415e-08,-4.1430079494249234e-08,1.0,True,False,1,True,True,0.0011220000014873222,1,1.2346941379384694e-10,1.0246002022868926e-11,`gtol` termination condition is satisfied.,True,True,0.010000000000001563,9.055187710771406e-10,1.0,9.867266479048189e-11,1.9013103295130968e-11,2.8002739576976605e-11,1.8128987058547808e-11
21.080000000000496,1786132521.306143,0.004567700001643971,0.005563099999562837,0.01,TELEOP,0,,0.0,21.080000000000496,2108,0.08,0.0,0.0,0.0,0.0,0.17364817766693036,0.9848077530122081,0.08,0.0,0.0,0.0,0.0,0.17364817766693036,0.9848077530122081,0.006998816929891145,-0.22495249069560952,0.28023538868242587,-0.13000972298710123,0.011452291375236975,0.0858434372006431,0.9877232513415147,0.006998816929891145,-0.22495249069560952,0.28023538868242587,-0.13000972298710123,0.011452291375236975,0.0858434372006431,0.9877232513415147,0.006998816940044696,-0.22495249075682894,0.28023538878916754,-0.13000972298204433,0.011452291375702172,0.08584343720054728,0.9877232513421833,0.00699881694467825,-0.2249524907101913,0.2802353887080584,-0.13000972298549573,0.011452291376602293,0.08584343719128823,0.9877232513425233,0.00699881694467825,-0.2249524907101913,0.2802353887080584,-0.13000972298549573,0.011452291376602293,0.08584343719128823,0.9877232513425233,0.14289459867500995,-0.5114106861434556,0.7777399675562217,-0.07045882235020899,0.5252748074965435,-0.02379980516405522,0.1428945988064037,-0.5114106865605051,0.7777399683752307,-0.07045882201206083,0.52527480789451,-0.023799804819046345,0.1428945988064037,-0.5114106865605051,0.7777399683752307,-0.07045882201206083,0.52527480789451,-0.023799804819046345,8.721159963920619e-10,2.3608240461216506e-09,-4.450287998831639e-09,1.6292549759313188e-09,-2.1961453538381696e-09,1.5858085509039641e-09,-1.7221705596357886e-08,1.1921124772042076e-08,-2.496040672488041e-08,-3.919440975141511e-08,-1.1847759681346749e-08,-3.93521072777041e-08,1.0,True,False,1,True,True,0.0011340000055497512,1,1.2346941379384694e-10,1.0246002022868926e-11,`gtol` termination condition is satisfied.,True,True,0.010000000000001563,8.635119286282134e-10,1.0,9.367618892748624e-11,1.985628678946383e-11,3.298961213921018e-11,1.9284435419557782e-11
21.090000000000497,1786132521.3142853,0.00595009999233298,0.007754499994916841,0.01,TELEOP,0,,0.0,21.090000000000497,2109,0.08,0.0,0.0,0.0,0.0,0.17364817766693036,0.9848077530122081,0.08,0.0,0.0,0.0,0.0,0.17364817766693036,0.9848077530122081,0.006998816929891145,-0.22495249069560952,0.28023538868242587,-0.13000972298710123,0.011452291375236975,0.0858434372006431,0.9877232513415147,0.006998816929891145,-0.22495249069560952,0.28023538868242587,-0.13000972298710123,0.011452291375236975,0.0858434372006431,0.9877232513415147,0.006998816940044696,-0.22495249075682894,0.28023538878916754,-0.13000972298204433,0.011452291375702172,0.08584343720054728,0.9877232513421833,0.00699881694567326,-0.22495249071281287,0.2802353887126387,-0.13000972298526092,0.011452291376679052,0.08584343719086143,0.9877232513425904,0.00699881694567326,-0.22495249071281287,0.2802353887126387,-0.13000972298526092,0.011452291376679052,0.08584343719086143,0.9877232513425904,0.14289459867500995,-0.5114106861434556,0.7777399675562217,-0.07045882235020899,0.5252748074965435,-0.02379980516405522,0.14289459881348565,-0.5114106865359681,0.7777399683287489,-0.07045882199947424,0.525274807871615,-0.02379980480690566,0.14289459881348565,-0.5114106865359681,0.7777399683287489,-0.07045882199947424,0.525274807871615,-0.02379980480690566,7.081939987859012e-10,2.453706421473133e-09,-4.648186973078564e-09,1.2586586152641622e-09,-2.2894988226724635e-09,1.2140683413597178e-09,-1.6392199760613504e-08,9.288237535146803e-09,-1.978989742468939e-08,-3.705963606670986e-08,-9.33534688342793e-09,-3.717402095441883e-08,1.0,True,False,1,True,True,0.0019134000031044707,1,1.2346941379384694e-10,1.0246002022868926e-11,`gtol` termination condition is satisfied.,True,True,0.010000000000001563,8.190090827753238e-10,1.0,8.846331551326003e-11,2.0521421391009542e-11,3.8181744827953816e-11,2.0229121581078215e-11
21.1000000000005,1786132521.322342,0.008117999997921288,0.007693399995332584,0.01,TELEOP,0,,0.0,21.1000000000005,2110,0.08,0.0,0.0,0.0,0.0,0.17364817766693036,0.9848077530122081,0.08,0.0,0.0,0.0,0.0,0.17364817766693036,0.9848077530122081,0.006998816929891145,-0.22495249069560952,0.28023538868242587,-0.13000972298710123,0.011452291375236975,0.0858434372006431,0.9877232513415147,0.006998816929891145,-0.22495249069560952,0.28023538868242587,-0.13000972298710123,0.011452291375236975,0.0858434372006431,0.9877232513415147,0.006998816940044696,-0.22495249075682894,0.28023538878916754,-0.13000972298204433,0.011452291375702172,0.08584343720054728,0.9877232513421833,0.00699881694654627,-0.2249524907155217,0.2802353887173691,-0.13000972298502358,0.01145229137674261,0.08584343719053748,0.987723251342649,0.00699881694654627,-0.2249524907155217,0.2802353887173691,-0.13000972298502358,0.01145229137674261,0.08584343719053748,0.987723251342649,0.14289459867500995,-0.5114106861434556,0.7777399675562217,-0.07045882235020899,0.5252748074965435,-0.02379980516405522,0.14289459881901578,-0.5114106865107501,0.7777399682807757,-0.07045882199037219,0.5252748078480233,-0.023799804798256906,0.14289459881901578,-0.5114106865107501,0.7777399682807757,-0.07045882199037219,0.5252748078480233,-0.023799804798256906,5.530141494937065e-10,2.5218089884152934e-09,-4.797315325586651e-09,9.102046009356697e-10,-2.3591735168720763e-09,8.648754518530312e-10,-1.551798492921704e-08,6.810256694214965e-09,-1.4912835250806412e-08,-3.484540143284379e-08,-6.9674694199602035e-09,-3.491928895066321e-08,1.0,True,False,1,True,True,0.001954799998202361,1,1.2346941379384694e-10,1.0246002022868926e-11,`gtol` termination condition is satisfied.,True,True,0.010000000000001563,7.725272643810399e-10,1.0,8.308776354101537e-11,2.1011556789758028e-11,4.353063865096084e-11,2.097556761829416e-11
21.1100000000005,1786132521.3274934,0.007975400003488176,0.004869199998211116,0.01,TELEOP,0,,0.0,21.1100000000005,2111,0.08,0.0,0.0,0.0,0.0,0.17364817766693036,0.9848077530122081,0.08,0.0,0.0,0.0,0.0,0.17364817766693036,0.9848077530122081,0.006998816929891145,-0.22495249069560952,0.28023538868242587,-0.13000972298710123,0.011452291375236975,0.0858434372006431,0.9877232513415147,0.006998816929891145,-0.22495249069560952,0.28023538868242587,-0.13000972298710123,0.011452291375236975,0.0858434372006431,0.9877232513415147,0.006998816940044696,-0.22495249075682894,0.28023538878916754,-0.13000972298204433,0.011452291375702172,0.08584343720054728,0.9877232513421833,0.006998816947301378,-0.22495249071829157,0.28023538872220355,-0.1300097229847851,0.011452291376793648,0.08584343719031001,0.9877232513426997,0.006998816947301378,-0.22495249071829157,0.28023538872220355,-0.1300097229847851,0.011452291376793648,0.08584343719031001,0.9877232513426997,0.14289459867500995,-0.5114106861434556,0.7777399675562217,-0.07045882235020899,0.5252748074965435,-0.02379980516405522,0.14289459882308503,-0.5114106864850828,0.7777399682317687,-0.07045882198452752,0.5252748078239566,-0.023799804792869146,0.14289459882308503,-0.5114106864850828,0.7777399682317687,-0.07045882198452752,0.5252748078239566,-0.023799804792869146,4.0692558492866817e-10,2.56672380681328e-09,-4.90070160636957e-09,5.844675513810227e-10,-2.4066588725538206e-09,5.387758897198037e-10,-1.4608856456501554e-08,4.491481839797956e-09,-1.0338628078290201e-08,-3.257370495545961e-08,-4.748535568173689e-09,-3.2609956213317656e-08,1.0,True,False,1,True,True,0.0013355000119190663,1,1.2346941379384694e-10,1.0246002022868926e-11,`gtol` termination condition is satisfied.,True,True,0.010000000000001563,7.24554083397777e-10,1.0,7.760131494625159e-11,2.133275041943782e-11,4.898832057811465e-11,2.153735349214186e-11
21.120000000000502,1786132521.3321543,0.005086899996967986,0.004444299993338063,0.01,TELEOP,0,,0.0,21.120000000000502,2112,0.08,0.0,0.0,0.0,0.0,0.17364817766693036,0.9848077530122081,0.08,0.0,0.0,0.0,0.0,0.17364817766693036,0.9848077530122081,0.006998816929891145,-0.22495249069560952,0.28023538868242587,-0.13000972298710123,0.011452291375236975,0.0858434372006431,0.9877232513415147,0.006998816929891145,-0.22495249069560952,0.28023538868242587,-0.13000972298710123,0.011452291375236975,0.0858434372006431,0.9877232513415147,0.006998816940044696,-0.22495249075682894,0.28023538878916754,-0.13000972298204433,0.011452291375702172,0.08584343720054728,0.9877232513421833,0.006998816947943166,-0.22495249072109827,0.2802353887271003,-0.13000972298454763,0.011452291376832848,0.08584343719017262,0.9877232513427424,0.006998816947943166,-0.22495249072109827,0.2802353887271003,-0.13000972298454763,0.011452291376832848,0.08584343719017262,0.9877232513427424,0.14289459867500995,-0.5114106861434556,0.7777399675562217,-0.07045882235020899,0.5252748074965435,-0.02379980516405522,0.14289459882578687,-0.5114106864591821,0.7777399681821543,-0.07045882198170936,0.5252748077996219,-0.02379980479050805,0.14289459882578687,-0.5114106864591821,0.7777399681821543,-0.07045882198170936,0.5252748077996219,-0.02379980479050805,2.7018520286835155e-10,2.590071247215383e-09,-4.961439710515159e-09,2.8181645597772174e-10,-2.433474172503953e-09,2.3610979131793216e-10,-1.3674038206029522e-08,2.334744040209946e-09,-6.073810414557979e-09,-3.0265109540325366e-08,-2.6815299950128387e-09,-3.026660984018242e-08,1.0,True,False,1,True,True,0.001153000004705973,1,1.2346941379384694e-10,1.0246002022868926e-11,`gtol` termination condition is satisfied.,True,True,0.010000000000001563,6.755470627339832e-10,1.0,7.205143167250681e-11,2.1493368811256902e-11,5.4510151647140136e-11,2.1927652673889434e-11
21.130000000000503,1786132521.3367434,0.004669800007832237,0.004362600011518225,0.01,TELEOP,0,,0.0,21.130000000000503,2113,0.08,0.0,0.0,0.0,0.0,0.17364817766693036,0.9848077530122081,0.08,0.0,0.0,0.0,0.0,0.17364817766693036,0.9848077530122081,0.006998816929891145,-0.22495249069560952,0.28023538868242587,-0.13000972298710123,0.011452291375236975,0.0858434372006431,0.9877232513415147,0.006998816929891145,-0.22495249069560952,0.28023538868242587,-0.13000972298710123,0.011452291375236975,0.0858434372006431,0.9877232513415147,0.006998816940044696,-0.22495249075682894,0.28023538878916754,-0.13000972298204433,0.011452291375702172,0.08584343720054728,0.9877232513421833,0.006998816948476625,-0.22495249072391926,0.2802353887320201,-0.13000972298431257,0.011452291376860952,0.08584343719011872,0.9877232513427777,0.006998816948476625,-0.22495249072391926,0.2802353887320201,-0.13000972298431257,0.011452291376860952,0.08584343719011872,0.9877232513427777,0.14289459867500995,-0.5114106861434556,0.7777399675562217,-0.07045882235020899,0.5252748074965435,-0.02379980516405522,0.1428945988272165,-0.5114106864332473,0.7777399681323277,-0.07045882198168507,0.5252748077752103,-0.023799804790937785,0.1428945988272165,-0.5114106864332473,0.7777399681323277,-0.07045882198168507,0.5252748077752103,-0.023799804790937785,1.4296357573477962e-10,2.5934864523003715e-09,-4.9826618450926604e-09,2.429227989884982e-12,-2.441155727713687e-09,-4.2973783209253664e-11,-1.2722162713355204e-08,3.4152050849883084e-10,-2.122213457749857e-09,-2.793872279877931e-08,-7.68155520973273e-10,-2.790835745271422e-08,1.0,True,False,1,True,True,0.001113999998779036,1,1.2346941379384694e-10,1.0246002022868926e-11,`gtol` termination condition is satisfied.,True,True,0.010000000000001563,6.25932639053417e-10,1.0,6.648289678240391e-11,2.1503101056985684e-11,6.00537099260133e-11,2.216048695337579e-11
21.140000000000505,1786132521.3446486,0.0045731999998679385,0.007694900006754324,0.01,TELEOP,0,,0.0,21.140000000000505,2114,0.08,0.0,0.0,0.0,0.0,0.17364817766693036,0.9848077530122081,0.08,0.0,0.0,0.0,0.0,0.17364817766693036,0.9848077530122081,0.006998816929891145,-0.22495249069560952,0.28023538868242587,-0.13000972298710123,0.011452291375236975,0.0858434372006431,0.9877232513415147,0.006998816929891145,-0.22495249069560952,0.28023538868242587,-0.13000972298710123,0.011452291375236975,0.0858434372006431,0.9877232513415147,0.006998816940044696,-0.22495249075682894,0.28023538878916754,-0.13000972298204433,0.011452291375702172,0.08584343720054728,0.9877232513421833,0.006998816948907086,-0.22495249072673373,0.28023538873692666,-0.1300097229840812,0.011452291376878653,0.08584343719014172,0.9877232513428059,0.006998816948907086,-0.22495249072673373,0.28023538873692666,-0.1300097229840812,0.011452291376878653,0.08584343719014172,0.9877232513428059,0.14289459867500995,-0.5114106861434556,0.7777399675562217,-0.07045882235020899,0.5252748074965435,-0.02379980516405522,0.14289459882747002,-0.5114106864074612,0.7777399680826526,-0.070458821984222,0.5252748077508979,-0.023799804793922803,0.14289459882747002,-0.5114106864074612,0.7777399680826526,-0.070458821984222,0.5252748077508979,-0.023799804793922803,2.5350949342333395e-11,2.5786067723399115e-09,-4.967513671718857e-09,-2.536925963660893e-10,-2.43124466452715e-09,-2.98501965339858e-10,-1.1761262639242785e-08,-1.487967996045771e-09,1.5148173373801586e-09,-2.5612182435593423e-08,9.911063186535347e-10,-2.5552818213056436e-08,1.0,True,False,1,True,True,0.0020001000084448606,1,1.2346941379384694e-10,1.0246002022868926e-11,`gtol` termination condition is satisfied.,True,True,0.010000000000001563,5.761060517528449e-10,1.0,6.093744851097463e-11,2.1372539603364704e-11,6.557941112923151e-11,2.2249666800839174e-11
21.150000000000507,1786132521.3529637,0.008063100001891144,0.007946400000946596,0.01,TELEOP,0,,0.0,21.150000000000507,2115,0.08,0.0,0.0,0.0,0.0,0.17364817766693036,0.9848077530122081,0.08,0.0,0.0,0.0,0.0,0.17364817766693036,0.9848077530122081,0.006998816929891145,-0.22495249069560952,0.28023538868242587,-0.13000972298710123,0.011452291375236975,0.0858434372006431,0.9877232513415147,0.006998816929891145,-0.22495249069560952,0.28023538868242587,-0.13000972298710123,0.011452291375236975,0.0858434372006431,0.9877232513415147,0.006998816940044696,-0.22495249075682894,0.28023538878916754,-0.13000972298204433,0.011452291375702172,0.08584343720054728,0.9877232513421833,0.006998816949240115,-0.22495249072952253,0.2802353887417871,-0.13000972298385507,0.011452291376886713,0.08584343719023509,0.9877232513428275,0.006998816949240115,-0.22495249072952253,0.2802353887417871,-0.13000972298385507,0.011452291376886713,0.08584343719023509,0.9877232513428275,0.14289459867500995,-0.5114106861434556,0.7777399675562217,-0.07045882235020899,0.5252748074965435,-0.02379980516405522,0.14289459882664365,-0.5114106863819906,0.7777399680334612,-0.0704588219890891,0.5252748077268451,-0.023799804799229437,0.14289459882664365,-0.5114106863819906,0.7777399680334612,-0.0704588219890891,0.5252748077268451,-0.023799804799229437,-8.263668000884717e-11,2.5470600935081374e-09,-4.919131212181745e-09,-4.86709179108918e-10,-2.405275883724656e-09,-5.306632027912463e-10,-1.0798762935116368e-08,-3.1546678831769297e-09,4.838245953710496e-09,-2.3301658274279224e-08,2.5968780802489834e-09,-2.321612374513521e-08,1.0,True,False,1,True,True,0.002028200004133396,1,1.2346941379384694e-10,1.0246002022868926e-11,`gtol` termination condition is satisfied.,True,True,0.010000000000001563,5.264308988728317e-10,1.0,5.545359338295287e-11,2.111286400689012e-11,7.105090838485997e-11,2.220894097249233e-11
21.160000000000508,1786132521.3586633,0.008434899995336309,0.005211000010604039,0.01,TELEOP,0,,0.0,21.160000000000508,2116,0.08,0.0,0.0,0.0,0.0,0.17364817766693036,0.9848077530122081,0.08,0.0,0.0,0.0,0.0,0.17364817766693036,0.9848077530122081,0.006998816929891145,-0.22495249069560952,0.28023538868242587,-0.13000972298710123,0.011452291375236975,0.0858434372006431,0.9877232513415147,0.006998816929891145,-0.22495249069560952,0.28023538868242587,-0.13000972298710123,0.011452291375236975,0.0858434372006431,0.9877232513415147,0.006998816940044696,-0.22495249075682894,0.28023538878916754,-0.13000972298204433,0.011452291375702172,0.08584343720054728,0.9877232513421833,0.00699881694948154,-0.2249524907322687,0.28023538874657156,-0.13000972298363514,0.01145229137688585,0.08584343719039227,0.9877232513428428,0.00699881694948154,-0.2249524907322687,0.28023538874657156,-0.13000972298363514,0.01145229137688585,0.08584343719039227,0.9877232513428428,0.14289459867500995,-0.5114106861434556,0.7777399675562217,-0.07045882235020899,0.5252748074965435,-0.02379980516405522,0.14289459882483313,-0.511410686356986,0.7777399679850551,-0.07045882199605837,0.5252748077031975,-0.023799804806627363,0.14289459882483313,-0.511410686356986,0.7777399679850551,-0.07045882199605837,0.5252748077031975,-0.023799804806627363,-1.8105147444686943e-10,2.5004543701285586e-09,-4.8406199869908575e-09,-6.969277877066002e-10,-2.364767862583549e-09,-7.397925082294859e-10,-9.841479443800688e-09,-4.660572337957137e-09,7.85112251908745e-09,-2.102186085976493e-08,4.0508021141100824e-09,-2.091293054382069e-08,1.0,True,False,1,True,True,0.001501299993833527,1,1.2346941379384694e-10,1.0246002022868926e-11,`gtol` termination condition is satisfied.,True,True,0.010000000000001563,4.772395811869501e-10,1.0,5.0066727965078366e-11,2.0735577180055516e-11,7.643525453859359e-11,2.2052276392465376e-11
21.17000000000051,1786132521.3632782,0.00543160000233911,0.004394600007799454,0.01,TELEOP,0,,0.0,21.17000000000051,2117,0.08,0.0,0.0,0.0,0.0,0.17364817766693036,0.9848077530122081,0.08,0.0,0.0,0.0,0.0,0.17364817766693036,0.9848077530122081,0.006998816929891145,-0.22495249069560952,0.28023538868242587,-0.13000972298710123,0.011452291375236975,0.0858434372006431,0.9877232513415147,0.006998816929891145,-0.22495249069560952,0.28023538868242587,-0.13000972298710123,0.011452291375236975,0.0858434372006431,0.9877232513415147,0.006998816940044696,-0.22495249075682894,0.28023538878916754,-0.13000972298204433,0.011452291375702172,0.08584343720054728,0.9877232513421833,0.006998816949637294,-0.22495249073495643,0.28023538875125314,-0.13000972298342237,0.011452291376876882,0.08584343719060689,0.9877232513428523,0.006998816949637294,-0.22495249073495643,0.28023538875125314,-0.13000972298342237,0.011452291376876882,0.08584343719060689,0.9877232513428523,0.14289459867500995,-0.5114106861434556,0.7777399675562217,-0.07045882235020899,0.5252748074965435,-0.02379980516405522,0.14289459882213304,-0.5114106863325824,0.7777399679377047,-0.07045882200490625,0.5252748076800853,-0.023799804815890932,0.14289459882213304,-0.5114106863325824,0.7777399679377047,-0.07045882200490625,0.5252748076800853,-0.023799804815890932,-2.700077277143723e-10,2.440368183431366e-09,-4.73503596948055e-09,-8.847884064340424e-10,-2.311213538063773e-09,-9.26356922921633e-10,-8.8956253267489e-09,-6.008618669718304e-09,1.055840175102913e-08,-1.878606187274129e-08,5.3554324519767875e-09,-1.865644146921179e-08,1.0,True,False,1,True,True,0.0011412999883759767,1,1.2346941379384694e-10,1.0246002022868926e-11,`gtol` termination condition is satisfied.,True,True,0.010000000000001563,4.288334132240834e-10,1.0,4.4809882965136536e-11,2.025221032112506e-11,8.170241235530271e-11,2.1793396695358592e-11
21.18000000000051,1786132521.3677044,0.004598899991833605,0.004222000003210269,0.01,TELEOP,0,,0.0,21.18000000000051,2118,0.08,0.0,0.0,0.0,0.0,0.17364817766693036,0.9848077530122081,0.08,0.0,0.0,0.0,0.0,0.17364817766693036,0.9848077530122081,0.006998816929891145,-0.22495249069560952,0.28023538868242587,-0.13000972298710123,0.011452291375236975,0.0858434372006431,0.9877232513415147,0.006998816929891145,-0.22495249069560952,0.28023538868242587,-0.13000972298710123,0.011452291375236975,0.0858434372006431,0.9877232513415147,0.006998816940044696,-0.22495249075682894,0.28023538878916754,-0.13000972298204433,0.011452291375702172,0.08584343720054728,0.9877232513421833,0.006998816949713486,-0.22495249073757223,0.2802353887558079,-0.130009722983218,0.011452291376860473,0.08584343719087265,0.9877232513428562,0.006998816949713486,-0.22495249073757223,0.2802353887558079,-0.130009722983218,0.011452291376860473,0.08584343719087265,0.9877232513428562,0.14289459867500995,-0.5114106861434556,0.7777399675562217,-0.07045882235020899,0.5252748074965435,-0.02379980516405522,0.14289459881863628,-0.511410686308899,0.777739967891651,-0.07045882201541474,0.5252748076576246,-0.023799804826800344,0.14289459881863628,-0.511410686308899,0.777739967891651,-0.07045882201541474,0.5252748076576246,-0.023799804826800344,-3.496758972710652e-10,2.3683421641797827e-09,-4.605368435466619e-09,-1.0508496119610091e-09,-2.2460719497279784e-09,-1.0909412689738142e-09,-7.966816955668042e-09,-7.202601925157194e-09,1.2966753401391022e-08,-1.660612055269408e-08,6.514158833578419e-09,-1.6458434605215556e-08,1.0,True,False,1,True,True,0.0011070000036852434,1,1.2346941379384694e-10,1.0246002022868926e-11,`gtol` termination condition is satisfied.,True,True,0.010000000000001563,3.8148306735763526e-10,1.0,3.9713630140145165e-11,1.9674408476641845e-11,8.682577730176191e-11,2.14454191750791e-11
21.190000000000513,1786132521.3728213,0.004422099998919293,0.004917199999908917,0.01,TELEOP,0,,0.0,21.190000000000513,2119,0.08,0.0,0.0,0.0,0.0,0.17364817766693036,0.9848077530122081,0.08,0.0,0.0,0.0,0.0,0.17364817766693036,0.9848077530122081,0.006998816929891145,-0.22495249069560952,0.28023538868242587,-0.13000972298710123,0.011452291375236975,0.0858434372006431,0.9877232513415147,0.006998816929891145,-0.22495249069560952,0.28023538868242587,-0.13000972298710123,0.011452291375236975,0.0858434372006431,0.9877232513415147,0.006998816940044696,-0.22495249075682894,0.28023538878916754,-0.13000972298204433,0.011452291375702172,0.08584343720054728,0.9877232513421833,0.006998816949716172,-0.22495249074010373,0.28023538876021475,-0.13000972298302244,0.011452291376837393,0.08584343719118344,0.9877232513428552,0.006998816949716172,-0.22495249074010373,0.28023538876021475,-0.13000972298302244,0.011452291376837393,0.08584343719118344,0.9877232513428552,0.14289459867500995,-0.5114106861434556,0.7777399675562217,-0.07045882235020899,0.5252748074965435,-0.02379980516405522,0.1428945988144335,-0.5114106862860403,0.7777399678471058,-0.0704588220273725,0.5252748076359169,-0.023799804839142687,0.1428945988144335,-0.5114106862860403,0.7777399678471058,-0.0704588220273725,0.5252748076359169,-0.023799804839142687,-4.2027674822694934e-10,2.2858715155716586e-09,-4.454524781789965e-09,-1.195774816436788e-09,-2.1707611187767025e-09,-1.2342342721171648e-09,-7.060085095587311e-09,-8.247064860811104e-09,1.508436536766302e-08,-1.4492520447575621e-08,7.531083095126425e-09,-1.4329300314332812e-08,1.0,True,False,1,True,True,0.001199499994982034,1,1.2346941379384694e-10,1.0246002022868926e-11,`gtol` termination condition is satisfied.,True,True,0.010000000000001563,3.3725487680325017e-10,1.0,3.4807091823795746e-11,1.9013523107064774e-11,9.17816845504381e-11,2.102189805791531e-11
21.200000000000514,1786132521.3775182,0.00514790001034271,0.004465700010769069,0.01,TELEOP,0,,0.0,21.200000000000514,2120,0.08,0.0,0.0,0.0,0.0,0.17364817766693036,0.9848077530122081,0.08,0.0,0.0,0.0,0.0,0.17364817766693036,0.9848077530122081,0.006998816929891145,-0.22495249069560952,0.28023538868242587,-0.13000972298710123,0.011452291375236975,0.0858434372006431,0.9877232513415147,0.006998816929891145,-0.22495249069560952,0.28023538868242587,-0.13000972298710123,0.011452291375236975,0.0858434372006431,0.9877232513415147,0.006998816940044696,-0.22495249075682894,0.28023538878916754,-0.13000972298204433,0.011452291375702172,0.08584343720054728,0.9877232513421833,0.006998816949651463,-0.22495249074254037,0.2802353887644554,-0.13000972298283645,0.011452291376808353,0.08584343719153337,0.9877232513428497,0.006998816949651463,-0.22495249074254037,0.2802353887644554,-0.13000972298283645,0.011452291376808353,0.08584343719153337,0.9877232513428497,0.14289459867500995,-0.5114106861434556,0.7777399675562217,-0.07045882235020899,0.5252748074965435,-0.02379980516405522,0.14289459880961275,-0.5114106862640962,0.7777399678042526,-0.07045882204057569,0.5252748076150504,-0.02379980485271284,0.14289459880961275,-0.5114106862640962,0.7777399678042526,-0.07045882204057569,0.5252748076150504,-0.02379980485271284,-4.820755997869986e-10,2.1943993134302417e-09,-4.2853172267721755e-09,-1.3203189245456656e-09,-2.0866514433984598e-09,-1.3570151205361608e-09,-6.17988515600396e-09,-9.14722021414026e-09,1.6920755501776334e-08,-1.2454410810885805e-08,8.410967537822972e-09,-1.2278084841897669e-08,1.0,True,False,1,True,True,0.001159799998276867,1,1.2346941379384694e-10,1.0246002022868926e-11,`gtol` termination condition is satisfied.,True,True,0.010000000000001563,3.249125343773862e-10,1.0,3.011880053840293e-11,1.8280680923224132e-11,9.654958171416183e-11,2.0535525562121273e-11
21.210000000000516,1786132521.3820188,0.004698699995060451,0.0042677999881561846,0.01,TELEOP,0,,0.0,21.210000000000516,2121,0.08,0.0,0.0,0.0,0.0,0.17364817766693036,0.9848077530122081,0.08,0.0,0.0,0.0,0.0,0.17364817766693036,0.9848077530122081,0.006998816929891145,-0.22495249069560952,0.28023538868242587,-0.13000972298710123,0.011452291375236975,0.0858434372006431,0.9877232513415147,0.006998816929891145,-0.22495249069560952,0.28023538868242587,-0.13000972298710123,0.011452291375236975,0.0858434372006431,0.9877232513415147,0.006998816940044696,-0.22495249075682894,0.28023538878916754,-0.13000972298204433,0.011452291375702172,0.08584343720054728,0.9877232513421833,0.0069988169495254215,-0.22495249074487314,0.2802353887685143,-0.1300097229826603,0.011452291376774053,0.08584343719191671,0.9877232513428399,0.0069988169495254215,-0.22495249074487314,0.2802353887685143,-0.1300097229826603,0.011452291376774053,0.08584343719191671,0.9877232513428399,0.14289459867500995,-0.5114106861434556,0.7777399675562217,-0.07045882235020899,0.5252748074965435,-0.02379980516405522,0.14289459880425898,-0.5114106862431431,0.777739967763248,-0.07045882205482884,0.5252748075950998,-0.023799804867314242,0.14289459880425898,-0.5114106862431431,0.777739967763248,-0.07045882205482884,0.5252748075950998,-0.023799804867314242,-5.353768005876146e-10,2.095310904404132e-09,-4.100451158658228e-09,-1.425315476046525e-09,-1.9950602612978975e-09,-1.4601405149573313e-09,-5.330120080060764e-09,-9.908840902609429e-09,1.848660681139191e-08,-1.0499655150084283e-08,9.159118210054795e-09,-1.0312539442115431e-08,1.0,True,False,1,True,True,0.001106299998355098,1,1.2346941379384694e-10,1.0246002022868926e-11,`gtol` termination condition is satisfied.,True,True,0.010000000000001563,3.113423824308015e-10,1.0,2.567843966777652e-11,1.748671332478999e-11,1.0111193911933129e-10,1.999900945553807e-11
21.220000000000518,1786132521.3885298,0.0044679999991785735,0.006310800003120676,0.01,TELEOP,0,,0.0,21.220000000000518,2122,0.08,0.0,0.0,0.0,0.0,0.17364817766693036,0.9848077530122081,0.08,0.0,0.0,0.0,0.0,0.17364817766693036,0.9848077530122081,0.006998816929891145,-0.22495249069560952,0.28023538868242587,-0.13000972298710123,0.011452291375236975,0.0858434372006431,0.9877232513415147,0.006998816929891145,-0.22495249069560952,0.28023538868242587,-0.13000972298710123,0.011452291375236975,0.0858434372006431,0.9877232513415147,0.006998816940044696,-0.22495249075682894,0.28023538878916754,-0.13000972298204433,0.011452291375702172,0.08584343720054728,0.9877232513421833,0.006998816949344063,-0.22495249074709464,0.2802353887723783,-0.13000972298249458,0.011452291376735174,0.08584343719232805,0.9877232513428265,0.006998816949344063,-0.22495249074709464,0.2802353887723783,-0.13000972298249458,0.011452291376735174,0.08584343719232805,0.9877232513428265,0.14289459867500995,-0.5114106861434556,0.7777399675562217,-0.07045882235020899,0.5252748074965435,-0.02379980516405522,0.1428945987984538,-0.5114106862232438,0.7777399677242229,-0.07045882206994548,0.5252748075761273,-0.023799804882759564,0.1428945987984538,-0.5114106862232438,0.7777399677242229,-0.07045882206994548,0.5252748075761273,-0.023799804882759564,-5.805183367517206e-10,1.9899290793791914e-09,-3.902515226010513e-09,-1.5116642911636707e-09,-1.8972470966430675e-09,-1.5445322630241725e-09,-4.5141536164098895e-09,-1.053818250249241e-08,1.9793593264768435e-08,-8.634881511713216e-09,9.781316465481468e-09,-8.439174806682794e-09,1.0,True,False,1,True,True,0.001202899991767481,1,1.2346941379384694e-10,1.0246002022868926e-11,`gtol` termination condition is satisfied.,True,True,0.010000000000001563,2.9674097901111196e-10,1.0,2.152006560497269e-11,1.6642039515417294e-11,1.0545413338180876e-10,1.9424359147669202e-11
21.23000000000052,1786132521.3959773,0.006686299995635636,0.007071799991535954,0.01,TELEOP,0,,0.0,21.23000000000052,2123,0.08,0.0,0.0,0.0,0.0,0.17364817766693036,0.9848077530122081,0.08,0.0,0.0,0.0,0.0,0.17364817766693036,0.9848077530122081,0.006998816929891145,-0.22495249069560952,0.28023538868242587,-0.13000972298710123,0.011452291375236975,0.0858434372006431,0.9877232513415147,0.006998816929891145,-0.22495249069560952,0.28023538868242587,-0.13000972298710123,0.011452291375236975,0.0858434372006431,0.9877232513415147,0.006998816940044696,-0.22495249075682894,0.28023538878916754,-0.13000972298204433,0.011452291375702172,0.08584343720054728,0.9877232513421833,0.006998816949113241,-0.22495249074919857,0.28023538877603704,-0.13000972298233968,0.01145229137669235,0.08584343719276218,0.9877232513428096,0.006998816949113241,-0.22495249074919857,0.28023538877603704,-0.13000972298233968,0.01145229137669235,0.08584343719276218,0.9877232513428096,0.14289459867500995,-0.5114106861434556,0.7777399675562217,-0.07045882235020899,0.5252748074965435,-0.02379980516405522,0.14289459879227512,-0.5114106862044487,0.7777399676872832,-0.07045882208574868,0.5252748075581832,-0.023799804898871218,0.14289459879227512,-0.5114106862044487,0.7777399676872832,-0.07045882208574868,0.5252748075581832,-0.023799804898871218,-6.178666965255448e-10,1.8795101116990548e-09,-3.6939731790892087e-09,-1.5803197022101971e-09,-1.7944096885945303e-09,-1.6111654472905632e-09,-3.734835977381836e-09,-1.1041896768011929e-08,2.0854204692127163e-08,-6.865541104651569e-09,1.028374080485211e-08,-6.663318426638035e-09,1.0,True,False,1,True,True,0.0019644999993033707,1,1.2346941379384694e-10,1.0246002022868926e-11,`gtol` termination condition is satisfied.,True,True,0.010000000000001563,2.812956569064884e-10,1.0,1.7688158963040248e-11,1.5756621686079184e-11,1.0956426064988455e-10,1.8822968087246307e-11
21.24000000000052,1786132521.4007025,0.007296199997654185,0.004500499999267049,0.01,TELEOP,0,,0.0,21.24000000000052,2124,0.08,0.0,0.0,0.0,0.0,0.17364817766693036,0.9848077530122081,0.08,0.0,0.0,0.0,0.0,0.17364817766693036,0.9848077530122081,0.006998816929891145,-0.22495249069560952,0.28023538868242587,-0.13000972298710123,0.011452291375236975,0.0858434372006431,0.9877232513415147,0.006998816929891145,-0.22495249069560952,0.28023538868242587,-0.13000972298710123,0.011452291375236975,0.0858434372006431,0.9877232513415147,0.006998816940044696,-0.22495249075682894,0.28023538878916754,-0.13000972298204433,0.011452291375702172,0.08584343720054728,0.9877232513421833,0.006998816948838676,-0.22495249075118018,0.28023538877948195,-0.13000972298219546,0.011452291376646228,0.0858434371932142,0.9877232513427898,0.006998816948838676,-0.22495249075118018,0.28023538877948195,-0.13000972298219546,0.011452291376646228,0.0858434371932142,0.9877232513427898,0.14289459867500995,-0.5114106861434556,0.7777399675562217,-0.07045882235020899,0.5252748074965435,-0.02379980516405522,0.142894598785797,-0.5114106861867963,0.7777399676525116,-0.07045882210207147,0.5252748075413064,-0.02379980491548179,0.142894598785797,-0.5114106861867963,0.7777399676525116,-0.07045882210207147,0.5252748075413064,-0.02379980491548179,-6.478119508405804e-10,1.7652405881268583e-09,-3.477157007908194e-09,-1.6322793900526559e-09,-1.687680890482116e-09,-1.6610572178140057e-09,-2.9945254315030832e-09,-1.1426952357217855e-08,2.1681617118098104e-08,-5.195968784245055e-09,1.0672879811239755e-08,-4.989177052343465e-09,1.0,True,False,1,True,True,0.001146599999628961,1,1.2346941379384694e-10,1.0246002022868926e-11,`gtol` termination condition is satisfied.,True,True,0.010000000000001563,2.6518400322861346e-10,1.0,1.4249671045941222e-11,1.483992755575665e-11,1.1343275896472988e-10,1.8206211885819425e-11
21.250000000000522,1786132521.4058995,0.004790200007846579,0.004908299990347587,0.01,TELEOP,0,,0.0,21.250000000000522,2125,0.08,0.0,0.0,0.0,0.0,0.17364817766693036,0.9848077530122081,0.08,0.0,0.0,0.0,0.0,0.17364817766693036,0.9848077530122081,0.006998816929891145,-0.22495249069560952,0.28023538868242587,-0.13000972298710123,0.011452291375236975,0.0858434372006431,0.9877232513415147,0.006998816929891145,-0.22495249069560952,0.28023538868242587,-0.13000972298710123,0.011452291375236975,0.0858434372006431,0.9877232513415147,0.006998816940044696,-0.22495249075682894,0.28023538878916754,-0.13000972298204433,0.011452291375702172,0.08584343720054728,0.9877232513421833,0.006998816948525929,-0.22495249075303586,0.2802353887827071,-0.13000972298206231,0.011452291376597394,0.08584343719367951,0.9877232513427675,0.006998816948525929,-0.22495249075303586,0.2802353887827071,-0.13000972298206231,0.011452291376597394,0.08584343719367951,0.9877232513427675,0.14289459867500995,-0.5114106861434556,0.7777399675562217,-0.07045882235020899,0.5252748074965435,-0.02379980516405522,0.14289459877908936,-0.5114106861703139,0.777739967619969,-0.0704588221187572,0.5252748075255251,-0.02379980493243435,0.14289459877908936,-0.5114106861703139,0.777739967619969,-0.0704588221187572,0.5252748075255251,-0.02379980493243435,-6.707630703563673e-10,1.6482348893875963e-09,-3.2542619627995923e-09,-1.6685738328376967e-09,-1.5781261357789064e-09,-1.6952562223508348e-09,-2.295111951578329e-09,-1.170056987392438e-08,2.2289504510856672e-08,-3.6294442785035214e-09,1.0955475470319246e-08,-3.4199004536823656e-09,1.0,True,False,1,True,True,0.0011513999925227836,1,1.2346941379384694e-10,1.0246002022868926e-11,`gtol` termination condition is satisfied.,True,True,0.010000000000001563,2.4857343267070675e-10,1.0,1.1316186410605985e-11,1.3900972006563212e-11,1.1705282797143562e-10,1.7584368525964883e-11
21.260000000000524,1786132521.4108884,0.005209900002228096,0.0046867000055499375,0.01,TELEOP,0,,0.0,21.260000000000524,2126,0.08,0.0,0.0,0.0,0.0,0.17364817766693036,0.9848077530122081,0.08,0.0,0.0,0.0,0.0,0.17364817766693036,0.9848077530122081,0.006998816929891145,-0.22495249069560952,0.28023538868242587,-0.13000972298710123,0.011452291375236975,0.0858434372006431,0.9877232513415147,0.006998816929891145,-0.22495249069560952,0.28023538868242587,-0.13000972298710123,0.011452291375236975,0.0858434372006431,0.9877232513415147,0.006998816940044696,-0.22495249075682894,0.28023538878916754,-0.13000972298204433,0.011452291375702172,0.08584343720054728,0.9877232513421833,0.006998816948180331,-0.22495249075476326,0.2802353887857083,-0.13000972298194008,0.011452291376546412,0.0858434371941537,0.987723251342743,0.006998816948180331,-0.22495249075476326,0.2802353887857083,-0.13000972298194008,0.011452291376546412,0.0858434371941537,0.987723251342743,0.14289459867500995,-0.5114106861434556,0.7777399675562217,-0.07045882235020899,0.5252748074965435,-0.02379980516405522,0.1428945987722179,-0.5114106861550186,0.7777399675896955,-0.07045882213565977,0.5252748075108578,-0.023799804949582677,0.1428945987722179,-0.5114106861550186,0.7777399675896955,-0.07045882213565977,0.5252748075108578,-0.023799804949582677,-6.87143517101478e-10,1.5295335745546717e-09,-3.0273424525242016e-09,-1.6902564219697314e-09,-1.4667417320346208e-09,-1.7148326981187212e-09,-1.6380446745108125e-09,-1.1870131483290603e-08,2.2691951027535522e-08,-2.1682589132031262e-09,1.1138440374426826e-08,-1.957647576788327e-09,1.0,True,False,1,True,True,0.0011942999990424141,1,1.2346941379384694e-10,1.0246002022868926e-11,`gtol` termination condition is satisfied.,True,True,0.010000000000001563,2.3162087178785207e-10,1.0,9.07864963769291e-12,1.2948317067695184e-11,1.2041977004332275e-10,1.696739457824351e-11
21.270000000000525,1786132521.4154897,0.00490259999060072,0.004385499996715225,0.01,TELEOP,0,,0.0,21.270000000000525,2127,0.08,0.0,0.0,0.0,0.0,0.17364817766693036,0.9848077530122081,0.08,0.0,0.0,0.0,0.0,0.17364817766693036,0.9848077530122081,0.006998816929891145,-0.22495249069560952,0.28023538868242587,-0.13000972298710123,0.011452291375236975,0.0858434372006431,0.9877232513415147,0.006998816929891145,-0.22495249069560952,0.28023538868242587,-0.13000972298710123,0.011452291375236975,0.0858434372006431,0.9877232513415147,0.006998816940044696,-0.22495249075682894,0.28023538878916754,-0.13000972298204433,0.011452291375702172,0.08584343720054728,0.9877232513421833,0.006998816947807043,-0.22495249075636106,0.2802353887884835,-0.13000972298182878,0.011452291376493808,0.08584343719463278,0.9877232513427165,0.006998816947807043,-0.22495249075636106,0.2802353887884835,-0.13000972298182878,0.011452291376493808,0.08584343719463278,0.9877232513427165,0.14289459867500995,-0.5114106861434556,0.7777399675562217,-0.07045882235020899,0.5252748074965435,-0.02379980516405522,0.14289459876524405,-0.5114106861409176,0.7777399675617125,-0.07045882215264371,0.5252748074973133,-0.02379980496679137,0.14289459876524405,-0.5114106861409176,0.7777399675617125,-0.07045882215264371,0.5252748074973133,-0.02379980496679137,-6.973870878295221e-10,1.4101022855650074e-09,-2.798309671984832e-09,-1.698394237922129e-09,-1.3544536824753254e-09,-1.7208692398666665e-09,-1.0243570728042479e-09,-1.1943128898964556e-08,2.29032780539334e-08,-8.137815952396376e-10,1.122880495592777e-08,-6.036541747944379e-10,1.0,True,False,1,True,True,0.0011318999895593151,1,1.2346941379384694e-10,1.0246002022868926e-11,`gtol` termination condition is satisfied.,True,True,0.010000000000001563,2.1454922560781853e-10,1.0,7.806463447665505e-12,1.1989800614625329e-11,1.2353115141465865e-10,1.636416930898627e-11
21.280000000000527,1786132521.420601,0.0045959000126458704,0.0049008000059984624,0.01,TELEOP,0,,0.0,21.280000000000527,2128,0.08,0.0,0.0,0.0,0.0,0.17364817766693036,0.9848077530122081,0.08,0.0,0.0,0.0,0.0,0.17364817766693036,0.9848077530122081,0.006998816929891145,-0.22495249069560952,0.28023538868242587,-0.13000972298710123,0.011452291375236975,0.0858434372006431,0.9877232513415147,0.006998816929891145,-0.22495249069560952,0.28023538868242587,-0.13000972298710123,0.011452291375236975,0.0858434372006431,0.9877232513415147,0.006998816940044696,-0.22495249075682894,0.28023538878916754,-0.13000972298204433,0.011452291375702172,0.08584343720054728,0.9877232513421833,0.00699881694741096,-0.22495249075782894,0.2802353887910321,-0.13000972298172822,0.011452291376440103,0.08584343719511302,0.9877232513426887,0.00699881694741096,-0.22495249075782894,0.2802353887910321,-0.13000972298172822,0.011452291376440103,0.08584343719511302,0.9877232513426887,0.14289459867500995,-0.5114106861434556,0.7777399675562217,-0.07045882235020899,0.5252748074965435,-0.02379980516405522,0.14289459875822472,-0.5114106861280092,0.7777399675360231,-0.07045882216958431,0.5252748074848921,-0.023799804983935892,0.14289459875822472,-0.5114106861280092,0.7777399675360231,-0.07045882216958431,0.5252748074848921,-0.023799804983935892,-7.019340652127401e-10,1.2908312056174912e-09,-2.568930275717233e-09,-1.6940594983572866e-09,-1.242117068396095e-09,-1.7144522553550015e-09,-4.546977383217334e-10,-1.1927107994749755e-08,2.2937939626756332e-08,4.334739564841693e-10,1.1233661407921281e-08,6.416984511664025e-10,1.0,True,False,1,True,True,0.00121489999582991,1,1.2346941379384694e-10,1.0246002022868926e-11,`gtol` termination condition is satisfied.,True,True,0.010000000000001563,1.9756528357728342e-10,1.0,7.664101609994035e-12,1.1032881750042155e-11,1.26386371772866e-10,1.5783104002234378e-11
21.29000000000053,1786132521.4254353,0.005131499987328425,0.004603399996994995,0.01,TELEOP,0,,0.0,21.29000000000053,2129,0.08,0.0,0.0,0.0,0.0,0.17364817766693036,0.9848077530122081,0.08,0.0,0.0,0.0,0.0,0.17364817766693036,0.9848077530122081,0.006998816929891145,-0.22495249069560952,0.28023538868242587,-0.13000972298710123,0.011452291375236975,0.0858434372006431,0.9877232513415147,0.006998816929891145,-0.22495249069560952,0.28023538868242587,-0.13000972298710123,0.011452291375236975,0.0858434372006431,0.9877232513415147,0.006998816940044696,-0.22495249075682894,0.28023538878916754,-0.13000972298204433,0.011452291375702172,0.08584343720054728,0.9877232513421833,0.006998816946996719,-0.22495249075916757,0.2802353887933556,-0.13000972298163835,0.011452291376385744,0.08584343719559097,0.9877232513426596,0.006998816946996719,-0.22495249075916757,0.2802353887933556,-0.13000972298163835,0.011452291376385744,0.08584343719559097,0.9877232513426596,0.14289459867500995,-0.5114106861434556,0.7777399675562217,-0.07045882235020899,0.5252748074965435,-0.02379980516405522,0.14289459875121244,-0.5114106861162838,0.7777399675126149,-0.07045882218636752,0.5252748074735869,-0.023799805000902532,0.14289459875121244,-0.5114106861162838,0.7777399675126149,-0.07045882218636752,0.5252748074735869,-0.023799805000902532,-7.012275933959382e-10,1.1725352565942738e-09,-2.340826010010476e-09,-1.6783216803539492e-09,-1.1305160227126991e-09,-1.6966641015573212e-09,7.064718168017547e-11,-1.1829594902319882e-08,2.2810426570672107e-08,1.573781800333491e-09,1.116010456833785e-08,1.7788153797677572e-09,1.0,True,False,1,True,True,0.0011917000083485618,1,1.2346941379384694e-10,1.0246002022868926e-11,`gtol` termination condition is satisfied.,True,True,0.010000000000001563,1.8062468187807212e-10,1.0,8.446269586228235e-12,1.0084446379825196e-11,1.2898692421256088e-10,1.5231202050233533e-11
21.30000000000053,1786132521.4305184,0.00481900000886526,0.00486780000210274,0.01,TELEOP,0,,0.0,21.30000000000053,2130,0.08,0.0,0.0,0.0,0.0,0.17364817766693036,0.9848077530122081,0.08,0.0,0.0,0.0,0.0,0.17364817766693036,0.9848077530122081,0.006998816929891145,-0.22495249069560952,0.28023538868242587,-0.13000972298710123,0.011452291375236975,0.0858434372006431,0.9877232513415147,0.006998816929891145,-0.22495249069560952,0.28023538868242587,-0.13000972298710123,0.011452291375236975,0.0858434372006431,0.9877232513415147,0.006998816940044696,-0.22495249075682894,0.28023538878916754,-0.13000972298204433,0.011452291375702172,0.08584343720054728,0.9877232513421833,0.006998816946568728,-0.22495249076037838,0.280235388795456,-0.1300097229815587,0.011452291376331167,0.08584343719606352,0.9877232513426296,0.006998816946568728,-0.22495249076037838,0.280235388795456,-0.1300097229815587,0.011452291376331167,0.08584343719606352,0.9877232513426296,0.14289459867500995,-0.5114106861434556,0.7777399675562217,-0.07045882235020899,0.5252748074965435,-0.02379980516405522,0.14289459874425534,-0.5114106861057243,0.7777399674914601,-0.07045882220288993,0.5252748074633833,-0.023799805017588292,0.14289459874425534,-0.5114106861057243,0.7777399674914601,-0.07045882220288993,0.5252748074633833,-0.023799805017588292,-6.957103555875948e-10,1.0559546655243989e-09,-2.1154746863639328e-09,-1.6522403376649975e-09,-1.0203642454090635e-09,-1.6685759050909836e-09,5.517237808342529e-10,-1.1658059106985684e-08,2.2535132364650816e-08,2.6081342688947676e-09,1.1015177730361845e-08,2.808819646633319e-09,1.0,True,False,1,True,True,0.001168400005553849,1,1.2346941379384694e-10,1.0246002022868926e-11,`gtol` termination condition is satisfied.,True,True,0.010000000000001563,1.6384146817038925e-10,1.0,9.731718766376968e-12,9.150903214733864e-12,1.3133529355041815e-10,1.4714964391087368e-11
21.31000000000053,1786132521.4370396,0.005142299996805377,0.0062464999937219545,0.01,TELEOP,0,,0.0,21.31000000000053,2131,0.08,0.0,0.0,0.0,0.0,0.17364817766693036,0.9848077530122081,0.08,0.0,0.0,0.0,0.0,0.17364817766693036,0.9848077530122081,0.006998816929891145,-0.22495249069560952,0.28023538868242587,-0.13000972298710123,0.011452291375236975,0.0858434372006431,0.9877232513415147,0.006998816929891145,-0.22495249069560952,0.28023538868242587,-0.13000972298710123,0.011452291375236975,0.0858434372006431,0.9877232513415147,0.006998816940044696,-0.22495249075682894,0.28023538878916754,-0.13000972298204433,0.011452291375702172,0.08584343720054728,0.9877232513421833,0.0069988169461310985,-0.22495249076146362,0.2802353887973379,-0.13000972298148902,0.01145229137627676,0.08584343719652783,0.9877232513425991,0.0069988169461310985,-0.22495249076146362,0.2802353887973379,-0.13000972298148902,0.01145229137627676,0.08584343719652783,0.9877232513425991,0.14289459867500995,-0.5114106861434556,0.7777399675562217,-0.07045882235020899,0.5252748074965435,-0.02379980516405522,0.14289459873739713,-0.5114106860963067,0.7777399674725181,-0.07045882221905851,0.5252748074542603,-0.023799805033900702,0.14289459873739713,-0.5114106860963067,0.7777399674725181,-0.07045882221905851,0.5252748074542603,-0.023799805033900702,-6.858215670677855e-10,9.41756100632698e-10,-1.8942118448110464e-09,-1.616858545449144e-09,-9.123059386237034e-10,-1.6312410580438883e-09,9.88878851980772e-10,-1.1419856489168311e-08,2.2126284155285177e-08,3.538179221584796e-09,1.0805830678534324e-08,3.733484704708939e-09,1.0,True,False,1,True,True,0.0018127999937860295,1,1.2346941379384694e-10,1.0246002022868926e-11,`gtol` termination condition is satisfied.,True,True,0.010000000000001563,1.4731905972897863e-10,1.0,1.119282080427e-11,8.23829244032203e-12,1.3343639652900552e-10,1.4239279513041244e-11
21.320000000000533,1786132521.4420974,0.006478600000264123,0.004825600000913255,0.01,TELEOP,0,,0.0,21.320000000000533,2132,0.08,0.0,0.0,0.0,0.0,0.17364817766693036,0.9848077530122081,0.08,0.0,0.0,0.0,0.0,0.17364817766693036,0.9848077530122081,0.006998816929891145,-0.22495249069560952,0.28023538868242587,-0.13000972298710123,0.011452291375236975,0.0858434372006431,0.9877232513415147,0.006998816929891145,-0.22495249069560952,0.28023538868242587,-0.13000972298710123,0.011452291375236975,0.0858434372006431,0.9877232513415147,0.006998816940044696,-0.22495249075682894,0.28023538878916754,-0.13000972298204433,0.011452291375702172,0.08584343720054728,0.9877232513421833,0.0069988169456876685,-0.22495249076242627,0.2802353887990063,-0.13000972298142907,0.0114522913762229,0.08584343719698136,0.9877232513425682,0.0069988169456876685,-0.22495249076242627,0.2802353887990063,-0.13000972298142907,0.0114522913762229,0.08584343719698136,0.9877232513425682,0.14289459867500995,-0.5114106861434556,0.7777399675562217,-0.07045882235020899,0.5252748074965435,-0.02379980516405522,0.1428945987306772,-0.5114106860880013,0.7777399674557357,-0.07045882223479048,0.525274807446191,-0.023799805049757594,0.1428945987306772,-0.5114106860880013,0.7777399674557357,-0.07045882223479048,0.525274807446191,-0.023799805049757594,-6.71994199504076e-10,8.305340982120521e-10,-1.6782333580162887e-09,-1.5731970551099835e-09,-8.06917049306393e-10,-1.5856893859199506e-09,1.3827367563707368e-09,-1.112220024206284e-08,2.1597848679472384e-08,4.366149033915362e-09,1.05388889317294e-08,4.5551672123930594e-09,1.0,True,False,1,True,True,0.001271799992537126,1,1.2346941379384694e-10,1.0246002022868926e-11,`gtol` termination condition is satisfied.,True,True,0.010000000000001563,1.3115047936551605e-10,1.0,1.2648084475408682e-11,7.352182440111486e-12,1.3529597277074158e-10,1.3807784729076983e-11
21.330000000000535,1786132521.4467483,0.0050463999941712245,0.004430200002389029,0.01,TELEOP,0,,0.0,21.330000000000535,2133,0.08,0.0,0.0,0.0,0.0,0.17364817766693036,0.9848077530122081,0.08,0.0,0.0,0.0,0.0,0.17364817766693036,0.9848077530122081,0.006998816929891145,-0.22495249069560952,0.28023538868242587,-0.13000972298710123,0.011452291375236975,0.0858434372006431,0.9877232513415147,0.006998816929891145,-0.22495249069560952,0.28023538868242587,-0.13000972298710123,0.011452291375236975,0.0858434372006431,0.9877232513415147,0.006998816940044696,-0.22495249075682894,0.28023538878916754,-0.13000972298204433,0.011452291375702172,0.08584343720054728,0.9877232513421833,0.006998816945242015,-0.22495249076326992,0.2802353888004672,-0.13000972298137844,0.011452291376169915,0.08584343719742187,0.9877232513425371,0.006998816945242015,-0.22495249076326992,0.2802353888004672,-0.13000972298137844,0.011452291376169915,0.08584343719742187,0.9877232513425371,0.14289459867500995,-0.5114106861434556,0.7777399675562217,-0.07045882235020899,0.5252748074965435,-0.02379980516405522,0.14289459872413068,-0.5114106860807732,0.7777399674410497,-0.07045882225001297,0.525274807439144,-0.023799805065086815,0.14289459872413068,-0.5114106860807732,0.7777399674410497,-0.07045882225001297,0.525274807439144,-0.023799805065086815,-6.546524943985393e-10,7.228129873801997e-10,-1.4685986664510684e-09,-1.522249042242668e-09,-7.047069480118602e-10,-1.5329219557867615e-09,1.7341705105534027e-09,-1.0772111083183562e-08,2.0963469156518763e-08,5.094801286730757e-09,1.022101012945168e-08,5.27674301331809e-09,1.0,True,False,1,True,True,0.0011488000018289313,1,1.2346941379384694e-10,1.0246002022868926e-11,`gtol` termination condition is satisfied.,True,True,0.010000000000001563,1.1541850808427512e-10,1.0,1.4006472475265582e-11,6.497872139361998e-12,1.3692092967596436e-10,1.3422708269929733e-11
21.340000000000536,1786132521.4525118,0.004643100008252077,0.005550600006245077,0.01,TELEOP,0,,0.0,21.340000000000536,2134,0.08,0.0,0.0,0.0,0.0,0.17364817766693036,0.9848077530122081,0.08,0.0,0.0,0.0,0.0,0.17364817766693036,0.9848077530122081,0.006998816929891145,-0.22495249069560952,0.28023538868242587,-0.13000972298710123,0.011452291375236975,0.0858434372006431,0.9877232513415147,0.006998816929891145,-0.22495249069560952,0.28023538868242587,-0.13000972298710123,0.011452291375236975,0.0858434372006431,0.9877232513415147,0.006998816940044696,-0.22495249075682894,0.28023538878916754,-0.13000972298204433,0.011452291375702172,0.08584343720054728,0.9877232513421833,0.006998816944797381,-0.22495249076399837,0.280235388801728,-0.1300097229813366,0.011452291376118095,0.08584343719784733,0.9877232513425063,0.006998816944797381,-0.22495249076399837,0.280235388801728,-0.1300097229813366,0.011452291376118095,0.08584343719784733,0.9877232513425063,0.14289459867500995,-0.5114106861434556,0.7777399675562217,-0.07045882235020899,0.5252748074965435,-0.02379980516405522,0.1428945987177886,-0.5114106860745827,0.7777399674283874,-0.07045882226466273,0.5252748074330829,-0.02379980507982588,0.1428945987177886,-0.5114106860745827,0.7777399674283874,-0.07045882226466273,0.5252748074330829,-0.02379980507982588,-6.342097415716377e-10,6.190491170330702e-10,-1.2662349004539635e-09,-1.4649755235481552e-09,-6.061205845845768e-10,-1.4739065194620153e-09,2.044275282689838e-09,-1.0376387034711325e-08,2.0236376599707315e-08,5.727351869450382e-09,9.858636342726806e-09,5.901543632473696e-09,1.0,True,False,1,True,True,0.00148460001219064,1,1.2346941379384694e-10,1.0246002022868926e-11,`gtol` termination condition is satisfied.,True,True,0.010000000000001563,1.151719830616571e-10,1.0,1.522345989548718e-11,5.6808171349142265e-12,1.3831929518981844e-10,1.308540808744386e-11
21.350000000000538,1786132521.4577544,0.00578720000339672,0.005006400009733625,0.01,TELEOP,0,,0.0,21.350000000000538,2135,0.08,0.0,0.0,0.0,0.0,0.17364817766693036,0.9848077530122081,0.08,0.0,0.0,0.0,0.0,0.17364817766693036,0.9848077530122081,0.006998816929891145,-0.22495249069560952,0.28023538868242587,-0.13000972298710123,0.011452291375236975,0.0858434372006431,0.9877232513415147,0.006998816929891145,-0.22495249069560952,0.28023538868242587,-0.13000972298710123,0.011452291375236975,0.0858434372006431,0.9877232513415147,0.006998816940044696,-0.22495249075682894,0.28023538878916754,-0.13000972298204433,0.011452291375702172,0.08584343720054728,0.9877232513421833,0.0069988169443568025,-0.22495249076461638,0.28023538880279647,-0.13000972298130314,0.01145229137606772,0.08584343719825611,0.9877232513424757,0.0069988169443568025,-0.22495249076461638,0.28023538880279647,-0.13000972298130314,0.01145229137606772,0.08584343719825611,0.9877232513424757,0.14289459867500995,-0.5114106861434556,0.7777399675562217,-0.07045882235020899,0.5252748074965435,-0.02379980516405522,0.14289459871167792,-0.5114106860693864,0.7777399674176679,-0.07045882227868575,0.5252748074279675,-0.023799805093921614,0.14289459871167792,-0.5114106860693864,0.7777399674176679,-0.07045882227868575,0.5252748074279675,-0.023799805093921614,-6.110663198712692e-10,5.196332827127804e-10,-1.0719415068729697e-09,-1.402301358055676e-09,-5.115406184007908e-10,-1.4095735749588796e-09,2.31434217003649e-09,-9.941583432027428e-09,1.942933935809636e-08,6.267416549246937e-09,9.457996618377123e-09,6.433294450312556e-09,1.0,True,False,1,True,True,0.001320700001087971,1,1.2346941379384694e-10,1.0246002022868926e-11,`gtol` termination condition is satisfied.,True,True,0.010000000000001563,1.2783429870211194e-10,1.0,1.627839702240492e-11,4.906299505298496e-12,1.3950011941943566e-10,1.2795183584905248e-11
21.36000000000054,1786132521.4627297,0.005288599990308285,0.0046928999945521355,0.01,TELEOP,0,,0.0,21.36000000000054,2136,0.08,0.0,0.0,0.0,0.0,0.17364817766693036,0.9848077530122081,0.08,0.0,0.0,0.0,0.0,0.17364817766693036,0.9848077530122081,0.006998816929891145,-0.22495249069560952,0.28023538868242587,-0.13000972298710123,0.011452291375236975,0.0858434372006431,0.9877232513415147,0.006998816929891145,-0.22495249069560952,0.28023538868242587,-0.13000972298710123,0.011452291375236975,0.0858434372006431,0.9877232513415147,0.006998816940044696,-0.22495249075682894,0.28023538878916754,-0.13000972298204433,0.011452291375702172,0.08584343720054728,0.9877232513421833,0.006998816943923011,-0.2249524907651289,0.28023538880368126,-0.13000972298127775,0.011452291376018983,0.08584343719864675,0.9877232513424458,0.006998816943923011,-0.2249524907651289,0.28023538880368126,-0.13000972298127775,0.011452291376018983,0.08584343719864675,0.9877232513424458,0.14289459867500995,-0.5114106861434556,0.7777399675562217,-0.07045882235020899,0.5252748074965435,-0.02379980516405522,0.14289459870582183,-0.5114106860651375,0.777739967408804,-0.07045882229203686,0.5252748074237547,-0.023799805107329743,0.14289459870582183,-0.5114106860651375,0.777739967408804,-0.07045882229203686,0.5252748074237547,-0.023799805107329743,-5.85607997529586e-10,4.248935680271991e-10,-8.863951840436149e-10,-1.3351118321478312e-09,-4.212899878809596e-10,-1.3408130043060816e-09,2.545832234167923e-09,-9.473971468556648e-09,1.8554632282932577e-08,6.718952590783447e-09,9.02506305198171e-09,6.876057065278733e-09,1.0,True,False,1,True,True,0.0012045000039506704,1,1.2346941379384694e-10,1.0246002022868926e-11,`gtol` termination condition is satisfied.,True,True,0.010000000000001563,1.3855372404947275e-10,1.0,1.716330462904198e-11,4.180387087456391e-12,1.4047316329070718e-10,1.2550210610574057e-11
21.37000000000054,1786132521.4678977,0.004913199998554774,0.00494780000008177,0.01,TELEOP,0,,0.0,21.37000000000054,2137,0.08,0.0,0.0,0.0,0.0,0.17364817766693036,0.9848077530122081,0.08,0.0,0.0,0.0,0.0,0.17364817766693036,0.9848077530122081,0.006998816929891145,-0.22495249069560952,0.28023538868242587,-0.13000972298710123,0.011452291375236975,0.0858434372006431,0.9877232513415147,0.006998816929891145,-0.22495249069560952,0.28023538868242587,-0.13000972298710123,0.011452291375236975,0.0858434372006431,0.9877232513415147,0.006998816940044696,-0.22495249075682894,0.28023538878916754,-0.13000972298204433,0.011452291375702172,0.08584343720054728,0.9877232513421833,0.006998816943498402,-0.2249524907655409,0.28023538880439147,-0.13000972298125957,0.011452291375972128,0.08584343719901805,0.9877232513424165,0.006998816943498402,-0.2249524907655409,0.28023538880439147,-0.13000972298125957,0.011452291375972128,0.08584343719901805,0.9877232513424165,0.14289459867500995,-0.5114106861434556,0.7777399675562217,-0.07045882235020899,0.5252748074965435,-0.02379980516405522,0.1428945987002398,-0.5114106860617865,0.7777399674017025,-0.07045882230467936,0.5252748074203983,-0.023799805120014457,0.1428945987002398,-0.5114106860617865,0.7777399674017025,-0.07045882230467936,0.5252748074203983,-0.023799805120014457,-5.582044705302717e-10,3.350981805810122e-10,-7.101555620012184e-10,-1.2642498279248614e-09,-3.356346513702521e-10,-1.2684712806702324e-09,2.740352699931002e-09,-8.979538744617287e-09,1.7623962204236903e-08,7.086200422295857e-09,8.565533651069412e-09,7.234172363583784e-09,1.0,True,False,1,True,True,0.0012396999954944476,1,1.2346941379384694e-10,1.0246002022868926e-11,`gtol` termination condition is satisfied.,True,True,0.010000000000001563,1.4741763365577754e-10,1.0,1.7877213067775122e-11,3.5109374752582344e-12,1.412485963035116e-10,1.2348174957111245e-11
21.380000000000543,1786132521.4738314,0.005184599998756312,0.005697100001270883,0.01,TELEOP,0,,0.0,21.380000000000543,2138,0.08,0.0,0.0,0.0,0.0,0.17364817766693036,0.9848077530122081,0.08,0.0,0.0,0.0,0.0,0.17364817766693036,0.9848077530122081,0.006998816929891145,-0.22495249069560952,0.28023538868242587,-0.13000972298710123,0.011452291375236975,0.0858434372006431,0.9877232513415147,0.006998816929891145,-0.22495249069560952,0.28023538868242587,-0.13000972298710123,0.011452291375236975,0.0858434372006431,0.9877232513415147,0.006998816940044696,-0.22495249075682894,0.28023538878916754,-0.13000972298204433,0.011452291375702172,0.08584343720054728,0.9877232513421833,0.006998816943085236,-0.22495249076585822,0.28023538880493687,-0.13000972298124863,0.011452291375927265,0.085843437199369,0.9877232513423878,0.006998816943085236,-0.22495249076585822,0.28023538880493687,-0.13000972298124863,0.011452291375927265,0.085843437199369,0.9877232513423878,0.14289459867500995,-0.5114106861434556,0.7777399675562217,-0.07045882235020899,0.5252748074965435,-0.02379980516405522,0.14289459869494772,-0.511410686059282,0.7777399673962657,-0.07045882231658449,0.5252748074178505,-0.02379980513194795,0.14289459869494772,-0.511410686059282,0.7777399673962657,-0.07045882231658449,0.5252748074178505,-0.02379980513194795,-5.292081577014823e-10,2.50458668369768e-10,-5.436709490338739e-10,-1.1905134781097323e-09,-2.547864851064485e-10,-1.1933492045665531e-09,2.8996312828784936e-09,-8.463951221123099e-09,1.6648461296731844e-08,7.373634981511753e-09,8.084816626379093e-09,7.512207610366752e-09,1.0,True,False,1,True,True,0.0012530999956652522,1,1.2346941379384694e-10,1.0246002022868926e-11,`gtol` termination condition is satisfied.,True,True,0.010000000000001563,1.5451917523279235e-10,1.0,1.842401993168115e-11,2.9078828722993595e-12,1.4183761404945155e-10,1.21844191012507e-11
21.390000000000544,1786132521.478661,0.005926900004851632,0.004599499996402301,0.01,TELEOP,0,,0.0,21.390000000000544,2139,0.08,0.0,0.0,0.0,0.0,0.17364817766693036,0.9848077530122081,0.08,0.0,0.0,0.0,0.0,0.17364817766693036,0.9848077530122081,0.006998816929891145,-0.22495249069560952,0.28023538868242587,-0.13000972298710123,0.011452291375236975,0.0858434372006431,0.9877232513415147,0.006998816929891145,-0.22495249069560952,0.28023538868242587,-0.13000972298710123,0.011452291375236975,0.0858434372006431,0.9877232513415147,0.006998816940044696,-0.22495249075682894,0.28023538878916754,-0.13000972298204433,0.011452291375702172,0.08584343720054728,0.9877232513421833,0.006998816942685365,-0.2249524907660863,0.2802353888053273,-0.13000972298124405,0.011452291375884606,0.08584343719969888,0.9877232513423603,0.006998816942685365,-0.2249524907660863,0.2802353888053273,-0.13000972298124405,0.011452291375884606,0.08584343719969888,0.9877232513423603,0.14289459867500995,-0.5114106861434556,0.7777399675562217,-0.07045882235020899,0.5252748074965435,-0.02379980516405522,0.14289459868995819,-0.5114106860575707,0.7777399673923929,-0.07045882232773103,0.5252748074160615,-0.02379980514310995,0.14289459868995819,-0.5114106860575707,0.7777399673923929,-0.07045882232773103,0.5252748074160615,-0.02379980514310995,-4.989531540418243e-10,1.7113317653637005e-10,-3.8728452454187256e-10,-1.114654372959841e-09,-1.7890632518462082e-10,-1.1162001539793572e-09,3.0255003659653258e-09,-7.932549183338557e-09,1.5638642449197686e-08,7.585910514987946e-09,7.588015992181581e-09,7.714905058718375e-09,1.0,True,False,1,True,True,0.001175500001409091,1,1.2346941379384694e-10,1.0246002022868926e-11,`gtol` termination condition is satisfied.,True,True,0.010000000000001563,1.5995593738438174e-10,1.0,1.880981883132607e-11,2.3873258283340497e-12,1.4225128136870962e-10,1.2055283188446067e-11
21.400000000000546,1786132521.486745,0.0048248999955831096,0.007859000004827976,0.01,TELEOP,0,,0.0,21.400000000000546,2140,0.08,0.0,0.0,0.0,0.0,0.17364817766693036,0.9848077530122081,0.08,0.0,0.0,0.0,0.0,0.17364817766693036,0.9848077530122081,0.006998816929891145,-0.22495249069560952,0.28023538868242587,-0.13000972298710123,0.011452291375236975,0.0858434372006431,0.9877232513415147,0.006998816929891145,-0.22495249069560952,0.28023538868242587,-0.13000972298710123,0.011452291375236975,0.0858434372006431,0.9877232513415147,0.006998816940044696,-0.22495249075682894,0.28023538878916754,-0.13000972298204433,0.011452291375702172,0.08584343720054728,0.9877232513421833,0.006998816942300482,-0.22495249076623114,0.28023538880557297,-0.13000972298124527,0.011452291375844227,0.08584343720000719,0.9877232513423339,0.006998816942300482,-0.22495249076623114,0.28023538880557297,-0.13000972298124527,0.011452291375844227,0.08584343720000719,0.9877232513423339,0.14289459867500995,-0.5114106861434556,0.7777399675562217,-0.07045882235020899,0.5252748074965435,-0.02379980516405522,0.14289459868528065,-0.5114106860565983,0.7777399673899805,-0.07045882233810478,0.5252748074149804,-0.02379980515348724,0.14289459868528065,-0.5114106860565983,0.7777399673899805,-0.07045882233810478,0.5252748074149804,-0.02379980515348724,-4.677544447415163e-10,9.722974112648025e-11,-2.4124086391253973e-10,-1.0373762057233278e-09,-1.0810714151886222e-10,-1.0377288007478026e-09,3.119870930030312e-09,-7.390343540987824e-09,1.4604366062931e-08,7.727816723650096e-09,7.079918366574752e-09,7.847135323154232e-09,1.0,True,False,1,True,True,0.00198459999228362,1,1.2346941379384694e-10,1.0246002022868926e-11,`gtol` termination condition is satisfied.,True,True,0.010000000000001563,1.6382872836118167e-10,1.0,1.9042798524207014e-11,1.9728727250032673e-12,1.425012770156984e-10,1.1955932042477888e-11
21.410000000000547,1786132521.49294,0.008299700013594702,0.005753399993409403,0.01,TELEOP,0,,0.0,21.410000000000547,2141,0.08,0.0,0.0,0.0,0.0,0.17364817766693036,0.9848077530122081,0.08,0.0,0.0,0.0,0.0,0.17364817766693036,0.9848077530122081,0.006998816929891145,-0.22495249069560952,0.28023538868242587,-0.13000972298710123,0.011452291375236975,0.0858434372006431,0.9877232513415147,0.006998816929891145,-0.22495249069560952,0.28023538868242587,-0.13000972298710123,0.011452291375236975,0.0858434372006431,0.9877232513415147,0.006998816940044696,-0.22495249075682894,0.28023538878916754,-0.13000972298204433,0.011452291375702172,0.08584343720054728,0.9877232513421833,0.006998816941932003,-0.22495249076629864,0.28023538880568416,-0.13000972298125196,0.01145229137580623,0.08584343720029351,0.9877232513423084,0.006998816941932003,-0.22495249076629864,0.28023538880568416,-0.13000972298125196,0.01145229137580623,0.08584343720029351,0.9877232513423084,0.14289459867500995,-0.5114106861434556,0.7777399675562217,-0.07045882235020899,0.5252748074965435,-0.02379980516405522,0.14289459868092158,-0.5114106860563102,0.7777399673889236,-0.07045882234769812,0.5252748074145559,-0.023799805163073142,0.14289459868092158,-0.5114106860563102,0.7777399673889236,-0.07045882234769812,0.5252748074145559,-0.023799805163073142,-4.359073388994287e-10,2.8809693858410803e-11,-1.056922280507863e-10,-9.59333887556077e-10,-4.245717860366938e-11,-9.585902760455157e-10,3.184710584208265e-09,-6.8420047268058755e-09,1.3554863586173225e-08,7.80423181672386e-09,6.564996291518258e-09,7.913852470227447e-09,1.0,True,False,1,True,True,0.0013842999906046316,1,1.2346941379384694e-10,1.0246002022868926e-11,`gtol` termination condition is satisfied.,True,True,0.010000000000001563,1.6624113197138968e-10,1.0,1.9132066765556998e-11,1.695518800647986e-12,1.4259923133966552e-10,1.1881069338784359e-11
21.42000000000055,1786132521.4997644,0.00599309999961406,0.0065851999970618635,0.01,TELEOP,0,,0.0,21.42000000000055,2142,0.08,0.0,0.0,0.0,0.0,0.17364817766693036,0.9848077530122081,0.08,0.0,0.0,0.0,0.0,0.17364817766693036,0.9848077530122081,0.006998816929891145,-0.22495249069560952,0.28023538868242587,-0.13000972298710123,0.011452291375236975,0.0858434372006431,0.9877232513415147,0.006998816929891145,-0.22495249069560952,0.28023538868242587,-0.13000972298710123,0.011452291375236975,0.0858434372006431,0.9877232513415147,0.006998816940044696,-0.22495249075682894,0.28023538878916754,-0.13000972298204433,0.011452291375702172,0.08584343720054728,0.9877232513421833,0.0069988169415811236,-0.2249524907662947,0.28023538880567145,-0.13000972298126368,0.011452291375770671,0.08584343720055776,0.9877232513422843,0.0069988169415811236,-0.2249524907662947,0.28023538880567145,-0.13000972298126368,0.011452291375770671,0.08584343720055776,0.9877232513422843,0.14289459867500995,-0.5114106861434556,0.7777399675562217,-0.07045882235020899,0.5252748074965435,-0.02379980516405522,0.1428945986768847,-0.5114106860566513,0.7777399673891165,-0.07045882235650945,0.5252748074147361,-0.023799805171867038,0.1428945986768847,-0.5114106860566513,0.7777399673891165,-0.07045882235650945,0.5252748074147361,-0.023799805171867038,-4.0368702752919154e-10,-3.410875424488132e-11,1.9294668933210457e-11,-8.811330542282699e-10,1.8016779960684825e-11,-8.793897523482761e-10,3.2220311370232123e-09,-6.291844810328229e-09,1.2498689698397722e-08,7.8200833327795e-09,6.047395856434475e-09,7.920052369722719e-09,1.0,True,False,1,True,True,0.0017617999983485788,1,1.2346941379384694e-10,1.0246002022868926e-11,`gtol` termination condition is satisfied.,True,True,0.010000000000001563,1.6729806429083283e-10,1.0,1.908769953181767e-11,1.580419327326586e-12,1.4255708806454164e-10,1.1825645583447799e-11
21.43000000000055,1786132521.505173,0.00682129999040626,0.005172599994693883,0.01,TELEOP,0,,0.0,21.43000000000055,2143,0.08,0.0,0.0,0.0,0.0,0.17364817766693036,0.9848077530122081,0.08,0.0,0.0,0.0,0.0,0.17364817766693036,0.9848077530122081,0.006998816929891145,-0.22495249069560952,0.28023538868242587,-0.13000972298710123,0.011452291375236975,0.0858434372006431,0.9877232513415147,0.006998816929891145,-0.22495249069560952,0.28023538868242587,-0.13000972298710123,0.011452291375236975,0.0858434372006431,0.9877232513415147,0.006998816940044696,-0.22495249075682894,0.28023538878916754,-0.13000972298204433,0.011452291375702172,0.08584343720054728,0.9877232513421833,0.006998816941248813,-0.22495249076622542,0.2802353888055452,-0.13000972298127975,0.011452291375737613,0.08584343720079989,0.9877232513422616,0.006998816941248813,-0.22495249076622542,0.2802353888055452,-0.13000972298127975,0.011452291375737613,0.08584343720079989,0.9877232513422616,0.14289459867500995,-0.5114106861434556,0.7777399675562217,-0.07045882235020899,0.5252748074965435,-0.02379980516405522,0.14289459867317122,-0.5114106860575668,0.7777399673904539,-0.07045882236454275,0.5252748074154694,-0.023799805179873863,0.14289459867317122,-0.5114106860575668,0.7777399673904539,-0.07045882236454275,0.5252748074154694,-0.023799805179873863,-3.713483518704744e-10,-9.15471507609782e-11,1.337319934173726e-10,-8.033299801581265e-10,7.33261105912749e-11,-8.006823999544078e-10,3.2338675658712035e-09,-5.743839651608791e-09,1.1443732448414427e-08,7.780307407013118e-09,5.530933063058143e-09,7.870735239385607e-09,1.0,True,False,1,True,True,0.0011876000062329695,1,1.2346941379384694e-10,1.0246002022868926e-11,`gtol` termination condition is satisfied.,True,True,0.010000000000001563,1.6710510752915297e-10,1.0,1.892015075244144e-11,1.6196283731563068e-12,1.4238671325064978e-10,1.1785165975106731e-11
21.440000000000552,1786132521.5101123,0.005426100004115142,0.0046854999964125454,0.01,TELEOP,0,,0.0,21.440000000000552,2144,0.08,0.0,0.0,0.0,0.0,0.17364817766693036,0.9848077530122081,0.08,0.0,0.0,0.0,0.0,0.17364817766693036,0.9848077530122081,0.006998816929891145,-0.22495249069560952,0.28023538868242587,-0.13000972298710123,0.011452291375236975,0.0858434372006431,0.9877232513415147,0.006998816929891145,-0.22495249069560952,0.28023538868242587,-0.13000972298710123,0.011452291375236975,0.0858434372006431,0.9877232513415147,0.006998816940044696,-0.22495249075682894,0.28023538878916754,-0.13000972298204433,0.011452291375702172,0.08584343720054728,0.9877232513421833,0.006998816940935834,-0.2249524907660966,0.2802353888053157,-0.13000972298129992,0.011452291375707049,0.08584343720102015,0.9877232513422401,0.006998816940935834,-0.2249524907660966,0.2802353888053157,-0.13000972298129992,0.011452291375707049,0.08584343720102015,0.9877232513422401,0.14289459867500995,-0.5114106861434556,0.7777399675562217,-0.07045882235020899,0.5252748074965435,-0.02379980516405522,0.14289459866977997,-0.5114106860590024,0.7777399673928309,-0.07045882237180706,0.5252748074167045,-0.0237998051871036,0.14289459866977997,-0.5114106860590024,0.7777399673928309,-0.07045882237180706,0.5252748074167045,-0.0237998051871036,-3.3912576448000723e-10,-1.4356325735482595e-10,2.377041417948922e-10,-7.264318176421401e-10,1.2351709262225603e-10,-7.229736988918424e-10,3.2222587390462154e-09,-5.201610659383962e-09,1.0397214837750332e-08,7.689816251597444e-09,5.019098203097328e-09,7.77087010625532e-09,1.0,True,False,1,True,True,0.0011997000110568479,1,1.2346941379384694e-10,1.0246002022868926e-11,`gtol` termination condition is satisfied.,True,True,0.010000000000001563,1.657677328736895e-10,1.0,1.863990897142413e-11,1.7674842946800906e-12,1.4209968352895373e-10,1.175492044579531e-11
21.450000000000554,1786132521.5161102,0.004907299997285008,0.005775599987828173,0.01,TELEOP,0,,0.0,21.450000000000554,2145,0.08,0.0,0.0,0.0,0.0,0.17364817766693036,0.9848077530122081,0.08,0.0,0.0,0.0,0.0,0.17364817766693036,0.9848077530122081,0.006998816929891145,-0.22495249069560952,0.28023538868242587,-0.13000972298710123,0.011452291375236975,0.0858434372006431,0.9877232513415147,0.006998816929891145,-0.22495249069560952,0.28023538868242587,-0.13000972298710123,0.011452291375236975,0.0858434372006431,0.9877232513415147,0.006998816940044696,-0.22495249075682894,0.28023538878916754,-0.13000972298204433,0.011452291375702172,0.08584343720054728,0.9877232513421833,0.006998816940642749,-0.22495249076591414,0.2802353888049932,-0.13000972298132352,0.011452291375679007,0.08584343720121874,0.9877232513422202,0.006998816940642749,-0.22495249076591414,0.2802353888049932,-0.13000972298132352,0.011452291375679007,0.08584343720121874,0.9877232513422202,0.14289459867500995,-0.5114106861434556,0.7777399675562217,-0.07045882235020899,0.5252748074965435,-0.02379980516405522,0.14289459866670765,-0.5114106860609049,0.7777399673961445,-0.07045882237831604,0.5252748074183912,-0.023799805193570802,0.14289459866670765,-0.5114106860609049,0.7777399673961445,-0.07045882237831604,0.5252748074183912,-0.023799805193570802,-3.072333513891315e-10,-1.902477235428364e-10,3.3136125871336513e-10,-6.50897172731505e-10,1.686677684319772e-10,-6.467200717776234e-10,3.1892413090870712e-09,-4.668446618800316e-09,9.365711691845834e-09,7.553464491062326e-09,4.515067580971411e-09,7.625362711420714e-09,1.0,True,False,1,True,True,0.0018475999968359247,1,1.2346941379384694e-10,1.0246002022868926e-11,`gtol` termination condition is satisfied.,True,True,0.010000000000001563,1.6339074537796705e-10,1.0,1.8257890747144197e-11,1.972141196173596e-12,1.41707766713161e-10,1.1731400019721154e-11
21.460000000000555,1786132521.5210333,0.006044800000381656,0.004654699994716793,0.01,TELEOP,0,,0.0,21.460000000000555,2146,0.08,0.0,0.0,0.0,0.0,0.17364817766693036,0.9848077530122081,0.08,0.0,0.0,0.0,0.0,0.17364817766693036,0.9848077530122081,0.006998816929891145,-0.22495249069560952,0.28023538868242587,-0.13000972298710123,0.011452291375236975,0.0858434372006431,0.9877232513415147,0.006998816929891145,-0.22495249069560952,0.28023538868242587,-0.13000972298710123,0.011452291375236975,0.0858434372006431,0.9877232513415147,0.006998816940044696,-0.22495249075682894,0.28023538878916754,-0.13000972298204433,0.011452291375702172,0.08584343720054728,0.9877232513421833,0.00699881694036994,-0.2249524907656838,0.28023538880458765,-0.13000972298135013,0.011452291375653461,0.08584343720139612,0.9877232513422015,0.00699881694036994,-0.2249524907656838,0.28023538880458765,-0.13000972298135013,0.011452291375653461,0.08584343720139612,0.9877232513422015,0.14289459867500995,-0.5114106861434556,0.7777399675562217,-0.07045882235020899,0.5252748074965435,-0.02379980516405522,0.142894598663949,-0.5114106860632222,0.7777399674002936,-0.0704588223840874,0.52527480742048,-0.0237998051992941,0.142894598663949,-0.5114106860632222,0.7777399674002936,-0.0704588223840874,0.52527480742048,-0.0237998051992941,-2.7586508371135303e-10,-2.317206521492079e-10,4.149125244724525e-10,-5.771369607888336e-10,2.0888460263324128e-10,-5.723298012464594e-10,3.1368267677773567e-09,-4.147292860636501e-09,8.355126575907432e-09,7.3760211942659884e-09,4.02168342012578e-09,7.4390270531152375e-09,1.0,True,False,1,True,True,0.00114969999413006,1,1.2346941379384694e-10,1.0246002022868926e-11,`gtol` termination condition is satisfied.,True,True,0.010000000000001563,1.600771737386708e-10,1.0,1.7784660040647646e-11,2.1955731111508287e-12,1.4122220250976256e-10,1.171111265090336e-11
21.470000000000557,1786132521.52614,0.004960699996445328,0.004800099995918572,0.01,TELEOP,0,,0.0,21.470000000000557,2147,0.08,0.0,0.0,0.0,0.0,0.17364817766693036,0.9848077530122081,0.08,0.0,0.0,0.0,0.0,0.17364817766693036,0.9848077530122081,0.006998816929891145,-0.22495249069560952,0.28023538868242587,-0.13000972298710123,0.011452291375236975,0.0858434372006431,0.9877232513415147,0.006998816929891145,-0.22495249069560952,0.28023538868242587,-0.13000972298710123,0.011452291375236975,0.0858434372006431,0.9877232513415147,0.006998816940044696,-0.22495249075682894,0.28023538878916754,-0.13000972298204433,0.011452291375702172,0.08584343720054728,0.9877232513421833,0.006998816940117596,-0.22495249076541118,0.2802353888041088,-0.13000972298137933,0.011452291375630379,0.08584343720155282,0.9877232513421843,0.006998816940117596,-0.22495249076541118,0.2802353888041088,-0.13000972298137933,0.011452291375630379,0.08584343720155282,0.9877232513421843,0.14289459867500995,-0.5114106861434556,0.7777399675562217,-0.07045882235020899,0.5252748074965435,-0.02379980516405522,0.14289459866149704,-0.5114106860659035,0.7777399674051798,-0.07045882238914256,0.5252748074229231,-0.02379980520429574,0.14289459866149704,-0.5114106860659035,0.7777399674051798,-0.07045882238914256,0.5252748074229231,-0.02379980520429574,-2.4519510610671384e-10,-2.6812829677657704e-10,4.886198476074275e-10,-5.055155376931743e-10,2.442994196643769e-10,-5.001642082342418e-10,3.0669977604634373e-09,-3.640764462736348e-09,7.370732313496346e-09,7.16214230956481e-09,3.5414817031130076e-09,7.21655930122063e-09,1.0,True,False,1,True,True,0.0011938999959966168,1,1.2346941379384694e-10,1.0246002022868926e-11,`gtol` termination condition is satisfied.,True,True,0.010000000000001563,1.5592804825104167e-10,1.0,1.723083932081252e-11,2.4153671573727105e-12,1.406541536001901e-10,1.1691184743170438e-11
21.480000000000558,1786132521.5317879,0.0050251000066054985,0.005423200011136942,0.01,TELEOP,0,,0.0,21.480000000000558,2148,0.08,0.0,0.0,0.0,0.0,0.17364817766693036,0.9848077530122081,0.08,0.0,0.0,0.0,0.0,0.17364817766693036,0.9848077530122081,0.006998816929891145,-0.22495249069560952,0.28023538868242587,-0.13000972298710123,0.011452291375236975,0.0858434372006431,0.9877232513415147,0.006998816929891145,-0.22495249069560952,0.28023538868242587,-0.13000972298710123,0.011452291375236975,0.0858434372006431,0.9877232513415147,0.006998816940044696,-0.22495249075682894,0.28023538878916754,-0.13000972298204433,0.011452291375702172,0.08584343720054728,0.9877232513421833,0.006998816939885792,-0.2249524907651017,0.2802353888035662,-0.1300097229814108,0.011452291375609725,0.08584343720168947,0.9877232513421685,0.006998816939885792,-0.2249524907651017,0.2802353888035662,-0.1300097229814108,0.011452291375609725,0.08584343720168947,0.9877232513421685,0.14289459867500995,-0.5114106861434556,0.7777399675562217,-0.07045882235020899,0.5252748074965435,-0.02379980516405522,0.14289459865934326,-0.5114106860688998,0.7777399674107077,-0.07045882239350608,0.5252748074256738,-0.02379980520860113,0.14289459865934326,-0.5114106860688998,0.7777399674107077,-0.07045882239350608,0.5252748074256738,-0.02379980520860113,-2.153782132292251e-10,-2.9963995738862843e-10,5.527916975966546e-10,-4.3635204517323e-10,2.750664423834119e-10,-4.305390525132441e-10,2.9816892877484076e-09,-3.1511660612046457e-09,6.417184998921708e-09,6.916349251993352e-09,3.0767022719030125e-09,6.962515572098687e-09,1.0,True,False,1,True,True,0.0012738000077661127,1,1.2346941379384694e-10,1.0246002022868926e-11,`gtol` termination condition is satisfied.,True,True,0.010000000000001563,1.510418456973639e-10,1.0,1.6606778367292302e-11,2.618940130464598e-12,1.4001440835719748e-10,1.1669106601672425e-11
21.49000000000056,1786132521.5366697,0.005656299996189773,0.0046488999942084774,0.01,TELEOP,0,,0.0,21.49000000000056,2149,0.08,0.0,0.0,0.0,0.0,0.17364817766693036,0.9848077530122081,0.08,0.0,0.0,0.0,0.0,0.17364817766693036,0.9848077530122081,0.006998816929891145,-0.22495249069560952,0.28023538868242587,-0.13000972298710123,0.011452291375236975,0.0858434372006431,0.9877232513415147,0.006998816929891145,-0.22495249069560952,0.28023538868242587,-0.13000972298710123,0.011452291375236975,0.0858434372006431,0.9877232513415147,0.006998816940044696,-0.22495249075682894,0.28023538878916754,-0.13000972298204433,0.011452291375702172,0.08584343720054728,0.9877232513421833,0.006998816939674399,-0.2249524907647606,0.2802353888029687,-0.130009722981444,0.011452291375591435,0.08584343720180682,0.9877232513421542,0.006998816939674399,-0.2249524907647606,0.2802353888029687,-0.130009722981444,0.011452291375591435,0.08584343720180682,0.9877232513421542,0.14289459867500995,-0.5114106861434556,0.7777399675562217,-0.07045882235020899,0.5252748074965435,-0.02379980516405522,0.14289459865747775,-0.5114106860721643,0.7777399674167855,-0.0704588223972053,0.5252748074286874,-0.02379980521223839,0.14289459865747775,-0.5114106860721643,0.7777399674167855,-0.0704588223972053,0.5252748074286874,-0.02379980521223839,-1.8655038284387337e-10,-3.264448261988687e-10,6.077770660160064e-10,-3.699219524247592e-10,3.0135934614960203e-10,-3.6372613936736804e-10,2.882783038534721e-09,-2.680486881023604e-09,5.498536841934322e-09,6.643009274846042e-09,2.629290376618604e-09,6.681291314586562e-09,1.0,True,False,1,True,True,0.0011482000118121505,1,1.2346941379384694e-10,1.0246002022868926e-11,`gtol` termination condition is satisfied.,True,True,0.010000000000001563,1.4551393423545278e-10,1.0,1.5922340052573288e-11,2.7999250296092565e-12,1.3931318166665456e-10,1.1643536665518764e-11
21.50000000000056,1786132521.5442905,0.004872400008025579,0.007397299996227957,0.01,TELEOP,0,,0.0,21.50000000000056,2150,0.08,0.0,0.0,0.0,0.0,0.17364817766693036,0.9848077530122081,0.08,0.0,0.0,0.0,0.0,0.17364817766693036,0.9848077530122081,0.006998816929891145,-0.22495249069560952,0.28023538868242587,-0.13000972298710123,0.011452291375236975,0.0858434372006431,0.9877232513415147,0.006998816929891145,-0.22495249069560952,0.28023538868242587,-0.13000972298710123,0.011452291375236975,0.0858434372006431,0.9877232513415147,0.006998816940044696,-0.22495249075682894,0.28023538878916754,-0.13000972298204433,0.011452291375702172,0.08584343720054728,0.9877232513421833,0.006998816939483191,-0.22495249076439275,0.28023538880232524,-0.13000972298147873,0.01145229137557543,0.08584343720190564,0.9877232513421412,0.006998816939483191,-0.22495249076439275,0.28023538880232524,-0.13000972298147873,0.01145229137557543,0.08584343720190564,0.9877232513421412,0.14289459867500995,-0.5114106861434556,0.7777399675562217,-0.07045882235020899,0.5252748074965435,-0.02379980516405522,0.14289459865588947,-0.5114106860756519,0.7777399674233251,-0.07045882240026989,0.525274807431921,-0.023799805215237942,0.14289459865588947,-0.5114106860756519,0.7777399674233251,-0.07045882240026989,0.525274807431921,-0.023799805215237942,-1.5882938016544164e-10,-3.4874894220436054e-10,6.539596225351276e-10,-3.0645879692985063e-10,3.233684042005239e-10,-2.9995509354505665e-10,2.772100267842738e-09,-2.230411600548837e-09,4.618255651911393e-09,6.346315549489868e-09,2.200905805091844e-09,6.3771045822301405e-09,1.0,True,False,1,True,True,0.002182999989599921,1,1.2346941379384694e-10,1.0246002022868926e-11,`gtol` termination condition is satisfied.,True,True,0.010000000000001563,1.3943612930944482e-10,1.0,1.5187215517976492e-11,2.95492803267873e-12,1.3856045052387455e-10,1.161265001210081e-11
21.510000000000563,1786132521.5492575,0.007680800001253374,0.004683399994974025,0.01,TELEOP,0,,0.0,21.510000000000563,2151,0.08,0.0,0.0,0.0,0.0,0.17364817766693036,0.9848077530122081,0.08,0.0,0.0,0.0,0.0,0.17364817766693036,0.9848077530122081,0.006998816929891145,-0.22495249069560952,0.28023538868242587,-0.13000972298710123,0.011452291375236975,0.0858434372006431,0.9877232513415147,0.006998816929891145,-0.22495249069560952,0.28023538868242587,-0.13000972298710123,0.011452291375236975,0.0858434372006431,0.9877232513415147,0.006998816940044696,-0.22495249075682894,0.28023538878916754,-0.13000972298204433,0.011452291375702172,0.08584343720054728,0.9877232513421833,0.006998816939311814,-0.224952490764003,0.280235388801644,-0.13000972298151425,0.011452291375561646,0.08584343720198677,0.9877232513421296,0.006998816939311814,-0.224952490764003,0.280235388801644,-0.13000972298151425,0.011452291375561646,0.08584343720198677,0.9877232513421296,0.14289459867500995,-0.5114106861434556,0.7777399675562217,-0.07045882235020899,0.5252748074965435,-0.02379980516405522,0.1428945986545663,-0.5114106860793196,0.7777399674302427,-0.07045882240273145,0.525274807435334,-0.023799805217632097,0.1428945986545663,-0.5114106860793196,0.7777399674302427,-0.07045882240273145,0.525274807435334,-0.023799805217632097,-1.3231548530810946e-10,-3.6677247660713364e-10,6.91752280815189e-10,-2.461560500537986e-10,3.412977938155883e-10,-2.3941527932205306e-10,2.6513894857328034e-09,-1.8023534402770293e-09,3.7792658280055536e-09,6.0302746876042576e-09,1.7929389615061595e-09,6.053981422299415e-09,1.0,True,False,1,True,True,0.0012340999965090305,1,1.2346941379384694e-10,1.0246002022868926e-11,`gtol` termination condition is satisfied.,True,True,0.010000000000001563,1.3289658262749526e-10,1.0,1.44106389232944e-11,3.082689814102441e-12,1.3776567656777922e-10,1.1576347107449616e-11
21.520000000000564,1786132521.5539331,0.004903099994407967,0.004455899994354695,0.01,TELEOP,0,,0.0,21.520000000000564,2152,0.08,0.0,0.0,0.0,0.0,0.17364817766693036,0.9848077530122081,0.08,0.0,0.0,0.0,0.0,0.17364817766693036,0.9848077530122081,0.006998816929891145,-0.22495249069560952,0.28023538868242587,-0.13000972298710123,0.011452291375236975,0.0858434372006431,0.9877232513415147,0.006998816929891145,-0.22495249069560952,0.28023538868242587,-0.13000972298710123,0.011452291375236975,0.0858434372006431,0.9877232513415147,0.006998816940044696,-0.22495249075682894,0.28023538878916754,-0.13000972298204433,0.011452291375702172,0.08584343720054728,0.9877232513421833,0.006998816939159807,-0.22495249076359602,0.28023538880093285,-0.13000972298155056,0.011452291375549987,0.08584343720205113,0.9877232513421194,0.006998816939159807,-0.22495249076359602,0.28023538880093285,-0.13000972298155056,0.011452291375549987,0.08584343720205113,0.9877232513421194,0.14289459867500995,-0.5114106861434556,0.7777399675562217,-0.07045882235020899,0.5252748074965435,-0.02379980516405522,0.14289459865349538,-0.5114106860831271,0.7777399674374585,-0.07045882240462314,0.5252748074388875,-0.023799805219454673,0.14289459865349538,-0.5114106860831271,0.7777399674374585,-0.07045882240462314,0.5252748074388875,-0.023799805219454673,-1.0709221793836888e-10,-3.8074701315401416e-10,7.21591677556748e-10,-1.8916911629615197e-10,3.553629727682855e-10,-1.822578424514942e-10,2.5223267369736645e-09,-1.3974536546878322e-09,2.983939674155428e-09,5.6986933757637745e-09,1.4065178952694984e-09,5.715743687054991e-09,1.0,True,False,1,True,True,0.0011471000034362078,1,1.2346941379384694e-10,1.0246002022868926e-11,`gtol` termination condition is satisfied.,True,True,0.010000000000001563,1.2597900500566084e-10,1.0,1.3601435067905292e-11,3.182843207250608e-12,1.3693786104778555e-10,1.1533621645831358e-11
21.530000000000566,1786132521.5597284,0.004753300003358163,0.005497599995578639,0.01,TELEOP,0,,0.0,21.530000000000566,2153,0.08,0.0,0.0,0.0,0.0,0.17364817766693036,0.9848077530122081,0.08,0.0,0.0,0.0,0.0,0.17364817766693036,0.9848077530122081,0.006998816929891145,-0.22495249069560952,0.28023538868242587,-0.13000972298710123,0.011452291375236975,0.0858434372006431,0.9877232513415147,0.006998816929891145,-0.22495249069560952,0.28023538868242587,-0.13000972298710123,0.011452291375236975,0.0858434372006431,0.9877232513415147,0.006998816940044696,-0.22495249075682894,0.28023538878916754,-0.13000972298204433,0.011452291375702172,0.08584343720054728,0.9877232513421833,0.006998816939026622,-0.22495249076317594,0.28023538880019927,-0.1300097229815872,0.011452291375540378,0.08584343720209973,0.9877232513421105,0.006998816939026622,-0.22495249076317594,0.28023538880019927,-0.1300097229815872,0.011452291375540378,0.08584343720209973,0.9877232513421105,0.14289459867500995,-0.5114106861434556,0.7777399675562217,-0.07045882235020899,0.5252748074965435,-0.02379980516405522,0.1428945986526631,-0.5114106860870362,0.7777399674448979,-0.07045882240597932,0.5252748074425454,-0.02379980522074065,0.1428945986526631,-0.5114106860870362,0.7777399674448979,-0.07045882240597932,0.5252748074425454,-0.02379980522074065,-8.322719428725035e-11,-3.909129009171596e-10,7.439334200222375e-10,-1.356174165086771e-10,3.6578827440741e-10,-1.2859784697869486e-10,2.386502365111481e-09,-1.0165887763143856e-09,2.2341742465486034e-09,5.35516997874665e-09,1.042530163912286e-09,5.365999547279097e-09,1.0,True,False,1,True,True,0.0012986000074306503,1,1.2346941379384694e-10,1.0246002022868926e-11,`gtol` termination condition is satisfied.,True,True,0.010000000000001563,1.1876311045710963e-10,1.0,1.276793071786248e-11,3.256111254236459e-12,1.3608546188897636e-10,1.1484456383464707e-11
21.540000000000568,1786132521.5644736,0.00572709999687504,0.004515900000114925,0.01,TELEOP,0,,0.0,21.540000000000568,2154,0.08,0.0,0.0,0.0,0.0,0.17364817766693036,0.9848077530122081,0.08,0.0,0.0,0.0,0.0,0.17364817766693036,0.9848077530122081,0.006998816929891145,-0.22495249069560952,0.28023538868242587,-0.13000972298710123,0.011452291375236975,0.0858434372006431,0.9877232513415147,0.006998816929891145,-0.22495249069560952,0.28023538868242587,-0.13000972298710123,0.011452291375236975,0.0858434372006431,0.9877232513415147,0.006998816940044696,-0.22495249075682894,0.28023538878916754,-0.13000972298204433,0.011452291375702172,0.08584343720054728,0.9877232513421833,0.006998816938911589,-0.22495249076274673,0.2802353887994502,-0.13000972298162417,0.011452291375532662,0.08584343720213347,0.9877232513421027,0.006998816938911589,-0.22495249076274673,0.2802353887994502,-0.13000972298162417,0.011452291375532662,0.08584343720213347,0.9877232513421027,0.14289459867500995,-0.5114106861434556,0.7777399675562217,-0.07045882235020899,0.5252748074965435,-0.02379980516405522,0.14289459865205537,-0.5114106860910114,0.7777399674524904,-0.0704588224068352,0.5252748074462734,-0.023799805221525815,0.14289459865205537,-0.5114106860910114,0.7777399674524904,-0.0704588224068352,0.5252748074462734,-0.023799805221525815,-6.077295129427368e-11,-3.9751698187385823e-10,7.592471128076794e-10,-8.558656735769857e-11,3.728046260493621e-10,-7.851647733118681e-11,2.245424299297316e-09,-6.604080956697583e-10,1.5313692785439511e-09,5.003084915097072e-09,7.016351641951018e-10,5.008136964750021e-09,1.0,True,False,1,True,True,0.00117859999591019,1,1.2346941379384694e-10,1.0246002022868926e-11,`gtol` termination condition is satisfied.,True,True,0.010000000000001563,1.1132372801370138e-10,1.0,1.1917944022221058e-11,3.3031713197092513e-12,1.3521637701352375e-10,1.1428517668223624e-11
21.55000000000057,1786132521.5690274,0.004730500004370697,0.004339100007200614,0.01,TELEOP,0,,0.0,21.55000000000057,2155,0.08,0.0,0.0,0.0,0.0,0.17364817766693036,0.9848077530122081,0.08,0.0,0.0,0.0,0.0,0.17364817766693036,0.9848077530122081,0.006998816929891145,-0.22495249069560952,0.28023538868242587,-0.13000972298710123,0.011452291375236975,0.0858434372006431,0.9877232513415147,0.006998816929891145,-0.22495249069560952,0.28023538868242587,-0.13000972298710123,0.011452291375236975,0.0858434372006431,0.9877232513415147,0.006998816940044696,-0.22495249075682894,0.28023538878916754,-0.13000972298204433,0.011452291375702172,0.08584343720054728,0.9877232513421833,0.0069988169388140314,-0.22495249076231222,0.2802353887986922,-0.13000972298166075,0.011452291375526781,0.0858434372021534,0.9877232513420963,0.0069988169388140314,-0.22495249076231222,0.2802353887986922,-0.13000972298166075,0.011452291375526781,0.0858434372021534,0.9877232513420963,0.14289459867500995,-0.5114106861434556,0.7777399675562217,-0.07045882235020899,0.5252748074965435,-0.02379980516405522,0.14289459865165768,-0.5114106860950195,0.7777399674601705,-0.0704588224072265,0.5252748074500398,-0.023799805221846448,0.14289459865165768,-0.5114106860950195,0.7777399674601705,-0.0704588224072265,0.5252748074500398,-0.023799805221846448,-3.9767856270378755e-11,-4.008101994593937e-10,7.680121074453723e-10,-3.9130600823688575e-11,3.7664738040560326e-10,-3.2063302653747576e-11,2.100509502389164e-09,-3.2932175855349384e-10,8.76499463769153e-10,4.645596653400273e-09,3.8427543562405527e-10,4.645317467743198e-09,1.0,True,False,1,True,True,0.0011259000020800158,1,1.2346941379384694e-10,1.0246002022868926e-11,`gtol` termination condition is satisfied.,True,True,0.010000000000001563,1.0373124581519733e-10,1.0,1.1058934263501095e-11,3.325715085554151e-12,1.3433810858651502e-10,1.1367000958885003e-11
21.56000000000057,1786132521.5759318,0.004590199998347089,0.006653700009337626,0.01,TELEOP,0,,0.0,21.56000000000057,2156,0.08,0.0,0.0,0.0,0.0,0.17364817766693036,0.9848077530122081,0.08,0.0,0.0,0.0,0.0,0.17364817766693036,0.9848077530122081,0.006998816929891145,-0.22495249069560952,0.28023538868242587,-0.13000972298710123,0.011452291375236975,0.0858434372006431,0.9877232513415147,0.006998816929891145,-0.22495249069560952,0.28023538868242587,-0.13000972298710123,0.011452291375236975,0.0858434372006431,0.9877232513415147,0.006998816940044696,-0.22495249075682894,0.28023538878916754,-0.13000972298204433,0.011452291375702172,0.08584343720054728,0.9877232513421833,0.006998816938733131,-0.22495249076187585,0.28023538879793125,-0.13000972298169722,0.011452291375522589,0.0858434372021605,0.9877232513420909,0.006998816938733131,-0.22495249076187585,0.28023538879793125,-0.13000972298169722,0.011452291375522589,0.0858434372021605,0.9877232513420909,0.14289459867500995,-0.5114106861434556,0.7777399675562217,-0.07045882235020899,0.5252748074965435,-0.02379980516405522,0.14289459865145532,-0.51141068609903,0.7777399674678777,-0.07045882240718924,0.5252748074538154,-0.023799805221739034,0.14289459865145532,-0.51141068609903,0.7777399674678777,-0.07045882240718924,0.5252748074538154,-0.023799805221739034,-2.023701785443313e-11,-4.0104556060481337e-10,7.707132978110712e-10,3.725779598331793e-12,3.7755432772448994e-10,1.074143552939876e-11,1.9530838415942572e-09,-2.3536114541966485e-11,2.701190365698379e-10,4.285638042201367e-09,9.069473188865419e-11,4.280473818313965e-09,1.0,True,False,1,True,True,0.0017433000029996037,1,1.2346941379384694e-10,1.0246002022868926e-11,`gtol` termination condition is satisfied.,True,True,0.010000000000001563,9.605116702005034e-11,1.0,1.0197750987576969e-11,3.3248961690193625e-12,1.3345748446401347e-10,1.1299480234355124e-11
21.570000000000572,1786132521.5845802,0.007021600002190098,0.008280299996840768,0.01,TELEOP,0,,0.0,21.570000000000572,2157,0.08,0.0,0.0,0.0,0.0,0.17364817766693036,0.9848077530122081,0.08,0.0,0.0,0.0,0.0,0.17364817766693036,0.9848077530122081,0.006998816929891145,-0.22495249069560952,0.28023538868242587,-0.13000972298710123,0.011452291375236975,0.0858434372006431,0.9877232513415147,0.006998816929891145,-0.22495249069560952,0.28023538868242587,-0.13000972298710123,0.011452291375236975,0.0858434372006431,0.9877232513415147,0.006998816940044696,-0.22495249075682894,0.28023538878916754,-0.13000972298204433,0.011452291375702172,0.08584343720054728,0.9877232513421833,0.006998816938668096,-0.22495249076144083,0.2802353887971728,-0.13000972298173286,0.011452291375519997,0.08584343720215581,0.9877232513420866,0.006998816938668096,-0.22495249076144083,0.2802353887971728,-0.13000972298173286,0.011452291375519997,0.08584343720215581,0.9877232513420866,0.14289459867500995,-0.5114106861434556,0.7777399675562217,-0.07045882235020899,0.5252748074965435,-0.02379980516405522,0.1428945986514334,-0.5114106861030148,0.7777399674755561,-0.0704588224067594,0.525274807457573,-0.02379980522123999,0.1428945986514334,-0.5114106861030148,0.7777399674755561,-0.0704588224067594,0.525274807457573,-0.02379980522123999,-2.193217430223797e-12,-3.9847626760488275e-10,7.678371888150804e-10,4.298491869333324e-11,3.757637964891337e-10,4.9904519087815324e-11,1.8043800424206513e-09,2.5692929999302076e-10,-2.876108995990302e-10,3.925913909499531e-09,-1.7905312353559416e-10,3.916308355841044e-09,1.0,True,False,1,True,True,0.002114700007950887,1,1.2346941379384694e-10,1.0246002022868926e-11,`gtol` termination condition is satisfied.,True,True,0.010000000000001563,8.83439987831025e-11,1.0,9.340708425451576e-12,3.3026771459731036e-12,1.325807508665228e-10,1.1227610988897086e-11
21.580000000000574,1786132521.591525,0.008691399998497218,0.006533899999340065,0.01,TELEOP,0,,0.0,21.580000000000574,2158,0.08,0.0,0.0,0.0,0.0,0.17364817766693036,0.9848077530122081,0.08,0.0,0.0,0.0,0.0,0.17364817766693036,0.9848077530122081,0.006998816929891145,-0.22495249069560952,0.28023538868242587,-0.13000972298710123,0.011452291375236975,0.0858434372006431,0.9877232513415147,0.006998816929891145,-0.22495249069560952,0.28023538868242587,-0.13000972298710123,0.011452291375236975,0.0858434372006431,0.9877232513415147,0.006998816940044696,-0.22495249075682894,0.28023538878916754,-0.13000972298204433,0.011452291375702172,0.08584343720054728,0.9877232513421833,0.0069988169386180216,-0.22495249076100993,0.28023538879642196,-0.13000972298176774,0.011452291375518904,0.08584343720214034,0.9877232513420834,0.0069988169386180216,-0.22495249076100993,0.28023538879642196,-0.13000972298176774,0.011452291375518904,0.08584343720214034,0.9877232513420834,0.14289459867500995,-0.5114106861434556,0.7777399675562217,-0.07045882235020899,0.5252748074965435,-0.02379980516405522,0.14289459865157703,-0.5114106861069483,0.7777399674831548,-0.07045882240597265,0.5252748074612882,-0.023799805220385415,0.14289459865157703,-0.5114106861069483,0.7777399674831548,-0.07045882240597265,0.5252748074612882,-0.023799805220385415,1.4362159975812543e-11,-3.9335385146606775e-10,7.598685239988867e-10,7.867395550294565e-11,3.7151298948926077e-10,8.545745314860701e-11,1.6555377406033752e-09,5.122416138814192e-10,-7.968664816192487e-10,3.5689036809606832e-09,-4.250806999872301e-10,3.5552934060786135e-09,1.0,True,False,1,True,True,0.0023209999926621094,1,1.2346941379384694e-10,1.0246002022868926e-11,`gtol` termination condition is satisfied.,True,True,0.010000000000001563,8.066558532249246e-11,1.0,8.493684013903732e-12,3.260625928694136e-12,1.3171362978171238e-10,1.1151769061452498e-11
21.590000000000575,1786132521.5964086,0.006767599988961592,0.004649599999538623,0.01,TELEOP,0,,0.0,21.590000000000575,2159,0.08,0.0,0.0,0.0,0.0,0.17364817766693036,0.9848077530122081,0.08,0.0,0.0,0.0,0.0,0.17364817766693036,0.9848077530122081,0.006998816929891145,-0.22495249069560952,0.28023538868242587,-0.13000972298710123,0.011452291375236975,0.0858434372006431,0.9877232513415147,0.006998816929891145,-0.22495249069560952,0.28023538868242587,-0.13000972298710123,0.011452291375236975,0.0858434372006431,0.9877232513415147,0.006998816940044696,-0.22495249075682894,0.28023538878916754,-0.13000972298204433,0.011452291375702172,0.08584343720054728,0.9877232513421833,0.006998816938582057,-0.22495249076058602,0.2802353887956832,-0.13000972298180155,0.011452291375519176,0.0858434372021151,0.9877232513420812,0.006998816938582057,-0.22495249076058602,0.2802353887956832,-0.13000972298180155,0.011452291375519176,0.0858434372021151,0.9877232513420812,0.14289459867500995,-0.5114106861434556,0.7777399675562217,-0.07045882235020899,0.5252748074965435,-0.02379980516405522,0.1428945986518714,-0.5114106861108075,0.7777399674906277,-0.07045882240486423,0.5252748074649386,-0.023799805219210872,0.1428945986518714,-0.5114106861108075,0.7777399674906277,-0.07045882240486423,0.5252748074649386,-0.023799805219210872,2.9438175998143624e-11,-3.859266921053155e-10,7.472870399677626e-10,1.1084255475299757e-10,3.6503645855374967e-10,1.1745418898452417e-10,1.5076016022328725e-09,7.427159360751088e-10,-1.2581484031122155e-09,3.21685992500469e-09,-6.476530935510081e-10,3.199673583591218e-09,1.0,True,False,1,True,True,0.001193699994473718,1,1.2346941379384694e-10,1.0246002022868926e-11,`gtol` termination condition is satisfied.,True,True,0.010000000000001563,7.30668858750505e-11,1.0,7.662179403571207e-12,3.2005750188729282e-12,1.308613919761099e-10,1.1073179974344592e-11
21.600000000000577,1786132521.6012125,0.004893100005574524,0.004560399989713915,0.01,TELEOP,0,,0.0,21.600000000000577,2160,0.08,0.0,0.0,0.0,0.0,0.17364817766693036,0.9848077530122081,0.08,0.0,0.0,0.0,0.0,0.17364817766693036,0.9848077530122081,0.006998816929891145,-0.22495249069560952,0.28023538868242587,-0.13000972298710123,0.011452291375236975,0.0858434372006431,0.9877232513415147,0.006998816929891145,-0.22495249069560952,0.28023538868242587,-0.13000972298710123,0.011452291375236975,0.0858434372006431,0.9877232513415147,0.006998816940044696,-0.22495249075682894,0.28023538878916754,-0.13000972298204433,0.011452291375702172,0.08584343720054728,0.9877232513421833,0.006998816938559232,-0.22495249076017132,0.28023538879496096,-0.13000972298183433,0.011452291375520679,0.0858434372020811,0.9877232513420797,0.006998816938559232,-0.22495249076017132,0.28023538879496096,-0.13000972298183433,0.011452291375520679,0.0858434372020811,0.9877232513420797,0.14289459867500995,-0.5114106861434556,0.7777399675562217,-0.07045882235020899,0.5252748074965435,-0.02379980516405522,0.14289459865230195,-0.511410686114572,0.7777399674979333,-0.07045882240346862,0.5252748074685042,-0.023799805217751182,0.14289459865230195,-0.511410686114572,0.7777399674979333,-0.07045882240346862,0.5252748074685042,-0.023799805217751182,4.3053429827655664e-11,-3.7643843056913984e-10,7.305644912873205e-10,1.395607020431765e-10,3.565646292899701e-10,1.4596887523573421e-10,1.3615253829509913e-09,9.488261536174169e-10,-1.6722548680439533e-09,2.8718147290174418e-09,-8.471829263778264e-10,2.851468625120559e-09,1.0,True,False,1,True,True,0.0011799999920185655,1,1.2346941379384694e-10,1.0246002022868926e-11,`gtol` termination condition is satisfied.,True,True,0.010000000000001563,6.559397469629857e-11,1.0,6.85141242014481e-12,3.1243320462011264e-12,1.3002887682998813e-10,1.099232742727259e-11
21.61000000000058,1786132521.608374,0.004892400000244379,0.006829999998444691,0.01,TELEOP,0,,0.0,21.61000000000058,2161,0.08,0.0,0.0,0.0,0.0,0.17364817766693036,0.9848077530122081,0.08,0.0,0.0,0.0,0.0,0.17364817766693036,0.9848077530122081,0.006998816929891145,-0.22495249069560952,0.28023538868242587,-0.13000972298710123,0.011452291375236975,0.0858434372006431,0.9877232513415147,0.006998816929891145,-0.22495249069560952,0.28023538868242587,-0.13000972298710123,0.011452291375236975,0.0858434372006431,0.9877232513415147,0.006998816940044696,-0.22495249075682894,0.28023538878916754,-0.13000972298204433,0.011452291375702172,0.08584343720054728,0.9877232513421833,0.006998816938548612,-0.22495249075976786,0.2802353887942585,-0.1300097229818658,0.011452291375523328,0.08584343720203925,0.9877232513420793,0.006998816938548612,-0.22495249075976786,0.2802353887942585,-0.1300097229818658,0.011452291375523328,0.08584343720203925,0.9877232513420793,0.14289459867500995,-0.5114106861434556,0.7777399675562217,-0.07045882235020899,0.5252748074965435,-0.02379980516405522,0.1428945986528543,-0.5114106861182233,0.7777399675050349,-0.07045882240181946,0.5252748074719674,-0.023799805216040245,0.1428945986528543,-0.5114106861182233,0.7777399675050349,-0.07045882240181946,0.5252748074719674,-0.023799805216040245,5.523508994293756e-11,-3.651266677654254e-10,7.101621546018167e-10,1.6491649966118367e-10,3.4632268005797316e-10,1.7109366401617998e-10,1.2181660115279992e-09,1.131176280371267e-09,-2.0402336685500555e-09,2.5355797618003224e-09,-1.0241949231995352e-09,2.5124788780441843e-09,1.0,True,False,1,True,True,0.0015387999883387238,1,1.2346941379384694e-10,1.0246002022868926e-11,`gtol` termination condition is satisfied.,True,True,0.010000000000001563,5.828837412735766e-11,1.0,6.065778589797668e-12,3.0335977723947186e-12,1.2921991938124908e-10,1.091049689010975e-11
21.62000000000058,1786132521.6134508,0.007152100006351247,0.004754099994897842,0.01,TELEOP,0,,0.0,21.62000000000058,2162,0.08,0.0,0.0,0.0,0.0,0.17364817766693036,0.9848077530122081,0.08,0.0,0.0,0.0,0.0,0.17364817766693036,0.9848077530122081,0.006998816929891145,-0.22495249069560952,0.28023538868242587,-0.13000972298710123,0.011452291375236975,0.0858434372006431,0.9877232513415147,0.006998816929891145,-0.22495249069560952,0.28023538868242587,-0.13000972298710123,0.011452291375236975,0.0858434372006431,0.9877232513415147,0.006998816940044696,-0.22495249075682894,0.28023538878916754,-0.13000972298204433,0.011452291375702172,0.08584343720054728,0.9877232513421833,0.006998816938549278,-0.22495249075937776,0.28023538879357934,-0.13000972298189598,0.01145229137552699,0.08584343720199054,0.9877232513420795,0.006998816938549278,-0.22495249075937776,0.28023538879357934,-0.13000972298189598,0.01145229137552699,0.08584343720199054,0.9877232513420795,0.14289459867500995,-0.5114106861434556,0.7777399675562217,-0.07045882235020899,0.5252748074965435,-0.02379980516405522,0.1428945986535145,-0.5114106861217455,0.7777399675119002,-0.07045882239994931,0.5252748074753127,-0.02379980521411088,0.1428945986535145,-0.5114106861217455,0.7777399675119002,-0.07045882239994931,0.5252748074753127,-0.02379980521411088,6.601802580533003e-11,-3.5222192583189026e-10,6.865283094461341e-10,1.8701405934286916e-10,3.345292059682148e-10,1.9293656974014768e-10,1.0782935862390787e-09,1.2904741933533146e-09,-2.3633845155678906e-09,2.2097559681682045e-09,-1.179347408975652e-09,2.1842905723964274e-09,1.0,True,False,1,True,True,0.001256400006241165,1,1.2346941379384694e-10,1.0246002022868926e-11,`gtol` termination condition is satisfied.,True,True,0.010000000000001563,5.1985023924450147e-11,1.0,5.310064767089905e-12,2.9301900896389337e-12,1.2843849448559583e-10,1.0828354138496938e-11
21.63000000000058,1786132521.6184402,0.004987499996786937,0.004756100010126829,0.01,TELEOP,0,,0.0,21.63000000000058,2163,0.08,0.0,0.0,0.0,0.0,0.17364817766693036,0.9848077530122081,0.08,0.0,0.0,0.0,0.0,0.17364817766693036,0.9848077530122081,0.006998816929891145,-0.22495249069560952,0.28023538868242587,-0.13000972298710123,0.011452291375236975,0.0858434372006431,0.9877232513415147,0.006998816929891145,-0.22495249069560952,0.28023538868242587,-0.13000972298710123,0.011452291375236975,0.0858434372006431,0.9877232513415147,0.006998816940044696,-0.22495249075682894,0.28023538878916754,-0.13000972298204433,0.011452291375702172,0.08584343720054728,0.9877232513421833,0.006998816938560266,-0.2249524907590024,0.28023538879292614,-0.1300097229819247,0.011452291375531568,0.08584343720193588,0.9877232513420804,0.006998816938560266,-0.2249524907590024,0.28023538879292614,-0.1300097229819247,0.011452291375531568,0.08584343720193588,0.9877232513420804,0.14289459867500995,-0.5114106861434556,0.7777399675562217,-0.07045882235020899,0.5252748074965435,-0.02379980516405522,0.14289459865426896,-0.511410686125125,0.7777399675185012,-0.0704588223978896,0.5252748074785267,-0.023799805211994686,0.14289459865426896,-0.511410686125125,0.7777399675185012,-0.0704588223978896,0.5252748074785267,-0.023799805211994686,7.544391553919421e-11,-3.3794661895835554e-10,6.600963915830256e-10,2.0597144535010436e-10,3.21395379706908e-10,2.116193955503986e-10,9.425889733862701e-10,1.4275306873532515e-09,-2.6431917863104363e-09,1.895738600723224e-09,-1.3133826261304797e-09,1.8682825810248e-09,1.0,True,False,1,True,True,0.0012147000088589266,1,1.2346941379384694e-10,1.0246002022868926e-11,`gtol` termination condition is satisfied.,True,True,0.010000000000001563,5.005565753557484e-11,1.0,4.5885240284583095e-12,2.815815204439478e-12,1.2768759170438672e-10,1.0746994778293458e-11
21.640000000000583,1786132521.6239634,0.004998799995519221,0.005280999990645796,0.01,TELEOP,0,,0.0,21.640000000000583,2164,0.08,0.0,0.0,0.0,0.0,0.17364817766693036,0.9848077530122081,0.08,0.0,0.0,0.0,0.0,0.17364817766693036,0.9848077530122081,0.006998816929891145,-0.22495249069560952,0.28023538868242587,-0.13000972298710123,0.011452291375236975,0.0858434372006431,0.9877232513415147,0.006998816929891145,-0.22495249069560952,0.28023538868242587,-0.13000972298710123,0.011452291375236975,0.0858434372006431,0.9877232513415147,0.006998816940044696,-0.22495249075682894,0.28023538878916754,-0.13000972298204433,0.011452291375702172,0.08584343720054728,0.9877232513421833,0.006998816938580652,-0.22495249075864324,0.2802353887923012,-0.1300097229819517,0.011452291375536938,0.08584343720187611,0.9877232513420819,0.006998816938580652,-0.22495249075864324,0.2802353887923012,-0.1300097229819517,0.011452291375536938,0.08584343720187611,0.9877232513420819,0.14289459867500995,-0.5114106861434556,0.7777399675562217,-0.07045882235020899,0.5252748074965435,-0.02379980516405522,0.14289459865510457,-0.5114106861283501,0.777739967524814,-0.07045882239567042,0.5252748074815979,-0.023799805209721928,0.14289459865510457,-0.5114106861283501,0.777739967524814,-0.07045882239567042,0.5252748074815979,-0.023799805209721928,8.356038942274725e-11,-3.225140328750048e-10,6.31283146031279e-10,2.2191869258530547e-10,3.071241051937742e-10,2.2727574098910655e-10,8.116473883551778e-10,1.5432586083348355e-09,-2.8813245551742082e-09,1.594724723519861e-09,-1.4271274513131565e-09,1.565634543870552e-09,1.0,True,False,1,True,True,0.0014035999920452014,1,1.2346941379384694e-10,1.0246002022868926e-11,`gtol` termination condition is satisfied.,True,True,0.010000000000001563,4.793946489778378e-11,1.0,3.905756022967797e-12,2.692175358450109e-12,1.2696986024295142e-10,1.0667617216577869e-11
21.650000000000585,1786132521.6287158,0.005514999997103587,0.004518100002314895,0.01,TELEOP,0,,0.0,21.650000000000585,2165,0.08,0.0,0.0,0.0,0.0,0.17364817766693036,0.9848077530122081,0.08,0.0,0.0,0.0,0.0,0.17364817766693036,0.9848077530122081,0.006998816929891145,-0.22495249069560952,0.28023538868242587,-0.13000972298710123,0.011452291375236975,0.0858434372006431,0.9877232513415147,0.006998816929891145,-0.22495249069560952,0.28023538868242587,-0.13000972298710123,0.011452291375236975,0.0858434372006431,0.9877232513415147,0.006998816940044696,-0.22495249075682894,0.28023538878916754,-0.13000972298204433,0.011452291375702172,0.08584343720054728,0.9877232513421833,0.0069988169386095075,-0.22495249075830132,0.28023538879170656,-0.13000972298197716,0.01145229137554303,0.0858434372018121,0.9877232513420842,0.0069988169386095075,-0.22495249075830132,0.28023538879170656,-0.13000972298197716,0.01145229137554303,0.0858434372018121,0.9877232513420842,0.14289459867500995,-0.5114106861434556,0.7777399675562217,-0.07045882235020899,0.5252748074965435,-0.02379980516405522,0.14289459865600876,-0.5114106861314114,0.7777399675308189,-0.07045882239332046,0.525274807484517,-0.023799805207321438,0.14289459865600876,-0.5114106861314114,0.7777399675308189,-0.07045882239332046,0.525274807484517,-0.023799805207321438,9.042020620525115e-11,-3.0612785197621533e-10,6.004870882058435e-10,2.349959031269062e-10,2.919093188671371e-10,2.400490865507052e-10,6.859816782502828e-10,1.6386180898786915e-09,-3.0796057825430635e-09,1.3077210541598655e-09,-1.5214786326634702e-09,1.2773345561596614e-09,1.0,True,False,1,True,True,0.0011771999998018146,1,1.2346941379384694e-10,1.0246002022868926e-11,`gtol` termination condition is satisfied.,True,True,0.010000000000001563,4.566670652739191e-11,1.0,3.2671560682564647e-12,2.5608291036561557e-12,1.2628753538191274e-10,1.0590683936013518e-11
21.660000000000586,1786132521.6337597,0.004785700002685189,0.0047762999893166125,0.01,TELEOP,0,,0.0,21.660000000000586,2166,0.08,0.0,0.0,0.0,0.0,0.17364817766693036,0.9848077530122081,0.08,0.0,0.0,0.0,0.0,0.17364817766693036,0.9848077530122081,0.006998816929891145,-0.22495249069560952,0.28023538868242587,-0.13000972298710123,0.011452291375236975,0.0858434372006431,0.9877232513415147,0.006998816929891145,-0.22495249069560952,0.28023538868242587,-0.13000972298710123,0.011452291375236975,0.0858434372006431,0.9877232513415147,0.006998816940044696,-0.22495249075682894,0.28023538878916754,-0.13000972298204433,0.011452291375702172,0.08584343720054728,0.9877232513421833,0.006998816938645937,-0.2249524907579778,0.2802353887911439,-0.1300097229820009,0.01145229137554972,0.08584343720174466,0.9877232513420867,0.006998816938645937,-0.2249524907579778,0.2802353887911439,-0.1300097229820009,0.01145229137554972,0.08584343720174466,0.9877232513420867,0.14289459867500995,-0.5114106861434556,0.7777399675562217,-0.07045882235020899,0.5252748074965435,-0.02379980516405522,0.14289459865696957,-0.5114106861343012,0.7777399675364998,-0.07045882239086695,0.5252748074872764,-0.02379980520482053,0.14289459865696957,-0.5114106861343012,0.7777399675364998,-0.07045882239086695,0.5252748074872764,-0.02379980520482053,9.608045951502514e-11,-2.8898126325781e-10,5.680873245927426e-10,2.453514339254058e-10,2.759352720964371e-10,2.500909800312153e-10,5.660253309773098e-10,1.714658871840266e-09,-3.2399763613095792e-09,1.0355530798498012e-09,-1.597404677069753e-09,1.0041893480508542e-09,1.0,True,False,1,True,True,0.0011403000098653138,1,1.2346941379384694e-10,1.0246002022868926e-11,`gtol` termination condition is satisfied.,True,True,0.010000000000001563,4.3266216998016915e-11,1.0,2.680003288445102e-12,2.4233522772009784e-12,1.2564258604227953e-10,1.051699489827819e-11
21.670000000000588,1786132521.6397293,0.005011100001865998,0.005734400008805096,0.01,TELEOP,0,,0.0,21.670000000000588,2167,0.08,0.0,0.0,0.0,0.0,0.17364817766693036,0.9848077530122081,0.08,0.0,0.0,0.0,0.0,0.17364817766693036,0.9848077530122081,0.006998816929891145,-0.22495249069560952,0.28023538868242587,-0.13000972298710123,0.011452291375236975,0.0858434372006431,0.9877232513415147,0.006998816929891145,-0.22495249069560952,0.28023538868242587,-0.13000972298710123,0.011452291375236975,0.0858434372006431,0.9877232513415147,0.006998816940044696,-0.22495249075682894,0.28023538878916754,-0.13000972298204433,0.011452291375702172,0.08584343720054728,0.9877232513421833,0.00699881693868902,-0.22495249075767318,0.2802353887906145,-0.1300097229820231,0.011452291375556875,0.08584343720167448,0.9877232513420898,0.00699881693868902,-0.22495249075767318,0.2802353887906145,-0.1300097229820231,0.011452291375556875,0.08584343720167448,0.9877232513420898,0.14289459867500995,-0.5114106861434556,0.7777399675562217,-0.07045882235020899,0.5252748074965435,-0.02379980516405522,0.1428945986579756,-0.5114106861370138,0.7777399675418442,-0.07045882238833555,0.5252748074898702,-0.023799805202244936,0.1428945986579756,-0.5114106861370138,0.7777399675418442,-0.07045882238833555,0.5252748074898702,-0.023799805202244936,1.006017925760079e-10,-2.712567517167739e-10,5.344424717010774e-10,2.5314017770063093e-10,2.5937618178898743e-10,2.5755930655366004e-10,4.5213330609820526e-10,1.7724511541033338e-09,-3.364485289165993e-09,7.788743775223914e-10,-1.6559090307447088e-09,7.46832652244357e-10,1.0,True,False,1,True,True,0.0016010999970603734,1,1.2346941379384694e-10,1.0246002022868926e-11,`gtol` termination condition is satisfied.,True,True,0.010000000000001563,4.0765307796064576e-11,1.0,2.1550581774519977e-12,2.2811109563089917e-12,1.2503631072278356e-10,1.0446833984897884e-11
21.68000000000059,1786132521.6450038,0.0059775999980047345,0.0050312999956076965,0.01,TELEOP,0,,0.0,21.68000000000059,2168,0.08,0.0,0.0,0.0,0.0,0.17364817766693036,0.9848077530122081,0.08,0.0,0.0,0.0,0.0,0.17364817766693036,0.9848077530122081,0.006998816929891145,-0.22495249069560952,0.28023538868242587,-0.13000972298710123,0.011452291375236975,0.0858434372006431,0.9877232513415147,0.006998816929891145,-0.22495249069560952,0.28023538868242587,-0.13000972298710123,0.011452291375236975,0.0858434372006431,0.9877232513415147,0.006998816940044696,-0.22495249075682894,0.28023538878916754,-0.13000972298204433,0.011452291375702172,0.08584343720054728,0.9877232513421833,0.006998816938737936,-0.22495249075738805,0.28023538879011906,-0.13000972298204364,0.011452291375564475,0.08584343720160235,0.9877232513420934,0.006998816938737936,-0.22495249075738805,0.28023538879011906,-0.13000972298204364,0.011452291375564475,0.08584343720160235,0.9877232513420934,0.14289459867500995,-0.5114106861434556,0.7777399675562217,-0.07045882235020899,0.5252748074965435,-0.02379980516405522,0.14289459865901608,-0.5114106861395451,0.777739967546843,-0.07045882238575032,0.5252748074922942,-0.02379980519961877,0.14289459865901608,-0.5114106861395451,0.777739967546843,-0.07045882238575032,0.5252748074922942,-0.02379980519961877,1.0404771691401686e-10,-2.531255273068889e-10,4.998899734976477e-10,2.5852193891079526e-10,2.42395755915192e-10,2.626166666179562e-10,3.44592433800843e-10,1.813122440988217e-09,-3.455249820342434e-09,5.381761210163481e-10,-1.698042587379278e-09,5.057360064295335e-10,1.0,True,False,1,True,True,0.001232099995831959,1,1.2346941379384694e-10,1.0246002022868926e-11,`gtol` termination condition is satisfied.,True,True,0.010000000000001563,3.818971527902448e-11,1.0,1.7104409946058166e-12,2.135629212246215e-12,1.244695736333274e-10,1.0381028201373464e-11
21.69000000000059,1786132521.649625,0.005251700000371784,0.004400999998324551,0.01,TELEOP,0,,0.0,21.69000000000059,2169,0.08,0.0,0.0,0.0,0.0,0.17364817766693036,0.9848077530122081,0.08,0.0,0.0,0.0,0.0,0.17364817766693036,0.9848077530122081,0.006998816929891145,-0.22495249069560952,0.28023538868242587,-0.13000972298710123,0.011452291375236975,0.0858434372006431,0.9877232513415147,0.006998816929891145,-0.22495249069560952,0.28023538868242587,-0.13000972298710123,0.011452291375236975,0.0858434372006431,0.9877232513415147,0.006998816940044696,-0.22495249075682894,0.28023538878916754,-0.13000972298204433,0.011452291375702172,0.08584343720054728,0.9877232513421833,0.006998816938791855,-0.22495249075712292,0.28023538878965826,-0.1300097229820623,0.011452291375572387,0.0858434372015289,0.9877232513420972,0.006998816938791855,-0.22495249075712292,0.28023538878965826,-0.1300097229820623,0.011452291375572387,0.0858434372015289,0.9877232513420972,0.14289459867500995,-0.5114106861434556,0.7777399675562217,-0.07045882235020899,0.5252748074965435,-0.02379980516405522,0.14289459866008092,-0.5114106861418926,0.7777399675514906,-0.07045882238313372,0.5252748074945456,-0.02379980519696448,0.14289459866008092,-0.5114106861418926,0.7777399675514906,-0.07045882238313372,0.5252748074945456,-0.02379980519696448,1.0648393001337e-10,-2.347473851421711e-10,4.6474539862320006e-10,2.6165992578276585e-10,2.2514706696861272e-10,2.6542885317324203e-10,2.436213099352765e-10,1.8378142164714918e-09,-3.5144574874442163e-09,3.137986871970123e-10,-1.7248688946576562e-09,2.812186555285433e-10,1.0,True,False,1,True,True,0.001141699991421774,1,1.2346941379384694e-10,1.0246002022868926e-11,`gtol` termination condition is satisfied.,True,True,0.010000000000001563,3.556354863376576e-11,1.0,1.3772600107146415e-12,1.9881133997547652e-12,1.2394316068088413e-10,1.0320363390426996e-11
21.700000000000593,1786132521.654985,0.004608300005202182,0.00515300000552088,0.01,TELEOP,0,,0.0,21.700000000000593,2170,0.08,0.0,0.0,0.0,0.0,0.17364817766693036,0.9848077530122081,0.08,0.0,0.0,0.0,0.0,0.17364817766693036,0.9848077530122081,0.006998816929891145,-0.22495249069560952,0.28023538868242587,-0.13000972298710123,0.011452291375236975,0.0858434372006431,0.9877232513415147,0.006998816929891145,-0.22495249069560952,0.28023538868242587,-0.13000972298710123,0.011452291375236975,0.0858434372006431,0.9877232513415147,0.006998816940044696,-0.22495249075682894,0.28023538878916754,-0.13000972298204433,0.011452291375702172,0.08584343720054728,0.9877232513421833,0.006998816938849982,-0.22495249075687776,0.2802353887892325,-0.13000972298207927,0.01145229137558055,0.08584343720145474,0.9877232513421014,0.006998816938849982,-0.22495249075687776,0.2802353887892325,-0.13000972298207927,0.01145229137558055,0.08584343720145474,0.9877232513421014,0.14289459867500995,-0.5114106861434556,0.7777399675562217,-0.07045882235020899,0.5252748074965435,-0.02379980516405522,0.1428945986611607,-0.5114106861440553,0.7777399675557836,-0.07045882238050653,0.5252748074966233,-0.023799805194302845,0.1428945986611607,-0.5114106861440553,0.7777399675557836,-0.07045882238050653,0.5252748074966233,-0.023799805194302845,1.0797765128604524e-10,-2.1627057735002187e-10,4.2930210456927343e-10,2.6271932945706347e-10,2.077722817733891e-10,2.661634339168015e-10,1.493721272675002e-10,1.8476807792146374e-09,-3.544329405392109e-09,1.0594036742974435e-10,-1.7374785195220899e-09,7.345807435593487e-11,1.0,True,False,1,True,True,0.0012190000124974176,1,1.2346941379384694e-10,1.0246002022868926e-11,`gtol` termination condition is satisfied.,True,True,0.010000000000001563,3.292473238492022e-11,1.0,1.1974742159889545e-12,1.8397834256505307e-12,1.2345732841418005e-10,1.0264661326397824e-11
21.710000000000594,1786132521.6598723,0.005447699993965216,0.004591799995978363,0.01,TELEOP,0,,0.0,21.710000000000594,2171,0.08,0.0,0.0,0.0,0.0,0.17364817766693036,0.9848077530122081,0.08,0.0,0.0,0.0,0.0,0.17364817766693036,0.9848077530122081,0.006998816929891145,-0.22495249069560952,0.28023538868242587,-0.13000972298710123,0.011452291375236975,0.0858434372006431,0.9877232513415147,0.006998816929891145,-0.22495249069560952,0.28023538868242587,-0.13000972298710123,0.011452291375236975,0.0858434372006431,0.9877232513415147,0.006998816940044696,-0.22495249075682894,0.28023538878916754,-0.13000972298204433,0.011452291375702172,0.08584343720054728,0.9877232513421833,0.006998816938911554,-0.22495249075665272,0.28023538878884174,-0.13000972298209465,0.01145229137558887,0.08584343720138046,0.9877232513421056,0.006998816938911554,-0.22495249075665272,0.28023538878884174,-0.13000972298209465,0.01145229137558887,0.08584343720138046,0.9877232513421056,0.14289459867500995,-0.5114106861434556,0.7777399675562217,-0.07045882235020899,0.5252748074965435,-0.02379980516405522,0.14289459866224666,-0.5114106861460336,0.7777399675597219,-0.07045882237788788,0.5252748074985273,-0.02379980519165296,0.14289459866224666,-0.5114106861460336,0.7777399675597219,-0.07045882237788788,0.5252748074985273,-0.02379980519165296,1.0859705192615378e-10,-1.9783161850446157e-10,3.9383116113677087e-10,2.618660119000932e-10,1.9040256800534834e-10,2.649884420973914e-10,6.194006401084456e-11,1.8438958845557411e-09,-3.547094343249703e-09,-8.533175569700996e-11,-1.736971376803804e-09,-1.1749918194098711e-10,1.0,True,False,1,True,True,0.0011752999998861924,1,1.2346941379384694e-10,1.0246002022868926e-11,`gtol` termination condition is satisfied.,True,True,0.010000000000001563,3.029754225281067e-11,1.0,1.1921439148811836e-12,1.691845591050163e-12,1.2301210725000123e-10,1.0214195733800304e-11
21.720000000000596,1786132521.6645243,0.004805300006410107,0.004438600008143112,0.01,TELEOP,0,,0.0,21.720000000000596,2172,0.08,0.0,0.0,0.0,0.0,0.17364817766693036,0.9848077530122081,0.08,0.0,0.0,0.0,0.0,0.17364817766693036,0.9848077530122081,0.006998816929891145,-0.22495249069560952,0.28023538868242587,-0.13000972298710123,0.011452291375236975,0.0858434372006431,0.9877232513415147,0.006998816929891145,-0.22495249069560952,0.28023538868242587,-0.13000972298710123,0.011452291375236975,0.0858434372006431,0.9877232513415147,0.006998816940044696,-0.22495249075682894,0.28023538878916754,-0.13000972298204433,0.011452291375702172,0.08584343720054728,0.9877232513421833,0.006998816938975871,-0.22495249075644763,0.28023538878848586,-0.13000972298210847,0.011452291375597282,0.08584343720130662,0.9877232513421101,0.006998816938975871,-0.22495249075644763,0.28023538878848586,-0.13000972298210847,0.011452291375597282,0.08584343720130662,0.9877232513421101,0.14289459867500995,-0.5114106861434556,0.7777399675562217,-0.07045882235020899,0.5252748074965435,-0.02379980516405522,0.14289459866333076,-0.5114106861478291,0.7777399675633077,-0.07045882237529523,0.5252748075002589,-0.02379980518903225,0.14289459866333076,-0.5114106861478291,0.7777399675633077,-0.07045882237529523,0.5252748075002589,-0.02379980518903225,1.0841069372713017e-10,-1.795554156685455e-10,3.5858120317416243e-10,2.592652935196704e-10,1.7315808560184423e-10,2.6207116919027755e-10,-1.863581990235839e-11,1.8276202835913196e-09,-3.524995796260294e-09,-2.600718380422399e-10,-1.724448240350141e-09,-2.91727290711339e-10,1.0,True,False,1,True,True,0.0011506000009831041,1,1.2346941379384694e-10,1.0246002022868926e-11,`gtol` termination condition is satisfied.,True,True,0.010000000000001563,2.767888696020293e-11,1.0,1.3238073556874856e-12,1.5454031910824805e-12,1.2260722046919665e-10,1.0169037819900814e-11
21.730000000000597,1786132521.670992,0.004647900001145899,0.006259400004637428,0.01,TELEOP,0,,0.0,21.730000000000597,2173,0.08,0.0,0.0,0.0,0.0,0.17364817766693036,0.9848077530122081,0.08,0.0,0.0,0.0,0.0,0.17364817766693036,0.9848077530122081,0.006998816929891145,-0.22495249069560952,0.28023538868242587,-0.13000972298710123,0.011452291375236975,0.0858434372006431,0.9877232513415147,0.006998816929891145,-0.22495249069560952,0.28023538868242587,-0.13000972298710123,0.011452291375236975,0.0858434372006431,0.9877232513415147,0.006998816940044696,-0.22495249075682894,0.28023538878916754,-0.13000972298204433,0.011452291375702172,0.08584343720054728,0.9877232513421833,0.006998816939042259,-0.22495249075626236,0.28023538878816434,-0.13000972298212066,0.011452291375605729,0.08584343720123362,0.9877232513421148,0.006998816939042259,-0.22495249075626236,0.28023538878816434,-0.13000972298212066,0.011452291375605729,0.08584343720123362,0.9877232513421148,0.14289459867500995,-0.5114106861434556,0.7777399675562217,-0.07045882235020899,0.5252748074965435,-0.02379980516405522,0.14289459866440563,-0.5114106861494447,0.7777399675665454,-0.07045882237274442,0.5252748075018204,-0.02379980518645648,0.14289459866440563,-0.5114106861494447,0.7777399675665454,-0.07045882237274442,0.5252748075018204,-0.02379980518645648,1.0748701466415642e-10,-1.6155531050109038e-10,3.2377860398278925e-10,2.550808514499382e-10,1.5614813308508504e-10,2.5757706300136027e-10,-9.236790629735944e-11,1.800010516745232e-09,-3.4802599191367748e-09,-4.1844420697315366e-10,-1.7009952516756524e-09,-4.4941061889165736e-10,1.0,True,False,1,True,True,0.001443799992557615,1,1.2346941379384694e-10,1.0246002022868926e-11,`gtol` termination condition is satisfied.,True,True,0.010000000000001563,2.5086238641947034e-11,1.0,1.5271847913134566e-12,1.401243729589321e-12,1.2224211687723434e-10,1.0129296357190612e-11
21.7400000000006,1786132521.6763077,0.006561599991982803,0.005012800000258721,0.01,TELEOP,0,,0.0,21.7400000000006,2174,0.08,0.0,0.0,0.0,0.0,0.17364817766693036,0.9848077530122081,0.08,0.0,0.0,0.0,0.0,0.17364817766693036,0.9848077530122081,0.006998816929891145,-0.22495249069560952,0.28023538868242587,-0.13000972298710123,0.011452291375236975,0.0858434372006431,0.9877232513415147,0.006998816929891145,-0.22495249069560952,0.28023538868242587,-0.13000972298710123,0.011452291375236975,0.0858434372006431,0.9877232513415147,0.006998816940044696,-0.22495249075682894,0.28023538878916754,-0.13000972298204433,0.011452291375702172,0.08584343720054728,0.9877232513421833,0.006998816939110048,-0.22495249075609636,0.2802353887878765,-0.13000972298213118,0.011452291375614142,0.08584343720116193,0.9877232513421195,0.006998816939110048,-0.22495249075609636,0.2802353887878765,-0.13000972298213118,0.011452291375614142,0.08584343720116193,0.9877232513421195,0.14289459867500995,-0.5114106861434556,0.7777399675562217,-0.07045882235020899,0.5252748074965435,-0.02379980516405522,0.14289459866546456,-0.511410686150884,0.7777399675694416,-0.07045882237024968,0.5252748075032151,-0.02379980518393979,0.14289459866546456,-0.511410686150884,0.7777399675694416,-0.07045882237024968,0.5252748075032151,-0.02379980518393979,1.0589387661942286e-10,-1.4393327205214926e-10,2.8962778846936787e-10,2.4947371928322835e-10,1.3947128169185078e-10,2.5166873687066184e-10,-1.5931380447333135e-10,1.7622038448938372e-09,-3.4150815513416053e-09,-5.607132166708949e-10,-1.667685139323165e-09,-5.908326130697525e-10,1.0,True,False,1,True,True,0.001346500008367002,1,1.2346941379384694e-10,1.0246002022868926e-11,`gtol` termination condition is satisfied.,True,True,0.010000000000001563,2.2535431853931698e-11,1.0,1.7541327358129394e-12,1.2604104992131024e-12,1.2191589285718045e-10,1.0095242131854552e-11
21.7500000000006,1786132521.6811986,0.00524339999537915,0.0046608999982709065,0.01,TELEOP,0,,0.0,21.7500000000006,2175,0.08,0.0,0.0,0.0,0.0,0.17364817766693036,0.9848077530122081,0.08,0.0,0.0,0.0,0.0,0.17364817766693036,0.9848077530122081,0.006998816929891145,-0.22495249069560952,0.28023538868242587,-0.13000972298710123,0.011452291375236975,0.0858434372006431,0.9877232513415147,0.006998816929891145,-0.22495249069560952,0.28023538868242587,-0.13000972298710123,0.011452291375236975,0.0858434372006431,0.9877232513415147,0.006998816940044696,-0.22495249075682894,0.28023538878916754,-0.13000972298204433,0.011452291375702172,0.08584343720054728,0.9877232513421833,0.006998816939178698,-0.2249524907559493,0.2802353887876217,-0.1300097229821404,0.011452291375622453,0.08584343720109198,0.9877232513421244,0.006998816939178698,-0.2249524907559493,0.2802353887876217,-0.1300097229821404,0.011452291375622453,0.08584343720109198,0.9877232513421244,0.14289459867500995,-0.5114106861434556,0.7777399675562217,-0.07045882235020899,0.5252748074965435,-0.02379980516405522,0.14289459866650153,-0.5114106861521518,0.7777399675720047,-0.07045882236782366,0.5252748075044472,-0.02379980518149474,0.14289459866650153,-0.5114106861521518,0.7777399675720047,-0.07045882236782366,0.5252748075044472,-0.02379980518149474,1.0369813152224515e-10,-1.2678022768983938e-10,2.5631159730127363e-10,2.4260138943230544e-10,1.2321565252337631e-10,2.4450507107954233e-10,-2.1957450971773744e-10,1.7153044362307203e-09,-3.331619116808903e-09,-6.872329850921853e-10,-1.6255629168471935e-09,-7.163665791118367e-10,1.0,True,False,1,True,True,0.001155499994638376,1,1.2346941379384694e-10,1.0246002022868926e-11,`gtol` termination condition is satisfied.,True,True,0.010000000000001563,2.0040691328659932e-11,1.0,1.978195602729056e-12,1.1238594400928466e-12,1.2162777657503857e-10,1.0066095014108989e-11
21.760000000000602,1786132521.68667,0.004925700006424449,0.0052060999878449365,0.01,TELEOP,0,,0.0,21.760000000000602,2176,0.08,0.0,0.0,0.0,0.0,0.17364817766693036,0.9848077530122081,0.08,0.0,0.0,0.0,0.0,0.17364817766693036,0.9848077530122081,0.006998816929891145,-0.22495249069560952,0.28023538868242587,-0.13000972298710123,0.011452291375236975,0.0858434372006431,0.9877232513415147,0.006998816929891145,-0.22495249069560952,0.28023538868242587,-0.13000972298710123,0.011452291375236975,0.0858434372006431,0.9877232513415147,0.006998816940044696,-0.22495249075682894,0.28023538878916754,-0.13000972298204433,0.011452291375702172,0.08584343720054728,0.9877232513421833,0.006998816939247636,-0.22495249075582063,0.28023538878739895,-0.13000972298214808,0.01145229137563063,0.0858434372010241,0.9877232513421291,0.006998816939247636,-0.22495249075582063,0.28023538878739895,-0.13000972298214808,0.01145229137563063,0.0858434372010241,0.9877232513421291,0.14289459867500995,-0.5114106861434556,0.7777399675562217,-0.07045882235020899,0.5252748074965435,-0.02379980516405522,0.1428945986675112,-0.5114106861532536,0.7777399675742446,-0.0704588223654775,0.5252748075055218,-0.023799805179132334,0.1428945986675112,-0.5114106861532536,0.7777399675742446,-0.0704588223654775,0.5252748075055218,-0.023799805179132334,1.0096524291887694e-10,-1.1017621225229188e-10,2.2399185201201405e-10,2.3461701920781515e-10,1.0745901640176854e-10,2.362404252807202e-10,-2.732888603367781e-10,1.6604015437544899e-09,-3.231974528925453e-09,-7.98437022448902e-10,-1.5756636121605311e-09,-8.26464579882083e-10,1.0,True,False,1,True,True,0.0013578999933088198,1,1.2346941379384694e-10,1.0246002022868926e-11,`gtol` termination condition is satisfied.,True,True,0.010000000000001563,1.7614673608612463e-11,1.0,2.186293011134511e-12,9.923251355582463e-13,1.2137656652263217e-10,1.0042166944768967e-11
21.770000000000604,1786132521.6924276,0.0054352000006474555,0.00552859999879729,0.01,TELEOP,0,,0.0,21.770000000000604,2177,0.08,0.0,0.0,0.0,0.0,0.17364817766693036,0.9848077530122081,0.08,0.0,0.0,0.0,0.0,0.17364817766693036,0.9848077530122081,0.006998816929891145,-0.22495249069560952,0.28023538868242587,-0.13000972298710123,0.011452291375236975,0.0858434372006431,0.9877232513415147,0.006998816929891145,-0.22495249069560952,0.28023538868242587,-0.13000972298710123,0.011452291375236975,0.0858434372006431,0.9877232513415147,0.006998816940044696,-0.22495249075682894,0.28023538878916754,-0.13000972298204433,0.011452291375702172,0.08584343720054728,0.9877232513421833,0.006998816939316359,-0.22495249075570967,0.2802353887872069,-0.1300097229821544,0.011452291375638633,0.08584343720095848,0.9877232513421339,0.006998816939316359,-0.22495249075570967,0.2802353887872069,-0.1300097229821544,0.011452291375638633,0.08584343720095848,0.9877232513421339,0.14289459867500995,-0.5114106861434556,0.7777399675562217,-0.07045882235020899,0.5252748074965435,-0.02379980516405522,0.14289459866848878,-0.5114106861541955,0.7777399675761727,-0.07045882236322082,0.5252748075064445,-0.023799805176862095,0.14289459866848878,-0.5114106861541955,0.7777399675761727,-0.07045882236322082,0.5252748075064445,-0.023799805176862095,9.775893907817147e-11,-9.419073606673593e-11,1.928099501134004e-10,2.2566873196800357e-10,9.226919380034018e-11,2.2702394065250577e-10,-3.206303840704968e-10,1.5985476185553445e-09,-3.118190189860877e-09,-8.948287239810179e-10,-1.5189822601425975e-09,-9.216484628213013e-10,1.0,True,False,1,True,True,0.0015533999976469204,1,1.2346941379384694e-10,1.0246002022868926e-11,`gtol` termination condition is satisfied.,True,True,0.010000000000001563,1.802291649255494e-11,1.0,2.3722157276721425e-12,8.664326211504306e-13,1.2116073581950488e-10,1.0023003674850863e-11
21.780000000000605,1786132521.6971505,0.005759399995440617,0.004491400002734736,0.01,TELEOP,0,,0.0,21.780000000000605,2178,0.08,0.0,0.0,0.0,0.0,0.17364817766693036,0.9848077530122081,0.08,0.0,0.0,0.0,0.0,0.17364817766693036,0.9848077530122081,0.006998816929891145,-0.22495249069560952,0.28023538868242587,-0.13000972298710123,0.011452291375236975,0.0858434372006431,0.9877232513415147,0.006998816929891145,-0.22495249069560952,0.28023538868242587,-0.13000972298710123,0.011452291375236975,0.0858434372006431,0.9877232513415147,0.006998816940044696,-0.22495249075682894,0.28023538878916754,-0.13000972298204433,0.011452291375702172,0.08584343720054728,0.9877232513421833,0.006998816939384433,-0.22495249075561577,0.28023538878704457,-0.1300097229821595,0.01145229137564639,0.08584343720089554,0.9877232513421386,0.006998816939384433,-0.22495249075561577,0.28023538878704457,-0.1300097229821595,0.01145229137564639,0.08584343720089554,0.9877232513421386,0.14289459867500995,-0.5114106861434556,0.7777399675562217,-0.07045882235020899,0.5252748074965435,-0.02379980516405522,0.1428945986694302,-0.5114106861549843,0.7777399675778016,-0.07045882236106182,0.5252748075072216,-0.023799805174692105,0.1428945986694302,-0.5114106861549843,0.7777399675778016,-0.07045882236106182,0.5252748075072216,-0.023799805174692105,9.414095282922051e-11,-7.88832764979681e-11,1.628875648126808e-10,2.158989957806647e-10,7.77044214464157e-11,2.1699894116559743e-10,-3.617986248950391e-10,1.5307459568765436e-09,-2.9922385300714935e-09,-9.769736187337352e-10,-1.45647723539222e-09,-1.0024999486906775e-09,1.0,True,False,1,True,True,0.0011525000008987263,1,1.2346941379384694e-10,1.0246002022868926e-11,`gtol` termination condition is satisfied.,True,True,0.010000000000001563,1.995104081942145e-11,1.0,2.532729894271321e-12,7.474173929436582e-13,1.2097911177507414e-10,1.0008302286680509e-11
21.790000000000607,1786132521.7020116,0.004706200008513406,0.004646900008083321,0.01,TELEOP,0,,0.0,21.790000000000607,2179,0.08,0.0,0.0,0.0,0.0,0.17364817766693036,0.9848077530122081,0.08,0.0,0.0,0.0,0.0,0.17364817766693036,0.9848077530122081,0.006998816929891145,-0.22495249069560952,0.28023538868242587,-0.13000972298710123,0.011452291375236975,0.0858434372006431,0.9877232513415147,0.006998816929891145,-0.22495249069560952,0.28023538868242587,-0.13000972298710123,0.011452291375236975,0.0858434372006431,0.9877232513415147,0.006998816940044696,-0.22495249075682894,0.28023538878916754,-0.13000972298204433,0.011452291375702172,0.08584343720054728,0.9877232513421833,0.006998816939451393,-0.22495249075553805,0.28023538878691046,-0.13000972298216332,0.011452291375653909,0.08584343720083537,0.9877232513421432,0.006998816939451393,-0.22495249075553805,0.28023538878691046,-0.13000972298216332,0.011452291375653909,0.08584343720083537,0.9877232513421432,0.14289459867500995,-0.5114106861434556,0.7777399675562217,-0.07045882235020899,0.5252748074965435,-0.02379980516405522,0.14289459867033188,-0.5114106861556273,0.7777399675791449,-0.07045882235900738,0.5252748075078597,-0.02379980517262908,0.14289459867033188,-0.5114106861556273,0.7777399675791449,-0.07045882235900738,0.5252748075078597,-0.02379980517262908,9.017070598036895e-11,-6.430365143562814e-11,1.343275177163755e-10,2.054441020500225e-10,6.381376547272452e-11,2.0630242088438408e-10,-3.970246848850937e-10,1.457962506233768e-09,-2.8560047096300817e-09,-1.0454893730640577e-09,-1.3890655973689013e-09,-1.069652028121167e-09,1.0,True,False,1,True,True,0.0011750999983632937,1,1.2346941379384694e-10,1.0246002022868926e-11,`gtol` termination condition is satisfied.,True,True,0.010000000000001563,2.157996004115148e-11,1.0,2.666986287307186e-12,6.358859146240176e-13,1.208298664911286e-10,9.997765353721706e-12
21.80000000000061,1786132521.7069027,0.004857099993387237,0.004681299993535504,0.01,TELEOP,0,,0.0,21.80000000000061,2180,0.08,0.0,0.0,0.0,0.0,0.17364817766693036,0.9848077530122081,0.08,0.0,0.0,0.0,0.0,0.17364817766693036,0.9848077530122081,0.006998816929891145,-0.22495249069560952,0.28023538868242587,-0.13000972298710123,0.011452291375236975,0.0858434372006431,0.9877232513415147,0.006998816929891145,-0.22495249069560952,0.28023538868242587,-0.13000972298710123,0.011452291375236975,0.0858434372006431,0.9877232513415147,0.006998816940044696,-0.22495249075682894,0.28023538878916754,-0.13000972298204433,0.011452291375702172,0.08584343720054728,0.9877232513421833,0.00699881693951691,-0.22495249075547585,0.2802353887868032,-0.1300097229821659,0.011452291375661136,0.08584343720077828,0.9877232513421478,0.00699881693951691,-0.22495249075547585,0.2802353887868032,-0.1300097229821659,0.011452291375661136,0.08584343720077828,0.9877232513421478,0.14289459867500995,-0.5114106861434556,0.7777399675562217,-0.07045882235020899,0.5252748074965435,-0.02379980516405522,0.14289459867119095,-0.5114106861561323,0.777739967580217,-0.07045882235706305,0.5252748075083661,-0.023799805170678437,0.14289459867119095,-0.5114106861561323,0.777739967580217,-0.07045882235706305,0.5252748075083661,-0.023799805170678437,8.590513568487655e-11,-5.049243875635629e-11,1.0721465590761395e-10,1.944337550528412e-10,5.063750013951151e-11,1.9506462217990205e-10,-4.2655702954917357e-10,1.3811212679269691e-09,-2.7112861808757307e-09,-1.1010346997179586e-09,-1.3176265333210956e-09,-1.1237798704480261e-09,1.0,True,False,1,True,True,0.0012483000027714297,1,1.2346941379384694e-10,1.0246002022868926e-11,`gtol` termination condition is satisfied.,True,True,0.010000000000001563,2.2923218878645457e-11,1.0,2.7747894024567634e-12,5.332062420858309e-13,1.2071148432541194e-10,9.99126508177446e-12
21.81000000000061,1786132521.7116132,0.004945200009387918,0.004446200007805601,0.01,TELEOP,0,,0.0,21.81000000000061,2181,0.08,0.0,0.0,0.0,0.0,0.17364817766693036,0.9848077530122081,0.08,0.0,0.0,0.0,0.0,0.17364817766693036,0.9848077530122081,0.006998816929891145,-0.22495249069560952,0.28023538868242587,-0.13000972298710123,0.011452291375236975,0.0858434372006431,0.9877232513415147,0.006998816929891145,-0.22495249069560952,0.28023538868242587,-0.13000972298710123,0.011452291375236975,0.0858434372006431,0.9877232513415147,0.006998816940044696,-0.22495249075682894,0.28023538878916754,-0.13000972298204433,0.011452291375702172,0.08584343720054728,0.9877232513421833,0.0069988169395806404,-0.22495249075542822,0.28023538878672133,-0.13000972298216754,0.011452291375668036,0.0858434372007243,0.9877232513421521,0.0069988169395806404,-0.22495249075542822,0.28023538878672133,-0.13000972298216754,0.011452291375668036,0.0858434372007243,0.9877232513421521,0.14289459867500995,-0.5114106861434556,0.7777399675562217,-0.07045882235020899,0.5252748074965435,-0.02379980516405522,0.14289459867200494,-0.5114106861565071,0.7777399675810331,-0.07045882235523314,0.5252748075087481,-0.02379980516884435,0.14289459867200494,-0.5114106861565071,0.7777399675810331,-0.07045882235523314,0.5252748075087481,-0.02379980516884435,8.139845817728673e-11,-3.74815150284131e-11,8.161665593369352e-11,1.829907053172124e-10,3.8207609194113905e-11,1.834086924597993e-10,-4.506677507589126e-10,1.3010923727941149e-09,-2.5597999973916425e-09,-1.1443049735627005e-09,-1.242989094539566e-09,-1.1655929720100953e-09,1.0,True,False,1,True,True,0.0011418999929446727,1,1.2346941379384694e-10,1.0246002022868926e-11,`gtol` termination condition is satisfied.,True,True,0.010000000000001563,2.399536125352597e-11,1.0,2.8567966864544116e-12,4.4118959103538673e-13,1.2062216661293165e-10,9.987972755989707e-12
21.82000000000061,1786132521.7175064,0.004658799996832386,0.00568050000583753,0.01,TELEOP,0,,0.0,21.82000000000061,2182,0.08,0.0,0.0,0.0,0.0,0.17364817766693036,0.9848077530122081,0.08,0.0,0.0,0.0,0.0,0.17364817766693036,0.9848077530122081,0.006998816929891145,-0.22495249069560952,0.28023538868242587,-0.13000972298710123,0.011452291375236975,0.0858434372006431,0.9877232513415147,0.006998816929891145,-0.22495249069560952,0.28023538868242587,-0.13000972298710123,0.011452291375236975,0.0858434372006431,0.9877232513415147,0.006998816940044696,-0.22495249075682894,0.28023538878916754,-0.13000972298204433,0.011452291375702172,0.08584343720054728,0.9877232513421833,0.006998816939642268,-0.2249524907553942,0.2802353887866632,-0.13000972298216815,0.0114522913756746,0.0858434372006736,0.9877232513421563,0.006998816939642268,-0.2249524907553942,0.2802353887866632,-0.13000972298216815,0.0114522913756746,0.0858434372006736,0.9877232513421563,0.14289459867500995,-0.5114106861434556,0.7777399675562217,-0.07045882235020899,0.5252748074965435,-0.02379980516405522,0.14289459867277196,-0.51141068615676,0.777739967581609,-0.07045882235352083,0.5252748075090136,-0.023799805167129845,0.14289459867277196,-0.51141068615676,0.777739967581609,-0.07045882235352083,0.5252748075090136,-0.023799805167129845,7.670206784666299e-11,-2.529454932424764e-11,5.75850691899598e-11,1.7123047137722582e-10,2.6548245450573503e-11,1.7145041769089895e-10,-4.696390330622994e-10,1.218696570416356e-09,-2.4031586743729965e-09,-1.176023393998475e-09,-1.1659363743538579e-09,-1.1958274768898474e-09,1.0,True,False,1,True,True,0.0014232000103220344,1,1.2346941379384694e-10,1.0246002022868926e-11,`gtol` termination condition is satisfied.,True,True,0.010000000000001563,2.4811486198927923e-11,1.0,2.9141207686589907e-12,3.621051713979876e-13,1.2056000702405832e-10,9.987796877473302e-12
21.830000000000613,1786132521.722663,0.005895800000871532,0.004941800012602471,0.01,TELEOP,0,,0.0,21.830000000000613,2183,0.08,0.0,0.0,0.0,0.0,0.17364817766693036,0.9848077530122081,0.08,0.0,0.0,0.0,0.0,0.17364817766693036,0.9848077530122081,0.006998816929891145,-0.22495249069560952,0.28023538868242587,-0.13000972298710123,0.011452291375236975,0.0858434372006431,0.9877232513415147,0.006998816929891145,-0.22495249069560952,0.28023538868242587,-0.13000972298710123,0.011452291375236975,0.0858434372006431,0.9877232513415147,0.006998816940044696,-0.22495249075682894,0.28023538878916754,-0.13000972298204433,0.011452291375702172,0.08584343720054728,0.9877232513421833,0.006998816939701561,-0.22495249075537302,0.28023538878662735,-0.13000972298216784,0.0114522913756808,0.08584343720062629,0.9877232513421604,0.006998816939701561,-0.22495249075537302,0.28023538878662735,-0.13000972298216784,0.0114522913756808,0.08584343720062629,0.9877232513421604,0.14289459867500995,-0.5114106861434556,0.7777399675562217,-0.07045882235020899,0.5252748074965435,-0.02379980516405522,0.1428945986734906,-0.5114106861568994,0.7777399675819606,-0.07045882235192821,0.5252748075091703,-0.023799805165536866,0.1428945986734906,-0.5114106861568994,0.7777399675819606,-0.07045882235192821,0.5252748075091703,-0.023799805165536866,7.186438689627324e-11,-1.394753298083942e-11,3.515620308954229e-11,1.5926115217621922e-10,1.567615207094779e-11,1.5929803836167025e-10,-4.837680950389006e-10,1.1347016343406446e-09,-2.2428866100414003e-09,-1.1969319201004747e-09,-1.0872093379624014e-09,-1.2152379329226792e-09,1.0,True,False,1,True,True,0.0011889000015798956,1,1.2346941379384694e-10,1.0246002022868926e-11,`gtol` termination condition is satisfied.,True,True,0.010000000000001563,2.5387358881800992e-11,1.0,2.9478819126699917e-12,2.9982914155659536e-13,1.2052331211195568e-10,9.990473384418332e-12
21.840000000000614,1786132521.7276428,0.005198099999688566,0.004723400008515455,0.01,TELEOP,0,,0.0,21.840000000000614,2184,0.08,0.0,0.0,0.0,0.0,0.17364817766693036,0.9848077530122081,0.08,0.0,0.0,0.0,0.0,0.17364817766693036,0.9848077530122081,0.006998816929891145,-0.22495249069560952,0.28023538868242587,-0.13000972298710123,0.011452291375236975,0.0858434372006431,0.9877232513415147,0.006998816929891145,-0.22495249069560952,0.28023538868242587,-0.13000972298710123,0.011452291375236975,0.0858434372006431,0.9877232513415147,0.006998816940044696,-0.22495249075682894,0.28023538878916754,-0.13000972298204433,0.011452291375702172,0.08584343720054728,0.9877232513421833,0.00699881693975829,-0.22495249075536378,0.2802353887866121,-0.13000972298216665,0.011452291375686631,0.08584343720058231,0.9877232513421643,0.00699881693975829,-0.22495249075536378,0.2802353887866121,-0.13000972298216665,0.011452291375686631,0.08584343720058231,0.9877232513421643,0.14289459867500995,-0.5114106861434556,0.7777399675562217,-0.07045882235020899,0.5252748074965435,-0.02379980516405522,0.1428945986741599,-0.511410686156934,0.7777399675821042,-0.07045882235045638,0.5252748075092264,-0.023799805164066344,0.1428945986741599,-0.511410686156934,0.7777399675821042,-0.07045882235045638,0.5252748075092264,-0.023799805164066344,6.693078535574937e-11,-3.4492652133452675e-12,1.4352237197563446e-11,1.4718329365250148e-10,5.601202937487489e-12,1.470521217399087e-10,-4.933601540523098e-10,1.0498267767492511e-09,-2.0803965891975594e-09,-1.2077858523715853e-09,-1.0074949133458727e-09,-1.224591662175964e-09,1.0,True,False,1,True,True,0.001229999994393438,1,1.2346941379384694e-10,1.0246002022868926e-11,`gtol` termination condition is satisfied.,True,True,0.010000000000001563,2.573896651369978e-11,1.0,2.959574441216588e-12,2.591649734479752e-13,1.2051016238280681e-10,9.995581528552741e-12
21.850000000000616,1786132521.7326155,0.00494859999162145,0.004747300001326948,0.01,TELEOP,0,,0.0,21.850000000000616,2185,0.08,0.0,0.0,0.0,0.0,0.17364817766693036,0.9848077530122081,0.08,0.0,0.0,0.0,0.0,0.17364817766693036,0.9848077530122081,0.006998816929891145,-0.22495249069560952,0.28023538868242587,-0.13000972298710123,0.011452291375236975,0.0858434372006431,0.9877232513415147,0.006998816929891145,-0.22495249069560952,0.28023538868242587,-0.13000972298710123,0.011452291375236975,0.0858434372006431,0.9877232513415147,0.006998816940044696,-0.22495249075682894,0.28023538878916754,-0.13000972298204433,0.011452291375702172,0.08584343720054728,0.9877232513421833,0.006998816939812275,-0.22495249075536536,0.28023538878661586,-0.13000972298216487,0.011452291375692095,0.08584343720054179,0.9877232513421681,0.006998816939812275,-0.22495249075536536,0.28023538878661586,-0.13000972298216487,0.011452291375692095,0.08584343720054179,0.9877232513421681,0.14289459867500995,-0.5114106861434556,0.7777399675562217,-0.07045882235020899,0.5252748074965435,-0.02379980516405522,0.14289459867477936,-0.511410686156872,0.777739967582056,-0.07045882234910548,0.5252748075091896,-0.02379980516271829,0.14289459867477936,-0.511410686156872,0.777739967582056,-0.07045882234910548,0.5252748075091896,-0.02379980516271829,6.194352703360576e-11,6.198124640236629e-12,-4.8177536458363765e-12,1.3508981462969538e-10,-3.673102006200697e-12,1.3480550259972546e-10,-4.987258322142829e-10,9.647389853580388e-10,-1.9169990843396827e-09,-1.209347902280422e-09,-9.274304943686736e-10,-1.2246619140181306e-09,1.0,True,False,1,True,True,0.0011990999919362366,1,1.2346941379384694e-10,1.0246002022868926e-11,`gtol` termination condition is satisfied.,True,True,0.010000000000001563,2.5882518350783812e-11,1.0,2.9507898058429446e-12,2.440824167973843e-13,1.2051864230245266e-10,1.0002380859839057e-11
21.860000000000618,1786132521.7374713,0.005016000010073185,0.004587300005368888,0.01,TELEOP,0,,0.0,21.860000000000618,2186,0.08,0.0,0.0,0.0,0.0,0.17364817766693036,0.9848077530122081,0.08,0.0,0.0,0.0,0.0,0.17364817766693036,0.9848077530122081,0.006998816929891145,-0.22495249069560952,0.28023538868242587,-0.13000972298710123,0.011452291375236975,0.0858434372006431,0.9877232513415147,0.006998816929891145,-0.22495249069560952,0.28023538868242587,-0.13000972298710123,0.011452291375236975,0.0858434372006431,0.9877232513415147,0.006998816940044696,-0.22495249075682894,0.28023538878916754,-0.13000972298204433,0.011452291375702172,0.08584343720054728,0.9877232513421833,0.0069988169398633865,-0.22495249075537707,0.28023538878663706,-0.1300097229821623,0.011452291375697168,0.08584343720050466,0.9877232513421715,0.0069988169398633865,-0.22495249075537707,0.28023538878663706,-0.1300097229821623,0.011452291375697168,0.08584343720050466,0.9877232513421715,0.14289459867500995,-0.5114106861434556,0.7777399675562217,-0.07045882235020899,0.5252748074965435,-0.02379980516405522,0.14289459867534876,-0.511410686156722,0.7777399675818324,-0.07045882234787483,0.5252748075090682,-0.02379980516149186,0.14289459867534876,-0.511410686156722,0.7777399675818324,-0.07045882234787483,0.5252748075090682,-0.02379980516149186,5.694170069900911e-11,1.499854419714901e-11,-2.235678436390489e-11,1.2306600634435348e-10,-1.2149028494779262e-11,1.2264328671207031e-10,-5.001826334595865e-10,8.800419556911004e-10,-1.7539030718065773e-09,-1.2023808285340016e-09,-8.47592648857724e-10,-1.2162215887653242e-09,1.0,True,False,1,True,True,0.0011529000039445236,1,1.2346941379384694e-10,1.0246002022868926e-11,`gtol` termination condition is satisfied.,True,True,0.010000000000001563,2.583433467151508e-11,1.0,2.9230287771364476e-12,2.5215596617213726e-13,1.2054699951251218e-10,1.0011084211259783e-11
21.87000000000062,1786132521.742365,0.004809399993973784,0.004671299990150146,0.01,TELEOP,0,,0.0,21.87000000000062,2187,0.08,0.0,0.0,0.0,0.0,0.17364817766693036,0.9848077530122081,0.08,0.0,0.0,0.0,0.0,0.17364817766693036,0.9848077530122081,0.006998816929891145,-0.22495249069560952,0.28023538868242587,-0.13000972298710123,0.011452291375236975,0.0858434372006431,0.9877232513415147,0.006998816929891145,-0.22495249069560952,0.28023538868242587,-0.13000972298710123,0.011452291375236975,0.0858434372006431,0.9877232513415147,0.006998816940044696,-0.22495249075682894,0.28023538878916754,-0.13000972298204433,0.011452291375702172,0.08584343720054728,0.9877232513421833,0.006998816939911497,-0.22495249075539792,0.2802353887866741,-0.1300097229821591,0.01145229137570186,0.08584343720047091,0.9877232513421749,0.006998816939911497,-0.22495249075539792,0.2802353887866741,-0.1300097229821591,0.01145229137570186,0.08584343720047091,0.9877232513421749,0.14289459867500995,-0.5114106861434556,0.7777399675562217,-0.07045882235020899,0.5252748074965435,-0.02379980516405522,0.14289459867586837,-0.5114106861564924,0.7777399675814496,-0.07045882234676293,0.5252748075088698,-0.02379980516038543,0.14289459867586837,-0.5114106861564924,0.7777399675814496,-0.07045882234676293,0.5252748075088698,-0.02379980516038543,5.1961272646632584e-11,2.296143495027213e-11,-3.8278952162995563e-11,1.1118956092499748e-10,-1.9834281665633105e-11,1.1064289982180253e-10,-4.980428052375748e-10,7.962890753121876e-10,-1.5922167799088187e-09,-1.187644541935414e-09,-7.685253170852643e-10,-1.2000386890265899e-09,1.0,True,False,1,True,True,0.0011987999896518886,1,1.2346941379384694e-10,1.0246002022868926e-11,`gtol` termination condition is satisfied.,True,True,0.010000000000001563,2.5610735754355574e-11,1.0,2.8779955188029308e-12,2.7619038246515157e-13,1.2059333080012143e-10,1.002120839011819e-11
21.88000000000062,1786132521.7480948,0.004886599999736063,0.005514699994819239,0.01,TELEOP,0,,0.0,21.88000000000062,2188,0.08,0.0,0.0,0.0,0.0,0.17364817766693036,0.9848077530122081,0.08,0.0,0.0,0.0,0.0,0.17364817766693036,0.9848077530122081,0.006998816929891145,-0.22495249069560952,0.28023538868242587,-0.13000972298710123,0.011452291375236975,0.0858434372006431,0.9877232513415147,0.006998816929891145,-0.22495249069560952,0.28023538868242587,-0.13000972298710123,0.011452291375236975,0.0858434372006431,0.9877232513415147,0.006998816940044696,-0.22495249075682894,0.28023538878916754,-0.13000972298204433,0.011452291375702172,0.08584343720054728,0.9877232513421833,0.006998816939956513,-0.22495249075542684,0.2802353887867253,-0.13000972298215546,0.011452291375706159,0.08584343720044053,0.987723251342178,0.006998816939956513,-0.22495249075542684,0.2802353887867253,-0.13000972298215546,0.011452291375706159,0.08584343720044053,0.987723251342178,0.14289459867500995,-0.5114106861434556,0.7777399675562217,-0.07045882235020899,0.5252748074965435,-0.02379980516405522,0.14289459867633872,-0.5114106861561915,0.7777399675809235,-0.07045882234576763,0.5252748075086023,-0.02379980515939669,0.14289459867633872,-0.5114106861561915,0.7777399675809235,-0.07045882234576763,0.5252748075086023,-0.02379980515939669,4.703503850757898e-11,3.010131111182064e-11,-5.26084359101543e-11,9.953066495937264e-11,-2.674132147884587e-11,9.887419277679342e-11,-4.926234139052834e-10,7.139876161547394e-10,-1.4329483747156496e-09,-1.1658895965623018e-09,-6.907039813211686e-10,-1.1768707045007279e-09,1.0,True,False,1,True,True,0.0010886999953072518,1,1.2346941379384694e-10,1.0246002022868926e-11,`gtol` termination condition is satisfied.,True,True,0.010000000000001563,2.522793085546482e-11,1.0,2.817457595491863e-12,3.084768014046793e-13,1.2065570886568388e-10,1.0032274271952633e-11
21.890000000000622,1786132521.7545469,0.005880400000023656,0.0060864999977638945,0.01,TELEOP,0,,0.0,21.890000000000622,2189,0.08,0.0,0.0,0.0,0.0,0.17364817766693036,0.9848077530122081,0.08,0.0,0.0,0.0,0.0,0.17364817766693036,0.9848077530122081,0.006998816929891145,-0.22495249069560952,0.28023538868242587,-0.13000972298710123,0.011452291375236975,0.0858434372006431,0.9877232513415147,0.006998816929891145,-0.22495249069560952,0.28023538868242587,-0.13000972298710123,0.011452291375236975,0.0858434372006431,0.9877232513415147,0.006998816940044696,-0.22495249075682894,0.28023538878916754,-0.13000972298204433,0.011452291375702172,0.08584343720054728,0.9877232513421833,0.006998816939998393,-0.2249524907554632,0.2802353887867893,-0.1300097229821514,0.011452291375710067,0.08584343720041342,0.9877232513421808,0.006998816939998393,-0.2249524907554632,0.2802353887867893,-0.1300097229821514,0.011452291375710067,0.08584343720041342,0.9877232513421808,0.14289459867500995,-0.5114106861434556,0.7777399675562217,-0.07045882235020899,0.5252748074965435,-0.02379980516405522,0.14289459867676066,-0.5114106861558271,0.7777399675802696,-0.07045882234488611,0.5252748075082735,-0.023799805158522695,0.14289459867676066,-0.5114106861558271,0.7777399675802696,-0.07045882234488611,0.5252748075082735,-0.023799805158522695,4.2192694724292046e-11,3.643718268909006e-11,-6.537842469826493e-11,8.815216236325225e-11,-3.28870435807962e-11,8.739958608303337e-11,-4.842343783286178e-10,6.335871577268433e-10,-1.2769988788108642e-09,-1.1378502596118617e-09,-6.145722101949373e-10,-1.1474606693758256e-09,1.0,True,False,1,True,True,0.0018898999987868592,1,1.2346941379384694e-10,1.0246002022868926e-11,`gtol` termination condition is satisfied.,True,True,0.010000000000001563,2.4701796164094958e-11,1.0,2.7429059267174315e-12,3.4326720447017487e-13,1.2073251371650057e-10,1.0044056070457327e-11
21.900000000000624,1786132521.7595134,0.006347700007609092,0.0047048999986145645,0.01,TELEOP,0,,0.0,21.900000000000624,2190,0.08,0.0,0.0,0.0,0.0,0.17364817766693036,0.9848077530122081,0.08,0.0,0.0,0.0,0.0,0.17364817766693036,0.9848077530122081,0.006998816929891145,-0.22495249069560952,0.28023538868242587,-0.13000972298710123,0.011452291375236975,0.0858434372006431,0.9877232513415147,0.006998816929891145,-0.22495249069560952,0.28023538868242587,-0.13000972298710123,0.011452291375236975,0.0858434372006431,0.9877232513415147,0.006998816940044696,-0.22495249075682894,0.28023538878916754,-0.13000972298204433,0.011452291375702172,0.08584343720054728,0.9877232513421833,0.006998816940037112,-0.22495249075550589,0.2802353887868644,-0.13000972298214683,0.0114522913757136,0.0858434372003895,0.9877232513421834,0.006998816940037112,-0.22495249075550589,0.2802353887868644,-0.13000972298214683,0.0114522913757136,0.0858434372003895,0.9877232513421834,0.14289459867500995,-0.5114106861434556,0.7777399675562217,-0.07045882235020899,0.5252748074965435,-0.02379980516405522,0.14289459867713528,-0.5114106861554072,0.7777399675795034,-0.07045882234411502,0.5252748075078906,-0.02379980515775995,0.14289459867713528,-0.5114106861554072,0.7777399675795034,-0.07045882234411502,0.5252748075078906,-0.02379980515775995,3.74608655198146e-11,4.199202663722443e-11,-7.663021279625378e-11,7.710970367684168e-11,-3.8292255465990855e-11,7.627425541891967e-11,-4.731829204476705e-10,5.554843948133498e-10,-1.1251788097987092e-09,-1.1042458686408846e-09,-5.405211885193809e-10,-1.1125330664111958e-09,1.0,True,False,1,True,True,0.0011877000069944188,1,1.2346941379384694e-10,1.0246002022868926e-11,`gtol` termination condition is satisfied.,True,True,0.010000000000001563,2.4047985824893203e-11,1.0,2.656136555741499e-12,3.769849762867634e-13,1.208218455069633e-10,1.0056787256333625e-11
21.910000000000625,1786132521.7657185,0.004970899986801669,0.005940000002738088,0.01,TELEOP,0,,0.0,21.910000000000625,2191,0.08,0.0,0.0,0.0,0.0,0.17364817766693036,0.9848077530122081,0.08,0.0,0.0,0.0,0.0,0.17364817766693036,0.9848077530122081,0.006998816929891145,-0.22495249069560952,0.28023538868242587,-0.13000972298710123,0.011452291375236975,0.0858434372006431,0.9877232513415147,0.006998816929891145,-0.22495249069560952,0.28023538868242587,-0.13000972298710123,0.011452291375236975,0.0858434372006431,0.9877232513415147,0.006998816940044696,-0.22495249075682894,0.28023538878916754,-0.13000972298204433,0.011452291375702172,0.08584343720054728,0.9877232513421833,0.006998816940072653,-0.22495249075555435,0.2802353887869492,-0.130009722982142,0.011452291375716758,0.08584343720036869,0.9877232513421859,0.006998816940072653,-0.22495249075555435,0.2802353887869492,-0.130009722982142,0.011452291375716758,0.08584343720036869,0.9877232513421859,0.14289459867500995,-0.5114106861434556,0.7777399675562217,-0.07045882235020899,0.5252748074965435,-0.02379980516405522,0.1428945986774639,-0.5114106861549392,0.7777399675786393,-0.0704588223434505,0.5252748075074608,-0.02379980515710449,0.1428945986774639,-0.5114106861549392,0.7777399675786393,-0.0704588223434505,0.5252748075074608,-0.02379980515710449,3.286320471842964e-11,4.679237918140774e-11,-8.641221582246813e-11,6.645196965598928e-11,-4.298111919325722e-11,6.554635228612163e-11,-4.59766080138424e-10,4.800352544182555e-10,-9.782003026212823e-10,-1.0657734020850737e-09,-4.688863727265633e-10,-1.0727903132796368e-09,1.0,True,False,1,True,True,0.0012488000065786764,1,1.2346941379384694e-10,1.0246002022868926e-11,`gtol` termination condition is satisfied.,True,True,0.010000000000001563,2.328170989329692e-11,1.0,2.5585899572761903e-12,4.0819819458193936e-13,1.2092217672569498e-10,1.006972006265823e-11
21.920000000000627,1786132521.7741323,0.0062870000110706314,0.008065999994869344,0.01,TELEOP,0,,0.0,21.920000000000627,2192,0.08,0.0,0.0,0.0,0.0,0.17364817766693036,0.9848077530122081,0.08,0.0,0.0,0.0,0.0,0.17364817766693036,0.9848077530122081,0.006998816929891145,-0.22495249069560952,0.28023538868242587,-0.13000972298710123,0.011452291375236975,0.0858434372006431,0.9877232513415147,0.006998816929891145,-0.22495249069560952,0.28023538868242587,-0.13000972298710123,0.011452291375236975,0.0858434372006431,0.9877232513415147,0.006998816940044696,-0.22495249075682894,0.28023538878916754,-0.13000972298204433,0.011452291375702172,0.08584343720054728,0.9877232513421833,0.006998816940105051,-0.22495249075560755,0.2802353887870424,-0.13000972298213673,0.011452291375719561,0.08584343720035084,0.9877232513421881,0.006998816940105051,-0.22495249075560755,0.2802353887870424,-0.13000972298213673,0.011452291375719561,0.08584343720035084,0.9877232513421881,0.14289459867500995,-0.5114106861434556,0.7777399675562217,-0.07045882235020899,0.5252748074965435,-0.02379980516405522,0.14289459867774812,-0.5114106861544305,0.7777399675776915,-0.07045882234288829,0.525274807506991,-0.023799805156551918,0.14289459867774812,-0.5114106861544305,0.7777399675776915,-0.07045882234288829,0.525274807506991,-0.023799805156551918,2.8420469806542724e-11,5.0867730815742665e-11,-9.477899180478541e-11,5.6220905142854234e-11,-4.698079473989545e-11,5.525725927831315e-11,-4.4427349118862193e-10,4.075351634334291e-10,-8.366775982315963e-10,-1.0231064513133447e-09,-3.9996755466376026e-10,-1.0289093007806868e-09,1.0,True,False,1,True,True,0.001957799991942011,1,1.2346941379384694e-10,1.0246002022868926e-11,`gtol` termination condition is satisfied.,True,True,0.010000000000001563,2.241762331323116e-11,1.0,2.451859248860256e-12,4.3567747010046254e-13,1.2103184684634348e-10,1.0083293694252737e-11
21.93000000000063,1786132521.7807813,0.008447000000160187,0.006268199998885393,0.01,TELEOP,0,,0.0,21.93000000000063,2193,0.08,0.0,0.0,0.0,0.0,0.17364817766693036,0.9848077530122081,0.08,0.0,0.0,0.0,0.0,0.17364817766693036,0.9848077530122081,0.006998816929891145,-0.22495249069560952,0.28023538868242587,-0.13000972298710123,0.011452291375236975,0.0858434372006431,0.9877232513415147,0.006998816929891145,-0.22495249069560952,0.28023538868242587,-0.13000972298710123,0.011452291375236975,0.0858434372006431,0.9877232513415147,0.006998816940044696,-0.22495249075682894,0.28023538878916754,-0.13000972298204433,0.011452291375702172,0.08584343720054728,0.9877232513421833,0.006998816940134312,-0.22495249075566476,0.2802353887871425,-0.13000972298213126,0.011452291375722002,0.08584343720033583,0.9877232513421901,0.006998816940134312,-0.22495249075566476,0.2802353887871425,-0.13000972298213126,0.011452291375722002,0.08584343720033583,0.9877232513421901,0.14289459867500995,-0.5114106861434556,0.7777399675562217,-0.07045882235020899,0.5252748074965435,-0.02379980516405522,0.14289459867798962,-0.5114106861538881,0.7777399675766736,-0.07045882234242377,0.5252748075064877,-0.0237998051560975,0.14289459867798962,-0.5114106861538881,0.7777399675766736,-0.07045882234242377,0.5252748075064877,-0.0237998051560975,2.4150589821824162e-11,5.4250203015352874e-11,-1.0179034381904652e-10,4.645201054617331e-11,-5.032088177985444e-11,4.5441860217583405e-11,-4.269879984717894e-10,3.3824721996096805e-10,-7.011352014260011e-10,-9.768894596679395e-10,-3.340087039958469e-10,-9.815399060728208e-10,1.0,True,False,1,True,True,0.0021111999958520755,1,1.2346941379384694e-10,1.0246002022868926e-11,`gtol` termination condition is satisfied.,True,True,0.010000000000001563,2.1469825917108665e-11,1.0,2.3375543370840408e-12,4.591534164748034e-13,1.211491871782379e-10,1.0096796779171849e-11
21.94000000000063,1786132521.7855554,0.0064962999895215034,0.004546099997241981,0.01,TELEOP,0,,0.0,21.94000000000063,2194,0.08,0.0,0.0,0.0,0.0,0.17364817766693036,0.9848077530122081,0.08,0.0,0.0,0.0,0.0,0.17364817766693036,0.9848077530122081,0.006998816929891145,-0.22495249069560952,0.28023538868242587,-0.13000972298710123,0.011452291375236975,0.0858434372006431,0.9877232513415147,0.006998816929891145,-0.22495249069560952,0.28023538868242587,-0.13000972298710123,0.011452291375236975,0.0858434372006431,0.9877232513415147,0.006998816940044696,-0.22495249075682894,0.28023538878916754,-0.13000972298204433,0.011452291375702172,0.08584343720054728,0.9877232513421833,0.006998816940160517,-0.22495249075572543,0.2802353887872484,-0.13000972298212576,0.011452291375724103,0.08584343720032353,0.9877232513421919,0.006998816940160517,-0.22495249075572543,0.2802353887872484,-0.13000972298212576,0.011452291375724103,0.08584343720032353,0.9877232513421919,0.14289459867500995,-0.5114106861434556,0.7777399675562217,-0.07045882235020899,0.5252748074965435,-0.02379980516405522,0.14289459867819032,-0.5114106861533183,0.7777399675755985,-0.07045882234205203,0.5252748075059573,-0.023799805155736212,0.14289459867819032,-0.5114106861533183,0.7777399675755985,-0.07045882234205203,0.5252748075059573,-0.023799805155736212,2.006882395844913e-11,5.697409769150112e-11,-1.0751057450644099e-10,3.717460903150535e-11,-5.3033139276856627e-11,3.612884319425759e-11,-4.081765863374393e-10,2.7238946761478225e-10,-5.720230687393569e-10,-9.277401514666516e-10,-2.7122574970017587e-10,-9.313017023324362e-10,1.0,True,False,1,True,True,0.0011716000008163974,1,1.2346941379384694e-10,1.0246002022868926e-11,`gtol` termination condition is satisfied.,True,True,0.010000000000001563,2.045197344813232e-11,1.0,2.2168008640144054e-12,4.785433868532906e-13,1.21273029586116e-10,1.0110027537332457e-11
21.95000000000063,1786132521.7906365,0.004769800012581982,0.0048574999964330345,0.01,TELEOP,0,,0.0,21.95000000000063,2195,0.08,0.0,0.0,0.0,0.0,0.17364817766693036,0.9848077530122081,0.08,0.0,0.0,0.0,0.0,0.17364817766693036,0.9848077530122081,0.006998816929891145,-0.22495249069560952,0.28023538868242587,-0.13000972298710123,0.011452291375236975,0.0858434372006431,0.9877232513415147,0.006998816929891145,-0.22495249069560952,0.28023538868242587,-0.13000972298710123,0.011452291375236975,0.0858434372006431,0.9877232513415147,0.006998816940044696,-0.22495249075682894,0.28023538878916754,-0.13000972298204433,0.011452291375702172,0.08584343720054728,0.9877232513421833,0.006998816940183734,-0.2249524907557886,0.28023538878735876,-0.13000972298212005,0.011452291375725883,0.0858434372003138,0.9877232513421934,0.006998816940183734,-0.2249524907557886,0.28023538878735876,-0.13000972298212005,0.011452291375725883,0.0858434372003138,0.9877232513421934,0.14289459867500995,-0.5114106861434556,0.7777399675562217,-0.07045882235020899,0.5252748074965435,-0.02379980516405522,0.1428945986783522,-0.5114106861527276,0.7777399675744784,-0.07045882234176791,0.5252748075054058,-0.023799805155462803,0.1428945986783522,-0.5114106861527276,0.7777399675744784,-0.07045882234176791,0.5252748075054058,-0.023799805155462803,1.618782985641329e-11,5.90753299944719e-11,-1.1200749431915864e-10,2.8412168544443177e-11,-5.515107424712004e-11,2.7341016902809882e-11,-3.8809941020352323e-10,2.1012323029704478e-10,-4.4969198127169455e-10,-8.762440487060802e-10,-2.117934970263078e-10,-8.787826291446333e-10,1.0,True,False,1,True,True,0.0012002000003121793,1,1.2346941379384694e-10,1.0246002022868926e-11,`gtol` termination condition is satisfied.,True,True,0.010000000000001563,1.937683347108532e-11,1.0,2.0912426219023296e-12,4.936138968722599e-13,1.214016974656969e-10,1.0123304001704191e-11
21.960000000000633,1786132521.7967849,0.005132899997988716,0.005872900001122616,0.01,TELEOP,0,,0.0,21.960000000000633,2196,0.08,0.0,0.0,0.0,0.0,0.17364817766693036,0.9848077530122081,0.08,0.0,0.0,0.0,0.0,0.17364817766693036,0.9848077530122081,0.006998816929891145,-0.22495249069560952,0.28023538868242587,-0.13000972298710123,0.011452291375236975,0.0858434372006431,0.9877232513415147,0.006998816929891145,-0.22495249069560952,0.28023538868242587,-0.13000972298710123,0.011452291375236975,0.0858434372006431,0.9877232513415147,0.006998816940044696,-0.22495249075682894,0.28023538878916754,-0.13000972298204433,0.011452291375702172,0.08584343720054728,0.9877232513421833,0.006998816940204055,-0.22495249075585377,0.28023538878747256,-0.13000972298211447,0.011452291375727326,0.08584343720030654,0.9877232513421947,0.006998816940204055,-0.22495249075585377,0.28023538878747256,-0.13000972298211447,0.011452291375727326,0.08584343720030654,0.9877232513421947,0.14289459867500995,-0.5114106861434556,0.7777399675562217,-0.07045882235020899,0.5252748074965435,-0.02379980516405522,0.14289459867847737,-0.5114106861521216,0.7777399675733249,-0.07045882234156609,0.5252748075048387,-0.023799805155271848,0.14289459867847737,-0.5114106861521216,0.7777399675733249,-0.07045882234156609,0.5252748075048387,-0.023799805155271848,1.251784184830384e-11,6.059121677816512e-11,-1.1535182080752164e-10,2.0182625910615864e-11,-5.6709487693032395e-11,1.909564157519908e-11,-3.6699880081088764e-10,1.5158867836929894e-10,-3.3443264883624737e-10,-8.229542633826027e-10,-1.5584134459121147e-10,-8.245375327609514e-10,1.0,True,False,1,True,True,0.0011478999949758872,1,1.2346941379384694e-10,1.0246002022868926e-11,`gtol` termination condition is satisfied.,True,True,0.010000000000001563,1.8256729461541e-11,1.0,1.9619606181997722e-12,5.045297408355179e-13,1.21534086126191e-10,1.013588542953531e-11
21.970000000000635,1786132521.8016448,0.006177399991429411,0.0045550999930128455,0.01,TELEOP,0,,0.0,21.970000000000635,2197,0.08,0.0,0.0,0.0,0.0,0.17364817766693036,0.9848077530122081,0.08,0.0,0.0,0.0,0.0,0.17364817766693036,0.9848077530122081,0.006998816929891145,-0.22495249069560952,0.28023538868242587,-0.13000972298710123,0.011452291375236975,0.0858434372006431,0.9877232513415147,0.006998816929891145,-0.22495249069560952,0.28023538868242587,-0.13000972298710123,0.011452291375236975,0.0858434372006431,0.9877232513415147,0.006998816940044696,-0.22495249075682894,0.28023538878916754,-0.13000972298204433,0.011452291375702172,0.08584343720054728,0.9877232513421833,0.006998816940221576,-0.22495249075592022,0.2802353887875886,-0.13000972298210867,0.011452291375728502,0.08584343720030153,0.987723251342196,0.006998816940221576,-0.22495249075592022,0.2802353887875886,-0.13000972298210867,0.011452291375728502,0.08584343720030153,0.987723251342196,0.14289459867500995,-0.5114106861434556,0.7777399675562217,-0.07045882235020899,0.5252748074965435,-0.02379980516405522,0.14289459867856805,-0.511410686151506,0.7777399675721487,-0.0704588223414411,0.5252748075042613,-0.0237998051551578,0.14289459867856805,-0.511410686151506,0.7777399675721487,-0.0704588223414411,0.5252748075042613,-0.0237998051551578,9.066757253351818e-12,6.155997429735577e-11,-1.176163966700587e-10,1.2498722476767963e-11,-5.7744212573327995e-11,1.1404773295174975e-11,-3.451084594951482e-10,9.687575191904922e-11,-2.2645758625367122e-10,-7.683903433846699e-10,-1.0347248802954394e-10,-7.690868280022902e-10,1.0,True,False,1,True,True,0.0011990999919362366,1,1.2346941379384694e-10,1.0246002022868926e-11,`gtol` termination condition is satisfied.,True,True,0.010000000000001563,1.710320773895546e-11,1.0,1.8303458662653377e-12,5.114204174133036e-13,1.2166878980400112e-10,1.0148519096044062e-11
21.980000000000636,1786132521.807365,0.0047676000103820115,0.005507900001248345,0.01,TELEOP,0,,0.0,21.980000000000636,2198,0.08,0.0,0.0,0.0,0.0,0.17364817766693036,0.9848077530122081,0.08,0.0,0.0,0.0,0.0,0.17364817766693036,0.9848077530122081,0.006998816929891145,-0.22495249069560952,0.28023538868242587,-0.13000972298710123,0.011452291375236975,0.0858434372006431,0.9877232513415147,0.006998816929891145,-0.22495249069560952,0.28023538868242587,-0.13000972298710123,0.011452291375236975,0.0858434372006431,0.9877232513415147,0.006998816940044696,-0.22495249075682894,0.28023538878916754,-0.13000972298204433,0.011452291375702172,0.08584343720054728,0.9877232513421833,0.006998816940236397,-0.22495249075598744,0.28023538878770593,-0.1300097229821031,0.011452291375729376,0.08584343720029868,0.987723251342197,0.006998816940236397,-0.22495249075598744,0.28023538878770593,-0.1300097229821031,0.011452291375729376,0.08584343720029868,0.987723251342197,0.14289459867500995,-0.5114106861434556,0.7777399675562217,-0.07045882235020899,0.5252748074965435,-0.02379980516405522,0.14289459867862644,-0.5114106861508858,0.77773996757096,-0.07045882234138742,0.5252748075036784,-0.023799805155115043,0.14289459867862644,-0.5114106861508858,0.77773996757096,-0.07045882234138742,0.5252748075036784,-0.023799805155115043,5.840292579134541e-12,6.202048905997861e-11,-1.1887547296607316e-10,5.368350331159435e-12,-5.829171941144087e-11,4.275610941121982e-12,-3.226464674216772e-10,4.605147626227646e-11,-1.2590762960142558e-10,-7.130372145607414e-10,-5.475068381127898e-11,-7.129162354051878e-10,1.0,True,False,1,True,True,0.0011866999993799254,1,1.2346941379384694e-10,1.0246002022868926e-11,`gtol` termination condition is satisfied.,True,True,0.010000000000001563,1.592703746666757e-11,1.0,1.6973981029674207e-12,5.145367859272945e-13,1.2180480125807643e-10,1.0160308110211219e-11
21.990000000000638,1786132521.8127506,0.005771099997218698,0.005122100003063679,0.01,TELEOP,0,,0.0,21.990000000000638,2199,0.08,0.0,0.0,0.0,0.0,0.17364817766693036,0.9848077530122081,0.08,0.0,0.0,0.0,0.0,0.17364817766693036,0.9848077530122081,0.006998816929891145,-0.22495249069560952,0.28023538868242587,-0.13000972298710123,0.011452291375236975,0.0858434372006431,0.9877232513415147,0.006998816929891145,-0.22495249069560952,0.28023538868242587,-0.13000972298710123,0.011452291375236975,0.0858434372006431,0.9877232513415147,0.006998816940044696,-0.22495249075682894,0.28023538878916754,-0.13000972298204433,0.011452291375702172,0.08584343720054728,0.9877232513421833,0.006998816940248669,-0.224952490756055,0.2802353887878236,-0.13000972298209737,0.011452291375730013,0.08584343720029773,0.9877232513421977,0.006998816940248669,-0.224952490756055,0.2802353887878236,-0.13000972298209737,0.011452291375730013,0.08584343720029773,0.9877232513421977,0.14289459867500995,-0.5114106861434556,0.7777399675562217,-0.07045882235020899,0.5252748074965435,-0.02379980516405522,0.14289459867865487,-0.5114106861502656,0.7777399675697679,-0.07045882234139947,0.5252748075030945,-0.023799805155137934,0.14289459867865487,-0.5114106861502656,0.7777399675697679,-0.07045882234139947,0.5252748075030945,-0.023799805155137934,2.842145981174794e-12,6.201195357741363e-11,-1.192041291593181e-10,-1.2051014156765082e-12,-5.838883186864968e-11,-2.28914723359031e-12,-2.9981465979592787e-10,-8.535482564980857e-13,-3.2865619324488785e-11,-6.573451746834916e-10,-9.711245720879541e-12,-6.564758174711266e-10,1.0,True,False,1,True,True,0.0014389999996637926,1,1.2346941379384694e-10,1.0246002022868926e-11,`gtol` termination condition is satisfied.,True,True,0.010000000000001563,1.4738321674201416e-11,1.0,1.5641984113089963e-12,5.141023665809871e-13,1.2194104915594857e-10,1.0172012973479046e-11
22.00000000000064,1786132521.8174448,0.0053454000008059666,0.004471300009754486,0.01,TELEOP,0,,0.0,22.00000000000064,2200,0.08,0.0,0.0,0.0,0.0,0.17364817766693036,0.9848077530122081,0.08,0.0,0.0,0.0,0.0,0.17364817766693036,0.9848077530122081,0.006998816929891145,-0.22495249069560952,0.28023538868242587,-0.13000972298710123,0.011452291375236975,0.0858434372006431,0.9877232513415147,0.006998816929891145,-0.22495249069560952,0.28023538868242587,-0.13000972298710123,0.011452291375236975,0.0858434372006431,0.9877232513415147,0.006998816940044696,-0.22495249075682894,0.28023538878916754,-0.13000972298204433,0.011452291375702172,0.08584343720054728,0.9877232513421833,0.006998816940258491,-0.22495249075612228,0.28023538878794085,-0.1300097229820919,0.011452291375730382,0.08584343720029865,0.9877232513421983,0.006998816940258491,-0.22495249075612228,0.28023538878794085,-0.1300097229820919,0.011452291375730382,0.08584343720029865,0.9877232513421983,0.14289459867500995,-0.5114106861434556,0.7777399675562217,-0.07045882235020899,0.5252748074965435,-0.02379980516405522,0.14289459867865562,-0.5114106861496499,0.7777399675685811,-0.07045882234147169,0.5252748075025138,-0.023799805155220843,0.14289459867865562,-0.5114106861496499,0.7777399675685811,-0.07045882234147169,0.5252748075025138,-0.023799805155220843,7.410763482950295e-14,6.157345537009315e-11,-1.1867758729372303e-10,-7.222400294847437e-12,-5.8072388920639377e-11,-8.290945413889691e-12,-2.7680383463448583e-10,-4.38498207320408e-11,5.265418655949905e-11,-6.017298879169988e-10,3.164429480102518e-11,-6.001798180298444e-10,1.0,True,False,1,True,True,0.0011605999898165464,1,1.2346941379384694e-10,1.0246002022868926e-11,`gtol` termination condition is satisfied.,True,True,0.010000000000001563,1.3546275212661385e-11,1.0,1.4317224442438685e-12,5.103145445065861e-13,1.2207656759203844e-10,1.0182858212894353e-11
22.01000000000064,1786132521.823535,0.004719499993370846,0.005842200000188313,0.01,TELEOP,0,,0.0,22.01000000000064,2201,0.08,0.0,0.0,0.0,0.0,0.17364817766693036,0.9848077530122081,0.08,0.0,0.0,0.0,0.0,0.17364817766693036,0.9848077530122081,0.006998816929891145,-0.22495249069560952,0.28023538868242587,-0.13000972298710123,0.011452291375236975,0.0858434372006431,0.9877232513415147,0.006998816929891145,-0.22495249069560952,0.28023538868242587,-0.13000972298710123,0.011452291375236975,0.0858434372006431,0.9877232513415147,0.006998816940044696,-0.22495249075682894,0.28023538878916754,-0.13000972298204433,0.011452291375702172,0.08584343720054728,0.9877232513421833,0.006998816940266019,-0.2249524907561888,0.28023538878805687,-0.1300097229820866,0.011452291375730528,0.08584343720030123,0.9877232513421988,0.006998816940266019,-0.2249524907561888,0.28023538878805687,-0.1300097229820866,0.011452291375730528,0.08584343720030123,0.9877232513421988,0.14289459867500995,-0.5114106861434556,0.7777399675562217,-0.07045882235020899,0.5252748074965435,-0.02379980516405522,0.14289459867863097,-0.5114106861490425,0.7777399675674074,-0.07045882234159857,0.52527480750194,-0.023799805155358192,0.14289459867863097,-0.5114106861490425,0.7777399675674074,-0.07045882234159857,0.52527480750194,-0.023799805155358192,-2.4637812663631045e-12,6.074390861792632e-11,-1.1737073751878556e-10,-1.2688104817593015e-11,-5.7379012284837225e-11,-1.3735017791795401e-11,-2.5378889011922105e-10,-8.295467521666961e-11,1.3068497749372713e-10,-5.465704522744725e-10,6.933766358020458e-11,-5.444072377904858e-10,1.0,True,False,1,True,True,0.0011378999915905297,1,1.2346941379384694e-10,1.0246002022868926e-11,`gtol` termination condition is satisfied.,True,True,0.010000000000001563,1.2359446799337093e-11,1.0,1.3008949466386055e-12,5.034968667410492e-13,1.222104643033342e-10,1.019310628300807e-11
22.020000000000643,1786132521.8298435,0.006234500004211441,0.005915500005357899,0.01,TELEOP,0,,0.0,22.020000000000643,2202,0.08,0.0,0.0,0.0,0.0,0.17364817766693036,0.9848077530122081,0.08,0.0,0.0,0.0,0.0,0.17364817766693036,0.9848077530122081,0.006998816929891145,-0.22495249069560952,0.28023538868242587,-0.13000972298710123,0.011452291375236975,0.0858434372006431,0.9877232513415147,0.006998816929891145,-0.22495249069560952,0.28023538868242587,-0.13000972298710123,0.011452291375236975,0.0858434372006431,0.9877232513415147,0.006998816940044696,-0.22495249075682894,0.28023538878916754,-0.13000972298204433,0.011452291375702172,0.08584343720054728,0.9877232513421833,0.006998816940271369,-0.2249524907562543,0.2802353887881709,-0.13000972298208133,0.011452291375730476,0.08584343720030527,0.9877232513421992,0.006998816940271369,-0.2249524907562543,0.2802353887881709,-0.13000972298208133,0.011452291375730476,0.08584343720030527,0.9877232513421992,0.14289459867500995,-0.5114106861434556,0.7777399675562217,-0.07045882235020899,0.5252748074965435,-0.02379980516405522,0.14289459867858323,-0.5114106861484469,0.7777399675662539,-0.07045882234177468,0.5252748075013766,-0.02379980515554449,0.14289459867858323,-0.5114106861484469,0.7777399675662539,-0.07045882234177468,0.5252748075013766,-0.02379980515554449,-4.773063487493321e-12,5.956168311123694e-11,-1.153577031545138e-10,-1.761021964821607e-11,-5.634497032762528e-11,-1.8630036592421423e-11,-2.3092822211298552e-10,-1.1822255066891989e-10,2.0130343642714517e-10,-4.922114830622283e-10,1.0340419572117835e-10,-4.895018800625258e-10,1.0,True,False,1,True,True,0.0016193999908864498,1,1.2346941379384694e-10,1.0246002022868926e-11,`gtol` termination condition is satisfied.,True,True,0.010000000000001563,1.1185719017703377e-11,1.0,1.1725657823469505e-12,4.939370575538641e-13,1.2234192613849963e-10,1.0203068100043816e-11
22.030000000000644,1786132521.8344903,0.006142899990663864,0.004419699995196424,0.01,TELEOP,0,,0.0,22.030000000000644,2203,0.08,0.0,0.0,0.0,0.0,0.17364817766693036,0.9848077530122081,0.08,0.0,0.0,0.0,0.0,0.17364817766693036,0.9848077530122081,0.006998816929891145,-0.22495249069560952,0.28023538868242587,-0.13000972298710123,0.011452291375236975,0.0858434372006431,0.9877232513415147,0.006998816929891145,-0.22495249069560952,0.28023538868242587,-0.13000972298710123,0.011452291375236975,0.0858434372006431,0.9877232513415147,0.006998816940044696,-0.22495249075682894,0.28023538878916754,-0.13000972298204433,0.011452291375702172,0.08584343720054728,0.9877232513421833,0.0069988169402747,-0.22495249075631824,0.2802353887882823,-0.13000972298207622,0.011452291375730233,0.08584343720031065,0.9877232513421994,0.0069988169402747,-0.22495249075631824,0.2802353887882823,-0.13000972298207622,0.011452291375730233,0.08584343720031065,0.9877232513421994,0.14289459867500995,-0.5114106861434556,0.7777399675562217,-0.07045882235020899,0.5252748074965435,-0.02379980516405522,0.14289459867851467,-0.5114106861478662,0.7777399675651268,-0.07045882234199469,0.5252748075008266,-0.02379980515577437,0.14289459867851467,-0.5114106861478662,0.7777399675651268,-0.07045882234199469,0.5252748075008266,-0.02379980515577437,-6.856753030432871e-12,5.80643412212776e-11,-1.1271136490213573e-10,-2.199986023789742e-11,-5.500582201615507e-11,-2.2987762928426405e-11,-2.0836895429392248e-10,-1.4973418899591088e-10,2.64633825237765e-10,-4.389640589680664e-10,1.3391483114700014e-10,-4.3577263360043024e-10,1.0,True,False,1,True,True,0.0011440999951446429,1,1.2346941379384694e-10,1.0246002022868926e-11,`gtol` termination condition is satisfied.,True,True,0.010000000000001563,1.003219729511784e-11,1.0,1.04755052951713e-12,4.818988105789743e-13,1.2247020522799447e-10,1.0212436809847919e-11
22.040000000000646,1786132521.8392658,0.004631000003428198,0.004564699993352406,0.01,TELEOP,0,,0.0,22.040000000000646,2204,0.08,0.0,0.0,0.0,0.0,0.17364817766693036,0.9848077530122081,0.08,0.0,0.0,0.0,0.0,0.17364817766693036,0.9848077530122081,0.006998816929891145,-0.22495249069560952,0.28023538868242587,-0.13000972298710123,0.011452291375236975,0.0858434372006431,0.9877232513415147,0.006998816929891145,-0.22495249069560952,0.28023538868242587,-0.13000972298710123,0.011452291375236975,0.0858434372006431,0.9877232513415147,0.006998816940044696,-0.22495249075682894,0.28023538878916754,-0.13000972298204433,0.011452291375702172,0.08584343720054728,0.9877232513421833,0.0069988169402761605,-0.22495249075638046,0.28023538878839066,-0.13000972298207145,0.011452291375729803,0.08584343720031723,0.9877232513421994,0.0069988169402761605,-0.22495249075638046,0.28023538878839066,-0.13000972298207145,0.011452291375729803,0.08584343720031723,0.9877232513421994,0.14289459867500995,-0.5114106861434556,0.7777399675562217,-0.07045882235020899,0.5252748074965435,-0.02379980516405522,0.1428945986784275,-0.5114106861473033,0.7777399675640317,-0.0704588223422534,0.5252748075002925,-0.023799805156042596,0.1428945986784275,-0.5114106861473033,0.7777399675640317,-0.0704588223422534,0.5252748075002925,-0.023799805156042596,-8.719193256064505e-12,5.6288550987509997e-11,-1.0950284760509502e-10,-2.587091649363491e-11,-5.339632183730782e-11,-2.6822707475220793e-11,-1.8624402256313433e-10,-1.775790233767328e-10,3.2085172970402127e-10,-3.871056255736882e-10,1.609500178846999e-10,-3.8349445467937883e-10,1.0,True,False,1,True,True,0.0011106999882031232,1,1.2346941379384694e-10,1.0246002022868926e-11,`gtol` termination condition is satisfied.,True,True,0.010000000000001563,8.90509888051838e-12,1.0,9.264153561925198e-13,4.676826111232229e-13,1.2259483437522182e-10,1.022090949383586e-11
22.050000000000647,1786132521.8446596,0.004800900002010167,0.005156899991561659,0.01,TELEOP,0,,0.0,22.050000000000647,2205,0.08,0.0,0.0,0.0,0.0,0.17364817766693036,0.9848077530122081,0.08,0.0,0.0,0.0,0.0,0.17364817766693036,0.9848077530122081,0.006998816929891145,-0.22495249069560952,0.28023538868242587,-0.13000972298710123,0.011452291375236975,0.0858434372006431,0.9877232513415147,0.006998816929891145,-0.22495249069560952,0.28023538868242587,-0.13000972298710123,0.011452291375236975,0.0858434372006431,0.9877232513415147,0.006998816940044696,-0.22495249075682894,0.28023538878916754,-0.13000972298204433,0.011452291375702172,0.08584343720054728,0.9877232513421833,0.006998816940275893,-0.22495249075644058,0.2802353887884953,-0.1300097229820669,0.011452291375729217,0.08584343720032486,0.9877232513421994,0.006998816940275893,-0.22495249075644058,0.2802353887884953,-0.1300097229820669,0.011452291375729217,0.08584343720032486,0.9877232513421994,0.14289459867500995,-0.5114106861434556,0.7777399675562217,-0.07045882235020899,0.5252748074965435,-0.02379980516405522,0.14289459867832383,-0.5114106861467607,0.7777399675629737,-0.07045882234254579,0.5252748074997771,-0.023799805156344115,0.14289459867832383,-0.5114106861467607,0.7777399675629737,-0.07045882234254579,0.5252748074997771,-0.023799805156344115,-1.0365888280248546e-11,5.4269852249969544e-11,-1.058012810764272e-10,-2.923972520006553e-11,-5.15501013436112e-11,-3.0151804967211067e-11,-1.646695024183783e-10,-2.0186987375401348e-10,3.7015665286672315e-10,-3.3688087064300934e-10,1.846220493696326e-10,-3.329097491989752e-10,1.0,True,False,1,True,True,0.0013322000013431534,1,1.2346941379384694e-10,1.0246002022868926e-11,`gtol` termination condition is satisfied.,True,True,0.010000000000001563,8.012625285491737e-12,1.0,8.100488395599863e-13,4.515371449204142e-13,1.2271505756752596e-10,1.0228795005178255e-11
22.06000000000065,1786132521.849538,0.005445400005555712,0.004590000011376105,0.01,TELEOP,0,,0.0,22.06000000000065,2206,0.08,0.0,0.0,0.0,0.0,0.17364817766693036,0.9848077530122081,0.08,0.0,0.0,0.0,0.0,0.17364817766693036,0.9848077530122081,0.006998816929891145,-0.22495249069560952,0.28023538868242587,-0.13000972298710123,0.011452291375236975,0.0858434372006431,0.9877232513415147,0.006998816929891145,-0.22495249069560952,0.28023538868242587,-0.13000972298710123,0.011452291375236975,0.0858434372006431,0.9877232513415147,0.006998816940044696,-0.22495249075682894,0.28023538878916754,-0.13000972298204433,0.011452291375702172,0.08584343720054728,0.9877232513421833,0.006998816940274051,-0.22495249075649837,0.2802353887885959,-0.1300097229820625,0.011452291375728486,0.08584343720033338,0.9877232513421992,0.006998816940274051,-0.22495249075649837,0.2802353887885959,-0.1300097229820625,0.011452291375728486,0.08584343720033338,0.9877232513421992,0.14289459867500995,-0.5114106861434556,0.7777399675562217,-0.07045882235020899,0.5252748074965435,-0.02379980516405522,0.14289459867820578,-0.5114106861462402,0.777739967561957,-0.07045882234286703,0.525274807499282,-0.023799805156674056,0.14289459867820578,-0.5114106861462402,0.777739967561957,-0.07045882234286703,0.525274807499282,-0.023799805156674056,-1.1803367694830846e-11,5.204251936942078e-11,-1.016734266595457e-10,-3.2124750464763773e-11,-4.9499762731102145e-11,-3.299408931663719e-11,-1.4374794145820756e-10,-2.2273328805484146e-10,4.127854416880868e-10,-2.8850252646977894e-10,2.050338612508733e-10,-2.842284349425679e-10,1.0,True,False,1,True,True,0.0011691999970935285,1,1.2346941379384694e-10,1.0246002022868926e-11,`gtol` termination condition is satisfied.,True,True,0.010000000000001563,7.711106059238304e-12,1.0,6.990475669480343e-13,4.3371767319451016e-13,1.228304900937031e-10,1.0236183622614416e-11
22.07000000000065,1786132521.8542452,0.004808799989405088,0.00448849999520462,0.01,TELEOP,0,,0.0,22.07000000000065,2207,0.08,0.0,0.0,0.0,0.0,0.17364817766693036,0.9848077530122081,0.08,0.0,0.0,0.0,0.0,0.17364817766693036,0.9848077530122081,0.006998816929891145,-0.22495249069560952,0.28023538868242587,-0.13000972298710123,0.011452291375236975,0.0858434372006431,0.9877232513415147,0.006998816929891145,-0.22495249069560952,0.28023538868242587,-0.13000972298710123,0.011452291375236975,0.0858434372006431,0.9877232513415147,0.006998816940044696,-0.22495249075682894,0.28023538878916754,-0.13000972298204433,0.011452291375702172,0.08584343720054728,0.9877232513421833,0.006998816940270745,-0.22495249075655363,0.2802353887886921,-0.13000972298205823,0.011452291375727645,0.08584343720034271,0.987723251342199,0.006998816940270745,-0.22495249075655363,0.2802353887886921,-0.13000972298205823,0.011452291375727645,0.08584343720034271,0.987723251342199,0.14289459867500995,-0.5114106861434556,0.7777399675562217,-0.07045882235020899,0.5252748074965435,-0.02379980516405522,0.14289459867807539,-0.5114106861457438,0.7777399675609851,-0.07045882234321249,0.5252748074988093,-0.02379980515702776,0.14289459867807539,-0.5114106861457438,0.7777399675609851,-0.07045882234321249,0.5252748074988093,-0.02379980515702776,-1.3039081836605375e-11,4.963935828867864e-11,-9.718348910660445e-11,-3.454627151839314e-11,-4.727650202610746e-11,-3.5370390987163956e-11,-1.2357141417743355e-10,-2.403161080741763e-10,4.489937552940547e-10,-2.421521053628985e-10,2.2232607049943378e-10,-2.376301670526392e-10,1.0,True,False,1,True,True,0.0011340000055497512,1,1.2346941379384694e-10,1.0246002022868926e-11,`gtol` termination condition is satisfied.,True,True,0.010000000000001563,7.381165123554467e-12,1.0,5.940939905693127e-13,4.1443018411313623e-13,1.2294075745238718e-10,1.0243264898520663e-11
22.080000000000652,1786132521.8611693,0.004802100011147559,0.006610500000533648,0.01,TELEOP,0,,0.0,22.080000000000652,2208,0.08,0.0,0.0,0.0,0.0,0.17364817766693036,0.9848077530122081,0.08,0.0,0.0,0.0,0.0,0.17364817766693036,0.9848077530122081,0.006998816929891145,-0.22495249069560952,0.28023538868242587,-0.13000972298710123,0.011452291375236975,0.0858434372006431,0.9877232513415147,0.006998816929891145,-0.22495249069560952,0.28023538868242587,-0.13000972298710123,0.011452291375236975,0.0858434372006431,0.9877232513415147,0.006998816940044696,-0.22495249075682894,0.28023538878916754,-0.13000972298204433,0.011452291375702172,0.08584343720054728,0.9877232513421833,0.0069988169402661685,-0.22495249075660628,0.2802353887887837,-0.13000972298205443,0.011452291375726684,0.08584343720035267,0.9877232513421986,0.0069988169402661685,-0.22495249075660628,0.2802353887887837,-0.13000972298205443,0.011452291375726684,0.08584343720035267,0.9877232513421986,0.14289459867500995,-0.5114106861434556,0.7777399675562217,-0.07045882235020899,0.5252748074965435,-0.02379980516405522,0.14289459867793458,-0.5114106861452729,0.7777399675600611,-0.07045882234357775,0.5252748074983602,-0.02379980515740079,0.14289459867793458,-0.5114106861452729,0.7777399675600611,-0.07045882234357775,0.5252748074983602,-0.02379980515740079,-1.4081267234452673e-11,4.709175180194978e-11,-9.239278993602155e-11,-3.6526096531511705e-11,-4.491022626605301e-11,-3.7303040311634415e-11,-1.0421853978471354e-10,-2.547606486728465e-10,4.790699170582153e-10,-1.9798250131182575e-10,2.3662757600540804e-10,-1.9326493244701566e-10,1.0,True,False,1,True,True,0.0020481000101426616,1,1.2346941379384694e-10,1.0246002022868926e-11,`gtol` termination condition is satisfied.,True,True,0.010000000000001563,7.0274619456967e-12,1.0,4.959571177845868e-13,3.939887515717798e-13,1.2304564313334746e-10,1.0249288772778906e-11
22.090000000000654,1786132521.865916,0.00683319999370724,0.004523700001300313,0.01,TELEOP,0,,0.0,22.090000000000654,2209,0.08,0.0,0.0,0.0,0.0,0.17364817766693036,0.9848077530122081,0.08,0.0,0.0,0.0,0.0,0.17364817766693036,0.9848077530122081,0.006998816929891145,-0.22495249069560952,0.28023538868242587,-0.13000972298710123,0.011452291375236975,0.0858434372006431,0.9877232513415147,0.006998816929891145,-0.22495249069560952,0.28023538868242587,-0.13000972298710123,0.011452291375236975,0.0858434372006431,0.9877232513415147,0.006998816940044696,-0.22495249075682894,0.28023538878916754,-0.13000972298204433,0.011452291375702172,0.08584343720054728,0.9877232513421833,0.0069988169402604265,-0.22495249075665602,0.28023538878887017,-0.1300097229820506,0.011452291375725657,0.08584343720036312,0.9877232513421982,0.0069988169402604265,-0.22495249075665602,0.28023538878887017,-0.1300097229820506,0.011452291375725657,0.08584343720036312,0.9877232513421982,0.14289459867500995,-0.5114106861434556,0.7777399675562217,-0.07045882235020899,0.5252748074965435,-0.02379980516405522,0.1428945986777852,-0.5114106861448285,0.7777399675591875,-0.07045882234395863,0.5252748074979359,-0.023799805157788945,0.1428945986777852,-0.5114106861448285,0.7777399675591875,-0.07045882234395863,0.5252748074979359,-0.023799805157788945,-1.4938823269216775e-11,4.442939265644414e-11,-8.735969930667256e-11,-3.808728100527194e-11,-4.2429275421099695e-11,-3.881558589599123e-11,-8.57556034763968e-11,-2.6623591455052205e-10,5.0330906293482e-10,-1.5611844737599897e-10,2.4809508449529293e-10,-1.5125455843565765e-10,1.0,True,False,1,True,True,0.001163199995062314,1,1.2346941379384694e-10,1.0246002022868926e-11,`gtol` termination condition is satisfied.,True,True,0.010000000000001563,6.6544304788696e-12,1.0,4.0604277711586363e-13,3.726966926783856e-13,1.231445729670079e-10,1.0255344640499943e-11
22.100000000000655,1786132521.8706017,0.004742200006148778,0.004467000006115995,0.01,TELEOP,0,,0.0,22.100000000000655,2210,0.08,0.0,0.0,0.0,0.0,0.17364817766693036,0.9848077530122081,0.08,0.0,0.0,0.0,0.0,0.17364817766693036,0.9848077530122081,0.006998816929891145,-0.22495249069560952,0.28023538868242587,-0.13000972298710123,0.011452291375236975,0.0858434372006431,0.9877232513415147,0.006998816929891145,-0.22495249069560952,0.28023538868242587,-0.13000972298710123,0.011452291375236975,0.0858434372006431,0.9877232513415147,0.006998816940044696,-0.22495249075682894,0.28023538878916754,-0.13000972298204433,0.011452291375702172,0.08584343720054728,0.9877232513421833,0.006998816940253675,-0.22495249075670287,0.2802353887889516,-0.1300097229820473,0.011452291375724535,0.08584343720037405,0.9877232513421977,0.006998816940253675,-0.22495249075670287,0.2802353887889516,-0.1300097229820473,0.011452291375724535,0.08584343720037405,0.9877232513421977,0.14289459867500995,-0.5114106861434556,0.7777399675562217,-0.07045882235020899,0.5252748074965435,-0.02379980516405522,0.142894598677629,-0.5114106861444118,0.7777399675583662,-0.07045882234435116,0.5252748074975373,-0.023799805158188272,0.142894598677629,-0.5114106861444118,0.7777399675583662,-0.07045882234435116,0.5252748074975373,-0.023799805158188272,-1.562117983722043e-11,4.1680347290803556e-11,-8.2139342272771e-11,-3.9253869629562186e-11,-3.986039878543988e-11,-3.993253408019972e-11,-6.823565680035463e-11,-2.749045365640159e-10,5.220357033900739e-10,-1.1665886242900623e-10,2.5688766356594134e-10,-1.116948184208324e-10,1.0,True,False,1,True,True,0.0011448000004747882,1,1.2346941379384694e-10,1.0246002022868926e-11,`gtol` termination condition is satisfied.,True,True,0.010000000000001563,6.266275692778933e-12,1.0,3.25874299181393e-13,3.5058706374686814e-13,1.2323762204956569e-10,1.0260380359493468e-11
22.110000000000657,1786132521.8765395,0.004728300002170727,0.0056767000060062855,0.01,TELEOP,0,,0.0,22.110000000000657,2211,0.08,0.0,0.0,0.0,0.0,0.17364817766693036,0.9848077530122081,0.08,0.0,0.0,0.0,0.0,0.17364817766693036,0.9848077530122081,0.006998816929891145,-0.22495249069560952,0.28023538868242587,-0.13000972298710123,0.011452291375236975,0.0858434372006431,0.9877232513415147,0.006998816929891145,-0.22495249069560952,0.28023538868242587,-0.13000972298710123,0.011452291375236975,0.0858434372006431,0.9877232513415147,0.006998816940044696,-0.22495249075682894,0.28023538878916754,-0.13000972298204433,0.011452291375702172,0.08584343720054728,0.9877232513421833,0.006998816940246021,-0.2249524907567467,0.2802353887890277,-0.13000972298204413,0.011452291375723338,0.08584343720038523,0.9877232513421972,0.006998816940246021,-0.2249524907567467,0.2802353887890277,-0.13000972298204413,0.011452291375723338,0.08584343720038523,0.9877232513421972,0.14289459867500995,-0.5114106861434556,0.7777399675562217,-0.07045882235020899,0.5252748074965435,-0.02379980516405522,0.14289459867746762,-0.5114106861440231,0.7777399675575983,-0.07045882234475168,0.525274807497165,-0.023799805158595064,0.14289459867746762,-0.5114106861440231,0.7777399675575983,-0.07045882234475168,0.525274807497165,-0.023799805158595064,-1.6138195316526003e-11,3.8870960064352256e-11,-7.678363791279337e-11,-4.0050650015617054e-11,-3.722881043480696e-11,-4.06790932453936e-11,-5.170154793054922e-11,-2.8093872264508625e-10,5.355704359976784e-10,-7.967803860547417e-11,2.6315883506325055e-10,-7.465591651937568e-11,1.0,True,False,1,True,True,0.001535100003820844,1,1.2346941379384694e-10,1.0246002022868926e-11,`gtol` termination condition is satisfied.,True,True,0.010000000000001563,5.866949287502976e-12,1.0,2.5855041281768343e-13,3.2801921489782065e-13,1.2332449087409787e-10,1.0265092509147166e-11
22.12000000000066,1786132521.881384,0.005913599990890361,0.004607800001394935,0.01,TELEOP,0,,0.0,22.12000000000066,2212,0.08,0.0,0.0,0.0,0.0,0.17364817766693036,0.9848077530122081,0.08,0.0,0.0,0.0,0.0,0.17364817766693036,0.9848077530122081,0.006998816929891145,-0.22495249069560952,0.28023538868242587,-0.13000972298710123,0.011452291375236975,0.0858434372006431,0.9877232513415147,0.006998816929891145,-0.22495249069560952,0.28023538868242587,-0.13000972298710123,0.011452291375236975,0.0858434372006431,0.9877232513415147,0.006998816940044696,-0.22495249075682894,0.28023538878916754,-0.13000972298204433,0.011452291375702172,0.08584343720054728,0.9877232513421833,0.006998816940237601,-0.2249524907567873,0.2802353887890983,-0.13000972298204125,0.011452291375722125,0.0858434372003966,0.9877232513421966,0.006998816940237601,-0.2249524907567873,0.2802353887890983,-0.13000972298204125,0.011452291375722125,0.0858434372003966,0.9877232513421966,0.14289459867500995,-0.5114106861434556,0.7777399675562217,-0.07045882235020899,0.5252748074965435,-0.02379980516405522,0.14289459867730261,-0.5114106861436628,0.7777399675568849,-0.0704588223451567,0.5252748074968194,-0.023799805159005875,0.14289459867730261,-0.5114106861436628,0.7777399675568849,-0.0704588223451567,0.5252748074968194,-0.023799805159005875,-1.6500063036007985e-11,3.602576546724323e-11,-7.134102680237585e-11,-4.0502898038852345e-11,-3.4558008766062326e-11,-4.108094424743476e-11,-3.618677194819259e-11,-2.8451945971085787e-10,5.442611110416673e-10,-4.5224802323522125e-11,2.670801668744217e-10,-4.018510020410994e-11,1.0,True,False,1,True,True,0.0011747999960789457,1,1.2346941379384694e-10,1.0246002022868926e-11,`gtol` termination condition is satisfied.,True,True,0.010000000000001563,5.460156632386415e-12,1.0,2.0913466803432984e-13,3.0522547859678675e-13,1.234049506498048e-10,1.0269279754406737e-11
22.13000000000066,1786132521.8860538,0.004828300006920472,0.004449500003829598,0.01,TELEOP,0,,0.0,22.13000000000066,2213,0.08,0.0,0.0,0.0,0.0,0.17364817766693036,0.9848077530122081,0.08,0.0,0.0,0.0,0.0,0.17364817766693036,0.9848077530122081,0.006998816929891145,-0.22495249069560952,0.28023538868242587,-0.13000972298710123,0.011452291375236975,0.0858434372006431,0.9877232513415147,0.006998816929891145,-0.22495249069560952,0.28023538868242587,-0.13000972298710123,0.011452291375236975,0.0858434372006431,0.9877232513415147,0.006998816940044696,-0.22495249075682894,0.28023538878916754,-0.13000972298204433,0.011452291375702172,0.08584343720054728,0.9877232513421833,0.00699881694022856,-0.224952490756825,0.28023538878916376,-0.13000972298203872,0.011452291375720854,0.08584343720040807,0.987723251342196,0.00699881694022856,-0.224952490756825,0.28023538878916376,-0.13000972298203872,0.011452291375720854,0.08584343720040807,0.987723251342196,0.14289459867500995,-0.5114106861434556,0.7777399675562217,-0.07045882235020899,0.5252748074965435,-0.02379980516405522,0.14289459867713544,-0.5114106861433312,0.7777399675562263,-0.07045882234556305,0.5252748074965007,-0.023799805159417514,0.14289459867713544,-0.5114106861433312,0.7777399675562263,-0.07045882234556305,0.5252748074965007,-0.023799805159417514,-1.671718698925887e-11,3.316748474524686e-11,-6.585652959308746e-11,-4.063619258989363e-11,-3.1869765272792374e-11,-4.1164022752995415e-11,-2.1712395325084813e-11,-2.8582807219959264e-10,5.484497209287523e-10,-1.332945510412628e-11,2.6882434932695333e-10,-8.30785055606389e-12,1.0,True,False,1,True,True,0.0011526999878697097,1,1.2346941379384694e-10,1.0246002022868926e-11,`gtol` termination condition is satisfied.,True,True,0.010000000000001563,5.0522919181617e-12,1.0,1.83944314467162e-13,2.82265924327188e-13,1.234794529254388e-10,1.0272778756571007e-11
22.14000000000066,1786132521.8917704,0.004665000000386499,0.0055010000069160014,0.01,TELEOP,0,,0.0,22.14000000000066,2214,0.08,0.0,0.0,0.0,0.0,0.17364817766693036,0.9848077530122081,0.08,0.0,0.0,0.0,0.0,0.17364817766693036,0.9848077530122081,0.006998816929891145,-0.22495249069560952,0.28023538868242587,-0.13000972298710123,0.011452291375236975,0.0858434372006431,0.9877232513415147,0.006998816929891145,-0.22495249069560952,0.28023538868242587,-0.13000972298710123,0.011452291375236975,0.0858434372006431,0.9877232513415147,0.006998816940044696,-0.22495249075682894,0.28023538878916754,-0.13000972298204433,0.011452291375702172,0.08584343720054728,0.9877232513421833,0.006998816940218991,-0.22495249075685952,0.28023538878922355,-0.13000972298203636,0.011452291375719553,0.08584343720041956,0.9877232513421953,0.006998816940218991,-0.22495249075685952,0.28023538878922355,-0.13000972298203636,0.011452291375719553,0.08584343720041956,0.9877232513421953,0.14289459867500995,-0.5114106861434556,0.7777399675562217,-0.07045882235020899,0.5252748074965435,-0.02379980516405522,0.14289459867696744,-0.511410686143028,0.7777399675556226,-0.07045882234596781,0.5252748074962088,-0.023799805159827058,0.14289459867696744,-0.511410686143028,0.7777399675556226,-0.07045882234596781,0.5252748074962088,-0.023799805159827058,-1.6800125729785398e-11,3.031709990462829e-11,-6.037172361081781e-11,-4.047618793890322e-11,-2.918419135509361e-11,-4.095431730496177e-11,-8.293874052651561e-12,-2.850384840618128e-10,5.484805982268799e-10,1.6000465099038225e-11,2.6855739176983446e-10,2.0970544803361046e-11,1.0,True,False,1,True,True,0.0019465000077616423,1,1.2346941379384694e-10,1.0246002022868926e-11,`gtol` termination condition is satisfied.,True,True,0.010000000000001563,4.645936413361085e-12,1.0,1.8561076738438193e-13,2.5940832326343027e-13,1.2354744986489087e-10,1.0275936231534769e-11
22.150000000000663,1786132521.8964775,0.005724999995436519,0.004482999996980652,0.01,TELEOP,0,,0.0,22.150000000000663,2215,0.08,0.0,0.0,0.0,0.0,0.17364817766693036,0.9848077530122081,0.08,0.0,0.0,0.0,0.0,0.17364817766693036,0.9848077530122081,0.006998816929891145,-0.22495249069560952,0.28023538868242587,-0.13000972298710123,0.011452291375236975,0.0858434372006431,0.9877232513415147,0.006998816929891145,-0.22495249069560952,0.28023538868242587,-0.13000972298710123,0.011452291375236975,0.0858434372006431,0.9877232513415147,0.006998816940044696,-0.22495249075682894,0.28023538878916754,-0.13000972298204433,0.011452291375702172,0.08584343720054728,0.9877232513421833,0.0069988169402089954,-0.22495249075689086,0.2802353887892781,-0.1300097229820342,0.011452291375718262,0.08584343720043097,0.9877232513421946,0.0069988169402089954,-0.22495249075689086,0.2802353887892781,-0.1300097229820342,0.011452291375718262,0.08584343720043097,0.9877232513421946,0.14289459867500995,-0.5114106861434556,0.7777399675562217,-0.07045882235020899,0.5252748074965435,-0.02379980516405522,0.14289459867679985,-0.5114106861427531,0.7777399675550734,-0.0704588223463683,0.5252748074959436,-0.023799805160231835,0.14289459867679985,-0.5114106861427531,0.7777399675550734,-0.0704588223463683,0.5252748074959436,-0.023799805160231835,-1.6759483117489278e-11,2.7493690253488262e-11,-5.4924721404298994e-11,-4.004843398160453e-11,-2.6519722463054502e-11,-4.047768180638265e-11,4.064261229611303e-12,-2.823409651139587e-10,5.447002206517966e-10,4.277539572986234e-11,2.664468892038693e-10,4.7663549857904304e-11,1.0,True,False,1,True,True,0.00116530001105275,1,1.2346941379384694e-10,1.0246002022868926e-11,`gtol` termination condition is satisfied.,True,True,0.010000000000001563,4.241176854158368e-12,1.0,2.074997945912137e-13,2.3681142040658795e-13,1.2360931998324527e-10,1.0278823357202496e-11
22.160000000000664,1786132521.901126,0.004728600004455075,0.0044027999974787235,0.01,TELEOP,0,,0.0,22.160000000000664,2216,0.08,0.0,0.0,0.0,0.0,0.17364817766693036,0.9848077530122081,0.08,0.0,0.0,0.0,0.0,0.17364817766693036,0.9848077530122081,0.006998816929891145,-0.22495249069560952,0.28023538868242587,-0.13000972298710123,0.011452291375236975,0.0858434372006431,0.9877232513415147,0.006998816929891145,-0.22495249069560952,0.28023538868242587,-0.13000972298710123,0.011452291375236975,0.0858434372006431,0.9877232513415147,0.006998816940044696,-0.22495249075682894,0.28023538878916754,-0.13000972298204433,0.011452291375702172,0.08584343720054728,0.9877232513421833,0.0069988169401987085,-0.22495249075691923,0.2802353887893273,-0.13000972298203228,0.011452291375716968,0.08584343720044224,0.9877232513421939,0.0069988169401987085,-0.22495249075691923,0.2802353887893273,-0.13000972298203228,0.011452291375716968,0.08584343720044224,0.9877232513421939,0.14289459867500995,-0.5114106861434556,0.7777399675562217,-0.07045882235020899,0.5252748074965435,-0.02379980516405522,0.1428945986766338,-0.511410686142506,0.7777399675545779,-0.07045882234676208,0.5252748074957047,-0.02379980516062943,0.1428945986766338,-0.511410686142506,0.7777399675545779,-0.07045882234676208,0.5252748074957047,-0.02379980516062943,-1.6605846719018396e-11,2.471466805876464e-11,-4.9550228180071987e-11,-3.9378211464804365e-11,-2.389310356161383e-11,-3.975967085877018e-11,1.536363984708583e-11,-2.779022194723188e-10,5.374493224226166e-10,6.702225168000589e-11,2.6266189014402604e-10,7.180109476123638e-11,1.0,True,False,1,True,True,0.0011350999993737787,1,1.2346941379384694e-10,1.0246002022868926e-11,`gtol` termination condition is satisfied.,True,True,0.010000000000001563,3.840691653600459e-12,1.0,2.3957348333246844e-13,2.1457625905604702e-13,1.2366504064844015e-10,1.0281274129674989e-11
22.170000000000666,1786132521.907506,0.004622299995389767,0.006161199999041855,0.01,TELEOP,0,,0.0,22.170000000000666,2217,0.08,0.0,0.0,0.0,0.0,0.17364817766693036,0.9848077530122081,0.08,0.0,0.0,0.0,0.0,0.17364817766693036,0.9848077530122081,0.006998816929891145,-0.22495249069560952,0.28023538868242587,-0.13000972298710123,0.011452291375236975,0.0858434372006431,0.9877232513415147,0.006998816929891145,-0.22495249069560952,0.28023538868242587,-0.13000972298710123,0.011452291375236975,0.0858434372006431,0.9877232513415147,0.006998816940044696,-0.22495249075682894,0.28023538878916754,-0.13000972298204433,0.011452291375702172,0.08584343720054728,0.9877232513421833,0.0069988169401882,-0.2249524907569446,0.28023538878937126,-0.13000972298203073,0.011452291375715656,0.08584343720045329,0.9877232513421932,0.0069988169401882,-0.2249524907569446,0.28023538878937126,-0.13000972298203073,0.011452291375715656,0.08584343720045329,0.9877232513421932,0.14289459867500995,-0.5114106861434556,0.7777399675562217,-0.07045882235020899,0.5252748074965435,-0.02379980516405522,0.14289459867647028,-0.511410686142286,0.7777399675541351,-0.07045882234714698,0.5252748074954915,-0.023799805161017686,0.14289459867647028,-0.511410686142286,0.7777399675541351,-0.07045882234714698,0.5252748074954915,-0.023799805161017686,-1.6349692792011523e-11,2.199560907104469e-11,-4.42795173523846e-11,-3.8490380943121725e-11,-2.131945290550202e-11,-3.882538641287056e-11,2.5615392700683184e-11,-2.719058987719525e-10,5.27071082768656e-10,8.878305216825003e-11,2.5736506561114084e-10,9.342844458994719e-11,1.0,True,False,1,True,True,0.001127800001995638,1,1.2346941379384694e-10,1.0246002022868926e-11,`gtol` termination condition is satisfied.,True,True,0.010000000000001563,3.4469094245537235e-12,1.0,2.7472548671556045e-13,1.928634951388964e-13,1.2371474775228955e-10,1.0283125028427315e-11
22.180000000000668,1786132521.9124546,0.006404600004316308,0.004704699997091666,0.01,TELEOP,0,,0.0,22.180000000000668,2218,0.08,0.0,0.0,0.0,0.0,0.17364817766693036,0.9848077530122081,0.08,0.0,0.0,0.0,0.0,0.17364817766693036,0.9848077530122081,0.006998816929891145,-0.22495249069560952,0.28023538868242587,-0.13000972298710123,0.011452291375236975,0.0858434372006431,0.9877232513415147,0.006998816929891145,-0.22495249069560952,0.28023538868242587,-0.13000972298710123,0.011452291375236975,0.0858434372006431,0.9877232513415147,0.006998816940044696,-0.22495249075682894,0.28023538878916754,-0.13000972298204433,0.011452291375702172,0.08584343720054728,0.9877232513421833,0.006998816940177573,-0.22495249075696708,0.2802353887894102,-0.13000972298202934,0.011452291375714374,0.08584343720046408,0.9877232513421924,0.006998816940177573,-0.22495249075696708,0.2802353887894102,-0.13000972298202934,0.011452291375714374,0.08584343720046408,0.9877232513421924,0.14289459867500995,-0.5114106861434556,0.7777399675562217,-0.07045882235020899,0.5252748074965435,-0.02379980516405522,0.14289459867631027,-0.5114106861420925,0.7777399675537437,-0.07045882234752107,0.5252748074953034,-0.02379980516139468,0.14289459867631027,-0.5114106861420925,0.7777399675537437,-0.07045882234752107,0.5252748074953034,-0.02379980516139468,-1.6001337736733217e-11,1.9350405567594302e-11,-3.9140562328240274e-11,-3.740924432265585e-11,-1.881224340078285e-11,-3.769933719853735e-11,3.483550552782522e-11,-2.645203503449976e-10,5.138955024143523e-10,1.0811366204657065e-10,2.5072095047187783e-10,1.1260492143330265e-10,1.0,True,False,1,True,True,0.001182599997264333,1,1.2346941379384694e-10,1.0246002022868926e-11,`gtol` termination condition is satisfied.,True,True,0.010000000000001563,3.0620089797039896e-12,1.0,3.0921262468305664e-13,1.7180129910314245e-13,1.23758648848372e-10,1.0284602848728467e-11
22.19000000000067,1786132521.917392,0.004927799993311055,0.004714199996669777,0.01,TELEOP,0,,0.0,22.19000000000067,2219,0.08,0.0,0.0,0.0,0.0,0.17364817766693036,0.9848077530122081,0.08,0.0,0.0,0.0,0.0,0.17364817766693036,0.9848077530122081,0.006998816929891145,-0.22495249069560952,0.28023538868242587,-0.13000972298710123,0.011452291375236975,0.0858434372006431,0.9877232513415147,0.006998816929891145,-0.22495249069560952,0.28023538868242587,-0.13000972298710123,0.011452291375236975,0.0858434372006431,0.9877232513415147,0.006998816940044696,-0.22495249075682894,0.28023538878916754,-0.13000972298204433,0.011452291375702172,0.08584343720054728,0.9877232513421833,0.006998816940166908,-0.22495249075698662,0.28023538878944415,-0.13000972298202815,0.011452291375713103,0.08584343720047453,0.9877232513421916,0.006998816940166908,-0.22495249075698662,0.28023538878944415,-0.13000972298202815,0.011452291375713103,0.08584343720047453,0.9877232513421916,0.14289459867500995,-0.5114106861434556,0.7777399675562217,-0.07045882235020899,0.5252748074965435,-0.02379980516405522,0.14289459867615456,-0.5114106861419246,0.7777399675534021,-0.07045882234788266,0.5252748074951396,-0.02379980516175873,0.14289459867615456,-0.5114106861419246,0.7777399675534021,-0.07045882234788266,0.5252748074951396,-0.02379980516175873,-1.5570893593405797e-11,1.679125244415912e-11,-3.41580802115383e-11,-3.615841794268193e-11,-1.638336261842119e-11,-3.6405324324810894e-11,4.30444143327352e-11,-2.5591531234347803e-10,4.982482116701194e-10,1.250826379973721e-10,2.4288807823612787e-10,1.2940128737262534e-10,1.0,True,False,1,True,True,0.001217699988046661,1,1.2346941379384694e-10,1.0246002022868926e-11,`gtol` termination condition is satisfied.,True,True,0.010000000000001563,2.687919331556543e-12,1.0,3.4104637619196017e-13,1.5156198351863653e-13,1.237968188845074e-10,1.0285764663246589e-11
22.20000000000067,1786132521.9229856,0.00494040000194218,0.005368099999031983,0.01,TELEOP,0,,0.0,22.20000000000067,2220,0.08,0.0,0.0,0.0,0.0,0.17364817766693036,0.9848077530122081,0.08,0.0,0.0,0.0,0.0,0.17364817766693036,0.9848077530122081,0.006998816929891145,-0.22495249069560952,0.28023538868242587,-0.13000972298710123,0.011452291375236975,0.0858434372006431,0.9877232513415147,0.006998816929891145,-0.22495249069560952,0.28023538868242587,-0.13000972298710123,0.011452291375236975,0.0858434372006431,0.9877232513415147,0.006998816940044696,-0.22495249075682894,0.28023538878916754,-0.13000972298204433,0.011452291375702172,0.08584343720054728,0.9877232513421833,0.006998816940156281,-0.22495249075700355,0.2802353887894734,-0.13000972298202723,0.011452291375711875,0.08584343720048467,0.987723251342191,0.006998816940156281,-0.22495249075700355,0.2802353887894734,-0.13000972298202723,0.011452291375711875,0.08584343720048467,0.987723251342191,0.14289459867500995,-0.5114106861434556,0.7777399675562217,-0.07045882235020899,0.5252748074965435,-0.02379980516405522,0.14289459867600388,-0.5114106861417813,0.7777399675531086,-0.07045882234823027,0.5252748074949991,-0.023799805162108396,0.14289459867600388,-0.5114106861417813,0.7777399675531086,-0.07045882234823027,0.5252748074949991,-0.023799805162108396,-1.506818869868643e-11,1.432878866342458e-11,-2.9353571865202384e-11,-3.4760725871224836e-11,-1.404309070789894e-11,-3.4966331594648114e-11,5.02704894719288e-11,-2.4624637807341566e-10,4.804508346335169e-10,1.3976920714568707e-10,2.3402719105218864e-10,1.4389927301625519e-10,1.0,True,False,1,True,True,0.0015289000002667308,1,1.2346941379384694e-10,1.0246002022868926e-11,`gtol` termination condition is satisfied.,True,True,0.010000000000001563,2.8195223933380476e-12,1.0,3.6945109953473376e-13,1.3214554918710494e-13,1.2382962112304592e-10,1.0286554267502e-11
22.210000000000672,1786132521.9279046,0.005656199995428324,0.004629899995052256,0.01,TELEOP,0,,0.0,22.210000000000672,2221,0.08,0.0,0.0,0.0,0.0,0.17364817766693036,0.9848077530122081,0.08,0.0,0.0,0.0,0.0,0.17364817766693036,0.9848077530122081,0.006998816929891145,-0.22495249069560952,0.28023538868242587,-0.13000972298710123,0.011452291375236975,0.0858434372006431,0.9877232513415147,0.006998816929891145,-0.22495249069560952,0.28023538868242587,-0.13000972298710123,0.011452291375236975,0.0858434372006431,0.9877232513415147,0.006998816940044696,-0.22495249075682894,0.28023538878916754,-0.13000972298204433,0.011452291375702172,0.08584343720054728,0.9877232513421833,0.006998816940145761,-0.22495249075701781,0.2802353887894981,-0.13000972298202654,0.01145229137571067,0.08584343720049438,0.9877232513421902,0.006998816940145761,-0.22495249075701781,0.2802353887894981,-0.13000972298202654,0.01145229137571067,0.08584343720049438,0.9877232513421902,0.14289459867500995,-0.5114106861434556,0.7777399675562217,-0.07045882235020899,0.5252748074965435,-0.02379980516405522,0.14289459867585885,-0.5114106861416616,0.7777399675528611,-0.07045882234856266,0.5252748074948811,-0.02379980516244244,0.14289459867585885,-0.5114106861416616,0.7777399675528611,-0.07045882234856266,0.5252748074948811,-0.02379980516244244,-1.4502733503515023e-11,1.1971995619640775e-11,-2.4745589931261923e-11,-3.3238111730021e-11,-1.1800311447826416e-11,-3.340443218810604e-11,5.6545519517131967e-11,-2.3567930437834364e-10,4.60798193393974e-10,1.5226141412035967e-10,2.2427792600721723e-10,1.5618994065418294e-10,1.0,True,False,1,True,True,0.001176100005977787,1,1.2346941379384694e-10,1.0246002022868926e-11,`gtol` termination condition is satisfied.,True,True,0.010000000000001563,3.113065361048939e-12,1.0,3.9390904824351543e-13,1.1374822032310297e-13,1.2385717759322436e-10,1.0286969080563856e-11
22.220000000000674,1786132521.932598,0.004857000007177703,0.004466500002308749,0.01,TELEOP,0,,0.0,22.220000000000674,2222,0.08,0.0,0.0,0.0,0.0,0.17364817766693036,0.9848077530122081,0.08,0.0,0.0,0.0,0.0,0.17364817766693036,0.9848077530122081,0.006998816929891145,-0.22495249069560952,0.28023538868242587,-0.13000972298710123,0.011452291375236975,0.0858434372006431,0.9877232513415147,0.006998816929891145,-0.22495249069560952,0.28023538868242587,-0.13000972298710123,0.011452291375236975,0.0858434372006431,0.9877232513415147,0.006998816940044696,-0.22495249075682894,0.28023538878916754,-0.13000972298204433,0.011452291375702172,0.08584343720054728,0.9877232513421833,0.006998816940135429,-0.22495249075702956,0.2802353887895185,-0.13000972298202593,0.011452291375709519,0.08584343720050361,0.9877232513421894,0.006998816940135429,-0.22495249075702956,0.2802353887895185,-0.13000972298202593,0.011452291375709519,0.08584343720050361,0.9877232513421894,0.14289459867500995,-0.5114106861434556,0.7777399675562217,-0.07045882235020899,0.5252748074965435,-0.02379980516405522,0.14289459867572002,-0.5114106861415644,0.7777399675526576,-0.07045882234887878,0.5252748074947845,-0.023799805162759848,0.14289459867572002,-0.5114106861415644,0.7777399675526576,-0.07045882234887878,0.5252748074947845,-0.023799805162759848,-1.3883689239474792e-11,9.728489466967727e-12,-2.03497532194631e-11,-3.161155786740013e-11,-9.662474412539359e-12,-3.174071516861746e-11,6.190442640401336e-11,-2.2435061526726969e-10,4.395836711798137e-10,1.6265538626206133e-10,2.1378370352867218e-10,1.663717019488322e-10,1.0,True,False,1,True,True,0.0011572000075830147,1,1.2346941379384694e-10,1.0246002022868926e-11,`gtol` termination condition is satisfied.,True,True,0.010000000000001563,3.3605340732378863e-12,1.0,4.1429423048830697e-13,9.669910908445252e-14,1.2387975548513723e-10,1.0287236153008173e-11
22.230000000000675,1786132521.9378936,0.004682600003434345,0.005080300004919991,0.01,TELEOP,0,,0.0,22.230000000000675,2223,0.08,0.0,0.0,0.0,0.0,0.17364817766693036,0.9848077530122081,0.08,0.0,0.0,0.0,0.0,0.17364817766693036,0.9848077530122081,0.006998816929891145,-0.22495249069560952,0.28023538868242587,-0.13000972298710123,0.011452291375236975,0.0858434372006431,0.9877232513415147,0.006998816929891145,-0.22495249069560952,0.28023538868242587,-0.13000972298710123,0.011452291375236975,0.0858434372006431,0.9877232513415147,0.006998816940044696,-0.22495249075682894,0.28023538878916754,-0.13000972298204433,0.011452291375702172,0.08584343720054728,0.9877232513421833,0.006998816940125333,-0.22495249075703908,0.2802353887895347,-0.1300097229820255,0.011452291375708419,0.08584343720051239,0.9877232513421887,0.006998816940125333,-0.22495249075703908,0.2802353887895347,-0.1300097229820255,0.011452291375708419,0.08584343720051239,0.9877232513421887,0.14289459867500995,-0.5114106861434556,0.7777399675562217,-0.07045882235020899,0.5252748074965435,-0.02379980516405522,0.14289459867558782,-0.5114106861414883,0.7777399675524959,-0.07045882234917779,0.5252748074947081,-0.0237998051630598,0.14289459867558782,-0.5114106861414883,0.7777399675524959,-0.07045882234917779,0.5252748074947081,-0.0237998051630598,-1.3219819921584175e-11,7.604403593019422e-12,-1.6178914094471302e-11,-2.990102090411279e-11,-7.635714489121806e-12,-2.999522052308179e-11,6.638693178905143e-11,-2.1240858739479734e-10,4.170839124991146e-10,1.7105369632870726e-10,2.026759923417237e-10,1.7454946455354043e-10,1.0,True,False,1,True,True,0.0011312999995425344,1,1.2346941379384694e-10,1.0246002022868926e-11,`gtol` termination condition is satisfied.,True,True,0.010000000000001563,3.5640379536516775e-12,1.0,4.3065036524398806e-13,8.102100421709792e-14,1.2389765397506085e-10,1.0287181092744626e-11
22.240000000000677,1786132521.9428918,0.0053263000008882955,0.0047516000049654394,0.01,TELEOP,0,,0.0,22.240000000000677,2224,0.08,0.0,0.0,0.0,0.0,0.17364817766693036,0.9848077530122081,0.08,0.0,0.0,0.0,0.0,0.17364817766693036,0.9848077530122081,0.006998816929891145,-0.22495249069560952,0.28023538868242587,-0.13000972298710123,0.011452291375236975,0.0858434372006431,0.9877232513415147,0.006998816929891145,-0.22495249069560952,0.28023538868242587,-0.13000972298710123,0.011452291375236975,0.0858434372006431,0.9877232513415147,0.006998816940044696,-0.22495249075682894,0.28023538878916754,-0.13000972298204433,0.011452291375702172,0.08584343720054728,0.9877232513421833,0.006998816940115497,-0.2249524907570462,0.28023538878954696,-0.13000972298202523,0.011452291375707342,0.08584343720052068,0.9877232513421881,0.006998816940115497,-0.2249524907570462,0.28023538878954696,-0.13000972298202523,0.011452291375707342,0.08584343720052068,0.9877232513421881,0.14289459867500995,-0.5114106861434556,0.7777399675562217,-0.07045882235020899,0.5252748074965435,-0.02379980516405522,0.14289459867546261,-0.5114106861414323,0.7777399675523734,-0.07045882234945904,0.5252748074946508,-0.023799805163341667,0.14289459867546261,-0.5114106861414323,0.7777399675523734,-0.07045882234945904,0.5252748074946508,-0.023799805163341667,-1.2519467625561352e-11,5.604512182742645e-12,-1.2243311914140048e-11,-2.812538228769163e-11,-5.7248072370347535e-12,-2.8186884433957997e-11,7.003522960227132e-11,-1.9998914102764643e-10,3.9356021803306385e-10,1.7756386164208849e-10,1.9109072520867542e-10,1.8083360891235077e-10,1.0,True,False,1,True,True,0.0012016999971820042,1,1.2346941379384694e-10,1.0246002022868926e-11,`gtol` termination condition is satisfied.,True,True,0.010000000000001563,3.725797448339563e-12,1.0,4.42919721633753e-13,6.6993441629977e-14,1.2391098427928222e-10,1.0286963667909327e-11
22.25000000000068,1786132521.9475226,0.004971599992131814,0.00441069999942556,0.01,TELEOP,0,,0.0,22.25000000000068,2225,0.08,0.0,0.0,0.0,0.0,0.17364817766693036,0.9848077530122081,0.08,0.0,0.0,0.0,0.0,0.17364817766693036,0.9848077530122081,0.006998816929891145,-0.22495249069560952,0.28023538868242587,-0.13000972298710123,0.011452291375236975,0.0858434372006431,0.9877232513415147,0.006998816929891145,-0.22495249069560952,0.28023538868242587,-0.13000972298710123,0.011452291375236975,0.0858434372006431,0.9877232513415147,0.006998816940044696,-0.22495249075682894,0.28023538878916754,-0.13000972298204433,0.011452291375702172,0.08584343720054728,0.9877232513421833,0.006998816940105998,-0.22495249075705126,0.2802353887895555,-0.13000972298202518,0.01145229137570635,0.08584343720052849,0.9877232513421874,0.006998816940105998,-0.22495249075705126,0.2802353887895555,-0.13000972298202518,0.01145229137570635,0.08584343720052849,0.9877232513421874,0.14289459867500995,-0.5114106861434556,0.7777399675562217,-0.07045882235020899,0.5252748074965435,-0.02379980516405522,0.1428945986753447,-0.511410686141395,0.7777399675522879,-0.07045882234972206,0.5252748074946115,-0.023799805163605,0.1428945986753447,-0.511410686141395,0.7777399675522879,-0.07045882234972206,0.5252748074946115,-0.023799805163605,-1.1790529825316744e-11,3.732343485305918e-12,-8.55063658243633e-12,-2.6302402967282525e-11,-3.933359264239239e-12,-2.6333501158707315e-11,7.289378002444933e-11,-1.8721686974364343e-10,3.6926753317031416e-10,1.8229793204088214e-10,1.7914479727952344e-10,1.8533832752503914e-10,1.0,True,False,1,True,True,0.0011339000047883019,1,1.2346941379384694e-10,1.0246002022868926e-11,`gtol` termination condition is satisfied.,True,True,0.010000000000001563,3.848255047955718e-12,1.0,4.513355379193995e-13,5.493796011734018e-14,1.2392009585649657e-10,1.028636538787686e-11
22.26000000000068,1786132521.9524117,0.004664000007323921,0.004635800010873936,0.01,TELEOP,0,,0.0,22.26000000000068,2226,0.08,0.0,0.0,0.0,0.0,0.17364817766693036,0.9848077530122081,0.08,0.0,0.0,0.0,0.0,0.17364817766693036,0.9848077530122081,0.006998816929891145,-0.22495249069560952,0.28023538868242587,-0.13000972298710123,0.011452291375236975,0.0858434372006431,0.9877232513415147,0.006998816929891145,-0.22495249069560952,0.28023538868242587,-0.13000972298710123,0.011452291375236975,0.0858434372006431,0.9877232513415147,0.006998816940044696,-0.22495249075682894,0.28023538878916754,-0.13000972298204433,0.011452291375702172,0.08584343720054728,0.9877232513421833,0.006998816940096866,-0.2249524907570543,0.2802353887895608,-0.13000972298202526,0.011452291375705389,0.08584343720053576,0.9877232513421869,0.006998816940096866,-0.2249524907570543,0.2802353887895608,-0.13000972298202526,0.011452291375705389,0.08584343720053576,0.9877232513421869,0.14289459867500995,-0.5114106861434556,0.7777399675562217,-0.07045882235020899,0.5252748074965435,-0.02379980516405522,0.1428945986752343,-0.5114106861413751,0.7777399675522368,-0.07045882234996655,0.5252748074945889,-0.023799805163849518,0.1428945986752343,-0.5114106861413751,0.7777399675522368,-0.07045882234996655,0.5252748074945889,-0.023799805163849518,-1.1040457893693078e-11,1.990283642081018e-12,-5.106318102752309e-12,-2.4448681845573127e-11,-2.2639056398213347e-12,-2.445169531396347e-11,7.50071931623548e-11,-1.7420598432246273e-10,3.4443184796834824e-10,1.853721121709109e-10,1.6694536244176434e-10,1.8818058447435506e-10,1.0,True,False,1,True,True,0.001110299999709241,1,1.2346941379384694e-10,1.0246002022868926e-11,`gtol` termination condition is satisfied.,True,True,0.010000000000001563,3.933742220851855e-12,1.0,4.562392038548667e-13,4.560077985492805e-14,1.239254163124821e-10,1.0285542833579321e-11
22.27000000000068,1786132521.9578724,0.004853299993555993,0.00524339999537915,0.01,TELEOP,0,,0.0,22.27000000000068,2227,0.08,0.0,0.0,0.0,0.0,0.17364817766693036,0.9848077530122081,0.08,0.0,0.0,0.0,0.0,0.17364817766693036,0.9848077530122081,0.006998816929891145,-0.22495249069560952,0.28023538868242587,-0.13000972298710123,0.011452291375236975,0.0858434372006431,0.9877232513415147,0.006998816929891145,-0.22495249069560952,0.28023538868242587,-0.13000972298710123,0.011452291375236975,0.0858434372006431,0.9877232513415147,0.006998816940044696,-0.22495249075682894,0.28023538878916754,-0.13000972298204433,0.011452291375702172,0.08584343720054728,0.9877232513421833,0.00699881694008813,-0.22495249075705556,0.2802353887895628,-0.1300097229820254,0.011452291375704486,0.08584343720054248,0.9877232513421862,0.00699881694008813,-0.22495249075705556,0.2802353887895628,-0.1300097229820254,0.011452291375704486,0.08584343720054248,0.9877232513421862,0.14289459867500995,-0.5114106861434556,0.7777399675562217,-0.07045882235020899,0.5252748074965435,-0.02379980516405522,0.14289459867513155,-0.5114106861413713,0.7777399675522177,-0.07045882235019234,0.5252748074945817,-0.023799805164075087,0.14289459867513155,-0.5114106861413713,0.7777399675522177,-0.07045882235019234,0.5252748074945817,-0.023799805164075087,-1.0276217178733209e-11,3.7959476347155364e-13,-1.913560705310915e-12,-2.257965624247127e-11,-7.178449912560855e-13,-2.255690369736992e-11,7.642407149597505e-11,-1.6106888786092124e-10,3.192757397440895e-10,1.8690256031015672e-10,1.5460606485650075e-10,1.8947916165932548e-10,1.0,True,False,1,True,True,0.001787100001820363,1,1.2346941379384694e-10,1.0246002022868926e-11,`gtol` termination condition is satisfied.,True,True,0.010000000000001563,3.984812479984612e-12,1.0,4.576671887324772e-13,3.979422241276817e-14,1.239270441053144e-10,1.0284662262449443e-11
22.280000000000683,1786132521.9625442,0.005467499999213032,0.004447300001629628,0.01,TELEOP,0,,0.0,22.280000000000683,2228,0.08,0.0,0.0,0.0,0.0,0.17364817766693036,0.9848077530122081,0.08,0.0,0.0,0.0,0.0,0.17364817766693036,0.9848077530122081,0.006998816929891145,-0.22495249069560952,0.28023538868242587,-0.13000972298710123,0.011452291375236975,0.0858434372006431,0.9877232513415147,0.006998816929891145,-0.22495249069560952,0.28023538868242587,-0.13000972298710123,0.011452291375236975,0.0858434372006431,0.9877232513415147,0.006998816940044696,-0.22495249075682894,0.28023538878916754,-0.13000972298204433,0.011452291375702172,0.08584343720054728,0.9877232513421833,0.006998816940079831,-0.2249524907570552,0.28023538878956195,-0.13000972298202573,0.011452291375703642,0.08584343720054871,0.9877232513421856,0.006998816940079831,-0.2249524907570552,0.28023538878956195,-0.13000972298202573,0.011452291375703642,0.08584343720054871,0.9877232513421856,0.14289459867500995,-0.5114106861434556,0.7777399675562217,-0.07045882235020899,0.5252748074965435,-0.02379980516405522,0.1428945986750365,-0.5114106861413823,0.777739967552228,-0.07045882235039944,0.5252748074945887,-0.02379980516428172,0.1428945986750365,-0.5114106861413823,0.777739967552228,-0.07045882235039944,0.5252748074945887,-0.02379980516428172,-9.504308231041481e-12,-1.0994914018396882e-12,1.0263945729155685e-12,-2.0709583045438217e-11,7.04388693303751e-13,-2.066336585227846e-11,7.719089476916076e-11,-1.4790861653110107e-10,2.939955278226024e-10,1.8700731970327603e-10,1.4222336845596142e-10,1.8935378450911647e-10,1.0,True,False,1,True,True,0.001145900008850731,1,1.2346941379384694e-10,1.0246002022868926e-11,`gtol` termination condition is satisfied.,True,True,0.010000000000001563,4.0039083160081645e-12,1.0,4.560551421403435e-13,3.772321778650831e-14,1.239254627648198e-10,1.0283439275134056e-11
22.290000000000685,1786132521.9675486,0.004657299999962561,0.004795100001501851,0.01,TELEOP,0,,0.0,22.290000000000685,2229,0.08,0.0,0.0,0.0,0.0,0.17364817766693036,0.9848077530122081,0.08,0.0,0.0,0.0,0.0,0.17364817766693036,0.9848077530122081,0.006998816929891145,-0.22495249069560952,0.28023538868242587,-0.13000972298710123,0.011452291375236975,0.0858434372006431,0.9877232513415147,0.006998816929891145,-0.22495249069560952,0.28023538868242587,-0.13000972298710123,0.011452291375236975,0.0858434372006431,0.9877232513415147,0.006998816940044696,-0.22495249075682894,0.28023538878916754,-0.13000972298204433,0.011452291375702172,0.08584343720054728,0.9877232513421833,0.006998816940071966,-0.2249524907570532,0.2802353887895584,-0.13000972298202598,0.01145229137570288,0.0858434372005544,0.9877232513421851,0.006998816940071966,-0.2249524907570532,0.2802353887895584,-0.13000972298202598,0.01145229137570288,0.0858434372005544,0.9877232513421851,0.14289459867500995,-0.5114106861434556,0.7777399675562217,-0.07045882235020899,0.5252748074965435,-0.02379980516405522,0.1428945986749492,-0.5114106861414067,0.7777399675522652,-0.07045882235058795,0.5252748074946086,-0.023799805164469563,0.1428945986749492,-0.5114106861414067,0.7777399675522652,-0.07045882235058795,0.5252748074946086,-0.023799805164469563,-8.730728438082457e-12,-2.4476876034140085e-12,3.714260486410256e-12,-1.8851531067980133e-11,2.0032456784175136e-12,-1.8784127465413756e-11,7.735797929589035e-11,-1.3481962015741094e-10,2.6878659134942675e-10,1.8580519774577944e-10,1.2988569851135593e-10,1.8792383868644133e-10,1.0,True,False,1,True,True,0.0010968000133289024,1,1.2346941379384694e-10,1.0246002022868926e-11,`gtol` termination condition is satisfied.,True,True,0.010000000000001563,3.993694264181613e-12,1.0,4.5144802541988345e-13,3.9536139867188036e-14,1.2392075408582457e-10,1.0282543319760048e-11
22.300000000000686,1786132521.9724789,0.005016900002374314,0.004708699998445809,0.01,TELEOP,0,,0.0,22.300000000000686,2230,0.08,0.0,0.0,0.0,0.0,0.17364817766693036,0.9848077530122081,0.08,0.0,0.0,0.0,0.0,0.17364817766693036,0.9848077530122081,0.006998816929891145,-0.22495249069560952,0.28023538868242587,-0.13000972298710123,0.011452291375236975,0.0858434372006431,0.9877232513415147,0.006998816929891145,-0.22495249069560952,0.28023538868242587,-0.13000972298710123,0.011452291375236975,0.0858434372006431,0.9877232513415147,0.006998816940044696,-0.22495249075682894,0.28023538878916754,-0.13000972298204433,0.011452291375702172,0.08584343720054728,0.9877232513421833,0.006998816940064573,-0.22495249075704984,0.2802353887895524,-0.13000972298202648,0.011452291375702157,0.08584343720055958,0.9877232513421846,0.006998816940064573,-0.22495249075704984,0.2802353887895524,-0.13000972298202648,0.011452291375702157,0.08584343720055958,0.9877232513421846,0.14289459867500995,-0.5114106861434556,0.7777399675562217,-0.07045882235020899,0.5252748074965435,-0.02379980516405522,0.1428945986748696,-0.5114106861414434,0.7777399675523267,-0.07045882235075812,0.5252748074946404,-0.023799805164638872,0.1428945986748696,-0.5114106861414434,0.7777399675523267,-0.07045882235075812,0.5252748074946404,-0.023799805164638872,-7.960975405031985e-12,-3.666572380869787e-12,6.152309468693582e-12,-1.7017402956989842e-11,3.179986793630629e-12,-1.6931045890737312e-11,7.697530330503519e-11,-1.2188847774555872e-10,2.4380489822829445e-10,1.8341281109900035e-10,1.1767411152129317e-10,1.853081574676155e-10,1.0,True,False,1,True,True,0.0011473000049591064,1,1.2346941379384694e-10,1.0246002022868926e-11,`gtol` termination condition is satisfied.,True,True,0.010000000000001563,3.95650179285667e-12,1.0,4.441971589937346e-13,4.3412400931036175e-14,1.2391329865178717e-10,1.0281128840233704e-11
22.310000000000688,1786132522.0077455,0.03451850000419654,0.005455599995912053,0.01,TELEOP,0,,0.0,22.310000000000688,2231,0.08,0.0,0.0,0.0,0.0,0.17364817766693036,0.9848077530122081,0.08,0.0,0.0,0.0,0.0,0.17364817766693036,0.9848077530122081,0.006998816929891145,-0.22495249069560952,0.28023538868242587,-0.13000972298710123,0.011452291375236975,0.0858434372006431,0.9877232513415147,0.006998816929891145,-0.22495249069560952,0.28023538868242587,-0.13000972298710123,0.011452291375236975,0.0858434372006431,0.9877232513415147,0.006998816940044696,-0.22495249075682894,0.28023538878916754,-0.13000972298204433,0.011452291375702172,0.08584343720054728,0.9877232513421833,0.006998816940057658,-0.22495249075704532,0.2802353887895443,-0.13000972298202707,0.011452291375701494,0.08584343720056423,0.9877232513421842,0.006998816940057658,-0.22495249075704532,0.2802353887895443,-0.13000972298202707,0.011452291375701494,0.08584343720056423,0.9877232513421842,0.14289459867500995,-0.5114106861434556,0.7777399675562217,-0.07045882235020899,0.5252748074965435,-0.02379980516405522,0.1428945986747976,-0.511410686141491,0.7777399675524101,-0.0704588223509103,0.5252748074946828,-0.02379980516479002,0.1428945986747976,-0.511410686141491,0.7777399675524101,-0.0704588223509103,0.5252748074946828,-0.02379980516479002,-7.2000886033012595e-12,-4.7584408158899034e-12,8.344474955533651e-12,-1.521794563712415e-11,4.236615886392439e-12,-1.5114812078356592e-11,7.608868017306068e-11,-1.091868435019946e-10,2.1921654868397274e-10,1.7994573198654107e-10,1.0566290927616444e-10,1.8162338123804347e-10,1.0,True,False,1,True,True,0.0013977000053273514,1,1.2346941379384694e-10,1.0246002022868926e-11,`gtol` termination condition is satisfied.,True,True,0.010000000000001563,3.894995437292437e-12,1.0,4.3466434936596543e-13,4.840158068335154e-14,1.2390348119911873e-10,1.0279530538207593e-11
22.32000000000069,1786132522.0123231,0.005683099996531382,0.004350599992903881,0.01,TELEOP,0,,0.0,22.32000000000069,2232,0.08,0.0,0.0,0.0,0.0,0.17364817766693036,0.9848077530122081,0.08,0.0,0.0,0.0,0.0,0.17364817766693036,0.9848077530122081,0.006998816929891145,-0.22495249069560952,0.28023538868242587,-0.13000972298710123,0.011452291375236975,0.0858434372006431,0.9877232513415147,0.006998816929891145,-0.22495249069560952,0.28023538868242587,-0.13000972298710123,0.011452291375236975,0.0858434372006431,0.9877232513415147,0.006998816940044696,-0.22495249075682894,0.28023538878916754,-0.13000972298204433,0.011452291375702172,0.08584343720054728,0.9877232513421833,0.006998816940051229,-0.22495249075703955,0.28023538878953425,-0.13000972298202765,0.0114522913757009,0.08584343720056838,0.9877232513421838,0.006998816940051229,-0.22495249075703955,0.28023538878953425,-0.13000972298202765,0.0114522913757009,0.08584343720056838,0.9877232513421838,0.14289459867500995,-0.5114106861434556,0.7777399675562217,-0.07045882235020899,0.5252748074965435,-0.02379980516405522,0.14289459867473306,-0.5114106861415483,0.7777399675525131,-0.07045882235104493,0.5252748074947345,-0.023799805164923468,0.14289459867473306,-0.5114106861415483,0.7777399675525131,-0.07045882235104493,0.5252748074947345,-0.023799805164923468,-6.452610449529387e-12,-5.726244820383033e-12,1.0295981671628808e-11,-1.3462759884816374e-11,5.175740805076384e-12,-1.3344968266686872e-11,7.474781537717555e-11,-9.678040044929784e-11,1.951506716094852e-10,1.755185752307501e-10,9.391249186837987e-11,1.769843811669444e-10,1.0,True,False,1,True,True,0.0011243000044487417,1,1.2346941379384694e-10,1.0246002022868926e-11,`gtol` termination condition is satisfied.,True,True,0.010000000000001563,3.811506665840625e-12,1.0,4.229334916732671e-13,5.387169259379331e-14,1.2389140488388414e-10,1.02780225572874e-11
22.33000000000069,1786132522.017351,0.00454929999250453,0.004829199999221601,0.01,TELEOP,0,,0.0,22.33000000000069,2233,0.08,0.0,0.0,0.0,0.0,0.17364817766693036,0.9848077530122081,0.08,0.0,0.0,0.0,0.0,0.17364817766693036,0.9848077530122081,0.006998816929891145,-0.22495249069560952,0.28023538868242587,-0.13000972298710123,0.011452291375236975,0.0858434372006431,0.9877232513415147,0.006998816929891145,-0.22495249069560952,0.28023538868242587,-0.13000972298710123,0.011452291375236975,0.0858434372006431,0.9877232513415147,0.006998816940044696,-0.22495249075682894,0.28023538878916754,-0.13000972298204433,0.011452291375702172,0.08584343720054728,0.9877232513421833,0.0069988169400453035,-0.22495249075703289,0.2802353887895225,-0.1300097229820285,0.011452291375700354,0.08584343720057203,0.9877232513421833,0.0069988169400453035,-0.22495249075703289,0.2802353887895225,-0.1300097229820285,0.011452291375700354,0.08584343720057203,0.9877232513421833,0.14289459867500995,-0.5114106861434556,0.7777399675562217,-0.07045882235020899,0.5252748074965435,-0.02379980516405522,0.14289459867467583,-0.511410686141614,0.7777399675526332,-0.07045882235116253,0.5252748074947945,-0.023799805165039767,0.14289459867467583,-0.511410686141614,0.7777399675526332,-0.07045882235116253,0.5252748074947945,-0.023799805165039767,-5.722608452109106e-12,-6.573615499452648e-12,1.2013392220839088e-11,-1.1760347653865083e-11,6.0006772632119746e-12,-1.1629938656295232e-11,7.30001997420167e-11,-8.473706790694829e-11,1.7174105492100114e-10,1.7024122309510254e-10,8.249364581354612e-11,1.7150296103913725e-10,1.0,True,False,1,True,True,0.0015261000080499798,1,1.2346941379384694e-10,1.0246002022868926e-11,`gtol` termination condition is satisfied.,True,True,0.010000000000001563,3.708588991457873e-12,1.0,4.0936089266806436e-13,5.887119317309928e-14,1.2387744191487838e-10,1.0276045167409847e-11
22.340000000000693,1786132522.0218792,0.0050365000060992315,0.004321499989600852,0.01,TELEOP,0,,0.0,22.340000000000693,2234,0.08,0.0,0.0,0.0,0.0,0.17364817766693036,0.9848077530122081,0.08,0.0,0.0,0.0,0.0,0.17364817766693036,0.9848077530122081,0.006998816929891145,-0.22495249069560952,0.28023538868242587,-0.13000972298710123,0.011452291375236975,0.0858434372006431,0.9877232513415147,0.006998816929891145,-0.22495249069560952,0.28023538868242587,-0.13000972298710123,0.011452291375236975,0.0858434372006431,0.9877232513415147,0.006998816940044696,-0.22495249075682894,0.28023538878916754,-0.13000972298204433,0.011452291375702172,0.08584343720054728,0.9877232513421833,0.006998816940039836,-0.22495249075702528,0.2802353887895092,-0.13000972298202929,0.011452291375699867,0.08584343720057518,0.987723251342183,0.006998816940039836,-0.22495249075702528,0.2802353887895092,-0.13000972298202929,0.011452291375699867,0.08584343720057518,0.987723251342183,0.14289459867500995,-0.5114106861434556,0.7777399675562217,-0.07045882235020899,0.5252748074965435,-0.02379980516405522,0.1428945986746257,-0.511410686141687,0.7777399675527682,-0.07045882235126372,0.5252748074948617,-0.023799805165139538,0.1428945986746257,-0.511410686141687,0.7777399675527682,-0.07045882235126372,0.5252748074948617,-0.023799805165139538,-5.013695512168694e-12,-7.304729453142965e-12,1.3504264299792613e-11,-1.0118136182518478e-11,6.715235653079471e-12,-9.977064755605379e-12,7.089129399403012e-11,-7.311139536902028e-11,1.490872078953292e-10,1.642211471346348e-10,7.145583898673852e-11,1.6528739006895947e-10,1.0,True,False,1,True,True,0.0010830999963218346,1,1.2346941379384694e-10,1.0246002022868926e-11,`gtol` termination condition is satisfied.,True,True,0.010000000000001563,3.588462860193431e-12,1.0,3.9409813784359266e-13,6.35502489410813e-14,1.2386175296156047e-10,1.0274262568224492e-11
22.350000000000694,1786132522.0267034,0.004558300002827309,0.004586700000800192,0.01,TELEOP,0,,0.0,22.350000000000694,2235,0.08,0.0,0.0,0.0,0.0,0.17364817766693036,0.9848077530122081,0.08,0.0,0.0,0.0,0.0,0.17364817766693036,0.9848077530122081,0.006998816929891145,-0.22495249069560952,0.28023538868242587,-0.13000972298710123,0.011452291375236975,0.0858434372006431,0.9877232513415147,0.006998816929891145,-0.22495249069560952,0.28023538868242587,-0.13000972298710123,0.011452291375236975,0.0858434372006431,0.9877232513415147,0.006998816940044696,-0.22495249075682894,0.28023538878916754,-0.13000972298204433,0.011452291375702172,0.08584343720054728,0.9877232513421833,0.006998816940034864,-0.22495249075701698,0.2802353887894947,-0.1300097229820301,0.011452291375699442,0.0858434372005779,0.9877232513421825,0.006998816940034864,-0.22495249075701698,0.2802353887894947,-0.1300097229820301,0.011452291375699442,0.0858434372005779,0.9877232513421825,0.14289459867500995,-0.5114106861434556,0.7777399675562217,-0.07045882235020899,0.5252748074965435,-0.02379980516405522,0.1428945986745824,-0.5114106861417663,0.777739967552916,-0.07045882235134915,0.5252748074949349,-0.023799805165223464,0.1428945986745824,-0.5114106861417663,0.777739967552916,-0.07045882235134915,0.5252748074949349,-0.023799805165223464,-4.329048532805386e-12,-7.924186219706061e-12,1.4777144872309408e-11,-8.542509728987729e-12,7.323602723659507e-12,-8.392645009141544e-12,6.846469793632015e-11,-6.194567665629991e-11,1.2728805725165964e-10,1.575626453530503e-10,6.083670705799398e-11,1.5844197464635866e-10,1.0,True,False,1,True,True,0.0011635999981081113,1,1.2346941379384694e-10,1.0246002022868926e-11,`gtol` termination condition is satisfied.,True,True,0.010000000000001563,3.453459740399012e-12,1.0,3.774993607573985e-13,6.777002897942589e-14,1.23844704908641e-10,1.0272339727401017e-11
22.360000000000696,1786132522.0318727,0.004842900001676753,0.004913600001600571,0.01,TELEOP,0,,0.0,22.360000000000696,2236,0.08,0.0,0.0,0.0,0.0,0.17364817766693036,0.9848077530122081,0.08,0.0,0.0,0.0,0.0,0.17364817766693036,0.9848077530122081,0.006998816929891145,-0.22495249069560952,0.28023538868242587,-0.13000972298710123,0.011452291375236975,0.0858434372006431,0.9877232513415147,0.006998816929891145,-0.22495249069560952,0.28023538868242587,-0.13000972298710123,0.011452291375236975,0.0858434372006431,0.9877232513415147,0.006998816940044696,-0.22495249075682894,0.28023538878916754,-0.13000972298204433,0.011452291375702172,0.08584343720054728,0.9877232513421833,0.006998816940030395,-0.22495249075700804,0.2802353887894791,-0.1300097229820309,0.011452291375699074,0.08584343720058019,0.9877232513421823,0.006998816940030395,-0.22495249075700804,0.2802353887894791,-0.1300097229820309,0.011452291375699074,0.08584343720058019,0.9877232513421823,0.14289459867500995,-0.5114106861434556,0.7777399675562217,-0.07045882235020899,0.5252748074965435,-0.02379980516405522,0.14289459867454568,-0.5114106861418507,0.7777399675530744,-0.07045882235141954,0.5252748074950132,-0.023799805165292284,0.14289459867454568,-0.5114106861418507,0.7777399675530744,-0.07045882235141954,0.5252748074950132,-0.023799805165292284,-3.671386928138759e-12,-8.436973030751217e-12,1.584133353282643e-11,-7.0388579370394795e-12,7.83038731639587e-12,-6.8819783514332095e-12,6.576616046665237e-11,-5.12786811045077e-11,1.0641886605168574e-10,1.5036517919480138e-10,5.0678459273628376e-11,1.510666657708099e-10,1.0,True,False,1,True,True,0.0012715999910142273,1,1.2346941379384694e-10,1.0246002022868926e-11,`gtol` termination condition is satisfied.,True,True,0.010000000000001563,3.3056890558214036e-12,1.0,3.5967817164938274e-13,7.1369887795655e-14,1.2382642177976569e-10,1.0270662919690056e-11
22.370000000000697,1786132522.0364025,0.005135599989444017,0.004307299997890368,0.01,TELEOP,0,,0.0,22.370000000000697,2237,0.08,0.0,0.0,0.0,0.0,0.17364817766693036,0.9848077530122081,0.08,0.0,0.0,0.0,0.0,0.17364817766693036,0.9848077530122081,0.006998816929891145,-0.22495249069560952,0.28023538868242587,-0.13000972298710123,0.011452291375236975,0.0858434372006431,0.9877232513415147,0.006998816929891145,-0.22495249069560952,0.28023538868242587,-0.13000972298710123,0.011452291375236975,0.0858434372006431,0.9877232513415147,0.006998816940044696,-0.22495249075682894,0.28023538878916754,-0.13000972298204433,0.011452291375702172,0.08584343720054728,0.9877232513421833,0.006998816940026402,-0.22495249075699866,0.28023538878946264,-0.13000972298203173,0.011452291375698757,0.08584343720058205,0.987723251342182,0.006998816940026402,-0.22495249075699866,0.28023538878946264,-0.13000972298203173,0.011452291375698757,0.08584343720058205,0.987723251342182,0.14289459867500995,-0.5114106861434556,0.7777399675562217,-0.07045882235020899,0.5252748074965435,-0.02379980516405522,0.14289459867451526,-0.5114106861419392,0.7777399675532415,-0.07045882235147566,0.5252748074950956,-0.023799805165346778,0.14289459867451526,-0.5114106861419392,0.7777399675532415,-0.07045882235147566,0.5252748074950956,-0.023799805165346778,-3.043030022097497e-12,-8.848432503465157e-12,1.6706819787179498e-11,-5.611629808474961e-12,8.24058519082358e-12,-5.449408950104087e-12,6.283569060411639e-11,-4.114594727138752e-11,8.654862543529321e-11,1.4272281285642953e-10,4.101978744276469e-11,1.4325694013288984e-10,1.0,True,False,1,True,True,0.001131500001065433,1,1.2346941379384694e-10,1.0246002022868926e-11,`gtol` termination condition is satisfied.,True,True,0.010000000000001563,3.1472602302073938e-12,1.0,3.409160925693148e-13,7.432663430284702e-14,1.238071895635272e-10,1.026878472096025e-11
22.3800000000007,1786132522.0409794,0.004508500001975335,0.004375999997137114,0.01,TELEOP,0,,0.0,22.3800000000007,2238,0.08,0.0,0.0,0.0,0.0,0.17364817766693036,0.9848077530122081,0.08,0.0,0.0,0.0,0.0,0.17364817766693036,0.9848077530122081,0.006998816929891145,-0.22495249069560952,0.28023538868242587,-0.13000972298710123,0.011452291375236975,0.0858434372006431,0.9877232513415147,0.006998816929891145,-0.22495249069560952,0.28023538868242587,-0.13000972298710123,0.011452291375236975,0.0858434372006431,0.9877232513415147,0.006998816940044696,-0.22495249075682894,0.28023538878916754,-0.13000972298204433,0.011452291375702172,0.08584343720054728,0.9877232513421833,0.006998816940022835,-0.2249524907569888,0.28023538878944554,-0.13000972298203262,0.011452291375698498,0.08584343720058352,0.9877232513421818,0.006998816940022835,-0.2249524907569888,0.28023538878944554,-0.13000972298203262,0.011452291375698498,0.08584343720058352,0.9877232513421818,0.14289459867500995,-0.5114106861434556,0.7777399675562217,-0.07045882235020899,0.5252748074965435,-0.02379980516405522,0.1428945986744908,-0.5114106861420308,0.7777399675534153,-0.0704588223515183,0.5252748074951812,-0.023799805165387763,0.1428945986744908,-0.5114106861420308,0.7777399675534153,-0.0704588223515183,0.5252748074951812,-0.023799805165387763,-2.4459111145633385e-12,-9.164155926326096e-12,1.7384148461165553e-11,-4.264363903197219e-12,8.55939258375231e-12,-4.098376857723004e-12,5.971189075340652e-11,-3.1572342286089063e-11,6.773286739859502e-11,1.347265905277531e-10,3.188073929286803e-11,1.3510320923808713e-10,1.0,True,False,1,True,True,0.001152700002421625,1,1.2346941379384694e-10,1.0246002022868926e-11,`gtol` termination condition is satisfied.,True,True,0.010000000000001563,2.9801716650013077e-12,1.0,3.21435701235267e-13,7.65711233516545e-14,1.2378723044882444e-10,1.026687291192066e-11
22.3900000000007,1786132522.0456688,0.00458999999682419,0.004475199995795265,0.01,TELEOP,0,,0.0,22.3900000000007,2239,0.08,0.0,0.0,0.0,0.0,0.17364817766693036,0.9848077530122081,0.08,0.0,0.0,0.0,0.0,0.17364817766693036,0.9848077530122081,0.006998816929891145,-0.22495249069560952,0.28023538868242587,-0.13000972298710123,0.011452291375236975,0.0858434372006431,0.9877232513415147,0.006998816929891145,-0.22495249069560952,0.28023538868242587,-0.13000972298710123,0.011452291375236975,0.0858434372006431,0.9877232513415147,0.006998816940044696,-0.22495249075682894,0.28023538878916754,-0.13000972298204433,0.011452291375702172,0.08584343720054728,0.9877232513421833,0.006998816940019744,-0.2249524907569787,0.28023538878942783,-0.13000972298203356,0.01145229137569828,0.08584343720058461,0.9877232513421815,0.006998816940019744,-0.2249524907569787,0.28023538878942783,-0.13000972298203356,0.01145229137569828,0.08584343720058461,0.9877232513421815,0.14289459867500995,-0.5114106861434556,0.7777399675562217,-0.07045882235020899,0.5252748074965435,-0.02379980516405522,0.142894598674472,-0.5114106861421247,0.7777399675535942,-0.07045882235154831,0.5252748074952691,-0.023799805165416077,0.142894598674472,-0.5114106861421247,0.7777399675535942,-0.07045882235154831,0.5252748074952691,-0.023799805165416077,-1.881571100631081e-12,-9.389962536496128e-12,1.788429632505809e-11,-2.999754572016654e-12,8.792189502826828e-12,-2.831469261343533e-12,5.643400139321694e-11,-2.258066101699961e-11,5.001478638924598e-11,1.2646093311803677e-10,2.327969190744809e-11,1.2669075963792728e-10,1.0,True,False,1,True,True,0.0011100999981863424,1,1.2346941379384694e-10,1.0246002022868926e-11,`gtol` termination condition is satisfied.,True,True,0.010000000000001563,2.806310739345008e-12,1.0,3.0133902750075223e-13,7.817862160256363e-14,1.2376665848756618e-10,1.026492144452663e-11
22.400000000000702,1786132522.0501823,0.00468850000470411,0.004300200002035126,0.01,TELEOP,0,,0.0,22.400000000000702,2240,0.08,0.0,0.0,0.0,0.0,0.17364817766693036,0.9848077530122081,0.08,0.0,0.0,0.0,0.0,0.17364817766693036,0.9848077530122081,0.006998816929891145,-0.22495249069560952,0.28023538868242587,-0.13000972298710123,0.011452291375236975,0.0858434372006431,0.9877232513415147,0.006998816929891145,-0.22495249069560952,0.28023538868242587,-0.13000972298710123,0.011452291375236975,0.0858434372006431,0.9877232513415147,0.006998816940044696,-0.22495249075682894,0.28023538878916754,-0.13000972298204433,0.011452291375702172,0.08584343720054728,0.9877232513421833,0.006998816940017076,-0.22495249075696844,0.2802353887894099,-0.13000972298203445,0.011452291375698096,0.08584343720058538,0.9877232513421814,0.006998816940017076,-0.22495249075696844,0.2802353887894099,-0.13000972298203445,0.011452291375698096,0.08584343720058538,0.9877232513421814,0.14289459867500995,-0.5114106861434556,0.7777399675562217,-0.07045882235020899,0.5252748074965435,-0.02379980516405522,0.14289459867445847,-0.5114106861422201,0.7777399675537764,-0.0704588223515665,0.5252748074953586,-0.02379980516543258,0.14289459867445847,-0.5114106861422201,0.7777399675537764,-0.0704588223515665,0.5252748074953586,-0.02379980516543258,-1.3511911710074915e-12,-9.531726326455249e-12,1.8218558999412952e-11,-1.8196933953508054e-12,8.94452441229074e-12,-1.6504746892631335e-12,5.303799296235065e-11,-1.4176378995909881e-11,3.3426267435480883e-11,1.180061176665664e-10,1.5233490946388745e-11,1.180994572080215e-10,1.0,True,False,1,True,True,0.0011289999965811148,1,1.2346941379384694e-10,1.0246002022868926e-11,`gtol` termination condition is satisfied.,True,True,0.010000000000001563,2.6274538100778955e-12,1.0,2.8100210508691213e-13,7.92240425221197e-14,1.2374584663450975e-10,1.0263040357482522e-11
22.410000000000704,1786132522.0546753,0.004536499996902421,0.004256700005498715,0.01,TELEOP,0,,0.0,22.410000000000704,2241,0.08,0.0,0.0,0.0,0.0,0.17364817766693036,0.9848077530122081,0.08,0.0,0.0,0.0,0.0,0.17364817766693036,0.9848077530122081,0.006998816929891145,-0.22495249069560952,0.28023538868242587,-0.13000972298710123,0.011452291375236975,0.0858434372006431,0.9877232513415147,0.006998816929891145,-0.22495249069560952,0.28023538868242587,-0.13000972298710123,0.011452291375236975,0.0858434372006431,0.9877232513415147,0.006998816940044696,-0.22495249075682894,0.28023538878916754,-0.13000972298204433,0.011452291375702172,0.08584343720054728,0.9877232513421833,0.006998816940014828,-0.22495249075695803,0.28023538878939175,-0.13000972298203525,0.011452291375697959,0.08584343720058575,0.9877232513421812,0.006998816940014828,-0.22495249075695803,0.28023538878939175,-0.13000972298203525,0.011452291375697959,0.08584343720058575,0.9877232513421812,0.14289459867500995,-0.5114106861434556,0.7777399675562217,-0.07045882235020899,0.5252748074965435,-0.02379980516405522,0.14289459867444992,-0.511410686142316,0.7777399675539604,-0.07045882235157376,0.5252748074954489,-0.023799805165438146,0.14289459867444992,-0.511410686142316,0.7777399675539604,-0.07045882235157376,0.5252748074954489,-0.023799805165438146,-8.556227873769766e-13,-9.59544857987936e-12,1.8398447285390308e-11,-7.253360807570932e-13,9.022023096115434e-12,-5.564351098905283e-13,4.955683836304374e-11,-6.372225342410204e-12,1.798882859773287e-11,1.094357314593541e-10,7.749868382468111e-12,1.0940395793724341e-10,1.0,True,False,1,True,True,0.0010949999996228144,1,1.2346941379384694e-10,1.0246002022868926e-11,`gtol` termination condition is satisfied.,True,True,0.010000000000001563,2.4452662117369073e-12,1.0,2.604353595337057e-13,7.960940964814814e-14,1.2372480835783668e-10,1.026139768022941e-11
22.420000000000705,1786132522.0593932,0.0044978000078117475,0.004476700007217005,0.01,TELEOP,0,,0.0,22.420000000000705,2242,0.08,0.0,0.0,0.0,0.0,0.17364817766693036,0.9848077530122081,0.08,0.0,0.0,0.0,0.0,0.17364817766693036,0.9848077530122081,0.006998816929891145,-0.22495249069560952,0.28023538868242587,-0.13000972298710123,0.011452291375236975,0.0858434372006431,0.9877232513415147,0.006998816929891145,-0.22495249069560952,0.28023538868242587,-0.13000972298710123,0.011452291375236975,0.0858434372006431,0.9877232513415147,0.006998816940044696,-0.22495249075682894,0.28023538878916754,-0.13000972298204433,0.011452291375702172,0.08584343720054728,0.9877232513421833,0.006998816940012972,-0.22495249075694762,0.28023538878937354,-0.1300097229820361,0.011452291375697879,0.08584343720058589,0.9877232513421811,0.006998816940012972,-0.22495249075694762,0.28023538878937354,-0.1300097229820361,0.011452291375697879,0.08584343720058589,0.9877232513421811,0.14289459867500995,-0.5114106861434556,0.7777399675562217,-0.07045882235020899,0.5252748074965435,-0.02379980516405522,0.14289459867444598,-0.5114106861424119,0.7777399675541448,-0.07045882235157093,0.5252748074955391,-0.023799805165433643,0.14289459867444598,-0.5114106861424119,0.7777399675541448,-0.07045882235157093,0.5252748074955391,-0.023799805165433643,-3.954151598201117e-13,-9.587247264040609e-12,1.8435592134216483e-11,2.8286512638677314e-13,9.03038221468943e-12,4.5029908294471666e-13,4.6020762755679295e-11,8.201315838750011e-13,3.714484882616806e-12,1.0082012071437088e-10,8.359118573994707e-13,1.0067341928350875e-10,1.0,True,False,1,True,True,0.0011525000008987263,1,1.2346941379384694e-10,1.0246002022868926e-11,`gtol` termination condition is satisfied.,True,True,0.010000000000001563,2.261302256556519e-12,1.0,2.398517125320491e-13,7.951977884555612e-14,1.2370375416935562e-10,1.0259659985360738e-11
22.430000000000707,1786132522.0649674,0.004689599998528138,0.005361199990147725,0.01,TELEOP,0,,0.0,22.430000000000707,2243,0.08,0.0,0.0,0.0,0.0,0.17364817766693036,0.9848077530122081,0.08,0.0,0.0,0.0,0.0,0.17364817766693036,0.9848077530122081,0.006998816929891145,-0.22495249069560952,0.28023538868242587,-0.13000972298710123,0.011452291375236975,0.0858434372006431,0.9877232513415147,0.006998816929891145,-0.22495249069560952,0.28023538868242587,-0.13000972298710123,0.011452291375236975,0.0858434372006431,0.9877232513415147,0.006998816940044696,-0.22495249075682894,0.28023538878916754,-0.13000972298204433,0.011452291375702172,0.08584343720054728,0.9877232513421833,0.00699881694001148,-0.2249524907569372,0.2802353887893554,-0.13000972298203703,0.011452291375697818,0.08584343720058571,0.987723251342181,0.00699881694001148,-0.2249524907569372,0.2802353887893554,-0.13000972298203703,0.011452291375697818,0.08584343720058571,0.987723251342181,0.14289459867500995,-0.5114106861434556,0.7777399675562217,-0.07045882235020899,0.5252748074965435,-0.02379980516405522,0.1428945986744463,-0.5114106861425071,0.7777399675543282,-0.07045882235155888,0.5252748074956288,-0.023799805165419942,0.1428945986744463,-0.5114106861425071,0.7777399675543282,-0.07045882235155888,0.5252748074956288,-0.023799805165419942,2.917884025799446e-14,-9.5131160097109e-12,1.8341580437036123e-11,1.2050835463291968e-12,8.975363398450288e-12,1.3700114387772638e-12,4.245940000780398e-11,7.413125432969676e-12,-9.401169718034534e-12,9.222184199422796e-11,-5.50188162391336e-12,9.197123558324033e-11,1.0,True,False,1,True,True,0.0017383999947924167,1,1.2346941379384694e-10,1.0246002022868926e-11,`gtol` termination condition is satisfied.,True,True,0.010000000000001563,2.0768942121662803e-12,1.0,2.1934955109281074e-13,7.884074789618983e-14,1.2368277778064043e-10,1.025776659483257e-11
22.44000000000071,1786132522.0695198,0.005577100004302338,0.004336600002716295,0.01,TELEOP,0,,0.0,22.44000000000071,2244,0.08,0.0,0.0,0.0,0.0,0.17364817766693036,0.9848077530122081,0.08,0.0,0.0,0.0,0.0,0.17364817766693036,0.9848077530122081,0.006998816929891145,-0.22495249069560952,0.28023538868242587,-0.13000972298710123,0.011452291375236975,0.0858434372006431,0.9877232513415147,0.006998816929891145,-0.22495249069560952,0.28023538868242587,-0.13000972298710123,0.011452291375236975,0.0858434372006431,0.9877232513415147,0.006998816940044696,-0.22495249075682894,0.28023538878916754,-0.13000972298204433,0.011452291375702172,0.08584343720054728,0.9877232513421833,0.006998816940010373,-0.22495249075692691,0.28023538878933757,-0.13000972298203775,0.011452291375697806,0.0858434372005853,0.987723251342181,0.006998816940010373,-0.22495249075692691,0.28023538878933757,-0.13000972298203775,0.011452291375697806,0.0858434372005853,0.987723251342181,0.14289459867500995,-0.5114106861434556,0.7777399675562217,-0.07045882235020899,0.5252748074965435,-0.02379980516405522,0.14289459867445048,-0.5114106861426009,0.7777399675545095,-0.07045882235153847,0.5252748074957174,-0.023799805165397907,0.14289459867445048,-0.5114106861426009,0.7777399675545095,-0.07045882235153847,0.5252748074957174,-0.023799805165397907,4.1817798523807804e-13,-9.37908867017923e-12,1.812803579540683e-11,2.0420852091811392e-12,8.862633636071543e-12,2.203566621892318e-12,3.8899914498002277e-11,1.3402733953164882e-11,-2.135446416292571e-11,8.370016628518115e-11,-1.1272976237872777e-11,8.335551831149239e-11,1.0,True,False,1,True,True,0.0011145000025862828,1,1.2346941379384694e-10,1.0246002022868926e-11,`gtol` termination condition is satisfied.,True,True,0.010000000000001563,1.8934853684982045e-12,1.0,1.9921856576942527e-13,7.781625103690966e-14,1.2366217590688945e-10,1.0256385960779604e-11
22.45000000000071,1786132522.0747893,0.004542099995887838,0.0050641999987419695,0.01,TELEOP,0,,0.0,22.45000000000071,2245,0.08,0.0,0.0,0.0,0.0,0.17364817766693036,0.9848077530122081,0.08,0.0,0.0,0.0,0.0,0.17364817766693036,0.9848077530122081,0.006998816929891145,-0.22495249069560952,0.28023538868242587,-0.13000972298710123,0.011452291375236975,0.0858434372006431,0.9877232513415147,0.006998816929891145,-0.22495249069560952,0.28023538868242587,-0.13000972298710123,0.011452291375236975,0.0858434372006431,0.9877232513415147,0.006998816940044696,-0.22495249075682894,0.28023538878916754,-0.13000972298204433,0.011452291375702172,0.08584343720054728,0.9877232513421833,0.006998816940009554,-0.22495249075691676,0.28023538878931986,-0.13000972298203853,0.011452291375697823,0.08584343720058465,0.9877232513421809,0.006998816940009554,-0.22495249075691676,0.28023538878931986,-0.13000972298203853,0.011452291375697823,0.08584343720058465,0.9877232513421809,0.14289459867500995,-0.5114106861434556,0.7777399675562217,-0.07045882235020899,0.5252748074965435,-0.02379980516405522,0.1428945986744582,-0.5114106861426928,0.7777399675546876,-0.07045882235151052,0.5252748074958044,-0.023799805165368382,0.1428945986744582,-0.5114106861426928,0.7777399675546876,-0.07045882235151052,0.5252748074958044,-0.023799805165368382,7.718500543045657e-13,-9.191081771732951e-12,1.7806384165634624e-11,2.795160187722285e-12,8.697773161276374e-12,2.9523571664200927e-12,3.536720690664324e-11,1.8800689844624975e-11,-3.21651629772155e-11,7.530749785410281e-11,-1.6486047479514312e-11,7.487905445276574e-11,1.0,True,False,1,True,True,0.00159939999866765,1,1.2346941379384694e-10,1.0246002022868926e-11,`gtol` termination condition is satisfied.,True,True,0.010000000000001563,1.7121859485769164e-12,1.0,1.793021194926368e-13,7.629457504260481e-14,1.236417623978653e-10,1.025485038718094e-11
22.46000000000071,1786132522.0800037,0.005332000000635162,0.004946800007019192,0.01,TELEOP,0,,0.0,22.46000000000071,2246,0.08,0.0,0.0,0.0,0.0,0.17364817766693036,0.9848077530122081,0.08,0.0,0.0,0.0,0.0,0.17364817766693036,0.9848077530122081,0.006998816929891145,-0.22495249069560952,0.28023538868242587,-0.13000972298710123,0.011452291375236975,0.0858434372006431,0.9877232513415147,0.006998816929891145,-0.22495249069560952,0.28023538868242587,-0.13000972298710123,0.011452291375236975,0.0858434372006431,0.9877232513415147,0.006998816940044696,-0.22495249075682894,0.28023538878916754,-0.13000972298204433,0.011452291375702172,0.08584343720054728,0.9877232513421833,0.0069988169400090755,-0.22495249075690688,0.2802353887893027,-0.13000972298203933,0.011452291375697862,0.08584343720058381,0.9877232513421809,0.0069988169400090755,-0.22495249075690688,0.2802353887893027,-0.13000972298203933,0.011452291375697862,0.08584343720058381,0.9877232513421809,0.14289459867500995,-0.5114106861434556,0.7777399675562217,-0.07045882235020899,0.5252748074965435,-0.02379980516405522,0.1428945986744691,-0.5114106861427824,0.7777399675548614,-0.07045882235147585,0.5252748074958892,-0.0237998051653322,0.1428945986744691,-0.5114106861427824,0.7777399675548614,-0.07045882235147585,0.5252748074958892,-0.0237998051653322,1.0906910828786012e-12,-8.954904290907908e-12,1.7387870329211563e-11,3.4660692898260044e-12,8.486282682416802e-12,3.6182450311530914e-12,3.188410285739857e-11,2.361774808250063e-11,-4.1851383642299555e-11,6.709091021036145e-11,-2.1149047885953858e-11,6.658878647328947e-11,1.0,True,False,1,True,True,0.0013746999902650714,1,1.2346941379384694e-10,1.0246002022868926e-11,`gtol` termination condition is satisfied.,True,True,0.010000000000001563,1.5341061754270413e-12,1.0,1.6004360552825331e-13,7.440517480373682e-14,1.2362199426624748e-10,1.0253267073761664e-11
22.470000000000713,1786132522.0846407,0.005164899994269945,0.004418299999088049,0.01,TELEOP,0,,0.0,22.470000000000713,2247,0.08,0.0,0.0,0.0,0.0,0.17364817766693036,0.9848077530122081,0.08,0.0,0.0,0.0,0.0,0.17364817766693036,0.9848077530122081,0.006998816929891145,-0.22495249069560952,0.28023538868242587,-0.13000972298710123,0.011452291375236975,0.0858434372006431,0.9877232513415147,0.006998816929891145,-0.22495249069560952,0.28023538868242587,-0.13000972298710123,0.011452291375236975,0.0858434372006431,0.9877232513415147,0.006998816940044696,-0.22495249075682894,0.28023538878916754,-0.13000972298204433,0.011452291375702172,0.08584343720054728,0.9877232513421833,0.006998816940008871,-0.22495249075689727,0.28023538878928594,-0.13000972298204014,0.01145229137569792,0.08584343720058278,0.9877232513421809,0.006998816940008871,-0.22495249075689727,0.28023538878928594,-0.13000972298204014,0.01145229137569792,0.08584343720058278,0.9877232513421809,0.14289459867500995,-0.5114106861434556,0.7777399675562217,-0.07045882235020899,0.5252748074965435,-0.02379980516405522,0.14289459867448287,-0.5114106861428691,0.7777399675550303,-0.07045882235143529,0.5252748074959716,-0.023799805165290164,0.14289459867448287,-0.5114106861428691,0.7777399675550303,-0.07045882235143529,0.5252748074959716,-0.023799805165290164,1.3753870665596964e-12,-8.676189518146577e-12,1.688349589189576e-11,4.056995193182234e-12,8.233512910766798e-12,4.203515252809769e-12,2.8469598368105063e-11,2.787147727612875e-11,-5.043744373157262e-11,5.909259033561374e-11,-2.5276977164996452e-11,5.852702216565862e-11,1.0,True,False,1,True,True,0.0011473000049591064,1,1.2346941379384694e-10,1.0246002022868926e-11,`gtol` termination condition is satisfied.,True,True,0.010000000000001563,1.3602452497707418e-12,1.0,1.4132531749839588e-13,7.217080175833509e-14,1.2360272214845312e-10,1.0251748081801745e-11
22.480000000000715,1786132522.0897238,0.004642200001399033,0.004859900000155903,0.01,TELEOP,0,,0.0,22.480000000000715,2248,0.08,0.0,0.0,0.0,0.0,0.17364817766693036,0.9848077530122081,0.08,0.0,0.0,0.0,0.0,0.17364817766693036,0.9848077530122081,0.006998816929891145,-0.22495249069560952,0.28023538868242587,-0.13000972298710123,0.011452291375236975,0.0858434372006431,0.9877232513415147,0.006998816929891145,-0.22495249069560952,0.28023538868242587,-0.13000972298710123,0.011452291375236975,0.0858434372006431,0.9877232513415147,0.006998816940044696,-0.22495249075682894,0.28023538878916754,-0.13000972298204433,0.011452291375702172,0.08584343720054728,0.9877232513421833,0.006998816940008947,-0.2249524907568881,0.28023538878926985,-0.1300097229820409,0.011452291375698016,0.08584343720058159,0.9877232513421809,0.006998816940008947,-0.2249524907568881,0.28023538878926985,-0.1300097229820409,0.011452291375698016,0.08584343720058159,0.9877232513421809,0.14289459867500995,-0.5114106861434556,0.7777399675562217,-0.07045882235020899,0.5252748074965435,-0.02379980516405522,0.14289459867449913,-0.5114106861429527,0.7777399675551934,-0.07045882235138959,0.525274807496051,-0.023799805165243056,0.14289459867449913,-0.5114106861429527,0.7777399675551934,-0.07045882235138959,0.525274807496051,-0.023799805165243056,1.6267981311108673e-12,-8.360486797127e-12,1.630388535071356e-11,4.570507289479432e-12,7.944599961457632e-12,4.710821414835413e-12,2.514110645511316e-11,3.1570272101952714e-11,-5.7961054118210805e-11,5.1351209629711716e-11,-2.889129493091216e-11,5.073061620255645e-11,1.0,True,False,1,True,True,0.0011353000008966774,1,1.2346941379384694e-10,1.0246002022868926e-11,`gtol` termination condition is satisfied.,True,True,0.010000000000001563,1.234942703653985e-12,1.0,1.2347633003274723e-13,6.963352349572301e-14,1.2358426915415847e-10,1.0250295446822253e-11
22.490000000000716,1786132522.0956993,0.005101300004753284,0.005733700003474951,0.01,TELEOP,0,,0.0,22.490000000000716,2249,0.08,0.0,0.0,0.0,0.0,0.17364817766693036,0.9848077530122081,0.08,0.0,0.0,0.0,0.0,0.17364817766693036,0.9848077530122081,0.006998816929891145,-0.22495249069560952,0.28023538868242587,-0.13000972298710123,0.011452291375236975,0.0858434372006431,0.9877232513415147,0.006998816929891145,-0.22495249069560952,0.28023538868242587,-0.13000972298710123,0.011452291375236975,0.0858434372006431,0.9877232513415147,0.006998816940044696,-0.22495249075682894,0.28023538878916754,-0.13000972298204433,0.011452291375702172,0.08584343720054728,0.9877232513421833,0.006998816940009249,-0.22495249075687915,0.2802353887892544,-0.13000972298204164,0.011452291375698118,0.08584343720058024,0.9877232513421809,0.006998816940009249,-0.22495249075687915,0.2802353887892544,-0.13000972298204164,0.011452291375698118,0.08584343720058024,0.9877232513421809,0.14289459867500995,-0.5114106861434556,0.7777399675562217,-0.07045882235020899,0.5252748074965435,-0.02379980516405522,0.1428945986745176,-0.5114106861430329,0.7777399675553499,-0.07045882235133949,0.5252748074961273,-0.023799805165191625,0.1428945986745176,-0.5114106861430329,0.7777399675553499,-0.07045882235133949,0.5252748074961273,-0.023799805165191625,1.8459632963169644e-12,-8.013037223863027e-12,1.5659317519687203e-11,5.009490908827453e-12,7.624560335310918e-12,5.143138069807779e-12,2.191651652060629e-11,3.4744957326391957e-11,-6.44567831026255e-11,4.389836193479527e-11,-3.2003962614666415e-11,4.323166549722982e-11,1.0,True,False,1,True,True,0.0014260000025387853,1,1.2346941379384694e-10,1.0246002022868926e-11,`gtol` termination condition is satisfied.,True,True,0.010000000000001563,1.1878345529403589e-12,1.0,1.0641803779061828e-13,6.681613157469025e-14,1.235665068843342e-10,1.0248848451656965e-11
22.500000000000718,1786132522.1003685,0.005965100004686974,0.004437900002812967,0.01,TELEOP,0,,0.0,22.500000000000718,2250,0.08,0.0,0.0,0.0,0.0,0.17364817766693036,0.9848077530122081,0.08,0.0,0.0,0.0,0.0,0.17364817766693036,0.9848077530122081,0.006998816929891145,-0.22495249069560952,0.28023538868242587,-0.13000972298710123,0.011452291375236975,0.0858434372006431,0.9877232513415147,0.006998816929891145,-0.22495249069560952,0.28023538868242587,-0.13000972298710123,0.011452291375236975,0.0858434372006431,0.9877232513415147,0.006998816940044696,-0.22495249075682894,0.28023538878916754,-0.13000972298204433,0.011452291375702172,0.08584343720054728,0.9877232513421833,0.006998816940009783,-0.2249524907568706,0.28023538878923954,-0.1300097229820423,0.011452291375698245,0.08584343720057881,0.9877232513421809,0.006998816940009783,-0.2249524907568706,0.28023538878923954,-0.1300097229820423,0.011452291375698245,0.08584343720057881,0.9877232513421809,0.14289459867500995,-0.5114106861434556,0.7777399675562217,-0.07045882235020899,0.5252748074965435,-0.02379980516405522,0.14289459867453794,-0.5114106861431092,0.7777399675554995,-0.07045882235128571,0.5252748074962001,-0.02379980516513659,0.14289459867453794,-0.5114106861431092,0.7777399675554995,-0.07045882235128571,0.5252748074962001,-0.02379980516513659,2.034047018738942e-12,-7.638876432830813e-12,1.4959754336751822e-11,5.3771017168504825e-12,7.2782237878766e-12,5.503712307965936e-12,1.880837224219483e-11,3.741607910321553e-11,-6.995631829352718e-11,3.6761080802297166e-11,-3.463365474342632e-11,3.605742381581007e-11,1.0,True,False,1,True,True,0.001154200013843365,1,1.2346941379384694e-10,1.0246002022868926e-11,`gtol` termination condition is satisfied.,True,True,0.010000000000001563,1.1364034713245985e-12,1.0,9.021239505863837e-14,6.388617195046219e-14,1.2354945003042498e-10,1.024763019431804e-11
22.51000000000072,1786132522.1053412,0.004689799985499121,0.004720900004031137,0.01,TELEOP,0,,0.0,22.51000000000072,2251,0.08,0.0,0.0,0.0,0.0,0.17364817766693036,0.9848077530122081,0.08,0.0,0.0,0.0,0.0,0.17364817766693036,0.9848077530122081,0.006998816929891145,-0.22495249069560952,0.28023538868242587,-0.13000972298710123,0.011452291375236975,0.0858434372006431,0.9877232513415147,0.006998816929891145,-0.22495249069560952,0.28023538868242587,-0.13000972298710123,0.011452291375236975,0.0858434372006431,0.9877232513415147,0.006998816940044696,-0.22495249075682894,0.28023538878916754,-0.13000972298204433,0.011452291375702172,0.08584343720054728,0.9877232513421833,0.0069988169400105014,-0.22495249075686258,0.2802353887892255,-0.13000972298204277,0.011452291375698403,0.08584343720057723,0.987723251342181,0.0069988169400105014,-0.22495249075686258,0.2802353887892255,-0.13000972298204277,0.011452291375698403,0.08584343720057723,0.987723251342181,0.14289459867500995,-0.5114106861434556,0.7777399675562217,-0.07045882235020899,0.5252748074965435,-0.02379980516405522,0.14289459867455986,-0.5114106861431816,0.7777399675556416,-0.07045882235122894,0.5252748074962692,-0.023799805165078628,0.14289459867455986,-0.5114106861431816,0.7777399675556416,-0.07045882235122894,0.5252748074962692,-0.023799805165078628,2.1923287386491836e-12,-7.242851718763634e-12,1.421463597363257e-11,5.676733549374859e-12,6.910171792717771e-12,5.796019361695042e-12,1.582817199102169e-11,3.9602471406711714e-11,-7.451183631191348e-11,2.996318325243296e-11,-3.680519951587716e-11,2.9230705372905976e-11,1.0,True,False,1,True,True,0.0011152000079164281,1,1.2346941379384694e-10,1.0246002022868926e-11,`gtol` termination condition is satisfied.,True,True,0.010000000000001563,1.0813676343257583e-12,1.0,7.522996064760412e-14,6.062990446890563e-14,1.2353338962952893e-10,1.0246755465456354e-11
22.52000000000072,1786132522.1132112,0.0049965000071097165,0.007594499998958781,0.01,TELEOP,0,,0.0,22.52000000000072,2252,0.08,0.0,0.0,0.0,0.0,0.17364817766693036,0.9848077530122081,0.08,0.0,0.0,0.0,0.0,0.17364817766693036,0.9848077530122081,0.006998816929891145,-0.22495249069560952,0.28023538868242587,-0.13000972298710123,0.011452291375236975,0.0858434372006431,0.9877232513415147,0.006998816929891145,-0.22495249069560952,0.28023538868242587,-0.13000972298710123,0.011452291375236975,0.0858434372006431,0.9877232513415147,0.006998816940044696,-0.22495249075682894,0.28023538878916754,-0.13000972298204433,0.011452291375702172,0.08584343720054728,0.9877232513421833,0.0069988169400114104,-0.22495249075685492,0.28023538878921217,-0.1300097229820434,0.011452291375698566,0.08584343720057563,0.9877232513421811,0.0069988169400114104,-0.22495249075685492,0.28023538878921217,-0.1300097229820434,0.011452291375698566,0.08584343720057563,0.9877232513421811,0.14289459867500995,-0.5114106861434556,0.7777399675562217,-0.07045882235020899,0.5252748074965435,-0.02379980516405522,0.1428945986745831,-0.5114106861432499,0.7777399675557759,-0.07045882235116982,0.5252748074963345,-0.02379980516501839,0.1428945986745831,-0.5114106861432499,0.7777399675557759,-0.07045882235116982,0.5252748074963345,-0.02379980516501839,2.3221932980555485e-12,-6.8295606328093005e-12,1.3432924316362126e-11,5.911969652854299e-12,6.524835330397394e-12,6.0237170909610615e-12,1.2986455940634477e-11,4.132910859542691e-11,-7.817116572703223e-11,2.3523610347940312e-11,-3.8533646232031684e-11,2.276977292659836e-11,1.0,True,False,1,True,True,0.002002399996854365,1,1.2346941379384694e-10,1.0246002022868926e-11,`gtol` termination condition is satisfied.,True,True,0.010000000000001563,1.0234070535464213e-12,1.0,6.143933845228243e-14,5.734524076506303e-14,1.2351814769795308e-10,1.0245605726556159e-11
22.530000000000722,1786132522.1191697,0.00796509999781847,0.0055877999984659255,0.01,TELEOP,0,,0.0,22.530000000000722,2253,0.08,0.0,0.0,0.0,0.0,0.17364817766693036,0.9848077530122081,0.08,0.0,0.0,0.0,0.0,0.17364817766693036,0.9848077530122081,0.006998816929891145,-0.22495249069560952,0.28023538868242587,-0.13000972298710123,0.011452291375236975,0.0858434372006431,0.9877232513415147,0.006998816929891145,-0.22495249069560952,0.28023538868242587,-0.13000972298710123,0.011452291375236975,0.0858434372006431,0.9877232513415147,0.006998816940044696,-0.22495249075682894,0.28023538878916754,-0.13000972298204433,0.011452291375702172,0.08584343720054728,0.9877232513421833,0.006998816940012472,-0.2249524907568477,0.2802353887891996,-0.13000972298204388,0.011452291375698729,0.08584343720057391,0.9877232513421811,0.006998816940012472,-0.2249524907568477,0.2802353887891996,-0.13000972298204388,0.011452291375698729,0.08584343720057391,0.9877232513421811,0.14289459867500995,-0.5114106861434556,0.7777399675562217,-0.07045882235020899,0.5252748074965435,-0.02379980516405522,0.14289459867460735,-0.511410686143314,0.7777399675559021,-0.07045882235110895,0.5252748074963958,-0.023799805164956486,0.14289459867460735,-0.511410686143314,0.7777399675559021,-0.07045882235110895,0.5252748074963958,-0.023799805164956486,2.425102882518128e-12,-6.40329469567446e-12,1.2623065723600573e-11,6.086547625445658e-12,6.126276133098185e-12,6.190609080302251e-12,1.0290958446256339e-11,4.2626593713477396e-11,-8.09858592761427e-11,1.7457797259133202e-11,-3.9855919729914604e-11,1.668919893411634e-11,1.0,True,False,1,True,True,0.0015239000058500096,1,1.2346941379384694e-10,1.0246002022868926e-11,`gtol` termination condition is satisfied.,True,True,0.010000000000001563,9.631705155666026e-13,1.0,4.919266082251437e-14,5.3891853902901956e-14,1.2350381039316908e-10,1.0244737551097621e-11
22.540000000000724,1786132522.1268866,0.005823100000270642,0.007481799999368377,0.01,TELEOP,0,,0.0,22.540000000000724,2254,0.08,0.0,0.0,0.0,0.0,0.17364817766693036,0.9848077530122081,0.08,0.0,0.0,0.0,0.0,0.17364817766693036,0.9848077530122081,0.006998816929891145,-0.22495249069560952,0.28023538868242587,-0.13000972298710123,0.011452291375236975,0.0858434372006431,0.9877232513415147,0.006998816929891145,-0.22495249069560952,0.28023538868242587,-0.13000972298710123,0.011452291375236975,0.0858434372006431,0.9877232513415147,0.006998816940044696,-0.22495249075682894,0.28023538878916754,-0.13000972298204433,0.011452291375702172,0.08584343720054728,0.9877232513421833,0.0069988169400136795,-0.22495249075684093,0.280235388789188,-0.13000972298204444,0.011452291375698904,0.08584343720057223,0.9877232513421812,0.0069988169400136795,-0.22495249075684093,0.280235388789188,-0.13000972298204444,0.011452291375698904,0.08584343720057223,0.9877232513421812,0.14289459867500995,-0.5114106861434556,0.7777399675562217,-0.07045882235020899,0.5252748074965435,-0.02379980516405522,0.1428945986746324,-0.5114106861433737,0.77773996755602,-0.0704588223510469,0.525274807496453,-0.02379980516489348,0.1428945986746324,-0.5114106861433737,0.77773996755602,-0.0704588223510469,0.525274807496453,-0.02379980516489348,2.502590575853225e-12,-5.968064900161361e-12,1.1793033987249784e-11,6.204308004956427e-12,5.7183716529632786e-12,6.300603583056868e-12,7.748769333508474e-12,4.352297955130314e-11,-8.300317363506589e-11,1.1776037951075056e-11,-4.07904480134843e-11,1.0999450275460023e-11,1.0,True,False,1,True,True,0.0020169999916106462,1,1.2346941379384694e-10,1.0246002022868926e-11,`gtol` termination condition is satisfied.,True,True,0.010000000000001563,9.012651736028943e-13,1.0,3.9056289071979675e-14,5.050846049682744e-14,1.2349052112504832e-10,1.0243761253894922e-11
22.550000000000725,1786132522.133266,0.00786589999916032,0.005994799998006783,0.01,TELEOP,0,,0.0,22.550000000000725,2255,0.08,0.0,0.0,0.0,0.0,0.17364817766693036,0.9848077530122081,0.08,0.0,0.0,0.0,0.0,0.17364817766693036,0.9848077530122081,0.006998816929891145,-0.22495249069560952,0.28023538868242587,-0.13000972298710123,0.011452291375236975,0.0858434372006431,0.9877232513415147,0.006998816929891145,-0.22495249069560952,0.28023538868242587,-0.13000972298710123,0.011452291375236975,0.0858434372006431,0.9877232513415147,0.006998816940044696,-0.22495249075682894,0.28023538878916754,-0.13000972298204433,0.011452291375702172,0.08584343720054728,0.9877232513421833,0.006998816940014984,-0.2249524907568347,0.28023538878917714,-0.13000972298204494,0.011452291375699085,0.08584343720057044,0.9877232513421813,0.006998816940014984,-0.2249524907568347,0.28023538878917714,-0.13000972298204494,0.011452291375699085,0.08584343720057044,0.9877232513421813,0.14289459867500995,-0.5114106861434556,0.7777399675562217,-0.07045882235020899,0.5252748074965435,-0.02379980516405522,0.14289459867465795,-0.511410686143429,0.7777399675561295,-0.07045882235098422,0.525274807496506,-0.023799805164829903,0.14289459867465795,-0.511410686143429,0.7777399675561295,-0.07045882235098422,0.525274807496506,-0.023799805164829903,2.5562351772400484e-12,-5.527625088493218e-12,1.0950292614195454e-11,6.2691664158352225e-12,5.304753319945033e-12,6.3576782962434e-12,5.364460138681467e-12,4.4043981166807415e-11,-8.427413730541985e-11,6.485841087878472e-12,-4.13618333018181e-11,5.707471318652259e-12,1.0,True,False,1,True,True,0.0017267000075662509,1,1.2346941379384694e-10,1.0246002022868926e-11,`gtol` termination condition is satisfied.,True,True,0.010000000000001563,8.382600169554166e-13,1.0,3.175497745039765e-14,4.692307686054277e-14,1.2347813899820454e-10,1.0242900302715357e-11
22.560000000000727,1786132522.1383526,0.006263000002945773,0.004818999994313344,0.01,TELEOP,0,,0.0,22.560000000000727,2256,0.08,0.0,0.0,0.0,0.0,0.17364817766693036,0.9848077530122081,0.08,0.0,0.0,0.0,0.0,0.17364817766693036,0.9848077530122081,0.006998816929891145,-0.22495249069560952,0.28023538868242587,-0.13000972298710123,0.011452291375236975,0.0858434372006431,0.9877232513415147,0.006998816929891145,-0.22495249069560952,0.28023538868242587,-0.13000972298710123,0.011452291375236975,0.0858434372006431,0.9877232513415147,0.006998816940044696,-0.22495249075682894,0.28023538878916754,-0.13000972298204433,0.011452291375702172,0.08584343720054728,0.9877232513421833,0.006998816940016396,-0.22495249075682897,0.2802353887891671,-0.13000972298204533,0.01145229137569929,0.08584343720056865,0.9877232513421814,0.006998816940016396,-0.22495249075682897,0.2802353887891671,-0.13000972298204533,0.01145229137569929,0.08584343720056865,0.9877232513421814,0.14289459867500995,-0.5114106861434556,0.7777399675562217,-0.07045882235020899,0.5252748074965435,-0.02379980516405522,0.14289459867468382,-0.5114106861434798,0.7777399675562305,-0.07045882235092137,0.5252748074965549,-0.023799805164766246,0.14289459867468382,-0.5114106861434798,0.7777399675562305,-0.07045882235092137,0.5252748074965549,-0.023799805164766246,2.5876573916071367e-12,-5.0854933815291336e-12,1.0101760251237289e-11,6.285088037246403e-12,4.888749944833112e-12,6.3658456615292756e-12,3.142221436708341e-12,4.421317069640156e-11,-8.485323629580323e-11,1.5921621411178287e-12,-4.160033751118568e-11,8.167365285874072e-13,1.0,True,False,1,True,True,0.0011712999985320494,1,1.2346941379384694e-10,1.0246002022868926e-11,`gtol` termination condition is satisfied.,True,True,0.010000000000001563,7.752271047323234e-13,1.0,2.8303776515247077e-14,4.3350179045212173e-14,1.2346671956332655e-10,1.0242212086773967e-11
22.57000000000073,1786132522.1434946,0.00513160000264179,0.004828700009966269,0.01,TELEOP,0,,0.0,22.57000000000073,2257,0.08,0.0,0.0,0.0,0.0,0.17364817766693036,0.9848077530122081,0.08,0.0,0.0,0.0,0.0,0.17364817766693036,0.9848077530122081,0.006998816929891145,-0.22495249069560952,0.28023538868242587,-0.13000972298710123,0.011452291375236975,0.0858434372006431,0.9877232513415147,0.006998816929891145,-0.22495249069560952,0.28023538868242587,-0.13000972298710123,0.011452291375236975,0.0858434372006431,0.9877232513415147,0.006998816940044696,-0.22495249075682894,0.28023538878916754,-0.13000972298204433,0.011452291375702172,0.08584343720054728,0.9877232513421833,0.006998816940017884,-0.22495249075682366,0.2802353887891579,-0.1300097229820456,0.011452291375699494,0.08584343720056689,0.9877232513421815,0.006998816940017884,-0.22495249075682366,0.2802353887891579,-0.1300097229820456,0.011452291375699494,0.08584343720056689,0.9877232513421815,0.14289459867500995,-0.5114106861434556,0.7777399675562217,-0.07045882235020899,0.5252748074965435,-0.02379980516405522,0.1428945986747098,-0.5114106861435262,0.7777399675563231,-0.0704588223508588,0.5252748074965996,-0.023799805164702956,0.1428945986747098,-0.5114106861435262,0.7777399675563231,-0.0704588223508588,0.5252748074965996,-0.023799805164702956,2.5984970627812937e-12,-4.644894723389951e-12,9.25377899127502e-12,6.2560352867472064e-12,4.473490036339192e-12,6.3291258764618456e-12,1.0839671174155097e-12,4.405986581391142e-11,-8.47981259962136e-11,-2.9052750499192125e-12,-4.152599084938542e-11,-3.6719785067424536e-12,1.0,True,False,1,True,True,0.0012144000065745786,1,1.2346941379384694e-10,1.0246002022868926e-11,`gtol` termination condition is satisfied.,True,True,0.010000000000001563,7.123746037507317e-13,1.0,2.898245658436887e-14,3.982906749639834e-14,1.234562464985349e-10,1.0241801526449542e-11
22.58000000000073,1786132522.1481543,0.005048499995609745,0.004440199991222471,0.01,TELEOP,0,,0.0,22.58000000000073,2258,0.08,0.0,0.0,0.0,0.0,0.17364817766693036,0.9848077530122081,0.08,0.0,0.0,0.0,0.0,0.17364817766693036,0.9848077530122081,0.006998816929891145,-0.22495249069560952,0.28023538868242587,-0.13000972298710123,0.011452291375236975,0.0858434372006431,0.9877232513415147,0.006998816929891145,-0.22495249069560952,0.28023538868242587,-0.13000972298710123,0.011452291375236975,0.0858434372006431,0.9877232513415147,0.006998816940044696,-0.22495249075682894,0.28023538878916754,-0.13000972298204433,0.011452291375702172,0.08584343720054728,0.9877232513421833,0.006998816940019442,-0.22495249075681895,0.28023538878914955,-0.13000972298204594,0.0114522913756997,0.08584343720056513,0.9877232513421816,0.006998816940019442,-0.22495249075681895,0.28023538878914955,-0.13000972298204594,0.0114522913756997,0.08584343720056513,0.9877232513421816,0.14289459867500995,-0.5114106861434556,0.7777399675562217,-0.07045882235020899,0.5252748074965435,-0.02379980516405522,0.1428945986747357,-0.5114106861435683,0.7777399675564073,-0.07045882235079695,0.5252748074966402,-0.02379980516464044,0.1428945986747357,-0.5114106861435683,0.7777399675564073,-0.07045882235079695,0.5252748074966402,-0.02379980516464044,2.590392303874109e-12,-4.208785312853109e-12,8.412162419466734e-12,6.185958413069029e-12,4.061764295294493e-12,6.25151492674896e-12,-8.104758907183445e-13,4.3610941053677364e-11,-8.41616571808154e-11,-7.007687367816712e-12,-4.117257410446344e-11,-7.761094971287326e-12,1.0,True,False,1,True,True,0.0011517000093590468,1,1.2346941379384694e-10,1.0246002022868926e-11,`gtol` termination condition is satisfied.,True,True,0.010000000000001563,6.498135363131041e-13,1.0,3.257441128332447e-14,3.6342792674426624e-14,1.2344683603669e-10,1.0241226184924916e-11
22.59000000000073,1786132522.152747,0.004648300004191697,0.004384599989862181,0.01,TELEOP,0,,0.0,22.59000000000073,2259,0.08,0.0,0.0,0.0,0.0,0.17364817766693036,0.9848077530122081,0.08,0.0,0.0,0.0,0.0,0.17364817766693036,0.9848077530122081,0.006998816929891145,-0.22495249069560952,0.28023538868242587,-0.13000972298710123,0.011452291375236975,0.0858434372006431,0.9877232513415147,0.006998816929891145,-0.22495249069560952,0.28023538868242587,-0.13000972298710123,0.011452291375236975,0.0858434372006431,0.9877232513415147,0.006998816940044696,-0.22495249075682894,0.28023538878916754,-0.13000972298204433,0.011452291375702172,0.08584343720054728,0.9877232513421833,0.006998816940021031,-0.22495249075681453,0.2802353887891421,-0.13000972298204627,0.011452291375699896,0.08584343720056337,0.9877232513421818,0.006998816940021031,-0.22495249075681453,0.2802353887891421,-0.13000972298204627,0.011452291375699896,0.08584343720056337,0.9877232513421818,0.14289459867500995,-0.5114106861434556,0.7777399675562217,-0.07045882235020899,0.5252748074965435,-0.02379980516405522,0.14289459867476134,-0.5114106861436061,0.7777399675564831,-0.07045882235073617,0.5252748074966768,-0.02379980516457907,0.14289459867476134,-0.5114106861436061,0.7777399675564831,-0.07045882235073617,0.5252748074966768,-0.02379980516457907,2.5649796415082273e-12,-3.779797899976774e-12,7.582239655540677e-12,6.078767598128312e-12,3.656130864127631e-12,6.1369576918543284e-12,-2.5412662365877607e-12,4.289874128762684e-11,-8.299227639259265e-11,-1.071908149407002e-11,-4.056334311667989e-11,-1.1455723489461354e-11,1.0,True,False,1,True,True,0.001119199994718656,1,1.2346941379384694e-10,1.0246002022868926e-11,`gtol` termination condition is satisfied.,True,True,0.010000000000001563,5.879602360536751e-13,1.0,3.7602263810709564e-14,3.2853247608979044e-14,1.234383474229619e-10,1.0240761313275625e-11
22.600000000000733,1786132522.1581893,0.00459219999902416,0.005234799988102168,0.01,TELEOP,0,,0.0,22.600000000000733,2260,0.08,0.0,0.0,0.0,0.0,0.17364817766693036,0.9848077530122081,0.08,0.0,0.0,0.0,0.0,0.17364817766693036,0.9848077530122081,0.006998816929891145,-0.22495249069560952,0.28023538868242587,-0.13000972298710123,0.011452291375236975,0.0858434372006431,0.9877232513415147,0.006998816929891145,-0.22495249069560952,0.28023538868242587,-0.13000972298710123,0.011452291375236975,0.0858434372006431,0.9877232513415147,0.006998816940044696,-0.22495249075682894,0.28023538878916754,-0.13000972298204433,0.011452291375702172,0.08584343720054728,0.9877232513421833,0.006998816940022655,-0.22495249075681073,0.2802353887891353,-0.13000972298204647,0.011452291375700101,0.08584343720056169,0.9877232513421819,0.006998816940022655,-0.22495249075681073,0.2802353887891353,-0.13000972298204647,0.011452291375700101,0.08584343720056169,0.9877232513421819,0.14289459867500995,-0.5114106861434556,0.7777399675562217,-0.07045882235020899,0.5252748074965435,-0.02379980516405522,0.14289459867478657,-0.5114106861436397,0.7777399675565508,-0.07045882235067678,0.5252748074967094,-0.023799805164519176,0.14289459867478657,-0.5114106861436397,0.7777399675565508,-0.07045882235067678,0.5252748074967094,-0.023799805164519176,2.5238748733194713e-12,-3.360345838980929e-12,6.768818627093254e-12,5.938297746517214e-12,3.2589347067315033e-12,5.989328110469586e-12,-4.110476818874937e-12,4.194520609957788e-11,-8.134210284472956e-11,-1.404698516110761e-11,-3.9719615739606565e-11,-1.4762958138471884e-11,1.0,True,False,1,True,True,0.00145570001041051,1,1.2346941379384694e-10,1.0246002022868926e-11,`gtol` termination condition is satisfied.,True,True,0.010000000000001563,5.271755254554478e-13,1.0,4.309909622246551e-14,2.955691876331833e-14,1.2343069236846232e-10,1.0240518546801997e-11
22.610000000000735,1786132522.1630015,0.005508999995072372,0.004537599990726449,0.01,TELEOP,0,,0.0,22.610000000000735,2261,0.08,0.0,0.0,0.0,0.0,0.17364817766693036,0.9848077530122081,0.08,0.0,0.0,0.0,0.0,0.17364817766693036,0.9848077530122081,0.006998816929891145,-0.22495249069560952,0.28023538868242587,-0.13000972298710123,0.011452291375236975,0.0858434372006431,0.9877232513415147,0.006998816929891145,-0.22495249069560952,0.28023538868242587,-0.13000972298710123,0.011452291375236975,0.0858434372006431,0.9877232513415147,0.006998816940044696,-0.22495249075682894,0.28023538878916754,-0.13000972298204433,0.011452291375702172,0.08584343720054728,0.9877232513421833,0.006998816940024296,-0.22495249075680726,0.2802353887891294,-0.13000972298204674,0.011452291375700295,0.08584343720056001,0.987723251342182,0.006998816940024296,-0.22495249075680726,0.2802353887891294,-0.13000972298204674,0.011452291375700295,0.08584343720056001,0.987723251342182,0.14289459867500995,-0.5114106861434556,0.7777399675562217,-0.07045882235020899,0.5252748074965435,-0.02379980516405522,0.14289459867481125,-0.5114106861436692,0.7777399675566106,-0.07045882235061911,0.5252748074967382,-0.023799805164461053,0.14289459867481125,-0.5114106861436692,0.7777399675566106,-0.07045882235061911,0.5252748074967382,-0.023799805164461053,2.4686747953724105e-12,-2.9524871735915857e-12,5.976152403445527e-12,5.768295483908676e-12,2.8721711756989577e-12,5.81240858952553e-12,-5.520007794705212e-12,4.078586653892795e-11,-7.926662236476038e-11,-1.700022626085111e-11,-3.8676353103248526e-11,-1.7691952094402868e-11,1.0,True,False,1,True,True,0.0011871000024257228,1,1.2346941379384694e-10,1.0246002022868926e-11,`gtol` termination condition is satisfied.,True,True,0.010000000000001563,4.677924714258097e-13,1.0,4.837807180409312e-14,2.6309623113483998e-14,1.2342401977130852e-10,1.024005207062345e-11
22.620000000000736,1786132522.167662,0.004752799999550916,0.004445200000191107,0.01,TELEOP,0,,0.0,22.620000000000736,2262,0.08,0.0,0.0,0.0,0.0,0.17364817766693036,0.9848077530122081,0.08,0.0,0.0,0.0,0.0,0.17364817766693036,0.9848077530122081,0.006998816929891145,-0.22495249069560952,0.28023538868242587,-0.13000972298710123,0.011452291375236975,0.0858434372006431,0.9877232513415147,0.006998816929891145,-0.22495249069560952,0.28023538868242587,-0.13000972298710123,0.011452291375236975,0.0858434372006431,0.9877232513415147,0.006998816940044696,-0.22495249075682894,0.28023538878916754,-0.13000972298204433,0.011452291375702172,0.08584343720054728,0.9877232513421833,0.006998816940025965,-0.2249524907568043,0.2802353887891242,-0.13000972298204685,0.011452291375700502,0.0858434372005584,0.9877232513421821,0.006998816940025965,-0.2249524907568043,0.2802353887891242,-0.13000972298204685,0.011452291375700502,0.0858434372005584,0.9877232513421821,0.14289459867500995,-0.5114106861434556,0.7777399675562217,-0.07045882235020899,0.5252748074965435,-0.02379980516405522,0.14289459867483525,-0.5114106861436948,0.7777399675566626,-0.07045882235056339,0.5252748074967631,-0.023799805164404955,0.14289459867483525,-0.5114106861436948,0.7777399675566626,-0.07045882235056339,0.5252748074967631,-0.023799805164404955,2.4009395109193433e-12,-2.5581084438909196e-12,5.208062532653979e-12,5.572407238927737e-12,2.497669344240104e-12,5.609868719780919e-12,-6.7735284453056854e-12,3.943787297006045e-11,-7.680898707914275e-11,-1.958882449809085e-11,-3.7450183145879504e-11,-2.025398697445788e-11,1.0,True,False,1,True,True,0.0011440999951446429,1,1.2346941379384694e-10,1.0246002022868926e-11,`gtol` termination condition is satisfied.,True,True,0.010000000000001563,4.1011638529653283e-13,1.0,5.327222909406511e-14,2.318463747391691e-14,1.2341817310121333e-10,1.0239976026111013e-11
22.630000000000738,1786132522.17423,0.0046587000106228516,0.006355600009555928,0.01,TELEOP,0,,0.0,22.630000000000738,2263,0.08,0.0,0.0,0.0,0.0,0.17364817766693036,0.9848077530122081,0.08,0.0,0.0,0.0,0.0,0.17364817766693036,0.9848077530122081,0.006998816929891145,-0.22495249069560952,0.28023538868242587,-0.13000972298710123,0.011452291375236975,0.0858434372006431,0.9877232513415147,0.006998816929891145,-0.22495249069560952,0.28023538868242587,-0.13000972298710123,0.011452291375236975,0.0858434372006431,0.9877232513415147,0.006998816940044696,-0.22495249075682894,0.28023538878916754,-0.13000972298204433,0.011452291375702172,0.08584343720054728,0.9877232513421833,0.0069988169400275815,-0.2249524907568017,0.2802353887891197,-0.13000972298204697,0.011452291375700698,0.08584343720055682,0.9877232513421822,0.0069988169400275815,-0.2249524907568017,0.2802353887891197,-0.13000972298204697,0.011452291375700698,0.08584343720055682,0.9877232513421822,0.14289459867500995,-0.5114106861434556,0.7777399675562217,-0.07045882235020899,0.5252748074965435,-0.02379980516405522,0.1428945986748585,-0.5114106861437165,0.7777399675567073,-0.07045882235050985,0.5252748074967845,-0.023799805164351102,0.1428945986748585,-0.5114106861437165,0.7777399675567073,-0.07045882235050985,0.5252748074967845,-0.023799805164351102,2.3221762134293636e-12,-2.1788618794664374e-12,4.467820803973593e-12,5.3541490434949455e-12,2.137028763976389e-12,5.385250583788538e-12,-7.876329748996722e-12,3.79246564424423e-11,-7.402417286802706e-11,-2.1825819543275738e-11,-3.606405802636587e-11,-2.2461813599234595e-11,1.0,True,False,1,True,True,0.0012876999971922487,1,1.2346941379384694e-10,1.0246002022868926e-11,`gtol` termination condition is satisfied.,True,True,0.010000000000001563,4.409805853811122e-13,1.0,5.76539053905301e-14,2.011329935956192e-14,1.2341313874434941e-10,1.0239842990589895e-11
22.64000000000074,1786132522.182114,0.006733399990480393,0.00750510000216309,0.01,TELEOP,0,,0.0,22.64000000000074,2264,0.08,0.0,0.0,0.0,0.0,0.17364817766693036,0.9848077530122081,0.08,0.0,0.0,0.0,0.0,0.17364817766693036,0.9848077530122081,0.006998816929891145,-0.22495249069560952,0.28023538868242587,-0.13000972298710123,0.011452291375236975,0.0858434372006431,0.9877232513415147,0.006998816929891145,-0.22495249069560952,0.28023538868242587,-0.13000972298710123,0.011452291375236975,0.0858434372006431,0.9877232513415147,0.006998816940044696,-0.22495249075682894,0.28023538878916754,-0.13000972298204433,0.011452291375702172,0.08584343720054728,0.9877232513421833,0.006998816940029212,-0.2249524907567995,0.280235388789116,-0.13000972298204702,0.011452291375700885,0.08584343720055532,0.9877232513421823,0.006998816940029212,-0.2249524907567995,0.280235388789116,-0.13000972298204702,0.011452291375700885,0.08584343720055532,0.9877232513421823,0.14289459867500995,-0.5114106861434556,0.7777399675562217,-0.07045882235020899,0.5252748074965435,-0.02379980516405522,0.14289459867488083,-0.5114106861437347,0.7777399675567449,-0.07045882235045868,0.5252748074968023,-0.023799805164299682,0.14289459867488083,-0.5114106861437347,0.7777399675567449,-0.07045882235045868,0.5252748074968023,-0.023799805164299682,2.2338435957369633e-12,-1.8161078264643776e-12,3.758272159912458e-12,5.116898124513114e-12,1.7916385917396502e-12,5.141952878859252e-12,-8.833261769238656e-12,3.62754053002003e-11,-7.09548644061024e-11,-2.3725091898179433e-11,-3.4539017223668454e-11,-2.4329770492924754e-11,1.0,True,False,1,True,True,0.0019446000078460202,1,1.2346941379384694e-10,1.0246002022868926e-11,`gtol` termination condition is satisfied.,True,True,0.010000000000001563,4.856115509710435e-13,1.0,6.132463325582585e-14,1.726665797820923e-14,1.2340900432955683e-10,1.0239872332130848e-11
22.65000000000074,1786132522.188779,0.007855200004996732,0.006315500009804964,0.01,TELEOP,0,,0.0,22.65000000000074,2265,0.08,0.0,0.0,0.0,0.0,0.17364817766693036,0.9848077530122081,0.08,0.0,0.0,0.0,0.0,0.17364817766693036,0.9848077530122081,0.006998816929891145,-0.22495249069560952,0.28023538868242587,-0.13000972298710123,0.011452291375236975,0.0858434372006431,0.9877232513415147,0.006998816929891145,-0.22495249069560952,0.28023538868242587,-0.13000972298710123,0.011452291375236975,0.0858434372006431,0.9877232513415147,0.006998816940044696,-0.22495249075682894,0.28023538878916754,-0.13000972298204433,0.011452291375702172,0.08584343720054728,0.9877232513421833,0.006998816940030805,-0.22495249075679774,0.2802353887891129,-0.13000972298204705,0.011452291375701064,0.08584343720055389,0.9877232513421824,0.006998816940030805,-0.22495249075679774,0.2802353887891129,-0.13000972298204705,0.011452291375701064,0.08584343720055389,0.9877232513421824,0.14289459867500995,-0.5114106861434556,0.7777399675562217,-0.07045882235020899,0.5252748074965435,-0.02379980516405522,0.1428945986749022,-0.5114106861437494,0.7777399675567758,-0.07045882235041004,0.525274807496817,-0.02379980516425085,0.1428945986749022,-0.5114106861437494,0.7777399675567758,-0.07045882235041004,0.525274807496817,-0.02379980516425085,2.13735589176158e-12,-1.4709390712098169e-12,3.081716069151705e-12,4.863885196246841e-12,1.4626180236500973e-12,4.883221181788721e-12,-9.648770397536798e-12,3.451687552545067e-11,-6.765560907606468e-11,-2.530129282662333e-11,-3.290205680895014e-11,-2.5873169707049076e-11,1.0,True,False,1,True,True,0.0019133000023430213,1,1.2346941379384694e-10,1.0246002022868926e-11,`gtol` termination condition is satisfied.,True,True,0.010000000000001563,5.232481115058363e-13,1.0,6.441984942205962e-14,1.4578089411135503e-14,1.2340558067263672e-10,1.0239899000041551e-11
22.660000000000743,1786132522.1936762,0.006654800003161654,0.004557599997497164,0.01,TELEOP,0,,0.0,22.660000000000743,2266,0.08,0.0,0.0,0.0,0.0,0.17364817766693036,0.9848077530122081,0.08,0.0,0.0,0.0,0.0,0.17364817766693036,0.9848077530122081,0.006998816929891145,-0.22495249069560952,0.28023538868242587,-0.13000972298710123,0.011452291375236975,0.0858434372006431,0.9877232513415147,0.006998816929891145,-0.22495249069560952,0.28023538868242587,-0.13000972298710123,0.011452291375236975,0.0858434372006431,0.9877232513415147,0.006998816940044696,-0.22495249075682894,0.28023538878916754,-0.13000972298204433,0.011452291375702172,0.08584343720054728,0.9877232513421833,0.006998816940032362,-0.2249524907567963,0.2802353887891105,-0.1300097229820472,0.011452291375701236,0.08584343720055256,0.9877232513421825,0.006998816940032362,-0.2249524907567963,0.2802353887891105,-0.1300097229820472,0.011452291375701236,0.08584343720055256,0.9877232513421825,0.14289459867500995,-0.5114106861434556,0.7777399675562217,-0.07045882235020899,0.5252748074965435,-0.02379980516405522,0.14289459867492255,-0.5114106861437608,0.7777399675568002,-0.07045882235036406,0.5252748074968285,-0.023799805164204726,0.14289459867492255,-0.5114106861437608,0.7777399675568002,-0.07045882235036406,0.5252748074968285,-0.023799805164204726,2.0340673067118987e-12,-1.144357334500742e-12,2.440106180340063e-12,4.598177757651096e-12,1.1508387918422793e-12,4.61213902485688e-12,-1.032885850496654e-11,3.26581736709024e-11,-6.416098888115419e-11,-2.657074385957034e-11,-3.117792318077693e-11,-2.7108215693179862e-11,1.0,True,False,1,True,True,0.001196099998196587,1,1.2346941379384694e-10,1.0246002022868926e-11,`gtol` termination condition is satisfied.,True,True,0.010000000000001563,5.541123115904156e-13,1.0,6.688794935767807e-14,1.2255814636181213e-14,1.2340288146334497e-10,1.0239755065026848e-11
22.670000000000744,1786132522.198603,0.004770999992615543,0.00471369999286253,0.01,TELEOP,0,,0.0,22.670000000000744,2267,0.08,0.0,0.0,0.0,0.0,0.17364817766693036,0.9848077530122081,0.08,0.0,0.0,0.0,0.0,0.17364817766693036,0.9848077530122081,0.006998816929891145,-0.22495249069560952,0.28023538868242587,-0.13000972298710123,0.011452291375236975,0.0858434372006431,0.9877232513415147,0.006998816929891145,-0.22495249069560952,0.28023538868242587,-0.13000972298710123,0.011452291375236975,0.0858434372006431,0.9877232513415147,0.006998816940044696,-0.22495249075682894,0.28023538878916754,-0.13000972298204433,0.011452291375702172,0.08584343720054728,0.9877232513421833,0.0069988169400338855,-0.22495249075679524,0.28023538878910864,-0.13000972298204722,0.01145229137570139,0.08584343720055126,0.9877232513421826,0.0069988169400338855,-0.22495249075679524,0.28023538878910864,-0.13000972298204722,0.01145229137570139,0.08584343720055126,0.9877232513421826,0.14289459867500995,-0.5114106861434556,0.7777399675562217,-0.07045882235020899,0.5252748074965435,-0.02379980516405522,0.1428945986749418,-0.5114106861437692,0.7777399675568185,-0.07045882235032083,0.5252748074968371,-0.02379980516416141,0.1428945986749418,-0.5114106861437692,0.7777399675568185,-0.07045882235032083,0.5252748074968371,-0.02379980516416141,1.925257744773123e-12,-8.370495639385102e-13,1.8350020416087347e-12,4.322684056294378e-12,8.57022885285045e-13,4.331617306155974e-12,-1.088095619387586e-11,3.073077705621837e-11,-6.051041387312338e-11,-2.7549370135667556e-11,-2.9381590655718835e-11,-2.805217187008614e-11,1.0,True,False,1,True,True,0.0011417999921832234,1,1.2346941379384694e-10,1.0246002022868926e-11,`gtol` termination condition is satisfied.,True,True,0.010000000000001563,5.785372181321691e-13,1.0,6.87105531730484e-14,1.0063620585470982e-14,1.2340089999303898e-10,1.0239773584670897e-11
22.680000000000746,1786132522.2035637,0.004941499995766208,0.004732700006570667,0.01,TELEOP,0,,0.0,22.680000000000746,2268,0.08,0.0,0.0,0.0,0.0,0.17364817766693036,0.9848077530122081,0.08,0.0,0.0,0.0,0.0,0.17364817766693036,0.9848077530122081,0.006998816929891145,-0.22495249069560952,0.28023538868242587,-0.13000972298710123,0.011452291375236975,0.0858434372006431,0.9877232513415147,0.006998816929891145,-0.22495249069560952,0.28023538868242587,-0.13000972298710123,0.011452291375236975,0.0858434372006431,0.9877232513415147,0.006998816940044696,-0.22495249075682894,0.28023538878916754,-0.13000972298204433,0.011452291375702172,0.08584343720054728,0.9877232513421833,0.006998816940035353,-0.22495249075679444,0.2802353887891073,-0.1300097229820472,0.011452291375701558,0.08584343720055009,0.9877232513421828,0.006998816940035353,-0.22495249075679444,0.2802353887891073,-0.1300097229820472,0.011452291375701558,0.08584343720055009,0.9877232513421828,0.14289459867500995,-0.5114106861434556,0.7777399675562217,-0.07045882235020899,0.5252748074965435,-0.02379980516405522,0.14289459867495993,-0.5114106861437747,0.7777399675568312,-0.07045882235028043,0.5252748074968429,-0.023799805164120967,0.14289459867495993,-0.5114106861437747,0.7777399675568312,-0.07045882235028043,0.5252748074968429,-0.023799805164120967,1.8121390008589346e-12,-5.495683626698781e-13,1.267601942281193e-12,4.0401278098970084e-12,5.817550283786847e-13,4.04439181040574e-12,-1.1311874391417068e-11,2.8748120126858714e-11,-5.67400099327453e-11,-2.8255624639732544e-11,-2.7526785690631724e-11,-2.8722549575018936e-11,1.0,True,False,1,True,True,0.0011510000040289015,1,1.2346941379384694e-10,1.0246002022868926e-11,`gtol` termination condition is satisfied.,True,True,0.010000000000001563,5.968558980384842e-13,1.0,7.003686766172565e-14,8.204420138284425e-15,1.2339946975548836e-10,1.0239957310236163e-11
22.690000000000747,1786132522.2084613,0.004954200005158782,0.004676299999118783,0.01,TELEOP,0,,0.0,22.690000000000747,2269,0.08,0.0,0.0,0.0,0.0,0.17364817766693036,0.9848077530122081,0.08,0.0,0.0,0.0,0.0,0.17364817766693036,0.9848077530122081,0.006998816929891145,-0.22495249069560952,0.28023538868242587,-0.13000972298710123,0.011452291375236975,0.0858434372006431,0.9877232513415147,0.006998816929891145,-0.22495249069560952,0.28023538868242587,-0.13000972298710123,0.011452291375236975,0.0858434372006431,0.9877232513415147,0.006998816940044696,-0.22495249075682894,0.28023538878916754,-0.13000972298204433,0.011452291375702172,0.08584343720054728,0.9877232513421833,0.006998816940036769,-0.22495249075679402,0.28023538878910653,-0.13000972298204713,0.0114522913757017,0.08584343720054896,0.9877232513421829,0.006998816940036769,-0.22495249075679402,0.28023538878910653,-0.13000972298204713,0.0114522913757017,0.08584343720054896,0.9877232513421829,0.14289459867500995,-0.5114106861434556,0.7777399675562217,-0.07045882235020899,0.5252748074965435,-0.02379980516405522,0.1428945986749769,-0.5114106861437775,0.7777399675568386,-0.07045882235024291,0.5252748074968461,-0.023799805164083438,0.1428945986749769,-0.5114106861437775,0.7777399675568386,-0.07045882235024291,0.5252748074968461,-0.023799805164083438,1.6958604363841187e-12,-2.8218898711590896e-13,7.386959189526701e-13,3.753063583818483e-12,3.2541702084782216e-13,3.7530161176909944e-12,-1.1627856447479782e-11,2.6737937555392736e-11,-5.289060233284403e-11,-2.870642260784807e-11,-2.563380075308225e-11,-2.913756927146998e-11,1.0,True,False,1,True,True,0.001284700003452599,1,1.2346941379384694e-10,1.0246002022868926e-11,`gtol` termination condition is satisfied.,True,True,0.010000000000001563,6.095124405192109e-13,1.0,7.073779293176897e-14,6.665529769113994e-15,1.233987078324539e-10,1.0240135888090626e-11
22.70000000000075,1786132522.213094,0.0049085000064224005,0.0044003000075463206,0.01,TELEOP,0,,0.0,22.70000000000075,2270,0.08,0.0,0.0,0.0,0.0,0.17364817766693036,0.9848077530122081,0.08,0.0,0.0,0.0,0.0,0.17364817766693036,0.9848077530122081,0.006998816929891145,-0.22495249069560952,0.28023538868242587,-0.13000972298710123,0.011452291375236975,0.0858434372006431,0.9877232513415147,0.006998816929891145,-0.22495249069560952,0.28023538868242587,-0.13000972298710123,0.011452291375236975,0.0858434372006431,0.9877232513415147,0.006998816940044696,-0.22495249075682894,0.28023538878916754,-0.13000972298204433,0.011452291375702172,0.08584343720054728,0.9877232513421833,0.006998816940038104,-0.2249524907567939,0.28023538878910625,-0.13000972298204708,0.011452291375701836,0.08584343720054792,0.987723251342183,0.006998816940038104,-0.2249524907567939,0.28023538878910625,-0.13000972298204708,0.011452291375701836,0.08584343720054792,0.987723251342183,0.14289459867500995,-0.5114106861434556,0.7777399675562217,-0.07045882235020899,0.5252748074965435,-0.02379980516405522,0.14289459867499266,-0.5114106861437778,0.777739967556841,-0.07045882235020827,0.525274807496847,-0.02379980516404884,0.14289459867499266,-0.5114106861437778,0.777739967556841,-0.07045882235020827,0.525274807496847,-0.02379980516404884,1.57749490735085e-12,-3.5163755662577285e-14,2.486997765508435e-13,3.463861975029605e-12,8.820464813105319e-14,3.459859921814087e-12,-1.1836552903325014e-11,2.4702523145329306e-11,-4.8999614240175e-11,-2.8920160878883295e-11,-2.3721237271673187e-11,-2.931561958768615e-11,1.0,True,False,1,True,True,0.0011397999915061519,1,1.2346941379384694e-10,1.0246002022868926e-11,`gtol` termination condition is satisfied.,True,True,0.010000000000001563,6.169509347841995e-13,1.0,7.089533745082917e-14,5.7570474298131555e-15,1.233985226613816e-10,1.0240365330388589e-11
22.71000000000075,1786132522.2178926,0.00463809999928344,0.004561100009595975,0.01,TELEOP,0,,0.0,22.71000000000075,2271,0.08,0.0,0.0,0.0,0.0,0.17364817766693036,0.9848077530122081,0.08,0.0,0.0,0.0,0.0,0.17364817766693036,0.9848077530122081,0.006998816929891145,-0.22495249069560952,0.28023538868242587,-0.13000972298710123,0.011452291375236975,0.0858434372006431,0.9877232513415147,0.006998816929891145,-0.22495249069560952,0.28023538868242587,-0.13000972298710123,0.011452291375236975,0.0858434372006431,0.9877232513415147,0.006998816940044696,-0.22495249075682894,0.28023538878916754,-0.13000972298204433,0.011452291375702172,0.08584343720054728,0.9877232513421833,0.006998816940039371,-0.2249524907567939,0.2802353887891064,-0.130009722982047,0.011452291375701976,0.08584343720054695,0.9877232513421831,0.006998816940039371,-0.2249524907567939,0.2802353887891064,-0.130009722982047,0.011452291375701976,0.08584343720054695,0.9877232513421831,0.14289459867500995,-0.5114106861434556,0.7777399675562217,-0.07045882235020899,0.5252748074965435,-0.02379980516405522,0.14289459867500723,-0.5114106861437759,0.777739967556839,-0.07045882235017652,0.5252748074968456,-0.023799805164017168,0.14289459867500723,-0.5114106861437759,0.777739967556839,-0.07045882235017652,0.5252748074968456,-0.023799805164017168,1.4580451397997443e-12,1.9150733629977046e-13,-2.0215952804955763e-13,3.174705668106255e-12,-1.298568174285515e-13,3.167107488784643e-12,-1.1944976755108693e-11,2.2667109196231232e-11,-4.5085930460033065e-11,-2.8915630692330485e-11,-2.180614655595706e-11,-2.92752433029398e-11,1.0,True,False,1,True,True,0.0011211999953957275,1,1.2346941379384694e-10,1.0246002022868926e-11,`gtol` termination condition is satisfied.,True,True,0.010000000000001563,6.193934254383748e-13,1.0,7.064469592358223e-14,5.405968745003186e-15,1.2339877076987562e-10,1.0240593567451252e-11
22.720000000000752,1786132522.2234302,0.0047814999998081475,0.005317400005878881,0.01,TELEOP,0,,0.0,22.720000000000752,2272,0.08,0.0,0.0,0.0,0.0,0.17364817766693036,0.9848077530122081,0.08,0.0,0.0,0.0,0.0,0.17364817766693036,0.9848077530122081,0.006998816929891145,-0.22495249069560952,0.28023538868242587,-0.13000972298710123,0.011452291375236975,0.0858434372006431,0.9877232513415147,0.006998816929891145,-0.22495249069560952,0.28023538868242587,-0.13000972298710123,0.011452291375236975,0.0858434372006431,0.9877232513415147,0.006998816940044696,-0.22495249075682894,0.28023538878916754,-0.13000972298204433,0.011452291375702172,0.08584343720054728,0.9877232513421833,0.0069988169400405885,-0.22495249075679435,0.28023538878910703,-0.1300097229820469,0.011452291375702094,0.08584343720054609,0.9877232513421831,0.0069988169400405885,-0.22495249075679435,0.28023538878910703,-0.1300097229820469,0.011452291375702094,0.08584343720054609,0.9877232513421831,0.14289459867500995,-0.5114106861434556,0.7777399675562217,-0.07045882235020899,0.5252748074965435,-0.02379980516405522,0.1428945986750206,-0.5114106861437719,0.777739967556833,-0.07045882235014764,0.5252748074968423,-0.0237998051639884,0.1428945986750206,-0.5114106861437719,0.777739967556833,-0.07045882235014764,0.5252748074968423,-0.0237998051639884,1.3384302992680328e-12,3.979784906389591e-13,-6.140594451524712e-13,2.8875954572429903e-12,-3.288213083376652e-13,2.8767562437684973e-12,-1.1961484053169285e-11,2.064711543391564e-11,-4.118999171028491e-11,-2.8711021086321972e-11,-1.989644909090826e-11,-2.903512450161003e-11,1.0,True,False,1,True,True,0.0011568999907467514,1,1.2346941379384694e-10,1.0246002022868926e-11,`gtol` termination condition is satisfied.,True,True,0.010000000000001563,6.173950239940496e-13,1.0,6.981407333983042e-14,5.705451730664021e-15,1.2339961901027844e-10,1.0240813768877273e-11
22.730000000000754,1786132522.2282038,0.00554569999803789,0.004544499999610707,0.01,TELEOP,0,,0.0,22.730000000000754,2273,0.08,0.0,0.0,0.0,0.0,0.17364817766693036,0.9848077530122081,0.08,0.0,0.0,0.0,0.0,0.17364817766693036,0.9848077530122081,0.006998816929891145,-0.22495249069560952,0.28023538868242587,-0.13000972298710123,0.011452291375236975,0.0858434372006431,0.9877232513415147,0.006998816929891145,-0.22495249069560952,0.28023538868242587,-0.13000972298710123,0.011452291375236975,0.0858434372006431,0.9877232513415147,0.006998816940044696,-0.22495249075682894,0.28023538878916754,-0.13000972298204433,0.011452291375702172,0.08584343720054728,0.9877232513421833,0.006998816940041713,-0.22495249075679483,0.28023538878910803,-0.13000972298204694,0.0114522913757022,0.08584343720054526,0.9877232513421832,0.006998816940041713,-0.22495249075679483,0.28023538878910803,-0.13000972298204694,0.0114522913757022,0.08584343720054526,0.9877232513421832,0.14289459867500995,-0.5114106861434556,0.7777399675562217,-0.07045882235020899,0.5252748074965435,-0.02379980516405522,0.1428945986750328,-0.5114106861437661,0.7777399675568231,-0.07045882235012159,0.5252748074968372,-0.023799805163962493,0.1428945986750328,-0.5114106861437661,0.7777399675568231,-0.07045882235012159,0.5252748074968372,-0.023799805163962493,1.2194929541648437e-12,5.84468157888316e-13,-9.873939339999704e-13,2.6043557664321775e-12,-5.08892460369714e-13,2.590622703805365e-12,-1.1893734510317045e-11,1.864896672493278e-11,-3.7333448884744075e-11,-2.8323969081076847e-11,-1.800711520320207e-11,-2.861335399630877e-11,1.0,True,False,1,True,True,0.0011879000085173175,1,1.2346941379384694e-10,1.0246002022868926e-11,`gtol` termination condition is satisfied.,True,True,0.010000000000001563,6.112887973586112e-13,1.0,6.865639544250143e-14,6.601852817926385e-15,1.2340080925036602e-10,1.0240864886427454e-11
22.740000000000755,1786132522.2328534,0.00476110000454355,0.004433199996128678,0.01,TELEOP,0,,0.0,22.740000000000755,2274,0.08,0.0,0.0,0.0,0.0,0.17364817766693036,0.9848077530122081,0.08,0.0,0.0,0.0,0.0,0.17364817766693036,0.9848077530122081,0.006998816929891145,-0.22495249069560952,0.28023538868242587,-0.13000972298710123,0.011452291375236975,0.0858434372006431,0.9877232513415147,0.006998816929891145,-0.22495249069560952,0.28023538868242587,-0.13000972298710123,0.011452291375236975,0.0858434372006431,0.9877232513415147,0.006998816940044696,-0.22495249075682894,0.28023538878916754,-0.13000972298204433,0.011452291375702172,0.08584343720054728,0.9877232513421833,0.006998816940042774,-0.22495249075679558,0.28023538878910936,-0.13000972298204674,0.011452291375702306,0.08584343720054458,0.9877232513421833,0.006998816940042774,-0.22495249075679558,0.28023538878910936,-0.13000972298204674,0.011452291375702306,0.08584343720054458,0.9877232513421833,0.14289459867500995,-0.5114106861434556,0.7777399675562217,-0.07045882235020899,0.5252748074965435,-0.02379980516405522,0.1428945986750438,-0.5114106861437585,0.7777399675568099,-0.07045882235009832,0.5252748074968305,-0.02379980516393939,0.1428945986750438,-0.5114106861437585,0.7777399675568099,-0.07045882235009832,0.5252748074968305,-0.02379980516393939,1.1020054588652115e-12,7.513307820123669e-13,-1.3227554203607526e-12,2.326630072275553e-12,-6.704111372926478e-13,2.3103430974570515e-12,-1.1748749529961379e-11,1.6686262412402488e-11,-3.353614863607298e-11,-2.777256941565811e-11,-1.615186769229085e-11,-2.8027960634826948e-11,1.0,True,False,1,True,True,0.0011249999952269718,1,1.2346941379384694e-10,1.0246002022868926e-11,`gtol` termination condition is satisfied.,True,True,0.010000000000001563,6.014078124394473e-13,1.0,6.709054613386449e-14,7.246677500956717e-15,1.2340241992284624e-10,1.0241298498558147e-11
22.750000000000757,1786132522.2380605,0.004784799995832145,0.004855500010307878,0.01,TELEOP,0,,0.0,22.750000000000757,2275,0.08,0.0,0.0,0.0,0.0,0.17364817766693036,0.9848077530122081,0.08,0.0,0.0,0.0,0.0,0.17364817766693036,0.9848077530122081,0.006998816929891145,-0.22495249069560952,0.28023538868242587,-0.13000972298710123,0.011452291375236975,0.0858434372006431,0.9877232513415147,0.006998816929891145,-0.22495249069560952,0.28023538868242587,-0.13000972298710123,0.011452291375236975,0.0858434372006431,0.9877232513415147,0.006998816940044696,-0.22495249075682894,0.28023538878916754,-0.13000972298204433,0.011452291375702172,0.08584343720054728,0.9877232513421833,0.00699881694004377,-0.22495249075679646,0.2802353887891109,-0.13000972298204677,0.011452291375702386,0.08584343720054394,0.9877232513421833,0.00699881694004377,-0.22495249075679646,0.2802353887891109,-0.13000972298204677,0.011452291375702386,0.08584343720054394,0.9877232513421833,0.14289459867500995,-0.5114106861434556,0.7777399675562217,-0.07045882235020899,0.5252748074965435,-0.02379980516405522,0.14289459867505366,-0.5114106861437495,0.7777399675567936,-0.07045882235007776,0.5252748074968224,-0.023799805163919018,0.14289459867505366,-0.5114106861437495,0.7777399675567936,-0.07045882235007776,0.5252748074968224,-0.023799805163919018,9.866565301742958e-13,8.99045467620903e-13,-1.6209953564740753e-12,2.0558863455807976e-12,-8.138439952027294e-13,2.0373763421564746e-12,-1.153489286908977e-11,1.47714685608513e-11,-2.982399361132761e-11,-2.7074372669471297e-11,-1.4343285791005919e-11,-2.7296675530053442e-11,1.0,True,False,1,True,True,0.0012067999923601747,1,1.2346941379384694e-10,1.0246002022868926e-11,`gtol` termination condition is satisfied.,True,True,0.010000000000001563,5.881961584464079e-13,1.0,6.527940205836162e-14,8.295273829725587e-15,1.234042859498581e-10,1.024128237602106e-11
22.76000000000076,1786132522.2430725,0.005149899996467866,0.004717699994216673,0.01,TELEOP,0,,0.0,22.76000000000076,2276,0.08,0.0,0.0,0.0,0.0,0.17364817766693036,0.9848077530122081,0.08,0.0,0.0,0.0,0.0,0.17364817766693036,0.9848077530122081,0.006998816929891145,-0.22495249069560952,0.28023538868242587,-0.13000972298710123,0.011452291375236975,0.0858434372006431,0.9877232513415147,0.006998816929891145,-0.22495249069560952,0.28023538868242587,-0.13000972298710123,0.011452291375236975,0.0858434372006431,0.9877232513415147,0.006998816940044696,-0.22495249075682894,0.28023538878916754,-0.13000972298204433,0.011452291375702172,0.08584343720054728,0.9877232513421833,0.0069988169400446824,-0.22495249075679752,0.28023538878911275,-0.13000972298204655,0.011452291375702476,0.08584343720054338,0.9877232513421834,0.0069988169400446824,-0.22495249075679752,0.28023538878911275,-0.13000972298204655,0.011452291375702476,0.08584343720054338,0.9877232513421834,0.14289459867500995,-0.5114106861434556,0.7777399675562217,-0.07045882235020899,0.5252748074965435,-0.02379980516405522,0.1428945986750624,-0.5114106861437392,0.7777399675567748,-0.07045882235005983,0.525274807496813,-0.02379980516390129,0.1428945986750624,-0.5114106861437392,0.7777399675567748,-0.07045882235005983,0.525274807496813,-0.02379980516390129,8.740774918301595e-13,1.028205591581875e-12,-1.883125536689388e-12,1.7934316768443752e-12,-9.396959010093544e-13,1.7730091827824249e-12,-1.1257903834411878e-11,1.2916012396095182e-11,-2.6213018021527197e-11,-2.6245466873638142e-11,-1.2585190580660546e-11,-2.643671593740083e-11,1.0,True,False,1,True,True,0.0011939999967580661,1,1.2346941379384694e-10,1.0246002022868926e-11,`gtol` termination condition is satisfied.,True,True,0.010000000000001563,5.719869022868806e-13,1.0,6.31590320588086e-14,8.978450495801008e-15,1.2340646765451578e-10,1.0241819708993378e-11
22.77000000000076,1786132522.2478876,0.004936199999065138,0.004596500002662651,0.01,TELEOP,0,,0.0,22.77000000000076,2277,0.08,0.0,0.0,0.0,0.0,0.17364817766693036,0.9848077530122081,0.08,0.0,0.0,0.0,0.0,0.17364817766693036,0.9848077530122081,0.006998816929891145,-0.22495249069560952,0.28023538868242587,-0.13000972298710123,0.011452291375236975,0.0858434372006431,0.9877232513415147,0.006998816929891145,-0.22495249069560952,0.28023538868242587,-0.13000972298710123,0.011452291375236975,0.0858434372006431,0.9877232513415147,0.006998816940044696,-0.22495249075682894,0.28023538878916754,-0.13000972298204433,0.011452291375702172,0.08584343720054728,0.9877232513421833,0.006998816940045519,-0.22495249075679874,0.2802353887891148,-0.1300097229820464,0.01145229137570254,0.0858434372005429,0.9877232513421834,0.006998816940045519,-0.22495249075679874,0.2802353887891148,-0.1300097229820464,0.01145229137570254,0.0858434372005429,0.9877232513421834,0.14289459867500995,-0.5114106861434556,0.7777399675562217,-0.07045882235020899,0.5252748074965435,-0.02379980516405522,0.14289459867507007,-0.5114106861437278,0.7777399675567537,-0.07045882235004443,0.5252748074968026,-0.023799805163886106,0.14289459867507007,-0.5114106861437278,0.7777399675567537,-0.07045882235004443,0.5252748074968026,-0.023799805163886106,7.648085078487828e-13,1.1394321815120591e-12,-2.110304735623817e-12,1.5403967708862003e-12,-1.0485067482006236e-12,1.5183609020197678e-12,-1.0926898398135957e-11,1.1122658993016668e-11,-2.2717919893439338e-11,-2.530349059581353e-11,-1.0881084719125206e-11,-2.5464828076261733e-11,1.0,True,False,1,True,True,0.0011331999994581565,1,1.2346941379384694e-10,1.0246002022868926e-11,`gtol` termination condition is satisfied.,True,True,0.010000000000001563,5.53113110868253e-13,1.0,6.077534167633036e-14,9.730968892654593e-15,1.2340891761554806e-10,1.024212758950851e-11
22.78000000000076,1786132522.2558093,0.004812400002265349,0.007705999989411794,0.01,TELEOP,0,,0.0,22.78000000000076,2278,0.08,0.0,0.0,0.0,0.0,0.17364817766693036,0.9848077530122081,0.08,0.0,0.0,0.0,0.0,0.17364817766693036,0.9848077530122081,0.006998816929891145,-0.22495249069560952,0.28023538868242587,-0.13000972298710123,0.011452291375236975,0.0858434372006431,0.9877232513415147,0.006998816929891145,-0.22495249069560952,0.28023538868242587,-0.13000972298710123,0.011452291375236975,0.0858434372006431,0.9877232513415147,0.006998816940044696,-0.22495249075682894,0.28023538878916754,-0.13000972298204433,0.011452291375702172,0.08584343720054728,0.9877232513421833,0.006998816940046275,-0.2249524907568,0.28023538878911713,-0.13000972298204644,0.011452291375702615,0.08584343720054248,0.9877232513421835,0.006998816940046275,-0.2249524907568,0.28023538878911713,-0.13000972298204644,0.011452291375702615,0.08584343720054248,0.9877232513421835,0.14289459867500995,-0.5114106861434556,0.7777399675562217,-0.07045882235020899,0.5252748074965435,-0.02379980516405522,0.14289459867507667,-0.5114106861437154,0.7777399675567306,-0.07045882235003145,0.5252748074967911,-0.023799805163873363,0.14289459867507667,-0.5114106861437154,0.7777399675567306,-0.07045882235003145,0.5252748074967911,-0.023799805163873363,6.593254538728592e-13,1.2334487103691424e-12,-2.3039035586276783e-12,1.297750645656018e-12,-1.1410027356040924e-12,1.2743900475277858e-12,-1.0548305397590706e-11,9.401652885706859e-12,-1.9359882300383125e-11,-2.4264612523014435e-11,-9.249598740345432e-12,-2.4397085449194385e-11,1.0,True,False,1,True,True,0.001901499999803491,1,1.2346941379384694e-10,1.0246002022868926e-11,`gtol` termination condition is satisfied.,True,True,0.010000000000001563,5.32018873400375e-13,1.0,5.814736629884138e-14,1.0530654551072861e-14,1.2341161472670097e-10,1.0242102475127169e-11
22.790000000000763,1786132522.2617452,0.00809030000527855,0.0055511999962618575,0.01,TELEOP,0,,0.0,22.790000000000763,2279,0.08,0.0,0.0,0.0,0.0,0.17364817766693036,0.9848077530122081,0.08,0.0,0.0,0.0,0.0,0.17364817766693036,0.9848077530122081,0.006998816929891145,-0.22495249069560952,0.28023538868242587,-0.13000972298710123,0.011452291375236975,0.0858434372006431,0.9877232513415147,0.006998816929891145,-0.22495249069560952,0.28023538868242587,-0.13000972298710123,0.011452291375236975,0.0858434372006431,0.9877232513415147,0.006998816940044696,-0.22495249075682894,0.28023538878916754,-0.13000972298204433,0.011452291375702172,0.08584343720054728,0.9877232513421833,0.006998816940046969,-0.2249524907568014,0.2802353887891195,-0.13000972298204624,0.011452291375702667,0.08584343720054216,0.9877232513421835,0.006998816940046969,-0.2249524907568014,0.2802353887891195,-0.13000972298204624,0.011452291375702667,0.08584343720054216,0.9877232513421835,0.14289459867500995,-0.5114106861434556,0.7777399675562217,-0.07045882235020899,0.5252748074965435,-0.02379980516405522,0.14289459867508225,-0.5114106861437023,0.7777399675567059,-0.0704588223500208,0.5252748074967789,-0.023799805163862944,0.14289459867508225,-0.5114106861437023,0.7777399675567059,-0.0704588223500208,0.5252748074967789,-0.023799805163862944,5.580452745362357e-13,1.3110725593399805e-12,-2.465332591581072e-12,1.066314106139251e-12,-1.2178495454783535e-12,1.0419005985111613e-12,-1.0128017933660766e-11,7.762384897082608e-12,-1.614290329533683e-11,-2.3143653951673094e-11,-7.684680987424921e-12,-2.3248944901658813e-11,1.0,True,False,1,True,True,0.0016389999946113676,1,1.2346941379384694e-10,1.0246002022868926e-11,`gtol` termination condition is satisfied.,True,True,0.010000000000001563,5.089262344881718e-13,1.0,5.5397705933819656e-14,1.0989204348576731e-14,1.2341443726269115e-10,1.0242457174324168e-11
22.800000000000765,1786132522.2671459,0.005761899999924935,0.005190500000026077,0.01,TELEOP,0,,0.0,22.800000000000765,2280,0.08,0.0,0.0,0.0,0.0,0.17364817766693036,0.9848077530122081,0.08,0.0,0.0,0.0,0.0,0.17364817766693036,0.9848077530122081,0.006998816929891145,-0.22495249069560952,0.28023538868242587,-0.13000972298710123,0.011452291375236975,0.0858434372006431,0.9877232513415147,0.006998816929891145,-0.22495249069560952,0.28023538868242587,-0.13000972298710123,0.011452291375236975,0.0858434372006431,0.9877232513415147,0.006998816940044696,-0.22495249075682894,0.28023538878916754,-0.13000972298204433,0.011452291375702172,0.08584343720054728,0.9877232513421833,0.006998816940047576,-0.22495249075680285,0.2802353887891221,-0.13000972298204613,0.011452291375702724,0.08584343720054187,0.9877232513421835,0.006998816940047576,-0.22495249075680285,0.2802353887891221,-0.13000972298204613,0.011452291375702724,0.08584343720054187,0.9877232513421835,0.14289459867500995,-0.5114106861434556,0.7777399675562217,-0.07045882235020899,0.5252748074965435,-0.02379980516405522,0.14289459867508686,-0.5114106861436886,0.77773996755668,-0.07045882235001233,0.5252748074967661,-0.02379980516385473,0.14289459867508686,-0.5114106861436886,0.77773996755668,-0.07045882235001233,0.5252748074967661,-0.02379980516385473,4.613308943813167e-13,1.3731300933336792e-12,-2.5961932668253734e-12,8.467624580847152e-13,-1.2798115842027596e-12,8.215500277482042e-13,-9.67143801549039e-12,6.205753399368899e-12,-1.3086067524428102e-11,-2.195516480545014e-11,-6.196203872439637e-12,-2.2035057076292272e-11,1.0,True,False,1,True,True,0.0011054000060539693,1,1.2346941379384694e-10,1.0246002022868926e-11,`gtol` termination condition is satisfied.,True,True,0.010000000000001563,4.842792833414933e-13,1.0,5.2496999193710394e-14,1.1479340426140057e-14,1.234174103951282e-10,1.0242700809708713e-11
22.810000000000766,1786132522.271977,0.005523799991351552,0.004497799993259832,0.01,TELEOP,0,,0.0,22.810000000000766,2281,0.08,0.0,0.0,0.0,0.0,0.17364817766693036,0.9848077530122081,0.08,0.0,0.0,0.0,0.0,0.17364817766693036,0.9848077530122081,0.006998816929891145,-0.22495249069560952,0.28023538868242587,-0.13000972298710123,0.011452291375236975,0.0858434372006431,0.9877232513415147,0.006998816929891145,-0.22495249069560952,0.28023538868242587,-0.13000972298710123,0.011452291375236975,0.0858434372006431,0.9877232513415147,0.006998816940044696,-0.22495249075682894,0.28023538878916754,-0.13000972298204433,0.011452291375702172,0.08584343720054728,0.9877232513421833,0.006998816940048124,-0.22495249075680435,0.28023538878912474,-0.13000972298204597,0.011452291375702764,0.08584343720054166,0.9877232513421836,0.006998816940048124,-0.22495249075680435,0.28023538878912474,-0.13000972298204597,0.011452291375702764,0.08584343720054166,0.9877232513421836,0.14289459867500995,-0.5114106861434556,0.7777399675562217,-0.07045882235020899,0.5252748074965435,-0.02379980516405522,0.14289459867509055,-0.5114106861436744,0.777739967556653,-0.07045882235000593,0.5252748074967528,-0.02379980516384859,0.14289459867509055,-0.5114106861436744,0.777739967556653,-0.07045882235000593,0.5252748074967528,-0.02379980516384859,3.694764448280623e-13,1.420455912338073e-12,-2.698107761649153e-12,6.396279955883603e-13,-1.3277437552673592e-12,6.138566917833939e-13,-9.185444955324009e-12,4.732581900438637e-12,-1.0191449482376377e-11,-2.0713446249632256e-11,-4.79321710645922e-12,-2.0769333596477777e-11,1.0,True,False,1,True,True,0.0011152999941259623,1,1.2346941379384694e-10,1.0246002022868926e-11,`gtol` termination condition is satisfied.,True,True,0.010000000000001563,4.583000645652646e-13,1.0,4.9479809845651e-14,1.1800270451992123e-14,1.2342050217896416e-10,1.024310495453496e-11
22.820000000000768,1786132522.2766058,0.004719400007161312,0.004407000000355765,0.01,TELEOP,0,,0.0,22.820000000000768,2282,0.08,0.0,0.0,0.0,0.0,0.17364817766693036,0.9848077530122081,0.08,0.0,0.0,0.0,0.0,0.17364817766693036,0.9848077530122081,0.006998816929891145,-0.22495249069560952,0.28023538868242587,-0.13000972298710123,0.011452291375236975,0.0858434372006431,0.9877232513415147,0.006998816929891145,-0.22495249069560952,0.28023538868242587,-0.13000972298710123,0.011452291375236975,0.0858434372006431,0.9877232513415147,0.006998816940044696,-0.22495249075682894,0.28023538878916754,-0.13000972298204433,0.011452291375702172,0.08584343720054728,0.9877232513421833,0.006998816940048596,-0.22495249075680598,0.2802353887891275,-0.13000972298204583,0.011452291375702785,0.08584343720054147,0.9877232513421836,0.006998816940048596,-0.22495249075680598,0.2802353887891275,-0.13000972298204583,0.011452291375702785,0.08584343720054147,0.9877232513421836,0.14289459867500995,-0.5114106861434556,0.7777399675562217,-0.07045882235020899,0.5252748074965435,-0.02379980516405522,0.14289459867509338,-0.5114106861436598,0.7777399675566252,-0.07045882235000148,0.5252748074967392,-0.0237998051638444,0.14289459867509338,-0.5114106861436598,0.7777399675566252,-0.07045882235000148,0.5252748074967392,-0.0237998051638444,2.827129969341919e-13,1.4539692639843194e-12,-2.7727943683637307e-12,4.453119187310074e-13,-1.3624297202046972e-12,4.192090146087047e-13,-8.676344789385684e-12,3.351335164624104e-12,-7.468660671456594e-12,-1.9431607685732248e-11,-3.468596493733258e-12,-1.9464767717465882e-11,1.0,True,False,1,True,True,0.0011498999956529588,1,1.2346941379384694e-10,1.0246002022868926e-11,`gtol` termination condition is satisfied.,True,True,0.010000000000001563,4.313216450668733e-13,1.0,4.630303261083588e-14,1.2082636082955662e-14,1.2342375247169992e-10,1.0243394080224824e-11
22.83000000000077,1786132522.282588,0.004613299999618903,0.005775700003141537,0.01,TELEOP,0,,0.0,22.83000000000077,2283,0.08,0.0,0.0,0.0,0.0,0.17364817766693036,0.9848077530122081,0.08,0.0,0.0,0.0,0.0,0.17364817766693036,0.9848077530122081,0.006998816929891145,-0.22495249069560952,0.28023538868242587,-0.13000972298710123,0.011452291375236975,0.0858434372006431,0.9877232513415147,0.006998816929891145,-0.22495249069560952,0.28023538868242587,-0.13000972298710123,0.011452291375236975,0.0858434372006431,0.9877232513415147,0.006998816940044696,-0.22495249075682894,0.28023538878916754,-0.13000972298204433,0.011452291375702172,0.08584343720054728,0.9877232513421833,0.006998816940048988,-0.2249524907568075,0.28023538878913024,-0.1300097229820457,0.011452291375702818,0.08584343720054137,0.9877232513421836,0.006998816940048988,-0.2249524907568075,0.28023538878913024,-0.1300097229820457,0.011452291375702818,0.08584343720054137,0.9877232513421836,0.14289459867500995,-0.5114106861434556,0.7777399675562217,-0.07045882235020899,0.5252748074965435,-0.02379980516405522,0.14289459867509538,-0.511410686143645,0.777739967556597,-0.07045882234999884,0.5252748074967253,-0.02379980516384202,0.14289459867509538,-0.511410686143645,0.777739967556597,-0.07045882234999884,0.5252748074967253,-0.02379980516384202,2.0121381642537117e-13,1.474589890755467e-12,-2.8219823858967917e-12,2.6409525807961067e-13,-1.3847420330619153e-12,2.3787149669999166e-13,-8.1499180508808e-12,2.062062677114442e-12,-4.918801753305329e-12,-1.812166606513684e-11,-2.2312312857214533e-12,-1.813375179086847e-11,1.0,True,False,1,True,True,0.0011031000030925497,1,1.2346941379384694e-10,1.0246002022868926e-11,`gtol` termination condition is satisfied.,True,True,0.010000000000001563,4.035660694512444e-13,1.0,4.323307471088362e-14,1.2215270585609243e-14,1.2342689315984833e-10,1.0243681237124782e-11
22.84000000000077,1786132522.2904284,0.006124299994553439,0.007491899988963269,0.01,TELEOP,0,,0.0,22.84000000000077,2284,0.08,0.0,0.0,0.0,0.0,0.17364817766693036,0.9848077530122081,0.08,0.0,0.0,0.0,0.0,0.17364817766693036,0.9848077530122081,0.006998816929891145,-0.22495249069560952,0.28023538868242587,-0.13000972298710123,0.011452291375236975,0.0858434372006431,0.9877232513415147,0.006998816929891145,-0.22495249069560952,0.28023538868242587,-0.13000972298710123,0.011452291375236975,0.0858434372006431,0.9877232513415147,0.006998816940044696,-0.22495249075682894,0.28023538878916754,-0.13000972298204433,0.011452291375702172,0.08584343720054728,0.9877232513421833,0.0069988169400493315,-0.22495249075680912,0.28023538878913307,-0.1300097229820455,0.011452291375702837,0.08584343720054129,0.9877232513421836,0.0069988169400493315,-0.22495249075680912,0.28023538878913307,-0.1300097229820455,0.011452291375702837,0.08584343720054129,0.9877232513421836,0.14289459867500995,-0.5114106861434556,0.7777399675562217,-0.07045882235020899,0.5252748074965435,-0.02379980516405522,0.14289459867509663,-0.5114106861436302,0.7777399675565686,-0.07045882234999788,0.5252748074967113,-0.02379980516384132,0.14289459867509663,-0.5114106861436302,0.7777399675565686,-0.07045882234999788,0.5252748074967113,-0.02379980516384132,1.2511845551150487e-13,1.4832379887487987e-12,-2.8474883013955113e-12,9.614888881341248e-14,-1.3955576338700477e-12,6.999263263850671e-14,-7.60953609138544e-12,8.64809799333033e-13,-2.5505915498715572e-12,-1.6794636926617194e-11,-1.0815600808130771e-12,-1.678788640614587e-11,1.0,True,False,1,True,True,0.0018353000050410628,1,1.2346941379384694e-10,1.0246002022868926e-11,`gtol` termination condition is satisfied.,True,True,0.010000000000001563,3.7536640462576543e-13,1.0,4.0032056359280884e-14,1.2287113739070005e-14,1.2343016711671485e-10,1.0244020232499234e-11
22.850000000000772,1786132522.298533,0.007814399999915622,0.007782000000588596,0.01,TELEOP,0,,0.0,22.850000000000772,2285,0.08,0.0,0.0,0.0,0.0,0.17364817766693036,0.9848077530122081,0.08,0.0,0.0,0.0,0.0,0.17364817766693036,0.9848077530122081,0.006998816929891145,-0.22495249069560952,0.28023538868242587,-0.13000972298710123,0.011452291375236975,0.0858434372006431,0.9877232513415147,0.006998816929891145,-0.22495249069560952,0.28023538868242587,-0.13000972298710123,0.011452291375236975,0.0858434372006431,0.9877232513415147,0.006998816940044696,-0.22495249075682894,0.28023538878916754,-0.13000972298204433,0.011452291375702172,0.08584343720054728,0.9877232513421833,0.006998816940049609,-0.22495249075681073,0.2802353887891359,-0.13000972298204533,0.011452291375702863,0.08584343720054129,0.9877232513421838,0.006998816940049609,-0.22495249075681073,0.2802353887891359,-0.13000972298204533,0.011452291375702863,0.08584343720054129,0.9877232513421838,0.14289459867500995,-0.5114106861434556,0.7777399675562217,-0.07045882235020899,0.5252748074965435,-0.02379980516405522,0.14289459867509718,-0.5114106861436154,0.7777399675565401,-0.07045882234999847,0.5252748074966973,-0.023799805163842162,0.14289459867509718,-0.5114106861436154,0.7777399675565401,-0.07045882234999847,0.5252748074966973,-0.023799805163842162,5.449701293580655e-14,1.4808341698746446e-12,-2.8511314257204426e-12,-5.846692701305824e-14,-1.395757483145364e-12,-8.438301239305698e-14,-7.062144257568728e-12,-2.4038188741536334e-13,-3.643124324930611e-13,-1.5461581582644655e-11,-1.9984927531627762e-14,-1.5437564503153956e-11,1.0,True,False,1,True,True,0.0019330000068293884,1,1.2346941379384694e-10,1.0246002022868926e-11,`gtol` termination condition is satisfied.,True,True,0.010000000000001563,3.469446951953614e-13,1.0,3.683516256785728e-14,1.2258571600281699e-14,1.2343343564849296e-10,1.0244413817836014e-11
22.860000000000774,1786132522.3066106,0.00819480000063777,0.00766509999812115,0.01,TELEOP,0,,0.0,22.860000000000774,2286,0.08,0.0,0.0,0.0,0.0,0.17364817766693036,0.9848077530122081,0.08,0.0,0.0,0.0,0.0,0.17364817766693036,0.9848077530122081,0.006998816929891145,-0.22495249069560952,0.28023538868242587,-0.13000972298710123,0.011452291375236975,0.0858434372006431,0.9877232513415147,0.006998816929891145,-0.22495249069560952,0.28023538868242587,-0.13000972298710123,0.011452291375236975,0.0858434372006431,0.9877232513415147,0.006998816940044696,-0.22495249075682894,0.28023538878916754,-0.13000972298204433,0.011452291375702172,0.08584343720054728,0.9877232513421833,0.0069988169400498415,-0.2249524907568124,0.2802353887891387,-0.13000972298204516,0.011452291375702865,0.08584343720054133,0.9877232513421838,0.0069988169400498415,-0.2249524907568124,0.2802353887891387,-0.13000972298204516,0.011452291375702865,0.08584343720054133,0.9877232513421838,0.14289459867500995,-0.5114106861434556,0.7777399675562217,-0.07045882235020899,0.5252748074965435,-0.02379980516405522,0.14289459867509707,-0.5114106861436007,0.7777399675565118,-0.07045882235000046,0.5252748074966834,-0.023799805163844414,0.14289459867509707,-0.5114106861436007,0.7777399675565118,-0.07045882235000046,0.5252748074966834,-0.023799805163844414,-1.0624803531022018e-14,1.46837652602645e-12,-2.8346565593149136e-12,-1.9979332270959308e-13,-1.3862262268489323e-12,-2.2530855116551275e-13,-6.512181646681838e-12,-1.2457643848192575e-12,1.6474866405526539e-12,-1.4132639569651274e-11,9.531256296430204e-13,-1.4092553877243375e-11,1.0,True,False,1,True,True,0.0019037000020034611,1,1.2346941379384694e-10,1.0246002022868926e-11,`gtol` termination condition is satisfied.,True,True,0.010000000000001563,3.184119634624949e-13,1.0,3.366534957451074e-14,1.2124917405685105e-14,1.2343668000189943e-10,1.0244745526438618e-11
22.870000000000775,1786132522.3127506,0.008033799997065216,0.005770999996457249,0.01,TELEOP,0,,0.0,22.870000000000775,2287,0.08,0.0,0.0,0.0,0.0,0.17364817766693036,0.9848077530122081,0.08,0.0,0.0,0.0,0.0,0.17364817766693036,0.9848077530122081,0.006998816929891145,-0.22495249069560952,0.28023538868242587,-0.13000972298710123,0.011452291375236975,0.0858434372006431,0.9877232513415147,0.006998816929891145,-0.22495249069560952,0.28023538868242587,-0.13000972298710123,0.011452291375236975,0.0858434372006431,0.9877232513415147,0.006998816940044696,-0.22495249075682894,0.28023538878916754,-0.13000972298204433,0.011452291375702172,0.08584343720054728,0.9877232513421833,0.0069988169400500115,-0.22495249075681395,0.28023538878914145,-0.13000972298204508,0.01145229137570288,0.08584343720054138,0.9877232513421838,0.0069988169400500115,-0.22495249075681395,0.28023538878914145,-0.13000972298204508,0.01145229137570288,0.08584343720054138,0.9877232513421838,0.14289459867500995,-0.5114106861434556,0.7777399675562217,-0.07045882235020899,0.5252748074965435,-0.02379980516405522,0.14289459867509638,-0.5114106861435863,0.7777399675564838,-0.07045882235000374,0.5252748074966698,-0.023799805163847942,0.14289459867509638,-0.5114106861435863,0.7777399675564838,-0.07045882235000374,0.5252748074966698,-0.023799805163847942,-7.024270313779282e-14,1.4467799747732063e-12,-2.799894399048772e-12,-3.2795473998396647e-13,-1.3678518892662196e-12,-3.5292663457372163e-13,-5.961789960676148e-12,-2.1596551253240295e-12,3.476216026613627e-12,-1.2816141727435338e-11,1.837433758270983e-12,-1.2761808340818891e-11,1.0,True,False,1,True,True,0.0013483000075211748,1,1.2346941379384694e-10,1.0246002022868926e-11,`gtol` termination condition is satisfied.,True,True,0.010000000000001563,2.901012763345534e-13,1.0,3.055474467277993e-14,1.1996633942033088e-14,1.2343986416827019e-10,1.0244912472651786e-11
22.880000000000777,1786132522.3174577,0.005994400009512901,0.004483900003833696,0.01,TELEOP,0,,0.0,22.880000000000777,2288,0.08,0.0,0.0,0.0,0.0,0.17364817766693036,0.9848077530122081,0.08,0.0,0.0,0.0,0.0,0.17364817766693036,0.9848077530122081,0.006998816929891145,-0.22495249069560952,0.28023538868242587,-0.13000972298710123,0.011452291375236975,0.0858434372006431,0.9877232513415147,0.006998816929891145,-0.22495249069560952,0.28023538868242587,-0.13000972298710123,0.011452291375236975,0.0858434372006431,0.9877232513415147,0.006998816940044696,-0.22495249075682894,0.28023538878916754,-0.13000972298204433,0.011452291375702172,0.08584343720054728,0.9877232513421833,0.0069988169400501225,-0.22495249075681553,0.28023538878914417,-0.13000972298204505,0.011452291375702849,0.0858434372005415,0.9877232513421838,0.0069988169400501225,-0.22495249075681553,0.28023538878914417,-0.13000972298204505,0.011452291375702849,0.0858434372005415,0.9877232513421838,0.14289459867500995,-0.5114106861434556,0.7777399675562217,-0.07045882235020899,0.5252748074965435,-0.02379980516405522,0.14289459867509513,-0.5114106861435721,0.7777399675564562,-0.07045882235000817,0.5252748074966563,-0.023799805163852616,0.14289459867509513,-0.5114106861435721,0.7777399675564562,-0.07045882235000817,0.5252748074966563,-0.023799805163852616,-1.2441057681178275e-13,1.4169602893743101e-12,-2.7486001825405327e-12,-4.431616239280816e-13,-1.3415255914800584e-12,-4.674595807880938e-13,-5.4167873673981464e-12,-2.9819685398891545e-12,5.1294216508231375e-12,-1.1520688394409712e-11,2.6326297786156983e-12,-1.1453294621435426e-11,1.0,True,False,1,True,True,0.001191799994558096,1,1.2346941379384694e-10,1.0246002022868926e-11,`gtol` termination condition is satisfied.,True,True,0.010000000000001563,2.6212365611399946e-13,1.0,2.7483251567787043e-14,1.1760472381873635e-14,1.2344300925244778e-10,1.0244957512746258e-11
22.89000000000078,1786132522.3222516,0.00469439999142196,0.004583100002491847,0.01,TELEOP,0,,0.0,22.89000000000078,2289,0.08,0.0,0.0,0.0,0.0,0.17364817766693036,0.9848077530122081,0.08,0.0,0.0,0.0,0.0,0.17364817766693036,0.9848077530122081,0.006998816929891145,-0.22495249069560952,0.28023538868242587,-0.13000972298710123,0.011452291375236975,0.0858434372006431,0.9877232513415147,0.006998816929891145,-0.22495249069560952,0.28023538868242587,-0.13000972298710123,0.011452291375236975,0.0858434372006431,0.9877232513415147,0.006998816940044696,-0.22495249075682894,0.28023538878916754,-0.13000972298204433,0.011452291375702172,0.08584343720054728,0.9877232513421833,0.006998816940050213,-0.22495249075681706,0.28023538878914683,-0.13000972298204497,0.011452291375702852,0.08584343720054165,0.9877232513421838,0.006998816940050213,-0.22495249075681706,0.28023538878914683,-0.13000972298204497,0.011452291375702852,0.08584343720054165,0.9877232513421838,0.14289459867500995,-0.5114106861434556,0.7777399675562217,-0.07045882235020899,0.5252748074965435,-0.02379980516405522,0.1428945986750934,-0.5114106861435583,0.7777399675564294,-0.07045882235001362,0.5252748074966432,-0.02379980516385831,0.1428945986750934,-0.5114106861435583,0.7777399675564294,-0.07045882235001362,0.5252748074966432,-0.02379980516385831,-1.7319709927495095e-13,1.379756928650875e-12,-2.6824599764283223e-12,-5.456936187166485e-13,-1.3080641944830454e-12,-5.692027363149597e-13,-4.878652246316057e-12,-3.7203360723429356e-12,6.614020611220022e-12,-1.0253199478855085e-11,3.34613969970077e-12,-1.0174315552684998e-11,1.0,True,False,1,True,True,0.0011064999998779967,1,1.2346941379384694e-10,1.0246002022868926e-11,`gtol` termination condition is satisfied.,True,True,0.010000000000001563,2.345901251032956e-13,1.0,2.450051119411244e-14,1.1464984769594255e-14,1.2344607710970276e-10,1.0245118774850889e-11
22.90000000000078,1786132522.3271787,0.004817299995920621,0.004693099996075034,0.01,TELEOP,0,,0.0,22.90000000000078,2290,0.08,0.0,0.0,0.0,0.0,0.17364817766693036,0.9848077530122081,0.08,0.0,0.0,0.0,0.0,0.17364817766693036,0.9848077530122081,0.006998816929891145,-0.22495249069560952,0.28023538868242587,-0.13000972298710123,0.011452291375236975,0.0858434372006431,0.9877232513415147,0.006998816929891145,-0.22495249069560952,0.28023538868242587,-0.13000972298710123,0.011452291375236975,0.0858434372006431,0.9877232513415147,0.006998816940044696,-0.22495249075682894,0.28023538878916754,-0.13000972298204433,0.011452291375702172,0.08584343720054728,0.9877232513421833,0.00699881694005023,-0.22495249075681845,0.2802353887891494,-0.13000972298204483,0.01145229137570284,0.08584343720054181,0.9877232513421838,0.00699881694005023,-0.22495249075681845,0.2802353887891494,-0.13000972298204483,0.01145229137570284,0.08584343720054181,0.9877232513421838,0.14289459867500995,-0.5114106861434556,0.7777399675562217,-0.07045882235020899,0.5252748074965435,-0.02379980516405522,0.14289459867509124,-0.511410686143545,0.7777399675564034,-0.07045882235001998,0.5252748074966306,-0.023799805163864894,0.14289459867509124,-0.511410686143545,0.7777399675564034,-0.07045882235001998,0.5252748074966306,-0.023799805163864894,-2.1672304647162584e-13,1.336093594164564e-12,-2.603173539439399e-12,-6.358938010169501e-13,-1.2682935863395487e-12,-6.585135716255876e-13,-4.352594719666808e-12,-4.3663334486304175e-12,7.928643698891102e-12,-9.020018230028757e-12,3.9770608143490545e-12,-8.9310835310614e-12,1.0,True,False,1,True,True,0.0011719000031007454,1,1.2346941379384694e-10,1.0246002022868926e-11,`gtol` termination condition is satisfied.,True,True,0.010000000000001563,2.077227279073668e-13,1.0,2.1684022633018386e-14,1.110097527907044e-14,1.2344897418151516e-10,1.0245387149251232e-11
22.91000000000078,1786132522.3320162,0.004975300005753525,0.004554999992251396,0.01,TELEOP,0,,0.0,22.91000000000078,2291,0.08,0.0,0.0,0.0,0.0,0.17364817766693036,0.9848077530122081,0.08,0.0,0.0,0.0,0.0,0.17364817766693036,0.9848077530122081,0.006998816929891145,-0.22495249069560952,0.28023538868242587,-0.13000972298710123,0.011452291375236975,0.0858434372006431,0.9877232513415147,0.006998816929891145,-0.22495249069560952,0.28023538868242587,-0.13000972298710123,0.011452291375236975,0.0858434372006431,0.9877232513415147,0.006998816940044696,-0.22495249075682894,0.28023538878916754,-0.13000972298204433,0.011452291375702172,0.08584343720054728,0.9877232513421833,0.006998816940050216,-0.22495249075681994,0.2802353887891519,-0.1300097229820447,0.011452291375702825,0.08584343720054198,0.9877232513421838,0.006998816940050216,-0.22495249075681994,0.2802353887891519,-0.1300097229820447,0.011452291375702825,0.08584343720054198,0.9877232513421838,0.14289459867500995,-0.5114106861434556,0.7777399675562217,-0.07045882235020899,0.5252748074965435,-0.02379980516405522,0.1428945986750887,-0.5114106861435321,0.7777399675563783,-0.07045882235002712,0.5252748074966184,-0.023799805163872253,0.1428945986750887,-0.5114106861435321,0.7777399675563783,-0.07045882235002712,0.5252748074966184,-0.023799805163872253,-2.5511840438939713e-13,1.2868170123469018e-12,-2.5124531813827252e-12,-7.141633939477949e-13,-1.2230479299297266e-12,-7.35808913497267e-13,-3.839535791776528e-12,-4.927658181765456e-12,9.072035805665954e-12,-7.826959293083256e-12,4.524565640981498e-12,-7.729534187166727e-12,1.0,True,False,1,True,True,0.0011540999985300004,1,1.2346941379384694e-10,1.0246002022868926e-11,`gtol` termination condition is satisfied.,True,True,0.010000000000001563,1.9032692089027137e-13,1.0,1.8878347387813347e-14,1.0742701338859493e-14,1.2345187574144515e-10,1.0245655047543145e-11
22.920000000000783,1786132522.336533,0.004769200008013286,0.004303000008803792,0.01,TELEOP,0,,0.0,22.920000000000783,2292,0.08,0.0,0.0,0.0,0.0,0.17364817766693036,0.9848077530122081,0.08,0.0,0.0,0.0,0.0,0.17364817766693036,0.9848077530122081,0.006998816929891145,-0.22495249069560952,0.28023538868242587,-0.13000972298710123,0.011452291375236975,0.0858434372006431,0.9877232513415147,0.006998816929891145,-0.22495249069560952,0.28023538868242587,-0.13000972298710123,0.011452291375236975,0.0858434372006431,0.9877232513415147,0.006998816940044696,-0.22495249075682894,0.28023538878916754,-0.13000972298204433,0.011452291375702172,0.08584343720054728,0.9877232513421833,0.006998816940050161,-0.22495249075682128,0.28023538878915427,-0.13000972298204458,0.011452291375702816,0.0858434372005422,0.9877232513421838,0.006998816940050161,-0.22495249075682128,0.28023538878915427,-0.13000972298204458,0.011452291375702816,0.0858434372005422,0.9877232513421838,0.14289459867500995,-0.5114106861434556,0.7777399675562217,-0.07045882235020899,0.5252748074965435,-0.02379980516405522,0.1428945986750858,-0.5114106861435198,0.7777399675563542,-0.07045882235003494,0.5252748074966066,-0.023799805163880267,0.1428945986750858,-0.5114106861435198,0.7777399675563542,-0.07045882235003494,0.5252748074966066,-0.023799805163880267,-2.885408762607993e-13,1.2327033490934524e-12,-2.4118685195831834e-12,-7.80947284189245e-13,-1.1730918745603913e-12,-8.015527706399895e-13,-3.3422471871396928e-12,-5.411366325344092e-12,1.00584661799526e-11,-6.678389024143965e-12,4.995605536932753e-12,-6.5743857142712305e-12,1.0,True,False,1,True,True,0.0010992999887093902,1,1.2346941379384694e-10,1.0246002022868926e-11,`gtol` termination condition is satisfied.,True,True,0.010000000000001563,1.8296822390517775e-13,1.0,1.6265330124059994e-14,1.0283616800620749e-14,1.234545953241121e-10,1.0245866872237066e-11
22.930000000000785,1786132522.3412752,0.004516699991654605,0.004528399993432686,0.01,TELEOP,0,,0.0,22.930000000000785,2293,0.08,0.0,0.0,0.0,0.0,0.17364817766693036,0.9848077530122081,0.08,0.0,0.0,0.0,0.0,0.17364817766693036,0.9848077530122081,0.006998816929891145,-0.22495249069560952,0.28023538868242587,-0.13000972298710123,0.011452291375236975,0.0858434372006431,0.9877232513415147,0.006998816929891145,-0.22495249069560952,0.28023538868242587,-0.13000972298710123,0.011452291375236975,0.0858434372006431,0.9877232513415147,0.006998816940044696,-0.22495249075682894,0.28023538878916754,-0.13000972298204433,0.011452291375702172,0.08584343720054728,0.9877232513421833,0.006998816940050077,-0.2249524907568226,0.2802353887891565,-0.1300097229820445,0.01145229137570278,0.08584343720054244,0.9877232513421838,0.006998816940050077,-0.2249524907568226,0.2802353887891565,-0.1300097229820445,0.01145229137570278,0.08584343720054244,0.9877232513421838,0.14289459867500995,-0.5114106861434556,0.7777399675562217,-0.07045882235020899,0.5252748074965435,-0.02379980516405522,0.14289459867508264,-0.511410686143508,0.7777399675563312,-0.0704588223500433,0.5252748074965954,-0.02379980516388883,0.14289459867508264,-0.511410686143508,0.7777399675563312,-0.0704588223500433,0.5252748074965954,-0.02379980516388883,-3.1717357279289956e-13,1.1745411886296375e-12,-2.3029354687430702e-12,-8.367400207051562e-13,-1.119126348762787e-12,-8.562524018687246e-13,-2.8632696532095767e-12,-5.816216046380572e-12,1.0893305084009606e-11,-5.579273651590245e-12,5.3965525797595875e-12,-5.46996312287265e-12,1.0,True,False,1,True,True,0.0012254999892320484,1,1.2346941379384694e-10,1.0246002022868926e-11,`gtol` termination condition is satisfied.,True,True,0.010000000000001563,1.749538014461649e-13,1.0,1.3821482858464245e-14,9.796506548344412e-15,1.2345716865273236e-10,1.0246017261676291e-11
22.940000000000786,1786132522.3483713,0.004743500001495704,0.006880999993882142,0.01,TELEOP,0,,0.0,22.940000000000786,2294,0.08,0.0,0.0,0.0,0.0,0.17364817766693036,0.9848077530122081,0.08,0.0,0.0,0.0,0.0,0.17364817766693036,0.9848077530122081,0.006998816929891145,-0.22495249069560952,0.28023538868242587,-0.13000972298710123,0.011452291375236975,0.0858434372006431,0.9877232513415147,0.006998816929891145,-0.22495249069560952,0.28023538868242587,-0.13000972298710123,0.011452291375236975,0.0858434372006431,0.9877232513415147,0.006998816940044696,-0.22495249075682894,0.28023538878916754,-0.13000972298204433,0.011452291375702172,0.08584343720054728,0.9877232513421833,0.0069988169400499595,-0.22495249075682386,0.2802353887891587,-0.13000972298204438,0.011452291375702766,0.08584343720054267,0.9877232513421838,0.0069988169400499595,-0.22495249075682386,0.2802353887891587,-0.13000972298204438,0.011452291375702766,0.08584343720054267,0.9877232513421838,0.14289459867500995,-0.5114106861434556,0.7777399675562217,-0.07045882235020899,0.5252748074965435,-0.02379980516405522,0.14289459867507923,-0.5114106861434969,0.7777399675563094,-0.07045882235005213,0.5252748074965847,-0.023799805163897833,0.14289459867507923,-0.5114106861434969,0.7777399675563094,-0.07045882235005213,0.5252748074965847,-0.023799805163897833,-3.412228948777534e-13,1.1130533998287604e-12,-2.1871207161606455e-12,-8.820720388668842e-13,-1.0618709691783755e-12,-9.004474839135207e-13,-2.4049322084850123e-12,-6.148778880086744e-12,1.1581475258240658e-11,-4.533201816172087e-12,5.725537958440252e-12,-4.41950820447892e-12,1.0,True,False,1,True,True,0.0018138000014005229,1,1.2346941379384694e-10,1.0246002022868926e-11,`gtol` termination condition is satisfied.,True,True,0.010000000000001563,1.6639120636874338e-13,1.0,1.1463107858046201e-14,9.31507810680876e-15,1.23459697841562e-10,1.024622731371623e-11
22.950000000000788,1786132522.3557487,0.00724869999976363,0.007009500011918135,0.01,TELEOP,0,,0.0,22.950000000000788,2295,0.08,0.0,0.0,0.0,0.0,0.17364817766693036,0.9848077530122081,0.08,0.0,0.0,0.0,0.0,0.17364817766693036,0.9848077530122081,0.006998816929891145,-0.22495249069560952,0.28023538868242587,-0.13000972298710123,0.011452291375236975,0.0858434372006431,0.9877232513415147,0.006998816929891145,-0.22495249069560952,0.28023538868242587,-0.13000972298710123,0.011452291375236975,0.0858434372006431,0.9877232513415147,0.006998816940044696,-0.22495249075682894,0.28023538878916754,-0.13000972298204433,0.011452291375702172,0.08584343720054728,0.9877232513421833,0.0069988169400498,-0.224952490756825,0.2802353887891607,-0.1300097229820443,0.011452291375702741,0.08584343720054291,0.9877232513421838,0.0069988169400498,-0.224952490756825,0.2802353887891607,-0.1300097229820443,0.011452291375702741,0.08584343720054291,0.9877232513421838,0.14289459867500995,-0.5114106861434556,0.7777399675562217,-0.07045882235020899,0.5252748074965435,-0.02379980516405522,0.14289459867507562,-0.5114106861434865,0.7777399675562887,-0.0704588223500613,0.5252748074965747,-0.02379980516390718,0.14289459867507562,-0.5114106861434865,0.7777399675562887,-0.0704588223500613,0.5252748074965747,-0.02379980516390718,-3.6089731803836716e-13,1.0489797113125035e-12,-2.065768725192647e-12,-9.174970325666819e-13,-1.0019853843951635e-12,-9.347074099265824e-13,-1.9674423160610667e-12,-6.407368851624683e-12,1.2135199096797923e-11,-3.542499369979216e-12,5.98855847832026e-12,-3.425992601305645e-12,1.0,True,False,1,True,True,0.0019136000046273693,1,1.2346941379384694e-10,1.0246002022868926e-11,`gtol` termination condition is satisfied.,True,True,0.010000000000001563,1.5738799152842375e-13,1.0,9.391480169292805e-15,8.863643114601738e-15,1.2346197659692252e-10,1.0246380110736019e-11
22.96000000000079,1786132522.360853,0.007302400001208298,0.0048113000084413216,0.01,TELEOP,0,,0.0,22.96000000000079,2296,0.08,0.0,0.0,0.0,0.0,0.17364817766693036,0.9848077530122081,0.08,0.0,0.0,0.0,0.0,0.17364817766693036,0.9848077530122081,0.006998816929891145,-0.22495249069560952,0.28023538868242587,-0.13000972298710123,0.011452291375236975,0.0858434372006431,0.9877232513415147,0.006998816929891145,-0.22495249069560952,0.28023538868242587,-0.13000972298710123,0.011452291375236975,0.0858434372006431,0.9877232513415147,0.006998816940044696,-0.22495249075682894,0.28023538878916754,-0.13000972298204433,0.011452291375702172,0.08584343720054728,0.9877232513421833,0.006998816940049647,-0.22495249075682616,0.28023538878916265,-0.1300097229820443,0.011452291375702712,0.08584343720054317,0.9877232513421836,0.006998816940049647,-0.22495249075682616,0.28023538878916265,-0.1300097229820443,0.011452291375702712,0.08584343720054317,0.9877232513421836,0.14289459867500995,-0.5114106861434556,0.7777399675562217,-0.07045882235020899,0.5252748074965435,-0.02379980516405522,0.14289459867507184,-0.5114106861434766,0.7777399675562693,-0.07045882235007074,0.5252748074965653,-0.023799805163916776,0.14289459867507184,-0.5114106861434766,0.7777399675562693,-0.07045882235007074,0.5252748074965653,-0.023799805163916776,-3.7642649424807374e-13,9.829982076507424e-13,-1.9401890194039065e-12,-9.435996533602691e-13,-9.40151371106645e-13,-9.596215850992745e-13,-1.5529176209704135e-12,-6.5981503661750745e-12,1.2557970578872097e-11,-2.6102620793583082e-12,6.183401328850883e-12,-2.4914175172688086e-12,1.0,True,False,1,True,True,0.0013457000022754073,1,1.2346941379384694e-10,1.0246002022868926e-11,`gtol` termination condition is satisfied.,True,True,0.010000000000001563,1.4804130143986072e-13,1.0,7.488536632497718e-15,8.328985260423605e-15,1.2346422169581216e-10,1.0246364238776474e-11
22.97000000000079,1786132522.3654373,0.005020099997636862,0.004375799995614216,0.01,TELEOP,0,,0.0,22.97000000000079,2297,0.08,0.0,0.0,0.0,0.0,0.17364817766693036,0.9848077530122081,0.08,0.0,0.0,0.0,0.0,0.17364817766693036,0.9848077530122081,0.006998816929891145,-0.22495249069560952,0.28023538868242587,-0.13000972298710123,0.011452291375236975,0.0858434372006431,0.9877232513415147,0.006998816929891145,-0.22495249069560952,0.28023538868242587,-0.13000972298710123,0.011452291375236975,0.0858434372006431,0.9877232513415147,0.006998816940044696,-0.22495249075682894,0.28023538878916754,-0.13000972298204433,0.011452291375702172,0.08584343720054728,0.9877232513421833,0.0069988169400494495,-0.2249524907568271,0.28023538878916443,-0.1300097229820442,0.01145229137570268,0.08584343720054342,0.9877232513421836,0.0069988169400494495,-0.2249524907568271,0.28023538878916443,-0.1300097229820442,0.01145229137570268,0.08584343720054342,0.9877232513421836,0.14289459867500995,-0.5114106861434556,0.7777399675562217,-0.07045882235020899,0.5252748074965435,-0.02379980516405522,0.14289459867506796,-0.5114106861434675,0.7777399675562512,-0.07045882235008034,0.5252748074965565,-0.023799805163926536,0.14289459867506796,-0.5114106861434675,0.7777399675562512,-0.07045882235008034,0.5252748074965565,-0.023799805163926536,-3.880402125210503e-13,9.156533675447086e-13,-1.8115819953955187e-12,-9.609736559562547e-13,-8.769167924607015e-13,-9.757953496540298e-13,-1.1613718272974747e-12,-6.734484010602336e-12,1.2860702400836777e-11,-1.7374002595982872e-12,6.323457864593356e-12,-1.6173764554752847e-12,1.0,True,False,1,True,True,0.0011660999880405143,1,1.2346941379384694e-10,1.0246002022868926e-11,`gtol` termination condition is satisfied.,True,True,0.010000000000001563,1.3844481117075702e-13,1.0,5.967549612523991e-15,7.827948779423657e-15,1.2346620901863234e-10,1.0246571107741703e-11
22.980000000000793,1786132522.369982,0.004574599995976314,0.004345800000010058,0.01,TELEOP,0,,0.0,22.980000000000793,2298,0.08,0.0,0.0,0.0,0.0,0.17364817766693036,0.9848077530122081,0.08,0.0,0.0,0.0,0.0,0.17364817766693036,0.9848077530122081,0.006998816929891145,-0.22495249069560952,0.28023538868242587,-0.13000972298710123,0.011452291375236975,0.0858434372006431,0.9877232513415147,0.006998816929891145,-0.22495249069560952,0.28023538868242587,-0.13000972298710123,0.011452291375236975,0.0858434372006431,0.9877232513415147,0.006998816940044696,-0.22495249075682894,0.28023538878916754,-0.13000972298204433,0.011452291375702172,0.08584343720054728,0.9877232513421833,0.006998816940049252,-0.2249524907568281,0.28023538878916615,-0.13000972298204413,0.011452291375702651,0.0858434372005437,0.9877232513421836,0.006998816940049252,-0.2249524907568281,0.28023538878916615,-0.13000972298204413,0.011452291375702651,0.0858434372005437,0.9877232513421836,0.14289459867500995,-0.5114106861434556,0.7777399675562217,-0.07045882235020899,0.5252748074965435,-0.02379980516405522,0.142894598675064,-0.5114106861434591,0.7777399675562344,-0.07045882235009004,0.5252748074965484,-0.023799805163936375,0.142894598675064,-0.5114106861434591,0.7777399675562344,-0.07045882235009004,0.5252748074965484,-0.023799805163936375,-3.959876621975365e-13,8.475984941128396e-13,-1.6811251155396421e-12,-9.702307769727073e-13,-8.128609551640457e-13,-9.838438322487727e-13,-7.947449676484999e-13,-6.805487343185823e-12,1.304568798558563e-11,-9.257121016451004e-13,6.405583729664573e-12,-8.048482594741625e-13,1.0,True,False,1,True,True,0.0011471999896457419,1,1.2346941379384694e-10,1.0246002022868926e-11,`gtol` termination condition is satisfied.,True,True,0.010000000000001563,1.286852568949115e-13,1.0,4.834334155415033e-15,7.2712205832104e-15,1.2346817587602454e-10,1.0246666014792278e-11
22.990000000000794,1786132522.3751404,0.004551700010779314,0.0049528000090504065,0.01,TELEOP,0,,0.0,22.990000000000794,2299,0.08,0.0,0.0,0.0,0.0,0.17364817766693036,0.9848077530122081,0.08,0.0,0.0,0.0,0.0,0.17364817766693036,0.9848077530122081,0.006998816929891145,-0.22495249069560952,0.28023538868242587,-0.13000972298710123,0.011452291375236975,0.0858434372006431,0.9877232513415147,0.006998816929891145,-0.22495249069560952,0.28023538868242587,-0.13000972298710123,0.011452291375236975,0.0858434372006431,0.9877232513415147,0.006998816940044696,-0.22495249075682894,0.28023538878916754,-0.13000972298204433,0.011452291375702172,0.08584343720054728,0.9877232513421833,0.0069988169400490505,-0.22495249075682894,0.28023538878916765,-0.130009722982044,0.011452291375702623,0.08584343720054398,0.9877232513421836,0.0069988169400490505,-0.22495249075682894,0.28023538878916765,-0.130009722982044,0.011452291375702623,0.08584343720054398,0.9877232513421836,0.14289459867500995,-0.5114106861434556,0.7777399675562217,-0.07045882235020899,0.5252748074965435,-0.02379980516405522,0.14289459867506,-0.5114106861434513,0.7777399675562189,-0.07045882235009976,0.525274807496541,-0.023799805163946218,0.14289459867506,-0.5114106861434513,0.7777399675562189,-0.07045882235009976,0.525274807496541,-0.023799805163946218,-4.005165415447074e-13,7.793553497258826e-13,-1.5498977203440885e-12,-9.71979961739411e-13,-7.485148903644976e-13,-9.843887249357995e-13,-4.5288793471702174e-13,-6.824314438694637e-12,1.3122739519553316e-11,-1.749184766703361e-13,6.434606479953805e-12,-5.448926870266298e-14,1.0,True,False,1,True,True,0.001516900010756217,1,1.2346941379384694e-10,1.0246002022868926e-11,`gtol` termination condition is satisfied.,True,True,0.010000000000001563,1.189465193007777e-13,1.0,4.355571118494077e-15,6.760117464380969e-15,1.2346986791631868e-10,1.0246927397513785e-11
23.000000000000796,1786132522.3797681,0.0051730999985011294,0.004406899999594316,0.01,TELEOP,0,,0.0,23.000000000000796,2300,0.08,0.0,0.0,0.0,0.0,0.17364817766693036,0.9848077530122081,0.08,0.0,0.0,0.0,0.0,0.17364817766693036,0.9848077530122081,0.006998816929891145,-0.22495249069560952,0.28023538868242587,-0.13000972298710123,0.011452291375236975,0.0858434372006431,0.9877232513415147,0.006998816929891145,-0.22495249069560952,0.28023538868242587,-0.13000972298710123,0.011452291375236975,0.0858434372006431,0.9877232513415147,0.006998816940044696,-0.22495249075682894,0.28023538878916754,-0.13000972298204433,0.011452291375702172,0.08584343720054728,0.9877232513421833,0.006998816940048801,-0.22495249075682985,0.2802353887891691,-0.13000972298204413,0.011452291375702583,0.08584343720054427,0.9877232513421836,0.006998816940048801,-0.22495249075682985,0.2802353887891691,-0.13000972298204413,0.011452291375702583,0.08584343720054427,0.9877232513421836,0.14289459867500995,-0.5114106861434556,0.7777399675562217,-0.07045882235020899,0.5252748074965435,-0.02379980516405522,0.14289459867505597,-0.5114106861434442,0.7777399675562047,-0.07045882235010943,0.5252748074965341,-0.023799805163956,0.14289459867505597,-0.5114106861434442,0.7777399675562047,-0.07045882235010943,0.5252748074965341,-0.023799805163956,-4.018924567180507e-13,7.11402216557022e-13,-1.4188121064531975e-12,-9.668372342578672e-13,-6.843653766142254e-13,-9.780529175359254e-13,-1.3759151733430834e-13,-6.795313316885002e-12,1.310856138908705e-11,5.142727481542856e-13,6.414951375026221e-12,6.33580739987311e-13,1.0,True,False,1,True,True,0.0011438999936217442,1,1.2346941379384694e-10,1.0246002022868926e-11,`gtol` termination condition is satisfied.,True,True,0.010000000000001563,1.0923206783530759e-13,1.0,4.4833645491575694e-15,6.144886243718727e-15,1.2347154925704963e-10,1.024663155249412e-11
23.010000000000797,1786132522.3844256,0.004692000002251007,0.004372800001874566,0.01,TELEOP,0,,0.0,23.010000000000797,2301,0.08,0.0,0.0,0.0,0.0,0.17364817766693036,0.9848077530122081,0.08,0.0,0.0,0.0,0.0,0.17364817766693036,0.9848077530122081,0.006998816929891145,-0.22495249069560952,0.28023538868242587,-0.13000972298710123,0.011452291375236975,0.0858434372006431,0.9877232513415147,0.006998816929891145,-0.22495249069560952,0.28023538868242587,-0.13000972298710123,0.011452291375236975,0.0858434372006431,0.9877232513415147,0.006998816940044696,-0.22495249075682894,0.28023538878916754,-0.13000972298204433,0.011452291375702172,0.08584343720054728,0.9877232513421833,0.006998816940048554,-0.22495249075683052,0.28023538878917037,-0.13000972298204408,0.011452291375702545,0.08584343720054452,0.9877232513421836,0.006998816940048554,-0.22495249075683052,0.28023538878917037,-0.13000972298204408,0.011452291375702545,0.08584343720054452,0.9877232513421836,0.14289459867500995,-0.5114106861434556,0.7777399675562217,-0.07045882235020899,0.5252748074965435,-0.02379980516405522,0.14289459867505197,-0.5114106861434378,0.7777399675561918,-0.07045882235011898,0.5252748074965279,-0.023799805163965654,0.14289459867505197,-0.5114106861434378,0.7777399675561918,-0.07045882235011898,0.5252748074965279,-0.023799805163965654,-4.0035888002676343e-13,6.44177519931677e-13,-1.2887816446121018e-12,-9.554058326066964e-13,-6.207815287648954e-13,-9.654531698099583e-13,1.5335766912870436e-13,-6.722469662533455e-12,1.3003046184107542e-11,1.1431401651168848e-12,6.3583847849320054e-12,1.2599747725965024e-12,1.0,True,False,1,True,True,0.0011175999970873818,1,1.2346941379384694e-10,1.0246002022868926e-11,`gtol` termination condition is satisfied.,True,True,0.010000000000001563,9.955924973326091e-14,1.0,5.040064046665467e-15,5.648173543613371e-15,1.2347296305614282e-10,1.024672577583484e-11
23.0200000000008,1786132522.3896368,0.004579799991915934,0.005004499995266087,0.01,TELEOP,0,,0.0,23.0200000000008,2302,0.08,0.0,0.0,0.0,0.0,0.17364817766693036,0.9848077530122081,0.08,0.0,0.0,0.0,0.0,0.17364817766693036,0.9848077530122081,0.006998816929891145,-0.22495249069560952,0.28023538868242587,-0.13000972298710123,0.011452291375236975,0.0858434372006431,0.9877232513415147,0.006998816929891145,-0.22495249069560952,0.28023538868242587,-0.13000972298710123,0.011452291375236975,0.0858434372006431,0.9877232513415147,0.006998816940044696,-0.22495249075682894,0.28023538878916754,-0.13000972298204433,0.011452291375702172,0.08584343720054728,0.9877232513421833,0.006998816940048318,-0.22495249075683116,0.28023538878917154,-0.13000972298204408,0.011452291375702502,0.08584343720054478,0.9877232513421835,0.006998816940048318,-0.22495249075683116,0.28023538878917154,-0.13000972298204408,0.011452291375702502,0.08584343720054478,0.9877232513421835,0.14289459867500995,-0.5114106861434556,0.7777399675562217,-0.07045882235020899,0.5252748074965435,-0.02379980516405522,0.142894598675048,-0.511410686143432,0.7777399675561801,-0.07045882235012836,0.5252748074965223,-0.023799805163975125,0.142894598675048,-0.511410686143432,0.7777399675561801,-0.07045882235012836,0.5252748074965223,-0.023799805163975125,-3.9617754383152013e-13,5.780831497314817e-13,-1.1606435913371728e-12,-9.382965491405e-13,-5.581788009183563e-13,-9.471982129588718e-13,4.181336195242662e-13,-6.609437020018491e-12,1.2813805327490897e-11,1.7109283466193756e-12,6.2602727846529275e-12,1.8254956851083678e-12,1.0,True,False,1,True,True,0.0011041999969165772,1,1.2346941379384694e-10,1.0246002022868926e-11,`gtol` termination condition is satisfied.,True,True,0.010000000000001563,9.001133172148457e-14,1.0,5.8330473478720454e-15,5.0792219963803174e-15,1.234742679698988e-10,1.0246652497230446e-11
23.0300000000008,1786132522.394546,0.005250999995041639,0.0046621000074082986,0.01,TELEOP,0,,0.0,23.0300000000008,2303,0.08,0.0,0.0,0.0,0.0,0.17364817766693036,0.9848077530122081,0.08,0.0,0.0,0.0,0.0,0.17364817766693036,0.9848077530122081,0.006998816929891145,-0.22495249069560952,0.28023538868242587,-0.13000972298710123,0.011452291375236975,0.0858434372006431,0.9877232513415147,0.006998816929891145,-0.22495249069560952,0.28023538868242587,-0.13000972298710123,0.011452291375236975,0.0858434372006431,0.9877232513415147,0.006998816940044696,-0.22495249075682894,0.28023538878916754,-0.13000972298204433,0.011452291375702172,0.08584343720054728,0.9877232513421833,0.006998816940048055,-0.22495249075683174,0.2802353887891726,-0.13000972298204402,0.011452291375702486,0.08584343720054508,0.9877232513421835,0.006998816940048055,-0.22495249075683174,0.2802353887891726,-0.13000972298204402,0.011452291375702486,0.08584343720054508,0.9877232513421835,0.14289459867500995,-0.5114106861434556,0.7777399675562217,-0.07045882235020899,0.5252748074965435,-0.02379980516405522,0.14289459867504412,-0.5114106861434269,0.7777399675561698,-0.07045882235013752,0.5252748074965173,-0.023799805163984365,0.14289459867504412,-0.5114106861434269,0.7777399675561698,-0.07045882235013752,0.5252748074965173,-0.023799805163984365,-3.8958836946293914e-13,5.13487505014601e-13,-1.0350883329472632e-12,-9.160981889089284e-13,-4.969380260013028e-13,-9.238870093322964e-13,6.589174368579983e-13,-6.459564471687059e-12,1.2555525838989e-11,2.219836023156805e-12,6.124077491704393e-12,2.3311203626571858e-12,1.0,True,False,1,True,True,0.0012069000076735392,1,1.2346941379384694e-10,1.0246002022868926e-11,`gtol` termination condition is satisfied.,True,True,0.010000000000001563,8.0629947163402e-14,1.0,6.682468261244509e-15,4.536931408824566e-15,1.2347544709690903e-10,1.0246749195976751e-11
23.040000000000802,1786132522.3990028,0.004874400008702651,0.004244499999913387,0.01,TELEOP,0,,0.0,23.040000000000802,2304,0.08,0.0,0.0,0.0,0.0,0.17364817766693036,0.9848077530122081,0.08,0.0,0.0,0.0,0.0,0.17364817766693036,0.9848077530122081,0.006998816929891145,-0.22495249069560952,0.28023538868242587,-0.13000972298710123,0.011452291375236975,0.0858434372006431,0.9877232513415147,0.006998816929891145,-0.22495249069560952,0.28023538868242587,-0.13000972298710123,0.011452291375236975,0.0858434372006431,0.9877232513415147,0.006998816940044696,-0.22495249075682894,0.28023538878916754,-0.13000972298204433,0.011452291375702172,0.08584343720054728,0.9877232513421833,0.006998816940047808,-0.22495249075683232,0.2802353887891735,-0.13000972298204402,0.011452291375702455,0.08584343720054533,0.9877232513421835,0.006998816940047808,-0.22495249075683232,0.2802353887891735,-0.13000972298204402,0.011452291375702455,0.08584343720054533,0.9877232513421835,0.14289459867500995,-0.5114106861434556,0.7777399675562217,-0.07045882235020899,0.5252748074965435,-0.02379980516405522,0.1428945986750403,-0.5114106861434223,0.7777399675561607,-0.07045882235014642,0.525274807496513,-0.023799805163993326,0.1428945986750403,-0.5114106861434223,0.7777399675561607,-0.07045882235014642,0.525274807496513,-0.023799805163993326,-3.8084983421799784e-13,4.5072828491768587e-13,-9.128258223891424e-13,-8.893890392847389e-13,-4.373312020420504e-13,-8.961023384849817e-13,8.738535244939932e-13,-6.275922009690534e-12,1.2226251055810165e-11,2.6709149624185377e-12,5.9606823959243084e-12,2.7784670847310346e-12,1.0,True,False,1,True,True,0.001102900001569651,1,1.2346941379384694e-10,1.0246002022868926e-11,`gtol` termination condition is satisfied.,True,True,0.010000000000001563,7.147060721024445e-14,1.0,7.512076953250924e-15,4.03483230307941e-15,1.2347648368073807e-10,1.0246733769286278e-11
23.050000000000804,1786132522.403335,0.004440100005012937,0.004136900010053068,0.01,TELEOP,0,,0.0,23.050000000000804,2305,0.08,0.0,0.0,0.0,0.0,0.17364817766693036,0.9848077530122081,0.08,0.0,0.0,0.0,0.0,0.17364817766693036,0.9848077530122081,0.006998816929891145,-0.22495249069560952,0.28023538868242587,-0.13000972298710123,0.011452291375236975,0.0858434372006431,0.9877232513415147,0.006998816929891145,-0.22495249069560952,0.28023538868242587,-0.13000972298710123,0.011452291375236975,0.0858434372006431,0.9877232513415147,0.006998816940044696,-0.22495249075682894,0.28023538878916754,-0.13000972298204433,0.011452291375702172,0.08584343720054728,0.9877232513421833,0.006998816940047548,-0.22495249075683274,0.28023538878917426,-0.1300097229820439,0.01145229137570242,0.08584343720054557,0.9877232513421835,0.006998816940047548,-0.22495249075683274,0.28023538878917426,-0.1300097229820439,0.01145229137570242,0.08584343720054557,0.9877232513421835,0.14289459867500995,-0.5114106861434556,0.7777399675562217,-0.07045882235020899,0.5252748074965435,-0.02379980516405522,0.14289459867503662,-0.5114106861434184,0.7777399675561527,-0.070458822350155,0.5252748074965092,-0.02379980516400197,0.14289459867503662,-0.5114106861434184,0.7777399675561527,-0.070458822350155,0.5252748074965092,-0.02379980516400197,-3.7019887561892556e-13,3.9003794816151177e-13,-7.944297510428612e-13,-8.587281090842248e-13,-3.7968475938770955e-13,-8.644097364048759e-13,1.0650958599070628e-12,-6.069033675616459e-12,1.1839607134626263e-11,3.0660930200509223e-12,5.764644265433184e-12,3.1692602080100918e-12,1.0,True,False,1,True,True,0.0010763000027509406,1,1.2346941379384694e-10,1.0246002022868926e-11,`gtol` termination condition is satisfied.,True,True,0.010000000000001563,6.257494522543539e-14,1.0,8.228513016281566e-15,3.581733329725942e-15,1.2347734057164727e-10,1.0246884892788769e-11
23.060000000000805,1786132522.408658,0.004355599987320602,0.0051045000000158325,0.01,TELEOP,0,,0.0,23.060000000000805,2306,0.08,0.0,0.0,0.0,0.0,0.17364817766693036,0.9848077530122081,0.08,0.0,0.0,0.0,0.0,0.17364817766693036,0.9848077530122081,0.006998816929891145,-0.22495249069560952,0.28023538868242587,-0.13000972298710123,0.011452291375236975,0.0858434372006431,0.9877232513415147,0.006998816929891145,-0.22495249069560952,0.28023538868242587,-0.13000972298710123,0.011452291375236975,0.0858434372006431,0.9877232513415147,0.006998816940044696,-0.22495249075682894,0.28023538878916754,-0.13000972298204433,0.011452291375702172,0.08584343720054728,0.9877232513421833,0.006998816940047305,-0.22495249075683313,0.280235388789175,-0.13000972298204405,0.011452291375702384,0.08584343720054582,0.9877232513421835,0.006998816940047305,-0.22495249075683313,0.280235388789175,-0.13000972298204405,0.011452291375702384,0.08584343720054582,0.9877232513421835,0.14289459867500995,-0.5114106861434556,0.7777399675562217,-0.07045882235020899,0.5252748074965435,-0.02379980516405522,0.14289459867503304,-0.5114106861434151,0.7777399675561459,-0.07045882235016325,0.525274807496506,-0.02379980516401026,0.14289459867503304,-0.5114106861434151,0.7777399675561459,-0.07045882235016325,0.525274807496506,-0.02379980516401026,-3.578719610997211e-13,3.3170668072794423e-13,-6.803489038523118e-13,-8.246567351135885e-13,-3.242208270353103e-13,-8.29356523138864e-13,1.2326914519202555e-12,-5.833126743355845e-12,1.1408084719053165e-11,3.4071373970631074e-12,5.546393235239061e-12,3.5053213266006306e-12,1.0,True,False,1,True,True,0.0017367999971611425,1,1.2346941379384694e-10,1.0246002022868926e-11,`gtol` termination condition is satisfied.,True,True,0.010000000000001563,6.894484982922222e-14,1.0,8.927679160369683e-15,3.026155526410449e-15,1.2347813713794467e-10,1.0246646232202527e-11
23.070000000000807,1786132522.413227,0.0053229000041028485,0.004350100003648549,0.01,TELEOP,0,,0.0,23.070000000000807,2307,0.08,0.0,0.0,0.0,0.0,0.17364817766693036,0.9848077530122081,0.08,0.0,0.0,0.0,0.0,0.17364817766693036,0.9848077530122081,0.006998816929891145,-0.22495249069560952,0.28023538868242587,-0.13000972298710123,0.011452291375236975,0.0858434372006431,0.9877232513415147,0.006998816929891145,-0.22495249069560952,0.28023538868242587,-0.13000972298710123,0.011452291375236975,0.0858434372006431,0.9877232513415147,0.006998816940044696,-0.22495249075682894,0.28023538878916754,-0.13000972298204433,0.011452291375702172,0.08584343720054728,0.9877232513421833,0.0069988169400470625,-0.2249524907568335,0.2802353887891755,-0.13000972298204388,0.01145229137570237,0.08584343720054606,0.9877232513421835,0.0069988169400470625,-0.2249524907568335,0.2802353887891755,-0.13000972298204388,0.01145229137570237,0.08584343720054606,0.9877232513421835,0.14289459867500995,-0.5114106861434556,0.7777399675562217,-0.07045882235020899,0.5252748074965435,-0.02379980516405522,0.1428945986750296,-0.5114106861434123,0.7777399675561403,-0.07045882235017113,0.5252748074965033,-0.023799805164018174,0.1428945986750296,-0.5114106861434123,0.7777399675561403,-0.07045882235017113,0.5252748074965033,-0.023799805164018174,-3.440858524748833e-13,2.759233876125386e-13,-5.710717658372162e-13,-7.877000548364478e-13,-2.7114302323213007e-13,-7.914660927733743e-13,1.3786108624835606e-12,-5.57832931153969e-12,1.0927713801507855e-11,3.695668027713484e-12,5.30778038031719e-12,3.789043036548389e-12,1.0,True,False,1,True,True,0.0011112999927718192,1,1.2346941379384694e-10,1.0246002022868926e-11,`gtol` termination condition is satisfied.,True,True,0.010000000000001563,7.571721027943568e-14,1.0,9.451560585570898e-15,2.658978752668967e-15,1.234787279814476e-10,1.0246912500741252e-11
23.08000000000081,1786132522.417593,0.004550400000880472,0.004165999998804182,0.01,TELEOP,0,,0.0,23.08000000000081,2308,0.08,0.0,0.0,0.0,0.0,0.17364817766693036,0.9848077530122081,0.08,0.0,0.0,0.0,0.0,0.17364817766693036,0.9848077530122081,0.006998816929891145,-0.22495249069560952,0.28023538868242587,-0.13000972298710123,0.011452291375236975,0.0858434372006431,0.9877232513415147,0.006998816929891145,-0.22495249069560952,0.28023538868242587,-0.13000972298710123,0.011452291375236975,0.0858434372006431,0.9877232513415147,0.006998816940044696,-0.22495249075682894,0.28023538878916754,-0.13000972298204433,0.011452291375702172,0.08584343720054728,0.9877232513421833,0.006998816940046809,-0.2249524907568338,0.280235388789176,-0.13000972298204397,0.011452291375702335,0.08584343720054628,0.9877232513421835,0.006998816940046809,-0.2249524907568338,0.280235388789176,-0.13000972298204397,0.011452291375702335,0.08584343720054628,0.9877232513421835,0.14289459867500995,-0.5114106861434556,0.7777399675562217,-0.07045882235020899,0.5252748074965435,-0.02379980516405522,0.1428945986750263,-0.5114106861434101,0.7777399675561356,-0.07045882235017861,0.5252748074965011,-0.023799805164025686,0.1428945986750263,-0.5114106861434101,0.7777399675561356,-0.07045882235017861,0.5252748074965011,-0.023799805164025686,-3.2905852277965823e-13,2.2286123172788744e-13,-4.669690161111652e-13,-7.483490816137639e-13,-2.2063799803817337e-13,-7.51237497926254e-13,1.5027329695222728e-12,-5.306215588464287e-12,1.0410274972603466e-11,3.935097322267771e-12,5.050502519394881e-12,4.022859484711404e-12,1.0,True,False,1,True,True,0.0010779000003822148,1,1.2346941379384694e-10,1.0246002022868926e-11,`gtol` termination condition is satisfied.,True,True,0.010000000000001563,8.137934770502397e-14,1.0,9.962512542681777e-15,2.2027394191096033e-15,1.2347929044573694e-10,1.0246731084848607e-11
23.09000000000081,1786132522.422574,0.004365600005257875,0.004782000003615394,0.01,TELEOP,0,,0.0,23.09000000000081,2309,0.08,0.0,0.0,0.0,0.0,0.17364817766693036,0.9848077530122081,0.08,0.0,0.0,0.0,0.0,0.17364817766693036,0.9848077530122081,0.006998816929891145,-0.22495249069560952,0.28023538868242587,-0.13000972298710123,0.011452291375236975,0.0858434372006431,0.9877232513415147,0.006998816929891145,-0.22495249069560952,0.28023538868242587,-0.13000972298710123,0.011452291375236975,0.0858434372006431,0.9877232513415147,0.006998816940044696,-0.22495249075682894,0.28023538878916754,-0.13000972298204433,0.011452291375702172,0.08584343720054728,0.9877232513421833,0.006998816940046566,-0.22495249075683402,0.28023538878917637,-0.13000972298204388,0.011452291375702313,0.08584343720054646,0.9877232513421834,0.006998816940046566,-0.22495249075683402,0.28023538878917637,-0.13000972298204388,0.011452291375702313,0.08584343720054646,0.9877232513421834,0.14289459867500995,-0.5114106861434556,0.7777399675562217,-0.07045882235020899,0.5252748074965435,-0.02379980516405522,0.14289459867502316,-0.5114106861434083,0.777739967556132,-0.07045882235018569,0.5252748074964994,-0.023799805164032777,0.14289459867502316,-0.5114106861434083,0.777739967556132,-0.07045882235018569,0.5252748074964994,-0.023799805164032777,-3.12989780629688e-13,1.7267894574386717e-13,-3.6830334504046266e-13,-7.070828230843506e-13,-1.7279974852062298e-13,-7.091450688643242e-13,1.6068742149967748e-12,-5.018228598401244e-12,9.866567107068714e-12,4.126625852940682e-12,4.7838249517542915e-12,4.209242906192317e-12,1.0,True,False,1,True,True,0.0010899000044446439,1,1.2346941379384694e-10,1.0246002022868926e-11,`gtol` termination condition is satisfied.,True,True,0.010000000000001563,8.604228440844963e-14,1.0,1.03536999365011e-14,1.9164731020095683e-15,1.234797165001065e-10,1.0246886616836162e-11
23.10000000000081,1786132522.4273095,0.005024400001275353,0.00449220000882633,0.01,TELEOP,0,,0.0,23.10000000000081,2310,0.08,0.0,0.0,0.0,0.0,0.17364817766693036,0.9848077530122081,0.08,0.0,0.0,0.0,0.0,0.17364817766693036,0.9848077530122081,0.006998816929891145,-0.22495249069560952,0.28023538868242587,-0.13000972298710123,0.011452291375236975,0.0858434372006431,0.9877232513415147,0.006998816929891145,-0.22495249069560952,0.28023538868242587,-0.13000972298710123,0.011452291375236975,0.0858434372006431,0.9877232513415147,0.006998816940044696,-0.22495249075682894,0.28023538878916754,-0.13000972298204433,0.011452291375702172,0.08584343720054728,0.9877232513421833,0.006998816940046337,-0.22495249075683413,0.28023538878917664,-0.13000972298204394,0.011452291375702287,0.08584343720054666,0.9877232513421834,0.006998816940046337,-0.22495249075683413,0.28023538878917664,-0.13000972298204394,0.011452291375702287,0.08584343720054666,0.9877232513421834,0.14289459867500995,-0.5114106861434556,0.7777399675562217,-0.07045882235020899,0.5252748074965435,-0.02379980516405522,0.1428945986750202,-0.5114106861434071,0.7777399675561292,-0.07045882235019234,0.525274807496498,-0.023799805164039435,0.1428945986750202,-0.5114106861434071,0.7777399675561292,-0.07045882235019234,0.525274807496498,-0.023799805164039435,-2.9608205862793314e-13,1.2544493578670997e-13,-2.7531555212755356e-13,-6.643403695837873e-13,-1.2771443865772982e-13,-6.656356550229765e-13,1.6907722001752219e-12,-4.723400995714982e-12,9.298779291289456e-12,4.2742453500556675e-12,4.508530986288611e-12,4.3509413841340955e-12,1.0,True,False,1,True,True,0.0011513000063132495,1,1.2346941379384694e-10,1.0246002022868926e-11,`gtol` termination condition is satisfied.,True,True,0.010000000000001563,8.970602038971265e-14,1.0,1.0607161562981506e-14,1.5226694033545668e-15,1.2347999266779994e-10,1.0246763591854153e-11
23.110000000000813,1786132522.4317498,0.0047338000003946945,0.0041991000034613535,0.01,TELEOP,0,,0.0,23.110000000000813,2311,0.08,0.0,0.0,0.0,0.0,0.17364817766693036,0.9848077530122081,0.08,0.0,0.0,0.0,0.0,0.17364817766693036,0.9848077530122081,0.006998816929891145,-0.22495249069560952,0.28023538868242587,-0.13000972298710123,0.011452291375236975,0.0858434372006431,0.9877232513415147,0.006998816929891145,-0.22495249069560952,0.28023538868242587,-0.13000972298710123,0.011452291375236975,0.0858434372006431,0.9877232513415147,0.006998816940044696,-0.22495249075682894,0.28023538878916754,-0.13000972298204433,0.011452291375702172,0.08584343720054728,0.9877232513421833,0.006998816940046112,-0.2249524907568343,0.28023538878917675,-0.13000972298204383,0.011452291375702268,0.08584343720054687,0.9877232513421834,0.006998816940046112,-0.2249524907568343,0.28023538878917675,-0.13000972298204383,0.011452291375702268,0.08584343720054687,0.9877232513421834,0.14289459867500995,-0.5114106861434556,0.7777399675562217,-0.07045882235020899,0.5252748074965435,-0.02379980516405522,0.14289459867501741,-0.5114106861434063,0.7777399675561273,-0.07045882235019854,0.5252748074964971,-0.023799805164045645,0.14289459867501741,-0.5114106861434063,0.7777399675561273,-0.07045882235019854,0.5252748074964971,-0.023799805164045645,-2.7852091999377423e-13,8.129900629328324e-14,-1.8814927142852466e-13,-6.205434952916436e-13,-8.546105209622391e-14,-6.211285057372972e-13,1.7561138634156185e-12,-4.414592949341982e-12,8.716628069901526e-12,4.3796874292136896e-12,4.225338656149931e-12,4.450714928567239e-12,1.0,True,False,1,True,True,0.0010738999990280718,1,1.2346941379384694e-10,1.0246002022868926e-11,`gtol` termination condition is satisfied.,True,True,0.010000000000001563,9.248157795127554e-14,1.0,1.0752339475183436e-14,1.3592126469621802e-15,1.234801526739349e-10,1.0246973953685254e-11
23.120000000000815,1786132522.4361382,0.004401300000608899,0.004186000005574897,0.01,TELEOP,0,,0.0,23.120000000000815,2312,0.08,0.0,0.0,0.0,0.0,0.17364817766693036,0.9848077530122081,0.08,0.0,0.0,0.0,0.0,0.17364817766693036,0.9848077530122081,0.006998816929891145,-0.22495249069560952,0.28023538868242587,-0.13000972298710123,0.011452291375236975,0.0858434372006431,0.9877232513415147,0.006998816929891145,-0.22495249069560952,0.28023538868242587,-0.13000972298710123,0.011452291375236975,0.0858434372006431,0.9877232513415147,0.006998816940044696,-0.22495249075682894,0.28023538878916754,-0.13000972298204433,0.011452291375702172,0.08584343720054728,0.9877232513421833,0.00699881694004589,-0.22495249075683432,0.2802353887891769,-0.13000972298204388,0.011452291375702245,0.08584343720054702,0.9877232513421834,0.00699881694004589,-0.22495249075683432,0.2802353887891769,-0.13000972298204388,0.011452291375702245,0.08584343720054702,0.9877232513421834,0.14289459867500995,-0.5114106861434556,0.7777399675562217,-0.07045882235020899,0.5252748074965435,-0.02379980516405522,0.1428945986750148,-0.5114106861434059,0.7777399675561262,-0.0704588223502043,0.5252748074964967,-0.023799805164051405,0.1428945986750148,-0.5114106861434059,0.7777399675561262,-0.0704588223502043,0.5252748074964967,-0.023799805164051405,-2.604957390502653e-13,4.02922125095609e-14,-1.0693616749478886e-13,-5.76088463891836e-13,-4.611199051227442e-14,-5.760175702504265e-13,1.8025180943506062e-12,-4.100679378371593e-12,8.121310393372311e-12,4.445503139980066e-12,3.934906158394334e-12,4.511093548686367e-12,1.0,True,False,1,True,True,0.0010923000081675127,1,1.2346941379384694e-10,1.0246002022868926e-11,`gtol` termination condition is satisfied.,True,True,0.010000000000001563,9.43689570931383e-14,1.0,1.0882486561824101e-14,1.0916857894134038e-15,1.2348029214652e-10,1.024685315521522e-11
23.130000000000816,1786132522.4412498,0.004379799996968359,0.004917800004477613,0.01,TELEOP,0,,0.0,23.130000000000816,2313,0.08,0.0,0.0,0.0,0.0,0.17364817766693036,0.9848077530122081,0.08,0.0,0.0,0.0,0.0,0.17364817766693036,0.9848077530122081,0.006998816929891145,-0.22495249069560952,0.28023538868242587,-0.13000972298710123,0.011452291375236975,0.0858434372006431,0.9877232513415147,0.006998816929891145,-0.22495249069560952,0.28023538868242587,-0.13000972298710123,0.011452291375236975,0.0858434372006431,0.9877232513415147,0.006998816940044696,-0.22495249075682894,0.28023538878916754,-0.13000972298204433,0.011452291375702172,0.08584343720054728,0.9877232513421833,0.006998816940045682,-0.22495249075683438,0.280235388789177,-0.13000972298204386,0.011452291375702228,0.08584343720054717,0.9877232513421834,0.006998816940045682,-0.22495249075683438,0.280235388789177,-0.13000972298204386,0.011452291375702228,0.08584343720054717,0.9877232513421834,0.14289459867500995,-0.5114106861434556,0.7777399675562217,-0.07045882235020899,0.5252748074965435,-0.02379980516405522,0.1428945986750124,-0.5114106861434059,0.7777399675561258,-0.07045882235020962,0.5252748074964966,-0.023799805164056713,0.1428945986750124,-0.5114106861434059,0.7777399675561258,-0.07045882235020962,0.5252748074964966,-0.023799805164056713,-2.4216083422158413e-13,2.3942562565311422e-15,-3.171983401065339e-14,-5.313385170946213e-13,-9.733622109036415e-15,-5.306663780400706e-13,1.8334904828678318e-12,-3.7897956253023836e-12,7.52163334841237e-12,4.474994679720767e-12,3.637836840323232e-12,4.5351192210348755e-12,1.0,True,False,1,True,True,0.0013746000040555373,1,1.2346941379384694e-10,1.0246002022868926e-11,`gtol` termination condition is satisfied.,True,True,0.010000000000001563,9.547918011776346e-14,1.0,1.0937114418842997e-14,1.0318254956000375e-15,1.2348035054187256e-10,1.0246899702116129e-11
23.140000000000818,1786132522.44577,0.005134699997142889,0.004303499998059124,0.01,TELEOP,0,,0.0,23.140000000000818,2314,0.08,0.0,0.0,0.0,0.0,0.17364817766693036,0.9848077530122081,0.08,0.0,0.0,0.0,0.0,0.17364817766693036,0.9848077530122081,0.006998816929891145,-0.22495249069560952,0.28023538868242587,-0.13000972298710123,0.011452291375236975,0.0858434372006431,0.9877232513415147,0.006998816929891145,-0.22495249069560952,0.28023538868242587,-0.13000972298710123,0.011452291375236975,0.0858434372006431,0.9877232513415147,0.006998816940044696,-0.22495249075682894,0.28023538878916754,-0.13000972298204433,0.011452291375702172,0.08584343720054728,0.9877232513421833,0.00699881694004548,-0.22495249075683427,0.2802353887891769,-0.13000972298204388,0.011452291375702214,0.08584343720054731,0.9877232513421834,0.00699881694004548,-0.22495249075683427,0.2802353887891769,-0.13000972298204388,0.011452291375702214,0.08584343720054731,0.9877232513421834,0.14289459867500995,-0.5114106861434556,0.7777399675562217,-0.07045882235020899,0.5252748074965435,-0.02379980516405522,0.14289459867501014,-0.5114106861434062,0.7777399675561262,-0.07045882235021449,0.5252748074964968,-0.023799805164061567,0.14289459867501014,-0.5114106861434062,0.7777399675561262,-0.07045882235021449,0.5252748074964968,-0.023799805164061567,-2.2367693876851543e-13,-3.2345536975412314e-14,3.7459768146600083e-14,-4.86626626467735e-13,2.3690314415085814e-14,-4.854081644607938e-13,1.84838954530658e-12,-3.4739793231938024e-12,6.9179602157242655e-12,4.471189062687932e-12,3.3423936524117008e-12,4.525821357926982e-12,1.0,True,False,1,True,True,0.0011076999944634736,1,1.2346941379384694e-10,1.0246002022868926e-11,`gtol` termination condition is satisfied.,True,True,0.010000000000001563,9.581224702515101e-14,1.0,1.0817771203029004e-14,9.514607400766676e-16,1.2348023095558072e-10,1.0246836843255476e-11
23.15000000000082,1786132522.4501736,0.004510800004936755,0.004196400012006052,0.01,TELEOP,0,,0.0,23.15000000000082,2315,0.08,0.0,0.0,0.0,0.0,0.17364817766693036,0.9848077530122081,0.08,0.0,0.0,0.0,0.0,0.17364817766693036,0.9848077530122081,0.006998816929891145,-0.22495249069560952,0.28023538868242587,-0.13000972298710123,0.011452291375236975,0.0858434372006431,0.9877232513415147,0.006998816929891145,-0.22495249069560952,0.28023538868242587,-0.13000972298710123,0.011452291375236975,0.0858434372006431,0.9877232513415147,0.006998816940044696,-0.22495249075682894,0.28023538878916754,-0.13000972298204433,0.011452291375702172,0.08584343720054728,0.9877232513421833,0.0069988169400453,-0.22495249075683424,0.2802353887891768,-0.13000972298204397,0.011452291375702183,0.08584343720054746,0.9877232513421834,0.0069988169400453,-0.22495249075683424,0.2802353887891768,-0.13000972298204397,0.011452291375702183,0.08584343720054746,0.9877232513421834,0.14289459867500995,-0.5114106861434556,0.7777399675562217,-0.07045882235020899,0.5252748074965435,-0.02379980516405522,0.1428945986750081,-0.5114106861434069,0.7777399675561272,-0.07045882235021891,0.5252748074964974,-0.023799805164065973,0.1428945986750081,-0.5114106861434069,0.7777399675561272,-0.07045882235021891,0.5252748074964974,-0.023799805164065973,-2.0517211680815667e-13,-6.395905097456309e-14,1.0064310699395124e-13,-4.4225801594826787e-13,5.417472525322169e-14,-4.4055080459244066e-13,1.8504821960355867e-12,-3.1613513999145828e-12,6.318333884734129e-12,4.4368610519460235e-12,3.048441083813111e-12,4.485735986834612e-12,1.0,True,False,1,True,True,0.0010963999957311898,1,1.2346941379384694e-10,1.0246002022868926e-11,`gtol` termination condition is satisfied.,True,True,0.010000000000001563,9.547918011776346e-14,1.0,1.0696167096891669e-14,8.522583845655964e-16,1.2348010637679694e-10,1.024665920260277e-11
23.16000000000082,1786132522.4560199,0.004424499988090247,0.005618600000161678,0.01,TELEOP,0,,0.0,23.16000000000082,2316,0.08,0.0,0.0,0.0,0.0,0.17364817766693036,0.9848077530122081,0.08,0.0,0.0,0.0,0.0,0.17364817766693036,0.9848077530122081,0.006998816929891145,-0.22495249069560952,0.28023538868242587,-0.13000972298710123,0.011452291375236975,0.0858434372006431,0.9877232513415147,0.006998816929891145,-0.22495249069560952,0.28023538868242587,-0.13000972298710123,0.011452291375236975,0.0858434372006431,0.9877232513415147,0.006998816940044696,-0.22495249075682894,0.28023538878916754,-0.13000972298204433,0.011452291375702172,0.08584343720054728,0.9877232513421833,0.006998816940045123,-0.22495249075683416,0.28023538878917675,-0.13000972298204397,0.011452291375702176,0.0858434372005476,0.9877232513421834,0.006998816940045123,-0.22495249075683416,0.28023538878917675,-0.13000972298204397,0.011452291375702176,0.0858434372005476,0.9877232513421834,0.14289459867500995,-0.5114106861434556,0.7777399675562217,-0.07045882235020899,0.5252748074965435,-0.02379980516405522,0.14289459867500623,-0.5114106861434078,0.7777399675561287,-0.0704588223502229,0.5252748074964981,-0.023799805164069935,0.14289459867500623,-0.5114106861434078,0.7777399675561287,-0.0704588223502229,0.5252748074964981,-0.023799805164069935,-1.8678303515313578e-13,-9.247551254685698e-14,1.578672782136315e-13,-3.985124741452197e-13,8.173327441573983e-14,-3.963716985818802e-13,1.8389081655018013e-12,-2.851646157228945e-12,5.72241712196713e-12,4.374554180304131e-12,2.755854916251383e-12,4.4179106010553565e-12,1.0,True,False,1,True,True,0.0010806999925989658,1,1.2346941379384694e-10,1.0246002022868926e-11,`gtol` termination condition is satisfied.,True,True,0.010000000000001563,9.447997939560082e-14,1.0,1.0598283671006755e-14,9.986127082787928e-16,1.2348000255012209e-10,1.0246652783109497e-11
23.170000000000822,1786132522.460876,0.005856000003404915,0.004617699989466928,0.01,TELEOP,0,,0.0,23.170000000000822,2317,0.08,0.0,0.0,0.0,0.0,0.17364817766693036,0.9848077530122081,0.08,0.0,0.0,0.0,0.0,0.17364817766693036,0.9848077530122081,0.006998816929891145,-0.22495249069560952,0.28023538868242587,-0.13000972298710123,0.011452291375236975,0.0858434372006431,0.9877232513415147,0.006998816929891145,-0.22495249069560952,0.28023538868242587,-0.13000972298710123,0.011452291375236975,0.0858434372006431,0.9877232513415147,0.006998816940044696,-0.22495249075682894,0.28023538878916754,-0.13000972298204433,0.011452291375702172,0.08584343720054728,0.9877232513421833,0.00699881694004495,-0.22495249075683404,0.2802353887891765,-0.13000972298204402,0.011452291375702157,0.08584343720054768,0.9877232513421833,0.00699881694004495,-0.22495249075683404,0.2802353887891765,-0.13000972298204402,0.011452291375702157,0.08584343720054768,0.9877232513421833,0.14289459867500995,-0.5114106861434556,0.7777399675562217,-0.07045882235020899,0.5252748074965435,-0.02379980516405522,0.14289459867500454,-0.511410686143409,0.7777399675561308,-0.07045882235022645,0.5252748074964992,-0.023799805164073467,0.14289459867500454,-0.511410686143409,0.7777399675561308,-0.07045882235022645,0.5252748074964992,-0.023799805164073467,-1.6863497171502838e-13,-1.1799881175222307e-13,2.0924338500217412e-13,-3.556464739501738e-13,1.0645558606663268e-13,-3.5312272055891447e-13,1.8148063438104562e-12,-2.5523299205362093e-12,5.1376106788534604e-12,4.28660001950392e-12,2.4722311650888977e-12,4.3248978022958966e-12,1.0,True,False,1,True,True,0.0011841000086860731,1,1.2346941379384694e-10,1.0246002022868926e-11,`gtol` termination condition is satisfied.,True,True,0.010000000000001563,9.29256671611256e-14,1.0,1.029665515226272e-14,1.0227692800973594e-15,1.2347969328510157e-10,1.0246534797075031e-11
23.180000000000824,1786132522.4653325,0.00482640000700485,0.004248000012012199,0.01,TELEOP,0,,0.0,23.180000000000824,2318,0.08,0.0,0.0,0.0,0.0,0.17364817766693036,0.9848077530122081,0.08,0.0,0.0,0.0,0.0,0.17364817766693036,0.9848077530122081,0.006998816929891145,-0.22495249069560952,0.28023538868242587,-0.13000972298710123,0.011452291375236975,0.0858434372006431,0.9877232513415147,0.006998816929891145,-0.22495249069560952,0.28023538868242587,-0.13000972298710123,0.011452291375236975,0.0858434372006431,0.9877232513415147,0.006998816940044696,-0.22495249075682894,0.28023538878916754,-0.13000972298204433,0.011452291375702172,0.08584343720054728,0.9877232513421833,0.006998816940044804,-0.22495249075683393,0.2802353887891762,-0.130009722982044,0.011452291375702138,0.08584343720054778,0.9877232513421833,0.006998816940044804,-0.22495249075683393,0.2802353887891762,-0.130009722982044,0.011452291375702138,0.08584343720054778,0.9877232513421833,0.14289459867500995,-0.5114106861434556,0.7777399675562217,-0.07045882235020899,0.5252748074965435,-0.02379980516405522,0.14289459867500304,-0.5114106861434105,0.7777399675561334,-0.07045882235022959,0.5252748074965006,-0.023799805164076576,0.14289459867500304,-0.5114106861434105,0.7777399675561334,-0.07045882235022959,0.5252748074965006,-0.023799805164076576,-1.5082348987415682e-13,-1.4054708232444173e-13,2.5487327195640133e-13,-3.138854781611038e-13,1.283467168684054e-13,-3.1102511778988443e-13,1.781148184086878e-12,-2.254827057221514e-12,4.562988695422008e-12,4.176099578906351e-12,2.1891130801769324e-12,4.209760276902347e-12,1.0,True,False,1,True,True,0.0011031999893020838,1,1.2346941379384694e-10,1.0246002022868926e-11,`gtol` termination condition is satisfied.,True,True,0.010000000000001563,9.08162434143378e-14,1.0,9.99813530107287e-15,1.216555773137514e-15,1.2347938630260034e-10,1.0246583667129265e-11
23.190000000000826,1786132522.4702556,0.0044455999886849895,0.004725699996924959,0.01,TELEOP,0,,0.0,23.190000000000826,2319,0.08,0.0,0.0,0.0,0.0,0.17364817766693036,0.9848077530122081,0.08,0.0,0.0,0.0,0.0,0.17364817766693036,0.9848077530122081,0.006998816929891145,-0.22495249069560952,0.28023538868242587,-0.13000972298710123,0.011452291375236975,0.0858434372006431,0.9877232513415147,0.006998816929891145,-0.22495249069560952,0.28023538868242587,-0.13000972298710123,0.011452291375236975,0.0858434372006431,0.9877232513415147,0.006998816940044696,-0.22495249075682894,0.28023538878916754,-0.13000972298204433,0.011452291375702172,0.08584343720054728,0.9877232513421833,0.006998816940044672,-0.22495249075683377,0.2802353887891759,-0.1300097229820439,0.01145229137570213,0.08584343720054789,0.9877232513421833,0.006998816940044672,-0.22495249075683377,0.2802353887891759,-0.1300097229820439,0.01145229137570213,0.08584343720054789,0.9877232513421833,0.14289459867500995,-0.5114106861434556,0.7777399675562217,-0.07045882235020899,0.5252748074965435,-0.02379980516405522,0.1428945986750017,-0.511410686143412,0.7777399675561364,-0.07045882235023232,0.525274807496502,-0.023799805164079278,0.1428945986750017,-0.511410686143412,0.7777399675561364,-0.07045882235023232,0.525274807496502,-0.023799805164079278,-1.3345546410110519e-13,-1.6021404567396623e-13,2.9492739544455466e-13,-2.7342652365684114e-13,1.474884009161757e-13,-2.7027688159261373e-13,1.7368025773048902e-12,-1.9666963349521436e-12,4.005412348814707e-12,4.045895450425633e-12,1.9141684047767297e-12,4.074823619726433e-12,1.0,True,False,1,True,True,0.0010860000038519502,1,1.2346941379384694e-10,1.0246002022868926e-11,`gtol` termination condition is satisfied.,True,True,0.010000000000001563,8.826273045769994e-14,1.0,9.673953569958357e-15,1.497568362968564e-15,1.2347905293744683e-10,1.0246689001925454e-11
23.200000000000827,1786132522.475551,0.004933800009894185,0.0050872000138042495,0.01,TELEOP,0,,0.0,23.200000000000827,2320,0.08,0.0,0.0,0.0,0.0,0.17364817766693036,0.9848077530122081,0.08,0.0,0.0,0.0,0.0,0.17364817766693036,0.9848077530122081,0.006998816929891145,-0.22495249069560952,0.28023538868242587,-0.13000972298710123,0.011452291375236975,0.0858434372006431,0.9877232513415147,0.006998816929891145,-0.22495249069560952,0.28023538868242587,-0.13000972298710123,0.011452291375236975,0.0858434372006431,0.9877232513415147,0.006998816940044696,-0.22495249075682894,0.28023538878916754,-0.13000972298204433,0.011452291375702172,0.08584343720054728,0.9877232513421833,0.006998816940044544,-0.22495249075683357,0.28023538878917564,-0.13000972298204405,0.01145229137570212,0.08584343720054796,0.9877232513421833,0.006998816940044544,-0.22495249075683357,0.28023538878917564,-0.13000972298204405,0.01145229137570212,0.08584343720054796,0.9877232513421833,0.14289459867500995,-0.5114106861434556,0.7777399675562217,-0.07045882235020899,0.5252748074965435,-0.02379980516405522,0.14289459867500054,-0.5114106861434138,0.7777399675561397,-0.07045882235023466,0.5252748074965037,-0.02379980516408159,0.14289459867500054,-0.5114106861434138,0.7777399675561397,-0.07045882235023466,0.5252748074965037,-0.02379980516408159,-1.16609587955287e-13,-1.771627119148666e-13,3.295620071375222e-13,-2.3444059022367043e-13,1.640326599516226e-13,-2.3104745731763537e-13,1.6845876145815562e-12,-1.6948666240897712e-12,3.463461169296213e-12,3.898593343316461e-12,1.6544259035444288e-12,3.922942427497223e-12,1.0,True,False,1,True,True,0.0012706999987130985,1,1.2346941379384694e-10,1.0246002022868926e-11,`gtol` termination condition is satisfied.,True,True,0.010000000000001563,8.526512829121202e-14,1.0,9.337730139130528e-15,1.4888657736227948e-15,1.2347870609570693e-10,1.0246462970629084e-11
23.21000000000083,1786132522.480218,0.005352499996661209,0.004401699989102781,0.01,TELEOP,0,,0.0,23.21000000000083,2321,0.08,0.0,0.0,0.0,0.0,0.17364817766693036,0.9848077530122081,0.08,0.0,0.0,0.0,0.0,0.17364817766693036,0.9848077530122081,0.006998816929891145,-0.22495249069560952,0.28023538868242587,-0.13000972298710123,0.011452291375236975,0.0858434372006431,0.9877232513415147,0.006998816929891145,-0.22495249069560952,0.28023538868242587,-0.13000972298710123,0.011452291375236975,0.0858434372006431,0.9877232513415147,0.006998816940044696,-0.22495249075682894,0.28023538878916754,-0.13000972298204433,0.011452291375702172,0.08584343720054728,0.9877232513421833,0.006998816940044429,-0.22495249075683338,0.28023538878917525,-0.13000972298204405,0.011452291375702113,0.08584343720054803,0.9877232513421833,0.006998816940044429,-0.22495249075683338,0.28023538878917525,-0.13000972298204405,0.011452291375702113,0.08584343720054803,0.9877232513421833,0.14289459867500995,-0.5114106861434556,0.7777399675562217,-0.07045882235020899,0.5252748074965435,-0.02379980516405522,0.14289459867499954,-0.5114106861434157,0.7777399675561433,-0.07045882235023664,0.5252748074965055,-0.023799805164083525,0.14289459867499954,-0.5114106861434157,0.7777399675561433,-0.07045882235023664,0.5252748074965055,-0.023799805164083525,-1.003579971994979e-13,-1.914654081638858e-13,3.5899743655477255e-13,-1.9707477197970819e-13,1.780417484167973e-13,-1.9348253251696024e-13,1.6251590755786558e-12,-1.4302696249016955e-12,2.9435429417245756e-12,3.736581824395639e-12,1.400908846517251e-12,3.756492480066925e-12,1.0,True,False,1,True,True,0.0011412000021664426,1,1.2346941379384694e-10,1.0246002022868926e-11,`gtol` termination condition is satisfied.,True,True,0.010000000000001563,8.193445921733655e-14,1.0,8.906756890183781e-15,1.6207229674771466e-15,1.2347826441421147e-10,1.0246458870910088e-11
23.22000000000083,1786132522.484888,0.0046135000011418015,0.004458199997316115,0.01,TELEOP,0,,0.0,23.22000000000083,2322,0.08,0.0,0.0,0.0,0.0,0.17364817766693036,0.9848077530122081,0.08,0.0,0.0,0.0,0.0,0.17364817766693036,0.9848077530122081,0.006998816929891145,-0.22495249069560952,0.28023538868242587,-0.13000972298710123,0.011452291375236975,0.0858434372006431,0.9877232513415147,0.006998816929891145,-0.22495249069560952,0.28023538868242587,-0.13000972298710123,0.011452291375236975,0.0858434372006431,0.9877232513415147,0.006998816940044696,-0.22495249075682894,0.28023538878916754,-0.13000972298204433,0.011452291375702172,0.08584343720054728,0.9877232513421833,0.006998816940044322,-0.22495249075683313,0.2802353887891748,-0.13000972298204408,0.011452291375702093,0.08584343720054809,0.9877232513421833,0.006998816940044322,-0.22495249075683313,0.2802353887891748,-0.13000972298204408,0.011452291375702093,0.08584343720054809,0.9877232513421833,0.14289459867500995,-0.5114106861434556,0.7777399675562217,-0.07045882235020899,0.5252748074965435,-0.02379980516405522,0.14289459867499868,-0.5114106861434177,0.7777399675561472,-0.07045882235023825,0.5252748074965073,-0.023799805164085103,0.14289459867499868,-0.5114106861434177,0.7777399675561472,-0.07045882235023825,0.5252748074965073,-0.023799805164085103,-8.476681628296728e-14,-2.0326553309919275e-13,3.835127512436398e-13,-1.6145426784725027e-13,1.8964983170473467e-13,-1.5770360742245964e-13,1.5591180916528187e-12,-1.1800124935305097e-12,2.4515314688863442e-12,3.5620504132452348e-12,1.1608083287935553e-12,3.5778925094495013e-12,1.0,True,False,1,True,True,0.0010947999980999157,1,1.2346941379384694e-10,1.0246002022868926e-11,`gtol` termination condition is satisfied.,True,True,0.010000000000001563,7.838174553853605e-14,1.0,8.401610904983767e-15,1.7114493914459327e-15,1.234777477889173e-10,1.0246397633628401e-11
23.23000000000083,1786132522.489813,0.00467150000622496,0.004712000009021722,0.01,TELEOP,0,,0.0,23.23000000000083,2323,0.08,0.0,0.0,0.0,0.0,0.17364817766693036,0.9848077530122081,0.08,0.0,0.0,0.0,0.0,0.17364817766693036,0.9848077530122081,0.006998816929891145,-0.22495249069560952,0.28023538868242587,-0.13000972298710123,0.011452291375236975,0.0858434372006431,0.9877232513415147,0.006998816929891145,-0.22495249069560952,0.28023538868242587,-0.13000972298710123,0.011452291375236975,0.0858434372006431,0.9877232513415147,0.006998816940044696,-0.22495249075682894,0.28023538878916754,-0.13000972298204433,0.011452291375702172,0.08584343720054728,0.9877232513421833,0.006998816940044238,-0.2249524907568329,0.2802353887891745,-0.13000972298204402,0.011452291375702089,0.08584343720054813,0.9877232513421833,0.006998816940044238,-0.2249524907568329,0.2802353887891745,-0.13000972298204402,0.011452291375702089,0.08584343720054813,0.9877232513421833,0.14289459867500995,-0.5114106861434556,0.7777399675562217,-0.07045882235020899,0.5252748074965435,-0.02379980516405522,0.14289459867499799,-0.5114106861434198,0.7777399675561512,-0.07045882235023952,0.5252748074965093,-0.023799805164086342,0.14289459867499799,-0.5114106861434198,0.7777399675561512,-0.07045882235023952,0.5252748074965093,-0.023799805164086342,-6.987738457886674e-14,-2.1269453550910897e-13,4.0328666430135904e-13,-1.2768420615242353e-13,1.9897989475904997e-13,-1.2381001055587682e-13,1.4889431704098204e-12,-9.42900240991474e-13,1.9773913057716134e-12,3.3770061694821465e-12,9.330063054313852e-13,3.3893596866577527e-12,1.0,True,False,1,True,True,0.0012966999929631129,1,1.2346941379384694e-10,1.0246002022868926e-11,`gtol` termination condition is satisfied.,True,True,0.010000000000001563,7.4495964952348e-14,1.0,8.00695441186813e-15,1.8277404976450572e-15,1.2347734290355464e-10,1.024650665196369e-11
23.240000000000833,1786132522.4944243,0.004932999989250675,0.004389900001115166,0.01,TELEOP,0,,0.0,23.240000000000833,2324,0.08,0.0,0.0,0.0,0.0,0.17364817766693036,0.9848077530122081,0.08,0.0,0.0,0.0,0.0,0.17364817766693036,0.9848077530122081,0.006998816929891145,-0.22495249069560952,0.28023538868242587,-0.13000972298710123,0.011452291375236975,0.0858434372006431,0.9877232513415147,0.006998816929891145,-0.22495249069560952,0.28023538868242587,-0.13000972298710123,0.011452291375236975,0.0858434372006431,0.9877232513415147,0.006998816940044696,-0.22495249075682894,0.28023538878916754,-0.13000972298204433,0.011452291375702172,0.08584343720054728,0.9877232513421833,0.006998816940044148,-0.22495249075683268,0.2802353887891741,-0.13000972298204416,0.011452291375702067,0.08584343720054817,0.9877232513421833,0.006998816940044148,-0.22495249075683268,0.2802353887891741,-0.13000972298204416,0.011452291375702067,0.08584343720054817,0.9877232513421833,0.14289459867500995,-0.5114106861434556,0.7777399675562217,-0.07045882235020899,0.5252748074965435,-0.02379980516405522,0.14289459867499743,-0.511410686143422,0.7777399675561554,-0.07045882235024048,0.5252748074965115,-0.02379980516408726,0.14289459867499743,-0.511410686143422,0.7777399675561554,-0.07045882235024048,0.5252748074965115,-0.02379980516408726,-5.574687121789226e-14,-2.1987291011626252e-13,4.1863719370937143e-13,-9.584167982222228e-14,2.0614467377805723e-13,-9.18807463713377e-14,1.4130513360972272e-12,-7.17837460715242e-13,1.5350529408009972e-12,3.1842526330196273e-12,7.164779019006131e-13,3.1929264184534125e-12,1.0,True,False,1,True,True,0.001145099988207221,1,1.2346941379384694e-10,1.0246002022868926e-11,`gtol` termination condition is satisfied.,True,True,0.010000000000001563,7.049916206369744e-14,1.0,7.566185312771063e-15,1.838172874954445e-15,1.234768894571661e-10,1.0246223658757277e-11
23.250000000000835,1786132522.4988976,0.004602000000886619,0.004261399997631088,0.01,TELEOP,0,,0.0,23.250000000000835,2325,0.08,0.0,0.0,0.0,0.0,0.17364817766693036,0.9848077530122081,0.08,0.0,0.0,0.0,0.0,0.17364817766693036,0.9848077530122081,0.006998816929891145,-0.22495249069560952,0.28023538868242587,-0.13000972298710123,0.011452291375236975,0.0858434372006431,0.9877232513415147,0.006998816929891145,-0.22495249069560952,0.28023538868242587,-0.13000972298710123,0.011452291375236975,0.0858434372006431,0.9877232513415147,0.006998816940044696,-0.22495249075682894,0.28023538878916754,-0.13000972298204433,0.011452291375702172,0.08584343720054728,0.9877232513421833,0.006998816940044082,-0.2249524907568325,0.2802353887891737,-0.13000972298204405,0.011452291375702082,0.08584343720054818,0.9877232513421833,0.006998816940044082,-0.2249524907568325,0.2802353887891737,-0.13000972298204405,0.011452291375702082,0.08584343720054818,0.9877232513421833,0.14289459867500995,-0.5114106861434556,0.7777399675562217,-0.07045882235020899,0.5252748074965435,-0.02379980516405522,0.14289459867499701,-0.5114106861434242,0.7777399675561597,-0.07045882235024115,0.5252748074965136,-0.023799805164087882,0.14289459867499701,-0.5114106861434242,0.7777399675561597,-0.07045882235024115,0.5252748074965136,-0.023799805164087882,-4.2408406531226484e-14,-2.2491111041639576e-13,4.297787571295102e-13,-6.598772002041366e-14,2.1124751027687757e-13,-6.197377958949126e-14,1.333846468666369e-12,-5.038200300132459e-13,1.1141563420136995e-12,2.9853959801803946e-12,5.102836498819555e-13,2.9906966781841775e-12,1.0,True,False,1,True,True,0.0010989999864250422,1,1.2346941379384694e-10,1.0246002022868926e-11,`gtol` termination condition is satisfied.,True,True,0.010000000000001563,6.628031457012185e-14,1.0,7.139040282515681e-15,1.916584191158796e-15,1.2347645176970645e-10,1.0246447684788025e-11
23.260000000000836,1786132522.503766,0.004513499996392056,0.004616500009433366,0.01,TELEOP,0,,0.0,23.260000000000836,2326,0.08,0.0,0.0,0.0,0.0,0.17364817766693036,0.9848077530122081,0.08,0.0,0.0,0.0,0.0,0.17364817766693036,0.9848077530122081,0.006998816929891145,-0.22495249069560952,0.28023538868242587,-0.13000972298710123,0.011452291375236975,0.0858434372006431,0.9877232513415147,0.006998816929891145,-0.22495249069560952,0.28023538868242587,-0.13000972298710123,0.011452291375236975,0.0858434372006431,0.9877232513415147,0.006998816940044696,-0.22495249075682894,0.28023538878916754,-0.13000972298204433,0.011452291375702172,0.08584343720054728,0.9877232513421833,0.006998816940044013,-0.22495249075683224,0.28023538878917326,-0.13000972298204405,0.011452291375702073,0.08584343720054818,0.9877232513421833,0.006998816940044013,-0.22495249075683224,0.28023538878917326,-0.13000972298204405,0.011452291375702073,0.08584343720054818,0.9877232513421833,0.14289459867500995,-0.5114106861434556,0.7777399675562217,-0.07045882235020899,0.5252748074965435,-0.02379980516405522,0.1428945986749967,-0.5114106861434266,0.777739967556164,-0.07045882235024152,0.5252748074965157,-0.023799805164088222,0.1428945986749967,-0.5114106861434266,0.777739967556164,-0.07045882235024152,0.5252748074965157,-0.023799805164088222,-2.9892359989120185e-14,-2.279874842684271e-13,4.3698500290627695e-13,-3.8158997275162265e-14,2.1446023279885996e-13,-3.4127788508632555e-14,1.2516046542104342e-12,-3.076373852030862e-13,7.206245776765634e-13,2.7828722745247043e-12,3.2127225219818875e-13,2.784599108085436e-12,1.0,True,False,1,True,True,0.0013857000012649223,1,1.2346941379384694e-10,1.0246002022868926e-11,`gtol` termination condition is satisfied.,True,True,0.010000000000001563,6.195044477408373e-14,1.0,6.638364947038316e-15,1.9183171626875537e-15,1.2347593828255778e-10,1.0246445862592937e-11
23.270000000000838,1786132522.5087733,0.004834300008951686,0.004789200000232086,0.01,TELEOP,0,,0.0,23.270000000000838,2327,0.08,0.0,0.0,0.0,0.0,0.17364817766693036,0.9848077530122081,0.08,0.0,0.0,0.0,0.0,0.17364817766693036,0.9848077530122081,0.006998816929891145,-0.22495249069560952,0.28023538868242587,-0.13000972298710123,0.011452291375236975,0.0858434372006431,0.9877232513415147,0.006998816929891145,-0.22495249069560952,0.28023538868242587,-0.13000972298710123,0.011452291375236975,0.0858434372006431,0.9877232513415147,0.006998816940044696,-0.22495249075682894,0.28023538878916754,-0.13000972298204433,0.011452291375702172,0.08584343720054728,0.9877232513421833,0.006998816940043964,-0.2249524907568319,0.2802353887891727,-0.13000972298204408,0.011452291375702072,0.0858434372005482,0.9877232513421833,0.006998816940043964,-0.2249524907568319,0.2802353887891727,-0.13000972298204408,0.011452291375702072,0.0858434372005482,0.9877232513421833,0.14289459867500995,-0.5114106861434556,0.7777399675562217,-0.07045882235020899,0.5252748074965435,-0.02379980516405522,0.14289459867499651,-0.5114106861434289,0.7777399675561685,-0.07045882235024165,0.5252748074965178,-0.023799805164088306,0.14289459867499651,-0.5114106861434289,0.7777399675561685,-0.07045882235024165,0.5252748074965178,-0.023799805164088306,-1.820729556734793e-14,-2.291884183885439e-13,4.4058387417661944e-13,-1.2389126237285622e-14,2.1594035084207424e-13,-8.366181544726658e-15,1.1685064421770428e-12,-1.2009341201165617e-13,3.598871270341938e-13,2.5769871037872616e-12,1.4801180432140538e-13,2.576160696390187e-12,1.0,True,False,1,True,True,0.0012312999897403643,1,1.2346941379384694e-10,1.0246002022868926e-11,`gtol` termination condition is satisfied.,True,True,0.010000000000001563,5.762057497804562e-14,1.0,6.000639945856776e-15,1.929568663727062e-15,1.2347528924019713e-10,1.0246389747963344e-11
23.28000000000084,1786132522.5132258,0.00500560000364203,0.004235800006426871,0.01,TELEOP,0,,0.0,23.28000000000084,2328,0.08,0.0,0.0,0.0,0.0,0.17364817766693036,0.9848077530122081,0.08,0.0,0.0,0.0,0.0,0.17364817766693036,0.9848077530122081,0.006998816929891145,-0.22495249069560952,0.28023538868242587,-0.13000972298710123,0.011452291375236975,0.0858434372006431,0.9877232513415147,0.006998816929891145,-0.22495249069560952,0.28023538868242587,-0.13000972298710123,0.011452291375236975,0.0858434372006431,0.9877232513415147,0.006998816940044696,-0.22495249075682894,0.28023538878916754,-0.13000972298204433,0.011452291375702172,0.08584343720054728,0.9877232513421833,0.006998816940043919,-0.2249524907568317,0.2802353887891723,-0.13000972298204408,0.011452291375702063,0.0858434372005482,0.9877232513421833,0.006998816940043919,-0.2249524907568317,0.2802353887891723,-0.13000972298204408,0.011452291375702063,0.0858434372005482,0.9877232513421833,0.14289459867500995,-0.5114106861434556,0.7777399675562217,-0.07045882235020899,0.5252748074965435,-0.02379980516405522,0.14289459867499643,-0.5114106861434312,0.7777399675561729,-0.07045882235024153,0.5252748074965199,-0.023799805164088153,0.14289459867499643,-0.5114106861434312,0.7777399675561729,-0.07045882235024153,0.5252748074965199,-0.023799805164088153,-7.36106357703641e-15,-2.2867019942107226e-13,4.407988866615852e-13,1.1319991721233148e-14,2.1583224811308446e-13,1.5306448954719313e-14,1.0846231990309825e-12,5.182189674715219e-14,2.150124849657427e-14,2.3709117958515065e-12,-1.081027289897749e-14,2.367263049944227e-12,1.0,True,False,1,True,True,0.001105000003008172,1,1.2346941379384694e-10,1.0246002022868926e-11,`gtol` termination condition is satisfied.,True,True,0.010000000000001563,5.3179682879545e-14,1.0,5.576591790512335e-15,1.9316050483290616e-15,1.234748532644126e-10,1.0246387925791856e-11
23.29000000000084,1786132522.518052,0.0044307999924058095,0.004631799994967878,0.01,TELEOP,0,,0.0,23.29000000000084,2329,0.08,0.0,0.0,0.0,0.0,0.17364817766693036,0.9848077530122081,0.08,0.0,0.0,0.0,0.0,0.17364817766693036,0.9848077530122081,0.006998816929891145,-0.22495249069560952,0.28023538868242587,-0.13000972298710123,0.011452291375236975,0.0858434372006431,0.9877232513415147,0.006998816929891145,-0.22495249069560952,0.28023538868242587,-0.13000972298710123,0.011452291375236975,0.0858434372006431,0.9877232513415147,0.006998816940044696,-0.22495249075682894,0.28023538878916754,-0.13000972298204433,0.011452291375702172,0.08584343720054728,0.9877232513421833,0.006998816940043888,-0.2249524907568315,0.2802353887891719,-0.13000972298204413,0.01145229137570207,0.08584343720054818,0.9877232513421833,0.006998816940043888,-0.2249524907568315,0.2802353887891719,-0.13000972298204413,0.01145229137570207,0.08584343720054818,0.9877232513421833,0.14289459867500995,-0.5114106861434556,0.7777399675562217,-0.07045882235020899,0.5252748074965435,-0.02379980516405522,0.14289459867499646,-0.5114106861434334,0.7777399675561772,-0.0704588223502412,0.525274807496522,-0.023799805164087785,0.14289459867499646,-0.5114106861434334,0.7777399675561772,-0.0704588223502412,0.525274807496522,-0.023799805164087785,2.6391398632815783e-15,-2.2657609012331137e-13,4.3791202859328905e-13,3.297625102872051e-14,2.1426827634290762e-13,3.6900349366790325e-14,1.0000203440316425e-12,2.0941092977605734e-13,-2.8868580682957306e-13,2.1656259307483976e-12,-1.5639717701765977e-13,2.1593900412067633e-12,1.0,True,False,1,True,True,0.001073699997505173,1,1.2346941379384694e-10,1.0246002022868926e-11,`gtol` termination condition is satisfied.,True,True,0.010000000000001563,4.873879078104437e-14,1.0,5.138625744261139e-15,1.8755454157171502e-15,1.2347440466776822e-10,1.0246278979201409e-11
23.300000000000843,1786132522.5227726,0.004853999998886138,0.004498499998589978,0.01,TELEOP,0,,0.0,23.300000000000843,2330,0.08,0.0,0.0,0.0,0.0,0.17364817766693036,0.9848077530122081,0.08,0.0,0.0,0.0,0.0,0.17364817766693036,0.9848077530122081,0.006998816929891145,-0.22495249069560952,0.28023538868242587,-0.13000972298710123,0.011452291375236975,0.0858434372006431,0.9877232513415147,0.006998816929891145,-0.22495249069560952,0.28023538868242587,-0.13000972298710123,0.011452291375236975,0.0858434372006431,0.9877232513415147,0.006998816940044696,-0.22495249075682894,0.28023538878916754,-0.13000972298204433,0.011452291375702172,0.08584343720054728,0.9877232513421833,0.006998816940043857,-0.22495249075683124,0.28023538878917154,-0.13000972298204416,0.011452291375702065,0.08584343720054817,0.9877232513421833,0.006998816940043857,-0.22495249075683124,0.28023538878917154,-0.13000972298204416,0.011452291375702065,0.08584343720054817,0.9877232513421833,0.14289459867500995,-0.5114106861434556,0.7777399675562217,-0.07045882235020899,0.5252748074965435,-0.02379980516405522,0.14289459867499657,-0.5114106861434357,0.7777399675561816,-0.07045882235024067,0.5252748074965241,-0.02379980516408722,0.14289459867499657,-0.5114106861434357,0.7777399675561816,-0.07045882235024067,0.5252748074965241,-0.02379980516408722,1.1786718311617637e-14,-2.231145135106065e-13,4.322588880056573e-13,5.259652559712003e-14,2.1136975795164267e-13,5.6439368232780734e-14,9.147578448334628e-13,3.461576612704328e-13,-5.653140587630849e-13,1.9620274568396455e-12,-2.898518391264498e-13,1.9539018865987353e-12,1.0,True,False,1,True,True,0.0011306999949738383,1,1.2346941379384694e-10,1.0246002022868926e-11,`gtol` termination condition is satisfied.,True,True,0.010000000000001563,4.440892098500626e-14,1.0,4.688972637302685e-15,1.838646599737852e-15,1.2347394230915622e-10,1.0246223207586381e-11
23.310000000000844,1786132522.5274665,0.004767699996591546,0.004423799997312017,0.01,TELEOP,0,,0.0,23.310000000000844,2331,0.08,0.0,0.0,0.0,0.0,0.17364817766693036,0.9848077530122081,0.08,0.0,0.0,0.0,0.0,0.17364817766693036,0.9848077530122081,0.006998816929891145,-0.22495249069560952,0.28023538868242587,-0.13000972298710123,0.011452291375236975,0.0858434372006431,0.9877232513415147,0.006998816929891145,-0.22495249069560952,0.28023538868242587,-0.13000972298710123,0.011452291375236975,0.0858434372006431,0.9877232513415147,0.006998816940044696,-0.22495249075682894,0.28023538878916754,-0.13000972298204433,0.011452291375702172,0.08584343720054728,0.9877232513421833,0.006998816940043843,-0.22495249075683105,0.2802353887891711,-0.13000972298204425,0.011452291375702058,0.08584343720054816,0.9877232513421833,0.006998816940043843,-0.22495249075683105,0.2802353887891711,-0.13000972298204425,0.011452291375702058,0.08584343720054816,0.9877232513421833,0.14289459867500995,-0.5114106861434556,0.7777399675562217,-0.07045882235020899,0.5252748074965435,-0.02379980516405522,0.14289459867499676,-0.5114106861434379,0.7777399675561858,-0.07045882235023997,0.5252748074965262,-0.02379980516408648,0.14289459867499676,-0.5114106861434379,0.7777399675561858,-0.07045882235023997,0.5252748074965262,-0.02379980516408648,2.0094899734771033e-14,-2.1839942519253634e-13,4.24069988441968e-13,7.021555788433529e-14,2.0724790515771363e-13,7.395741340634909e-14,8.308181423152097e-13,4.715088318069419e-13,-8.188899563688002e-13,1.7619032287212501e-12,-4.121852793928388e-13,1.7518045173565626e-12,1.0,True,False,1,True,True,0.0011444000119809061,1,1.2346941379384694e-10,1.0246002022868926e-11,`gtol` termination condition is satisfied.,True,True,0.010000000000001563,4.007905118896815e-14,1.0,4.218990149344309e-15,1.7875512118296546e-15,1.2347346091038797e-10,1.0246055602265586e-11
23.320000000000846,1786132522.5319202,0.004631000003428198,0.004247000004397705,0.01,TELEOP,0,,0.0,23.320000000000846,2332,0.08,0.0,0.0,0.0,0.0,0.17364817766693036,0.9848077530122081,0.08,0.0,0.0,0.0,0.0,0.17364817766693036,0.9848077530122081,0.006998816929891145,-0.22495249069560952,0.28023538868242587,-0.13000972298710123,0.011452291375236975,0.0858434372006431,0.9877232513415147,0.006998816929891145,-0.22495249069560952,0.28023538868242587,-0.13000972298710123,0.011452291375236975,0.0858434372006431,0.9877232513415147,0.006998816940044696,-0.22495249075682894,0.28023538878916754,-0.13000972298204433,0.011452291375702172,0.08584343720054728,0.9877232513421833,0.006998816940043832,-0.22495249075683077,0.2802353887891707,-0.1300097229820441,0.011452291375702075,0.08584343720054813,0.9877232513421833,0.006998816940043832,-0.22495249075683077,0.2802353887891707,-0.1300097229820441,0.011452291375702075,0.08584343720054813,0.9877232513421833,0.14289459867500995,-0.5114106861434556,0.7777399675562217,-0.07045882235020899,0.5252748074965435,-0.02379980516405522,0.14289459867499704,-0.51141068614344,0.7777399675561899,-0.0704588223502391,0.5252748074965282,-0.023799805164085586,0.14289459867499704,-0.51141068614344,0.7777399675561899,-0.0704588223502391,0.5252748074965282,-0.023799805164085586,2.7575809768974433e-14,-2.1253528447788135e-13,4.1363374197138055e-13,8.587483249608887e-14,2.0200466249467587e-13,8.950243245380998e-14,7.48091003420223e-13,5.864140714654065e-13,-1.0436246470585833e-12,1.5659274611751133e-12,-5.243242663036941e-13,1.5545019047458457e-12,1.0,True,False,1,True,True,0.001079800000297837,1,1.2346941379384694e-10,1.0246002022868926e-11,`gtol` termination condition is satisfied.,True,True,0.010000000000001563,3.5860203695392556e-14,1.0,3.7568343653287585e-15,1.7802715883514994e-15,1.2347298650147413e-10,1.0246337477735126e-11
23.330000000000847,1786132522.5379915,0.004450899999937974,0.005867700005182996,0.01,TELEOP,0,,0.0,23.330000000000847,2333,0.08,0.0,0.0,0.0,0.0,0.17364817766693036,0.9848077530122081,0.08,0.0,0.0,0.0,0.0,0.17364817766693036,0.9848077530122081,0.006998816929891145,-0.22495249069560952,0.28023538868242587,-0.13000972298710123,0.011452291375236975,0.0858434372006431,0.9877232513415147,0.006998816929891145,-0.22495249069560952,0.28023538868242587,-0.13000972298710123,0.011452291375236975,0.0858434372006431,0.9877232513415147,0.006998816940044696,-0.22495249075682894,0.28023538878916754,-0.13000972298204433,0.011452291375702172,0.08584343720054728,0.9877232513421833,0.006998816940043822,-0.22495249075683044,0.28023538878917026,-0.13000972298204433,0.011452291375702068,0.0858434372005481,0.9877232513421833,0.006998816940043822,-0.22495249075683044,0.28023538878917026,-0.13000972298204433,0.011452291375702068,0.0858434372005481,0.9877232513421833,0.14289459867500995,-0.5114106861434556,0.7777399675562217,-0.07045882235020899,0.5252748074965435,-0.02379980516405522,0.14289459867499738,-0.5114106861434421,0.7777399675561939,-0.0704588223502381,0.5252748074965302,-0.023799805164084555,0.14289459867499738,-0.5114106861434421,0.7777399675561939,-0.0704588223502381,0.5252748074965302,-0.023799805164084555,3.4240563580774444e-14,-2.0569494455417817e-13,4.0121452632395765e-13,9.963165169291512e-14,1.95810577939443e-13,1.0313042400175714e-13,6.664753811798968e-13,6.840339923702121e-13,-1.2419215647420964e-12,1.3756819196824106e-12,-6.194084555231906e-13,1.3627991547945027e-12,1.0,True,False,1,True,True,0.0016860000032465905,1,1.2346941379384694e-10,1.0246002022868926e-11,`gtol` termination condition is satisfied.,True,True,0.010000000000001563,3.175237850427948e-14,1.0,3.226369283950393e-15,1.6648983143060418e-15,1.234724365781779e-10,1.0245893120767359e-11
23.34000000000085,1786132522.5434153,0.006208799997693859,0.005082300005597062,0.01,TELEOP,0,,0.0,23.34000000000085,2334,0.08,0.0,0.0,0.0,0.0,0.17364817766693036,0.9848077530122081,0.08,0.0,0.0,0.0,0.0,0.17364817766693036,0.9848077530122081,0.006998816929891145,-0.22495249069560952,0.28023538868242587,-0.13000972298710123,0.011452291375236975,0.0858434372006431,0.9877232513415147,0.006998816929891145,-0.22495249069560952,0.28023538868242587,-0.13000972298710123,0.011452291375236975,0.0858434372006431,0.9877232513415147,0.006998816940044696,-0.22495249075682894,0.28023538878916754,-0.13000972298204433,0.011452291375702172,0.08584343720054728,0.9877232513421833,0.0069988169400438255,-0.22495249075683021,0.28023538878916987,-0.1300097229820443,0.011452291375702075,0.08584343720054807,0.9877232513421833,0.0069988169400438255,-0.22495249075683021,0.28023538878916987,-0.1300097229820443,0.011452291375702075,0.08584343720054807,0.9877232513421833,0.14289459867500995,-0.5114106861434556,0.7777399675562217,-0.07045882235020899,0.5252748074965435,-0.02379980516405522,0.14289459867499776,-0.5114106861434441,0.7777399675561978,-0.070458822350237,0.5252748074965321,-0.023799805164083407,0.14289459867499776,-0.5114106861434441,0.7777399675561978,-0.070458822350237,0.5252748074965321,-0.023799805164083407,4.011862477812742e-14,-1.9795975535551414e-13,3.8705468775225685e-13,1.1154817989961485e-13,1.8874488831636462e-13,1.1490717615353464e-13,5.878061197352059e-13,7.735189198662827e-13,-1.4159838571698614e-12,1.191652820669786e-12,-7.06568962307728e-13,1.1776752151775664e-12,1.0,True,False,1,True,True,0.0013475000014295802,1,1.2346941379384694e-10,1.0246002022868926e-11,`gtol` termination condition is satisfied.,True,True,0.010000000000001563,2.933417397876781e-14,1.0,2.797176921939783e-15,1.6086444098690706e-15,1.234719908343408e-10,1.0245951239031815e-11
23.35000000000085,1786132522.5479045,0.005298100004438311,0.004273400001693517,0.01,TELEOP,0,,0.0,23.35000000000085,2335,0.08,0.0,0.0,0.0,0.0,0.17364817766693036,0.9848077530122081,0.08,0.0,0.0,0.0,0.0,0.17364817766693036,0.9848077530122081,0.006998816929891145,-0.22495249069560952,0.28023538868242587,-0.13000972298710123,0.011452291375236975,0.0858434372006431,0.9877232513415147,0.006998816929891145,-0.22495249069560952,0.28023538868242587,-0.13000972298710123,0.011452291375236975,0.0858434372006431,0.9877232513415147,0.006998816940044696,-0.22495249075682894,0.28023538878916754,-0.13000972298204433,0.011452291375702172,0.08584343720054728,0.9877232513421833,0.006998816940043843,-0.22495249075683008,0.2802353887891695,-0.13000972298204436,0.011452291375702065,0.08584343720054805,0.9877232513421833,0.006998816940043843,-0.22495249075683008,0.2802353887891695,-0.13000972298204436,0.011452291375702065,0.08584343720054805,0.9877232513421833,0.14289459867500995,-0.5114106861434556,0.7777399675562217,-0.07045882235020899,0.5252748074965435,-0.02379980516405522,0.1428945986749982,-0.511410686143446,0.7777399675562015,-0.07045882235023578,0.5252748074965339,-0.023799805164082158,0.1428945986749982,-0.511410686143446,0.7777399675562015,-0.07045882235023578,0.5252748074965339,-0.023799805164082158,4.5237001668326697e-14,-1.894813864759572e-13,3.7137637698778913e-13,1.2170067587754408e-13,1.8095732620224908e-13,1.2490504136134663e-13,5.118376890198475e-13,8.478368879555603e-13,-1.5678310764465246e-12,1.0152495977927636e-12,-7.787562114114334e-13,9.99786520781042e-13,1.0,True,False,1,True,True,0.0010978000063914806,1,1.2346941379384694e-10,1.0246002022868926e-11,`gtol` termination condition is satisfied.,True,True,0.010000000000001563,2.8185787037671162e-14,1.0,2.4079561538410167e-15,1.5546556683935152e-15,1.2347158751752194e-10,1.0245839281042813e-11
23.360000000000852,1786132522.5528646,0.004521399998338893,0.004712199995992705,0.01,TELEOP,0,,0.0,23.360000000000852,2336,0.08,0.0,0.0,0.0,0.0,0.17364817766693036,0.9848077530122081,0.08,0.0,0.0,0.0,0.0,0.17364817766693036,0.9848077530122081,0.006998816929891145,-0.22495249069560952,0.28023538868242587,-0.13000972298710123,0.011452291375236975,0.0858434372006431,0.9877232513415147,0.006998816929891145,-0.22495249069560952,0.28023538868242587,-0.13000972298710123,0.011452291375236975,0.0858434372006431,0.9877232513415147,0.006998816940044696,-0.22495249075682894,0.28023538878916754,-0.13000972298204433,0.011452291375702172,0.08584343720054728,0.9877232513421833,0.00699881694004385,-0.2249524907568299,0.28023538878916915,-0.1300097229820443,0.011452291375702072,0.085843437200548,0.9877232513421833,0.00699881694004385,-0.2249524907568299,0.28023538878916915,-0.1300097229820443,0.011452291375702072,0.085843437200548,0.9877232513421833,0.14289459867500995,-0.5114106861434556,0.7777399675562217,-0.07045882235020899,0.5252748074965435,-0.02379980516405522,0.1428945986749987,-0.5114106861434478,0.777739967556205,-0.07045882235023447,0.5252748074965357,-0.023799805164080826,0.1428945986749987,-0.5114106861434478,0.777739967556205,-0.07045882235023447,0.5252748074965357,-0.023799805164080826,4.962045186639115e-14,-1.8039886837673634e-13,3.544603310222609e-13,1.3015904349127917e-13,1.7258514645917067e-13,1.332023893971856e-13,4.383450198063769e-13,9.082518099219446e-13,-1.6916045965525588e-12,8.45836761373376e-13,-8.372179743077103e-13,8.297348035837684e-13,1.0,True,False,1,True,True,0.0011479999957373366,1,1.2346941379384694e-10,1.0246002022868926e-11,`gtol` termination condition is satisfied.,True,True,0.010000000000001563,2.693678613496786e-14,1.0,2.0620076474697422e-15,1.471071909248559e-15,1.2347121757341115e-10,1.0245953064306813e-11
23.370000000000854,1786132522.5577278,0.004914400007692166,0.004660999999032356,0.01,TELEOP,0,,0.0,23.370000000000854,2337,0.08,0.0,0.0,0.0,0.0,0.17364817766693036,0.9848077530122081,0.08,0.0,0.0,0.0,0.0,0.17364817766693036,0.9848077530122081,0.006998816929891145,-0.22495249069560952,0.28023538868242587,-0.13000972298710123,0.011452291375236975,0.0858434372006431,0.9877232513415147,0.006998816929891145,-0.22495249069560952,0.28023538868242587,-0.13000972298710123,0.011452291375236975,0.0858434372006431,0.9877232513415147,0.006998816940044696,-0.22495249075682894,0.28023538878916754,-0.13000972298204433,0.011452291375702172,0.08584343720054728,0.9877232513421833,0.006998816940043857,-0.2249524907568296,0.2802353887891688,-0.1300097229820443,0.01145229137570208,0.08584343720054796,0.9877232513421833,0.006998816940043857,-0.2249524907568296,0.2802353887891688,-0.1300097229820443,0.01145229137570208,0.08584343720054796,0.9877232513421833,0.14289459867500995,-0.5114106861434556,0.7777399675562217,-0.07045882235020899,0.5252748074965435,-0.02379980516405522,0.14289459867499923,-0.5114106861434494,0.7777399675562083,-0.0704588223502331,0.5252748074965373,-0.023799805164079427,0.14289459867499923,-0.5114106861434494,0.7777399675562083,-0.0704588223502331,0.5252748074965373,-0.023799805164079427,5.329166985275476e-14,-1.708396456473114e-13,3.3648679327691507e-13,1.3700663598863708e-13,1.636770672228763e-13,1.3988310590951679e-13,3.6712179863630363e-13,9.559222729423437e-13,-1.797353774534303e-12,6.847592497356836e-13,-8.908079236292964e-13,6.680716512330139e-13,1.0,True,False,1,True,True,0.0013312000082805753,1,1.2346941379384694e-10,1.0246002022868926e-11,`gtol` termination condition is satisfied.,True,True,0.010000000000001563,2.5604518505417673e-14,1.0,1.66696726782817e-15,1.3846638959001057e-15,1.234707788195065e-10,1.0245956350619061e-11
23.380000000000855,1786132522.5622153,0.004878799998550676,0.004269900004146621,0.01,TELEOP,0,,0.0,23.380000000000855,2338,0.08,0.0,0.0,0.0,0.0,0.17364817766693036,0.9848077530122081,0.08,0.0,0.0,0.0,0.0,0.17364817766693036,0.9848077530122081,0.006998816929891145,-0.22495249069560952,0.28023538868242587,-0.13000972298710123,0.011452291375236975,0.0858434372006431,0.9877232513415147,0.006998816929891145,-0.22495249069560952,0.28023538868242587,-0.13000972298710123,0.011452291375236975,0.0858434372006431,0.9877232513415147,0.006998816940044696,-0.22495249075682894,0.28023538878916754,-0.13000972298204433,0.011452291375702172,0.08584343720054728,0.9877232513421833,0.006998816940043881,-0.2249524907568295,0.2802353887891686,-0.1300097229820443,0.011452291375702075,0.0858434372005479,0.9877232513421833,0.006998816940043881,-0.2249524907568295,0.2802353887891686,-0.1300097229820443,0.011452291375702075,0.0858434372005479,0.9877232513421833,0.14289459867500995,-0.5114106861434556,0.7777399675562217,-0.07045882235020899,0.5252748074965435,-0.02379980516405522,0.1428945986749998,-0.511410686143451,0.7777399675562116,-0.07045882235023167,0.5252748074965389,-0.023799805164077977,0.1428945986749998,-0.511410686143451,0.7777399675562116,-0.07045882235023167,0.5252748074965389,-0.023799805164077977,5.6290733606437307e-14,-1.6092054249468728e-13,3.1769808570904553e-13,1.4232949786609434e-13,1.5435484560562187e-13,1.4503613276690535e-13,2.9990637536820766e-13,9.919103152622563e-13,-1.878870756786662e-12,5.322861877456431e-13,-9.322221617252972e-13,5.153026857387746e-13,1.0,True,False,1,True,True,0.001087599986931309,1,1.2346941379384694e-10,1.0246002022868926e-11,`gtol` termination condition is satisfied.,True,True,0.010000000000001563,2.4206331383780366e-14,1.0,1.4440611774947182e-15,1.2756082692007898e-15,1.2347053380672255e-10,1.0245957094727493e-11
23.390000000000857,1786132522.5680296,0.004468400002224371,0.005615600006422028,0.01,TELEOP,0,,0.0,23.390000000000857,2339,0.08,0.0,0.0,0.0,0.0,0.17364817766693036,0.9848077530122081,0.08,0.0,0.0,0.0,0.0,0.17364817766693036,0.9848077530122081,0.006998816929891145,-0.22495249069560952,0.28023538868242587,-0.13000972298710123,0.011452291375236975,0.0858434372006431,0.9877232513415147,0.006998816929891145,-0.22495249069560952,0.28023538868242587,-0.13000972298710123,0.011452291375236975,0.0858434372006431,0.9877232513415147,0.006998816940044696,-0.22495249075682894,0.28023538878916754,-0.13000972298204433,0.011452291375702172,0.08584343720054728,0.9877232513421833,0.006998816940043902,-0.22495249075682933,0.2802353887891682,-0.13000972298204444,0.011452291375702075,0.08584343720054786,0.9877232513421833,0.006998816940043902,-0.22495249075682933,0.2802353887891682,-0.13000972298204444,0.011452291375702075,0.08584343720054786,0.9877232513421833,0.14289459867500995,-0.5114106861434556,0.7777399675562217,-0.07045882235020899,0.5252748074965435,-0.02379980516405522,0.14289459867500037,-0.5114106861434525,0.7777399675562146,-0.07045882235023021,0.5252748074965403,-0.02379980516407649,0.14289459867500037,-0.5114106861434525,0.7777399675562146,-0.07045882235023021,0.5252748074965403,-0.02379980516407649,5.865438127487358e-14,-1.5074864777528511e-13,2.9823923795835046e-13,1.4621614059806544e-13,1.447300922936419e-13,1.4875263736818031e-13,2.3636476684359066e-13,1.0171894719400567e-12,-1.945884775069204e-12,3.886642731970488e-13,-9.624753311978449e-13,3.716504601274385e-13,1.0,True,False,1,True,True,0.0013891999988118187,1,1.2346941379384694e-10,1.0246002022868926e-11,`gtol` termination condition is satisfied.,True,True,0.010000000000001563,2.2756102557863755e-14,1.0,1.107232018667202e-15,1.2093767043115752e-15,1.234701170133048e-10,1.0245681610724752e-11
23.40000000000086,1786132522.5731938,0.005829199988511391,0.004950899994582869,0.01,TELEOP,0,,0.0,23.40000000000086,2340,0.08,0.0,0.0,0.0,0.0,0.17364817766693036,0.9848077530122081,0.08,0.0,0.0,0.0,0.0,0.17364817766693036,0.9848077530122081,0.006998816929891145,-0.22495249069560952,0.28023538868242587,-0.13000972298710123,0.011452291375236975,0.0858434372006431,0.9877232513415147,0.006998816929891145,-0.22495249069560952,0.28023538868242587,-0.13000972298710123,0.011452291375236975,0.0858434372006431,0.9877232513415147,0.006998816940044696,-0.22495249075682894,0.28023538878916754,-0.13000972298204433,0.011452291375702172,0.08584343720054728,0.9877232513421833,0.006998816940043954,-0.2249524907568292,0.2802353887891679,-0.13000972298204438,0.011452291375702087,0.08584343720054784,0.9877232513421833,0.006998816940043954,-0.2249524907568292,0.2802353887891679,-0.13000972298204438,0.011452291375702087,0.08584343720054784,0.9877232513421833,0.14289459867500995,-0.5114106861434556,0.7777399675562217,-0.07045882235020899,0.5252748074965435,-0.02379980516405522,0.14289459867500098,-0.511410686143454,0.7777399675562173,-0.07045882235022873,0.5252748074965417,-0.023799805164074976,0.14289459867500098,-0.511410686143454,0.7777399675562173,-0.07045882235022873,0.5252748074965417,-0.023799805164074976,6.041628949321215e-14,-1.4034502745300308e-13,2.783202926823744e-13,1.4876697440805226e-13,1.3490511708265144e-13,1.511258271815793e-13,1.7619082183382956e-13,1.04036203222804e-12,-1.9918945275972955e-12,2.5508338099864265e-13,-9.824975210988941e-13,2.373189813398624e-13,1.0,True,False,1,True,True,0.0011049000022467226,1,1.2346941379384694e-10,1.0246002022868926e-11,`gtol` termination condition is satisfied.,True,True,0.010000000000001563,2.1267709815475655e-14,1.0,8.74438297520381e-16,1.1363939171285668e-15,1.2346981253043878e-10,1.0245795683404674e-11
23.41000000000086,1786132522.5778332,0.005210400006035343,0.004379399993922561,0.01,TELEOP,0,,0.0,23.41000000000086,2341,0.08,0.0,0.0,0.0,0.0,0.17364817766693036,0.9848077530122081,0.08,0.0,0.0,0.0,0.0,0.17364817766693036,0.9848077530122081,0.006998816929891145,-0.22495249069560952,0.28023538868242587,-0.13000972298710123,0.011452291375236975,0.0858434372006431,0.9877232513415147,0.006998816929891145,-0.22495249069560952,0.28023538868242587,-0.13000972298710123,0.011452291375236975,0.0858434372006431,0.9877232513415147,0.006998816940044696,-0.22495249075682894,0.28023538878916754,-0.13000972298204433,0.011452291375702172,0.08584343720054728,0.9877232513421833,0.006998816940043971,-0.22495249075682902,0.2802353887891677,-0.13000972298204444,0.011452291375702094,0.08584343720054778,0.9877232513421833,0.006998816940043971,-0.22495249075682902,0.2802353887891677,-0.13000972298204444,0.011452291375702094,0.08584343720054778,0.9877232513421833,0.14289459867500995,-0.5114106861434556,0.7777399675562217,-0.07045882235020899,0.5252748074965435,-0.02379980516405522,0.1428945986750016,-0.5114106861434553,0.7777399675562199,-0.07045882235022723,0.5252748074965429,-0.023799805164073453,0.1428945986750016,-0.5114106861434553,0.7777399675562199,-0.07045882235022723,0.5252748074965429,-0.023799805164073453,6.16073285103392e-14,-1.298060908159024e-13,2.5813378898386654e-13,1.5007404200093154e-13,1.2497370395205585e-13,1.5225077973896446e-13,1.191039017126863e-13,1.0538936637099053e-12,-2.018650369850474e-12,1.307067592879088e-13,-9.931413130594032e-13,1.124952557384974e-13,1.0,True,False,1,True,True,0.001131500001065433,1,1.2346941379384694e-10,1.0246002022868926e-11,`gtol` termination condition is satisfied.,True,True,0.010000000000001563,1.975503094442388e-14,1.0,7.486371957622985e-16,1.0409754740162067e-15,1.2346953942322325e-10,1.024568822678255e-11
23.42000000000086,1786132522.583957,0.004586600000038743,0.005916899986914359,0.01,TELEOP,0,,0.0,23.42000000000086,2342,0.08,0.0,0.0,0.0,0.0,0.17364817766693036,0.9848077530122081,0.08,0.0,0.0,0.0,0.0,0.17364817766693036,0.9848077530122081,0.006998816929891145,-0.22495249069560952,0.28023538868242587,-0.13000972298710123,0.011452291375236975,0.0858434372006431,0.9877232513415147,0.006998816929891145,-0.22495249069560952,0.28023538868242587,-0.13000972298710123,0.011452291375236975,0.0858434372006431,0.9877232513415147,0.006998816940044696,-0.22495249075682894,0.28023538878916754,-0.13000972298204433,0.011452291375702172,0.08584343720054728,0.9877232513421833,0.006998816940044002,-0.22495249075682888,0.2802353887891675,-0.13000972298204447,0.011452291375702098,0.08584343720054774,0.9877232513421833,0.006998816940044002,-0.22495249075682888,0.2802353887891675,-0.13000972298204447,0.011452291375702098,0.08584343720054774,0.9877232513421833,0.14289459867500995,-0.5114106861434556,0.7777399675562217,-0.07045882235020899,0.5252748074965435,-0.02379980516405522,0.1428945986750022,-0.5114106861434565,0.7777399675562222,-0.07045882235022573,0.525274807496544,-0.02379980516407193,0.1428945986750022,-0.5114106861434565,0.7777399675562222,-0.07045882235022573,0.525274807496544,-0.02379980516407193,6.227507075968902e-14,-1.1922021304470577e-13,2.378562210403469e-13,1.5023135320881795e-13,1.1502182154964346e-13,1.5222428679718704e-13,6.677422493497216e-14,1.0585877771194958e-12,-2.027756794351648e-12,1.573112078863967e-14,-9.95188240241084e-13,-2.64929417774236e-15,1.0,True,False,1,True,True,0.001094599996577017,1,1.2346941379384694e-10,1.0246002022868926e-11,`gtol` termination condition is satisfied.,True,True,0.010000000000001563,1.8235413179468196e-14,1.0,6.9831616186284e-16,9.733647079737692e-16,1.2346928121914977e-10,1.0245634680264311e-11
23.430000000000863,1786132522.591998,0.006252199993468821,0.0077062000054866076,0.01,TELEOP,0,,0.0,23.430000000000863,2343,0.08,0.0,0.0,0.0,0.0,0.17364817766693036,0.9848077530122081,0.08,0.0,0.0,0.0,0.0,0.17364817766693036,0.9848077530122081,0.006998816929891145,-0.22495249069560952,0.28023538868242587,-0.13000972298710123,0.011452291375236975,0.0858434372006431,0.9877232513415147,0.006998816929891145,-0.22495249069560952,0.28023538868242587,-0.13000972298710123,0.011452291375236975,0.0858434372006431,0.9877232513415147,0.006998816940044696,-0.22495249075682894,0.28023538878916754,-0.13000972298204433,0.011452291375702172,0.08584343720054728,0.9877232513421833,0.006998816940044044,-0.22495249075682877,0.2802353887891673,-0.1300097229820445,0.011452291375702106,0.0858434372005477,0.9877232513421833,0.006998816940044044,-0.22495249075682877,0.2802353887891673,-0.1300097229820445,0.011452291375702106,0.0858434372005477,0.9877232513421833,0.14289459867500995,-0.5114106861434556,0.7777399675562217,-0.07045882235020899,0.5252748074965435,-0.02379980516405522,0.14289459867500284,-0.5114106861434576,0.7777399675562244,-0.07045882235022423,0.525274807496545,-0.023799805164070417,0.14289459867500284,-0.5114106861434576,0.7777399675562244,-0.07045882235022423,0.525274807496545,-0.023799805164070417,6.246312430524307e-14,-1.0866840472174244e-13,2.1764937518120888e-13,1.4933472106379427e-13,1.051282744692202e-13,1.5114230214784392e-13,1.880535455540168e-14,1.055180832296168e-12,-2.0206845859134862e-12,-8.966321450235553e-14,-9.893547080421721e-13,-1.081984649342943e-13,1.0,True,False,1,True,True,0.0018450999923516065,1,1.2346941379384694e-10,1.0246002022868926e-11,`gtol` termination condition is satisfied.,True,True,0.010000000000001563,1.6736612096224235e-14,1.0,7.088547964785382e-16,9.09762822718325e-16,1.2346908562341216e-10,1.0245582048834993e-11
23.440000000000865,1786132522.5991075,0.008081700012553483,0.00673320000350941,0.01,TELEOP,0,,0.0,23.440000000000865,2344,0.08,0.0,0.0,0.0,0.0,0.17364817766693036,0.9848077530122081,0.08,0.0,0.0,0.0,0.0,0.17364817766693036,0.9848077530122081,0.006998816929891145,-0.22495249069560952,0.28023538868242587,-0.13000972298710123,0.011452291375236975,0.0858434372006431,0.9877232513415147,0.006998816929891145,-0.22495249069560952,0.28023538868242587,-0.13000972298710123,0.011452291375236975,0.0858434372006431,0.9877232513415147,0.006998816940044696,-0.22495249075682894,0.28023538878916754,-0.13000972298204433,0.011452291375702172,0.08584343720054728,0.9877232513421833,0.006998816940044086,-0.22495249075682866,0.280235388789167,-0.13000972298204447,0.01145229137570211,0.08584343720054767,0.9877232513421833,0.006998816940044086,-0.22495249075682866,0.280235388789167,-0.13000972298204447,0.01145229137570211,0.08584343720054767,0.9877232513421833,0.14289459867500995,-0.5114106861434556,0.7777399675562217,-0.07045882235020899,0.5252748074965435,-0.02379980516405522,0.14289459867500345,-0.5114106861434586,0.7777399675562264,-0.07045882235022276,0.525274807496546,-0.023799805164068925,0.14289459867500345,-0.5114106861434586,0.7777399675562264,-0.07045882235022276,0.525274807496546,-0.023799805164068925,6.219218850036236e-14,-9.822492554748083e-14,1.9758445672057522e-13,1.4747197417860297e-13,9.536530025510817e-14,1.4910001144771552e-13,-2.7093580488067125e-14,1.0443479174259982e-12,-2.0064918460630526e-12,-1.8627468851909995e-13,-9.762974214110504e-13,-2.0422907001280833e-13,1.0,True,False,1,True,True,0.001895399997010827,1,1.2346941379384694e-10,1.0246002022868926e-11,`gtol` termination condition is satisfied.,True,True,0.010000000000001563,1.5237811012980274e-14,1.0,8.706583865735264e-16,8.387016880330337e-16,1.2346874605628724e-10,1.0245639525351864e-11
23.450000000000866,1786132522.603789,0.0069484999985434115,0.004466600003070198,0.01,TELEOP,0,,0.0,23.450000000000866,2345,0.08,0.0,0.0,0.0,0.0,0.17364817766693036,0.9848077530122081,0.08,0.0,0.0,0.0,0.0,0.17364817766693036,0.9848077530122081,0.006998816929891145,-0.22495249069560952,0.28023538868242587,-0.13000972298710123,0.011452291375236975,0.0858434372006431,0.9877232513415147,0.006998816929891145,-0.22495249069560952,0.28023538868242587,-0.13000972298710123,0.011452291375236975,0.0858434372006431,0.9877232513415147,0.006998816940044696,-0.22495249075682894,0.28023538878916754,-0.13000972298204433,0.011452291375702172,0.08584343720054728,0.9877232513421833,0.0069988169400441134,-0.2249524907568285,0.2802353887891669,-0.13000972298204455,0.01145229137570211,0.08584343720054761,0.9877232513421833,0.0069988169400441134,-0.2249524907568285,0.2802353887891669,-0.13000972298204455,0.01145229137570211,0.08584343720054761,0.9877232513421833,0.14289459867500995,-0.5114106861434556,0.7777399675562217,-0.07045882235020899,0.5252748074965435,-0.02379980516405522,0.14289459867500406,-0.5114106861434595,0.7777399675562282,-0.07045882235022131,0.5252748074965469,-0.023799805164067465,0.14289459867500406,-0.5114106861434595,0.7777399675562282,-0.07045882235022131,0.5252748074965469,-0.023799805164067465,6.151978716287176e-14,-8.795784691401699e-14,1.7780383601754629e-13,1.4474289682021337e-13,8.572201783511477e-14,1.4619189623000043e-13,-6.724013374904985e-14,1.0267078633462237e-12,-1.9780620703025832e-12,-2.729077358389176e-13,-9.643282419991892e-13,-2.9081152177146416e-13,1.0,True,False,1,True,True,0.0011704999924404547,1,1.2346941379384694e-10,1.0246002022868926e-11,`gtol` termination condition is satisfied.,True,True,0.010000000000001563,1.3766765505351941e-14,1.0,9.902946670976172e-16,8.114804141233364e-16,1.2346856978597987e-10,1.0245475194993175e-11
23.460000000000868,1786132522.6090608,0.004720600001746789,0.005017600007704459,0.01,TELEOP,0,,0.0,23.460000000000868,2346,0.08,0.0,0.0,0.0,0.0,0.17364817766693036,0.9848077530122081,0.08,0.0,0.0,0.0,0.0,0.17364817766693036,0.9848077530122081,0.006998816929891145,-0.22495249069560952,0.28023538868242587,-0.13000972298710123,0.011452291375236975,0.0858434372006431,0.9877232513415147,0.006998816929891145,-0.22495249069560952,0.28023538868242587,-0.13000972298710123,0.011452291375236975,0.0858434372006431,0.9877232513415147,0.006998816940044696,-0.22495249075682894,0.28023538878916754,-0.13000972298204433,0.011452291375702172,0.08584343720054728,0.9877232513421833,0.006998816940044169,-0.22495249075682844,0.2802353887891667,-0.13000972298204447,0.011452291375702124,0.0858434372005476,0.9877232513421833,0.006998816940044169,-0.22495249075682844,0.2802353887891667,-0.13000972298204447,0.011452291375702124,0.0858434372005476,0.9877232513421833,0.14289459867500995,-0.5114106861434556,0.7777399675562217,-0.07045882235020899,0.5252748074965435,-0.02379980516405522,0.14289459867500467,-0.5114106861434603,0.7777399675562298,-0.0704588223502199,0.5252748074965476,-0.02379980516406604,0.14289459867500467,-0.5114106861434603,0.7777399675562298,-0.0704588223502199,0.5252748074965476,-0.02379980516406604,6.047937575382209e-14,-7.792956759743897e-14,1.5843801923463077e-13,1.4123895790001395e-13,7.626555171421799e-14,1.425117925812806e-13,-1.0404114090495012e-13,1.002827931657645e-12,-1.9365816782912482e-12,-3.5039389201988663e-13,-9.456466120895308e-13,-3.6801036487192685e-13,1.0,True,False,1,True,True,0.0012709000002359971,1,1.2346941379384694e-10,1.0246002022868926e-11,`gtol` termination condition is satisfied.,True,True,0.010000000000001563,1.2323475573339238e-14,1.0,1.1050065994108394e-15,7.050450603879314e-16,1.2346840285541623e-10,1.0245644572652648e-11
23.47000000000087,1786132522.614264,0.005241399994702078,0.0049795999948401,0.01,TELEOP,0,,0.0,23.47000000000087,2347,0.08,0.0,0.0,0.0,0.0,0.17364817766693036,0.9848077530122081,0.08,0.0,0.0,0.0,0.0,0.17364817766693036,0.9848077530122081,0.006998816929891145,-0.22495249069560952,0.28023538868242587,-0.13000972298710123,0.011452291375236975,0.0858434372006431,0.9877232513415147,0.006998816929891145,-0.22495249069560952,0.28023538868242587,-0.13000972298710123,0.011452291375236975,0.0858434372006431,0.9877232513415147,0.006998816940044696,-0.22495249075682894,0.28023538878916754,-0.13000972298204433,0.011452291375702172,0.08584343720054728,0.9877232513421833,0.00699881694004419,-0.22495249075682833,0.28023538878916654,-0.13000972298204436,0.011452291375702127,0.08584343720054755,0.9877232513421833,0.00699881694004419,-0.22495249075682833,0.28023538878916654,-0.13000972298204436,0.011452291375702127,0.08584343720054755,0.9877232513421833,0.14289459867500995,-0.5114106861434556,0.7777399675562217,-0.07045882235020899,0.5252748074965435,-0.02379980516405522,0.14289459867500526,-0.511410686143461,0.7777399675562312,-0.07045882235021853,0.5252748074965483,-0.023799805164064658,0.14289459867500526,-0.511410686143461,0.7777399675562312,-0.07045882235021853,0.5252748074965483,-0.023799805164064658,5.910162177917663e-14,-6.819728647582749e-14,1.3960663702079497e-13,1.3704400392011086e-13,6.705743268864763e-14,1.381481262524172e-13,-1.377753974645248e-13,9.732281121609955e-13,-1.883138221383287e-12,-4.1949539799024384e-13,-9.208119025568917e-13,-4.3636663288627095e-13,1.0,True,False,1,True,True,0.0011251999967498705,1,1.2346941379384694e-10,1.0246002022868926e-11,`gtol` termination condition is satisfied.,True,True,0.010000000000001563,1.0907941216942163e-14,1.0,1.2758699531083494e-15,5.404340559015406e-16,1.2346820554799044e-10,1.0245869497671892e-11
23.48000000000087,1786132522.6189122,0.005206500005442649,0.004421300007379614,0.01,TELEOP,0,,0.0,23.48000000000087,2348,0.08,0.0,0.0,0.0,0.0,0.17364817766693036,0.9848077530122081,0.08,0.0,0.0,0.0,0.0,0.17364817766693036,0.9848077530122081,0.006998816929891145,-0.22495249069560952,0.28023538868242587,-0.13000972298710123,0.011452291375236975,0.0858434372006431,0.9877232513415147,0.006998816929891145,-0.22495249069560952,0.28023538868242587,-0.13000972298710123,0.011452291375236975,0.0858434372006431,0.9877232513415147,0.006998816940044696,-0.22495249075682894,0.28023538878916754,-0.13000972298204433,0.011452291375702172,0.08584343720054728,0.9877232513421833,0.006998816940044231,-0.2249524907568283,0.28023538878916643,-0.1300097229820444,0.011452291375702126,0.0858434372005475,0.9877232513421833,0.006998816940044231,-0.2249524907568283,0.28023538878916643,-0.1300097229820444,0.011452291375702126,0.0858434372005475,0.9877232513421833,0.14289459867500995,-0.5114106861434556,0.7777399675562217,-0.07045882235020899,0.5252748074965435,-0.02379980516405522,0.14289459867500584,-0.5114106861434615,0.7777399675562324,-0.0704588223502172,0.5252748074965489,-0.023799805164063326,0.14289459867500584,-0.5114106861434615,0.7777399675562324,-0.0704588223502172,0.5252748074965489,-0.023799805164063326,5.743391182469032e-14,-5.881343585408988e-14,1.213422519831034e-13,1.3224453152674567e-13,5.815406398828103e-14,1.3318918219618294e-13,-1.667709954486048e-13,9.383850621736146e-13,-1.826438503768871e-12,-4.799472393364424e-13,-8.903368700365201e-13,-4.958944056233495e-13,1.0,True,False,1,True,True,0.001138299994636327,1,1.2346941379384694e-10,1.0246002022868926e-11,`gtol` termination condition is satisfied.,True,True,0.010000000000001563,9.547918011776346e-15,1.0,1.3624461195397884e-15,4.840727520906802e-16,1.2346809922870632e-10,1.0245759549096565e-11
23.490000000000872,1786132522.6240246,0.004632099997252226,0.004901799999061041,0.01,TELEOP,0,,0.0,23.490000000000872,2349,0.08,0.0,0.0,0.0,0.0,0.17364817766693036,0.9848077530122081,0.08,0.0,0.0,0.0,0.0,0.17364817766693036,0.9848077530122081,0.006998816929891145,-0.22495249069560952,0.28023538868242587,-0.13000972298710123,0.011452291375236975,0.0858434372006431,0.9877232513415147,0.006998816929891145,-0.22495249069560952,0.28023538868242587,-0.13000972298710123,0.011452291375236975,0.0858434372006431,0.9877232513415147,0.006998816940044696,-0.22495249075682894,0.28023538878916754,-0.13000972298204433,0.011452291375702172,0.08584343720054728,0.9877232513421833,0.0069988169400442835,-0.22495249075682827,0.2802353887891664,-0.1300097229820444,0.011452291375702146,0.08584343720054748,0.9877232513421833,0.0069988169400442835,-0.22495249075682827,0.2802353887891664,-0.1300097229820444,0.011452291375702146,0.08584343720054748,0.9877232513421833,0.14289459867500995,-0.5114106861434556,0.7777399675562217,-0.07045882235020899,0.5252748074965435,-0.02379980516405522,0.1428945986750064,-0.511410686143462,0.7777399675562334,-0.07045882235021594,0.5252748074965493,-0.02379980516406205,0.1428945986750064,-0.511410686143462,0.7777399675562334,-0.07045882235021594,0.5252748074965493,-0.02379980516406205,5.5500408888683244e-14,-4.982607867839117e-14,1.0375181199918647e-13,1.2692946666495088e-13,4.960714857383909e-14,1.2771829762411381e-13,-1.9335029360067772e-13,8.987357175697303e-13,-1.7590439983914185e-12,-5.315064861793974e-13,-8.546915414440608e-13,-5.47088457206827e-13,1.0,True,False,1,True,True,0.001221900005475618,1,1.2346941379384694e-10,1.0246002022868926e-11,`gtol` termination condition is satisfied.,True,True,0.010000000000001563,1.0769163338864018e-14,1.0,1.4046804850523394e-15,4.2674395838234283e-16,1.2346804175581758e-10,1.0245764063227263e-11
23.500000000000874,1786132522.6293519,0.005128699995111674,0.0051001999963773414,0.01,TELEOP,0,,0.0,23.500000000000874,2350,0.08,0.0,0.0,0.0,0.0,0.17364817766693036,0.9848077530122081,0.08,0.0,0.0,0.0,0.0,0.17364817766693036,0.9848077530122081,0.006998816929891145,-0.22495249069560952,0.28023538868242587,-0.13000972298710123,0.011452291375236975,0.0858434372006431,0.9877232513415147,0.006998816929891145,-0.22495249069560952,0.28023538868242587,-0.13000972298710123,0.011452291375236975,0.0858434372006431,0.9877232513415147,0.006998816940044696,-0.22495249075682894,0.28023538878916754,-0.13000972298204433,0.011452291375702172,0.08584343720054728,0.9877232513421833,0.006998816940044308,-0.22495249075682822,0.2802353887891662,-0.1300097229820444,0.011452291375702148,0.08584343720054745,0.9877232513421833,0.006998816940044308,-0.22495249075682822,0.2802353887891662,-0.1300097229820444,0.011452291375702148,0.08584343720054745,0.9877232513421833,0.14289459867500995,-0.5114106861434556,0.7777399675562217,-0.07045882235020899,0.5252748074965435,-0.02379980516405522,0.14289459867500692,-0.5114106861434624,0.7777399675562343,-0.07045882235021474,0.5252748074965498,-0.02379980516406083,0.14289459867500692,-0.5114106861434624,0.7777399675562343,-0.07045882235021474,0.5252748074965498,-0.02379980516406083,5.334253709157076e-14,-4.127927264938266e-14,8.693335262353867e-14,1.2118032478433952e-13,4.146408082598261e-14,1.2181668365644002e-13,-2.1578717971121447e-13,8.546806029007176e-13,-1.6818459375645163e-12,-5.749141880610461e-13,-8.143067747855213e-13,-5.901613967672879e-13,1.0,True,False,1,True,True,0.0011537000100361183,1,1.2346941379384694e-10,1.0246002022868926e-11,`gtol` termination condition is satisfied.,True,True,0.010000000000001563,1.176836406102666e-14,1.0,1.5641935306571066e-15,3.757861621579054e-16,1.234678722576515e-10,1.0245765805629984e-11
23.510000000000876,1786132522.6339614,0.005361600007745437,0.004347900001448579,0.01,TELEOP,0,,0.0,23.510000000000876,2351,0.08,0.0,0.0,0.0,0.0,0.17364817766693036,0.9848077530122081,0.08,0.0,0.0,0.0,0.0,0.17364817766693036,0.9848077530122081,0.006998816929891145,-0.22495249069560952,0.28023538868242587,-0.13000972298710123,0.011452291375236975,0.0858434372006431,0.9877232513415147,0.006998816929891145,-0.22495249069560952,0.28023538868242587,-0.13000972298710123,0.011452291375236975,0.0858434372006431,0.9877232513415147,0.006998816940044696,-0.22495249075682894,0.28023538878916754,-0.13000972298204433,0.011452291375702172,0.08584343720054728,0.9877232513421833,0.006998816940044342,-0.2249524907568281,0.28023538878916615,-0.13000972298204444,0.011452291375702158,0.0858434372005474,0.9877232513421833,0.006998816940044342,-0.2249524907568281,0.28023538878916615,-0.13000972298204444,0.011452291375702158,0.0858434372005474,0.9877232513421833,0.14289459867500995,-0.5114106861434556,0.7777399675562217,-0.07045882235020899,0.5252748074965435,-0.02379980516405522,0.14289459867500742,-0.5114106861434627,0.777739967556235,-0.07045882235021358,0.5252748074965501,-0.023799805164059676,0.14289459867500742,-0.5114106861434627,0.777739967556235,-0.07045882235021358,0.5252748074965501,-0.023799805164059676,5.099826854373363e-14,-3.313630517150682e-14,7.089964095995878e-14,1.1507182838039025e-13,3.369120677249612e-14,1.1556119315820028e-13,-2.3442685478367635e-13,8.142967477874567e-13,-1.6033711663577379e-12,-6.108496403948304e-13,-7.772874053485271e-13,-6.255490498238755e-13,1.0,True,False,1,True,True,0.0011186000047018752,1,1.2346941379384694e-10,1.0246002022868926e-11,`gtol` termination condition is satisfied.,True,True,0.010000000000001563,1.2656542480726785e-14,1.0,1.6566527454480074e-15,3.358258430912483e-16,1.2346777207241596e-10,1.0245713653519921e-11
23.520000000000877,1786132522.6385617,0.004549099990981631,0.0043994000006932765,0.01,TELEOP,0,,0.0,23.520000000000877,2352,0.08,0.0,0.0,0.0,0.0,0.17364817766693036,0.9848077530122081,0.08,0.0,0.0,0.0,0.0,0.17364817766693036,0.9848077530122081,0.006998816929891145,-0.22495249069560952,0.28023538868242587,-0.13000972298710123,0.011452291375236975,0.0858434372006431,0.9877232513415147,0.006998816929891145,-0.22495249069560952,0.28023538868242587,-0.13000972298710123,0.011452291375236975,0.0858434372006431,0.9877232513415147,0.006998816940044696,-0.22495249075682894,0.28023538878916754,-0.13000972298204433,0.011452291375702172,0.08584343720054728,0.9877232513421833,0.006998816940044381,-0.22495249075682816,0.28023538878916615,-0.13000972298204436,0.011452291375702169,0.08584343720054737,0.9877232513421833,0.006998816940044381,-0.22495249075682816,0.28023538878916615,-0.13000972298204436,0.011452291375702169,0.08584343720054737,0.9877232513421833,0.14289459867500995,-0.5114106861434556,0.7777399675562217,-0.07045882235020899,0.5252748074965435,-0.02379980516405522,0.1428945986750079,-0.511410686143463,0.7777399675562355,-0.0704588223502125,0.5252748074965503,-0.023799805164058586,0.1428945986750079,-0.511410686143463,0.7777399675562355,-0.0704588223502125,0.5252748074965503,-0.023799805164058586,4.850241101302088e-14,-2.5440621853323796e-14,5.573947900808354e-14,1.0867247307395852e-13,2.6334775760003334e-14,1.0902468392717455e-13,-2.495857530712364e-13,7.69568331818182e-13,-1.5160161951872872e-12,-6.399355306430725e-13,-7.356431012491638e-13,-6.536509231024718e-13,1.0,True,False,1,True,True,0.0010855000000447035,1,1.2346941379384694e-10,1.0246002022868926e-11,`gtol` termination condition is satisfied.,True,True,0.010000000000001563,1.3322676295501878e-14,1.0,1.6215981273519234e-15,1.764244477871622e-16,1.234678027346827e-10,1.0245883401355294e-11
23.53000000000088,1786132522.6431894,0.00462110000080429,0.004405799991218373,0.01,TELEOP,0,,0.0,23.53000000000088,2353,0.08,0.0,0.0,0.0,0.0,0.17364817766693036,0.9848077530122081,0.08,0.0,0.0,0.0,0.0,0.17364817766693036,0.9848077530122081,0.006998816929891145,-0.22495249069560952,0.28023538868242587,-0.13000972298710123,0.011452291375236975,0.0858434372006431,0.9877232513415147,0.006998816929891145,-0.22495249069560952,0.28023538868242587,-0.13000972298710123,0.011452291375236975,0.0858434372006431,0.9877232513415147,0.006998816940044696,-0.22495249075682894,0.28023538878916754,-0.13000972298204433,0.011452291375702172,0.08584343720054728,0.9877232513421833,0.006998816940044429,-0.22495249075682808,0.2802353887891661,-0.1300097229820444,0.011452291375702157,0.08584343720054735,0.9877232513421833,0.006998816940044429,-0.22495249075682808,0.2802353887891661,-0.1300097229820444,0.011452291375702157,0.08584343720054735,0.9877232513421833,0.14289459867500995,-0.5114106861434556,0.7777399675562217,-0.07045882235020899,0.5252748074965435,-0.02379980516405522,0.14289459867500837,-0.5114106861434632,0.777739967556236,-0.07045882235021148,0.5252748074965505,-0.023799805164057563,0.14289459867500837,-0.5114106861434632,0.777739967556236,-0.07045882235021148,0.5252748074965505,-0.023799805164057563,4.588687161996077e-14,-1.823204783601372e-14,4.1457169779758756e-14,1.0205468387013945e-13,1.94371830229093e-14,1.0227635161615547e-13,-2.615539393059698e-13,7.208574017308951e-13,-1.4282309228322557e-12,-6.617789203818032e-13,-6.897592737092955e-13,-6.748332311018013e-13,1.0,True,False,1,True,True,0.0011476999934529886,1,1.2346941379384694e-10,1.0246002022868926e-11,`gtol` termination condition is satisfied.,True,True,0.010000000000001563,1.3877787807814457e-14,1.0,1.701405607129995e-15,2.1859236685392547e-16,1.2346771745266165e-10,1.0245770777231959e-11
23.54000000000088,1786132522.6511245,0.004789300000993535,0.0075511999893933535,0.01,TELEOP,0,,0.0,23.54000000000088,2354,0.08,0.0,0.0,0.0,0.0,0.17364817766693036,0.9848077530122081,0.08,0.0,0.0,0.0,0.0,0.17364817766693036,0.9848077530122081,0.006998816929891145,-0.22495249069560952,0.28023538868242587,-0.13000972298710123,0.011452291375236975,0.0858434372006431,0.9877232513415147,0.006998816929891145,-0.22495249069560952,0.28023538868242587,-0.13000972298710123,0.011452291375236975,0.0858434372006431,0.9877232513415147,0.006998816940044696,-0.22495249075682894,0.28023538878916754,-0.13000972298204433,0.011452291375702172,0.08584343720054728,0.9877232513421833,0.006998816940044467,-0.2249524907568281,0.28023538878916604,-0.1300097229820443,0.011452291375702158,0.08584343720054732,0.9877232513421833,0.006998816940044467,-0.2249524907568281,0.28023538878916604,-0.1300097229820443,0.011452291375702158,0.08584343720054732,0.9877232513421833,0.14289459867500995,-0.5114106861434556,0.7777399675562217,-0.07045882235020899,0.5252748074965435,-0.02379980516405522,0.1428945986750088,-0.5114106861434633,0.7777399675562363,-0.07045882235021052,0.5252748074965506,-0.02379980516405661,0.1428945986750088,-0.5114106861434633,0.7777399675562363,-0.07045882235021052,0.5252748074965506,-0.02379980516405661,4.3161623853082255e-14,-1.146999067783717e-14,2.8056657702509734e-14,9.52752130042926e-14,1.2960192038264117e-14,9.537962557353636e-14,-2.7252477668780864e-13,6.762057158175494e-13,-1.3400512077246926e-12,-6.779470865845796e-13,-6.476990984644169e-13,-6.896726042618034e-13,1.0,True,False,1,True,True,0.0019107999978587031,1,1.2346941379384694e-10,1.0246002022868926e-11,`gtol` termination condition is satisfied.,True,True,0.010000000000001563,1.432187701766452e-14,1.0,1.7297898455733341e-15,1.0594780137088321e-16,1.2346768636254823e-10,1.0245993983700123e-11
23.550000000000882,1786132522.6566813,0.007908100000349805,0.005200499988859519,0.01,TELEOP,0,,0.0,23.550000000000882,2355,0.08,0.0,0.0,0.0,0.0,0.17364817766693036,0.9848077530122081,0.08,0.0,0.0,0.0,0.0,0.17364817766693036,0.9848077530122081,0.006998816929891145,-0.22495249069560952,0.28023538868242587,-0.13000972298710123,0.011452291375236975,0.0858434372006431,0.9877232513415147,0.006998816929891145,-0.22495249069560952,0.28023538868242587,-0.13000972298710123,0.011452291375236975,0.0858434372006431,0.9877232513415147,0.006998816940044696,-0.22495249075682894,0.28023538878916754,-0.13000972298204433,0.011452291375702172,0.08584343720054728,0.9877232513421833,0.006998816940044502,-0.2249524907568281,0.28023538878916604,-0.13000972298204436,0.011452291375702164,0.0858434372005473,0.9877232513421833,0.006998816940044502,-0.2249524907568281,0.28023538878916604,-0.13000972298204436,0.011452291375702164,0.0858434372005473,0.9877232513421833,0.14289459867500995,-0.5114106861434556,0.7777399675562217,-0.07045882235020899,0.5252748074965435,-0.02379980516405522,0.14289459867500923,-0.5114106861434633,0.7777399675562364,-0.07045882235020963,0.5252748074965508,-0.023799805164055724,0.14289459867500923,-0.5114106861434633,0.7777399675562364,-0.07045882235020963,0.5252748074965508,-0.023799805164055724,4.0355084782158843e-14,-5.1943394616875494e-15,1.554155850156803e-14,8.839572071147519e-14,6.945851481184916e-15,8.83950587068388e-14,-2.8065390709229756e-13,6.275651216148639e-13,-1.2515099200939748e-12,-6.879492292816334e-13,-6.014340557078261e-13,-6.984566866696471e-13,1.0,True,False,1,True,True,0.0011230999953113496,1,1.2346941379384694e-10,1.0246002022868926e-11,`gtol` termination condition is satisfied.,True,True,0.010000000000001563,1.4654943925052066e-14,1.0,1.7255398268433755e-15,6.472314661802507e-17,1.234676892156408e-10,1.02458852280335e-11
23.560000000000883,1786132522.6632147,0.005457599996589124,0.0062756999977864325,0.01,TELEOP,0,,0.0,23.560000000000883,2356,0.08,0.0,0.0,0.0,0.0,0.17364817766693036,0.9848077530122081,0.08,0.0,0.0,0.0,0.0,0.17364817766693036,0.9848077530122081,0.006998816929891145,-0.22495249069560952,0.28023538868242587,-0.13000972298710123,0.011452291375236975,0.0858434372006431,0.9877232513415147,0.006998816929891145,-0.22495249069560952,0.28023538868242587,-0.13000972298710123,0.011452291375236975,0.0858434372006431,0.9877232513415147,0.006998816940044696,-0.22495249075682894,0.28023538878916754,-0.13000972298204433,0.011452291375702172,0.08584343720054728,0.9877232513421833,0.006998816940044537,-0.22495249075682808,0.2802353887891661,-0.13000972298204436,0.011452291375702165,0.08584343720054727,0.9877232513421833,0.006998816940044537,-0.22495249075682808,0.2802353887891661,-0.13000972298204436,0.011452291375702165,0.08584343720054727,0.9877232513421833,0.14289459867500995,-0.5114106861434556,0.7777399675562217,-0.07045882235020899,0.5252748074965435,-0.02379980516405522,0.14289459867500962,-0.5114106861434633,0.7777399675562364,-0.07045882235020881,0.5252748074965508,-0.02379980516405491,0.14289459867500962,-0.5114106861434633,0.7777399675562364,-0.07045882235020881,0.5252748074965508,-0.02379980516405491,3.749330338781624e-14,5.583408197828544e-16,3.992285412883761e-15,8.147272887382302e-14,1.3556071493745221e-15,8.137815784795757e-14,-2.8617813943421594e-13,5.752680281469505e-13,-1.1549273088682464e-12,-6.922991837651082e-13,-5.59024433180952e-13,-7.016900858880127e-13,1.0,True,False,1,True,True,0.0019767000048886985,1,1.2346941379384694e-10,1.0246002022868926e-11,`gtol` termination condition is satisfied.,True,True,0.010000000000001563,1.4765966227514582e-14,1.0,1.6878636562193669e-15,6.412613630822115e-17,1.234677262972447e-10,1.0245886518338105e-11
23.570000000000885,1786132522.6677778,0.006488800005172379,0.004350200004409999,0.01,TELEOP,0,,0.0,23.570000000000885,2357,0.08,0.0,0.0,0.0,0.0,0.17364817766693036,0.9848077530122081,0.08,0.0,0.0,0.0,0.0,0.17364817766693036,0.9848077530122081,0.006998816929891145,-0.22495249069560952,0.28023538868242587,-0.13000972298710123,0.011452291375236975,0.0858434372006431,0.9877232513415147,0.006998816929891145,-0.22495249069560952,0.28023538868242587,-0.13000972298710123,0.011452291375236975,0.0858434372006431,0.9877232513415147,0.006998816940044696,-0.22495249075682894,0.28023538878916754,-0.13000972298204433,0.011452291375702172,0.08584343720054728,0.9877232513421833,0.0069988169400445645,-0.22495249075682805,0.28023538878916604,-0.13000972298204438,0.011452291375702165,0.08584343720054724,0.9877232513421833,0.0069988169400445645,-0.22495249075682805,0.28023538878916604,-0.13000972298204438,0.011452291375702165,0.08584343720054724,0.9877232513421833,0.14289459867500995,-0.5114106861434556,0.7777399675562217,-0.07045882235020899,0.5252748074965435,-0.02379980516405522,0.14289459867500995,-0.5114106861434632,0.7777399675562363,-0.07045882235020806,0.5252748074965508,-0.023799805164054166,0.14289459867500995,-0.5114106861434632,0.7777399675562363,-0.07045882235020806,0.5252748074965508,-0.023799805164054166,3.4600157902294675e-14,5.831631077797316e-15,-6.5945482517433354e-15,7.455804921662725e-14,-3.768783488118266e-15,7.437980425946291e-14,-2.893145485521112e-13,5.273290258013637e-13,-1.0586833664625441e-12,-6.914679657194687e-13,-5.124390637491987e-13,-6.998353588493565e-13,1.0,True,False,1,True,True,0.0011080000112997368,1,1.2346941379384694e-10,1.0246002022868926e-11,`gtol` termination condition is satisfied.,True,True,0.010000000000001563,1.4765966227514582e-14,1.0,1.7471826207075146e-15,1.407914066219744e-16,1.234676668273275e-10,1.0245832305664034e-11
23.580000000000886,1786132522.6729224,0.004564399991068058,0.0049310000031255186,0.01,TELEOP,0,,0.0,23.580000000000886,2358,0.08,0.0,0.0,0.0,0.0,0.17364817766693036,0.9848077530122081,0.08,0.0,0.0,0.0,0.0,0.17364817766693036,0.9848077530122081,0.006998816929891145,-0.22495249069560952,0.28023538868242587,-0.13000972298710123,0.011452291375236975,0.0858434372006431,0.9877232513415147,0.006998816929891145,-0.22495249069560952,0.28023538868242587,-0.13000972298710123,0.011452291375236975,0.0858434372006431,0.9877232513415147,0.006998816940044696,-0.22495249075682894,0.28023538878916754,-0.13000972298204433,0.011452291375702172,0.08584343720054728,0.9877232513421833,0.006998816940044585,-0.22495249075682805,0.28023538878916604,-0.13000972298204438,0.011452291375702165,0.08584343720054721,0.9877232513421833,0.006998816940044585,-0.22495249075682805,0.28023538878916604,-0.13000972298204438,0.011452291375702165,0.08584343720054721,0.9877232513421833,0.14289459867500995,-0.5114106861434556,0.7777399675562217,-0.07045882235020899,0.5252748074965435,-0.02379980516405522,0.14289459867501025,-0.5114106861434631,0.7777399675562362,-0.07045882235020738,0.5252748074965506,-0.023799805164053493,0.14289459867501025,-0.5114106861434631,0.7777399675562362,-0.07045882235020738,0.5252748074965506,-0.023799805164053493,3.1716811410436336e-14,1.0588381659822634e-14,-1.622204695649683e-14,6.769917582140477e-14,-8.466141572486589e-15,6.744904843687193e-14,-2.8833464918578897e-13,4.756750582024575e-13,-9.627498704751991e-13,-6.858873395221416e-13,-4.697358084367589e-13,-6.930755822589894e-13,1.0,True,False,1,True,True,0.0010986999986926094,1,1.2346941379384694e-10,1.0246002022868926e-11,`gtol` termination condition is satisfied.,True,True,0.010000000000001563,1.4654943925052066e-14,1.0,1.7457352445311866e-15,1.5947313009005026e-16,1.2346766853919855e-10,1.0245833145331122e-11
23.590000000000888,1786132522.678044,0.005162500005098991,0.004889899995760061,0.01,TELEOP,0,,0.0,23.590000000000888,2359,0.08,0.0,0.0,0.0,0.0,0.17364817766693036,0.9848077530122081,0.08,0.0,0.0,0.0,0.0,0.17364817766693036,0.9848077530122081,0.006998816929891145,-0.22495249069560952,0.28023538868242587,-0.13000972298710123,0.011452291375236975,0.0858434372006431,0.9877232513415147,0.006998816929891145,-0.22495249069560952,0.28023538868242587,-0.13000972298710123,0.011452291375236975,0.0858434372006431,0.9877232513415147,0.006998816940044696,-0.22495249075682894,0.28023538878916754,-0.13000972298204433,0.011452291375702172,0.08584343720054728,0.9877232513421833,0.006998816940044613,-0.2249524907568281,0.2802353887891661,-0.13000972298204438,0.011452291375702165,0.0858434372005472,0.9877232513421833,0.006998816940044613,-0.2249524907568281,0.2802353887891661,-0.13000972298204438,0.011452291375702165,0.0858434372005472,0.9877232513421833,0.14289459867500995,-0.5114106861434556,0.7777399675562217,-0.07045882235020899,0.5252748074965435,-0.02379980516405522,0.14289459867501053,-0.511410686143463,0.777739967556236,-0.07045882235020677,0.5252748074965505,-0.023799805164052886,0.14289459867501053,-0.511410686143463,0.777739967556236,-0.07045882235020677,0.5252748074965505,-0.023799805164052886,2.8861722034724586e-14,1.487163753885791e-14,-2.4970155281366206e-14,6.093964492954604e-14,-1.2694954328669618e-14,6.062844399624758e-14,-2.8550893757113047e-13,4.2832558790346066e-13,-8.748108324868009e-13,-6.759530891857674e-13,-4.228812756182369e-13,-6.820604440623286e-13,1.0,True,False,1,True,True,0.0012272000021766871,1,1.2346941379384694e-10,1.0246002022868926e-11,`gtol` termination condition is satisfied.,True,True,0.010000000000001563,1.454392162258955e-14,1.0,1.668338681331951e-15,1.8040550764898183e-16,1.2346774633605078e-10,1.0245833782111162e-11
23.60000000000089,1786132522.682697,0.005115100007969886,0.004427499996381812,0.01,TELEOP,0,,0.0,23.60000000000089,2360,0.08,0.0,0.0,0.0,0.0,0.17364817766693036,0.9848077530122081,0.08,0.0,0.0,0.0,0.0,0.17364817766693036,0.9848077530122081,0.006998816929891145,-0.22495249069560952,0.28023538868242587,-0.13000972298710123,0.011452291375236975,0.0858434372006431,0.9877232513415147,0.006998816929891145,-0.22495249069560952,0.28023538868242587,-0.13000972298710123,0.011452291375236975,0.0858434372006431,0.9877232513415147,0.006998816940044696,-0.22495249075682894,0.28023538878916754,-0.13000972298204433,0.011452291375702172,0.08584343720054728,0.9877232513421833,0.00699881694004463,-0.2249524907568281,0.28023538878916615,-0.1300097229820444,0.011452291375702183,0.08584343720054717,0.9877232513421833,0.00699881694004463,-0.2249524907568281,0.28023538878916615,-0.1300097229820444,0.011452291375702183,0.08584343720054717,0.9877232513421833,0.14289459867500995,-0.5114106861434556,0.7777399675562217,-0.07045882235020899,0.5252748074965435,-0.02379980516405522,0.14289459867501078,-0.5114106861434627,0.7777399675562356,-0.07045882235020623,0.5252748074965504,-0.023799805164052345,0.14289459867501078,-0.5114106861434627,0.7777399675562356,-0.07045882235020623,0.5252748074965504,-0.023799805164052345,2.6051809720769177e-14,1.8720856606818985e-14,-3.2835056936853946e-14,5.4319364762325666e-14,-1.6494267200682803e-14,5.3954589080819804e-14,-2.8099123139549705e-13,3.8492190679604753e-13,-7.86490165548651e-13,-6.620280167219332e-13,-3.7993128720125917e-13,-6.67385491542673e-13,1.0,True,False,1,True,True,0.0011414999898988754,1,1.2346941379384694e-10,1.0246002022868926e-11,`gtol` termination condition is satisfied.,True,True,0.010000000000001563,1.432187701766452e-14,1.0,1.6197561865304495e-15,2.6121452334522806e-16,1.2346779575307e-10,1.0245782351069194e-11
23.61000000000089,1786132522.6873133,0.004685299994889647,0.0043584999948507175,0.01,TELEOP,0,,0.0,23.61000000000089,2361,0.08,0.0,0.0,0.0,0.0,0.17364817766693036,0.9848077530122081,0.08,0.0,0.0,0.0,0.0,0.17364817766693036,0.9848077530122081,0.006998816929891145,-0.22495249069560952,0.28023538868242587,-0.13000972298710123,0.011452291375236975,0.0858434372006431,0.9877232513415147,0.006998816929891145,-0.22495249069560952,0.28023538868242587,-0.13000972298710123,0.011452291375236975,0.0858434372006431,0.9877232513415147,0.006998816940044696,-0.22495249075682894,0.28023538878916754,-0.13000972298204433,0.011452291375702172,0.08584343720054728,0.9877232513421833,0.006998816940044655,-0.22495249075682813,0.28023538878916615,-0.13000972298204447,0.011452291375702181,0.08584343720054716,0.9877232513421833,0.006998816940044655,-0.22495249075682813,0.28023538878916615,-0.13000972298204447,0.011452291375702181,0.08584343720054716,0.9877232513421833,0.14289459867500995,-0.5114106861434556,0.7777399675562217,-0.07045882235020899,0.5252748074965435,-0.02379980516405522,0.142894598675011,-0.5114106861434625,0.7777399675562352,-0.07045882235020576,0.5252748074965502,-0.02379980516405187,0.142894598675011,-0.5114106861434625,0.7777399675562352,-0.07045882235020576,0.5252748074965502,-0.02379980516405187,2.3302584418712378e-14,2.2095109776807513e-14,-3.981325365758733e-14,4.787491785591205e-14,-1.9899871845540303e-14,4.74610319885494e-14,-2.7492253020563677e-13,3.3742531699880026e-13,-6.978196720732291e-13,-6.444446906412609e-13,-3.405604644856969e-13,-6.493557092269391e-13,1.0,True,False,1,True,True,0.0011182000016560778,1,1.2346941379384694e-10,1.0246002022868926e-11,`gtol` termination condition is satisfied.,True,True,0.010000000000001563,1.3988810110276972e-14,1.0,1.6048508075921108e-15,3.6006483103103957e-16,1.234678115122118e-10,1.0245671588823582e-11
23.620000000000893,1786132522.6939914,0.004609600000549108,0.006427200001780875,0.01,TELEOP,0,,0.0,23.620000000000893,2362,0.08,0.0,0.0,0.0,0.0,0.17364817766693036,0.9848077530122081,0.08,0.0,0.0,0.0,0.0,0.17364817766693036,0.9848077530122081,0.006998816929891145,-0.22495249069560952,0.28023538868242587,-0.13000972298710123,0.011452291375236975,0.0858434372006431,0.9877232513415147,0.006998816929891145,-0.22495249069560952,0.28023538868242587,-0.13000972298710123,0.011452291375236975,0.0858434372006431,0.9877232513415147,0.006998816940044696,-0.22495249075682894,0.28023538878916754,-0.13000972298204433,0.011452291375702172,0.08584343720054728,0.9877232513421833,0.006998816940044672,-0.2249524907568281,0.2802353887891662,-0.13000972298204444,0.011452291375702191,0.08584343720054714,0.9877232513421833,0.006998816940044672,-0.2249524907568281,0.2802353887891662,-0.13000972298204444,0.011452291375702191,0.08584343720054714,0.9877232513421833,0.14289459867500995,-0.5114106861434556,0.7777399675562217,-0.07045882235020899,0.5252748074965435,-0.02379980516405522,0.1428945986750112,-0.5114106861434623,0.7777399675562348,-0.07045882235020534,0.52527480749655,-0.023799805164051457,0.1428945986750112,-0.5114106861434623,0.7777399675562348,-0.07045882235020534,0.52527480749655,-0.023799805164051457,2.0628263582851278e-14,2.5033977540321216e-14,-4.5901538700308024e-14,4.163983820179287e-14,-2.2867478461017228e-14,4.1178525325900416e-14,-2.6743208358606836e-13,2.938867763513243e-13,-6.088285042719745e-13,-6.235079654118204e-13,-2.9676066154764604e-13,-6.282506662647999e-13,1.0,True,False,1,True,True,0.002104200000758283,1,1.2346941379384694e-10,1.0246002022868926e-11,`gtol` termination condition is satisfied.,True,True,0.010000000000001563,1.354472090042691e-14,1.0,1.5712611599515054e-15,3.4108524755348497e-16,1.2346784716729355e-10,1.024572952570413e-11
23.630000000000894,1786132522.6987555,0.0066611999936867505,0.004530199992586859,0.01,TELEOP,0,,0.0,23.630000000000894,2363,0.08,0.0,0.0,0.0,0.0,0.17364817766693036,0.9848077530122081,0.08,0.0,0.0,0.0,0.0,0.17364817766693036,0.9848077530122081,0.006998816929891145,-0.22495249069560952,0.28023538868242587,-0.13000972298710123,0.011452291375236975,0.0858434372006431,0.9877232513415147,0.006998816929891145,-0.22495249069560952,0.28023538868242587,-0.13000972298710123,0.011452291375236975,0.0858434372006431,0.9877232513415147,0.006998816940044696,-0.22495249075682894,0.28023538878916754,-0.13000972298204433,0.011452291375702172,0.08584343720054728,0.9877232513421833,0.006998816940044707,-0.22495249075682816,0.28023538878916626,-0.1300097229820444,0.011452291375702176,0.08584343720054714,0.9877232513421833,0.006998816940044707,-0.22495249075682816,0.28023538878916626,-0.1300097229820444,0.011452291375702176,0.08584343720054714,0.9877232513421833,0.14289459867500995,-0.5114106861434556,0.7777399675562217,-0.07045882235020899,0.5252748074965435,-0.02379980516405522,0.1428945986750114,-0.5114106861434621,0.7777399675562342,-0.07045882235020498,0.5252748074965498,-0.023799805164051106,0.1428945986750114,-0.5114106861434621,0.7777399675562342,-0.07045882235020498,0.5252748074965498,-0.023799805164051106,1.8041879879624862e-14,2.757374201456633e-14,-5.11740713715171e-14,3.5635227939520856e-14,-2.5433586882895296e-14,3.51328496439705e-14,-2.58638370322601e-13,2.5397644742447175e-13,-5.272532671208253e-13,-6.004610262271074e-13,-2.5661084218776676e-13,-6.045675681928974e-13,1.0,True,False,1,True,True,0.0011717000015778467,1,1.2346941379384694e-10,1.0246002022868926e-11,`gtol` termination condition is satisfied.,True,True,0.010000000000001563,1.3100631690576847e-14,1.0,1.4947197292631704e-15,3.049248401193206e-16,1.2346792553478227e-10,1.0245782253765848e-11
23.640000000000896,1786132522.7033002,0.004744400008348748,0.0043301999976392835,0.01,TELEOP,0,,0.0,23.640000000000896,2364,0.08,0.0,0.0,0.0,0.0,0.17364817766693036,0.9848077530122081,0.08,0.0,0.0,0.0,0.0,0.17364817766693036,0.9848077530122081,0.006998816929891145,-0.22495249069560952,0.28023538868242587,-0.13000972298710123,0.011452291375236975,0.0858434372006431,0.9877232513415147,0.006998816929891145,-0.22495249069560952,0.28023538868242587,-0.13000972298710123,0.011452291375236975,0.0858434372006431,0.9877232513415147,0.006998816940044696,-0.22495249075682894,0.28023538878916754,-0.13000972298204433,0.011452291375702172,0.08584343720054728,0.9877232513421833,0.006998816940044721,-0.22495249075682824,0.28023538878916626,-0.13000972298204447,0.011452291375702176,0.08584343720054714,0.9877232513421833,0.006998816940044721,-0.22495249075682824,0.28023538878916626,-0.13000972298204447,0.011452291375702176,0.08584343720054714,0.9877232513421833,0.14289459867500995,-0.5114106861434556,0.7777399675562217,-0.07045882235020899,0.5252748074965435,-0.02379980516405522,0.14289459867501156,-0.5114106861434617,0.7777399675562336,-0.07045882235020468,0.5252748074965495,-0.02379980516405081,0.14289459867501156,-0.5114106861434617,0.7777399675562336,-0.07045882235020468,0.5252748074965495,-0.02379980516405081,1.553610521464691e-14,2.9747661806981915e-14,-5.562173221435267e-14,2.9880430697019345e-14,-2.7631655293974418e-14,2.934763711459914e-14,-2.5057746649775605e-13,2.1739197924152424e-13,-4.447660842834874e-13,-5.754797242500612e-13,-2.1980684110787788e-13,-5.785212529370449e-13,1.0,True,False,1,True,True,0.0011070999898947775,1,1.2346941379384694e-10,1.0246002022868926e-11,`gtol` termination condition is satisfied.,True,True,0.010000000000001563,1.2545520178264269e-14,1.0,1.4533338938701023e-15,3.777820908951769e-16,1.234679679618944e-10,1.0245671305774392e-11
23.650000000000897,1786132522.708508,0.004535300002316944,0.0050026999961119145,0.01,TELEOP,0,,0.0,23.650000000000897,2365,0.08,0.0,0.0,0.0,0.0,0.17364817766693036,0.9848077530122081,0.08,0.0,0.0,0.0,0.0,0.17364817766693036,0.9848077530122081,0.006998816929891145,-0.22495249069560952,0.28023538868242587,-0.13000972298710123,0.011452291375236975,0.0858434372006431,0.9877232513415147,0.006998816929891145,-0.22495249069560952,0.28023538868242587,-0.13000972298710123,0.011452291375236975,0.0858434372006431,0.9877232513415147,0.006998816940044696,-0.22495249075682894,0.28023538878916754,-0.13000972298204433,0.011452291375702172,0.08584343720054728,0.9877232513421833,0.006998816940044738,-0.22495249075682824,0.2802353887891664,-0.1300097229820444,0.011452291375702183,0.08584343720054713,0.9877232513421833,0.006998816940044738,-0.22495249075682824,0.2802353887891664,-0.1300097229820444,0.011452291375702183,0.08584343720054713,0.9877232513421833,0.14289459867500995,-0.5114106861434556,0.7777399675562217,-0.07045882235020899,0.5252748074965435,-0.02379980516405522,0.1428945986750117,-0.5114106861434614,0.7777399675562331,-0.07045882235020443,0.5252748074965492,-0.023799805164050572,0.1428945986750117,-0.5114106861434614,0.7777399675562331,-0.07045882235020443,0.5252748074965492,-0.023799805164050572,1.3123496873352014e-14,3.150912515323256e-14,-5.931326054784587e-14,2.4393178133218058e-14,-2.949235369515451e-14,2.3839731885650403e-14,-2.4126083412945186e-13,1.7614633462503694e-13,-3.6915283334926183e-13,-5.487252563800429e-13,-1.8606984011798023e-13,-5.507905228947877e-13,1.0,True,False,1,True,True,0.0015511999954469502,1,1.2346941379384694e-10,1.0246002022868926e-11,`gtol` termination condition is satisfied.,True,True,0.010000000000001563,1.199040866595169e-14,1.0,1.3572589995304474e-15,3.296205702506735e-16,1.2346806536936432e-10,1.0245784262339111e-11
23.6600000000009,1786132522.7131565,0.00526269999681972,0.0043883000034838915,0.01,TELEOP,0,,0.0,23.6600000000009,2366,0.08,0.0,0.0,0.0,0.0,0.17364817766693036,0.9848077530122081,0.08,0.0,0.0,0.0,0.0,0.17364817766693036,0.9848077530122081,0.006998816929891145,-0.22495249069560952,0.28023538868242587,-0.13000972298710123,0.011452291375236975,0.0858434372006431,0.9877232513415147,0.006998816929891145,-0.22495249069560952,0.28023538868242587,-0.13000972298710123,0.011452291375236975,0.0858434372006431,0.9877232513415147,0.006998816940044696,-0.22495249075682894,0.28023538878916754,-0.13000972298204433,0.011452291375702172,0.08584343720054728,0.9877232513421833,0.006998816940044755,-0.22495249075682827,0.28023538878916643,-0.13000972298204438,0.011452291375702174,0.08584343720054713,0.9877232513421833,0.006998816940044755,-0.22495249075682827,0.28023538878916643,-0.13000972298204438,0.011452291375702174,0.08584343720054713,0.9877232513421833,0.14289459867500995,-0.5114106861434556,0.7777399675562217,-0.07045882235020899,0.5252748074965435,-0.02379980516405522,0.1428945986750118,-0.5114106861434611,0.7777399675562324,-0.07045882235020423,0.5252748074965489,-0.023799805164050385,0.1428945986750118,-0.5114106861434611,0.7777399675562324,-0.07045882235020423,0.5252748074965489,-0.023799805164050385,1.0815565700721887e-14,3.2892503423832015e-14,-6.23116674144419e-14,1.9189724268802578e-14,-3.096669743277263e-14,1.8624574425999663e-14,-2.307931172629766e-13,1.383378270599241e-13,-2.9984068665955613e-13,-5.203453864414669e-13,-1.4743437376178869e-13,-5.215157459649924e-13,1.0,True,False,1,True,True,0.0011245000059716403,1,1.2346941379384694e-10,1.0246002022868926e-11,`gtol` termination condition is satisfied.,True,True,0.010000000000001563,1.1435297153639112e-14,1.0,1.296074123866648e-15,3.028238582710352e-16,1.2346812854834177e-10,1.0245837922464385e-11
23.6700000000009,1786132522.7176118,0.0045953999942867085,0.004248600002028979,0.01,TELEOP,0,,0.0,23.6700000000009,2367,0.08,0.0,0.0,0.0,0.0,0.17364817766693036,0.9848077530122081,0.08,0.0,0.0,0.0,0.0,0.17364817766693036,0.9848077530122081,0.006998816929891145,-0.22495249069560952,0.28023538868242587,-0.13000972298710123,0.011452291375236975,0.0858434372006431,0.9877232513415147,0.006998816929891145,-0.22495249069560952,0.28023538868242587,-0.13000972298710123,0.011452291375236975,0.0858434372006431,0.9877232513415147,0.006998816940044696,-0.22495249075682894,0.28023538878916754,-0.13000972298204433,0.011452291375702172,0.08584343720054728,0.9877232513421833,0.006998816940044769,-0.22495249075682827,0.2802353887891665,-0.1300097229820444,0.01145229137570218,0.08584343720054713,0.9877232513421833,0.006998816940044769,-0.22495249075682827,0.2802353887891665,-0.1300097229820444,0.01145229137570218,0.08584343720054713,0.9877232513421833,0.14289459867500995,-0.5114106861434556,0.7777399675562217,-0.07045882235020899,0.5252748074965435,-0.02379980516405522,0.1428945986750119,-0.5114106861434607,0.7777399675562318,-0.07045882235020409,0.5252748074965485,-0.023799805164050246,0.1428945986750119,-0.5114106861434607,0.7777399675562318,-0.07045882235020409,0.5252748074965485,-0.023799805164050246,8.62286330465643e-15,3.392930370841789e-14,-6.459761411522766e-14,1.428496862273468e-14,-3.208688272879227e-14,1.3713909160621604e-14,-2.1927023960651138e-13,1.0368002845857124e-13,-2.285946700785411e-13,-4.90475564606713e-13,-1.1201852960194696e-13,-4.910665265377291e-13,1.0,True,False,1,True,True,0.0010943000088445842,1,1.2346941379384694e-10,1.0246002022868926e-11,`gtol` termination condition is satisfied.,True,True,0.010000000000001563,1.0769163338864018e-14,1.0,1.2495838265094918e-15,3.290291909911501e-16,1.234681776800616e-10,1.0245783359801324e-11
23.680000000000902,1786132522.7233362,0.0044575000065378845,0.005515600001672283,0.01,TELEOP,0,,0.0,23.680000000000902,2368,0.08,0.0,0.0,0.0,0.0,0.17364817766693036,0.9848077530122081,0.08,0.0,0.0,0.0,0.0,0.17364817766693036,0.9848077530122081,0.006998816929891145,-0.22495249069560952,0.28023538868242587,-0.13000972298710123,0.011452291375236975,0.0858434372006431,0.9877232513415147,0.006998816929891145,-0.22495249069560952,0.28023538868242587,-0.13000972298710123,0.011452291375236975,0.0858434372006431,0.9877232513415147,0.006998816940044696,-0.22495249075682894,0.28023538878916754,-0.13000972298204433,0.011452291375702172,0.08584343720054728,0.9877232513421833,0.006998816940044773,-0.22495249075682835,0.2802353887891665,-0.13000972298204444,0.011452291375702185,0.08584343720054712,0.9877232513421833,0.006998816940044773,-0.22495249075682835,0.2802353887891665,-0.13000972298204444,0.011452291375702185,0.08584343720054712,0.9877232513421833,0.14289459867500995,-0.5114106861434556,0.7777399675562217,-0.07045882235020899,0.5252748074965435,-0.02379980516405522,0.14289459867501195,-0.5114106861434604,0.7777399675562311,-0.070458822350204,0.5252748074965482,-0.023799805164050156,0.14289459867501195,-0.5114106861434604,0.7777399675562311,-0.070458822350204,0.5252748074965482,-0.023799805164050156,6.555061992397221e-15,3.464840750582465e-14,-6.623047233068736e-14,9.692569087395999e-15,-3.288242278667998e-14,9.11609247424861e-15,-2.067801312258886e-13,7.191037974066488e-14,-1.6328582154594485e-13,-4.592399535337962e-13,-7.955400578875918e-14,-4.597816686372275e-13,1.0,True,False,1,True,True,0.0010960000072373077,1,1.2346941379384694e-10,1.0246002022868926e-11,`gtol` termination condition is satisfied.,True,True,0.010000000000001563,1.0103029524088925e-14,1.0,1.2074672319155278e-15,3.835595312625677e-16,1.2346821925122018e-10,1.0245729018350566e-11
23.690000000000904,1786132522.7280228,0.005737999992561527,0.004463799996301532,0.01,TELEOP,0,,0.0,23.690000000000904,2369,0.08,0.0,0.0,0.0,0.0,0.17364817766693036,0.9848077530122081,0.08,0.0,0.0,0.0,0.0,0.17364817766693036,0.9848077530122081,0.006998816929891145,-0.22495249069560952,0.28023538868242587,-0.13000972298710123,0.011452291375236975,0.0858434372006431,0.9877232513415147,0.006998816929891145,-0.22495249069560952,0.28023538868242587,-0.13000972298710123,0.011452291375236975,0.0858434372006431,0.9877232513415147,0.006998816940044696,-0.22495249075682894,0.28023538878916754,-0.13000972298204433,0.011452291375702172,0.08584343720054728,0.9877232513421833,0.006998816940044797,-0.2249524907568284,0.2802353887891666,-0.13000972298204438,0.011452291375702186,0.08584343720054714,0.9877232513421833,0.006998816940044797,-0.2249524907568284,0.2802353887891666,-0.13000972298204438,0.011452291375702186,0.08584343720054714,0.9877232513421833,0.14289459867500995,-0.5114106861434556,0.7777399675562217,-0.07045882235020899,0.5252748074965435,-0.02379980516405522,0.142894598675012,-0.5114106861434601,0.7777399675562304,-0.07045882235020394,0.5252748074965479,-0.023799805164050107,0.142894598675012,-0.5114106861434601,0.7777399675562304,-0.07045882235020394,0.5252748074965479,-0.023799805164050107,4.6210280455823715e-15,3.507628952331723e-14,-6.726466610126485e-14,5.415408044825383e-15,-3.33803713762801e-14,4.838784386218699e-15,-1.9340339468145475e-13,4.27882017492511e-14,-1.0341937705773247e-13,-4.2771610425699474e-13,-4.979485896000414e-14,-4.2773080880292433e-13,1.0,True,False,1,True,True,0.0011583000014070421,1,1.2346941379384694e-10,1.0246002022868926e-11,`gtol` termination condition is satisfied.,True,True,0.010000000000001563,9.43689570931383e-15,1.0,1.0857151834272008e-15,2.788112686720572e-16,1.234683447532284e-10,1.0245839556378357e-11
23.700000000000905,1786132522.7325084,0.004682300001149997,0.004267299998900853,0.01,TELEOP,0,,0.0,23.700000000000905,2370,0.08,0.0,0.0,0.0,0.0,0.17364817766693036,0.9848077530122081,0.08,0.0,0.0,0.0,0.0,0.17364817766693036,0.9848077530122081,0.006998816929891145,-0.22495249069560952,0.28023538868242587,-0.13000972298710123,0.011452291375236975,0.0858434372006431,0.9877232513415147,0.006998816929891145,-0.22495249069560952,0.28023538868242587,-0.13000972298710123,0.011452291375236975,0.0858434372006431,0.9877232513415147,0.006998816940044696,-0.22495249075682894,0.28023538878916754,-0.13000972298204433,0.011452291375702172,0.08584343720054728,0.9877232513421833,0.006998816940044797,-0.22495249075682847,0.28023538878916665,-0.1300097229820444,0.011452291375702183,0.08584343720054712,0.9877232513421833,0.006998816940044797,-0.22495249075682847,0.28023538878916665,-0.1300097229820444,0.011452291375702183,0.08584343720054712,0.9877232513421833,0.14289459867500995,-0.5114106861434556,0.7777399675562217,-0.07045882235020899,0.5252748074965435,-0.02379980516405522,0.14289459867501203,-0.5114106861434597,0.7777399675562298,-0.07045882235020393,0.5252748074965475,-0.023799805164050097,0.14289459867501203,-0.5114106861434597,0.7777399675562298,-0.07045882235020393,0.5252748074965475,-0.023799805164050097,2.8096141837581826e-15,3.5237218242555145e-14,-6.775008413070032e-14,1.4561276785584386e-15,-3.3605527786616595e-14,8.841879046028916e-16,-1.811413861823906e-13,1.6092871923788834e-14,-4.8541802943538553e-14,-3.9592803662663257e-13,-2.2515641033645707e-14,-3.9545964816151885e-13,1.0,True,False,1,True,True,0.0010967999987769872,1,1.2346941379384694e-10,1.0246002022868926e-11,`gtol` termination condition is satisfied.,True,True,0.010000000000001563,8.770761894538737e-15,1.0,1.010752974797681e-15,3.538437264801515e-16,1.2346842026758011e-10,1.0245784465917889e-11
23.710000000000907,1786132522.737121,0.004537300002994016,0.004342599990195595,0.01,TELEOP,0,,0.0,23.710000000000907,2371,0.08,0.0,0.0,0.0,0.0,0.17364817766693036,0.9848077530122081,0.08,0.0,0.0,0.0,0.0,0.17364817766693036,0.9848077530122081,0.006998816929891145,-0.22495249069560952,0.28023538868242587,-0.13000972298710123,0.011452291375236975,0.0858434372006431,0.9877232513415147,0.006998816929891145,-0.22495249069560952,0.28023538868242587,-0.13000972298710123,0.011452291375236975,0.0858434372006431,0.9877232513415147,0.006998816940044696,-0.22495249075682894,0.28023538878916754,-0.13000972298204433,0.011452291375702172,0.08584343720054728,0.9877232513421833,0.0069988169400448,-0.22495249075682847,0.2802353887891668,-0.13000972298204447,0.011452291375702176,0.08584343720054712,0.9877232513421833,0.0069988169400448,-0.22495249075682847,0.2802353887891668,-0.13000972298204447,0.011452291375702176,0.08584343720054712,0.9877232513421833,0.14289459867500995,-0.5114106861434556,0.7777399675562217,-0.07045882235020899,0.5252748074965435,-0.02379980516405522,0.14289459867501203,-0.5114106861434594,0.7777399675562291,-0.07045882235020395,0.5252748074965472,-0.023799805164050124,0.14289459867501203,-0.5114106861434594,0.7777399675562291,-0.07045882235020395,0.5252748074965472,-0.023799805164050124,1.1298767717973988e-15,3.5153439771726284e-14,-6.773245773075559e-14,-2.1828500098305262e-15,-3.3580624699294763e-14,-2.748086884694784e-15,-1.6797374119605212e-13,-8.377847082884562e-15,1.7626399944718598e-15,-3.638977688388396e-13,2.4903087321824912e-15,-3.632274789297108e-13,1.0,True,False,1,True,True,0.0011037000076612458,1,1.2346941379384694e-10,1.0246002022868926e-11,`gtol` termination condition is satisfied.,True,True,0.010000000000001563,8.104628079763643e-15,1.0,8.68471251378335e-16,4.174493193242959e-16,1.2346856452424273e-10,1.0245672146538045e-11
23.72000000000091,1786132522.742348,0.004612300006556325,0.004957199998898432,0.01,TELEOP,0,,0.0,23.72000000000091,2372,0.08,0.0,0.0,0.0,0.0,0.17364817766693036,0.9848077530122081,0.08,0.0,0.0,0.0,0.0,0.17364817766693036,0.9848077530122081,0.006998816929891145,-0.22495249069560952,0.28023538868242587,-0.13000972298710123,0.011452291375236975,0.0858434372006431,0.9877232513415147,0.006998816929891145,-0.22495249069560952,0.28023538868242587,-0.13000972298710123,0.011452291375236975,0.0858434372006431,0.9877232513415147,0.006998816940044696,-0.22495249075682894,0.28023538878916754,-0.13000972298204433,0.011452291375702172,0.08584343720054728,0.9877232513421833,0.006998816940044807,-0.22495249075682852,0.28023538878916676,-0.1300097229820444,0.011452291375702186,0.08584343720054713,0.9877232513421833,0.006998816940044807,-0.22495249075682852,0.28023538878916676,-0.1300097229820444,0.011452291375702186,0.08584343720054713,0.9877232513421833,0.14289459867500995,-0.5114106861434556,0.7777399675562217,-0.07045882235020899,0.5252748074965435,-0.02379980516405522,0.14289459867501203,-0.5114106861434591,0.7777399675562284,-0.07045882235020401,0.5252748074965469,-0.023799805164050183,0.14289459867501203,-0.5114106861434591,0.7777399675562284,-0.07045882235020401,0.5252748074965469,-0.023799805164050183,-4.098825224999645e-16,3.4845346376669555e-14,-6.725370727054572e-14,-5.499304852231729e-15,-3.3326500405786144e-14,-6.058397402928972e-15,-1.5397592942971226e-13,-3.0809339505668154e-14,4.7875046020980686e-14,-3.316454842400684e-13,2.5412429350857986e-14,-3.3103105182336704e-13,1.0,True,False,1,True,True,0.0011979999981122091,1,1.2346941379384694e-10,1.0246002022868926e-11,`gtol` termination condition is satisfied.,True,True,0.010000000000001563,7.438494264988549e-15,1.0,8.886119947416683e-16,3.301485163050333e-16,1.234685446283223e-10,1.0245784710749291e-11
23.73000000000091,1786132522.7468991,0.00517299999773968,0.004335500008892268,0.01,TELEOP,0,,0.0,23.73000000000091,2373,0.08,0.0,0.0,0.0,0.0,0.17364817766693036,0.9848077530122081,0.08,0.0,0.0,0.0,0.0,0.17364817766693036,0.9848077530122081,0.006998816929891145,-0.22495249069560952,0.28023538868242587,-0.13000972298710123,0.011452291375236975,0.0858434372006431,0.9877232513415147,0.006998816929891145,-0.22495249069560952,0.28023538868242587,-0.13000972298710123,0.011452291375236975,0.0858434372006431,0.9877232513415147,0.006998816940044696,-0.22495249075682894,0.28023538878916754,-0.13000972298204433,0.011452291375702172,0.08584343720054728,0.9877232513421833,0.0069988169400448,-0.22495249075682855,0.2802353887891668,-0.1300097229820444,0.01145229137570218,0.0858434372005471,0.9877232513421833,0.0069988169400448,-0.22495249075682855,0.2802353887891668,-0.1300097229820444,0.01145229137570218,0.0858434372005471,0.9877232513421833,0.14289459867500995,-0.5114106861434556,0.7777399675562217,-0.07045882235020899,0.5252748074965435,-0.02379980516405522,0.142894598675012,-0.5114106861434587,0.7777399675562278,-0.07045882235020409,0.5252748074965465,-0.023799805164050274,0.142894598675012,-0.5114106861434587,0.7777399675562278,-0.07045882235020409,0.5252748074965465,-0.023799805164050274,-1.821328542272528e-15,3.433163096773728e-14,-6.635225975509278e-14,-8.500839047188854e-15,-3.286225667327297e-14,-9.05188996257192e-15,-1.4114460197723424e-13,-5.1371540893219504e-14,9.01447515452799e-14,-3.001534194956655e-13,4.642437325131025e-14,-2.9934925596424803e-13,1.0,True,False,1,True,True,0.001138599996920675,1,1.2346941379384694e-10,1.0246002022868926e-11,`gtol` termination condition is satisfied.,True,True,0.010000000000001563,6.772360450213455e-15,1.0,8.261947231370133e-16,3.782535103449815e-16,1.2346860581008693e-10,1.0245784221166463e-11
23.74000000000091,1786132522.751338,0.004541699992842041,0.004232499995850958,0.01,TELEOP,0,,0.0,23.74000000000091,2374,0.08,0.0,0.0,0.0,0.0,0.17364817766693036,0.9848077530122081,0.08,0.0,0.0,0.0,0.0,0.17364817766693036,0.9848077530122081,0.006998816929891145,-0.22495249069560952,0.28023538868242587,-0.13000972298710123,0.011452291375236975,0.0858434372006431,0.9877232513415147,0.006998816929891145,-0.22495249069560952,0.28023538868242587,-0.13000972298710123,0.011452291375236975,0.0858434372006431,0.9877232513415147,0.006998816940044696,-0.22495249075682894,0.28023538878916754,-0.13000972298204433,0.011452291375702172,0.08584343720054728,0.9877232513421833,0.006998816940044818,-0.2249524907568286,0.28023538878916693,-0.1300097229820443,0.011452291375702186,0.08584343720054713,0.9877232513421834,0.006998816940044818,-0.2249524907568286,0.28023538878916693,-0.1300097229820443,0.011452291375702186,0.08584343720054713,0.9877232513421834,0.14289459867500995,-0.5114106861434556,0.7777399675562217,-0.07045882235020899,0.5252748074965435,-0.02379980516405522,0.14289459867501197,-0.5114106861434584,0.7777399675562271,-0.0704588223502042,0.5252748074965462,-0.02379980516405039,0.14289459867501197,-0.5114106861434584,0.7777399675562271,-0.0704588223502042,0.5252748074965462,-0.02379980516405039,-3.0958793551087246e-15,3.3629428712752425e-14,-6.506333993900037e-14,-1.1194421276700275e-14,-3.220540345500562e-14,-1.1733282016723189e-14,-1.2745508128359975e-13,-7.022022549847467e-14,1.288919816092203e-13,-2.693582229511001e-13,6.568532182672456e-14,-2.6813920541508497e-13,1.0,True,False,1,True,True,0.0010951000003842637,1,1.2346941379384694e-10,1.0246002022868926e-11,`gtol` termination condition is satisfied.,True,True,0.010000000000001563,6.106226635438361e-15,1.0,7.06072944650047e-16,3.2868918825995825e-16,1.2346873074146195e-10,1.0246062136153777e-11
23.750000000000913,1786132522.7563362,0.0044329000083962455,0.004797800007509068,0.01,TELEOP,0,,0.0,23.750000000000913,2375,0.08,0.0,0.0,0.0,0.0,0.17364817766693036,0.9848077530122081,0.08,0.0,0.0,0.0,0.0,0.17364817766693036,0.9848077530122081,0.006998816929891145,-0.22495249069560952,0.28023538868242587,-0.13000972298710123,0.011452291375236975,0.0858434372006431,0.9877232513415147,0.006998816929891145,-0.22495249069560952,0.28023538868242587,-0.13000972298710123,0.011452291375236975,0.0858434372006431,0.9877232513415147,0.006998816940044696,-0.22495249075682894,0.28023538878916754,-0.13000972298204433,0.011452291375702172,0.08584343720054728,0.9877232513421833,0.006998816940044821,-0.22495249075682863,0.280235388789167,-0.13000972298204447,0.011452291375702186,0.08584343720054714,0.9877232513421833,0.006998816940044821,-0.22495249075682863,0.280235388789167,-0.13000972298204447,0.011452291375702186,0.08584343720054714,0.9877232513421833,0.14289459867500995,-0.5114106861434556,0.7777399675562217,-0.07045882235020899,0.5252748074965435,-0.02379980516405522,0.14289459867501192,-0.5114106861434581,0.7777399675562264,-0.07045882235020434,0.5252748074965459,-0.023799805164050534,0.14289459867501192,-0.5114106861434581,0.7777399675562264,-0.07045882235020434,0.5252748074965459,-0.023799805164050534,-4.244942894919921e-15,3.275444684888604e-14,-6.341923718065513e-14,-1.3586439499264506e-14,-3.1371991541463616e-14,-1.4109307235551788e-14,-1.1490635398110167e-13,-8.749818638662497e-14,1.6441027583449842e-13,-2.392018222563857e-13,8.334119135418742e-14,-2.3760252188282283e-13,1.0,True,False,1,True,True,0.0012773999915225431,1,1.2346941379384694e-10,1.0246002022868926e-11,`gtol` termination condition is satisfied.,True,True,0.010000000000001563,5.440092820663267e-15,1.0,6.457273673616727e-16,3.790068099478795e-16,1.234687927791754e-10,1.0245673125610904e-11
23.760000000000915,1786132522.7610414,0.005064400000264868,0.004438999996636994,0.01,TELEOP,0,,0.0,23.760000000000915,2376,0.08,0.0,0.0,0.0,0.0,0.17364817766693036,0.9848077530122081,0.08,0.0,0.0,0.0,0.0,0.17364817766693036,0.9848077530122081,0.006998816929891145,-0.22495249069560952,0.28023538868242587,-0.13000972298710123,0.011452291375236975,0.0858434372006431,0.9877232513415147,0.006998816929891145,-0.22495249069560952,0.28023538868242587,-0.13000972298710123,0.011452291375236975,0.0858434372006431,0.9877232513415147,0.006998816940044696,-0.22495249075682894,0.28023538878916754,-0.13000972298204433,0.011452291375702172,0.08584343720054728,0.9877232513421833,0.006998816940044821,-0.2249524907568287,0.2802353887891671,-0.1300097229820445,0.011452291375702183,0.08584343720054713,0.9877232513421833,0.006998816940044821,-0.2249524907568287,0.2802353887891671,-0.1300097229820445,0.011452291375702183,0.08584343720054713,0.9877232513421833,0.14289459867500995,-0.5114106861434556,0.7777399675562217,-0.07045882235020899,0.5252748074965435,-0.02379980516405522,0.14289459867501186,-0.5114106861434577,0.7777399675562258,-0.0704588223502045,0.5252748074965455,-0.023799805164050697,0.14289459867501186,-0.5114106861434577,0.7777399675562258,-0.0704588223502045,0.5252748074965455,-0.023799805164050697,-5.259701729169568e-15,3.1721083676878253e-14,-6.144955005857813e-14,-1.5682749343505183e-14,-3.037673415725318e-14,-1.6188547488207058e-14,-1.014758834249488e-13,-1.0333631720076252e-13,1.9696871220766959e-13,-2.096309844240349e-13,9.952573842102813e-14,-2.0792402526549434e-13,1.0,True,False,1,True,True,0.0011587999906623736,1,1.2346941379384694e-10,1.0246002022868926e-11,`gtol` termination condition is satisfied.,True,True,0.010000000000001563,4.773959005888173e-15,1.0,5.246097492926871e-16,4.3976373488293303e-16,1.2346891628397073e-10,1.0245617828726025e-11
23.770000000000916,1786132522.7655137,0.004646199988201261,0.004264700008207001,0.01,TELEOP,0,,0.0,23.770000000000916,2377,0.08,0.0,0.0,0.0,0.0,0.17364817766693036,0.9848077530122081,0.08,0.0,0.0,0.0,0.0,0.17364817766693036,0.9848077530122081,0.006998816929891145,-0.22495249069560952,0.28023538868242587,-0.13000972298710123,0.011452291375236975,0.0858434372006431,0.9877232513415147,0.006998816929891145,-0.22495249069560952,0.28023538868242587,-0.13000972298710123,0.011452291375236975,0.0858434372006431,0.9877232513415147,0.006998816940044696,-0.22495249075682894,0.28023538878916754,-0.13000972298204433,0.011452291375702172,0.08584343720054728,0.9877232513421833,0.006998816940044821,-0.22495249075682874,0.28023538878916715,-0.13000972298204433,0.011452291375702193,0.08584343720054713,0.9877232513421833,0.006998816940044821,-0.22495249075682874,0.28023538878916715,-0.13000972298204433,0.011452291375702193,0.08584343720054713,0.9877232513421833,0.14289459867500995,-0.5114106861434556,0.7777399675562217,-0.07045882235020899,0.5252748074965435,-0.02379980516405522,0.1428945986750118,-0.5114106861434574,0.7777399675562252,-0.07045882235020468,0.5252748074965452,-0.023799805164050877,0.1428945986750118,-0.5114106861434574,0.7777399675562252,-0.07045882235020468,0.5252748074965452,-0.023799805164050877,-6.151347916654463e-15,3.0542537639074186e-14,-5.918141060308036e-14,-1.7498355821638288e-14,-2.923311842493002e-14,-1.7981278826236967e-14,-8.916461874847548e-14,-1.178546037803884e-13,2.268139455497428e-13,-1.815606478132821e-13,1.143615732322986e-13,-1.7927313380296295e-13,1.0,True,False,1,True,True,0.0011063000129070133,1,1.2346941379384694e-10,1.0246002022868926e-11,`gtol` termination condition is satisfied.,True,True,0.010000000000001563,4.524158825347513e-15,1.0,4.52041112178401e-16,2.834697534312019e-16,1.234689917983223e-10,1.0245952512930833e-11
23.780000000000918,1786132522.7705684,0.004468200000701472,0.004851399993640371,0.01,TELEOP,0,,0.0,23.780000000000918,2378,0.08,0.0,0.0,0.0,0.0,0.17364817766693036,0.9848077530122081,0.08,0.0,0.0,0.0,0.0,0.17364817766693036,0.9848077530122081,0.006998816929891145,-0.22495249069560952,0.28023538868242587,-0.13000972298710123,0.011452291375236975,0.0858434372006431,0.9877232513415147,0.006998816929891145,-0.22495249069560952,0.28023538868242587,-0.13000972298710123,0.011452291375236975,0.0858434372006431,0.9877232513415147,0.006998816940044696,-0.22495249075682894,0.28023538878916754,-0.13000972298204433,0.011452291375702172,0.08584343720054728,0.9877232513421833,0.006998816940044811,-0.22495249075682874,0.2802353887891672,-0.13000972298204433,0.01145229137570219,0.08584343720054716,0.9877232513421833,0.006998816940044811,-0.22495249075682874,0.2802353887891672,-0.13000972298204433,0.01145229137570219,0.08584343720054716,0.9877232513421833,0.14289459867500995,-0.5114106861434556,0.7777399675562217,-0.07045882235020899,0.5252748074965435,-0.02379980516405522,0.14289459867501175,-0.5114106861434571,0.7777399675562247,-0.07045882235020487,0.5252748074965449,-0.02379980516405107,0.14289459867501175,-0.5114106861434571,0.7777399675562247,-0.07045882235020487,0.5252748074965449,-0.02379980516405107,-6.9301408446050024e-15,2.923090730762353e-14,-5.67167886631014e-14,-1.903737617555082e-14,-2.7953507540170185e-14,-1.9499330301721572e-14,-7.78792927950418e-14,-1.3116303314504526e-13,2.4646219399785706e-13,-1.5390203539122932e-13,1.27961088475963e-13,-1.5180514754843676e-13,1.0,True,False,1,True,True,0.0010925999958999455,1,1.2346941379384694e-10,1.0246002022868926e-11,`gtol` termination condition is satisfied.,True,True,0.010000000000001563,4.343747583845925e-15,1.0,4.022314661866725e-16,2.271237680481484e-16,1.23469038932821e-10,1.0245950336164718e-11
23.79000000000092,1786132522.775515,0.005063800010248087,0.004734300004201941,0.01,TELEOP,0,,0.0,23.79000000000092,2379,0.08,0.0,0.0,0.0,0.0,0.17364817766693036,0.9848077530122081,0.08,0.0,0.0,0.0,0.0,0.17364817766693036,0.9848077530122081,0.006998816929891145,-0.22495249069560952,0.28023538868242587,-0.13000972298710123,0.011452291375236975,0.0858434372006431,0.9877232513415147,0.006998816929891145,-0.22495249069560952,0.28023538868242587,-0.13000972298710123,0.011452291375236975,0.0858434372006431,0.9877232513415147,0.006998816940044696,-0.22495249075682894,0.28023538878916754,-0.13000972298204433,0.011452291375702172,0.08584343720054728,0.9877232513421833,0.006998816940044814,-0.2249524907568288,0.2802353887891672,-0.13000972298204425,0.0114522913757022,0.08584343720054716,0.9877232513421834,0.006998816940044814,-0.2249524907568288,0.2802353887891672,-0.13000972298204425,0.0114522913757022,0.08584343720054716,0.9877232513421834,0.14289459867500995,-0.5114106861434556,0.7777399675562217,-0.07045882235020899,0.5252748074965435,-0.02379980516405522,0.14289459867501167,-0.5114106861434567,0.7777399675562241,-0.07045882235020508,0.5252748074965446,-0.02379980516405128,0.14289459867501167,-0.5114106861434567,0.7777399675562241,-0.07045882235020508,0.5252748074965446,-0.02379980516405128,-7.605484951315718e-15,2.7797283040330166e-14,-5.407205777901471e-14,-2.0313221896283517e-14,-2.6549234432343414e-14,-2.0755954550562e-14,-6.753441067106107e-14,-1.4336242672931388e-13,2.6447308840862816e-13,-1.2758457207324967e-13,1.4042731078265516e-13,-1.2566242488402324e-13,1.0,True,False,1,True,True,0.001320000010309741,1,1.2346941379384694e-10,1.0246002022868926e-11,`gtol` termination condition is satisfied.,True,True,0.010000000000001563,4.1494585545365226e-15,1.0,3.7961521056034483e-16,3.396765090309415e-16,1.2346906674204672e-10,1.0246174549896932e-11
23.80000000000092,1786132522.7802067,0.004950599992298521,0.0044750999950338155,0.01,TELEOP,0,,0.0,23.80000000000092,2380,0.08,0.0,0.0,0.0,0.0,0.17364817766693036,0.9848077530122081,0.08,0.0,0.0,0.0,0.0,0.17364817766693036,0.9848077530122081,0.006998816929891145,-0.22495249069560952,0.28023538868242587,-0.13000972298710123,0.011452291375236975,0.0858434372006431,0.9877232513415147,0.006998816929891145,-0.22495249069560952,0.28023538868242587,-0.13000972298710123,0.011452291375236975,0.0858434372006431,0.9877232513415147,0.006998816940044696,-0.22495249075682894,0.28023538878916754,-0.13000972298204433,0.011452291375702172,0.08584343720054728,0.9877232513421833,0.006998816940044814,-0.2249524907568288,0.2802353887891673,-0.13000972298204422,0.011452291375702205,0.08584343720054717,0.9877232513421834,0.006998816940044814,-0.2249524907568288,0.2802353887891673,-0.13000972298204422,0.011452291375702205,0.08584343720054717,0.9877232513421834,0.14289459867500995,-0.5114106861434556,0.7777399675562217,-0.07045882235020899,0.5252748074965435,-0.02379980516405522,0.14289459867501159,-0.5114106861434565,0.7777399675562235,-0.07045882235020529,0.5252748074965444,-0.0237998051640515,0.14289459867501159,-0.5114106861434565,0.7777399675562235,-0.07045882235020529,0.5252748074965444,-0.0237998051640515,-8.166726266601296e-15,2.6251830998514326e-14,-5.126222702949592e-14,-2.1338186850623715e-14,-2.5107786441193153e-14,-2.1763299822334286e-14,-5.612413152854908e-14,-1.5454520418155995e-13,2.809830749518348e-13,-1.0249649543400382e-13,1.4414479911500368e-13,-1.0073452717721293e-13,1.0,True,False,1,True,True,0.0011587000044528395,1,1.2346941379384694e-10,1.0246002022868926e-11,`gtol` termination condition is satisfied.,True,True,0.010000000000001563,3.941291737419306e-15,1.0,2.871897454095173e-16,3.6250662414116143e-16,1.2346916272293474e-10,1.0246230318726082e-11
23.810000000000922,1786132522.7848938,0.0047338000003946945,0.004428500003996305,0.01,TELEOP,0,,0.0,23.810000000000922,2381,0.08,0.0,0.0,0.0,0.0,0.17364817766693036,0.9848077530122081,0.08,0.0,0.0,0.0,0.0,0.17364817766693036,0.9848077530122081,0.006998816929891145,-0.22495249069560952,0.28023538868242587,-0.13000972298710123,0.011452291375236975,0.0858434372006431,0.9877232513415147,0.006998816929891145,-0.22495249069560952,0.28023538868242587,-0.13000972298710123,0.011452291375236975,0.0858434372006431,0.9877232513415147,0.006998816940044696,-0.22495249075682894,0.28023538878916754,-0.13000972298204433,0.011452291375702172,0.08584343720054728,0.9877232513421833,0.006998816940044807,-0.2249524907568288,0.2802353887891674,-0.13000972298204425,0.0114522913757022,0.08584343720054716,0.9877232513421834,0.006998816940044807,-0.2249524907568288,0.2802353887891674,-0.13000972298204425,0.0114522913757022,0.08584343720054716,0.9877232513421834,0.14289459867500995,-0.5114106861434556,0.7777399675562217,-0.07045882235020899,0.5252748074965435,-0.02379980516405522,0.1428945986750115,-0.5114106861434563,0.7777399675562231,-0.07045882235020551,0.5252748074965442,-0.023799805164051724,0.1428945986750115,-0.5114106861434563,0.7777399675562231,-0.07045882235020551,0.5252748074965442,-0.023799805164051724,-8.623373356413833e-15,2.468096898454075e-14,-4.830105473666439e-14,-2.2133177769104125e-14,-2.3632261473663023e-14,-2.253491135064421e-14,-4.566470898124656e-14,-1.5708620139733292e-13,2.9611722928310725e-13,-7.949909184802876e-14,1.4755249675298981e-13,-7.716115283098016e-14,1.0,True,False,1,True,True,0.0011254999990342185,1,1.2346941379384694e-10,1.0246002022868926e-11,`gtol` termination condition is satisfied.,True,True,0.010000000000001563,3.722716579446228e-15,1.0,2.435541875787129e-16,3.396765090309415e-16,1.234692101427584e-10,1.0246174549896932e-11
23.820000000000924,1786132522.789843,0.004695499999797903,0.0046827000041957945,0.01,TELEOP,0,,0.0,23.820000000000924,2382,0.08,0.0,0.0,0.0,0.0,0.17364817766693036,0.9848077530122081,0.08,0.0,0.0,0.0,0.0,0.17364817766693036,0.9848077530122081,0.006998816929891145,-0.22495249069560952,0.28023538868242587,-0.13000972298710123,0.011452291375236975,0.0858434372006431,0.9877232513415147,0.006998816929891145,-0.22495249069560952,0.28023538868242587,-0.13000972298710123,0.011452291375236975,0.0858434372006431,0.9877232513415147,0.006998816940044696,-0.22495249075682894,0.28023538878916754,-0.13000972298204433,0.011452291375702172,0.08584343720054728,0.9877232513421833,0.0069988169400448,-0.22495249075682885,0.28023538878916743,-0.1300097229820443,0.011452291375702191,0.08584343720054718,0.9877232513421834,0.0069988169400448,-0.22495249075682885,0.28023538878916743,-0.1300097229820443,0.011452291375702191,0.08584343720054718,0.9877232513421834,0.14289459867500995,-0.5114106861434556,0.7777399675562217,-0.07045882235020899,0.5252748074965435,-0.02379980516405522,0.14289459867501142,-0.5114106861434561,0.7777399675562227,-0.07045882235020573,0.525274807496544,-0.023799805164051956,0.14289459867501142,-0.5114106861434561,0.7777399675562227,-0.07045882235020573,0.525274807496544,-0.023799805164051956,-8.984142406209417e-15,2.3086814496089255e-14,-4.527825151695071e-14,-2.2707721802068752e-14,-2.2125499277784685e-14,-2.3085614937791473e-14,-3.607690497955273e-14,-1.5941544884512474e-13,3.022803219713211e-13,-5.745440329645376e-14,1.5067621958781035e-13,-5.507035871471792e-14,1.0,True,False,1,True,True,0.0012261999945621938,1,1.2346941379384694e-10,1.0246002022868926e-11,`gtol` termination condition is satisfied.,True,True,0.010000000000001563,3.497202527569243e-15,1.0,1.734723475976807e-16,2.286489587811224e-16,1.2346928508647587e-10,1.0246060938970126e-11
23.830000000000926,1786132522.7946234,0.004913299999316223,0.00454929999250453,0.01,TELEOP,0,,0.0,23.830000000000926,2383,0.08,0.0,0.0,0.0,0.0,0.17364817766693036,0.9848077530122081,0.08,0.0,0.0,0.0,0.0,0.17364817766693036,0.9848077530122081,0.006998816929891145,-0.22495249069560952,0.28023538868242587,-0.13000972298710123,0.011452291375236975,0.0858434372006431,0.9877232513415147,0.006998816929891145,-0.22495249069560952,0.28023538868242587,-0.13000972298710123,0.011452291375236975,0.0858434372006431,0.9877232513415147,0.006998816940044696,-0.22495249075682894,0.28023538878916754,-0.13000972298204433,0.011452291375702172,0.08584343720054728,0.9877232513421833,0.006998816940044807,-0.22495249075682888,0.2802353887891675,-0.13000972298204436,0.01145229137570219,0.08584343720054718,0.9877232513421833,0.006998816940044807,-0.22495249075682888,0.2802353887891675,-0.13000972298204436,0.01145229137570219,0.08584343720054718,0.9877232513421833,0.14289459867500995,-0.5114106861434556,0.7777399675562217,-0.07045882235020899,0.5252748074965435,-0.02379980516405522,0.14289459867501134,-0.5114106861434559,0.7777399675562222,-0.07045882235020597,0.5252748074965438,-0.023799805164052192,0.14289459867501134,-0.5114106861434559,0.7777399675562222,-0.07045882235020597,0.5252748074965438,-0.023799805164052192,-9.257023252656127e-15,2.1471308572699664e-14,-4.2198953280928393e-14,-2.308018952331058e-14,-2.0590102955920486e-14,-2.3429000902550814e-14,-2.7288084644666842e-14,-1.615505923389339e-13,3.0792982360218364e-13,-3.724677212417691e-14,1.535396321863958e-13,-3.433859647592877e-14,1.0,True,False,1,True,True,0.0011673000117298216,1,1.2346941379384694e-10,1.0246002022868926e-11,`gtol` termination condition is satisfied.,True,True,0.010000000000001563,3.264749581788351e-15,1.0,1.3597399555105182e-16,1.8255080018469249e-16,1.2346934740950551e-10,1.0245894030704644e-11
23.840000000000927,1786132522.7993112,0.004771100007928908,0.004466200000024401,0.01,TELEOP,0,,0.0,23.840000000000927,2384,0.08,0.0,0.0,0.0,0.0,0.17364817766693036,0.9848077530122081,0.08,0.0,0.0,0.0,0.0,0.17364817766693036,0.9848077530122081,0.006998816929891145,-0.22495249069560952,0.28023538868242587,-0.13000972298710123,0.011452291375236975,0.0858434372006431,0.9877232513415147,0.006998816929891145,-0.22495249069560952,0.28023538868242587,-0.13000972298710123,0.011452291375236975,0.0858434372006431,0.9877232513415147,0.006998816940044696,-0.22495249075682894,0.28023538878916754,-0.13000972298204433,0.011452291375702172,0.08584343720054728,0.9877232513421833,0.006998816940044797,-0.2249524907568289,0.2802353887891675,-0.13000972298204427,0.01145229137570219,0.0858434372005472,0.9877232513421833,0.006998816940044797,-0.2249524907568289,0.2802353887891675,-0.13000972298204427,0.01145229137570219,0.0858434372005472,0.9877232513421833,0.14289459867500995,-0.5114106861434556,0.7777399675562217,-0.07045882235020899,0.5252748074965435,-0.02379980516405522,0.14289459867501125,-0.5114106861434556,0.7777399675562218,-0.0704588223502062,0.5252748074965435,-0.023799805164052428,0.14289459867501125,-0.5114106861434556,0.7777399675562218,-0.0704588223502062,0.5252748074965435,-0.023799805164052428,-9.449339912699707e-15,1.9836230500616817e-14,-3.906786794662316e-14,-2.3257783272828858e-14,-1.9028458685235918e-14,-2.3579936375293483e-14,-1.9231666004354894e-14,-1.6350780720825892e-13,3.131085334304742e-13,-1.775937495182515e-14,1.5616442706843244e-13,-1.5093547274264408e-14,1.0,True,False,1,True,True,0.0011672999971779063,1,1.2346941379384694e-10,1.0246002022868926e-11,`gtol` termination condition is satisfied.,True,True,0.010000000000001563,3.028827189055505e-15,1.0,1.182160275045642e-16,1.82697041879098e-16,1.2346936031551226e-10,1.024605980709396e-11
23.85000000000093,1786132522.8047519,0.004673499992350116,0.005233399991993792,0.01,TELEOP,0,,0.0,23.85000000000093,2385,0.08,0.0,0.0,0.0,0.0,0.17364817766693036,0.9848077530122081,0.08,0.0,0.0,0.0,0.0,0.17364817766693036,0.9848077530122081,0.006998816929891145,-0.22495249069560952,0.28023538868242587,-0.13000972298710123,0.011452291375236975,0.0858434372006431,0.9877232513415147,0.006998816929891145,-0.22495249069560952,0.28023538868242587,-0.13000972298710123,0.011452291375236975,0.0858434372006431,0.9877232513415147,0.006998816940044696,-0.22495249075682894,0.28023538878916754,-0.13000972298204433,0.011452291375702172,0.08584343720054728,0.9877232513421833,0.0069988169400447935,-0.22495249075682894,0.2802353887891675,-0.13000972298204427,0.01145229137570219,0.0858434372005472,0.9877232513421833,0.0069988169400447935,-0.22495249075682894,0.2802353887891675,-0.13000972298204427,0.01145229137570219,0.0858434372005472,0.9877232513421833,0.14289459867500995,-0.5114106861434556,0.7777399675562217,-0.07045882235020899,0.5252748074965435,-0.02379980516405522,0.14289459867501117,-0.5114106861434554,0.7777399675562214,-0.07045882235020644,0.5252748074965433,-0.023799805164052664,0.14289459867501117,-0.5114106861434554,0.7777399675562214,-0.07045882235020644,0.5252748074965433,-0.023799805164052664,-9.567806068540416e-15,1.8183211292231825e-14,-3.588931110555859e-14,-2.325674254826722e-14,-1.7442753794799342e-14,-2.355445889702087e-14,-1.1846615584069042e-14,-1.6530192083847349e-13,3.1785568410640723e-13,1.0407245616369338e-16,1.5857048904363265e-13,2.5477478272609953e-15,1.0,True,False,1,True,True,0.0018220999918412417,1,1.2346941379384694e-10,1.0246002022868926e-11,`gtol` termination condition is satisfied.,True,True,0.010000000000001563,2.7929047963226594e-15,1.0,1.1188630228279524e-16,1.82697041879098e-16,1.2346937379215267e-10,1.024605980709396e-11
23.86000000000093,1786132522.8095355,0.005513199997949414,0.004503499993006699,0.01,TELEOP,0,,0.0,23.86000000000093,2386,0.08,0.0,0.0,0.0,0.0,0.17364817766693036,0.9848077530122081,0.08,0.0,0.0,0.0,0.0,0.17364817766693036,0.9848077530122081,0.006998816929891145,-0.22495249069560952,0.28023538868242587,-0.13000972298710123,0.011452291375236975,0.0858434372006431,0.9877232513415147,0.006998816929891145,-0.22495249069560952,0.28023538868242587,-0.13000972298710123,0.011452291375236975,0.0858434372006431,0.9877232513415147,0.006998816940044696,-0.22495249075682894,0.28023538878916754,-0.13000972298204433,0.011452291375702172,0.08584343720054728,0.9877232513421833,0.00699881694004478,-0.22495249075682894,0.28023538878916754,-0.13000972298204433,0.011452291375702191,0.08584343720054723,0.9877232513421833,0.00699881694004478,-0.22495249075682894,0.28023538878916754,-0.13000972298204433,0.011452291375702191,0.08584343720054723,0.9877232513421833,0.14289459867500995,-0.5114106861434556,0.7777399675562217,-0.07045882235020899,0.5252748074965435,-0.02379980516405522,0.1428945986750111,-0.5114106861434553,0.7777399675562211,-0.07045882235020667,0.5252748074965432,-0.023799805164052897,0.1428945986750111,-0.5114106861434553,0.7777399675562211,-0.07045882235020667,0.5252748074965432,-0.023799805164052897,-9.618575928861828e-15,1.651374604223653e-14,-3.274433753778583e-14,-2.3091953555798995e-14,-1.583499333625676e-14,-2.336726954698425e-14,-5.076986032140441e-15,-1.6694652499950348e-13,3.144973567772266e-13,1.6478899246819878e-14,1.607760458542328e-13,1.8718935003659072e-14,1.0,True,False,1,True,True,0.0011455000058049336,1,1.2346941379384694e-10,1.0246002022868926e-11,`gtol` termination condition is satisfied.,True,True,0.010000000000001563,2.5569824035898137e-15,1.0,8.326672684688674e-17,9.394072210489554e-17,1.2346942064134403e-10,1.0245948036868725e-11
23.870000000000932,1786132522.8142304,0.0047196000086842105,0.004478800008655526,0.01,TELEOP,0,,0.0,23.870000000000932,2387,0.08,0.0,0.0,0.0,0.0,0.17364817766693036,0.9848077530122081,0.08,0.0,0.0,0.0,0.0,0.17364817766693036,0.9848077530122081,0.006998816929891145,-0.22495249069560952,0.28023538868242587,-0.13000972298710123,0.011452291375236975,0.0858434372006431,0.9877232513415147,0.006998816929891145,-0.22495249069560952,0.28023538868242587,-0.13000972298710123,0.011452291375236975,0.0858434372006431,0.9877232513415147,0.006998816940044696,-0.22495249075682894,0.28023538878916754,-0.13000972298204433,0.011452291375702172,0.08584343720054728,0.9877232513421833,0.00699881694004478,-0.22495249075682897,0.28023538878916754,-0.13000972298204436,0.011452291375702181,0.08584343720054723,0.9877232513421833,0.00699881694004478,-0.22495249075682897,0.28023538878916754,-0.13000972298204436,0.011452291375702181,0.08584343720054723,0.9877232513421833,0.14289459867500995,-0.5114106861434556,0.7777399675562217,-0.07045882235020899,0.5252748074965435,-0.02379980516405522,0.142894598675011,-0.5114106861434552,0.7777399675562208,-0.0704588223502069,0.5252748074965431,-0.023799805164053126,0.142894598675011,-0.5114106861434552,0.7777399675562208,-0.0704588223502069,0.5252748074965431,-0.023799805164053126,-9.607290851623886e-15,1.4906304075252994e-14,-2.9630148637197235e-14,-2.27770619844164e-14,-1.4284114094771548e-14,-2.3034253652658373e-14,1.1285077237940205e-15,-1.607441966983285e-13,3.11418890058811e-13,3.148915713825451e-14,1.5508792414849711e-13,3.330158943258253e-14,1.0,True,False,1,True,True,0.0011621000012382865,1,1.2346941379384694e-10,1.0246002022868926e-11,`gtol` termination condition is satisfied.,True,True,0.010000000000001563,2.3245294578089215e-15,1.0,8.777083671441753e-17,1.0453958082860661e-16,1.2346943440329802e-10,1.0245890754674985e-11
23.880000000000933,1786132522.8190591,0.004690499990829267,0.004617099999450147,0.01,TELEOP,0,,0.0,23.880000000000933,2388,0.08,0.0,0.0,0.0,0.0,0.17364817766693036,0.9848077530122081,0.08,0.0,0.0,0.0,0.0,0.17364817766693036,0.9848077530122081,0.006998816929891145,-0.22495249069560952,0.28023538868242587,-0.13000972298710123,0.011452291375236975,0.0858434372006431,0.9877232513415147,0.006998816929891145,-0.22495249069560952,0.28023538868242587,-0.13000972298710123,0.011452291375236975,0.0858434372006431,0.9877232513415147,0.006998816940044696,-0.22495249075682894,0.28023538878916754,-0.13000972298204433,0.011452291375702172,0.08584343720054728,0.9877232513421833,0.006998816940044776,-0.22495249075682897,0.2802353887891676,-0.13000972298204433,0.011452291375702188,0.08584343720054725,0.9877232513421833,0.006998816940044776,-0.22495249075682897,0.2802353887891676,-0.13000972298204433,0.011452291375702188,0.08584343720054725,0.9877232513421833,0.14289459867500995,-0.5114106861434556,0.7777399675562217,-0.07045882235020899,0.5252748074965435,-0.02379980516405522,0.14289459867501092,-0.5114106861434551,0.7777399675562205,-0.07045882235020712,0.525274807496543,-0.02379980516405335,0.14289459867501092,-0.5114106861434551,0.7777399675562205,-0.07045882235020712,0.525274807496543,-0.02379980516405335,-9.539122081623203e-15,1.3355716784363569e-14,-2.6544179014860784e-14,-2.233421373500662e-14,-1.2785375968922251e-14,-2.2569972764228424e-14,6.81687700006719e-15,-1.550587290889182e-13,3.085969622335968e-13,4.428482494097117e-14,1.4987381258490615e-13,4.6428088842987606e-14,1.0,True,False,1,True,True,0.0012329000019235536,1,1.2346941379384694e-10,1.0246002022868926e-11,`gtol` termination condition is satisfied.,True,True,0.010000000000001563,2.095545958979983e-15,1.0,1.0109137335799118e-16,6.391020052142865e-17,1.2346948210843238e-10,1.0245946731351349e-11
23.890000000000935,1786132522.8243906,0.0048359000065829605,0.005112899991218001,0.01,TELEOP,0,,0.0,23.890000000000935,2389,0.08,0.0,0.0,0.0,0.0,0.17364817766693036,0.9848077530122081,0.08,0.0,0.0,0.0,0.0,0.17364817766693036,0.9848077530122081,0.006998816929891145,-0.22495249069560952,0.28023538868242587,-0.13000972298710123,0.011452291375236975,0.0858434372006431,0.9877232513415147,0.006998816929891145,-0.22495249069560952,0.28023538868242587,-0.13000972298710123,0.011452291375236975,0.0858434372006431,0.9877232513415147,0.006998816940044696,-0.22495249075682894,0.28023538878916754,-0.13000972298204433,0.011452291375702172,0.08584343720054728,0.9877232513421833,0.006998816940044762,-0.22495249075682894,0.28023538878916765,-0.13000972298204433,0.011452291375702185,0.08584343720054727,0.9877232513421833,0.006998816940044762,-0.22495249075682894,0.28023538878916765,-0.13000972298204433,0.011452291375702185,0.08584343720054727,0.9877232513421833,0.14289459867500995,-0.5114106861434556,0.7777399675562217,-0.07045882235020899,0.5252748074965435,-0.02379980516405522,0.14289459867501084,-0.511410686143455,0.7777399675562203,-0.07045882235020734,0.5252748074965429,-0.02379980516405357,0.14289459867501084,-0.511410686143455,0.7777399675562203,-0.07045882235020734,0.5252748074965429,-0.02379980516405357,-9.418809926590009e-15,1.1857246279893747e-14,-2.3561175885410004e-14,-2.177407186407192e-14,-1.1334433865739213e-14,-2.1987774969364157e-14,1.203121550331752e-14,-1.498470504469588e-13,2.9830031294503133e-13,5.601418709346131e-14,1.4509421031828117e-13,5.821977948641755e-14,1.0,True,False,1,True,True,0.0015774999919813126,1,1.2346941379384694e-10,1.0246002022868926e-11,`gtol` termination condition is satisfied.,True,True,0.010000000000001563,1.8735013540549517e-15,1.0,1.2911750880923164e-16,3.723094060710314e-17,1.2346951519569103e-10,1.0245945212803596e-11
23.900000000000936,1786132522.8290505,0.005338699993444607,0.004433699999935925,0.01,TELEOP,0,,0.0,23.900000000000936,2390,0.08,0.0,0.0,0.0,0.0,0.17364817766693036,0.9848077530122081,0.08,0.0,0.0,0.0,0.0,0.17364817766693036,0.9848077530122081,0.006998816929891145,-0.22495249069560952,0.28023538868242587,-0.13000972298710123,0.011452291375236975,0.0858434372006431,0.9877232513415147,0.006998816929891145,-0.22495249069560952,0.28023538868242587,-0.13000972298710123,0.011452291375236975,0.0858434372006431,0.9877232513415147,0.006998816940044696,-0.22495249075682894,0.28023538878916754,-0.13000972298204433,0.011452291375702172,0.08584343720054728,0.9877232513421833,0.006998816940044769,-0.22495249075682897,0.28023538878916765,-0.13000972298204425,0.011452291375702185,0.08584343720054727,0.9877232513421834,0.006998816940044769,-0.22495249075682897,0.28023538878916765,-0.13000972298204425,0.011452291375702185,0.08584343720054727,0.9877232513421834,0.14289459867500995,-0.5114106861434556,0.7777399675562217,-0.07045882235020899,0.5252748074965435,-0.02379980516405522,0.14289459867501075,-0.5114106861434549,0.7777399675562201,-0.07045882235020755,0.5252748074965428,-0.02379980516405378,0.14289459867501075,-0.5114106861434549,0.7777399675562201,-0.07045882235020755,0.5252748074965428,-0.02379980516405378,-9.250699668610346e-15,1.040654949630856e-14,-2.0672558707771086e-14,-2.110641084007271e-14,-9.927304783333577e-15,-2.130230535325726e-14,1.6811025797963595e-14,-1.4506967835849609e-13,2.8886171776384645e-13,6.676610239991042e-14,1.4071290824054163e-13,6.854696161067906e-14,1.0,True,False,1,True,True,0.0011418999929446727,1,1.2346941379384694e-10,1.0246002022868926e-11,`gtol` termination condition is satisfied.,True,True,0.010000000000001563,1.6514567491299204e-15,1.0,1.3566380516206423e-16,2.3011827791861066e-16,1.234695295282603e-10,1.0246167152724716e-11
23.910000000000938,1786132522.834539,0.004684400002588518,0.005237999997916631,0.01,TELEOP,0,,0.0,23.910000000000938,2391,0.08,0.0,0.0,0.0,0.0,0.17364817766693036,0.9848077530122081,0.08,0.0,0.0,0.0,0.0,0.17364817766693036,0.9848077530122081,0.006998816929891145,-0.22495249069560952,0.28023538868242587,-0.13000972298710123,0.011452291375236975,0.0858434372006431,0.9877232513415147,0.006998816929891145,-0.22495249069560952,0.28023538868242587,-0.13000972298710123,0.011452291375236975,0.0858434372006431,0.9877232513415147,0.006998816940044696,-0.22495249075682894,0.28023538878916754,-0.13000972298204433,0.011452291375702172,0.08584343720054728,0.9877232513421833,0.006998816940044755,-0.22495249075682902,0.28023538878916765,-0.13000972298204433,0.011452291375702178,0.08584343720054725,0.9877232513421833,0.006998816940044755,-0.22495249075682902,0.28023538878916765,-0.13000972298204433,0.011452291375702178,0.08584343720054725,0.9877232513421833,0.14289459867500995,-0.5114106861434556,0.7777399675562217,-0.07045882235020899,0.5252748074965435,-0.02379980516405522,0.14289459867501067,-0.5114106861434548,0.7777399675562199,-0.07045882235020776,0.5252748074965427,-0.023799805164053986,0.14289459867501067,-0.5114106861434548,0.7777399675562199,-0.07045882235020776,0.5252748074965427,-0.023799805164053986,-9.038774482929755e-15,8.999645290200953e-15,-1.787046198595971e-14,-2.0349827945075357e-14,-8.56033763664056e-15,-2.0526988577333443e-14,2.1192518568055763e-14,-1.4069042061073867e-13,2.802096721810937e-13,7.565828949972373e-14,1.3669671466928048e-13,7.753167759236952e-14,1.0,True,False,1,True,True,0.0011367999977665022,1,1.2346941379384694e-10,1.0246002022868926e-11,`gtol` termination condition is satisfied.,True,True,0.010000000000001563,1.5543122344752192e-15,1.0,1.507912809346807e-16,5.693290035411343e-17,1.2346955591091026e-10,1.0245944911541773e-11
23.92000000000094,1786132522.8393354,0.005464000001666136,0.004570499993860722,0.01,TELEOP,0,,0.0,23.92000000000094,2392,0.08,0.0,0.0,0.0,0.0,0.17364817766693036,0.9848077530122081,0.08,0.0,0.0,0.0,0.0,0.17364817766693036,0.9848077530122081,0.006998816929891145,-0.22495249069560952,0.28023538868242587,-0.13000972298710123,0.011452291375236975,0.0858434372006431,0.9877232513415147,0.006998816929891145,-0.22495249069560952,0.28023538868242587,-0.13000972298710123,0.011452291375236975,0.0858434372006431,0.9877232513415147,0.006998816940044696,-0.22495249075682894,0.28023538878916754,-0.13000972298204433,0.011452291375702172,0.08584343720054728,0.9877232513421833,0.006998816940044752,-0.224952490756829,0.28023538878916765,-0.1300097229820443,0.011452291375702181,0.08584343720054728,0.9877232513421833,0.006998816940044752,-0.224952490756829,0.28023538878916765,-0.1300097229820443,0.011452291375702181,0.08584343720054728,0.9877232513421833,0.14289459867500995,-0.5114106861434556,0.7777399675562217,-0.07045882235020899,0.5252748074965435,-0.02379980516405522,0.1428945986750106,-0.5114106861434546,0.7777399675562198,-0.07045882235020795,0.5252748074965425,-0.023799805164054184,0.1428945986750106,-0.5114106861434546,0.7777399675562198,-0.07045882235020795,0.5252748074965425,-0.023799805164054184,-8.786685613523313e-15,7.632884280114462e-15,-1.5147675681990245e-14,-1.9511733334996366e-14,-7.230185597684107e-15,-1.9674130581232943e-14,2.5208886940640194e-14,-1.3667610100862776e-13,2.722786303969039e-13,8.380946100788583e-14,1.3301520389562447e-13,8.528579961003656e-14,1.0,True,False,1,True,True,0.0011723999923560768,1,1.2346941379384694e-10,1.0246002022868926e-11,`gtol` termination condition is satisfied.,True,True,0.010000000000001563,1.7763568394002505e-15,1.0,1.3597399555105182e-16,5.896146209937357e-17,1.234695418636448e-10,1.0245999590395521e-11
23.93000000000094,1786132522.8438818,0.004794899999978952,0.004321499989600852,0.01,TELEOP,0,,0.0,23.93000000000094,2393,0.08,0.0,0.0,0.0,0.0,0.17364817766693036,0.9848077530122081,0.08,0.0,0.0,0.0,0.0,0.17364817766693036,0.9848077530122081,0.006998816929891145,-0.22495249069560952,0.28023538868242587,-0.13000972298710123,0.011452291375236975,0.0858434372006431,0.9877232513415147,0.006998816929891145,-0.22495249069560952,0.28023538868242587,-0.13000972298710123,0.011452291375236975,0.0858434372006431,0.9877232513415147,0.006998816940044696,-0.22495249075682894,0.28023538878916754,-0.13000972298204433,0.011452291375702172,0.08584343720054728,0.9877232513421833,0.006998816940044752,-0.22495249075682902,0.28023538878916765,-0.13000972298204413,0.011452291375702185,0.0858434372005473,0.9877232513421834,0.006998816940044752,-0.22495249075682902,0.28023538878916765,-0.13000972298204413,0.011452291375702185,0.0858434372005473,0.9877232513421834,0.14289459867500995,-0.5114106861434556,0.7777399675562217,-0.07045882235020899,0.5252748074965435,-0.02379980516405522,0.1428945986750105,-0.5114106861434545,0.7777399675562197,-0.07045882235020813,0.5252748074965424,-0.02379980516405437,0.1428945986750105,-0.5114106861434545,0.7777399675562197,-0.07045882235020813,0.5252748074965424,-0.02379980516405437,-8.497780034034843e-15,6.302921199713992e-15,-1.2574689415530401e-14,-1.860855700540353e-14,-5.933780740819506e-15,-1.875501180962598e-14,2.889055794884254e-14,-1.3299630804002612e-13,2.5729862664594416e-13,9.031763295926942e-14,1.2964048568643987e-13,9.191187716068211e-14,1.0,True,False,1,True,True,0.0011116000096080825,1,1.2346941379384694e-10,1.0246002022868926e-11,`gtol` termination condition is satisfied.,True,True,0.010000000000001563,1.887379141862766e-15,1.0,1.4946834900704541e-16,4.462222102707276e-16,1.2346955562559775e-10,1.0246388230405553e-11
23.940000000000943,1786132522.848411,0.004520500006037764,0.004324499997892417,0.01,TELEOP,0,,0.0,23.940000000000943,2394,0.08,0.0,0.0,0.0,0.0,0.17364817766693036,0.9848077530122081,0.08,0.0,0.0,0.0,0.0,0.17364817766693036,0.9848077530122081,0.006998816929891145,-0.22495249069560952,0.28023538868242587,-0.13000972298710123,0.011452291375236975,0.0858434372006431,0.9877232513415147,0.006998816929891145,-0.22495249069560952,0.28023538868242587,-0.13000972298710123,0.011452291375236975,0.0858434372006431,0.9877232513415147,0.006998816940044696,-0.22495249075682894,0.28023538878916754,-0.13000972298204433,0.011452291375702172,0.08584343720054728,0.9877232513421833,0.006998816940044745,-0.22495249075682902,0.28023538878916765,-0.13000972298204425,0.011452291375702178,0.0858434372005473,0.9877232513421834,0.006998816940044745,-0.22495249075682902,0.28023538878916765,-0.13000972298204425,0.011452291375702178,0.0858434372005473,0.9877232513421834,0.14289459867500995,-0.5114106861434556,0.7777399675562217,-0.07045882235020899,0.5252748074965435,-0.02379980516405522,0.14289459867501042,-0.5114106861434545,0.7777399675562195,-0.07045882235020831,0.5252748074965424,-0.023799805164054548,0.14289459867501042,-0.5114106861434545,0.7777399675562195,-0.07045882235020831,0.5252748074965424,-0.023799805164054548,-8.175125803637846e-15,5.0066895548590426e-15,-1.0139019850121042e-14,-1.765535978556732e-14,-4.6683108008724346e-15,-1.7782382008287992e-14,3.2265423039694637e-14,-1.2962316448547471e-13,2.4356695654089787e-13,9.531972198360606e-14,1.2654699399468734e-13,9.726298013378348e-14,1.0,True,False,1,True,True,0.001097699991078116,1,1.2346941379384694e-10,1.0246002022868926e-11,`gtol` termination condition is satisfied.,True,True,0.010000000000001563,1.9984014443252818e-15,1.0,1.4703252574089423e-16,2.229313717716671e-16,1.2346955505497305e-10,1.024616537600615e-11
23.950000000000944,1786132522.8536103,0.004550500001641922,0.004979100005584769,0.01,TELEOP,0,,0.0,23.950000000000944,2395,0.08,0.0,0.0,0.0,0.0,0.17364817766693036,0.9848077530122081,0.08,0.0,0.0,0.0,0.0,0.17364817766693036,0.9848077530122081,0.006998816929891145,-0.22495249069560952,0.28023538868242587,-0.13000972298710123,0.011452291375236975,0.0858434372006431,0.9877232513415147,0.006998816929891145,-0.22495249069560952,0.28023538868242587,-0.13000972298710123,0.011452291375236975,0.0858434372006431,0.9877232513415147,0.006998816940044696,-0.22495249075682894,0.28023538878916754,-0.13000972298204433,0.011452291375702172,0.08584343720054728,0.9877232513421833,0.006998816940044741,-0.224952490756829,0.28023538878916765,-0.13000972298204422,0.011452291375702176,0.08584343720054731,0.9877232513421834,0.006998816940044741,-0.224952490756829,0.28023538878916765,-0.13000972298204422,0.011452291375702176,0.08584343720054731,0.9877232513421834,0.14289459867500995,-0.5114106861434556,0.7777399675562217,-0.07045882235020899,0.5252748074965435,-0.02379980516405522,0.14289459867501034,-0.5114106861434545,0.7777399675562194,-0.07045882235020848,0.5252748074965424,-0.023799805164054715,0.14289459867501034,-0.5114106861434545,0.7777399675562194,-0.07045882235020848,0.5252748074965424,-0.023799805164054715,-7.821535309908034e-15,3.818477213742023e-15,-7.829223927341292e-15,-1.6656310083008018e-14,-3.508296689254303e-15,-1.6767928444179806e-14,3.535904937297569e-14,-1.1882123411168345e-13,2.3097959227793906e-13,9.990497025591458e-14,1.1600141116179506e-13,1.0144535641080263e-13,1.0,True,False,1,True,True,0.0016204999992623925,1,1.2346941379384694e-10,1.0246002022868926e-11,`gtol` termination condition is satisfied.,True,True,0.010000000000001563,2.1094237467877974e-15,1.0,1.3206704001701902e-16,2.8036051051334615e-16,1.2346954100770777e-10,1.0246219774240152e-11
23.960000000000946,1786132522.858652,0.005209599999943748,0.004811899998458102,0.01,TELEOP,0,,0.0,23.960000000000946,2396,0.08,0.0,0.0,0.0,0.0,0.17364817766693036,0.9848077530122081,0.08,0.0,0.0,0.0,0.0,0.17364817766693036,0.9848077530122081,0.006998816929891145,-0.22495249069560952,0.28023538868242587,-0.13000972298710123,0.011452291375236975,0.0858434372006431,0.9877232513415147,0.006998816929891145,-0.22495249069560952,0.28023538868242587,-0.13000972298710123,0.011452291375236975,0.0858434372006431,0.9877232513415147,0.006998816940044696,-0.22495249075682894,0.28023538878916754,-0.13000972298204433,0.011452291375702172,0.08584343720054728,0.9877232513421833,0.0069988169400447345,-0.22495249075682902,0.2802353887891677,-0.13000972298204436,0.011452291375702174,0.0858434372005473,0.9877232513421833,0.0069988169400447345,-0.22495249075682902,0.2802353887891677,-0.13000972298204436,0.011452291375702174,0.0858434372005473,0.9877232513421833,0.14289459867500995,-0.5114106861434556,0.7777399675562217,-0.07045882235020899,0.5252748074965435,-0.02379980516405522,0.14289459867501025,-0.5114106861434545,0.7777399675562193,-0.07045882235020863,0.5252748074965424,-0.02379980516405487,0.14289459867501025,-0.5114106861434545,0.7777399675562193,-0.07045882235020863,0.5252748074965424,-0.02379980516405487,-7.439586574789808e-15,2.7292825677181027e-15,-5.634812176972013e-15,-1.5624866290596865e-14,-2.44495042027103e-15,-1.5722364445348845e-14,3.8194873511816615e-14,-1.0891946460237496e-13,2.1944117503689364e-13,1.0314437924109912e-13,1.0633462689831064e-13,1.0455639988307979e-13,1.0,True,False,1,True,True,0.0013218999956734478,1,1.2346941379384694e-10,1.0246002022868926e-11,`gtol` termination condition is satisfied.,True,True,0.010000000000001563,2.220446049250313e-15,1.0,1.9006110469902328e-16,6.19678215343914e-17,1.2346960218948777e-10,1.0245887068254591e-11
23.970000000000947,1786132522.8632493,0.005021699995268136,0.004387199995107949,0.01,TELEOP,0,,0.0,23.970000000000947,2397,0.08,0.0,0.0,0.0,0.0,0.17364817766693036,0.9848077530122081,0.08,0.0,0.0,0.0,0.0,0.17364817766693036,0.9848077530122081,0.006998816929891145,-0.22495249069560952,0.28023538868242587,-0.13000972298710123,0.011452291375236975,0.0858434372006431,0.9877232513415147,0.006998816929891145,-0.22495249069560952,0.28023538868242587,-0.13000972298710123,0.011452291375236975,0.0858434372006431,0.9877232513415147,0.006998816940044696,-0.22495249075682894,0.28023538878916754,-0.13000972298204433,0.011452291375702172,0.08584343720054728,0.9877232513421833,0.0069988169400447275,-0.22495249075682902,0.2802353887891677,-0.13000972298204436,0.011452291375702172,0.0858434372005473,0.9877232513421833,0.0069988169400447275,-0.22495249075682902,0.2802353887891677,-0.13000972298204436,0.011452291375702172,0.0858434372005473,0.9877232513421833,0.14289459867500995,-0.5114106861434556,0.7777399675562217,-0.07045882235020899,0.5252748074965435,-0.02379980516405522,0.14289459867501017,-0.5114106861434545,0.7777399675562193,-0.07045882235020878,0.5252748074965424,-0.023799805164055016,0.14289459867501017,-0.5114106861434545,0.7777399675562193,-0.07045882235020878,0.5252748074965424,-0.023799805164055016,-7.031642785065537e-15,1.7308541421961903e-15,-3.546169251312332e-15,-1.4573365268465832e-14,-1.4702163403697108e-15,-1.4655510562505244e-14,4.0794378972420756e-14,-9.984284255217562e-14,2.0886429256593544e-13,1.0515010221308666e-13,9.747340799011669e-14,1.066853882843435e-13,1.0,True,False,1,True,True,0.0011074000067310408,1,1.2346941379384694e-10,1.0246002022868926e-11,`gtol` termination condition is satisfied.,True,True,0.010000000000001563,2.3314683517128287e-15,1.0,1.887902037535748e-16,6.207092946182722e-17,1.2346960161886426e-10,1.0245887050657428e-11
23.98000000000095,1786132522.8678887,0.004670700000133365,0.004355699988082051,0.01,TELEOP,0,,0.0,23.98000000000095,2398,0.08,0.0,0.0,0.0,0.0,0.17364817766693036,0.9848077530122081,0.08,0.0,0.0,0.0,0.0,0.17364817766693036,0.9848077530122081,0.006998816929891145,-0.22495249069560952,0.28023538868242587,-0.13000972298710123,0.011452291375236975,0.0858434372006431,0.9877232513415147,0.006998816929891145,-0.22495249069560952,0.28023538868242587,-0.13000972298710123,0.011452291375236975,0.0858434372006431,0.9877232513415147,0.006998816940044696,-0.22495249075682894,0.28023538878916754,-0.13000972298204433,0.011452291375702172,0.08584343720054728,0.9877232513421833,0.0069988169400447275,-0.22495249075682902,0.2802353887891677,-0.13000972298204436,0.01145229137570217,0.0858434372005473,0.9877232513421833,0.0069988169400447275,-0.22495249075682902,0.2802353887891677,-0.13000972298204436,0.01145229137570217,0.0858434372005473,0.9877232513421833,0.14289459867500995,-0.5114106861434556,0.7777399675562217,-0.07045882235020899,0.5252748074965435,-0.02379980516405522,0.14289459867501011,-0.5114106861434545,0.7777399675562193,-0.07045882235020892,0.5252748074965424,-0.02379980516405515,0.14289459867501011,-0.5114106861434545,0.7777399675562193,-0.07045882235020892,0.5252748074965424,-0.02379980516405515,-6.599870195285724e-15,8.156280854677836e-16,-1.6315799027909851e-15,-1.3503478452424914e-14,-5.767101004601809e-16,-1.3576368967133293e-14,4.317725897797453e-14,-9.152260567282636e-14,1.9145893485210476e-13,1.0698868160407521e-13,8.935062399093902e-14,1.079141595371782e-13,1.0,True,False,1,True,True,0.0011137999972561374,1,1.2346941379384694e-10,1.0246002022868926e-11,`gtol` termination condition is satisfied.,True,True,0.010000000000001563,2.3314683517128287e-15,1.0,1.887902037535748e-16,6.198147802031964e-17,1.2346960161886426e-10,1.024588659939746e-11
23.99000000000095,1786132522.8726616,0.004563499998766929,0.004565499999444,0.01,TELEOP,0,,0.0,23.99000000000095,2399,0.08,0.0,0.0,0.0,0.0,0.17364817766693036,0.9848077530122081,0.08,0.0,0.0,0.0,0.0,0.17364817766693036,0.9848077530122081,0.006998816929891145,-0.22495249069560952,0.28023538868242587,-0.13000972298710123,0.011452291375236975,0.0858434372006431,0.9877232513415147,0.006998816929891145,-0.22495249069560952,0.28023538868242587,-0.13000972298710123,0.011452291375236975,0.0858434372006431,0.9877232513415147,0.006998816940044696,-0.22495249075682894,0.28023538878916754,-0.13000972298204433,0.011452291375702172,0.08584343720054728,0.9877232513421833,0.006998816940044714,-0.22495249075682902,0.2802353887891677,-0.13000972298204436,0.011452291375702174,0.0858434372005473,0.9877232513421833,0.006998816940044714,-0.22495249075682902,0.2802353887891677,-0.13000972298204436,0.011452291375702174,0.0858434372005473,0.9877232513421833,0.14289459867500995,-0.5114106861434556,0.7777399675562217,-0.07045882235020899,0.5252748074965435,-0.02379980516405522,0.14289459867501006,-0.5114106861434545,0.7777399675562193,-0.07045882235020905,0.5252748074965424,-0.023799805164055277,0.14289459867501006,-0.5114106861434545,0.7777399675562193,-0.07045882235020905,0.5252748074965424,-0.023799805164055277,-6.1655292440769664e-15,-2.332913319991061e-17,1.2346033335355793e-16,-1.2426375344610914e-14,2.4233728612354324e-16,-1.249319164976026e-14,4.343409512086899e-14,-8.389572186675631e-14,1.7550402361442687e-13,1.0771031078138316e-13,8.190473865835961e-14,1.0831773173728633e-13,1.0,True,False,1,True,True,0.0010999000078300014,1,1.2346941379384694e-10,1.0246002022868926e-11,`gtol` termination condition is satisfied.,True,True,0.010000000000001563,2.3314683517128287e-15,1.0,1.869964319252663e-16,6.19678215343914e-17,1.234696004776184e-10,1.0245887068254591e-11
24.000000000000952,1786132522.8755653,0.004782999996677972,0.0026855000032810494,0.01,HOLD,32,deadman released,0.0,24.000000000000952,2400,0.0,0.0,0.0,0.0,0.0,0.0,1.0,0.0,0.0,0.0,0.0,0.0,0.0,1.0,0.006998816940044714,-0.22495249075682902,0.2802353887891677,-0.13000972298204436,0.011452291375702174,0.0858434372005473,0.9877232513421833,0.006998816940044714,-0.22495249075682902,0.2802353887891677,-0.13000972298204436,0.011452291375702174,0.0858434372005473,0.9877232513421833,0.006998816940044714,-0.22495249075682902,0.2802353887891677,-0.13000972298204436,0.011452291375702174,0.0858434372005473,0.9877232513421833,0.006998816940044714,-0.22495249075682902,0.2802353887891677,-0.13000972298204436,0.011452291375702167,0.0858434372005473,0.9877232513421833,0.006998816940044714,-0.22495249075682902,0.2802353887891677,-0.13000972298204436,0.011452291375702167,0.0858434372005473,0.9877232513421833,0.14289459867501006,-0.5114106861434545,0.7777399675562193,-0.07045882235020905,0.5252748074965424,-0.023799805164055277,0.14289459867501,-0.5114106861434545,0.7777399675562193,-0.07045882235020916,0.5252748074965424,-0.02379980516405539,0.14289459867501,-0.5114106861434545,0.7777399675562193,-0.07045882235020916,0.5252748074965424,-0.02379980516405539,-5.651735140403805e-15,-2.138503876658442e-17,1.131719722407598e-16,-1.1390844065893176e-14,2.221425122799115e-16,-1.145209234561341e-14,5.1379410367308055e-14,1.9440944333258869e-16,-1.0288361112796518e-15,1.0355312787175762e-13,-2.0194773843628583e-15,1.0410993041466885e-13,0.0,False,False,1,False,,0.0,0,,,,True,True,0.010000000000001563,2.3314683517128287e-15,1.0,0.0,1.410629943348704e-17,0.0,1.410629943348704e-17
